,BFLARE,BFLARE_LOC,CFLARE,CFLARE_LOC,MFLARE,MFLARE_LOC,XFLARE,XFLARE_LOC,st,et
6900,0.0,0.0,0.0,0.0,0.0,0.0,0.0,0.0,2016-12-30 08:24:00,2017-01-01 01:36:00
3447,0.0,0.0,0.0,0.0,0.0,0.0,0.0,0.0,2013-11-30 04:24:00,2013-12-04 10:12:00
5442,0.0,0.0,0.0,0.0,0.0,0.0,0.0,0.0,2015-04-07 12:00:00,2015-04-12 14:48:00
4041,0.0,0.0,0.0,0.0,0.0,0.0,0.0,0.0,2014-04-18 21:36:00,2014-04-26 00:36:00
2516,0.0,0.0,0.0,0.0,0.0,0.0,0.0,0.0,2013-03-01 00:00:00,2013-03-06 18:36:00
6693,15.0,8.0,6.0,3.0,0.0,0.0,0.0,0.0,2016-08-04 08:36:00,2016-08-09 03:48:00
4224,0.0,0.0,0.0,0.0,0.0,0.0,0.0,0.0,2014-06-09 08:48:00,2014-06-16 01:36:00
5850,0.0,0.0,0.0,0.0,0.0,0.0,0.0,0.0,2015-08-03 20:12:00,2015-08-07 20:48:00
1445,0.0,0.0,0.0,0.0,0.0,0.0,0.0,0.0,2012-03-01 11:12:00,2012-03-06 22:24:00
5484,0.0,0.0,0.0,0.0,0.0,0.0,0.0,0.0,2015-04-19 07:48:00,2015-04-28 04:12:00
5290,0.0,0.0,0.0,0.0,0.0,0.0,0.0,0.0,2015-03-05 03:36:00,2015-03-12 23:00:00
607,0.0,0.0,0.0,0.0,0.0,0.0,0.0,0.0,2011-05-16 07:00:00,2011-05-18 05:36:00
623,0.0,0.0,0.0,0.0,0.0,0.0,0.0,0.0,2011-05-23 08:24:00,2011-05-28 13:36:00
2272,0.0,0.0,0.0,0.0,0.0,0.0,0.0,0.0,2012-12-06 21:36:00,2012-12-14 23:36:00
2407,0.0,0.0,0.0,0.0,0.0,0.0,0.0,0.0,2013-01-17 12:48:00,2013-01-17 18:36:00
6699,19.0,17.0,6.0,7.0,0.0,0.0,0.0,0.0,2016-08-07 00:12:00,2016-08-20 06:48:00
1331,0.0,0.0,0.0,0.0,0.0,0.0,0.0,0.0,2012-01-16 07:12:00,2012-01-21 19:48:00
2131,1.0,1.0,0.0,0.0,0.0,0.0,0.0,0.0,2012-10-17 16:12:00,2012-10-22 00:00:00
334,0.0,0.0,0.0,0.0,0.0,0.0,0.0,0.0,2011-01-05 20:24:00,2011-01-06 10:36:00
6756,0.0,0.0,0.0,0.0,0.0,0.0,0.0,0.0,2016-09-12 08:48:00,2016-09-13 22:24:00
5861,0.0,0.0,0.0,0.0,0.0,0.0,0.0,0.0,2015-08-07 19:24:00,2015-08-08 13:48:00
2585,0.0,0.0,0.0,0.0,0.0,0.0,0.0,0.0,2013-03-21 21:48:00,2013-04-02 22:12:00
4148,0.0,0.0,0.0,0.0,0.0,0.0,0.0,0.0,2014-05-16 21:12:00,2014-05-21 04:36:00
341,0.0,0.0,0.0,0.0,0.0,0.0,0.0,0.0,2011-01-08 15:36:00,2011-01-08 22:00:00
433,0.0,0.0,0.0,0.0,0.0,0.0,0.0,0.0,2011-03-18 12:48:00,2011-03-19 22:24:00
5993,0.0,0.0,0.0,0.0,0.0,0.0,0.0,0.0,2015-09-28 09:12:00,2015-10-05 23:00:00
7326,0.0,0.0,0.0,0.0,0.0,0.0,0.0,0.0,2018-12-10 21:00:00,2018-12-15 17:24:00
1949,0.0,0.0,0.0,0.0,0.0,0.0,0.0,0.0,2012-08-19 10:36:00,2012-08-22 00:12:00
6347,0.0,0.0,0.0,0.0,0.0,0.0,0.0,0.0,2016-02-10 11:00:00,2016-02-15 17:48:00
6115,0.0,0.0,0.0,0.0,0.0,0.0,0.0,0.0,2015-11-16 10:12:00,2015-11-26 22:48:00
1177,0.0,0.0,0.0,0.0,0.0,0.0,0.0,0.0,2011-12-09 11:00:00,2011-12-13 11:24:00
4723,0.0,0.0,0.0,0.0,0.0,0.0,0.0,0.0,2014-10-21 02:12:00,2014-10-23 15:36:00
488,0.0,0.0,0.0,0.0,0.0,0.0,0.0,0.0,2011-04-05 12:24:00,2011-04-12 02:36:00
1715,0.0,0.0,0.0,0.0,0.0,0.0,0.0,0.0,2012-05-28 12:36:00,2012-06-07 06:00:00
6092,0.0,0.0,0.0,0.0,0.0,0.0,0.0,0.0,2015-11-11 03:12:00,2015-11-12 23:12:00
4216,0.0,0.0,0.0,0.0,0.0,0.0,0.0,0.0,2014-06-06 14:00:00,2014-06-07 18:00:00
6983,14.0,12.0,0.0,0.0,0.0,0.0,0.0,0.0,2017-04-08 21:48:00,2017-04-20 05:12:00
6338,0.0,0.0,0.0,0.0,0.0,0.0,0.0,0.0,2016-02-06 17:48:00,2016-02-12 05:24:00
6072,0.0,0.0,0.0,0.0,0.0,0.0,0.0,0.0,2015-11-02 21:36:00,2015-11-05 01:24:00
3401,0.0,0.0,0.0,0.0,0.0,0.0,0.0,0.0,2013-11-17 08:00:00,2013-11-24 19:24:00
220,7.0,7.0,0.0,0.0,0.0,0.0,0.0,0.0,2010-10-14 08:24:00,2010-10-27 16:00:00
2140,0.0,0.0,0.0,0.0,0.0,0.0,0.0,0.0,2012-10-21 10:48:00,2012-10-25 06:24:00
3862,0.0,0.0,0.0,0.0,0.0,0.0,0.0,0.0,2014-03-15 13:24:00,2014-03-17 11:12:00
1776,0.0,0.0,0.0,0.0,0.0,0.0,0.0,0.0,2012-06-14 22:24:00,2012-06-22 12:24:00
2875,5.0,4.0,5.0,5.0,0.0,0.0,0.0,0.0,2013-06-18 11:36:00,2013-06-26 01:00:00
5427,0.0,0.0,0.0,1.0,0.0,0.0,0.0,0.0,2015-04-03 02:00:00,2015-04-09 07:12:00
6004,0.0,0.0,0.0,0.0,0.0,0.0,0.0,0.0,2015-10-07 08:36:00,2015-10-19 03:24:00
2325,0.0,0.0,0.0,0.0,0.0,0.0,0.0,0.0,2012-12-25 08:12:00,2012-12-30 09:48:00
7322,0.0,0.0,0.0,0.0,0.0,0.0,0.0,0.0,2018-11-11 14:12:00,2018-11-15 11:24:00
5893,0.0,0.0,0.0,0.0,0.0,0.0,0.0,0.0,2015-08-21 13:00:00,2015-08-28 01:24:00
2029,0.0,0.0,0.0,0.0,0.0,0.0,0.0,0.0,2012-09-11 17:00:00,2012-09-15 05:24:00
2192,0.0,0.0,0.0,0.0,0.0,0.0,0.0,0.0,2012-11-10 10:48:00,2012-11-10 23:48:00
6781,0.0,0.0,0.0,0.0,0.0,0.0,0.0,0.0,2016-09-27 21:36:00,2016-10-03 00:24:00
1136,0.0,0.0,0.0,0.0,0.0,0.0,0.0,0.0,2011-12-01 12:48:00,2011-12-02 10:00:00
5793,0.0,0.0,0.0,0.0,0.0,0.0,0.0,0.0,2015-07-15 10:36:00,2015-07-17 09:12:00
7215,0.0,0.0,0.0,0.0,0.0,0.0,0.0,0.0,2017-12-20 18:00:00,2017-12-24 09:24:00
4719,0.0,0.0,0.0,0.0,0.0,0.0,0.0,0.0,2014-10-20 03:24:00,2014-10-20 15:24:00
598,0.0,1.0,0.0,0.0,0.0,0.0,0.0,0.0,2011-05-12 00:24:00,2011-05-22 00:48:00
4548,0.0,0.0,0.0,0.0,0.0,0.0,0.0,0.0,2014-09-08 18:00:00,2014-09-17 21:48:00
5270,0.0,0.0,0.0,0.0,0.0,0.0,0.0,0.0,2015-03-01 11:36:00,2015-03-04 21:36:00
4879,0.0,0.0,0.0,0.0,0.0,0.0,0.0,0.0,2014-11-27 04:12:00,2014-12-02 03:48:00
5637,1.0,0.0,32.0,31.0,2.0,1.0,0.0,0.0,2015-06-01 03:24:00,2015-06-14 14:00:00
3537,0.0,0.0,0.0,0.0,0.0,0.0,0.0,0.0,2013-12-23 18:12:00,2013-12-30 14:24:00
6454,14.0,14.0,0.0,0.0,0.0,0.0,0.0,0.0,2016-03-23 20:00:00,2016-04-06 01:36:00
5531,0.0,0.0,0.0,0.0,0.0,0.0,0.0,0.0,2015-05-01 14:36:00,2015-05-03 19:24:00
2183,0.0,0.0,0.0,0.0,0.0,0.0,0.0,0.0,2012-11-06 13:12:00,2012-11-07 14:24:00
4889,0.0,0.0,0.0,0.0,0.0,0.0,0.0,0.0,2014-12-02 03:24:00,2014-12-12 12:24:00
2839,0.0,0.0,0.0,0.0,0.0,0.0,0.0,0.0,2013-06-08 01:36:00,2013-06-16 00:00:00
1300,0.0,0.0,4.0,4.0,0.0,0.0,0.0,0.0,2012-01-07 01:48:00,2012-01-18 14:00:00
6,0.0,0.0,0.0,0.0,0.0,0.0,0.0,0.0,2010-05-01 00:00:00,2010-05-05 08:36:00
5865,3.0,3.0,0.0,0.0,0.0,0.0,0.0,0.0,2015-08-09 10:48:00,2015-08-19 11:24:00
5558,0.0,0.0,0.0,0.0,0.0,0.0,0.0,0.0,2015-05-12 20:12:00,2015-05-12 21:00:00
7221,0.0,0.0,0.0,0.0,0.0,0.0,0.0,0.0,2017-12-30 20:00:00,2018-01-02 17:24:00
4197,8.0,8.0,27.0,24.0,5.0,3.0,0.0,0.0,2014-06-01 23:24:00,2014-06-15 17:00:00
747,0.0,0.0,0.0,0.0,0.0,0.0,0.0,0.0,2011-07-23 22:36:00,2011-07-24 13:00:00
4995,0.0,0.0,3.0,3.0,0.0,0.0,0.0,0.0,2014-12-25 05:36:00,2014-12-31 11:00:00
4180,0.0,0.0,0.0,0.0,0.0,0.0,0.0,0.0,2014-05-28 16:48:00,2014-05-29 08:48:00
2960,0.0,0.0,0.0,0.0,0.0,0.0,0.0,0.0,2013-07-12 14:12:00,2013-07-13 12:12:00
6066,0.0,0.0,0.0,0.0,0.0,0.0,0.0,0.0,2015-10-29 22:36:00,2015-11-06 02:00:00
5545,2.0,2.0,8.0,8.0,0.0,0.0,0.0,0.0,2015-05-08 10:12:00,2015-05-20 21:24:00
1893,0.0,0.0,0.0,0.0,0.0,0.0,0.0,0.0,2012-07-26 19:24:00,2012-08-07 03:24:00
362,19.0,16.0,7.0,3.0,1.0,1.0,0.0,0.0,2011-02-03 04:48:00,2011-02-10 14:48:00
3923,0.0,0.0,0.0,0.0,0.0,0.0,0.0,0.0,2014-03-27 01:12:00,2014-04-02 01:24:00
7248,1.0,1.0,0.0,0.0,0.0,0.0,0.0,0.0,2018-04-12 03:48:00,2018-04-20 11:48:00
1974,0.0,0.0,0.0,0.0,0.0,0.0,0.0,0.0,2012-08-25 18:48:00,2012-09-04 17:12:00
2228,0.0,0.0,0.0,0.0,0.0,0.0,0.0,0.0,2012-11-19 09:48:00,2012-11-22 13:00:00
394,1.0,1.0,26.0,27.0,6.0,6.0,0.0,0.0,2011-02-25 20:48:00,2011-03-09 02:24:00
1456,0.0,0.0,0.0,0.0,0.0,0.0,0.0,0.0,2012-03-04 16:24:00,2012-03-07 02:00:00
6054,0.0,0.0,1.0,1.0,0.0,0.0,0.0,0.0,2015-10-24 17:24:00,2015-10-31 20:48:00
5891,0.0,0.0,0.0,0.0,0.0,0.0,0.0,0.0,2015-08-20 21:00:00,2015-08-21 21:12:00
16,0.0,0.0,0.0,0.0,0.0,0.0,0.0,0.0,2010-05-05 16:48:00,2010-05-06 12:00:00
3365,0.0,0.0,0.0,0.0,0.0,0.0,0.0,0.0,2013-11-09 00:36:00,2013-11-11 07:12:00
4179,1.0,1.0,2.0,2.0,0.0,0.0,0.0,0.0,2014-05-28 14:48:00,2014-06-07 19:48:00
294,0.0,0.0,0.0,0.0,0.0,0.0,0.0,0.0,2010-12-08 07:12:00,2010-12-11 11:48:00
5756,0.0,0.0,0.0,0.0,0.0,0.0,0.0,0.0,2015-07-06 17:24:00,2015-07-10 12:12:00
6455,0.0,0.0,0.0,0.0,0.0,0.0,0.0,0.0,2016-03-25 18:00:00,2016-03-26 01:48:00
6731,33.0,33.0,3.0,2.0,0.0,0.0,0.0,0.0,2016-08-30 09:48:00,2016-09-13 05:36:00
4094,0.0,0.0,0.0,0.0,0.0,0.0,0.0,0.0,2014-05-03 12:36:00,2014-05-05 03:00:00
7211,19.0,18.0,0.0,0.0,0.0,0.0,0.0,0.0,2017-12-18 18:24:00,2017-12-30 12:24:00
6327,28.0,28.0,60.0,58.0,4.0,4.0,0.0,0.0,2016-02-04 04:24:00,2016-02-17 23:48:00
6779,0.0,0.0,0.0,0.0,0.0,0.0,0.0,0.0,2016-09-26 14:12:00,2016-10-03 19:36:00
2911,0.0,0.0,0.0,0.0,0.0,0.0,0.0,0.0,2013-06-27 20:00:00,2013-06-28 00:24:00
7324,1.0,1.0,0.0,0.0,0.0,0.0,0.0,0.0,2018-11-23 23:36:00,2018-11-28 05:12:00
7147,10.0,10.0,0.0,0.0,0.0,0.0,0.0,0.0,2017-09-23 23:24:00,2017-10-06 23:00:00
6881,2.0,2.0,0.0,0.0,0.0,0.0,0.0,0.0,2016-12-11 14:00:00,2016-12-15 02:12:00
5731,0.0,0.0,0.0,0.0,0.0,0.0,0.0,0.0,2015-06-30 17:00:00,2015-07-02 02:00:00
4986,0.0,0.0,0.0,0.0,0.0,0.0,0.0,0.0,2014-12-23 15:12:00,2014-12-31 00:12:00
7281,0.0,0.0,0.0,0.0,0.0,0.0,0.0,0.0,2018-06-26 11:48:00,2018-06-27 01:00:00
4782,0.0,0.0,0.0,0.0,0.0,0.0,0.0,0.0,2014-11-03 14:00:00,2014-11-04 18:12:00
1115,0.0,0.0,0.0,0.0,0.0,0.0,0.0,0.0,2011-11-22 22:24:00,2011-11-23 14:36:00
4657,0.0,0.0,0.0,0.0,0.0,0.0,0.0,0.0,2014-10-04 22:24:00,2014-10-05 21:48:00
4023,0.0,0.0,0.0,0.0,0.0,0.0,0.0,0.0,2014-04-15 15:24:00,2014-04-18 18:00:00
4151,0.0,0.0,0.0,0.0,0.0,0.0,0.0,0.0,2014-05-18 06:36:00,2014-05-21 23:48:00
6500,10.0,10.0,0.0,0.0,0.0,0.0,0.0,0.0,2016-04-15 07:36:00,2016-04-28 05:36:00
5519,0.0,0.0,0.0,0.0,0.0,0.0,0.0,0.0,2015-04-28 14:48:00,2015-05-05 22:12:00
1534,0.0,0.0,0.0,0.0,0.0,0.0,0.0,0.0,2012-04-01 18:36:00,2012-04-05 23:00:00
2907,0.0,0.0,0.0,0.0,0.0,0.0,0.0,0.0,2013-06-27 06:48:00,2013-06-30 11:36:00
381,0.0,0.0,0.0,0.0,0.0,0.0,0.0,0.0,2011-02-12 12:48:00,2011-02-22 12:48:00
2413,0.0,0.0,0.0,0.0,0.0,0.0,0.0,0.0,2013-01-22 14:00:00,2013-01-30 13:00:00
7158,0.0,0.0,0.0,0.0,0.0,0.0,0.0,0.0,2017-09-29 14:12:00,2017-09-30 14:24:00
2154,0.0,0.0,0.0,0.0,0.0,0.0,0.0,0.0,2012-10-26 00:48:00,2012-10-26 20:12:00
3028,5.0,5.0,3.0,3.0,0.0,0.0,0.0,0.0,2013-07-30 09:00:00,2013-08-13 11:24:00
5874,0.0,0.0,0.0,0.0,0.0,0.0,0.0,0.0,2015-08-11 02:48:00,2015-08-20 11:48:00
792,0.0,0.0,0.0,0.0,0.0,0.0,0.0,0.0,2011-08-14 11:36:00,2011-08-15 07:00:00
5691,0.0,0.0,0.0,0.0,0.0,0.0,0.0,0.0,2015-06-15 12:24:00,2015-06-23 12:36:00
3664,0.0,0.0,0.0,0.0,0.0,0.0,0.0,0.0,2014-01-20 04:48:00,2014-01-26 08:36:00
5877,0.0,0.0,0.0,0.0,0.0,0.0,0.0,0.0,2015-08-11 22:12:00,2015-08-14 08:12:00
2610,0.0,0.0,0.0,0.0,0.0,0.0,0.0,0.0,2013-03-30 00:12:00,2013-04-05 19:48:00
6877,0.0,0.0,0.0,0.0,0.0,0.0,0.0,0.0,2016-12-05 09:12:00,2016-12-07 14:24:00
5863,0.0,0.0,0.0,0.0,0.0,0.0,0.0,0.0,2015-08-08 08:00:00,2015-08-14 21:00:00
5319,0.0,0.0,0.0,0.0,0.0,0.0,0.0,0.0,2015-03-10 13:24:00,2015-03-17 02:36:00
5006,0.0,0.0,0.0,0.0,0.0,0.0,0.0,0.0,2014-12-28 02:00:00,2014-12-30 17:48:00
1224,0.0,0.0,0.0,0.0,0.0,0.0,0.0,0.0,2011-12-19 03:12:00,2011-12-24 19:12:00
1706,0.0,0.0,0.0,0.0,0.0,0.0,0.0,0.0,2012-05-25 05:12:00,2012-05-25 18:36:00
7003,5.0,5.0,0.0,0.0,0.0,0.0,0.0,0.0,2017-05-04 11:12:00,2017-05-12 06:48:00
77,0.0,0.0,0.0,0.0,0.0,0.0,0.0,0.0,2010-06-30 01:48:00,2010-07-01 19:48:00
900,0.0,0.0,0.0,0.0,0.0,0.0,0.0,0.0,2011-09-24 03:12:00,2011-10-01 14:00:00
6476,0.0,0.0,0.0,0.0,0.0,0.0,0.0,0.0,2016-04-04 20:36:00,2016-04-07 21:24:00
4304,0.0,0.0,0.0,0.0,0.0,0.0,0.0,0.0,2014-06-29 11:00:00,2014-06-29 21:00:00
2360,2.0,1.0,8.0,8.0,0.0,0.0,0.0,0.0,2013-01-04 02:24:00,2013-01-16 14:12:00
5011,4.0,4.0,36.0,35.0,2.0,2.0,0.0,0.0,2014-12-29 07:36:00,2015-01-11 09:12:00
6880,0.0,0.0,0.0,0.0,0.0,0.0,0.0,0.0,2016-12-11 13:24:00,2016-12-11 21:12:00
6451,0.0,0.0,0.0,0.0,0.0,0.0,0.0,0.0,2016-03-22 16:48:00,2016-03-29 15:36:00
2881,0.0,0.0,0.0,0.0,0.0,0.0,0.0,0.0,2013-06-20 10:00:00,2013-06-24 10:24:00
1560,0.0,0.0,0.0,0.0,0.0,0.0,0.0,0.0,2012-04-10 22:36:00,2012-04-14 14:00:00
5730,0.0,0.0,0.0,0.0,0.0,0.0,0.0,0.0,2015-06-30 03:36:00,2015-07-02 03:12:00
7201,0.0,0.0,0.0,0.0,0.0,0.0,0.0,0.0,2017-12-01 16:48:00,2017-12-05 20:12:00
5237,0.0,0.0,0.0,0.0,0.0,0.0,0.0,0.0,2015-02-18 15:12:00,2015-02-21 17:12:00
2315,0.0,0.0,0.0,0.0,0.0,0.0,0.0,0.0,2012-12-18 06:24:00,2012-12-20 15:12:00
5076,0.0,0.0,0.0,0.0,0.0,0.0,0.0,0.0,2015-01-14 09:48:00,2015-01-18 05:36:00
6063,7.0,7.0,63.0,63.0,2.0,2.0,0.0,0.0,2015-10-28 07:48:00,2015-11-10 17:48:00
317,0.0,0.0,0.0,0.0,0.0,0.0,0.0,0.0,2010-12-25 04:12:00,2010-12-30 03:36:00
3423,0.0,0.0,0.0,0.0,0.0,0.0,0.0,0.0,2013-11-22 20:36:00,2013-11-26 11:48:00
451,5.0,5.0,5.0,5.0,0.0,0.0,0.0,0.0,2011-03-26 10:36:00,2011-04-08 03:12:00
6337,0.0,0.0,0.0,0.0,0.0,0.0,0.0,0.0,2016-02-06 13:24:00,2016-02-11 07:48:00
7083,0.0,0.0,0.0,0.0,0.0,0.0,0.0,0.0,2017-07-12 11:00:00,2017-07-16 01:12:00
5739,4.0,4.0,2.0,2.0,0.0,0.0,0.0,0.0,2015-07-01 23:12:00,2015-07-13 17:12:00
1430,0.0,0.0,0.0,0.0,0.0,0.0,0.0,0.0,2012-02-24 23:24:00,2012-03-04 00:36:00
3412,0.0,0.0,0.0,0.0,0.0,0.0,0.0,0.0,2013-11-20 09:00:00,2013-11-20 16:00:00
4152,2.0,2.0,0.0,0.0,0.0,0.0,0.0,0.0,2014-05-18 15:48:00,2014-05-29 07:48:00
6251,0.0,0.0,0.0,0.0,0.0,0.0,0.0,0.0,2016-01-07 18:36:00,2016-01-11 07:24:00
7217,0.0,0.0,0.0,0.0,0.0,0.0,0.0,0.0,2017-12-24 04:00:00,2017-12-24 16:36:00
1610,0.0,0.0,0.0,0.0,0.0,0.0,0.0,0.0,2012-04-23 14:12:00,2012-04-30 14:12:00
4868,0.0,0.0,7.0,7.0,0.0,0.0,0.0,0.0,2014-11-24 06:12:00,2014-12-02 21:00:00
350,0.0,0.0,0.0,0.0,0.0,0.0,0.0,0.0,2011-01-21 23:00:00,2011-01-22 08:48:00
7127,0.0,0.0,0.0,0.0,0.0,0.0,0.0,0.0,2017-09-05 00:12:00,2017-09-14 06:48:00
4167,0.0,0.0,0.0,0.0,0.0,0.0,0.0,0.0,2014-05-23 19:24:00,2014-05-24 11:12:00
3394,0.0,0.0,0.0,0.0,0.0,0.0,0.0,0.0,2013-11-16 10:48:00,2013-11-25 03:24:00
455,0.0,0.0,0.0,0.0,0.0,0.0,0.0,0.0,2011-03-27 04:12:00,2011-03-28 20:12:00
4767,0.0,0.0,0.0,0.0,0.0,0.0,0.0,0.0,2014-10-31 13:36:00,2014-11-11 10:12:00
2113,0.0,0.0,0.0,0.0,0.0,0.0,0.0,0.0,2012-10-10 12:24:00,2012-10-18 12:12:00
5410,0.0,0.0,0.0,0.0,0.0,0.0,0.0,0.0,2015-04-01 18:00:00,2015-04-07 02:12:00
5401,0.0,0.0,0.0,0.0,0.0,0.0,0.0,0.0,2015-03-29 08:48:00,2015-03-29 15:24:00
2242,0.0,0.0,0.0,0.0,0.0,0.0,0.0,0.0,2012-11-25 00:12:00,2012-11-29 18:48:00
2813,0.0,0.0,0.0,0.0,0.0,0.0,0.0,0.0,2013-05-29 18:00:00,2013-06-01 11:24:00
6131,0.0,0.0,0.0,0.0,0.0,0.0,0.0,0.0,2015-11-20 04:36:00,2015-11-23 02:36:00
99,0.0,0.0,0.0,0.0,0.0,0.0,0.0,0.0,2010-07-23 20:00:00,2010-08-02 07:36:00
4359,0.0,0.0,0.0,0.0,0.0,0.0,0.0,0.0,2014-07-10 12:48:00,2014-07-18 14:48:00
5818,1.0,1.0,0.0,0.0,0.0,0.0,0.0,0.0,2015-07-26 19:48:00,2015-08-07 20:12:00
7084,0.0,0.0,0.0,0.0,0.0,0.0,0.0,0.0,2017-07-13 00:24:00,2017-07-17 04:12:00
2335,0.0,0.0,0.0,0.0,0.0,0.0,0.0,0.0,2012-12-28 17:12:00,2012-12-30 03:24:00
4160,0.0,0.0,0.0,0.0,0.0,0.0,0.0,0.0,2014-05-21 00:12:00,2014-05-25 03:12:00
805,1.0,1.0,0.0,0.0,0.0,0.0,0.0,0.0,2011-08-20 16:48:00,2011-09-01 22:00:00
3258,9.0,8.0,54.0,51.0,1.0,1.0,0.0,0.0,2013-10-06 05:00:00,2013-10-20 00:12:00
812,0.0,3.0,0.0,5.0,0.0,0.0,0.0,0.0,2011-08-23 05:36:00,2011-09-04 23:00:00
6898,1.0,0.0,0.0,0.0,0.0,0.0,0.0,0.0,2016-12-27 17:24:00,2017-01-04 15:36:00
3338,0.0,0.0,0.0,0.0,0.0,0.0,0.0,0.0,2013-11-01 00:48:00,2013-11-02 14:24:00
7302,0.0,0.0,0.0,0.0,0.0,0.0,0.0,0.0,2018-09-02 14:24:00,2018-09-05 00:00:00
6064,0.0,0.0,0.0,0.0,0.0,0.0,0.0,0.0,2015-10-29 04:00:00,2015-11-03 10:00:00
867,0.0,0.0,1.0,1.0,0.0,0.0,0.0,0.0,2011-09-13 15:36:00,2011-09-24 04:00:00
6039,0.0,0.0,0.0,0.0,0.0,0.0,0.0,0.0,2015-10-18 14:12:00,2015-10-18 23:00:00
3515,0.0,0.0,3.0,3.0,0.0,0.0,0.0,0.0,2013-12-16 21:24:00,2013-12-27 17:36:00
3482,0.0,0.0,0.0,0.0,0.0,0.0,0.0,0.0,2013-12-08 13:24:00,2013-12-14 02:36:00
7096,0.0,1.0,0.0,0.0,0.0,0.0,0.0,0.0,2017-07-23 14:12:00,2017-08-03 14:00:00
2148,0.0,0.0,0.0,0.0,0.0,0.0,0.0,0.0,2012-10-23 22:12:00,2012-10-31 22:12:00
398,0.0,0.0,0.0,0.0,0.0,0.0,0.0,0.0,2011-03-01 06:36:00,2011-03-01 15:36:00
1204,0.0,0.0,0.0,0.0,0.0,0.0,0.0,0.0,2011-12-15 17:48:00,2011-12-23 15:48:00
6672,0.0,0.0,0.0,0.0,0.0,0.0,0.0,0.0,2016-07-11 09:36:00,2016-07-12 11:12:00
436,0.0,0.0,0.0,0.0,0.0,0.0,0.0,0.0,2011-03-21 10:00:00,2011-03-26 22:24:00
1342,0.0,0.0,0.0,0.0,0.0,0.0,0.0,0.0,2012-01-21 22:00:00,2012-02-02 12:36:00
5843,0.0,0.0,0.0,0.0,0.0,0.0,0.0,0.0,2015-08-01 19:36:00,2015-08-07 22:36:00
2808,2.0,0.0,1.0,1.0,0.0,0.0,0.0,0.0,2013-05-28 21:00:00,2013-06-05 01:12:00
2467,0.0,0.0,0.0,0.0,0.0,0.0,0.0,0.0,2013-02-07 19:36:00,2013-02-10 12:36:00
6268,0.0,0.0,0.0,0.0,0.0,0.0,0.0,0.0,2016-01-12 12:12:00,2016-01-12 18:24:00
6998,0.0,0.0,0.0,0.0,0.0,0.0,0.0,0.0,2017-04-25 05:36:00,2017-04-25 17:36:00
23,0.0,0.0,0.0,0.0,0.0,0.0,0.0,0.0,2010-05-19 01:12:00,2010-05-24 08:36:00
3446,0.0,0.0,0.0,0.0,0.0,0.0,0.0,0.0,2013-11-30 00:36:00,2013-12-06 13:00:00
4760,3.0,3.0,17.0,17.0,0.0,0.0,0.0,0.0,2014-10-29 14:00:00,2014-11-10 00:12:00
6280,0.0,0.0,0.0,0.0,0.0,0.0,0.0,0.0,2016-01-16 11:48:00,2016-01-17 18:24:00
1641,0.0,0.0,0.0,0.0,0.0,0.0,0.0,0.0,2012-05-05 23:48:00,2012-05-11 09:48:00
5311,0.0,0.0,0.0,0.0,0.0,0.0,0.0,0.0,2015-03-08 16:00:00,2015-03-13 19:24:00
4251,0.0,0.0,0.0,0.0,0.0,0.0,0.0,0.0,2014-06-14 16:24:00,2014-06-14 23:24:00
3241,0.0,0.0,0.0,0.0,0.0,0.0,0.0,0.0,2013-09-29 04:24:00,2013-10-03 23:24:00
7311,0.0,0.0,0.0,0.0,0.0,0.0,0.0,0.0,2018-10-10 01:36:00,2018-10-10 16:48:00
3604,0.0,0.0,3.0,3.0,0.0,0.0,0.0,0.0,2014-01-08 03:12:00,2014-01-18 13:24:00
6315,0.0,0.0,0.0,0.0,0.0,0.0,0.0,0.0,2016-01-31 20:36:00,2016-02-08 02:00:00
3575,0.0,0.0,0.0,0.0,0.0,0.0,0.0,0.0,2014-01-03 17:00:00,2014-01-13 04:48:00
1009,0.0,0.0,0.0,0.0,0.0,0.0,0.0,0.0,2011-10-26 03:48:00,2011-10-26 13:24:00
845,0.0,0.0,0.0,0.0,0.0,0.0,0.0,0.0,2011-09-03 18:36:00,2011-09-04 09:00:00
4312,0.0,0.0,0.0,0.0,0.0,0.0,0.0,0.0,2014-06-30 10:00:00,2014-07-03 01:24:00
3514,0.0,0.0,0.0,0.0,0.0,0.0,0.0,0.0,2013-12-16 14:24:00,2013-12-19 04:00:00
6803,7.0,7.0,0.0,0.0,0.0,0.0,0.0,0.0,2016-10-11 01:48:00,2016-10-23 16:00:00
6545,2.0,2.0,0.0,0.0,0.0,0.0,0.0,0.0,2016-05-07 18:36:00,2016-05-17 12:36:00
1788,0.0,0.0,0.0,0.0,0.0,0.0,0.0,0.0,2012-06-21 05:48:00,2012-06-26 16:24:00
1089,0.0,0.0,1.0,1.0,0.0,0.0,0.0,0.0,2011-11-15 12:00:00,2011-11-28 14:00:00
619,0.0,0.0,0.0,0.0,0.0,0.0,0.0,0.0,2011-05-22 04:36:00,2011-05-24 15:24:00
4914,0.0,0.0,0.0,0.0,0.0,0.0,0.0,0.0,2014-12-08 04:24:00,2014-12-12 09:36:00
5718,7.0,7.0,16.0,16.0,0.0,0.0,0.0,0.0,2015-06-27 11:00:00,2015-07-11 15:00:00
2099,0.0,0.0,0.0,0.0,0.0,0.0,0.0,0.0,2012-10-01 17:00:00,2012-10-03 18:12:00
6313,1.0,1.0,1.0,2.0,0.0,0.0,0.0,0.0,2016-01-30 22:24:00,2016-02-11 00:48:00
2433,7.0,7.0,2.0,2.0,0.0,0.0,0.0,0.0,2013-01-28 05:48:00,2013-02-11 02:36:00
4272,12.0,12.0,7.0,7.0,0.0,0.0,0.0,0.0,2014-06-21 19:36:00,2014-07-03 04:24:00
1530,0.0,0.0,0.0,0.0,0.0,0.0,0.0,0.0,2012-03-31 14:24:00,2012-04-02 03:36:00
4565,0.0,0.0,0.0,0.0,0.0,0.0,0.0,0.0,2014-09-13 20:36:00,2014-09-15 18:24:00
633,0.0,0.0,0.0,0.0,0.0,0.0,0.0,0.0,2011-05-25 20:48:00,2011-06-01 12:12:00
4351,0.0,0.0,2.0,1.0,0.0,0.0,0.0,0.0,2014-07-07 11:12:00,2014-07-18 23:48:00
6463,0.0,0.0,0.0,0.0,0.0,0.0,0.0,0.0,2016-03-29 21:36:00,2016-04-02 15:36:00
1727,1.0,1.0,2.0,2.0,0.0,0.0,0.0,0.0,2012-05-31 12:36:00,2012-06-11 04:24:00
7139,0.0,0.0,0.0,0.0,0.0,0.0,0.0,0.0,2017-09-18 10:00:00,2017-09-24 21:36:00
6629,0.0,0.0,0.0,0.0,0.0,0.0,0.0,0.0,2016-06-16 17:12:00,2016-06-24 03:24:00
6174,0.0,0.0,0.0,0.0,0.0,0.0,0.0,0.0,2015-12-10 13:36:00,2015-12-20 08:48:00
6518,12.0,12.0,0.0,0.0,0.0,0.0,0.0,0.0,2016-04-26 02:48:00,2016-04-30 18:12:00
6035,0.0,0.0,0.0,0.0,0.0,0.0,0.0,0.0,2015-10-17 15:24:00,2015-10-17 22:48:00
3460,0.0,0.0,0.0,0.0,0.0,0.0,0.0,0.0,2013-12-02 17:12:00,2013-12-03 23:36:00
2289,0.0,0.0,0.0,0.0,0.0,0.0,0.0,0.0,2012-12-11 16:00:00,2012-12-20 14:36:00
1722,4.0,3.0,41.0,42.0,1.0,1.0,0.0,0.0,2012-05-30 16:24:00,2012-06-13 23:48:00
3789,0.0,0.0,0.0,0.0,0.0,0.0,0.0,0.0,2014-02-22 20:36:00,2014-02-28 13:24:00
7088,0.0,0.0,0.0,0.0,0.0,0.0,0.0,0.0,2017-07-19 06:48:00,2017-07-27 22:48:00
4921,0.0,0.0,4.0,5.0,0.0,0.0,0.0,0.0,2014-12-09 06:36:00,2014-12-18 06:48:00
1284,0.0,0.0,0.0,0.0,0.0,0.0,0.0,0.0,2012-01-03 13:36:00,2012-01-06 14:24:00
2466,0.0,0.0,0.0,0.0,0.0,0.0,0.0,0.0,2013-02-07 14:00:00,2013-02-17 12:36:00
975,0.0,0.0,0.0,0.0,0.0,0.0,0.0,0.0,2011-10-16 23:00:00,2011-10-24 02:36:00
4020,0.0,0.0,0.0,0.0,0.0,0.0,0.0,0.0,2014-04-14 16:24:00,2014-04-16 01:36:00
2581,0.0,2.0,0.0,0.0,0.0,0.0,0.0,0.0,2013-03-20 00:00:00,2013-03-27 05:48:00
5615,0.0,0.0,0.0,0.0,0.0,0.0,0.0,0.0,2015-05-23 10:00:00,2015-06-01 05:24:00
5218,0.0,0.0,0.0,0.0,0.0,0.0,0.0,0.0,2015-02-14 19:00:00,2015-02-23 02:24:00
2104,0.0,0.0,0.0,0.0,0.0,0.0,0.0,0.0,2012-10-04 23:24:00,2012-10-05 01:12:00
4538,0.0,0.0,0.0,0.0,0.0,0.0,0.0,0.0,2014-09-04 17:48:00,2014-09-11 13:48:00
4361,0.0,0.0,0.0,0.0,0.0,0.0,0.0,0.0,2014-07-13 12:12:00,2014-07-17 01:12:00
4266,0.0,0.0,0.0,0.0,0.0,0.0,0.0,0.0,2014-06-17 18:12:00,2014-06-19 04:36:00
318,7.0,7.0,1.0,1.0,0.0,0.0,0.0,0.0,2010-12-26 09:36:00,2011-01-01 22:36:00
1873,0.0,1.0,2.0,1.0,0.0,0.0,0.0,0.0,2012-07-19 09:12:00,2012-07-31 04:00:00
2880,0.0,0.0,0.0,0.0,0.0,0.0,0.0,0.0,2013-06-20 06:48:00,2013-06-29 02:12:00
2777,0.0,0.0,0.0,0.0,0.0,0.0,0.0,0.0,2013-05-23 21:00:00,2013-05-24 03:12:00
2025,0.0,0.0,0.0,0.0,0.0,0.0,0.0,0.0,2012-09-08 16:12:00,2012-09-09 11:00:00
4574,1.0,1.0,2.0,2.0,1.0,1.0,0.0,0.0,2014-09-16 12:48:00,2014-09-28 12:24:00
4177,0.0,0.0,0.0,0.0,0.0,0.0,0.0,0.0,2014-05-27 12:24:00,2014-05-28 23:24:00
5135,0.0,0.0,0.0,0.0,0.0,0.0,0.0,0.0,2015-01-30 16:00:00,2015-02-10 01:00:00
6659,0.0,0.0,0.0,0.0,0.0,0.0,0.0,0.0,2016-07-05 09:36:00,2016-07-05 18:00:00
5508,0.0,0.0,0.0,0.0,0.0,0.0,0.0,0.0,2015-04-24 12:48:00,2015-04-26 18:12:00
1441,0.0,0.0,0.0,0.0,0.0,0.0,0.0,0.0,2012-02-28 10:00:00,2012-03-07 06:48:00
579,0.0,0.0,0.0,0.0,0.0,0.0,0.0,0.0,2011-05-04 16:12:00,2011-05-07 06:36:00
3736,0.0,0.0,0.0,0.0,0.0,0.0,0.0,0.0,2014-02-08 22:48:00,2014-02-09 17:24:00
7070,0.0,0.0,0.0,0.0,0.0,0.0,0.0,0.0,2017-07-03 08:36:00,2017-07-07 02:12:00
837,0.0,0.0,0.0,0.0,0.0,0.0,0.0,0.0,2011-08-31 10:48:00,2011-09-07 06:12:00
1085,0.0,0.0,0.0,0.0,0.0,0.0,0.0,0.0,2011-11-15 07:00:00,2011-11-18 13:12:00
98,0.0,1.0,0.0,0.0,0.0,0.0,0.0,0.0,2010-07-23 16:48:00,2010-08-02 00:12:00
3031,8.0,7.0,0.0,0.0,0.0,0.0,0.0,0.0,2013-07-31 01:24:00,2013-08-12 22:24:00
5096,0.0,0.0,0.0,0.0,0.0,0.0,0.0,0.0,2015-01-16 21:00:00,2015-01-25 15:24:00
3063,0.0,0.0,0.0,0.0,0.0,0.0,0.0,0.0,2013-08-11 10:00:00,2013-08-13 19:24:00
2403,0.0,0.0,0.0,0.0,0.0,0.0,0.0,0.0,2013-01-16 10:48:00,2013-01-16 14:00:00
4515,0.0,0.0,0.0,0.0,0.0,0.0,0.0,0.0,2014-08-29 14:12:00,2014-09-06 02:36:00
518,0.0,0.0,0.0,0.0,0.0,0.0,0.0,0.0,2011-04-19 10:00:00,2011-04-20 02:48:00
5224,0.0,0.0,0.0,0.0,0.0,0.0,0.0,0.0,2015-02-15 19:24:00,2015-02-15 21:12:00
4920,0.0,0.0,60.0,62.0,6.0,7.0,1.0,1.0,2014-12-09 05:12:00,2014-12-24 13:24:00
5577,0.0,0.0,0.0,0.0,0.0,0.0,0.0,0.0,2015-05-15 23:24:00,2015-05-24 16:00:00
5540,0.0,0.0,0.0,0.0,0.0,0.0,0.0,0.0,2015-05-04 01:00:00,2015-05-06 00:12:00
1933,0.0,0.0,0.0,0.0,0.0,0.0,0.0,0.0,2012-08-07 20:24:00,2012-08-08 19:48:00
3017,0.0,0.0,0.0,0.0,0.0,0.0,0.0,0.0,2013-07-27 16:00:00,2013-07-31 22:12:00
3154,3.0,3.0,0.0,0.0,0.0,0.0,0.0,0.0,2013-09-04 18:24:00,2013-09-17 10:36:00
187,35.0,38.0,2.0,1.0,0.0,0.0,0.0,0.0,2010-09-21 05:36:00,2010-10-05 01:12:00
715,0.0,0.0,0.0,0.0,0.0,0.0,0.0,0.0,2011-07-10 23:36:00,2011-07-11 07:12:00
4383,3.0,2.0,8.0,8.0,0.0,0.0,0.0,0.0,2014-07-22 11:24:00,2014-08-03 19:12:00
5183,0.0,0.0,3.0,4.0,0.0,0.0,0.0,0.0,2015-02-07 10:12:00,2015-02-20 17:12:00
956,0.0,0.0,1.0,0.0,0.0,0.0,0.0,0.0,2011-10-11 19:12:00,2011-10-19 12:12:00
7165,0.0,0.0,0.0,0.0,0.0,0.0,0.0,0.0,2017-10-16 21:24:00,2017-10-22 12:00:00
2892,0.0,0.0,0.0,0.0,0.0,0.0,0.0,0.0,2013-06-23 12:00:00,2013-06-24 13:24:00
881,0.0,0.0,0.0,0.0,0.0,0.0,0.0,0.0,2011-09-18 12:48:00,2011-09-25 09:24:00
414,0.0,0.0,4.0,4.0,0.0,0.0,0.0,0.0,2011-03-07 17:00:00,2011-03-11 00:36:00
5694,0.0,0.0,0.0,0.0,0.0,0.0,0.0,0.0,2015-06-16 12:48:00,2015-06-18 04:36:00
5709,0.0,0.0,0.0,0.0,0.0,0.0,0.0,0.0,2015-06-22 23:36:00,2015-06-24 12:12:00
6745,4.0,4.0,0.0,0.0,0.0,0.0,0.0,0.0,2016-09-07 09:48:00,2016-09-17 01:48:00
6358,0.0,0.0,0.0,0.0,0.0,0.0,0.0,0.0,2016-02-14 03:36:00,2016-02-23 11:48:00
5856,0.0,0.0,0.0,0.0,0.0,0.0,0.0,0.0,2015-08-06 02:48:00,2015-08-17 18:00:00
461,0.0,0.0,0.0,0.0,0.0,0.0,0.0,0.0,2011-03-28 22:24:00,2011-04-03 05:00:00
717,0.0,0.0,0.0,0.0,0.0,0.0,0.0,0.0,2011-07-11 11:24:00,2011-07-12 16:48:00
1908,0.0,0.0,0.0,0.0,0.0,0.0,0.0,0.0,2012-07-31 05:36:00,2012-08-12 13:48:00
1666,0.0,0.0,0.0,0.0,0.0,0.0,0.0,0.0,2012-05-14 20:48:00,2012-05-15 05:36:00
1696,0.0,0.0,0.0,0.0,0.0,0.0,0.0,0.0,2012-05-22 09:48:00,2012-05-30 13:24:00
4129,0.0,0.0,0.0,0.0,0.0,0.0,0.0,0.0,2014-05-12 01:36:00,2014-05-15 20:48:00
1336,0.0,0.0,0.0,0.0,0.0,0.0,0.0,0.0,2012-01-17 22:00:00,2012-01-20 07:12:00
427,0.0,0.0,0.0,0.0,0.0,0.0,0.0,0.0,2011-03-14 01:24:00,2011-03-21 00:00:00
4557,0.0,0.0,0.0,0.0,0.0,0.0,0.0,0.0,2014-09-11 19:00:00,2014-09-17 14:24:00
3104,0.0,0.0,0.0,0.0,0.0,0.0,0.0,0.0,2013-08-18 10:36:00,2013-08-28 05:12:00
5985,0.0,0.0,0.0,0.0,0.0,0.0,0.0,0.0,2015-09-23 05:24:00,2015-09-30 04:48:00
5798,0.0,0.0,0.0,0.0,0.0,0.0,0.0,0.0,2015-07-17 00:48:00,2015-07-17 06:12:00
495,8.0,9.0,26.0,26.0,1.0,1.0,0.0,0.0,2011-04-07 14:48:00,2011-04-20 13:00:00
3122,0.0,0.0,0.0,0.0,0.0,0.0,0.0,0.0,2013-08-24 11:00:00,2013-09-06 03:12:00
2667,0.0,0.0,0.0,0.0,0.0,0.0,0.0,0.0,2013-04-16 13:24:00,2013-04-17 22:12:00
3511,0.0,0.0,0.0,0.0,0.0,0.0,0.0,0.0,2013-12-16 01:24:00,2013-12-16 18:00:00
1940,0.0,0.0,0.0,0.0,0.0,0.0,0.0,0.0,2012-08-15 05:48:00,2012-08-15 12:24:00
4076,0.0,0.0,0.0,0.0,0.0,0.0,0.0,0.0,2014-04-27 06:00:00,2014-05-06 16:24:00
685,17.0,16.0,1.0,1.0,0.0,0.0,0.0,0.0,2011-06-27 06:36:00,2011-07-09 19:24:00
306,0.0,0.0,0.0,0.0,0.0,0.0,0.0,0.0,2010-12-16 15:48:00,2010-12-17 22:00:00
777,0.0,0.0,0.0,0.0,0.0,0.0,0.0,0.0,2011-08-10 07:48:00,2011-08-14 11:12:00
6397,0.0,0.0,0.0,0.0,0.0,0.0,0.0,0.0,2016-02-28 20:24:00,2016-03-07 01:48:00
671,0.0,0.0,0.0,0.0,0.0,0.0,0.0,0.0,2011-06-14 23:48:00,2011-06-16 15:48:00
5284,0.0,0.0,0.0,0.0,0.0,0.0,0.0,0.0,2015-03-04 09:36:00,2015-03-15 16:24:00
5724,0.0,0.0,0.0,0.0,0.0,0.0,0.0,0.0,2015-06-28 21:24:00,2015-07-11 20:48:00
7124,0.0,0.0,0.0,0.0,0.0,0.0,0.0,0.0,2017-09-02 18:36:00,2017-09-04 08:36:00
5094,0.0,0.0,0.0,0.0,0.0,0.0,0.0,0.0,2015-01-17 17:00:00,2015-01-17 23:00:00
7161,0.0,0.0,0.0,0.0,0.0,0.0,0.0,0.0,2017-10-09 13:00:00,2017-10-17 15:12:00
4919,0.0,0.0,0.0,0.0,0.0,0.0,0.0,0.0,2014-12-09 03:48:00,2014-12-17 08:12:00
6832,0.0,0.0,0.0,0.0,0.0,0.0,0.0,0.0,2016-11-02 20:00:00,2016-11-08 05:12:00
4149,0.0,0.0,0.0,0.0,0.0,0.0,0.0,0.0,2014-05-17 13:24:00,2014-05-17 14:12:00
4856,0.0,0.0,0.0,0.0,0.0,0.0,0.0,0.0,2014-11-20 08:36:00,2014-11-25 07:48:00
6922,3.0,3.0,0.0,0.0,0.0,0.0,0.0,0.0,2017-01-19 13:00:00,2017-01-28 16:36:00
6599,21.0,21.0,3.0,4.0,0.0,0.0,0.0,0.0,2016-06-01 13:24:00,2016-06-12 23:12:00
1340,0.0,0.0,1.0,0.0,0.0,0.0,0.0,0.0,2012-01-21 04:24:00,2012-01-28 23:48:00
578,0.0,0.0,0.0,0.0,0.0,0.0,0.0,0.0,2011-05-04 07:48:00,2011-05-10 01:24:00
2941,0.0,0.0,0.0,0.0,0.0,0.0,0.0,0.0,2013-07-05 18:48:00,2013-07-08 04:24:00
3783,0.0,0.0,0.0,0.0,0.0,0.0,0.0,0.0,2014-02-21 03:24:00,2014-02-21 19:12:00
340,0.0,0.0,0.0,0.0,0.0,0.0,0.0,0.0,2011-01-08 12:24:00,2011-01-10 12:48:00
4802,0.0,0.0,0.0,4.0,0.0,0.0,0.0,0.0,2014-11-08 02:00:00,2014-11-10 05:00:00
5419,0.0,0.0,0.0,0.0,0.0,0.0,0.0,0.0,2015-04-02 13:12:00,2015-04-03 07:36:00
612,0.0,0.0,0.0,0.0,0.0,0.0,0.0,0.0,2011-05-18 11:48:00,2011-05-21 22:00:00
3739,0.0,0.0,0.0,0.0,0.0,0.0,0.0,0.0,2014-02-09 05:00:00,2014-02-12 03:24:00
2302,0.0,0.0,0.0,0.0,0.0,0.0,0.0,0.0,2012-12-13 08:24:00,2012-12-20 14:36:00
2496,0.0,0.0,0.0,0.0,0.0,0.0,0.0,0.0,2013-02-17 00:00:00,2013-02-18 23:48:00
5331,0.0,0.0,0.0,0.0,0.0,0.0,0.0,0.0,2015-03-12 22:00:00,2015-03-22 11:24:00
5361,0.0,0.0,0.0,0.0,0.0,0.0,0.0,0.0,2015-03-21 16:12:00,2015-03-23 23:12:00
2931,0.0,0.0,0.0,0.0,0.0,0.0,0.0,0.0,2013-07-03 18:48:00,2013-07-05 05:48:00
6879,0.0,0.0,0.0,0.0,0.0,0.0,0.0,0.0,2016-12-11 12:24:00,2016-12-11 21:48:00
7143,0.0,0.0,0.0,0.0,0.0,0.0,0.0,0.0,2017-09-19 19:48:00,2017-09-20 11:12:00
3516,0.0,0.0,0.0,0.0,0.0,0.0,0.0,0.0,2013-12-16 23:12:00,2013-12-17 18:12:00
3135,0.0,0.0,0.0,0.0,0.0,0.0,0.0,0.0,2013-08-27 02:48:00,2013-08-30 08:36:00
2023,0.0,0.0,0.0,0.0,0.0,0.0,0.0,0.0,2012-09-07 02:48:00,2012-09-09 23:12:00
4670,0.0,0.0,0.0,0.0,0.0,0.0,0.0,0.0,2014-10-09 01:00:00,2014-10-09 16:36:00
4870,0.0,0.0,0.0,0.0,0.0,0.0,0.0,0.0,2014-11-24 20:24:00,2014-11-27 23:24:00
2918,0.0,0.0,0.0,0.0,0.0,0.0,0.0,0.0,2013-06-30 22:12:00,2013-07-07 10:00:00
6326,0.0,0.0,0.0,0.0,0.0,0.0,0.0,0.0,2016-02-03 22:36:00,2016-02-12 01:36:00
1661,0.0,0.0,0.0,0.0,0.0,0.0,0.0,0.0,2012-05-12 22:00:00,2012-05-13 19:24:00
250,0.0,0.0,0.0,0.0,0.0,0.0,0.0,0.0,2010-11-08 13:12:00,2010-11-17 07:00:00
1658,0.0,0.0,2.0,2.0,0.0,0.0,0.0,0.0,2012-05-12 12:36:00,2012-05-24 17:24:00
4678,3.0,3.0,3.0,3.0,1.0,0.0,0.0,0.0,2014-10-11 11:12:00,2014-10-24 20:00:00
3475,0.0,0.0,0.0,0.0,0.0,0.0,0.0,0.0,2013-12-07 22:36:00,2013-12-08 16:12:00
2038,0.0,0.0,0.0,0.0,0.0,0.0,0.0,0.0,2012-09-15 09:24:00,2012-09-24 19:24:00
5529,0.0,0.0,0.0,0.0,0.0,0.0,0.0,0.0,2015-05-01 09:36:00,2015-05-02 10:48:00
2254,0.0,0.0,0.0,0.0,0.0,0.0,0.0,0.0,2012-11-29 03:24:00,2012-12-01 17:00:00
6428,0.0,0.0,0.0,0.0,0.0,0.0,0.0,0.0,2016-03-11 15:36:00,2016-03-13 17:24:00
6493,0.0,0.0,0.0,0.0,0.0,0.0,0.0,0.0,2016-04-13 00:12:00,2016-04-14 13:36:00
5039,1.0,1.0,19.0,16.0,0.0,0.0,0.0,0.0,2015-01-06 20:24:00,2015-01-21 01:12:00
1312,0.0,0.0,0.0,0.0,0.0,0.0,0.0,0.0,2012-01-12 22:12:00,2012-01-20 17:48:00
6728,0.0,0.0,0.0,0.0,0.0,0.0,0.0,0.0,2016-08-29 09:00:00,2016-09-09 16:24:00
6753,0.0,0.0,0.0,0.0,0.0,0.0,0.0,0.0,2016-09-10 22:48:00,2016-09-11 23:12:00
6416,0.0,0.0,0.0,0.0,0.0,0.0,0.0,0.0,2016-03-08 15:36:00,2016-03-09 20:12:00
3343,0.0,0.0,0.0,0.0,0.0,0.0,0.0,0.0,2013-11-02 07:36:00,2013-11-06 00:36:00
6698,0.0,0.0,0.0,0.0,0.0,0.0,0.0,0.0,2016-08-06 23:24:00,2016-08-07 03:48:00
2847,0.0,0.0,0.0,0.0,0.0,0.0,0.0,0.0,2013-06-10 21:12:00,2013-06-15 00:24:00
291,0.0,0.0,0.0,0.0,0.0,0.0,0.0,0.0,2010-12-06 16:36:00,2010-12-13 00:00:00
4285,0.0,0.0,0.0,0.0,0.0,0.0,0.0,0.0,2014-06-23 19:00:00,2014-06-24 12:48:00
5758,2.0,2.0,2.0,0.0,0.0,0.0,0.0,0.0,2015-07-07 09:00:00,2015-07-20 07:12:00
1272,0.0,0.0,0.0,0.0,0.0,0.0,0.0,0.0,2011-12-31 06:48:00,2012-01-04 00:24:00
5223,0.0,0.0,0.0,0.0,0.0,0.0,0.0,0.0,2015-02-15 11:00:00,2015-02-16 19:12:00
1305,0.0,0.0,0.0,0.0,0.0,0.0,0.0,0.0,2012-01-10 10:12:00,2012-01-14 04:00:00
4906,0.0,0.0,0.0,0.0,0.0,0.0,0.0,0.0,2014-12-06 14:00:00,2014-12-09 02:12:00
201,0.0,0.0,0.0,0.0,0.0,0.0,0.0,0.0,2010-09-29 15:12:00,2010-10-01 17:48:00
533,0.0,0.0,0.0,0.0,0.0,0.0,0.0,0.0,2011-04-24 18:36:00,2011-04-28 06:12:00
7265,0.0,0.0,0.0,0.0,0.0,0.0,0.0,0.0,2018-05-27 16:00:00,2018-05-28 14:24:00
1165,0.0,0.0,0.0,0.0,0.0,0.0,0.0,0.0,2011-12-05 17:36:00,2011-12-12 09:36:00
175,22.0,22.0,0.0,0.0,0.0,0.0,0.0,0.0,2010-09-10 10:48:00,2010-09-23 13:36:00
4268,0.0,0.0,0.0,0.0,0.0,0.0,0.0,0.0,2014-06-19 18:36:00,2014-06-26 20:12:00
2107,0.0,0.0,0.0,0.0,0.0,0.0,0.0,0.0,2012-10-06 12:36:00,2012-10-19 09:36:00
3443,0.0,0.0,0.0,0.0,0.0,0.0,0.0,0.0,2013-11-28 21:24:00,2013-12-06 06:36:00
7181,0.0,0.0,0.0,0.0,0.0,0.0,0.0,0.0,2017-10-31 11:36:00,2017-10-31 21:36:00
1982,0.0,0.0,0.0,0.0,0.0,0.0,0.0,0.0,2012-08-27 07:12:00,2012-09-03 22:48:00
1999,3.0,4.0,34.0,33.0,2.0,2.0,0.0,0.0,2012-08-30 12:36:00,2012-09-12 09:00:00
281,0.0,0.0,0.0,0.0,0.0,0.0,0.0,0.0,2010-12-02 21:48:00,2010-12-12 15:00:00
319,0.0,0.0,0.0,0.0,0.0,0.0,0.0,0.0,2010-12-26 10:24:00,2010-12-27 19:12:00
6446,0.0,0.0,0.0,0.0,0.0,0.0,0.0,0.0,2016-03-19 14:36:00,2016-03-19 18:12:00
5198,0.0,0.0,0.0,0.0,0.0,0.0,0.0,0.0,2015-02-11 03:36:00,2015-02-22 11:24:00
166,0.0,0.0,0.0,0.0,0.0,0.0,0.0,0.0,2010-09-04 03:48:00,2010-09-05 12:48:00
10,2.0,3.0,0.0,0.0,0.0,0.0,0.0,0.0,2010-05-02 23:12:00,2010-05-07 21:36:00
6483,41.0,40.0,26.0,24.0,1.0,1.0,0.0,0.0,2016-04-07 08:00:00,2016-04-20 14:48:00
2838,0.0,0.0,0.0,0.0,0.0,0.0,0.0,0.0,2013-06-06 22:12:00,2013-06-19 03:00:00
5652,0.0,0.0,0.0,0.0,0.0,0.0,0.0,0.0,2015-06-05 02:24:00,2015-06-09 12:24:00
4287,0.0,0.0,0.0,0.0,0.0,0.0,0.0,0.0,2014-06-25 15:00:00,2014-06-27 10:12:00
6622,0.0,0.0,0.0,0.0,0.0,0.0,0.0,0.0,2016-06-13 18:24:00,2016-06-21 14:48:00
5257,0.0,0.0,0.0,0.0,0.0,0.0,0.0,0.0,2015-02-26 03:36:00,2015-02-26 19:24:00
5989,0.0,0.0,0.0,0.0,0.0,0.0,0.0,0.0,2015-09-26 10:12:00,2015-10-05 00:36:00
6396,0.0,0.0,0.0,0.0,0.0,0.0,0.0,0.0,2016-02-28 04:12:00,2016-03-03 17:12:00
5820,0.0,0.0,0.0,0.0,0.0,0.0,0.0,0.0,2015-07-27 08:48:00,2015-08-07 21:12:00
4053,0.0,0.0,0.0,0.0,0.0,0.0,0.0,0.0,2014-04-22 05:36:00,2014-04-28 10:36:00
183,0.0,0.0,0.0,0.0,0.0,0.0,0.0,0.0,2010-09-12 06:24:00,2010-09-17 04:00:00
2026,10.0,11.0,4.0,6.0,0.0,0.0,0.0,0.0,2012-09-09 16:36:00,2012-09-22 05:48:00
5763,0.0,0.0,0.0,0.0,0.0,0.0,0.0,0.0,2015-07-08 13:00:00,2015-07-13 09:12:00
4448,11.0,11.0,4.0,4.0,0.0,0.0,0.0,0.0,2014-08-10 10:24:00,2014-08-23 08:36:00
6937,0.0,0.0,0.0,0.0,0.0,0.0,0.0,0.0,2017-01-29 01:48:00,2017-02-06 09:12:00
1329,0.0,0.0,0.0,0.0,0.0,0.0,0.0,0.0,2012-01-15 22:00:00,2012-01-18 03:24:00
4783,0.0,0.0,0.0,0.0,0.0,0.0,0.0,0.0,2014-11-04 03:00:00,2014-11-15 09:48:00
2301,0.0,0.0,0.0,0.0,0.0,0.0,0.0,0.0,2012-12-13 03:12:00,2012-12-24 23:00:00
675,0.0,0.0,0.0,0.0,0.0,0.0,0.0,0.0,2011-06-17 13:36:00,2011-06-19 11:36:00
6684,0.0,0.0,0.0,0.0,0.0,0.0,0.0,0.0,2016-07-17 06:00:00,2016-07-20 00:48:00
38,0.0,0.0,0.0,0.0,0.0,0.0,0.0,0.0,2010-05-26 11:24:00,2010-06-05 11:12:00
3635,0.0,0.0,0.0,0.0,0.0,0.0,0.0,0.0,2014-01-15 00:48:00,2014-01-25 00:00:00
1750,4.0,5.0,41.0,45.0,5.0,5.0,0.0,0.0,2012-06-08 11:36:00,2012-06-22 00:00:00
86,26.0,26.0,5.0,6.0,0.0,0.0,0.0,0.0,2010-07-08 11:12:00,2010-07-21 16:00:00
5275,0.0,0.0,0.0,2.0,0.0,0.0,0.0,0.0,2015-03-02 03:00:00,2015-03-14 20:00:00
3111,0.0,0.0,0.0,0.0,0.0,0.0,0.0,0.0,2013-08-20 09:36:00,2013-08-20 16:00:00
4705,0.0,0.0,0.0,0.0,0.0,0.0,0.0,0.0,2014-10-17 03:24:00,2014-10-18 01:24:00
3257,0.0,0.0,0.0,0.0,0.0,0.0,0.0,0.0,2013-10-05 11:48:00,2013-10-06 02:36:00
5688,0.0,0.0,0.0,0.0,0.0,0.0,0.0,0.0,2015-06-14 18:00:00,2015-06-21 01:00:00
3505,0.0,0.0,0.0,0.0,0.0,0.0,0.0,0.0,2013-12-14 09:00:00,2013-12-16 18:12:00
6748,0.0,0.0,0.0,0.0,0.0,0.0,0.0,0.0,2016-09-08 03:00:00,2016-09-09 20:00:00
5956,31.0,31.0,35.0,35.0,2.0,1.0,0.0,0.0,2015-09-10 16:12:00,2015-09-23 10:12:00
4600,0.0,0.0,0.0,0.0,0.0,0.0,0.0,0.0,2014-09-22 14:48:00,2014-09-26 03:00:00
2641,0.0,0.0,0.0,0.0,0.0,0.0,0.0,0.0,2013-04-05 15:48:00,2013-04-12 03:12:00
6785,0.0,0.0,0.0,0.0,0.0,0.0,0.0,0.0,2016-09-29 16:24:00,2016-10-06 10:12:00
4117,0.0,0.0,0.0,0.0,0.0,0.0,0.0,0.0,2014-05-08 14:36:00,2014-05-08 15:36:00
5107,9.0,8.0,34.0,33.0,6.0,6.0,0.0,0.0,2015-01-21 15:48:00,2015-02-04 20:12:00
3823,0.0,0.0,0.0,0.0,0.0,0.0,0.0,0.0,2014-03-04 09:12:00,2014-03-05 23:24:00
6091,0.0,0.0,0.0,0.0,0.0,0.0,0.0,0.0,2015-11-10 22:36:00,2015-11-15 13:00:00
78,0.0,0.0,0.0,0.0,0.0,0.0,0.0,0.0,2010-06-30 23:48:00,2010-07-09 15:48:00
2906,0.0,0.0,0.0,0.0,0.0,0.0,0.0,0.0,2013-06-27 04:12:00,2013-07-04 08:00:00
5994,0.0,0.0,0.0,0.0,0.0,0.0,0.0,0.0,2015-09-29 17:48:00,2015-10-03 15:36:00
3918,0.0,0.0,0.0,0.0,0.0,0.0,0.0,0.0,2014-03-26 08:24:00,2014-03-31 18:48:00
2012,0.0,0.0,0.0,0.0,0.0,0.0,0.0,0.0,2012-09-04 05:24:00,2012-09-11 13:24:00
2479,0.0,0.0,0.0,0.0,0.0,0.0,0.0,0.0,2013-02-11 10:36:00,2013-02-16 00:48:00
5764,0.0,0.0,0.0,0.0,0.0,0.0,0.0,0.0,2015-07-08 19:48:00,2015-07-09 12:00:00
3376,3.0,3.0,28.0,28.0,3.0,3.0,0.0,0.0,2013-11-12 02:00:00,2013-11-25 15:24:00
6907,0.0,0.0,0.0,0.0,0.0,0.0,0.0,0.0,2017-01-08 17:36:00,2017-01-08 21:36:00
507,0.0,0.0,0.0,0.0,0.0,0.0,0.0,0.0,2011-04-13 05:00:00,2011-04-16 15:36:00
683,0.0,0.0,0.0,0.0,0.0,0.0,0.0,0.0,2011-06-26 06:00:00,2011-07-04 08:36:00
5735,0.0,0.0,0.0,0.0,0.0,0.0,0.0,0.0,2015-07-01 08:12:00,2015-07-02 03:12:00
5111,1.0,1.0,4.0,4.0,0.0,0.0,0.0,0.0,2015-01-24 06:24:00,2015-02-02 14:24:00
6223,0.0,0.0,0.0,0.0,0.0,0.0,0.0,0.0,2016-01-01 06:00:00,2016-01-12 16:36:00
2459,0.0,0.0,0.0,0.0,0.0,0.0,0.0,0.0,2013-02-05 05:48:00,2013-02-17 08:00:00
7286,0.0,0.0,0.0,0.0,0.0,0.0,0.0,0.0,2018-07-12 11:24:00,2018-07-12 20:48:00
1064,0.0,0.0,0.0,0.0,0.0,0.0,0.0,0.0,2011-11-11 08:48:00,2011-11-20 04:12:00
2205,0.0,0.0,0.0,0.0,0.0,0.0,0.0,0.0,2012-11-13 08:00:00,2012-11-15 23:12:00
2917,0.0,0.0,0.0,0.0,0.0,0.0,0.0,0.0,2013-06-30 10:24:00,2013-07-05 01:12:00
7063,0.0,0.0,0.0,0.0,0.0,0.0,0.0,0.0,2017-06-24 05:48:00,2017-06-24 13:12:00
6508,0.0,0.0,0.0,0.0,0.0,0.0,0.0,0.0,2016-04-24 04:12:00,2016-04-30 08:36:00
4520,0.0,0.0,0.0,0.0,0.0,0.0,0.0,0.0,2014-08-31 02:24:00,2014-09-07 10:36:00
2352,0.0,0.0,0.0,0.0,0.0,0.0,0.0,0.0,2013-01-02 17:24:00,2013-01-13 13:36:00
842,0.0,0.0,0.0,0.0,0.0,0.0,0.0,0.0,2011-09-02 13:36:00,2011-09-14 04:24:00
632,0.0,0.0,0.0,0.0,0.0,0.0,0.0,0.0,2011-05-25 20:48:00,2011-06-05 09:00:00
1545,0.0,0.0,0.0,0.0,0.0,0.0,0.0,0.0,2012-04-07 05:00:00,2012-04-08 11:12:00
6913,0.0,0.0,0.0,0.0,0.0,0.0,0.0,0.0,2017-01-14 15:36:00,2017-01-18 06:48:00
7190,0.0,0.0,0.0,0.0,0.0,0.0,0.0,0.0,2017-11-16 07:24:00,2017-11-20 13:48:00
1938,0.0,0.0,0.0,0.0,0.0,0.0,0.0,0.0,2012-08-09 21:12:00,2012-08-14 02:48:00
3895,0.0,0.0,0.0,0.0,0.0,0.0,0.0,0.0,2014-03-21 11:48:00,2014-03-22 04:48:00
716,0.0,0.0,0.0,0.0,0.0,0.0,0.0,0.0,2011-07-11 09:00:00,2011-07-13 18:12:00
2178,0.0,0.0,0.0,0.0,0.0,0.0,0.0,0.0,2012-11-04 19:12:00,2012-11-09 04:00:00
6807,0.0,0.0,0.0,0.0,0.0,0.0,0.0,0.0,2016-10-14 00:12:00,2016-10-14 02:36:00
3946,0.0,0.0,0.0,0.0,0.0,0.0,0.0,0.0,2014-03-30 14:24:00,2014-04-06 08:24:00
6635,0.0,0.0,0.0,0.0,0.0,0.0,0.0,0.0,2016-06-18 08:24:00,2016-06-24 20:12:00
1688,2.0,3.0,1.0,1.0,0.0,0.0,0.0,0.0,2012-05-20 13:24:00,2012-06-01 04:36:00
2725,0.0,0.0,0.0,0.0,0.0,0.0,0.0,0.0,2013-05-04 10:48:00,2013-05-04 21:24:00
3680,0.0,0.0,0.0,0.0,0.0,0.0,0.0,0.0,2014-01-24 02:48:00,2014-01-25 07:24:00
1325,0.0,0.0,0.0,0.0,0.0,0.0,0.0,0.0,2012-01-15 04:24:00,2012-01-20 11:48:00
5682,0.0,0.0,0.0,0.0,0.0,0.0,0.0,0.0,2015-06-13 11:36:00,2015-06-18 06:48:00
5153,0.0,0.0,0.0,0.0,0.0,0.0,0.0,0.0,2015-02-03 05:36:00,2015-02-03 15:48:00
4315,0.0,0.0,12.0,12.0,0.0,0.0,0.0,0.0,2014-06-30 18:24:00,2014-07-14 00:00:00
2283,0.0,0.0,0.0,0.0,0.0,0.0,0.0,0.0,2012-12-09 10:48:00,2012-12-10 07:48:00
7259,0.0,0.0,0.0,0.0,0.0,0.0,0.0,0.0,2018-05-20 22:24:00,2018-05-26 17:00:00
2230,0.0,0.0,0.0,0.0,0.0,0.0,0.0,0.0,2012-11-20 19:12:00,2012-11-22 23:12:00
5745,3.0,3.0,19.0,19.0,2.0,2.0,0.0,0.0,2015-07-03 12:24:00,2015-07-16 00:12:00
384,15.0,14.0,21.0,20.0,4.0,4.0,0.0,0.0,2011-02-12 19:00:00,2011-02-25 04:00:00
3999,4.0,4.0,34.0,34.0,1.0,1.0,0.0,0.0,2014-04-10 18:48:00,2014-04-22 20:24:00
3530,0.0,0.0,0.0,0.0,0.0,0.0,0.0,0.0,2013-12-21 11:24:00,2013-12-22 05:24:00
2607,0.0,0.0,0.0,0.0,0.0,0.0,0.0,0.0,2013-03-30 00:12:00,2013-04-05 20:48:00
1220,0.0,0.0,0.0,0.0,0.0,0.0,0.0,0.0,2011-12-18 15:36:00,2011-12-27 06:00:00
6402,0.0,0.0,0.0,0.0,0.0,0.0,0.0,0.0,2016-03-01 15:12:00,2016-03-05 05:24:00
4399,0.0,0.0,0.0,0.0,0.0,0.0,0.0,0.0,2014-07-27 06:00:00,2014-08-06 09:24:00
808,0.0,0.0,0.0,0.0,0.0,0.0,0.0,0.0,2011-08-21 00:24:00,2011-08-27 11:36:00
2594,0.0,0.0,0.0,0.0,0.0,0.0,0.0,0.0,2013-03-25 19:00:00,2013-04-01 21:48:00
4082,0.0,0.0,0.0,0.0,0.0,0.0,0.0,0.0,2014-04-28 03:48:00,2014-05-05 19:24:00
1695,0.0,0.0,0.0,0.0,0.0,0.0,0.0,0.0,2012-05-22 08:36:00,2012-05-30 02:24:00
4186,5.0,5.0,3.0,3.0,1.0,1.0,0.0,0.0,2014-05-30 00:24:00,2014-06-11 10:00:00
4074,0.0,0.0,0.0,0.0,0.0,0.0,0.0,0.0,2014-04-27 02:24:00,2014-04-27 21:24:00
3900,0.0,0.0,0.0,0.0,0.0,0.0,0.0,0.0,2014-03-23 05:12:00,2014-03-29 03:36:00
5935,2.0,2.0,0.0,0.0,0.0,0.0,0.0,0.0,2015-09-01 05:00:00,2015-09-10 10:00:00
5450,0.0,0.0,0.0,0.0,0.0,0.0,0.0,0.0,2015-04-11 14:00:00,2015-04-19 11:24:00
4214,0.0,0.0,0.0,0.0,0.0,0.0,0.0,0.0,2014-06-06 00:12:00,2014-06-09 00:00:00
4756,0.0,0.0,0.0,0.0,0.0,0.0,0.0,0.0,2014-10-28 17:48:00,2014-10-29 18:36:00
6443,0.0,0.0,0.0,0.0,0.0,0.0,0.0,0.0,2016-03-18 07:00:00,2016-03-18 15:36:00
538,4.0,5.0,0.0,0.0,0.0,0.0,0.0,0.0,2011-04-25 13:24:00,2011-05-05 21:24:00
3754,0.0,0.0,0.0,0.0,0.0,0.0,0.0,0.0,2014-02-14 19:24:00,2014-02-18 16:12:00
5714,0.0,0.0,0.0,0.0,0.0,0.0,0.0,0.0,2015-06-25 23:12:00,2015-07-05 09:00:00
36,0.0,0.0,0.0,0.0,0.0,0.0,0.0,0.0,2010-05-25 02:12:00,2010-06-01 10:12:00
6692,6.0,5.0,3.0,3.0,0.0,0.0,0.0,0.0,2016-08-04 02:12:00,2016-08-12 21:00:00
2048,0.0,0.0,0.0,0.0,0.0,0.0,0.0,0.0,2012-09-19 22:12:00,2012-09-27 23:24:00
6752,0.0,0.0,0.0,0.0,0.0,0.0,0.0,0.0,2016-09-08 18:24:00,2016-09-15 01:24:00
2423,0.0,0.0,0.0,0.0,0.0,0.0,0.0,0.0,2013-01-25 05:48:00,2013-02-04 03:00:00
2673,13.0,13.0,62.0,57.0,1.0,1.0,0.0,0.0,2013-04-19 04:24:00,2013-04-27 09:12:00
2812,0.0,0.0,0.0,0.0,0.0,0.0,0.0,0.0,2013-05-29 13:00:00,2013-06-07 09:48:00
6354,0.0,0.0,0.0,0.0,0.0,0.0,0.0,0.0,2016-02-12 18:24:00,2016-02-12 22:12:00
5644,4.0,4.0,15.0,14.0,0.0,0.0,0.0,0.0,2015-06-03 02:24:00,2015-06-16 21:48:00
5546,0.0,0.0,0.0,0.0,0.0,0.0,0.0,0.0,2015-05-08 13:00:00,2015-05-08 23:24:00
3355,0.0,0.0,0.0,0.0,0.0,0.0,0.0,0.0,2013-11-06 09:48:00,2013-11-09 21:48:00
6149,0.0,0.0,0.0,0.0,0.0,0.0,0.0,0.0,2015-11-29 22:12:00,2015-12-05 20:48:00
4696,0.0,0.0,0.0,0.0,0.0,0.0,0.0,0.0,2014-10-16 03:48:00,2014-10-25 04:12:00
6769,19.0,19.0,2.0,1.0,0.0,0.0,0.0,0.0,2016-09-19 01:00:00,2016-09-30 16:48:00
2235,0.0,0.0,0.0,0.0,0.0,0.0,0.0,0.0,2012-11-22 14:12:00,2012-11-22 22:36:00
6027,11.0,10.0,21.0,21.0,0.0,0.0,0.0,0.0,2015-10-16 15:12:00,2015-10-30 12:48:00
6820,0.0,0.0,0.0,0.0,0.0,0.0,0.0,0.0,2016-10-25 21:24:00,2016-11-01 20:12:00
7264,0.0,0.0,0.0,0.0,0.0,0.0,0.0,0.0,2018-05-27 12:48:00,2018-05-27 20:00:00
2261,0.0,0.0,0.0,0.0,0.0,0.0,0.0,0.0,2012-12-04 10:24:00,2012-12-13 18:24:00
6407,0.0,0.0,0.0,0.0,0.0,0.0,0.0,0.0,2016-03-03 22:12:00,2016-03-05 10:00:00
1694,0.0,0.0,0.0,0.0,0.0,0.0,0.0,0.0,2012-05-22 06:36:00,2012-05-27 08:24:00
3927,0.0,0.0,0.0,0.0,0.0,0.0,0.0,0.0,2014-03-27 13:12:00,2014-03-29 18:00:00
5544,0.0,0.0,0.0,0.0,0.0,0.0,0.0,0.0,2015-05-06 22:24:00,2015-05-20 06:00:00
6501,0.0,0.0,0.0,0.0,0.0,0.0,0.0,0.0,2016-04-16 05:24:00,2016-04-17 13:48:00
6498,0.0,0.0,0.0,0.0,0.0,0.0,0.0,0.0,2016-04-14 20:24:00,2016-04-16 13:24:00
2355,0.0,0.0,0.0,0.0,0.0,0.0,0.0,0.0,2013-01-03 15:12:00,2013-01-08 23:12:00
6489,0.0,0.0,0.0,0.0,0.0,0.0,0.0,0.0,2016-04-10 14:36:00,2016-04-15 12:36:00
664,0.0,0.0,0.0,0.0,0.0,0.0,0.0,0.0,2011-06-10 20:48:00,2011-06-11 09:00:00
130,0.0,1.0,0.0,0.0,0.0,0.0,0.0,0.0,2010-08-09 23:24:00,2010-08-20 20:48:00
924,0.0,0.0,0.0,0.0,0.0,0.0,0.0,0.0,2011-10-03 01:36:00,2011-10-10 00:36:00
3553,0.0,0.0,0.0,0.0,0.0,0.0,0.0,0.0,2013-12-28 14:36:00,2014-01-03 14:48:00
643,1.0,1.0,0.0,0.0,0.0,0.0,0.0,0.0,2011-05-29 06:48:00,2011-06-07 14:24:00
5412,0.0,0.0,0.0,0.0,0.0,0.0,0.0,0.0,2015-04-01 23:00:00,2015-04-05 13:36:00
1210,2.0,2.0,10.0,10.0,0.0,0.0,0.0,0.0,2011-12-17 00:24:00,2011-12-28 16:24:00
2080,0.0,0.0,0.0,0.0,0.0,0.0,0.0,0.0,2012-09-27 17:12:00,2012-09-27 18:12:00
5628,0.0,0.0,0.0,0.0,0.0,0.0,0.0,0.0,2015-05-28 11:36:00,2015-05-29 01:36:00
5049,0.0,0.0,0.0,0.0,0.0,0.0,0.0,0.0,2015-01-07 15:48:00,2015-01-11 02:36:00
3123,0.0,0.0,0.0,0.0,0.0,0.0,0.0,0.0,2013-08-24 17:36:00,2013-08-25 01:48:00
2200,0.0,0.0,0.0,0.0,0.0,0.0,0.0,0.0,2012-11-12 09:24:00,2012-11-12 16:36:00
6437,8.0,8.0,2.0,2.0,0.0,0.0,0.0,0.0,2016-03-15 23:24:00,2016-03-28 19:36:00
4777,0.0,0.0,0.0,0.0,0.0,0.0,0.0,0.0,2014-11-02 15:12:00,2014-11-08 22:48:00
3134,0.0,0.0,0.0,0.0,0.0,0.0,0.0,0.0,2013-08-27 01:24:00,2013-09-02 01:12:00
933,0.0,0.0,0.0,0.0,0.0,0.0,0.0,0.0,2011-10-04 20:00:00,2011-10-05 15:12:00
6258,5.0,2.0,2.0,2.0,0.0,0.0,0.0,0.0,2016-01-10 02:48:00,2016-01-21 09:48:00
4616,0.0,0.0,4.0,4.0,0.0,0.0,0.0,0.0,2014-09-27 02:36:00,2014-10-09 17:36:00
2522,5.0,5.0,1.0,2.0,0.0,0.0,0.0,0.0,2013-03-02 10:12:00,2013-03-17 03:12:00
3670,0.0,0.0,0.0,0.0,0.0,0.0,0.0,0.0,2014-01-21 05:24:00,2014-01-21 14:00:00
2740,0.0,0.0,0.0,0.0,0.0,0.0,0.0,0.0,2013-05-10 14:00:00,2013-05-10 23:24:00
6372,0.0,0.0,0.0,0.0,0.0,0.0,0.0,0.0,2016-02-19 11:24:00,2016-02-21 09:12:00
927,3.0,3.0,1.0,0.0,0.0,0.0,0.0,0.0,2011-10-03 18:00:00,2011-10-17 19:24:00
2116,0.0,0.0,0.0,0.0,0.0,0.0,0.0,0.0,2012-10-12 19:36:00,2012-10-20 19:24:00
6555,0.0,0.0,0.0,0.0,0.0,0.0,0.0,0.0,2016-05-13 10:48:00,2016-05-21 23:48:00
1477,0.0,0.0,0.0,0.0,0.0,0.0,0.0,0.0,2012-03-15 10:12:00,2012-03-17 22:36:00
6487,0.0,0.0,0.0,0.0,0.0,0.0,0.0,0.0,2016-04-08 23:36:00,2016-04-16 19:24:00
3856,0.0,0.0,39.0,38.0,1.0,1.0,0.0,0.0,2014-03-14 21:24:00,2014-03-30 15:48:00
4623,0.0,0.0,5.0,5.0,0.0,0.0,0.0,0.0,2014-09-28 09:36:00,2014-10-08 17:36:00
2583,2.0,2.0,1.0,0.0,0.0,0.0,0.0,0.0,2013-03-20 10:48:00,2013-03-26 04:00:00
1819,0.0,0.0,0.0,0.0,0.0,0.0,0.0,0.0,2012-06-29 21:12:00,2012-07-10 01:24:00
2145,0.0,0.0,0.0,0.0,0.0,0.0,0.0,0.0,2012-10-23 05:24:00,2012-10-28 16:48:00
6246,5.0,5.0,0.0,0.0,0.0,0.0,0.0,0.0,2016-01-07 00:24:00,2016-01-18 14:00:00
6739,0.0,0.0,0.0,0.0,0.0,0.0,0.0,0.0,2016-09-06 04:48:00,2016-09-14 22:00:00
556,10.0,11.0,2.0,2.0,0.0,0.0,0.0,0.0,2011-04-28 07:48:00,2011-05-12 00:24:00
5265,0.0,0.0,0.0,0.0,0.0,0.0,0.0,0.0,2015-02-28 09:36:00,2015-03-11 02:12:00
3000,0.0,0.0,0.0,0.0,0.0,0.0,0.0,0.0,2013-07-22 22:36:00,2013-07-23 07:36:00
6264,0.0,0.0,0.0,0.0,0.0,0.0,0.0,0.0,2016-01-11 13:48:00,2016-01-11 19:12:00
850,0.0,0.0,6.0,7.0,0.0,0.0,0.0,0.0,2011-09-08 13:24:00,2011-09-18 11:48:00
2135,0.0,0.0,0.0,0.0,0.0,0.0,0.0,0.0,2012-10-20 05:12:00,2012-10-27 03:24:00
483,0.0,0.0,0.0,0.0,0.0,0.0,0.0,0.0,2011-04-04 16:00:00,2011-04-06 05:36:00
5474,0.0,0.0,0.0,0.0,0.0,0.0,0.0,0.0,2015-04-17 23:12:00,2015-04-24 14:24:00
6420,0.0,0.0,0.0,0.0,0.0,0.0,0.0,0.0,2016-03-10 08:48:00,2016-03-14 16:48:00
1866,2.0,2.0,4.0,4.0,0.0,0.0,0.0,0.0,2012-07-15 08:36:00,2012-07-27 01:36:00
4022,0.0,0.0,0.0,0.0,0.0,0.0,0.0,0.0,2014-04-15 14:48:00,2014-04-20 22:36:00
6505,0.0,0.0,0.0,0.0,0.0,0.0,0.0,0.0,2016-04-19 19:24:00,2016-05-02 18:36:00
5309,0.0,0.0,0.0,0.0,0.0,0.0,0.0,0.0,2015-03-08 05:36:00,2015-03-09 22:00:00
3907,0.0,0.0,2.0,1.0,0.0,0.0,0.0,0.0,2014-03-24 20:12:00,2014-04-05 04:24:00
116,3.0,3.0,0.0,0.0,0.0,0.0,0.0,0.0,2010-08-03 12:48:00,2010-08-14 02:12:00
6619,0.0,0.0,0.0,0.0,0.0,0.0,0.0,0.0,2016-06-11 23:48:00,2016-06-15 07:00:00
3551,0.0,0.0,0.0,0.0,0.0,0.0,0.0,0.0,2013-12-28 07:12:00,2013-12-30 09:12:00
6866,3.0,2.0,0.0,0.0,0.0,0.0,0.0,0.0,2016-11-26 21:12:00,2016-11-29 13:00:00
3328,0.0,0.0,0.0,0.0,0.0,0.0,0.0,0.0,2013-10-28 18:48:00,2013-10-29 06:48:00
1149,2.0,2.0,12.0,12.0,0.0,0.0,0.0,0.0,2011-12-03 14:00:00,2011-12-14 05:48:00
1743,0.0,0.0,0.0,0.0,0.0,0.0,0.0,0.0,2012-06-07 08:48:00,2012-06-09 04:12:00
4101,0.0,0.0,0.0,0.0,0.0,0.0,0.0,0.0,2014-05-05 09:36:00,2014-05-07 20:36:00
1543,0.0,0.0,0.0,0.0,0.0,0.0,0.0,0.0,2012-04-04 02:24:00,2012-04-04 12:48:00
3668,1.0,0.0,0.0,0.0,0.0,0.0,0.0,0.0,2014-01-20 23:36:00,2014-02-01 19:24:00
905,0.0,0.0,0.0,0.0,0.0,0.0,0.0,0.0,2011-09-26 08:48:00,2011-10-03 01:36:00
5469,0.0,0.0,0.0,0.0,0.0,0.0,0.0,0.0,2015-04-17 04:48:00,2015-04-19 17:48:00
1767,0.0,0.0,0.0,0.0,0.0,0.0,0.0,0.0,2012-06-11 04:24:00,2012-06-11 22:00:00
47,0.0,1.0,0.0,0.0,0.0,0.0,0.0,0.0,2010-06-07 06:36:00,2010-06-10 12:12:00
3613,0.0,0.0,0.0,0.0,0.0,0.0,0.0,0.0,2014-01-09 11:48:00,2014-01-14 03:12:00
1103,0.0,0.0,0.0,0.0,0.0,0.0,0.0,0.0,2011-11-18 21:00:00,2011-11-18 22:12:00
2425,0.0,0.0,0.0,0.0,0.0,0.0,0.0,0.0,2013-01-26 23:24:00,2013-01-30 01:12:00
4800,0.0,0.0,11.0,11.0,0.0,0.0,0.0,0.0,2014-11-07 14:36:00,2014-11-21 14:48:00
91,0.0,0.0,0.0,0.0,0.0,0.0,0.0,0.0,2010-07-16 17:12:00,2010-07-21 18:00:00
1419,0.0,0.0,0.0,0.0,0.0,0.0,0.0,0.0,2012-02-20 02:48:00,2012-02-25 22:00:00
443,0.0,0.0,1.0,1.0,0.0,0.0,0.0,0.0,2011-03-24 12:48:00,2011-04-05 02:00:00
3961,0.0,0.0,0.0,0.0,0.0,0.0,0.0,0.0,2014-04-02 15:36:00,2014-04-04 03:12:00
6789,14.0,13.0,0.0,0.0,0.0,0.0,0.0,0.0,2016-10-01 18:12:00,2016-10-13 13:00:00
3842,0.0,0.0,0.0,0.0,0.0,0.0,0.0,0.0,2014-03-09 02:36:00,2014-03-11 17:24:00
1491,0.0,0.0,0.0,0.0,0.0,0.0,0.0,0.0,2012-03-20 22:12:00,2012-03-22 03:48:00
514,14.0,15.0,36.0,36.0,2.0,2.0,0.0,0.0,2011-04-18 13:12:00,2011-05-02 03:00:00
1535,0.0,0.0,0.0,0.0,0.0,0.0,0.0,0.0,2012-04-02 00:00:00,2012-04-02 09:12:00
4724,0.0,0.0,0.0,0.0,0.0,0.0,0.0,0.0,2014-10-21 04:24:00,2014-10-30 22:24:00
4114,0.0,0.0,0.0,0.0,0.0,0.0,0.0,0.0,2014-05-08 08:00:00,2014-05-17 05:12:00
5216,0.0,0.0,0.0,0.0,0.0,0.0,0.0,0.0,2015-02-14 15:24:00,2015-02-15 17:36:00
378,0.0,0.0,0.0,0.0,0.0,0.0,0.0,0.0,2011-02-11 21:36:00,2011-02-19 16:12:00
1354,0.0,0.0,0.0,0.0,0.0,0.0,0.0,0.0,2012-01-26 13:00:00,2012-01-28 08:48:00
3855,0.0,0.0,0.0,0.0,0.0,0.0,0.0,0.0,2014-03-14 09:12:00,2014-03-15 10:00:00
1388,0.0,0.0,0.0,0.0,0.0,0.0,0.0,0.0,2012-02-08 08:48:00,2012-02-10 19:48:00
4071,6.0,6.0,22.0,19.0,2.0,1.0,0.0,0.0,2014-04-26 01:00:00,2014-05-07 18:00:00
6522,0.0,0.0,0.0,0.0,0.0,0.0,0.0,0.0,2016-04-26 10:24:00,2016-05-02 19:24:00
2472,0.0,0.0,0.0,0.0,0.0,0.0,0.0,0.0,2013-02-10 08:00:00,2013-02-12 11:24:00
1238,0.0,0.0,0.0,0.0,0.0,0.0,0.0,0.0,2011-12-22 19:12:00,2011-12-27 13:36:00
6206,17.0,17.0,31.0,31.0,5.0,5.0,0.0,0.0,2015-12-21 05:00:00,2016-01-03 07:48:00
3874,0.0,0.0,1.0,1.0,0.0,0.0,0.0,0.0,2014-03-17 19:24:00,2014-03-29 06:48:00
1062,0.0,0.0,0.0,0.0,0.0,0.0,0.0,0.0,2011-11-10 05:24:00,2011-11-19 02:36:00
6514,0.0,0.0,0.0,0.0,0.0,0.0,0.0,0.0,2016-04-25 05:12:00,2016-04-25 13:24:00
7269,16.0,17.0,0.0,0.0,0.0,0.0,0.0,0.0,2018-06-11 20:00:00,2018-06-24 20:36:00
5847,0.0,0.0,0.0,0.0,0.0,0.0,0.0,0.0,2015-08-02 20:00:00,2015-08-03 19:12:00
6497,0.0,0.0,0.0,0.0,0.0,0.0,0.0,0.0,2016-04-14 12:00:00,2016-04-14 18:12:00
3165,0.0,0.0,0.0,0.0,0.0,0.0,0.0,0.0,2013-09-07 08:12:00,2013-09-14 03:00:00
2591,0.0,0.0,0.0,0.0,0.0,0.0,0.0,0.0,2013-03-23 15:00:00,2013-03-26 10:48:00
7200,0.0,0.0,0.0,0.0,0.0,0.0,0.0,0.0,2017-11-27 18:00:00,2017-11-28 15:00:00
5683,0.0,0.0,0.0,0.0,0.0,0.0,0.0,0.0,2015-06-13 12:12:00,2015-06-14 14:36:00
5915,0.0,0.0,0.0,0.0,0.0,0.0,0.0,0.0,2015-08-26 00:48:00,2015-08-28 17:12:00
3107,0.0,0.0,0.0,0.0,0.0,0.0,0.0,0.0,2013-08-19 02:36:00,2013-08-19 08:24:00
5348,0.0,0.0,0.0,0.0,0.0,0.0,0.0,0.0,2015-03-18 21:36:00,2015-03-26 10:48:00
5925,0.0,0.0,0.0,0.0,0.0,0.0,0.0,0.0,2015-08-29 04:12:00,2015-08-30 12:48:00
217,0.0,0.0,0.0,0.0,0.0,0.0,0.0,0.0,2010-10-13 01:00:00,2010-10-15 08:48:00
2982,0.0,0.0,0.0,0.0,0.0,0.0,0.0,0.0,2013-07-17 13:12:00,2013-07-25 03:00:00
6126,0.0,0.0,0.0,0.0,0.0,0.0,0.0,0.0,2015-11-19 04:12:00,2015-11-19 11:12:00
270,2.0,2.0,0.0,0.0,0.0,0.0,0.0,0.0,2010-11-24 02:36:00,2010-12-04 11:48:00
24,0.0,0.0,0.0,0.0,0.0,0.0,0.0,0.0,2010-05-19 02:48:00,2010-05-26 14:36:00
2570,0.0,0.0,0.0,0.0,0.0,0.0,0.0,0.0,2013-03-14 04:36:00,2013-03-19 21:36:00
2623,0.0,0.0,0.0,0.0,0.0,0.0,0.0,0.0,2013-04-01 14:36:00,2013-04-10 10:24:00
1079,0.0,0.0,0.0,0.0,0.0,0.0,0.0,0.0,2011-11-13 13:36:00,2011-11-25 04:48:00
6187,0.0,0.0,0.0,0.0,0.0,0.0,0.0,0.0,2015-12-13 21:48:00,2015-12-15 06:36:00
5098,0.0,0.0,0.0,0.0,0.0,0.0,0.0,0.0,2015-01-18 01:12:00,2015-01-19 09:00:00
2945,0.0,0.0,0.0,0.0,0.0,0.0,0.0,0.0,2013-07-06 18:48:00,2013-07-16 22:24:00
1221,0.0,0.0,8.0,9.0,0.0,0.0,0.0,0.0,2011-12-18 16:24:00,2012-01-01 09:36:00
4816,0.0,0.0,1.0,0.0,0.0,0.0,0.0,0.0,2014-11-11 19:12:00,2014-11-19 10:24:00
2593,0.0,0.0,0.0,0.0,0.0,0.0,0.0,0.0,2013-03-24 00:12:00,2013-03-28 16:12:00
6828,0.0,0.0,0.0,0.0,0.0,0.0,0.0,0.0,2016-10-31 11:48:00,2016-11-04 14:48:00
5693,0.0,0.0,0.0,0.0,0.0,0.0,0.0,0.0,2015-06-16 00:12:00,2015-06-24 17:00:00
1366,0.0,0.0,0.0,0.0,0.0,0.0,0.0,0.0,2012-01-30 09:36:00,2012-02-05 23:24:00
3422,0.0,0.0,0.0,0.0,0.0,0.0,0.0,0.0,2013-11-22 16:36:00,2013-11-23 00:00:00
5750,0.0,0.0,0.0,0.0,0.0,0.0,0.0,0.0,2015-07-04 21:12:00,2015-07-13 03:24:00
1890,0.0,0.0,0.0,0.0,0.0,0.0,0.0,0.0,2012-07-26 07:00:00,2012-07-27 18:36:00
7328,0.0,0.0,0.0,0.0,0.0,0.0,0.0,0.0,2018-12-26 21:36:00,2019-01-01 10:24:00
5460,0.0,0.0,0.0,0.0,0.0,0.0,0.0,0.0,2015-04-16 05:12:00,2015-04-18 02:00:00
5567,0.0,0.0,0.0,0.0,0.0,0.0,0.0,0.0,2015-05-14 06:36:00,2015-05-23 16:00:00
5131,0.0,0.0,0.0,0.0,0.0,0.0,0.0,0.0,2015-01-28 16:12:00,2015-02-04 19:48:00
1976,0.0,0.0,0.0,0.0,0.0,0.0,0.0,0.0,2012-08-25 22:48:00,2012-09-03 02:48:00
3187,0.0,0.0,0.0,0.0,0.0,0.0,0.0,0.0,2013-09-15 16:00:00,2013-09-16 13:48:00
636,0.0,0.0,0.0,0.0,0.0,0.0,0.0,0.0,2011-05-27 04:00:00,2011-05-30 08:48:00
1218,0.0,0.0,0.0,0.0,0.0,0.0,0.0,0.0,2011-12-18 06:12:00,2011-12-21 15:12:00
4166,1.0,1.0,0.0,0.0,0.0,0.0,0.0,0.0,2014-05-23 10:12:00,2014-06-04 02:24:00
4969,0.0,0.0,2.0,2.0,0.0,0.0,0.0,0.0,2014-12-20 01:36:00,2014-12-31 15:36:00
4541,0.0,0.0,0.0,0.0,0.0,0.0,0.0,0.0,2014-09-05 22:24:00,2014-09-09 11:48:00
6204,0.0,0.0,0.0,0.0,0.0,0.0,0.0,0.0,2015-12-20 21:00:00,2015-12-23 18:36:00
2396,0.0,0.0,0.0,0.0,0.0,0.0,0.0,0.0,2013-01-13 17:00:00,2013-01-15 14:24:00
6909,0.0,0.0,0.0,0.0,0.0,0.0,0.0,0.0,2017-01-11 08:24:00,2017-01-13 02:00:00
392,8.0,8.0,7.0,5.0,1.0,1.0,0.0,0.0,2011-02-24 01:36:00,2011-03-07 06:48:00
6349,0.0,0.0,0.0,0.0,0.0,0.0,0.0,0.0,2016-02-10 15:24:00,2016-02-12 00:12:00
4522,0.0,0.0,0.0,0.0,0.0,0.0,0.0,0.0,2014-08-31 03:00:00,2014-08-31 19:24:00
4444,0.0,0.0,0.0,0.0,0.0,0.0,0.0,0.0,2014-08-09 11:00:00,2014-08-12 10:24:00
5501,0.0,0.0,0.0,0.0,0.0,0.0,0.0,0.0,2015-04-22 08:24:00,2015-04-28 23:36:00
5712,0.0,0.0,0.0,0.0,0.0,0.0,0.0,0.0,2015-06-24 06:36:00,2015-06-29 09:00:00
2711,0.0,0.0,0.0,0.0,0.0,0.0,0.0,0.0,2013-05-01 18:36:00,2013-05-10 22:24:00
279,11.0,18.0,0.0,0.0,0.0,0.0,0.0,0.0,2010-12-01 05:48:00,2010-12-15 08:36:00
7306,0.0,0.0,0.0,0.0,0.0,0.0,0.0,0.0,2018-09-15 16:24:00,2018-09-17 15:00:00
5103,0.0,1.0,0.0,0.0,0.0,0.0,0.0,0.0,2015-01-19 04:24:00,2015-01-30 17:24:00
5355,0.0,0.0,0.0,0.0,0.0,0.0,0.0,0.0,2015-03-20 14:12:00,2015-03-30 08:48:00
2597,11.0,11.0,9.0,9.0,0.0,0.0,0.0,0.0,2013-03-27 20:00:00,2013-04-11 05:36:00
1018,0.0,0.0,0.0,0.0,0.0,0.0,0.0,0.0,2011-10-29 06:36:00,2011-10-30 07:12:00
631,0.0,0.0,0.0,0.0,0.0,0.0,0.0,0.0,2011-05-25 02:36:00,2011-05-26 12:24:00
4150,0.0,0.0,0.0,0.0,0.0,0.0,0.0,0.0,2014-05-18 00:36:00,2014-05-18 05:00:00
1043,0.0,0.0,0.0,0.0,0.0,0.0,0.0,0.0,2011-11-05 05:24:00,2011-11-07 13:36:00
3749,0.0,0.0,0.0,0.0,0.0,0.0,0.0,0.0,2014-02-13 14:12:00,2014-02-22 09:12:00
7235,1.0,1.0,0.0,0.0,0.0,0.0,0.0,0.0,2018-01-30 08:36:00,2018-02-05 08:12:00
6494,0.0,0.0,0.0,0.0,0.0,0.0,0.0,0.0,2016-04-13 19:24:00,2016-04-16 08:36:00
1965,0.0,0.0,0.0,0.0,0.0,0.0,0.0,0.0,2012-08-23 16:36:00,2012-08-24 18:36:00
3608,0.0,0.0,3.0,3.0,0.0,0.0,0.0,0.0,2014-01-08 19:36:00,2014-01-19 13:48:00
3432,3.0,3.0,5.0,5.0,0.0,0.0,0.0,0.0,2013-11-25 23:36:00,2013-12-07 14:00:00
5919,0.0,0.0,0.0,0.0,0.0,0.0,0.0,0.0,2015-08-27 19:24:00,2015-09-05 23:12:00
3508,0.0,0.0,0.0,0.0,0.0,0.0,0.0,0.0,2013-12-14 22:36:00,2013-12-15 02:48:00
2469,14.0,14.0,10.0,9.0,0.0,0.0,0.0,0.0,2013-02-09 02:48:00,2013-02-23 19:36:00
1971,0.0,0.0,0.0,0.0,0.0,0.0,0.0,0.0,2012-08-25 08:36:00,2012-09-03 05:12:00
6770,0.0,0.0,0.0,0.0,0.0,0.0,0.0,0.0,2016-09-20 04:00:00,2016-09-25 23:00:00
4090,0.0,0.0,0.0,0.0,0.0,0.0,0.0,0.0,2014-05-02 06:48:00,2014-05-02 22:24:00
3419,0.0,0.0,0.0,0.0,0.0,0.0,0.0,0.0,2013-11-22 07:36:00,2013-11-24 18:36:00
5379,0.0,0.0,0.0,0.0,0.0,0.0,0.0,0.0,2015-03-24 02:24:00,2015-03-27 10:36:00
2458,0.0,0.0,0.0,0.0,0.0,0.0,0.0,0.0,2013-02-04 19:12:00,2013-02-10 21:36:00
1327,0.0,0.0,0.0,0.0,0.0,0.0,0.0,0.0,2012-01-15 07:00:00,2012-01-17 23:36:00
2958,0.0,0.0,0.0,0.0,0.0,0.0,0.0,0.0,2013-07-12 09:36:00,2013-07-14 00:36:00
5797,0.0,0.0,0.0,0.0,0.0,0.0,0.0,0.0,2015-07-16 07:00:00,2015-07-16 10:12:00
5970,0.0,0.0,0.0,0.0,0.0,0.0,0.0,0.0,2015-09-18 11:36:00,2015-09-28 17:00:00
1963,0.0,0.0,0.0,0.0,0.0,0.0,0.0,0.0,2012-08-23 02:36:00,2012-08-29 06:00:00
832,0.0,0.0,0.0,0.0,0.0,0.0,0.0,0.0,2011-08-29 20:48:00,2011-08-30 13:00:00
3077,0.0,0.0,0.0,0.0,0.0,0.0,0.0,0.0,2013-08-13 11:24:00,2013-08-18 13:00:00
6200,0.0,0.0,0.0,0.0,0.0,0.0,0.0,0.0,2015-12-18 16:00:00,2015-12-22 05:12:00
1566,0.0,0.0,0.0,0.0,0.0,0.0,0.0,0.0,2012-04-12 00:24:00,2012-04-14 08:36:00
4036,0.0,0.0,0.0,0.0,0.0,0.0,0.0,0.0,2014-04-17 04:12:00,2014-04-24 05:36:00
6450,0.0,0.0,0.0,0.0,0.0,0.0,0.0,0.0,2016-03-22 09:00:00,2016-03-28 09:24:00
2005,0.0,0.0,0.0,0.0,0.0,0.0,0.0,0.0,2012-09-02 06:48:00,2012-09-02 08:48:00
3875,0.0,0.0,0.0,0.0,0.0,0.0,0.0,0.0,2014-03-17 19:24:00,2014-03-27 00:48:00
5852,0.0,0.0,0.0,0.0,0.0,0.0,0.0,0.0,2015-08-04 20:24:00,2015-08-13 19:24:00
6840,0.0,0.0,0.0,0.0,0.0,0.0,0.0,0.0,2016-11-11 16:00:00,2016-11-13 09:12:00
20,0.0,0.0,0.0,0.0,0.0,0.0,0.0,0.0,2010-05-13 08:00:00,2010-05-15 12:24:00
7099,0.0,0.0,0.0,0.0,0.0,0.0,0.0,0.0,2017-07-29 15:36:00,2017-07-30 22:36:00
5706,0.0,0.0,0.0,0.0,0.0,0.0,0.0,0.0,2015-06-21 03:24:00,2015-06-21 14:24:00
2186,3.0,5.0,1.0,1.0,1.0,1.0,0.0,0.0,2012-11-07 05:12:00,2012-11-20 09:12:00
90,0.0,0.0,0.0,0.0,0.0,0.0,0.0,0.0,2010-07-13 14:12:00,2010-07-17 22:00:00
2415,0.0,0.0,0.0,0.0,0.0,0.0,0.0,0.0,2013-01-22 21:12:00,2013-01-30 09:00:00
4438,6.0,6.0,1.0,1.0,0.0,0.0,0.0,0.0,2014-08-05 01:24:00,2014-08-14 19:00:00
3130,0.0,0.0,0.0,0.0,0.0,0.0,0.0,0.0,2013-08-26 12:36:00,2013-09-02 06:48:00
1564,0.0,0.0,0.0,0.0,0.0,0.0,0.0,0.0,2012-04-11 07:00:00,2012-04-14 00:00:00
5092,0.0,0.0,0.0,0.0,0.0,0.0,0.0,0.0,2015-01-17 14:24:00,2015-01-22 17:24:00
705,4.0,5.0,0.0,0.0,0.0,0.0,0.0,0.0,2011-07-07 18:24:00,2011-07-20 10:36:00
5808,9.0,9.0,4.0,2.0,0.0,0.0,0.0,0.0,2015-07-23 12:12:00,2015-08-04 04:12:00
6300,0.0,0.0,0.0,0.0,0.0,0.0,0.0,0.0,2016-01-23 17:12:00,2016-01-24 01:36:00
76,0.0,0.0,0.0,0.0,0.0,0.0,0.0,0.0,2010-06-29 21:00:00,2010-07-01 19:48:00
6681,0.0,0.0,0.0,0.0,0.0,0.0,0.0,0.0,2016-07-14 12:36:00,2016-07-21 04:00:00
1556,0.0,0.0,0.0,0.0,0.0,0.0,0.0,0.0,2012-04-09 12:36:00,2012-04-11 08:36:00
1662,4.0,4.0,2.0,2.0,0.0,0.0,0.0,0.0,2012-05-13 06:36:00,2012-05-26 14:36:00
2956,0.0,0.0,0.0,0.0,0.0,0.0,0.0,0.0,2013-07-11 18:24:00,2013-07-20 04:00:00
3481,0.0,0.0,0.0,0.0,0.0,0.0,0.0,0.0,2013-12-08 11:12:00,2013-12-18 16:36:00
6806,0.0,0.0,0.0,0.0,0.0,0.0,0.0,0.0,2016-10-12 17:36:00,2016-10-22 06:24:00
2580,0.0,0.0,0.0,0.0,0.0,0.0,0.0,0.0,2013-03-18 21:12:00,2013-03-24 15:48:00
3344,0.0,0.0,4.0,4.0,1.0,1.0,0.0,0.0,2013-11-02 09:36:00,2013-11-11 02:12:00
2285,0.0,0.0,0.0,0.0,0.0,0.0,0.0,0.0,2012-12-09 19:00:00,2012-12-17 11:12:00
3898,0.0,0.0,0.0,0.0,0.0,0.0,0.0,0.0,2014-03-22 09:36:00,2014-03-23 02:48:00
6677,0.0,0.0,0.0,0.0,0.0,0.0,0.0,0.0,2016-07-13 01:48:00,2016-07-15 02:36:00
1504,0.0,0.0,0.0,0.0,0.0,0.0,0.0,0.0,2012-03-24 00:48:00,2012-03-28 06:12:00
616,0.0,0.0,0.0,0.0,0.0,0.0,0.0,0.0,2011-05-19 12:24:00,2011-05-25 04:24:00
6152,0.0,0.0,0.0,0.0,0.0,0.0,0.0,0.0,2015-12-01 21:48:00,2015-12-03 09:48:00
1035,0.0,0.0,0.0,0.0,0.0,0.0,0.0,0.0,2011-11-02 17:24:00,2011-11-06 03:36:00
2525,1.0,1.0,0.0,0.0,0.0,0.0,0.0,0.0,2013-03-03 21:12:00,2013-03-13 09:12:00
2127,0.0,0.0,0.0,0.0,0.0,0.0,0.0,0.0,2012-10-17 05:36:00,2012-10-19 11:00:00
7051,0.0,0.0,0.0,0.0,0.0,0.0,0.0,0.0,2017-06-14 20:00:00,2017-06-20 17:00:00
3273,0.0,0.0,4.0,4.0,0.0,0.0,0.0,0.0,2013-10-12 07:00:00,2013-10-25 01:48:00
7220,0.0,0.0,0.0,0.0,0.0,0.0,0.0,0.0,2017-12-29 13:36:00,2018-01-04 21:12:00
1689,0.0,0.0,0.0,0.0,0.0,0.0,0.0,0.0,2012-05-20 19:24:00,2012-05-30 02:00:00
5327,0.0,0.0,0.0,0.0,0.0,0.0,0.0,0.0,2015-03-11 16:36:00,2015-03-12 16:12:00
2983,0.0,0.0,0.0,0.0,0.0,0.0,0.0,0.0,2013-07-17 20:00:00,2013-07-18 04:12:00
7037,0.0,0.0,0.0,0.0,0.0,0.0,0.0,0.0,2017-06-03 22:12:00,2017-06-12 14:24:00
5974,6.0,6.0,6.0,6.0,1.0,1.0,0.0,0.0,2015-09-19 19:24:00,2015-10-03 23:00:00
5090,0.0,0.0,0.0,0.0,0.0,0.0,0.0,0.0,2015-01-16 20:48:00,2015-01-24 10:00:00
1233,0.0,0.0,0.0,0.0,0.0,0.0,0.0,0.0,2011-12-22 09:12:00,2011-12-26 02:24:00
6445,0.0,0.0,0.0,0.0,0.0,0.0,0.0,0.0,2016-03-19 06:48:00,2016-03-20 04:48:00
1485,0.0,0.0,0.0,0.0,0.0,0.0,0.0,0.0,2012-03-19 06:12:00,2012-03-21 19:12:00
1405,9.0,9.0,4.0,4.0,0.0,0.0,0.0,0.0,2012-02-15 09:36:00,2012-02-26 17:48:00
4254,0.0,0.0,0.0,0.0,0.0,0.0,0.0,0.0,2014-06-15 15:36:00,2014-06-19 18:48:00
2532,0.0,0.0,0.0,0.0,0.0,0.0,0.0,0.0,2013-03-04 18:12:00,2013-03-09 12:36:00
5385,1.0,0.0,0.0,0.0,0.0,0.0,0.0,0.0,2015-03-25 08:36:00,2015-04-06 11:24:00
2378,0.0,0.0,0.0,0.0,0.0,0.0,0.0,0.0,2013-01-08 12:12:00,2013-01-10 03:36:00
5811,0.0,1.0,0.0,0.0,0.0,0.0,0.0,0.0,2015-07-25 11:36:00,2015-08-06 22:00:00
691,0.0,0.0,0.0,0.0,0.0,0.0,0.0,0.0,2011-06-29 21:24:00,2011-06-30 02:00:00
5409,0.0,0.0,0.0,0.0,0.0,0.0,0.0,0.0,2015-04-01 17:48:00,2015-04-11 09:36:00
1555,0.0,0.0,0.0,0.0,0.0,0.0,0.0,0.0,2012-04-09 05:00:00,2012-04-10 20:24:00
3251,0.0,0.0,0.0,0.0,0.0,0.0,0.0,0.0,2013-10-03 02:00:00,2013-10-03 21:36:00
4398,0.0,0.0,0.0,0.0,0.0,0.0,0.0,0.0,2014-07-27 05:36:00,2014-08-08 14:00:00
2468,0.0,0.0,0.0,0.0,0.0,0.0,0.0,0.0,2013-02-07 21:48:00,2013-02-11 09:48:00
5268,0.0,0.0,0.0,0.0,0.0,0.0,0.0,0.0,2015-03-01 03:36:00,2015-03-07 14:36:00
4757,0.0,0.0,0.0,0.0,0.0,0.0,0.0,0.0,2014-10-28 22:36:00,2014-11-02 11:36:00
6532,7.0,5.0,1.0,1.0,0.0,0.0,0.0,0.0,2016-05-01 17:00:00,2016-05-12 20:36:00
6192,0.0,0.0,0.0,0.0,0.0,0.0,0.0,0.0,2015-12-15 21:48:00,2015-12-26 22:00:00
6613,4.0,2.0,0.0,0.0,0.0,0.0,0.0,0.0,2016-06-09 18:00:00,2016-06-22 23:12:00
4471,0.0,0.0,0.0,0.0,0.0,0.0,0.0,0.0,2014-08-18 04:00:00,2014-08-18 12:48:00
1909,0.0,0.0,0.0,0.0,0.0,0.0,0.0,0.0,2012-07-31 19:00:00,2012-08-04 09:12:00
7054,0.0,0.0,0.0,0.0,0.0,0.0,0.0,0.0,2017-06-16 20:00:00,2017-06-17 03:48:00
3265,0.0,0.0,0.0,0.0,0.0,0.0,0.0,0.0,2013-10-08 01:36:00,2013-10-09 17:36:00
1527,11.0,15.0,3.0,2.0,0.0,0.0,0.0,0.0,2012-03-29 22:00:00,2012-04-11 13:24:00
2576,0.0,0.0,0.0,0.0,0.0,0.0,0.0,0.0,2013-03-17 09:24:00,2013-03-24 09:24:00
7177,0.0,0.0,0.0,0.0,0.0,0.0,0.0,0.0,2017-10-27 04:00:00,2017-10-30 01:00:00
6285,0.0,0.0,0.0,0.0,0.0,0.0,0.0,0.0,2016-01-18 01:12:00,2016-01-20 03:12:00
7244,0.0,0.0,0.0,0.0,0.0,0.0,0.0,0.0,2018-03-15 15:00:00,2018-03-15 21:12:00
7287,0.0,0.0,0.0,0.0,0.0,0.0,0.0,0.0,2018-07-18 00:36:00,2018-07-24 18:36:00
950,2.0,2.0,6.0,6.0,0.0,0.0,0.0,0.0,2011-10-10 20:48:00,2011-10-21 23:48:00
3681,0.0,0.0,0.0,0.0,0.0,0.0,0.0,0.0,2014-01-24 03:36:00,2014-01-28 20:36:00
5934,0.0,0.0,0.0,0.0,0.0,0.0,0.0,0.0,2015-08-31 10:24:00,2015-08-31 23:12:00
3171,0.0,0.0,0.0,0.0,0.0,0.0,0.0,0.0,2013-09-10 08:12:00,2013-09-15 00:48:00
4994,0.0,0.0,0.0,0.0,0.0,0.0,0.0,0.0,2014-12-25 02:36:00,2015-01-01 22:24:00
5675,0.0,0.0,1.0,0.0,0.0,0.0,0.0,0.0,2015-06-11 00:48:00,2015-06-15 12:00:00
2137,14.0,14.0,24.0,22.0,3.0,2.0,1.0,1.0,2012-10-20 13:48:00,2012-11-02 20:48:00
2081,0.0,0.0,0.0,0.0,0.0,0.0,0.0,0.0,2012-09-28 07:48:00,2012-09-28 20:24:00
5589,0.0,0.0,0.0,0.0,0.0,0.0,0.0,0.0,2015-05-17 19:12:00,2015-05-21 09:36:00
2245,23.0,23.0,16.0,16.0,0.0,0.0,0.0,0.0,2012-11-26 21:24:00,2012-12-10 00:24:00
26,4.0,7.0,0.0,0.0,0.0,0.0,0.0,0.0,2010-05-20 16:24:00,2010-05-29 12:36:00
5906,0.0,0.0,0.0,0.0,0.0,0.0,0.0,0.0,2015-08-24 06:36:00,2015-08-27 23:12:00
1399,0.0,0.0,0.0,0.0,0.0,0.0,0.0,0.0,2012-02-12 08:24:00,2012-02-25 02:00:00
6168,0.0,0.0,0.0,0.0,0.0,0.0,0.0,0.0,2015-12-07 10:12:00,2015-12-07 23:36:00
557,0.0,0.0,0.0,0.0,0.0,0.0,0.0,0.0,2011-04-28 08:00:00,2011-04-29 01:00:00
5242,0.0,0.0,0.0,0.0,0.0,0.0,0.0,0.0,2015-02-20 10:24:00,2015-03-02 00:24:00
3066,2.0,2.0,5.0,4.0,0.0,0.0,0.0,0.0,2013-08-11 22:12:00,2013-08-25 09:48:00
2265,0.0,0.0,0.0,0.0,0.0,0.0,0.0,0.0,2012-12-05 23:00:00,2012-12-14 04:36:00
3860,0.0,0.0,0.0,0.0,0.0,0.0,0.0,0.0,2014-03-15 03:12:00,2014-03-16 12:36:00
5415,14.0,14.0,24.0,23.0,1.0,1.0,0.0,0.0,2015-04-02 06:36:00,2015-04-15 20:48:00
5800,0.0,0.0,0.0,0.0,0.0,0.0,0.0,0.0,2015-07-18 20:24:00,2015-07-19 10:36:00
1886,0.0,0.0,2.0,2.0,0.0,0.0,0.0,0.0,2012-07-25 07:48:00,2012-07-29 07:48:00
407,16.0,16.0,19.0,19.0,2.0,2.0,0.0,0.0,2011-03-05 07:24:00,2011-03-17 16:48:00
3750,0.0,0.0,0.0,0.0,0.0,0.0,0.0,0.0,2014-02-13 16:12:00,2014-02-14 03:24:00
1222,0.0,0.0,0.0,0.0,0.0,0.0,0.0,0.0,2011-12-18 22:12:00,2011-12-24 21:12:00
3541,0.0,0.0,0.0,0.0,0.0,0.0,0.0,0.0,2013-12-24 07:48:00,2014-01-01 14:24:00
1611,3.0,4.0,14.0,14.0,0.0,0.0,0.0,0.0,2012-04-23 19:12:00,2012-05-06 23:24:00
3268,0.0,0.0,0.0,0.0,0.0,0.0,0.0,0.0,2013-10-09 09:36:00,2013-10-13 07:00:00
868,0.0,0.0,0.0,0.0,0.0,0.0,0.0,0.0,2011-09-13 15:48:00,2011-09-15 01:48:00
5705,0.0,0.0,0.0,0.0,0.0,0.0,0.0,0.0,2015-06-20 19:00:00,2015-06-23 03:00:00
3666,0.0,0.0,0.0,0.0,0.0,0.0,0.0,0.0,2014-01-20 08:48:00,2014-01-20 20:12:00
4498,0.0,0.0,0.0,0.0,0.0,0.0,0.0,0.0,2014-08-26 02:48:00,2014-08-26 12:00:00
2674,0.0,0.0,0.0,0.0,0.0,0.0,0.0,0.0,2013-04-19 08:00:00,2013-04-20 21:12:00
1119,2.0,3.0,4.0,5.0,0.0,0.0,0.0,0.0,2011-11-26 05:24:00,2011-12-07 03:24:00
4222,0.0,0.0,0.0,0.0,0.0,0.0,0.0,0.0,2014-06-08 07:36:00,2014-06-12 17:00:00
5085,0.0,0.0,0.0,0.0,0.0,0.0,0.0,0.0,2015-01-15 15:36:00,2015-01-17 05:12:00
3711,0.0,0.0,1.0,2.0,0.0,0.0,0.0,0.0,2014-02-02 17:48:00,2014-02-14 23:12:00
354,0.0,0.0,0.0,0.0,0.0,0.0,0.0,0.0,2011-01-26 22:00:00,2011-01-29 10:00:00
2437,0.0,0.0,0.0,0.0,0.0,0.0,0.0,0.0,2013-01-30 09:00:00,2013-02-01 11:48:00
4556,0.0,0.0,4.0,4.0,1.0,1.0,0.0,0.0,2014-09-11 17:48:00,2014-09-24 19:00:00
3091,0.0,0.0,0.0,1.0,0.0,0.0,0.0,0.0,2013-08-17 01:00:00,2013-08-27 08:00:00
2899,0.0,0.0,0.0,0.0,0.0,0.0,0.0,0.0,2013-06-24 21:36:00,2013-06-25 04:48:00
3420,0.0,0.0,6.0,6.0,0.0,0.0,0.0,0.0,2013-11-22 15:24:00,2013-12-05 23:12:00
2069,2.0,2.0,5.0,5.0,0.0,0.0,0.0,0.0,2012-09-25 17:00:00,2012-10-08 17:24:00
1828,0.0,0.0,0.0,0.0,0.0,0.0,0.0,0.0,2012-07-02 00:00:00,2012-07-02 15:24:00
4159,0.0,0.0,0.0,0.0,0.0,0.0,0.0,0.0,2014-05-20 11:36:00,2014-05-21 09:12:00
2658,0.0,0.0,0.0,0.0,0.0,0.0,0.0,0.0,2013-04-11 20:24:00,2013-04-12 00:24:00
5616,0.0,0.0,0.0,0.0,0.0,0.0,0.0,0.0,2015-05-23 14:48:00,2015-05-27 19:00:00
7312,3.0,0.0,0.0,0.0,0.0,0.0,0.0,0.0,2018-10-11 13:00:00,2018-10-22 05:12:00
4572,0.0,0.0,0.0,0.0,0.0,0.0,0.0,0.0,2014-09-15 21:24:00,2014-09-16 02:48:00
5996,0.0,0.0,0.0,0.0,0.0,0.0,0.0,0.0,2015-10-02 01:24:00,2015-10-12 10:24:00
2470,0.0,0.0,0.0,0.0,0.0,0.0,0.0,0.0,2013-02-09 09:24:00,2013-02-16 20:48:00
4373,0.0,0.0,0.0,0.0,0.0,0.0,0.0,0.0,2014-07-17 08:48:00,2014-07-17 15:00:00
6506,0.0,0.0,0.0,0.0,0.0,0.0,0.0,0.0,2016-04-20 04:36:00,2016-04-24 22:48:00
3313,0.0,0.0,0.0,0.0,0.0,0.0,0.0,0.0,2013-10-24 06:48:00,2013-11-01 06:00:00
59,0.0,0.0,0.0,0.0,0.0,0.0,0.0,0.0,2010-06-15 05:12:00,2010-06-21 01:48:00
5446,1.0,1.0,7.0,5.0,5.0,5.0,0.0,0.0,2015-04-10 12:48:00,2015-04-22 06:12:00
211,24.0,29.0,7.0,8.0,1.0,1.0,0.0,0.0,2010-10-08 08:12:00,2010-10-21 03:24:00
3391,0.0,0.0,0.0,0.0,0.0,0.0,0.0,0.0,2013-11-15 13:36:00,2013-11-20 17:12:00
2165,0.0,0.0,0.0,0.0,0.0,0.0,0.0,0.0,2012-10-28 08:48:00,2012-11-02 03:12:00
6257,0.0,0.0,0.0,0.0,0.0,0.0,0.0,0.0,2016-01-09 15:00:00,2016-01-14 05:48:00
1981,0.0,0.0,0.0,0.0,0.0,0.0,0.0,0.0,2012-08-27 03:48:00,2012-08-30 08:24:00
2293,0.0,0.0,0.0,0.0,0.0,0.0,0.0,0.0,2012-12-12 02:24:00,2012-12-13 02:12:00
3407,0.0,0.0,0.0,0.0,0.0,0.0,0.0,0.0,2013-11-19 07:36:00,2013-11-25 09:00:00
1048,0.0,0.0,0.0,0.0,0.0,0.0,0.0,0.0,2011-11-06 22:00:00,2011-11-15 22:36:00
5707,0.0,0.0,0.0,0.0,0.0,0.0,0.0,0.0,2015-06-21 12:24:00,2015-06-21 13:24:00
1674,0.0,0.0,0.0,0.0,0.0,0.0,0.0,0.0,2012-05-16 11:36:00,2012-05-20 11:12:00
2323,0.0,0.0,0.0,0.0,0.0,0.0,0.0,0.0,2012-12-24 06:36:00,2012-12-28 18:36:00
2750,0.0,0.0,6.0,6.0,0.0,0.0,0.0,0.0,2013-05-15 01:00:00,2013-05-21 19:00:00
970,0.0,0.0,0.0,0.0,0.0,0.0,0.0,0.0,2011-10-15 11:12:00,2011-10-28 00:36:00
3742,0.0,0.0,0.0,0.0,0.0,0.0,0.0,0.0,2014-02-10 15:00:00,2014-02-13 01:36:00
6165,0.0,0.0,0.0,0.0,0.0,0.0,0.0,0.0,2015-12-04 22:24:00,2015-12-05 05:24:00
6370,0.0,0.0,0.0,0.0,0.0,0.0,0.0,0.0,2016-02-19 02:48:00,2016-02-23 21:36:00
5635,3.0,2.0,0.0,0.0,0.0,0.0,0.0,0.0,2015-05-30 22:48:00,2015-06-11 01:36:00
6843,0.0,0.0,0.0,0.0,0.0,0.0,0.0,0.0,2016-11-13 08:36:00,2016-11-21 00:00:00
4962,0.0,0.0,0.0,0.0,0.0,0.0,0.0,0.0,2014-12-18 18:36:00,2014-12-28 01:36:00
1071,0.0,0.0,0.0,0.0,0.0,0.0,0.0,0.0,2011-11-12 07:12:00,2011-11-15 07:36:00
39,0.0,0.0,0.0,0.0,0.0,0.0,0.0,0.0,2010-05-26 13:00:00,2010-05-27 07:24:00
2655,0.0,0.0,0.0,0.0,0.0,0.0,0.0,0.0,2013-04-10 09:48:00,2013-04-16 18:24:00
1657,0.0,0.0,0.0,0.0,0.0,0.0,0.0,0.0,2012-05-12 01:48:00,2012-05-22 01:36:00
5692,16.0,16.0,39.0,38.0,7.0,7.0,0.0,0.0,2015-06-15 14:36:00,2015-06-29 00:00:00
7028,0.0,0.0,0.0,0.0,0.0,0.0,0.0,0.0,2017-05-24 14:12:00,2017-05-24 20:48:00
3068,2.0,2.0,1.0,1.0,0.0,0.0,0.0,0.0,2013-08-12 01:00:00,2013-08-24 04:36:00
2370,0.0,0.0,0.0,0.0,0.0,0.0,0.0,0.0,2013-01-06 22:12:00,2013-01-13 00:00:00
7069,0.0,0.0,0.0,0.0,0.0,0.0,0.0,0.0,2017-07-02 11:24:00,2017-07-04 17:12:00
2693,0.0,1.0,32.0,32.0,2.0,2.0,0.0,0.0,2013-04-24 19:12:00,2013-05-06 16:00:00
3577,0.0,0.0,0.0,0.0,0.0,0.0,0.0,0.0,2014-01-04 01:00:00,2014-01-04 03:48:00
1384,0.0,0.0,0.0,0.0,0.0,0.0,0.0,0.0,2012-02-05 11:00:00,2012-02-05 18:48:00
6777,0.0,0.0,0.0,0.0,0.0,0.0,0.0,0.0,2016-09-25 17:48:00,2016-09-26 05:36:00
799,0.0,0.0,0.0,0.0,0.0,0.0,0.0,0.0,2011-08-16 13:12:00,2011-08-21 16:36:00
6122,0.0,0.0,0.0,0.0,0.0,0.0,0.0,0.0,2015-11-18 14:48:00,2015-11-19 23:00:00
891,0.0,0.0,0.0,0.0,0.0,0.0,0.0,0.0,2011-09-21 09:00:00,2011-09-21 19:48:00
960,0.0,0.0,0.0,0.0,0.0,0.0,0.0,0.0,2011-10-12 15:24:00,2011-10-13 12:12:00
2634,0.0,0.0,1.0,0.0,0.0,0.0,0.0,0.0,2013-04-05 11:24:00,2013-04-14 17:36:00
5490,0.0,0.0,0.0,2.0,0.0,0.0,0.0,0.0,2015-04-21 08:24:00,2015-05-02 02:24:00
6429,0.0,0.0,0.0,0.0,0.0,0.0,0.0,0.0,2016-03-12 08:36:00,2016-03-12 12:48:00
976,3.0,3.0,17.0,21.0,0.0,0.0,0.0,0.0,2011-10-17 02:24:00,2011-10-31 07:36:00
3647,4.0,5.0,25.0,21.0,0.0,0.0,0.0,0.0,2014-01-17 09:00:00,2014-02-01 15:48:00
920,0.0,0.0,0.0,0.0,0.0,0.0,0.0,0.0,2011-10-01 21:48:00,2011-10-02 12:48:00
2981,13.0,12.0,21.0,21.0,0.0,0.0,0.0,0.0,2013-07-17 13:12:00,2013-08-01 05:12:00
3788,0.0,0.0,0.0,0.0,0.0,0.0,0.0,0.0,2014-02-22 16:48:00,2014-02-22 20:24:00
6140,5.0,4.0,0.0,0.0,0.0,0.0,0.0,0.0,2015-11-24 02:48:00,2015-12-06 03:36:00
2207,0.0,0.0,0.0,0.0,0.0,0.0,0.0,0.0,2012-11-13 11:00:00,2012-11-21 18:12:00
1913,0.0,0.0,0.0,0.0,0.0,0.0,0.0,0.0,2012-08-02 15:48:00,2012-08-04 10:00:00
3109,0.0,0.0,0.0,0.0,0.0,0.0,0.0,0.0,2013-08-19 13:48:00,2013-08-22 23:00:00
4503,0.0,0.0,0.0,0.0,0.0,0.0,0.0,0.0,2014-08-26 22:12:00,2014-08-27 10:48:00
4718,0.0,0.0,0.0,0.0,0.0,0.0,0.0,0.0,2014-10-19 20:36:00,2014-11-01 16:12:00
6833,0.0,0.0,0.0,0.0,0.0,0.0,0.0,0.0,2016-11-02 20:36:00,2016-11-08 01:36:00
1680,0.0,0.0,0.0,0.0,0.0,0.0,0.0,0.0,2012-05-17 17:12:00,2012-05-23 13:24:00
481,0.0,0.0,0.0,0.0,0.0,0.0,0.0,0.0,2011-04-04 06:48:00,2011-04-10 14:00:00
627,0.0,0.0,0.0,0.0,0.0,0.0,0.0,0.0,2011-05-24 07:12:00,2011-05-25 19:24:00
7115,0.0,0.0,52.0,51.0,27.0,26.0,3.0,3.0,2017-08-28 09:00:00,2017-09-10 11:12:00
3882,0.0,0.0,0.0,0.0,0.0,0.0,0.0,0.0,2014-03-19 05:12:00,2014-03-20 06:00:00
405,0.0,0.0,0.0,0.0,0.0,0.0,0.0,0.0,2011-03-03 15:48:00,2011-03-05 18:48:00
3052,0.0,0.0,0.0,0.0,0.0,0.0,0.0,0.0,2013-08-07 19:12:00,2013-08-08 05:00:00
3220,0.0,0.0,0.0,0.0,0.0,0.0,0.0,0.0,2013-09-23 09:48:00,2013-10-05 13:12:00
7074,0.0,0.0,0.0,0.0,0.0,0.0,0.0,0.0,2017-07-05 05:24:00,2017-07-08 12:48:00
7292,0.0,0.0,0.0,0.0,0.0,0.0,0.0,0.0,2018-08-05 12:12:00,2018-08-14 06:36:00
206,0.0,0.0,0.0,0.0,0.0,0.0,0.0,0.0,2010-10-04 03:00:00,2010-10-05 00:36:00
3996,0.0,0.0,7.0,7.0,0.0,0.0,0.0,0.0,2014-04-09 22:00:00,2014-04-22 19:48:00
2832,5.0,5.0,0.0,0.0,0.0,0.0,0.0,0.0,2013-06-05 04:48:00,2013-06-18 08:24:00
990,0.0,0.0,0.0,0.0,0.0,0.0,0.0,0.0,2011-10-20 03:36:00,2011-10-24 15:48:00
4080,0.0,0.0,0.0,0.0,0.0,0.0,0.0,0.0,2014-04-27 17:12:00,2014-04-30 01:48:00
2998,0.0,0.0,0.0,0.0,0.0,0.0,0.0,0.0,2013-07-22 04:24:00,2013-07-30 22:24:00
3845,0.0,0.0,9.0,9.0,0.0,0.0,0.0,0.0,2014-03-09 15:36:00,2014-03-16 22:12:00
17,0.0,0.0,0.0,0.0,0.0,0.0,0.0,0.0,2010-05-06 17:00:00,2010-05-09 21:00:00
5561,0.0,0.0,0.0,0.0,0.0,0.0,0.0,0.0,2015-05-13 11:12:00,2015-05-20 04:36:00
6890,0.0,0.0,0.0,0.0,0.0,0.0,0.0,0.0,2016-12-19 06:12:00,2016-12-25 09:36:00
6655,0.0,0.0,0.0,0.0,0.0,0.0,0.0,0.0,2016-07-03 10:00:00,2016-07-05 22:12:00
6674,0.0,0.0,0.0,0.0,0.0,0.0,0.0,0.0,2016-07-12 16:48:00,2016-07-14 15:36:00
4321,1.0,1.0,12.0,12.0,0.0,0.0,0.0,0.0,2014-07-01 22:24:00,2014-07-15 05:12:00
1601,0.0,0.0,0.0,0.0,0.0,0.0,0.0,0.0,2012-04-20 17:00:00,2012-04-25 07:12:00
1800,0.0,0.0,0.0,0.0,0.0,0.0,0.0,0.0,2012-06-23 22:00:00,2012-06-23 23:24:00
7085,0.0,0.0,0.0,0.0,0.0,0.0,0.0,0.0,2017-07-14 08:24:00,2017-07-20 18:24:00
12,5.0,4.0,0.0,0.0,0.0,0.0,0.0,0.0,2010-05-03 05:12:00,2010-05-13 12:00:00
2571,3.0,2.0,0.0,0.0,0.0,0.0,0.0,0.0,2013-03-15 09:00:00,2013-03-28 03:00:00
851,1.0,1.0,0.0,0.0,0.0,0.0,0.0,0.0,2011-09-08 18:00:00,2011-09-17 21:00:00
4014,0.0,0.0,0.0,0.0,0.0,0.0,0.0,0.0,2014-04-13 16:36:00,2014-04-17 08:24:00
54,6.0,14.0,7.0,5.0,1.0,1.0,0.0,0.0,2010-06-11 06:24:00,2010-06-14 23:24:00
537,0.0,0.0,0.0,0.0,0.0,0.0,0.0,0.0,2011-04-25 11:12:00,2011-05-03 05:36:00
4050,0.0,0.0,0.0,0.0,0.0,0.0,0.0,0.0,2014-04-20 10:00:00,2014-04-25 22:12:00
7209,0.0,0.0,0.0,0.0,0.0,0.0,0.0,0.0,2017-12-16 00:36:00,2017-12-18 01:48:00
5778,0.0,0.0,0.0,0.0,0.0,0.0,0.0,0.0,2015-07-12 10:00:00,2015-07-21 19:48:00
1795,5.0,7.0,6.0,6.0,0.0,0.0,0.0,0.0,2012-06-22 21:12:00,2012-07-05 10:12:00
629,0.0,0.0,0.0,0.0,0.0,0.0,0.0,0.0,2011-05-24 14:00:00,2011-05-26 14:36:00
1171,0.0,0.0,3.0,3.0,0.0,0.0,0.0,0.0,2011-12-07 16:48:00,2011-12-19 15:24:00
6154,1.0,1.0,1.0,1.0,0.0,0.0,0.0,0.0,2015-12-02 18:36:00,2015-12-14 11:00:00
1872,0.0,0.0,0.0,0.0,0.0,0.0,0.0,0.0,2012-07-18 23:12:00,2012-07-21 15:48:00
634,0.0,0.0,0.0,0.0,0.0,0.0,0.0,0.0,2011-05-26 13:48:00,2011-05-28 00:12:00
7103,0.0,0.0,0.0,0.0,0.0,0.0,0.0,0.0,2017-08-05 03:12:00,2017-08-11 10:12:00
1372,0.0,0.0,0.0,0.0,0.0,0.0,0.0,0.0,2012-01-31 09:48:00,2012-02-09 02:48:00
870,0.0,0.0,0.0,0.0,0.0,0.0,0.0,0.0,2011-09-14 01:36:00,2011-09-14 05:00:00
4861,0.0,0.0,0.0,0.0,0.0,0.0,0.0,0.0,2014-11-22 14:00:00,2014-11-24 19:12:00
6038,0.0,0.0,0.0,0.0,0.0,0.0,0.0,0.0,2015-10-18 12:12:00,2015-10-19 12:00:00
4288,0.0,0.0,5.0,5.0,0.0,0.0,0.0,0.0,2014-06-25 16:24:00,2014-07-07 23:00:00
3385,0.0,0.0,0.0,0.0,0.0,0.0,0.0,0.0,2013-11-14 06:36:00,2013-11-24 23:00:00
5586,7.0,4.0,2.0,1.0,0.0,0.0,0.0,0.0,2015-05-17 07:36:00,2015-05-28 19:24:00
4765,0.0,0.0,0.0,0.0,0.0,0.0,0.0,0.0,2014-10-30 19:12:00,2014-11-05 01:48:00
2700,0.0,0.0,0.0,0.0,0.0,0.0,0.0,0.0,2013-04-28 02:12:00,2013-04-28 13:48:00
432,0.0,0.0,0.0,0.0,0.0,0.0,0.0,0.0,2011-03-18 12:48:00,2011-03-19 22:24:00
1482,0.0,0.0,0.0,0.0,0.0,0.0,0.0,0.0,2012-03-18 06:00:00,2012-03-18 15:00:00
1581,0.0,0.0,0.0,0.0,0.0,0.0,0.0,0.0,2012-04-16 09:36:00,2012-04-17 22:36:00
1944,0.0,0.0,0.0,0.0,0.0,0.0,0.0,0.0,2012-08-17 06:12:00,2012-08-23 12:36:00
3697,0.0,0.0,0.0,0.0,0.0,0.0,0.0,0.0,2014-01-29 23:12:00,2014-01-30 06:24:00
6090,0.0,0.0,0.0,0.0,0.0,0.0,0.0,0.0,2015-11-10 20:48:00,2015-11-10 23:48:00
5230,3.0,2.0,0.0,0.0,0.0,0.0,0.0,0.0,2015-02-17 21:36:00,2015-03-01 23:48:00
6826,0.0,0.0,0.0,0.0,0.0,0.0,0.0,0.0,2016-10-30 07:36:00,2016-11-06 18:24:00
356,0.0,0.0,0.0,0.0,0.0,0.0,0.0,0.0,2011-01-30 05:36:00,2011-02-02 00:00:00
3055,0.0,0.0,0.0,0.0,0.0,0.0,0.0,0.0,2013-08-09 01:36:00,2013-08-09 23:00:00
6180,0.0,0.0,0.0,0.0,0.0,0.0,0.0,0.0,2015-12-12 00:00:00,2015-12-12 18:24:00
5632,0.0,0.0,0.0,0.0,0.0,0.0,0.0,0.0,2015-05-29 04:36:00,2015-05-31 21:00:00
5067,0.0,0.0,0.0,0.0,0.0,0.0,0.0,0.0,2015-01-11 16:24:00,2015-01-18 19:00:00
6950,0.0,0.0,0.0,0.0,0.0,0.0,0.0,0.0,2017-02-14 22:12:00,2017-02-24 22:12:00
301,0.0,0.0,0.0,0.0,0.0,0.0,0.0,0.0,2010-12-15 12:00:00,2010-12-23 15:24:00
3256,0.0,0.0,0.0,0.0,0.0,0.0,0.0,0.0,2013-10-05 11:24:00,2013-10-09 05:24:00
5069,0.0,0.0,0.0,0.0,0.0,0.0,0.0,0.0,2015-01-12 05:36:00,2015-01-17 22:00:00
693,0.0,0.0,0.0,0.0,0.0,0.0,0.0,0.0,2011-07-01 13:36:00,2011-07-09 14:36:00
5514,0.0,0.0,0.0,0.0,0.0,0.0,0.0,0.0,2015-04-26 10:12:00,2015-04-26 17:48:00
6197,0.0,0.0,0.0,0.0,0.0,0.0,0.0,0.0,2015-12-17 08:48:00,2015-12-18 18:00:00
3326,0.0,0.0,0.0,0.0,0.0,0.0,0.0,0.0,2013-10-28 04:24:00,2013-11-03 07:24:00
6846,3.0,2.0,0.0,0.0,0.0,0.0,0.0,0.0,2016-11-15 19:36:00,2016-11-26 14:12:00
2316,0.0,0.0,0.0,0.0,0.0,0.0,0.0,0.0,2012-12-18 22:12:00,2012-12-20 11:24:00
2691,0.0,0.0,13.0,13.0,0.0,0.0,0.0,0.0,2013-04-24 03:00:00,2013-05-04 19:36:00
2464,0.0,0.0,0.0,0.0,0.0,0.0,0.0,0.0,2013-02-06 17:00:00,2013-02-09 14:00:00
6075,0.0,0.0,3.0,3.0,0.0,0.0,0.0,0.0,2015-11-03 19:36:00,2015-11-16 21:48:00
1462,0.0,0.0,0.0,0.0,0.0,0.0,0.0,0.0,2012-03-09 09:36:00,2012-03-17 16:12:00
7303,0.0,0.0,0.0,0.0,0.0,0.0,0.0,0.0,2018-09-03 14:12:00,2018-09-07 13:24:00
3358,0.0,0.0,0.0,0.0,0.0,0.0,0.0,0.0,2013-11-06 18:12:00,2013-11-14 12:00:00
3038,0.0,0.0,0.0,0.0,0.0,0.0,0.0,0.0,2013-08-01 22:48:00,2013-08-08 19:12:00
2267,0.0,0.0,0.0,0.0,0.0,0.0,0.0,0.0,2012-12-06 04:00:00,2012-12-08 16:00:00
4164,0.0,0.0,0.0,0.0,0.0,0.0,0.0,0.0,2014-05-23 01:24:00,2014-05-27 21:12:00
5447,4.0,4.0,55.0,51.0,2.0,2.0,0.0,0.0,2015-04-10 14:36:00,2015-04-25 16:48:00
4239,0.0,0.0,0.0,0.0,0.0,0.0,0.0,0.0,2014-06-11 21:24:00,2014-06-15 05:48:00
75,0.0,0.0,0.0,0.0,0.0,0.0,0.0,0.0,2010-06-28 08:00:00,2010-07-07 04:00:00
3932,0.0,0.0,0.0,0.0,0.0,0.0,0.0,0.0,2014-03-28 05:36:00,2014-04-01 11:48:00
2602,0.0,0.0,0.0,0.0,0.0,0.0,0.0,0.0,2013-03-27 21:12:00,2013-03-30 05:12:00
3959,0.0,0.0,0.0,0.0,0.0,0.0,0.0,0.0,2014-04-01 16:48:00,2014-04-02 10:24:00
6173,0.0,0.0,0.0,0.0,0.0,0.0,0.0,0.0,2015-12-10 12:00:00,2015-12-15 22:12:00
1386,0.0,0.0,0.0,0.0,0.0,0.0,0.0,0.0,2012-02-07 14:12:00,2012-02-13 04:36:00
4528,0.0,0.0,0.0,0.0,0.0,0.0,0.0,0.0,2014-09-02 11:36:00,2014-09-06 14:12:00
2156,0.0,0.0,0.0,0.0,0.0,0.0,0.0,0.0,2012-10-26 03:48:00,2012-10-27 19:36:00
1746,0.0,0.0,0.0,0.0,0.0,0.0,0.0,0.0,2012-06-08 01:36:00,2012-06-14 06:24:00
2500,0.0,0.0,0.0,0.0,0.0,0.0,0.0,0.0,2013-02-23 10:12:00,2013-03-02 09:12:00
6427,3.0,3.0,1.0,1.0,0.0,0.0,0.0,0.0,2016-03-11 13:48:00,2016-03-16 09:48:00
6936,0.0,0.0,0.0,0.0,0.0,0.0,0.0,0.0,2017-01-28 07:00:00,2017-02-02 01:12:00
6118,0.0,0.0,0.0,0.0,0.0,0.0,0.0,0.0,2015-11-17 17:48:00,2015-11-18 20:36:00
6916,0.0,0.0,0.0,0.0,0.0,0.0,0.0,0.0,2017-01-15 09:00:00,2017-01-19 19:24:00
1387,0.0,0.0,0.0,0.0,0.0,0.0,0.0,0.0,2012-02-08 05:36:00,2012-02-10 16:36:00
1547,0.0,0.0,0.0,0.0,0.0,0.0,0.0,0.0,2012-04-07 11:12:00,2012-04-15 09:00:00
4764,0.0,0.0,1.0,0.0,0.0,0.0,0.0,0.0,2014-10-30 12:36:00,2014-11-08 22:48:00
545,0.0,0.0,0.0,0.0,0.0,0.0,0.0,0.0,2011-04-25 23:24:00,2011-05-03 06:48:00
4631,0.0,0.0,0.0,0.0,0.0,0.0,0.0,0.0,2014-09-29 13:12:00,2014-10-06 19:36:00
5159,0.0,0.0,0.0,0.0,0.0,0.0,0.0,0.0,2015-02-04 07:12:00,2015-02-08 06:36:00
2181,6.0,8.0,6.0,6.0,0.0,0.0,0.0,0.0,2012-11-05 23:00:00,2012-11-18 06:48:00
6652,0.0,0.0,0.0,0.0,0.0,0.0,0.0,0.0,2016-06-30 06:12:00,2016-07-01 04:12:00
1470,0.0,0.0,0.0,0.0,0.0,0.0,0.0,0.0,2012-03-11 18:24:00,2012-03-17 11:00:00
7308,0.0,0.0,0.0,0.0,0.0,0.0,0.0,0.0,2018-09-16 21:48:00,2018-09-18 04:24:00
1668,0.0,0.0,0.0,0.0,0.0,0.0,0.0,0.0,2012-05-14 23:24:00,2012-05-21 17:48:00
1922,0.0,0.0,0.0,0.0,0.0,0.0,0.0,0.0,2012-08-04 02:48:00,2012-08-11 19:36:00
83,1.0,1.0,0.0,0.0,0.0,0.0,0.0,0.0,2010-07-04 08:12:00,2010-07-07 05:36:00
2377,0.0,0.0,0.0,0.0,0.0,0.0,0.0,0.0,2013-01-08 09:36:00,2013-01-08 16:00:00
7262,51.0,50.0,1.0,1.0,0.0,0.0,0.0,0.0,2018-05-23 19:24:00,2018-06-05 21:00:00
1998,0.0,0.0,0.0,0.0,0.0,0.0,0.0,0.0,2012-08-30 06:48:00,2012-09-03 13:00:00
3131,0.0,0.0,0.0,0.0,0.0,0.0,0.0,0.0,2013-08-26 17:00:00,2013-08-26 21:36:00
1109,0.0,0.0,0.0,0.0,0.0,0.0,0.0,0.0,2011-11-20 06:36:00,2011-11-22 06:48:00
1385,0.0,0.0,0.0,0.0,0.0,0.0,0.0,0.0,2012-02-07 03:24:00,2012-02-14 20:36:00
296,0.0,0.0,0.0,0.0,0.0,0.0,0.0,0.0,2010-12-09 11:36:00,2010-12-12 12:00:00
1941,0.0,0.0,0.0,0.0,0.0,0.0,0.0,0.0,2012-08-15 15:00:00,2012-08-18 19:12:00
5433,0.0,0.0,0.0,0.0,0.0,0.0,0.0,0.0,2015-04-04 20:36:00,2015-04-11 11:36:00
3079,0.0,0.0,0.0,0.0,0.0,0.0,0.0,0.0,2013-08-14 06:24:00,2013-08-17 09:00:00
6436,1.0,1.0,0.0,0.0,0.0,0.0,0.0,0.0,2016-03-15 15:12:00,2016-03-19 12:48:00
3766,0.0,0.0,27.0,21.0,2.0,2.0,0.0,0.0,2014-02-16 14:12:00,2014-03-02 02:24:00
1836,0.0,0.0,0.0,0.0,0.0,0.0,0.0,0.0,2012-07-04 16:24:00,2012-07-04 23:48:00
275,0.0,1.0,0.0,0.0,0.0,0.0,0.0,0.0,2010-11-29 11:24:00,2010-12-05 14:00:00
3804,0.0,0.0,20.0,21.0,3.0,3.0,0.0,0.0,2014-02-25 07:00:00,2014-03-11 12:48:00
5437,0.0,0.0,0.0,0.0,0.0,0.0,0.0,0.0,2015-04-05 04:12:00,2015-04-13 22:12:00
4842,0.0,0.0,0.0,0.0,0.0,0.0,0.0,0.0,2014-11-15 20:12:00,2014-11-22 12:36:00
7094,0.0,0.0,0.0,0.0,0.0,0.0,0.0,0.0,2017-07-22 12:24:00,2017-07-23 16:12:00
1783,0.0,0.0,0.0,0.0,0.0,0.0,0.0,0.0,2012-06-18 20:00:00,2012-06-25 04:24:00
6690,0.0,0.0,0.0,0.0,0.0,0.0,0.0,0.0,2016-07-31 03:36:00,2016-08-04 16:36:00
3072,0.0,0.0,0.0,0.0,0.0,0.0,0.0,0.0,2013-08-12 13:24:00,2013-08-14 17:00:00
5617,0.0,0.0,0.0,0.0,0.0,0.0,0.0,0.0,2015-05-23 21:00:00,2015-05-25 17:24:00
5462,3.0,3.0,7.0,7.0,0.0,1.0,0.0,0.0,2015-04-16 11:36:00,2015-04-29 18:24:00
4294,0.0,0.0,14.0,11.0,2.0,2.0,0.0,0.0,2014-06-27 16:36:00,2014-07-12 13:36:00
3756,0.0,0.0,0.0,0.0,0.0,0.0,0.0,0.0,2014-02-14 22:36:00,2014-02-25 20:00:00
5374,0.0,2.0,0.0,4.0,0.0,0.0,0.0,0.0,2015-03-23 06:48:00,2015-04-04 04:36:00
3176,1.0,1.0,0.0,0.0,0.0,0.0,0.0,0.0,2013-09-10 19:36:00,2013-09-21 05:00:00
1471,3.0,5.0,0.0,0.0,0.0,0.0,0.0,0.0,2012-03-11 22:00:00,2012-03-22 04:36:00
4414,0.0,0.0,0.0,0.0,0.0,0.0,0.0,0.0,2014-07-30 04:48:00,2014-08-02 19:12:00
3059,0.0,0.0,0.0,0.0,0.0,0.0,0.0,0.0,2013-08-09 18:00:00,2013-08-09 22:36:00
4820,0.0,0.0,0.0,0.0,0.0,0.0,0.0,0.0,2014-11-12 13:48:00,2014-11-16 11:36:00
4679,0.0,0.0,0.0,0.0,0.0,0.0,0.0,0.0,2014-10-12 12:24:00,2014-10-20 21:00:00
1552,0.0,0.0,0.0,0.0,0.0,0.0,0.0,0.0,2012-04-08 13:48:00,2012-04-10 10:36:00
2556,0.0,0.0,0.0,0.0,0.0,0.0,0.0,0.0,2013-03-09 19:48:00,2013-03-13 18:48:00
6888,0.0,0.0,0.0,0.0,0.0,0.0,0.0,0.0,2016-12-17 08:12:00,2016-12-23 02:00:00
1507,0.0,0.0,0.0,0.0,0.0,0.0,0.0,0.0,2012-03-24 02:36:00,2012-03-24 08:00:00
2042,0.0,0.0,0.0,0.0,0.0,0.0,0.0,0.0,2012-09-18 08:24:00,2012-09-24 05:48:00
2735,0.0,0.0,13.0,12.0,0.0,0.0,0.0,0.0,2013-05-08 18:24:00,2013-05-21 06:12:00
6648,0.0,3.0,0.0,0.0,0.0,0.0,0.0,0.0,2016-06-27 22:12:00,2016-07-07 09:24:00
7116,0.0,0.0,0.0,0.0,0.0,0.0,0.0,0.0,2017-08-28 21:00:00,2017-08-30 02:48:00
6279,0.0,0.0,0.0,0.0,0.0,0.0,0.0,0.0,2016-01-16 08:48:00,2016-01-18 12:00:00
7073,0.0,0.0,0.0,0.0,0.0,0.0,0.0,0.0,2017-07-05 03:48:00,2017-07-05 12:48:00
6878,0.0,0.0,0.0,0.0,0.0,0.0,0.0,0.0,2016-12-06 07:24:00,2016-12-06 22:36:00
6317,7.0,7.0,4.0,4.0,0.0,0.0,0.0,0.0,2016-02-01 07:36:00,2016-02-12 19:24:00
6544,7.0,8.0,5.0,3.0,0.0,0.0,0.0,0.0,2016-05-07 17:00:00,2016-05-16 18:00:00
6276,0.0,0.0,0.0,0.0,0.0,0.0,0.0,0.0,2016-01-15 08:36:00,2016-01-16 05:36:00
4829,0.0,0.0,0.0,0.0,0.0,0.0,0.0,0.0,2014-11-14 12:00:00,2014-11-21 20:00:00
779,0.0,0.0,0.0,0.0,0.0,0.0,0.0,0.0,2011-08-10 12:24:00,2011-08-18 09:12:00
2873,0.0,0.0,0.0,0.0,0.0,0.0,0.0,0.0,2013-06-18 06:12:00,2013-06-27 12:12:00
4537,0.0,0.0,0.0,0.0,0.0,0.0,0.0,0.0,2014-09-04 06:00:00,2014-09-04 16:12:00
4302,0.0,0.0,0.0,0.0,0.0,0.0,0.0,0.0,2014-06-28 23:00:00,2014-07-05 12:36:00
604,0.0,0.0,0.0,0.0,0.0,0.0,0.0,0.0,2011-05-15 05:24:00,2011-05-15 16:12:00
1072,0.0,0.0,0.0,0.0,0.0,0.0,0.0,0.0,2011-11-12 07:36:00,2011-11-20 12:48:00
6109,0.0,0.0,0.0,0.0,0.0,0.0,0.0,0.0,2015-11-15 02:48:00,2015-11-20 19:24:00
2058,0.0,0.0,0.0,0.0,0.0,0.0,0.0,0.0,2012-09-23 12:24:00,2012-10-03 03:48:00
2625,1.0,0.0,0.0,0.0,0.0,0.0,0.0,0.0,2013-04-03 04:12:00,2013-04-14 03:36:00
5986,0.0,0.0,0.0,0.0,0.0,0.0,0.0,0.0,2015-09-23 22:24:00,2015-09-29 13:00:00
1492,8.0,6.0,7.0,7.0,0.0,0.0,0.0,0.0,2012-03-21 15:24:00,2012-04-02 19:48:00
6452,0.0,0.0,0.0,0.0,0.0,0.0,0.0,0.0,2016-03-23 05:24:00,2016-03-25 22:12:00
5318,0.0,0.0,0.0,0.0,0.0,0.0,0.0,0.0,2015-03-10 11:12:00,2015-03-13 18:48:00
3981,0.0,0.0,0.0,0.0,0.0,0.0,0.0,0.0,2014-04-06 19:36:00,2014-04-07 01:12:00
5285,0.0,0.0,0.0,0.0,0.0,0.0,0.0,0.0,2015-03-04 12:36:00,2015-03-05 05:00:00
3246,0.0,0.0,1.0,1.0,0.0,0.0,0.0,0.0,2013-10-01 06:48:00,2013-10-11 06:12:00
6952,16.0,15.0,2.0,2.0,0.0,0.0,0.0,0.0,2017-02-19 03:36:00,2017-03-04 04:24:00
3282,0.0,0.0,0.0,0.0,0.0,0.0,0.0,0.0,2013-10-14 04:36:00,2013-10-20 08:36:00
1094,0.0,0.0,0.0,0.0,0.0,0.0,0.0,0.0,2011-11-17 01:48:00,2011-11-17 07:00:00
5093,0.0,0.0,0.0,0.0,0.0,0.0,0.0,0.0,2015-01-17 15:00:00,2015-01-25 19:24:00
4762,0.0,0.0,0.0,0.0,0.0,0.0,0.0,0.0,2014-10-29 18:12:00,2014-10-29 23:12:00
3726,0.0,0.0,0.0,0.0,0.0,0.0,0.0,0.0,2014-02-05 22:48:00,2014-02-13 22:48:00
2313,0.0,0.0,0.0,0.0,0.0,0.0,0.0,0.0,2012-12-17 18:24:00,2012-12-18 08:12:00
7066,0.0,0.0,0.0,0.0,0.0,0.0,0.0,0.0,2017-06-29 14:12:00,2017-07-06 23:12:00
6824,3.0,3.0,0.0,0.0,0.0,0.0,0.0,0.0,2016-10-29 20:48:00,2016-11-08 22:48:00
7249,0.0,2.0,0.0,0.0,0.0,0.0,0.0,0.0,2018-04-15 11:48:00,2018-04-16 08:48:00
3354,0.0,0.0,0.0,0.0,0.0,0.0,0.0,0.0,2013-11-06 01:00:00,2013-11-06 09:24:00
1488,6.0,6.0,0.0,0.0,0.0,0.0,0.0,0.0,2012-03-19 16:00:00,2012-03-31 11:00:00
3629,0.0,0.0,0.0,0.0,0.0,0.0,0.0,0.0,2014-01-13 02:12:00,2014-01-15 23:24:00
4703,0.0,0.0,0.0,0.0,0.0,0.0,0.0,0.0,2014-10-16 20:12:00,2014-10-19 02:24:00
6171,1.0,1.0,0.0,0.0,0.0,0.0,0.0,0.0,2015-12-08 18:36:00,2015-12-15 03:48:00
3062,0.0,0.0,0.0,0.0,0.0,0.0,0.0,0.0,2013-08-11 04:24:00,2013-08-13 18:36:00
5073,0.0,0.0,0.0,0.0,0.0,0.0,0.0,0.0,2015-01-13 19:24:00,2015-01-25 09:36:00
3851,0.0,0.0,0.0,0.0,0.0,0.0,0.0,0.0,2014-03-13 13:24:00,2014-03-14 14:48:00
5051,0.0,0.0,5.0,5.0,0.0,0.0,0.0,0.0,2015-01-08 10:24:00,2015-01-17 01:36:00
4201,0.0,0.0,0.0,0.0,0.0,0.0,0.0,0.0,2014-06-02 19:24:00,2014-06-12 08:00:00
5890,0.0,0.0,0.0,0.0,0.0,0.0,0.0,0.0,2015-08-20 11:12:00,2015-08-27 18:12:00
4613,0.0,0.0,0.0,0.0,0.0,0.0,0.0,0.0,2014-09-25 16:00:00,2014-10-03 10:24:00
3984,0.0,0.0,0.0,0.0,0.0,0.0,0.0,0.0,2014-04-07 04:36:00,2014-04-16 12:00:00
7227,0.0,0.0,0.0,0.0,0.0,0.0,0.0,0.0,2018-01-08 05:24:00,2018-01-11 19:36:00
6250,1.0,1.0,0.0,0.0,0.0,0.0,0.0,0.0,2016-01-07 14:00:00,2016-01-13 10:00:00
1181,0.0,0.0,0.0,0.0,0.0,0.0,0.0,0.0,2011-12-11 02:00:00,2011-12-12 08:48:00
1439,0.0,0.0,0.0,0.0,0.0,0.0,0.0,0.0,2012-02-28 03:00:00,2012-03-02 08:00:00
667,17.0,20.0,6.0,6.0,1.0,1.0,0.0,0.0,2011-06-13 12:48:00,2011-06-26 20:24:00
902,4.0,5.0,7.0,6.0,3.0,2.0,0.0,0.0,2011-09-24 15:48:00,2011-10-07 19:36:00
6845,0.0,0.0,0.0,0.0,0.0,0.0,0.0,0.0,2016-11-14 05:36:00,2016-11-23 02:00:00
3163,0.0,0.0,0.0,0.0,0.0,0.0,0.0,0.0,2013-09-07 01:12:00,2013-09-10 10:24:00
6980,0.0,0.0,0.0,0.0,0.0,0.0,0.0,0.0,2017-03-31 04:00:00,2017-04-05 03:24:00
6617,5.0,8.0,1.0,1.0,0.0,0.0,0.0,0.0,2016-06-11 16:48:00,2016-06-23 13:24:00
4295,0.0,0.0,0.0,0.0,0.0,0.0,0.0,0.0,2014-06-28 00:48:00,2014-07-08 07:12:00
4083,0.0,0.0,0.0,0.0,0.0,0.0,0.0,0.0,2014-04-28 05:12:00,2014-05-03 09:00:00
833,7.0,7.0,14.0,14.0,5.0,5.0,3.0,3.0,2011-08-29 23:12:00,2011-09-12 09:24:00
901,0.0,0.0,0.0,0.0,0.0,0.0,0.0,0.0,2011-09-24 05:48:00,2011-09-24 10:00:00
6302,8.0,7.0,3.0,3.0,0.0,0.0,0.0,0.0,2016-01-23 23:24:00,2016-02-06 16:24:00
5673,0.0,0.0,32.0,32.0,3.0,3.0,0.0,0.0,2015-06-10 20:36:00,2015-06-23 20:12:00
1396,5.0,7.0,3.0,3.0,0.0,0.0,0.0,0.0,2012-02-12 00:24:00,2012-02-22 23:12:00
1953,0.0,0.0,0.0,0.0,0.0,0.0,0.0,0.0,2012-08-21 02:00:00,2012-08-30 02:12:00
6598,0.0,0.0,0.0,0.0,0.0,0.0,0.0,0.0,2016-06-01 10:00:00,2016-06-09 09:12:00
4108,0.0,0.0,0.0,0.0,0.0,0.0,0.0,0.0,2014-05-06 13:00:00,2014-05-15 20:00:00
6365,0.0,0.0,0.0,0.0,0.0,0.0,0.0,0.0,2016-02-16 17:48:00,2016-02-24 14:12:00
5804,0.0,0.0,0.0,0.0,0.0,0.0,0.0,0.0,2015-07-21 23:12:00,2015-07-28 23:12:00
96,0.0,0.0,0.0,0.0,0.0,0.0,0.0,0.0,2010-07-21 07:00:00,2010-07-21 20:12:00
753,17.0,22.0,39.0,41.0,3.0,3.0,1.0,1.0,2011-07-27 14:12:00,2011-08-10 21:12:00
1724,1.0,1.0,8.0,8.0,1.0,1.0,0.0,0.0,2012-05-30 22:48:00,2012-06-12 23:12:00
5053,0.0,0.0,0.0,0.0,0.0,0.0,0.0,0.0,2015-01-08 20:12:00,2015-01-15 20:48:00
6170,0.0,0.0,0.0,0.0,0.0,0.0,0.0,0.0,2015-12-08 18:00:00,2015-12-10 22:24:00
6549,0.0,0.0,0.0,0.0,0.0,0.0,0.0,0.0,2016-05-08 19:24:00,2016-05-09 00:00:00
2155,0.0,0.0,3.0,1.0,0.0,0.0,0.0,0.0,2012-10-26 02:00:00,2012-10-27 01:36:00
5689,0.0,0.0,0.0,0.0,0.0,0.0,0.0,0.0,2015-06-15 05:48:00,2015-06-15 09:24:00
5461,0.0,0.0,1.0,1.0,0.0,0.0,0.0,0.0,2015-04-16 05:48:00,2015-04-25 08:24:00
3181,0.0,0.0,0.0,0.0,0.0,0.0,0.0,0.0,2013-09-11 09:00:00,2013-09-15 10:24:00
5113,0.0,0.0,4.0,4.0,0.0,0.0,0.0,0.0,2015-01-25 03:48:00,2015-02-06 06:00:00
686,6.0,7.0,0.0,0.0,0.0,0.0,0.0,0.0,2011-06-28 02:12:00,2011-07-05 08:00:00
4792,0.0,0.0,0.0,0.0,0.0,0.0,0.0,0.0,2014-11-06 08:00:00,2014-11-18 12:24:00
403,0.0,0.0,0.0,0.0,0.0,0.0,0.0,0.0,2011-03-02 16:00:00,2011-03-11 01:48:00
564,0.0,0.0,0.0,0.0,0.0,0.0,0.0,0.0,2011-04-30 21:00:00,2011-05-06 13:48:00
6867,0.0,0.0,0.0,0.0,0.0,0.0,0.0,0.0,2016-11-27 15:00:00,2016-11-28 23:36:00
2567,0.0,0.0,0.0,0.0,0.0,0.0,0.0,0.0,2013-03-12 04:36:00,2013-03-15 09:00:00
3797,0.0,0.0,0.0,0.0,0.0,0.0,0.0,0.0,2014-02-24 19:00:00,2014-02-26 19:24:00
2409,0.0,0.0,0.0,0.0,0.0,0.0,0.0,0.0,2013-01-19 11:36:00,2013-01-25 23:12:00
2055,0.0,0.0,0.0,0.0,0.0,0.0,0.0,0.0,2012-09-22 18:24:00,2012-09-30 06:12:00
6837,0.0,0.0,0.0,0.0,0.0,0.0,0.0,0.0,2016-11-07 16:24:00,2016-11-15 13:36:00
527,0.0,0.0,0.0,0.0,0.0,0.0,0.0,0.0,2011-04-21 13:36:00,2011-04-25 13:12:00
6893,0.0,0.0,0.0,0.0,0.0,0.0,0.0,0.0,2016-12-22 02:12:00,2016-12-30 19:24:00
5394,0.0,0.0,0.0,0.0,0.0,0.0,0.0,0.0,2015-03-27 12:24:00,2015-04-04 05:48:00
1404,0.0,0.0,0.0,0.0,0.0,0.0,0.0,0.0,2012-02-14 08:48:00,2012-02-21 19:24:00
2109,2.0,1.0,14.0,8.0,0.0,0.0,0.0,0.0,2012-10-08 22:12:00,2012-10-22 00:00:00
1249,2.0,2.0,2.0,2.0,0.0,0.0,0.0,0.0,2011-12-25 21:00:00,2012-01-07 06:00:00
2226,0.0,0.0,0.0,0.0,0.0,0.0,0.0,0.0,2012-11-18 17:00:00,2012-11-20 18:24:00
6774,0.0,0.0,0.0,0.0,0.0,0.0,0.0,0.0,2016-09-22 01:48:00,2016-09-24 21:12:00
4000,6.0,6.0,57.0,54.0,1.0,1.0,1.0,0.0,2014-04-10 23:00:00,2014-04-26 20:48:00
3126,0.0,0.0,0.0,0.0,0.0,0.0,0.0,0.0,2013-08-25 21:00:00,2013-08-30 22:12:00
1570,0.0,0.0,0.0,0.0,0.0,0.0,0.0,0.0,2012-04-13 14:48:00,2012-04-17 03:00:00
4386,0.0,0.0,0.0,0.0,0.0,0.0,0.0,0.0,2014-07-24 07:12:00,2014-07-24 20:00:00
7236,0.0,0.0,0.0,0.0,0.0,0.0,0.0,0.0,2018-02-01 22:48:00,2018-02-09 15:24:00
6631,0.0,0.0,0.0,0.0,0.0,0.0,0.0,0.0,2016-06-16 20:48:00,2016-06-20 19:12:00
2787,0.0,0.0,0.0,0.0,0.0,0.0,0.0,0.0,2013-05-25 11:36:00,2013-05-25 18:12:00
171,0.0,0.0,0.0,0.0,0.0,0.0,0.0,0.0,2010-09-08 17:00:00,2010-09-09 14:12:00
2419,0.0,0.0,0.0,0.0,0.0,0.0,0.0,0.0,2013-01-24 13:24:00,2013-01-30 03:36:00
1811,0.0,0.0,0.0,0.0,0.0,0.0,0.0,0.0,2012-06-26 15:00:00,2012-07-05 18:48:00
2776,0.0,0.0,0.0,0.0,0.0,0.0,0.0,0.0,2013-05-23 18:36:00,2013-06-01 05:36:00
4290,0.0,0.0,0.0,0.0,0.0,0.0,0.0,0.0,2014-06-26 10:48:00,2014-06-29 02:00:00
3784,0.0,0.0,19.0,16.0,1.0,1.0,0.0,0.0,2014-02-21 04:36:00,2014-03-10 21:36:00
3395,0.0,0.0,0.0,1.0,0.0,0.0,0.0,0.0,2013-11-16 12:12:00,2013-11-26 03:48:00
6605,0.0,0.0,0.0,0.0,0.0,0.0,0.0,0.0,2016-06-03 14:12:00,2016-06-10 08:12:00
774,0.0,0.0,0.0,0.0,0.0,0.0,0.0,0.0,2011-08-09 17:48:00,2011-08-16 17:36:00
1343,0.0,0.0,0.0,0.0,0.0,0.0,0.0,0.0,2012-01-22 23:24:00,2012-01-23 19:24:00
5130,0.0,0.0,0.0,0.0,0.0,0.0,0.0,0.0,2015-01-27 20:36:00,2015-02-05 01:24:00
3173,0.0,0.0,0.0,0.0,0.0,0.0,0.0,0.0,2013-09-10 12:36:00,2013-09-14 18:00:00
5846,0.0,0.0,0.0,0.0,0.0,0.0,0.0,0.0,2015-08-02 15:24:00,2015-08-03 07:24:00
1667,0.0,0.0,0.0,0.0,0.0,0.0,0.0,0.0,2012-05-14 21:00:00,2012-05-23 03:00:00
3569,0.0,0.0,0.0,0.0,0.0,0.0,0.0,0.0,2014-01-02 06:00:00,2014-01-08 22:12:00
3994,0.0,0.0,0.0,0.0,0.0,0.0,0.0,0.0,2014-04-09 01:12:00,2014-04-12 23:48:00
576,0.0,0.0,0.0,0.0,0.0,0.0,0.0,0.0,2011-05-03 21:12:00,2011-05-13 23:24:00
5138,0.0,0.0,0.0,0.0,0.0,0.0,0.0,0.0,2015-01-31 04:24:00,2015-02-03 08:48:00
5373,0.0,0.0,0.0,0.0,0.0,0.0,0.0,0.0,2015-03-22 22:24:00,2015-03-24 20:12:00
512,0.0,0.0,0.0,0.0,0.0,0.0,0.0,0.0,2011-04-17 16:00:00,2011-04-25 15:36:00
2804,0.0,0.0,0.0,0.0,0.0,0.0,0.0,0.0,2013-05-28 10:36:00,2013-05-30 05:12:00
4317,0.0,0.0,0.0,0.0,0.0,0.0,0.0,0.0,2014-07-01 08:12:00,2014-07-01 23:00:00
390,0.0,0.0,0.0,0.0,0.0,0.0,0.0,0.0,2011-02-19 05:00:00,2011-02-26 04:24:00
4566,0.0,0.0,0.0,0.0,0.0,0.0,0.0,0.0,2014-09-14 00:12:00,2014-09-25 00:48:00
5761,0.0,0.0,0.0,0.0,0.0,0.0,0.0,0.0,2015-07-07 22:00:00,2015-07-15 03:00:00
772,1.0,1.0,0.0,0.0,0.0,0.0,0.0,0.0,2011-08-07 22:48:00,2011-08-16 17:24:00
1672,0.0,0.0,0.0,0.0,0.0,0.0,0.0,0.0,2012-05-15 17:12:00,2012-05-26 21:36:00
5022,0.0,0.0,4.0,4.0,0.0,0.0,0.0,0.0,2015-01-01 05:48:00,2015-01-15 01:48:00
3152,0.0,0.0,0.0,0.0,0.0,0.0,0.0,0.0,2013-09-02 04:36:00,2013-09-05 17:00:00
4915,0.0,0.0,0.0,0.0,0.0,0.0,0.0,0.0,2014-12-08 05:12:00,2014-12-14 11:24:00
1773,0.0,0.0,0.0,0.0,0.0,0.0,0.0,0.0,2012-06-12 19:36:00,2012-06-14 08:36:00
4759,0.0,0.0,0.0,0.0,0.0,0.0,0.0,0.0,2014-10-29 10:12:00,2014-11-03 23:36:00
6334,0.0,0.0,0.0,0.0,0.0,0.0,0.0,0.0,2016-02-05 14:48:00,2016-02-06 10:12:00
2678,0.0,0.0,0.0,0.0,0.0,0.0,0.0,0.0,2013-04-20 06:36:00,2013-04-30 02:12:00
198,6.0,6.0,0.0,0.0,0.0,0.0,0.0,0.0,2010-09-27 20:00:00,2010-10-09 04:24:00
3965,0.0,0.0,0.0,0.0,0.0,0.0,0.0,0.0,2014-04-03 04:36:00,2014-04-12 07:48:00
4061,0.0,0.0,0.0,0.0,0.0,0.0,0.0,0.0,2014-04-23 22:24:00,2014-05-01 03:24:00
5677,0.0,0.0,0.0,0.0,0.0,0.0,0.0,0.0,2015-06-11 22:36:00,2015-06-23 07:48:00
680,0.0,0.0,0.0,0.0,0.0,0.0,0.0,0.0,2011-06-22 05:00:00,2011-06-24 01:36:00
6265,0.0,0.0,0.0,0.0,0.0,0.0,0.0,0.0,2016-01-11 16:12:00,2016-01-12 09:12:00
1046,0.0,0.0,0.0,0.0,0.0,0.0,0.0,0.0,2011-11-05 23:12:00,2011-11-19 20:36:00
6013,0.0,0.0,0.0,0.0,0.0,0.0,0.0,0.0,2015-10-11 19:00:00,2015-10-15 16:48:00
6729,0.0,0.0,0.0,0.0,0.0,0.0,0.0,0.0,2016-08-29 09:12:00,2016-09-04 13:24:00
4832,0.0,0.0,0.0,0.0,0.0,0.0,0.0,0.0,2014-11-15 02:12:00,2014-11-19 13:12:00
7254,0.0,0.0,0.0,0.0,0.0,0.0,0.0,0.0,2018-05-04 06:00:00,2018-05-13 05:36:00
2930,0.0,0.0,0.0,0.0,0.0,0.0,0.0,0.0,2013-07-03 17:24:00,2013-07-06 16:00:00
2533,0.0,0.0,1.0,1.0,0.0,0.0,0.0,0.0,2013-03-05 23:00:00,2013-03-18 03:12:00
4274,0.0,0.0,0.0,0.0,0.0,0.0,0.0,0.0,2014-06-22 11:48:00,2014-06-23 15:00:00
1460,0.0,0.0,0.0,0.0,0.0,0.0,0.0,0.0,2012-03-07 00:48:00,2012-03-11 10:36:00
6661,3.0,3.0,0.0,0.0,0.0,0.0,0.0,0.0,2016-07-06 08:48:00,2016-07-09 13:12:00
7214,0.0,0.0,0.0,0.0,0.0,0.0,0.0,0.0,2017-12-19 14:36:00,2017-12-22 18:36:00
827,0.0,0.0,0.0,0.0,0.0,0.0,0.0,0.0,2011-08-28 05:36:00,2011-08-30 17:12:00
2923,0.0,0.0,0.0,0.0,0.0,0.0,0.0,0.0,2013-07-02 00:00:00,2013-07-04 08:48:00
4261,0.0,0.0,0.0,0.0,0.0,0.0,0.0,0.0,2014-06-17 08:36:00,2014-06-20 22:24:00
1697,0.0,0.0,0.0,0.0,0.0,0.0,0.0,0.0,2012-05-22 12:36:00,2012-06-04 15:24:00
6874,0.0,0.0,0.0,0.0,0.0,0.0,0.0,0.0,2016-11-29 16:48:00,2016-12-04 04:24:00
2432,0.0,0.0,0.0,0.0,0.0,0.0,0.0,0.0,2013-01-27 22:00:00,2013-02-06 02:00:00
2914,0.0,0.0,0.0,0.0,0.0,0.0,0.0,0.0,2013-06-28 17:00:00,2013-07-02 13:48:00
364,4.0,6.0,0.0,0.0,0.0,0.0,0.0,0.0,2011-02-06 13:48:00,2011-02-17 14:48:00
3213,0.0,0.0,0.0,0.0,0.0,0.0,0.0,0.0,2013-09-21 18:48:00,2013-09-22 06:00:00
1528,12.0,11.0,5.0,4.0,0.0,0.0,0.0,0.0,2012-03-30 05:24:00,2012-04-09 17:24:00
5423,0.0,0.0,0.0,0.0,0.0,0.0,0.0,0.0,2015-04-02 23:24:00,2015-04-11 09:36:00
224,5.0,5.0,1.0,1.0,0.0,0.0,0.0,0.0,2010-10-18 04:00:00,2010-10-28 04:00:00
2039,2.0,2.0,1.0,1.0,0.0,0.0,0.0,0.0,2012-09-16 12:12:00,2012-09-22 04:36:00
4174,0.0,0.0,0.0,0.0,0.0,0.0,0.0,0.0,2014-05-26 11:36:00,2014-05-27 08:24:00
2961,0.0,0.0,0.0,0.0,0.0,0.0,0.0,0.0,2013-07-12 19:24:00,2013-07-18 23:48:00
6136,8.0,8.0,5.0,5.0,0.0,0.0,0.0,0.0,2015-11-22 00:36:00,2015-12-04 09:48:00
4385,0.0,0.0,0.0,0.0,0.0,0.0,0.0,0.0,2014-07-23 11:24:00,2014-07-23 16:36:00
5710,0.0,0.0,0.0,0.0,0.0,0.0,0.0,0.0,2015-06-23 04:36:00,2015-07-03 00:48:00
1915,0.0,0.0,0.0,0.0,0.0,0.0,0.0,0.0,2012-08-02 20:48:00,2012-08-08 17:24:00
5020,0.0,0.0,0.0,0.0,0.0,0.0,0.0,0.0,2014-12-31 05:48:00,2015-01-05 15:12:00
2757,0.0,0.0,0.0,0.0,0.0,0.0,0.0,0.0,2013-05-17 23:24:00,2013-05-21 08:36:00
3298,0.0,0.0,0.0,0.0,0.0,0.0,0.0,0.0,2013-10-19 15:24:00,2013-10-21 09:24:00
3536,0.0,0.0,0.0,0.0,0.0,0.0,0.0,0.0,2013-12-23 17:12:00,2013-12-24 01:24:00
4838,0.0,0.0,0.0,0.0,0.0,0.0,0.0,0.0,2014-11-15 08:36:00,2014-11-15 17:48:00
292,0.0,0.0,0.0,0.0,0.0,0.0,0.0,0.0,2010-12-06 17:00:00,2010-12-11 19:12:00
6620,0.0,0.0,0.0,0.0,0.0,0.0,0.0,0.0,2016-06-12 08:00:00,2016-06-21 13:36:00
3620,0.0,0.0,1.0,0.0,0.0,0.0,0.0,0.0,2014-01-10 17:12:00,2014-01-24 19:48:00
2705,0.0,0.0,0.0,0.0,0.0,0.0,0.0,0.0,2013-04-29 04:12:00,2013-05-04 14:00:00
1294,0.0,0.0,0.0,0.0,0.0,0.0,0.0,0.0,2012-01-05 22:36:00,2012-01-06 09:48:00
5939,4.0,4.0,0.0,0.0,0.0,0.0,0.0,0.0,2015-09-03 01:00:00,2015-09-08 21:36:00
401,4.0,4.0,31.0,32.0,5.0,5.0,1.0,1.0,2011-03-02 08:36:00,2011-03-15 21:12:00
7329,0.0,0.0,0.0,0.0,0.0,0.0,0.0,0.0,2018-12-27 06:12:00,2018-12-29 12:00:00
2779,4.0,4.0,1.0,1.0,0.0,0.0,0.0,0.0,2013-05-24 17:00:00,2013-06-05 04:12:00
826,0.0,1.0,0.0,0.0,0.0,0.0,0.0,0.0,2011-08-27 23:24:00,2011-08-29 10:00:00
6646,0.0,0.0,0.0,0.0,0.0,0.0,0.0,0.0,2016-06-27 04:12:00,2016-06-27 19:48:00
6783,0.0,0.0,0.0,0.0,0.0,0.0,0.0,0.0,2016-09-29 09:12:00,2016-09-30 16:48:00
2169,1.0,0.0,0.0,0.0,0.0,0.0,0.0,0.0,2012-10-30 20:48:00,2012-11-05 12:12:00
5293,0.0,0.0,0.0,0.0,0.0,0.0,0.0,0.0,2015-03-05 09:12:00,2015-03-15 04:36:00
5858,0.0,0.0,0.0,0.0,0.0,0.0,0.0,0.0,2015-08-06 05:24:00,2015-08-13 20:00:00
3953,0.0,0.0,0.0,0.0,0.0,0.0,0.0,0.0,2014-03-31 09:36:00,2014-04-03 03:24:00
4659,0.0,0.0,0.0,0.0,0.0,0.0,0.0,0.0,2014-10-05 12:12:00,2014-10-10 14:48:00
6603,0.0,0.0,0.0,0.0,0.0,0.0,0.0,0.0,2016-06-03 08:36:00,2016-06-12 07:00:00
5687,0.0,0.0,0.0,0.0,0.0,0.0,0.0,0.0,2015-06-13 15:24:00,2015-06-15 04:48:00
5560,0.0,0.0,0.0,0.0,0.0,0.0,0.0,0.0,2015-05-13 11:12:00,2015-05-21 04:12:00
5851,0.0,0.0,0.0,0.0,0.0,0.0,0.0,0.0,2015-08-04 05:48:00,2015-08-13 22:12:00
4092,0.0,0.0,3.0,3.0,0.0,0.0,0.0,0.0,2014-05-03 05:24:00,2014-05-12 21:48:00
3348,0.0,0.0,0.0,0.0,0.0,0.0,0.0,0.0,2013-11-03 11:36:00,2013-11-10 12:36:00
2869,0.0,0.0,0.0,0.0,0.0,0.0,0.0,0.0,2013-06-17 12:36:00,2013-06-27 00:12:00
5352,0.0,0.0,0.0,0.0,0.0,0.0,0.0,0.0,2015-03-19 15:48:00,2015-03-20 17:48:00
2547,0.0,0.0,0.0,0.0,0.0,0.0,0.0,0.0,2013-03-08 08:48:00,2013-03-15 16:48:00
5835,0.0,0.0,0.0,0.0,0.0,0.0,0.0,0.0,2015-07-30 20:00:00,2015-07-31 14:00:00
2615,0.0,0.0,0.0,0.0,0.0,0.0,0.0,0.0,2013-03-31 00:12:00,2013-04-02 12:24:00
6901,0.0,0.0,0.0,0.0,0.0,0.0,0.0,0.0,2016-12-31 11:12:00,2017-01-01 19:48:00
2758,10.0,9.0,14.0,13.0,0.0,0.0,0.0,0.0,2013-05-18 10:12:00,2013-06-01 07:24:00
807,0.0,0.0,0.0,0.0,0.0,0.0,0.0,0.0,2011-08-20 19:24:00,2011-08-20 22:12:00
335,0.0,0.0,0.0,0.0,0.0,0.0,0.0,0.0,2011-01-06 00:48:00,2011-01-13 12:48:00
494,0.0,0.0,0.0,0.0,0.0,0.0,0.0,0.0,2011-04-06 18:00:00,2011-04-17 06:36:00
6566,7.0,7.0,1.0,1.0,0.0,0.0,0.0,0.0,2016-05-19 00:24:00,2016-05-30 17:00:00
4291,0.0,0.0,0.0,0.0,0.0,0.0,0.0,0.0,2014-06-26 14:12:00,2014-06-28 01:48:00
4905,0.0,0.0,0.0,0.0,0.0,0.0,0.0,0.0,2014-12-06 10:00:00,2014-12-08 04:24:00
3466,0.0,0.0,0.0,0.0,0.0,0.0,0.0,0.0,2013-12-04 09:24:00,2013-12-04 18:12:00
2929,0.0,0.0,0.0,0.0,0.0,0.0,0.0,0.0,2013-07-03 12:12:00,2013-07-12 07:12:00
2399,0.0,0.0,0.0,0.0,0.0,0.0,0.0,0.0,2013-01-14 21:36:00,2013-01-21 04:48:00
4815,0.0,0.0,0.0,0.0,0.0,0.0,0.0,0.0,2014-11-11 05:12:00,2014-11-12 09:24:00
4726,0.0,0.0,0.0,0.0,0.0,0.0,0.0,0.0,2014-10-21 19:36:00,2014-11-03 19:36:00
2794,0.0,0.0,0.0,0.0,0.0,0.0,0.0,0.0,2013-05-26 20:48:00,2013-06-02 07:12:00
3937,0.0,0.0,0.0,0.0,0.0,0.0,0.0,0.0,2014-03-28 21:24:00,2014-03-30 06:12:00
5732,0.0,0.0,0.0,0.0,0.0,0.0,0.0,0.0,2015-06-30 18:24:00,2015-07-02 14:36:00
6609,0.0,0.0,0.0,0.0,0.0,0.0,0.0,0.0,2016-06-07 05:48:00,2016-06-07 17:48:00
2816,0.0,0.0,0.0,0.0,0.0,0.0,0.0,0.0,2013-05-30 09:00:00,2013-05-30 22:48:00
5312,0.0,0.0,0.0,0.0,0.0,0.0,0.0,0.0,2015-03-08 17:36:00,2015-03-15 01:48:00
2852,26.0,23.0,30.0,29.0,0.0,0.0,0.0,0.0,2013-06-12 17:24:00,2013-06-28 06:12:00
6816,0.0,0.0,0.0,0.0,0.0,0.0,0.0,0.0,2016-10-21 00:36:00,2016-10-21 20:12:00
4963,0.0,0.0,2.0,2.0,0.0,0.0,0.0,0.0,2014-12-18 21:00:00,2014-12-29 07:36:00
71,1.0,1.0,0.0,0.0,0.0,0.0,0.0,0.0,2010-06-25 21:48:00,2010-07-08 23:48:00
1197,0.0,0.0,0.0,0.0,0.0,0.0,0.0,0.0,2011-12-14 12:00:00,2011-12-17 01:36:00
4360,0.0,0.0,0.0,0.0,0.0,0.0,0.0,0.0,2014-07-11 17:12:00,2014-07-16 19:36:00
5472,0.0,0.0,0.0,0.0,0.0,0.0,0.0,0.0,2015-04-17 21:00:00,2015-04-23 00:24:00
1391,2.0,2.0,2.0,0.0,0.0,0.0,0.0,0.0,2012-02-09 04:00:00,2012-02-19 18:12:00
1926,0.0,0.0,0.0,0.0,0.0,0.0,0.0,0.0,2012-08-05 12:24:00,2012-08-05 16:12:00
2858,0.0,0.0,0.0,0.0,0.0,0.0,0.0,0.0,2013-06-14 04:24:00,2013-06-15 00:48:00
4855,0.0,0.0,0.0,0.0,0.0,0.0,0.0,0.0,2014-11-20 08:00:00,2014-11-28 17:36:00
2229,0.0,0.0,0.0,0.0,0.0,0.0,0.0,0.0,2012-11-19 13:12:00,2012-11-21 07:12:00
5559,0.0,0.0,0.0,0.0,0.0,0.0,0.0,0.0,2015-05-12 22:12:00,2015-05-26 04:00:00
3813,0.0,0.0,11.0,11.0,4.0,4.0,0.0,0.0,2014-03-01 00:24:00,2014-03-13 18:24:00
1924,0.0,0.0,0.0,0.0,0.0,0.0,0.0,0.0,2012-08-04 18:24:00,2012-08-09 11:36:00
7296,0.0,0.0,0.0,0.0,0.0,0.0,0.0,0.0,2018-08-12 05:12:00,2018-08-12 06:48:00
6060,0.0,0.0,1.0,1.0,0.0,0.0,0.0,0.0,2015-10-27 08:36:00,2015-11-04 18:00:00
1701,4.0,5.0,0.0,0.0,0.0,0.0,0.0,0.0,2012-05-23 14:24:00,2012-06-04 13:00:00
1489,0.0,0.0,0.0,0.0,0.0,0.0,0.0,0.0,2012-03-20 18:24:00,2012-03-24 01:12:00
6817,0.0,1.0,0.0,0.0,0.0,0.0,0.0,0.0,2016-10-23 20:36:00,2016-10-25 20:24:00
1930,10.0,11.0,31.0,29.0,1.0,0.0,0.0,0.0,2012-08-06 04:36:00,2012-08-17 14:24:00
1968,0.0,0.0,0.0,0.0,0.0,0.0,0.0,0.0,2012-08-24 13:48:00,2012-09-01 15:36:00
4849,0.0,0.0,0.0,0.0,0.0,0.0,0.0,0.0,2014-11-18 17:36:00,2014-11-21 18:24:00
2001,0.0,0.0,0.0,0.0,0.0,0.0,0.0,0.0,2012-09-01 07:36:00,2012-09-08 01:00:00
892,5.0,6.0,38.0,42.0,15.0,15.0,2.0,2.0,2011-09-21 12:36:00,2011-10-05 21:36:00
4284,0.0,0.0,0.0,0.0,0.0,0.0,0.0,0.0,2014-06-23 15:24:00,2014-07-01 01:12:00
4181,0.0,0.0,0.0,0.0,0.0,0.0,0.0,0.0,2014-05-29 02:48:00,2014-05-29 17:00:00
2016,0.0,0.0,0.0,0.0,0.0,0.0,0.0,0.0,2012-09-05 03:24:00,2012-09-05 04:12:00
4480,0.0,0.0,0.0,0.0,0.0,0.0,0.0,0.0,2014-08-22 13:00:00,2014-08-22 17:12:00
7110,28.0,27.0,7.0,7.0,1.0,1.0,0.0,0.0,2017-08-19 21:48:00,2017-09-02 05:24:00
284,5.0,4.0,2.0,2.0,0.0,0.0,0.0,0.0,2010-12-03 19:48:00,2010-12-16 22:12:00
5031,0.0,0.0,0.0,0.0,0.0,0.0,0.0,0.0,2015-01-05 14:48:00,2015-01-11 18:00:00
2103,0.0,0.0,0.0,0.0,0.0,0.0,0.0,0.0,2012-10-04 11:24:00,2012-10-10 23:12:00
2439,11.0,11.0,5.0,7.0,0.0,0.0,0.0,0.0,2013-01-31 15:00:00,2013-02-14 02:48:00
2887,4.0,4.0,8.0,8.0,1.0,1.0,0.0,0.0,2013-06-22 05:12:00,2013-07-05 18:12:00
2348,0.0,0.0,0.0,0.0,0.0,0.0,0.0,0.0,2013-01-02 09:48:00,2013-01-13 00:24:00
4968,0.0,0.0,0.0,0.0,0.0,0.0,0.0,0.0,2014-12-19 14:00:00,2014-12-20 08:36:00
3057,0.0,0.0,0.0,0.0,0.0,0.0,0.0,0.0,2013-08-09 11:24:00,2013-08-15 13:48:00
5204,0.0,0.0,0.0,0.0,0.0,0.0,0.0,0.0,2015-02-11 14:00:00,2015-02-15 16:12:00
4691,0.0,0.0,0.0,0.0,0.0,0.0,0.0,0.0,2014-10-14 20:24:00,2014-10-16 00:12:00
5854,0.0,0.0,0.0,0.0,0.0,0.0,0.0,0.0,2015-08-05 11:12:00,2015-08-05 18:48:00
462,0.0,0.0,0.0,0.0,0.0,0.0,0.0,0.0,2011-03-29 10:12:00,2011-04-05 22:36:00
1069,0.0,0.0,0.0,0.0,0.0,0.0,0.0,0.0,2011-11-11 22:24:00,2011-11-13 18:24:00
5829,0.0,0.0,0.0,0.0,0.0,0.0,0.0,0.0,2015-07-28 18:00:00,2015-08-08 13:24:00
5314,0.0,0.0,0.0,0.0,0.0,0.0,0.0,0.0,2015-03-09 10:12:00,2015-03-10 15:24:00
751,0.0,0.0,0.0,0.0,0.0,0.0,0.0,0.0,2011-07-26 23:00:00,2011-08-04 14:24:00
218,9.0,9.0,0.0,0.0,0.0,0.0,0.0,0.0,2010-10-13 02:24:00,2010-10-26 12:48:00
778,0.0,0.0,0.0,0.0,0.0,0.0,0.0,0.0,2011-08-10 12:12:00,2011-08-11 08:12:00
4131,1.0,1.0,3.0,2.0,0.0,0.0,0.0,0.0,2014-05-13 06:12:00,2014-05-23 14:36:00
3027,0.0,0.0,0.0,0.0,0.0,0.0,0.0,0.0,2013-07-29 13:24:00,2013-08-01 07:48:00
7121,0.0,0.0,0.0,0.0,0.0,0.0,0.0,0.0,2017-08-31 23:12:00,2017-09-04 21:24:00
1895,0.0,0.0,0.0,0.0,0.0,0.0,0.0,0.0,2012-07-27 04:24:00,2012-08-03 04:00:00
423,0.0,0.0,0.0,0.0,0.0,0.0,0.0,0.0,2011-03-12 21:00:00,2011-03-16 05:36:00
5220,0.0,0.0,0.0,0.0,0.0,0.0,0.0,0.0,2015-02-15 03:00:00,2015-02-18 07:00:00
2666,0.0,0.0,0.0,0.0,0.0,0.0,0.0,0.0,2013-04-16 08:48:00,2013-04-16 18:12:00
1978,1.0,1.0,0.0,0.0,0.0,0.0,0.0,0.0,2012-08-26 09:12:00,2012-08-28 09:48:00
5929,0.0,0.0,0.0,0.0,0.0,0.0,0.0,0.0,2015-08-29 17:12:00,2015-08-31 18:12:00
4247,0.0,0.0,0.0,0.0,0.0,0.0,0.0,0.0,2014-06-13 21:00:00,2014-06-19 10:00:00
2249,0.0,0.0,0.0,0.0,0.0,0.0,0.0,0.0,2012-11-27 12:12:00,2012-11-28 22:24:00
4502,4.0,4.0,16.0,15.0,0.0,1.0,0.0,0.0,2014-08-26 20:24:00,2014-09-08 12:24:00
2670,0.0,0.0,0.0,0.0,0.0,0.0,0.0,0.0,2013-04-18 12:48:00,2013-04-20 08:24:00
3826,1.0,1.0,1.0,1.0,0.0,0.0,0.0,0.0,2014-03-05 03:36:00,2014-03-15 06:12:00
5633,0.0,0.0,0.0,0.0,0.0,0.0,0.0,0.0,2015-05-29 07:00:00,2015-05-30 22:48:00
359,0.0,0.0,0.0,0.0,0.0,0.0,0.0,0.0,2011-01-30 20:00:00,2011-02-06 22:00:00
214,0.0,0.0,0.0,0.0,0.0,0.0,0.0,0.0,2010-10-10 15:00:00,2010-10-11 21:36:00
4997,0.0,0.0,0.0,0.0,0.0,0.0,0.0,0.0,2014-12-25 08:48:00,2014-12-26 10:48:00
5834,0.0,0.0,0.0,0.0,0.0,0.0,0.0,0.0,2015-07-30 17:48:00,2015-07-31 23:36:00
155,1.0,1.0,0.0,0.0,0.0,0.0,0.0,0.0,2010-09-01 09:36:00,2010-09-04 18:36:00
7182,0.0,0.0,0.0,0.0,0.0,0.0,0.0,0.0,2017-11-05 23:48:00,2017-11-08 04:00:00
997,1.0,1.0,9.0,9.0,0.0,0.0,0.0,0.0,2011-10-21 09:12:00,2011-11-04 05:00:00
1582,2.0,1.0,4.0,4.0,1.0,1.0,0.0,0.0,2012-04-16 12:12:00,2012-04-27 12:24:00
5082,0.0,0.0,0.0,0.0,0.0,0.0,0.0,0.0,2015-01-14 23:12:00,2015-01-16 03:36:00
2636,6.0,6.0,25.0,24.0,1.0,1.0,0.0,0.0,2013-04-05 15:12:00,2013-04-16 01:48:00
2569,0.0,0.0,0.0,0.0,0.0,0.0,0.0,0.0,2013-03-12 12:48:00,2013-03-19 00:00:00
6312,0.0,0.0,0.0,0.0,0.0,0.0,0.0,0.0,2016-01-30 11:36:00,2016-02-03 20:48:00
3197,0.0,0.0,0.0,0.0,0.0,0.0,0.0,0.0,2013-09-17 15:12:00,2013-09-18 00:00:00
399,0.0,0.0,0.0,0.0,0.0,0.0,0.0,0.0,2011-03-01 23:48:00,2011-03-09 17:48:00
735,0.0,0.0,0.0,0.0,0.0,0.0,0.0,0.0,2011-07-16 13:36:00,2011-07-20 01:00:00
3538,0.0,0.0,0.0,0.0,0.0,0.0,0.0,0.0,2013-12-24 00:36:00,2013-12-26 00:12:00
2492,1.0,1.0,0.0,0.0,0.0,0.0,0.0,0.0,2013-02-16 00:12:00,2013-02-27 23:36:00
1603,2.0,2.0,3.0,3.0,1.0,1.0,0.0,0.0,2012-04-21 01:00:00,2012-05-01 15:12:00
5337,0.0,0.0,0.0,0.0,0.0,0.0,0.0,0.0,2015-03-15 09:36:00,2015-03-25 17:12:00
1416,0.0,0.0,0.0,0.0,0.0,0.0,0.0,0.0,2012-02-18 13:48:00,2012-02-18 16:12:00
6129,0.0,0.0,0.0,0.0,0.0,0.0,0.0,0.0,2015-11-20 01:00:00,2015-11-23 14:24:00
501,0.0,0.0,0.0,0.0,0.0,0.0,0.0,0.0,2011-04-09 23:12:00,2011-04-11 05:00:00
855,0.0,0.0,0.0,0.0,0.0,0.0,0.0,0.0,2011-09-11 13:00:00,2011-09-13 12:12:00
694,0.0,0.0,0.0,0.0,0.0,0.0,0.0,0.0,2011-07-04 06:12:00,2011-07-06 12:12:00
4895,0.0,0.0,0.0,0.0,0.0,0.0,0.0,0.0,2014-12-03 13:12:00,2014-12-08 18:24:00
4384,0.0,0.0,0.0,0.0,0.0,0.0,0.0,0.0,2014-07-22 19:00:00,2014-07-24 00:00:00
3563,0.0,0.0,52.0,49.0,9.0,8.0,1.0,1.0,2013-12-30 21:00:00,2014-01-15 03:24:00
2073,0.0,0.0,0.0,0.0,0.0,0.0,0.0,0.0,2012-09-26 02:36:00,2012-09-28 18:48:00
856,1.0,1.0,43.0,45.0,3.0,3.0,0.0,0.0,2011-09-11 13:48:00,2011-09-25 19:24:00
3716,0.0,0.0,0.0,0.0,0.0,0.0,0.0,0.0,2014-02-03 14:12:00,2014-02-03 21:12:00
6388,0.0,0.0,0.0,0.0,0.0,0.0,0.0,0.0,2016-02-24 10:00:00,2016-02-25 04:12:00
5104,0.0,0.0,0.0,0.0,0.0,0.0,0.0,0.0,2015-01-20 06:36:00,2015-01-20 14:24:00
762,0.0,0.0,0.0,0.0,0.0,0.0,0.0,0.0,2011-08-03 08:12:00,2011-08-08 01:48:00
6207,0.0,0.0,0.0,0.0,0.0,0.0,0.0,0.0,2015-12-21 20:36:00,2015-12-23 11:24:00
3239,0.0,0.0,0.0,0.0,0.0,0.0,0.0,0.0,2013-09-27 15:24:00,2013-09-28 05:36:00
4660,0.0,0.0,0.0,0.0,0.0,0.0,0.0,0.0,2014-10-05 17:36:00,2014-10-11 06:36:00
622,0.0,0.0,2.0,2.0,0.0,0.0,0.0,0.0,2011-05-22 13:12:00,2011-06-01 20:00:00
6839,0.0,0.0,0.0,0.0,0.0,0.0,0.0,0.0,2016-11-09 22:00:00,2016-11-12 23:48:00
2240,2.0,2.0,0.0,0.0,0.0,0.0,0.0,0.0,2012-11-24 04:24:00,2012-12-06 07:48:00
6695,0.0,0.0,0.0,0.0,0.0,0.0,0.0,0.0,2016-08-05 17:48:00,2016-08-15 07:12:00
243,0.0,0.0,0.0,0.0,0.0,0.0,0.0,0.0,2010-10-30 05:00:00,2010-11-02 10:12:00
1803,0.0,0.0,0.0,0.0,0.0,0.0,0.0,0.0,2012-06-24 05:24:00,2012-06-29 13:00:00
2358,0.0,0.0,0.0,0.0,0.0,0.0,0.0,0.0,2013-01-03 20:12:00,2013-01-17 00:24:00
935,0.0,0.0,0.0,0.0,0.0,0.0,0.0,0.0,2011-10-06 05:00:00,2011-10-07 14:48:00
4058,0.0,0.0,0.0,0.0,0.0,0.0,0.0,0.0,2014-04-23 04:48:00,2014-04-29 03:24:00
3748,0.0,0.0,0.0,0.0,0.0,0.0,0.0,0.0,2014-02-12 21:00:00,2014-02-13 13:00:00
7144,12.0,12.0,0.0,0.0,0.0,0.0,0.0,0.0,2017-09-20 00:12:00,2017-10-02 18:36:00
6509,0.0,0.0,0.0,0.0,0.0,0.0,0.0,0.0,2016-04-24 08:12:00,2016-04-24 22:12:00
3807,0.0,0.0,0.0,0.0,0.0,0.0,0.0,0.0,2014-02-25 19:24:00,2014-02-26 16:24:00
2368,0.0,0.0,0.0,0.0,0.0,0.0,0.0,0.0,2013-01-05 14:24:00,2013-01-06 09:48:00
4334,0.0,0.0,0.0,0.0,0.0,0.0,0.0,0.0,2014-07-04 05:48:00,2014-07-06 09:00:00
2239,0.0,0.0,0.0,0.0,0.0,0.0,0.0,0.0,2012-11-23 23:24:00,2012-12-01 21:36:00
6935,0.0,0.0,0.0,0.0,0.0,0.0,0.0,0.0,2017-01-27 15:48:00,2017-01-27 19:00:00
6086,0.0,0.0,0.0,0.0,0.0,0.0,0.0,0.0,2015-11-09 19:00:00,2015-11-10 08:24:00
3683,0.0,0.0,0.0,0.0,0.0,0.0,0.0,0.0,2014-01-26 09:36:00,2014-01-30 23:24:00
5500,0.0,0.0,10.0,8.0,0.0,0.0,0.0,0.0,2015-04-22 06:36:00,2015-04-24 16:48:00
7167,0.0,0.0,0.0,0.0,0.0,0.0,0.0,0.0,2017-10-20 17:48:00,2017-10-26 14:36:00
3263,0.0,0.0,20.0,20.0,4.0,4.0,0.0,0.0,2013-10-07 08:24:00,2013-10-20 12:36:00
3705,0.0,0.0,0.0,0.0,0.0,0.0,0.0,0.0,2014-02-01 16:12:00,2014-02-10 06:12:00
5741,0.0,0.0,0.0,0.0,0.0,0.0,0.0,0.0,2015-07-02 08:12:00,2015-07-09 16:12:00
5518,0.0,0.0,0.0,1.0,0.0,0.0,0.0,0.0,2015-04-27 07:36:00,2015-05-06 07:48:00
1348,0.0,0.0,0.0,0.0,0.0,0.0,0.0,0.0,2012-01-25 13:24:00,2012-02-04 02:36:00
2462,0.0,0.0,0.0,0.0,0.0,0.0,0.0,0.0,2013-02-06 14:24:00,2013-02-11 03:36:00
1678,0.0,0.0,0.0,0.0,0.0,0.0,0.0,0.0,2012-05-17 11:24:00,2012-05-19 03:12:00
4965,0.0,0.0,0.0,0.0,0.0,0.0,0.0,0.0,2014-12-19 04:12:00,2014-12-19 22:36:00
4685,0.0,0.0,0.0,0.0,0.0,0.0,0.0,0.0,2014-10-13 14:24:00,2014-10-16 04:12:00
1076,0.0,0.0,0.0,0.0,0.0,0.0,0.0,0.0,2011-11-12 22:12:00,2011-11-14 22:36:00
3512,0.0,0.0,0.0,0.0,0.0,0.0,0.0,0.0,2013-12-16 08:48:00,2013-12-16 21:12:00
4863,0.0,0.0,0.0,0.0,0.0,0.0,0.0,0.0,2014-11-23 00:48:00,2014-11-24 18:00:00
1561,0.0,0.0,0.0,0.0,0.0,0.0,0.0,0.0,2012-04-11 02:12:00,2012-04-19 23:24:00
4935,0.0,0.0,0.0,0.0,0.0,0.0,0.0,0.0,2014-12-11 02:24:00,2014-12-16 04:00:00
4246,0.0,0.0,0.0,0.0,0.0,0.0,0.0,0.0,2014-06-13 17:36:00,2014-06-23 09:12:00
3849,0.0,0.0,0.0,0.0,0.0,0.0,0.0,0.0,2014-03-12 15:24:00,2014-03-20 13:00:00
740,1.0,3.0,0.0,0.0,0.0,0.0,0.0,0.0,2011-07-17 13:36:00,2011-07-29 02:48:00
1038,0.0,0.0,0.0,0.0,0.0,0.0,0.0,0.0,2011-11-04 05:12:00,2011-11-17 07:00:00
4774,0.0,0.0,0.0,0.0,0.0,0.0,0.0,0.0,2014-11-02 09:24:00,2014-11-02 12:48:00
6003,0.0,0.0,0.0,0.0,0.0,0.0,0.0,0.0,2015-10-06 17:12:00,2015-10-09 10:00:00
3321,1.0,1.0,20.0,20.0,4.0,3.0,0.0,0.0,2013-10-26 07:00:00,2013-11-08 10:48:00
6641,0.0,6.0,0.0,0.0,0.0,0.0,0.0,0.0,2016-06-23 20:24:00,2016-07-03 05:48:00
4860,0.0,0.0,0.0,0.0,0.0,0.0,0.0,0.0,2014-11-22 09:24:00,2014-11-25 13:00:00
4132,0.0,0.0,0.0,0.0,0.0,0.0,0.0,0.0,2014-05-13 13:00:00,2014-05-16 23:12:00
7256,0.0,0.0,0.0,0.0,0.0,0.0,0.0,0.0,2018-05-07 12:00:00,2018-05-16 00:00:00
4578,0.0,0.0,0.0,0.0,0.0,0.0,0.0,0.0,2014-09-18 04:36:00,2014-09-27 06:36:00
995,0.0,0.0,0.0,0.0,0.0,0.0,0.0,0.0,2011-10-20 20:12:00,2011-10-21 05:00:00
3311,0.0,0.0,10.0,9.0,11.0,10.0,2.0,2.0,2013-10-24 00:48:00,2013-11-05 21:48:00
3315,0.0,0.0,0.0,0.0,0.0,0.0,0.0,0.0,2013-10-25 07:36:00,2013-10-25 12:48:00
5720,0.0,0.0,0.0,0.0,0.0,0.0,0.0,0.0,2015-06-28 03:48:00,2015-06-28 13:00:00
3364,0.0,0.0,36.0,34.0,3.0,3.0,1.0,1.0,2013-11-07 13:24:00,2013-11-20 22:36:00
2260,0.0,0.0,0.0,0.0,0.0,0.0,0.0,0.0,2012-12-03 19:00:00,2012-12-08 05:12:00
4525,0.0,0.0,0.0,0.0,0.0,0.0,0.0,0.0,2014-09-01 19:12:00,2014-09-02 06:24:00
603,0.0,0.0,0.0,0.0,0.0,0.0,0.0,0.0,2011-05-14 08:12:00,2011-05-16 20:48:00
4088,0.0,0.0,4.0,4.0,0.0,0.0,0.0,0.0,2014-05-01 21:12:00,2014-05-12 15:36:00
2,1.0,1.0,0.0,0.0,0.0,0.0,0.0,0.0,2010-05-01 00:00:00,2010-05-05 12:00:00
5831,5.0,5.0,1.0,1.0,0.0,0.0,0.0,0.0,2015-07-29 11:24:00,2015-08-11 20:00:00
6658,0.0,0.0,0.0,0.0,0.0,0.0,0.0,0.0,2016-07-04 08:36:00,2016-07-06 01:00:00
4421,0.0,0.0,0.0,0.0,0.0,0.0,0.0,0.0,2014-08-01 00:12:00,2014-08-04 14:48:00
5524,0.0,0.0,0.0,0.0,0.0,0.0,0.0,0.0,2015-04-29 08:48:00,2015-05-01 16:00:00
4116,0.0,0.0,0.0,0.0,0.0,0.0,0.0,0.0,2014-05-08 11:48:00,2014-05-17 08:00:00
3049,1.0,1.0,0.0,0.0,0.0,0.0,0.0,0.0,2013-08-06 14:12:00,2013-08-12 11:36:00
728,0.0,0.0,0.0,0.0,0.0,0.0,0.0,0.0,2011-07-14 15:24:00,2011-07-22 02:36:00
4510,0.0,0.0,0.0,0.0,0.0,0.0,0.0,0.0,2014-08-28 22:48:00,2014-09-08 03:00:00
3254,0.0,0.0,0.0,0.0,0.0,0.0,0.0,0.0,2013-10-04 11:00:00,2013-10-05 09:24:00
4880,0.0,0.0,0.0,0.0,0.0,0.0,0.0,0.0,2014-11-28 01:48:00,2014-12-06 12:48:00
7261,2.0,2.0,0.0,0.0,0.0,0.0,0.0,0.0,2018-05-22 20:36:00,2018-05-27 20:48:00
4614,0.0,0.0,0.0,0.0,0.0,0.0,0.0,0.0,2014-09-25 23:48:00,2014-09-29 01:36:00
331,0.0,0.0,0.0,0.0,0.0,0.0,0.0,0.0,2011-01-03 08:36:00,2011-01-09 21:24:00
625,4.0,4.0,2.0,2.0,0.0,0.0,0.0,0.0,2011-05-24 04:12:00,2011-06-02 03:12:00
3858,0.0,0.0,0.0,0.0,0.0,0.0,0.0,0.0,2014-03-14 22:24:00,2014-03-20 14:48:00
4884,0.0,0.0,0.0,0.0,0.0,0.0,0.0,0.0,2014-11-29 18:48:00,2014-12-07 19:48:00
5542,0.0,0.0,0.0,0.0,0.0,0.0,0.0,0.0,2015-05-06 05:36:00,2015-05-12 13:24:00
2224,0.0,0.0,0.0,0.0,0.0,0.0,0.0,0.0,2012-11-18 03:48:00,2012-11-27 20:24:00
6570,0.0,0.0,0.0,0.0,0.0,0.0,0.0,0.0,2016-05-20 05:24:00,2016-05-26 18:00:00
5957,0.0,0.0,0.0,0.0,0.0,0.0,0.0,0.0,2015-09-10 22:36:00,2015-09-12 20:36:00
688,0.0,0.0,0.0,0.0,0.0,0.0,0.0,0.0,2011-06-28 10:48:00,2011-07-02 22:12:00
5232,0.0,0.0,0.0,0.0,0.0,0.0,0.0,0.0,2015-02-17 23:24:00,2015-02-25 16:36:00
5003,0.0,0.0,0.0,0.0,0.0,0.0,0.0,0.0,2014-12-27 01:36:00,2014-12-30 20:24:00
6271,0.0,0.0,0.0,0.0,0.0,0.0,0.0,0.0,2016-01-13 01:24:00,2016-01-19 04:00:00
154,0.0,0.0,0.0,0.0,0.0,0.0,0.0,0.0,2010-09-01 07:36:00,2010-09-04 05:12:00
3201,0.0,0.0,0.0,0.0,0.0,0.0,0.0,0.0,2013-09-18 17:36:00,2013-09-18 22:36:00
6895,7.0,7.0,0.0,0.0,0.0,0.0,0.0,0.0,2016-12-26 08:00:00,2016-12-29 21:00:00
672,0.0,0.0,0.0,0.0,0.0,0.0,0.0,0.0,2011-06-15 03:24:00,2011-06-19 23:36:00
498,0.0,0.0,0.0,0.0,0.0,0.0,0.0,0.0,2011-04-09 04:12:00,2011-04-09 20:12:00
5653,1.0,1.0,4.0,4.0,0.0,0.0,0.0,0.0,2015-06-05 05:24:00,2015-06-18 00:36:00
7166,0.0,0.0,0.0,0.0,0.0,0.0,0.0,0.0,2017-10-20 10:00:00,2017-10-28 01:36:00
7179,0.0,0.0,0.0,0.0,0.0,0.0,0.0,0.0,2017-10-30 01:12:00,2017-10-30 09:48:00
6633,0.0,0.0,0.0,0.0,0.0,0.0,0.0,0.0,2016-06-17 09:48:00,2016-06-18 13:00:00
1010,0.0,0.0,0.0,0.0,0.0,0.0,0.0,0.0,2011-10-26 08:00:00,2011-10-29 22:00:00
6585,2.0,2.0,0.0,0.0,0.0,0.0,0.0,0.0,2016-05-26 21:48:00,2016-06-03 15:12:00
1005,0.0,0.0,0.0,0.0,0.0,0.0,0.0,0.0,2011-10-23 23:36:00,2011-11-04 18:24:00
3179,0.0,0.0,0.0,0.0,0.0,0.0,0.0,0.0,2013-09-11 04:12:00,2013-09-14 14:00:00
7283,0.0,0.0,0.0,0.0,0.0,0.0,0.0,0.0,2018-07-09 09:36:00,2018-07-20 08:48:00
5728,0.0,0.0,0.0,0.0,0.0,0.0,0.0,0.0,2015-06-30 03:24:00,2015-07-01 09:24:00
2342,1.0,1.0,0.0,0.0,0.0,0.0,0.0,0.0,2012-12-31 00:24:00,2013-01-08 23:12:00
1183,9.0,9.0,17.0,17.0,0.0,0.0,0.0,0.0,2011-12-11 08:24:00,2011-12-24 11:48:00
6469,0.0,0.0,0.0,0.0,0.0,0.0,0.0,0.0,2016-04-01 05:36:00,2016-04-04 19:24:00
2937,0.0,0.0,0.0,0.0,0.0,0.0,0.0,0.0,2013-07-04 19:00:00,2013-07-14 11:24:00
5118,0.0,0.0,1.0,1.0,0.0,0.0,0.0,0.0,2015-01-25 17:48:00,2015-02-02 03:24:00
5004,0.0,0.0,0.0,0.0,0.0,0.0,0.0,0.0,2014-12-27 06:00:00,2015-01-08 09:24:00
2246,0.0,0.0,0.0,0.0,0.0,0.0,0.0,0.0,2012-11-27 02:00:00,2012-12-04 19:48:00
7195,0.0,0.0,0.0,0.0,0.0,0.0,0.0,0.0,2017-11-22 12:00:00,2017-11-25 19:48:00
516,0.0,0.0,0.0,0.0,0.0,0.0,0.0,0.0,2011-04-19 03:00:00,2011-04-20 21:12:00
1180,0.0,0.0,0.0,0.0,0.0,0.0,0.0,0.0,2011-12-09 19:00:00,2011-12-14 04:12:00
346,0.0,0.0,0.0,0.0,0.0,0.0,0.0,0.0,2011-01-15 14:12:00,2011-01-16 23:36:00
3437,7.0,7.0,4.0,4.0,1.0,1.0,0.0,0.0,2013-11-26 18:24:00,2013-12-09 18:36:00
2274,0.0,0.0,0.0,0.0,0.0,0.0,0.0,0.0,2012-12-07 23:12:00,2012-12-08 13:48:00
3866,0.0,0.0,0.0,0.0,0.0,0.0,0.0,0.0,2014-03-16 15:48:00,2014-03-22 13:24:00
6666,7.0,7.0,2.0,2.0,0.0,0.0,0.0,0.0,2016-07-08 04:00:00,2016-07-20 16:36:00
1463,0.0,0.0,0.0,0.0,0.0,0.0,0.0,0.0,2012-03-09 15:00:00,2012-03-10 23:00:00
2351,0.0,0.0,0.0,0.0,0.0,0.0,0.0,0.0,2013-01-02 15:12:00,2013-01-06 14:00:00
1576,0.0,0.0,0.0,0.0,0.0,0.0,0.0,0.0,2012-04-14 17:36:00,2012-04-15 13:48:00
7026,0.0,0.0,0.0,0.0,0.0,0.0,0.0,0.0,2017-05-23 15:24:00,2017-05-25 16:36:00
4428,0.0,0.0,0.0,0.0,0.0,0.0,0.0,0.0,2014-08-01 17:36:00,2014-08-02 23:24:00
3648,4.0,4.0,0.0,0.0,0.0,0.0,0.0,0.0,2014-01-17 11:12:00,2014-01-28 02:36:00
3529,0.0,0.0,0.0,0.0,0.0,0.0,0.0,0.0,2013-12-21 05:48:00,2013-12-26 02:48:00
4244,0.0,0.0,0.0,0.0,0.0,0.0,0.0,0.0,2014-06-13 00:24:00,2014-06-14 09:48:00
4043,0.0,0.0,0.0,0.0,0.0,0.0,0.0,0.0,2014-04-19 02:48:00,2014-04-24 18:36:00
2665,0.0,0.0,0.0,0.0,0.0,0.0,0.0,0.0,2013-04-14 13:12:00,2013-04-15 09:24:00
3759,0.0,0.0,0.0,0.0,0.0,0.0,0.0,0.0,2014-02-15 11:00:00,2014-02-16 00:12:00
713,0.0,1.0,0.0,0.0,0.0,0.0,0.0,0.0,2011-07-10 09:36:00,2011-07-22 14:24:00
1417,0.0,0.0,0.0,0.0,0.0,0.0,0.0,0.0,2012-02-19 03:48:00,2012-02-20 09:24:00
535,0.0,0.0,0.0,0.0,0.0,0.0,0.0,0.0,2011-04-25 06:12:00,2011-05-03 01:48:00
3817,0.0,0.0,0.0,0.0,0.0,0.0,0.0,0.0,2014-03-02 09:12:00,2014-03-10 16:00:00
4850,0.0,0.0,0.0,0.0,0.0,0.0,0.0,0.0,2014-11-19 05:48:00,2014-11-19 23:36:00
5408,0.0,0.0,0.0,0.0,0.0,0.0,0.0,0.0,2015-03-31 15:48:00,2015-04-01 18:12:00
3129,5.0,5.0,5.0,5.0,0.0,0.0,0.0,0.0,2013-08-26 12:00:00,2013-09-08 19:00:00
2489,3.0,3.0,0.0,0.0,0.0,0.0,0.0,0.0,2013-02-14 01:12:00,2013-02-26 14:24:00
7327,1.0,1.0,0.0,0.0,0.0,0.0,0.0,0.0,2018-12-14 10:48:00,2018-12-21 18:12:00
1446,0.0,0.0,0.0,0.0,0.0,0.0,0.0,0.0,2012-03-01 11:36:00,2012-03-10 01:00:00
562,0.0,0.0,0.0,0.0,0.0,0.0,0.0,0.0,2011-04-29 20:48:00,2011-05-08 18:12:00
3753,0.0,0.0,0.0,0.0,0.0,0.0,0.0,0.0,2014-02-14 14:36:00,2014-02-23 19:48:00
2669,0.0,0.0,0.0,0.0,0.0,0.0,0.0,0.0,2013-04-18 12:12:00,2013-04-21 16:12:00
2506,0.0,0.0,0.0,0.0,0.0,0.0,0.0,0.0,2013-02-25 08:12:00,2013-03-01 00:12:00
5151,0.0,0.0,3.0,2.0,0.0,0.0,0.0,0.0,2015-02-03 02:24:00,2015-02-15 02:36:00
5071,0.0,0.0,0.0,0.0,0.0,0.0,0.0,0.0,2015-01-12 17:12:00,2015-01-12 23:12:00
640,0.0,0.0,0.0,0.0,0.0,0.0,0.0,0.0,2011-05-28 15:48:00,2011-05-31 10:48:00
853,0.0,0.0,2.0,2.0,0.0,0.0,0.0,0.0,2011-09-10 20:48:00,2011-09-22 00:24:00
6974,3.0,2.0,0.0,0.0,0.0,0.0,0.0,0.0,2017-03-25 20:24:00,2017-03-30 03:36:00
40,1.0,2.0,0.0,0.0,0.0,0.0,0.0,0.0,2010-05-28 06:24:00,2010-06-03 12:36:00
6512,0.0,0.0,0.0,0.0,0.0,0.0,0.0,0.0,2016-04-24 20:24:00,2016-04-29 09:36:00
241,2.0,4.0,0.0,0.0,0.0,0.0,0.0,0.0,2010-10-29 16:12:00,2010-11-11 00:24:00
3295,0.0,0.0,16.0,15.0,3.0,2.0,0.0,0.0,2013-10-18 04:00:00,2013-11-01 06:48:00
3046,0.0,0.0,0.0,0.0,0.0,0.0,0.0,0.0,2013-08-04 18:00:00,2013-08-05 05:36:00
6425,0.0,0.0,0.0,0.0,0.0,0.0,0.0,0.0,2016-03-11 05:36:00,2016-03-11 22:12:00
2147,0.0,0.0,0.0,0.0,0.0,0.0,0.0,0.0,2012-10-23 19:36:00,2012-10-24 00:24:00
4461,0.0,0.0,0.0,0.0,0.0,0.0,0.0,0.0,2014-08-15 07:36:00,2014-08-18 13:12:00
4194,0.0,0.0,0.0,0.0,0.0,0.0,0.0,0.0,2014-06-01 09:12:00,2014-06-01 21:36:00
1517,0.0,0.0,0.0,0.0,0.0,0.0,0.0,0.0,2012-03-27 22:48:00,2012-03-31 06:36:00
4102,0.0,0.0,0.0,0.0,0.0,0.0,0.0,0.0,2014-05-05 11:36:00,2014-05-12 04:48:00
2631,0.0,0.0,0.0,0.0,0.0,0.0,0.0,0.0,2013-04-03 13:36:00,2013-04-05 23:36:00
5649,0.0,0.0,0.0,0.0,0.0,0.0,0.0,0.0,2015-06-03 23:36:00,2015-06-12 22:48:00
3847,0.0,0.0,0.0,0.0,0.0,0.0,0.0,0.0,2014-03-11 04:36:00,2014-03-13 09:36:00
7008,0.0,0.0,0.0,0.0,0.0,0.0,0.0,0.0,2017-05-12 05:48:00,2017-05-12 19:00:00
2059,3.0,3.0,1.0,1.0,0.0,0.0,0.0,0.0,2012-09-23 21:24:00,2012-10-07 01:12:00
2168,0.0,0.0,0.0,0.0,0.0,0.0,0.0,0.0,2012-10-29 11:12:00,2012-11-03 15:24:00
8,15.0,14.0,6.0,5.0,1.0,1.0,0.0,0.0,2010-05-02 14:36:00,2010-05-08 17:00:00
5288,0.0,0.0,0.0,0.0,0.0,0.0,0.0,0.0,2015-03-04 19:36:00,2015-03-05 12:48:00
3190,0.0,0.0,0.0,0.0,0.0,0.0,0.0,0.0,2013-09-16 18:48:00,2013-09-17 13:24:00
1382,0.0,0.0,0.0,0.0,0.0,0.0,0.0,0.0,2012-02-04 12:24:00,2012-02-13 06:12:00
2759,0.0,0.0,0.0,0.0,0.0,0.0,0.0,0.0,2013-05-19 01:24:00,2013-05-25 10:36:00
2902,0.0,0.0,0.0,0.0,0.0,0.0,0.0,0.0,2013-06-26 00:24:00,2013-06-27 17:24:00
2922,0.0,0.0,1.0,1.0,0.0,0.0,0.0,0.0,2013-07-01 10:36:00,2013-07-10 17:00:00
3287,0.0,0.0,0.0,0.0,0.0,0.0,0.0,0.0,2013-10-14 22:36:00,2013-10-18 06:24:00
6048,0.0,0.0,0.0,0.0,0.0,0.0,0.0,0.0,2015-10-21 09:36:00,2015-10-21 18:36:00
6616,0.0,0.0,0.0,0.0,0.0,0.0,0.0,0.0,2016-06-11 10:48:00,2016-06-14 22:36:00
7309,0.0,0.0,0.0,0.0,0.0,0.0,0.0,0.0,2018-09-17 10:00:00,2018-09-19 14:12:00
875,0.0,0.0,0.0,0.0,0.0,0.0,0.0,0.0,2011-09-17 00:36:00,2011-09-22 11:00:00
4002,0.0,0.0,0.0,0.0,0.0,0.0,0.0,0.0,2014-04-11 14:12:00,2014-04-11 19:24:00
2885,0.0,0.0,0.0,0.0,0.0,0.0,0.0,0.0,2013-06-21 16:00:00,2013-06-24 11:00:00
2546,16.0,12.0,15.0,11.0,2.0,2.0,0.0,0.0,2013-03-09 00:00:00,2013-03-23 03:00:00
4271,0.0,0.0,0.0,0.0,0.0,0.0,0.0,0.0,2014-06-21 04:48:00,2014-06-21 21:48:00
7288,0.0,0.0,0.0,0.0,0.0,0.0,0.0,0.0,2018-07-20 12:24:00,2018-07-21 18:12:00
1252,0.0,0.0,0.0,0.0,0.0,0.0,0.0,0.0,2011-12-26 06:24:00,2012-01-03 23:36:00
2030,0.0,0.0,0.0,0.0,0.0,0.0,0.0,0.0,2012-09-12 08:24:00,2012-09-21 13:48:00
7067,0.0,0.0,0.0,0.0,0.0,0.0,0.0,0.0,2017-07-01 05:12:00,2017-07-05 12:24:00
1307,0.0,0.0,0.0,0.0,0.0,0.0,0.0,0.0,2012-01-11 04:00:00,2012-01-17 00:24:00
100,0.0,0.0,0.0,0.0,0.0,0.0,0.0,0.0,2010-07-24 00:36:00,2010-07-25 21:12:00
1021,0.0,0.0,7.0,7.0,0.0,0.0,0.0,0.0,2011-10-29 23:12:00,2011-11-08 00:24:00
1912,0.0,0.0,0.0,0.0,0.0,0.0,0.0,0.0,2012-08-02 07:12:00,2012-08-03 05:12:00
4397,0.0,0.0,0.0,0.0,0.0,0.0,0.0,0.0,2014-07-27 04:24:00,2014-08-04 14:24:00
1725,0.0,0.0,0.0,0.0,0.0,0.0,0.0,0.0,2012-05-31 02:00:00,2012-06-02 19:36:00
5582,0.0,0.0,0.0,0.0,0.0,0.0,0.0,0.0,2015-05-17 01:24:00,2015-05-24 22:48:00
184,0.0,1.0,0.0,0.0,0.0,0.0,0.0,0.0,2010-09-13 20:12:00,2010-09-20 18:36:00
3441,0.0,0.0,0.0,0.0,0.0,0.0,0.0,0.0,2013-11-27 11:48:00,2013-12-03 12:00:00
5801,0.0,0.0,0.0,0.0,0.0,0.0,0.0,0.0,2015-07-21 14:36:00,2015-07-25 12:36:00
3336,0.0,0.0,5.0,5.0,0.0,0.0,0.0,0.0,2013-10-31 23:48:00,2013-11-09 18:00:00
6120,0.0,0.0,0.0,0.0,0.0,0.0,0.0,0.0,2015-11-18 06:12:00,2015-11-18 11:12:00
3827,0.0,0.0,0.0,0.0,0.0,0.0,0.0,0.0,2014-03-05 09:12:00,2014-03-06 12:24:00
6320,7.0,6.0,10.0,10.0,0.0,0.0,0.0,0.0,2016-02-03 06:24:00,2016-02-12 14:48:00
141,0.0,0.0,0.0,0.0,0.0,0.0,0.0,0.0,2010-08-21 12:12:00,2010-08-22 18:24:00
7148,31.0,31.0,3.0,2.0,0.0,0.0,0.0,0.0,2017-09-24 19:48:00,2017-10-08 12:24:00
6156,0.0,0.0,0.0,0.0,0.0,0.0,0.0,0.0,2015-12-03 06:24:00,2015-12-08 06:36:00
2241,0.0,0.0,0.0,0.0,0.0,0.0,0.0,0.0,2012-11-24 20:36:00,2012-11-26 07:24:00
876,0.0,0.0,0.0,0.0,0.0,0.0,0.0,0.0,2011-09-17 15:24:00,2011-09-19 19:00:00
1308,0.0,0.0,0.0,0.0,0.0,0.0,0.0,0.0,2012-01-11 06:12:00,2012-01-15 05:24:00
2915,0.0,0.0,0.0,0.0,0.0,0.0,0.0,0.0,2013-06-29 02:24:00,2013-06-30 04:00:00
2471,0.0,0.0,0.0,0.0,0.0,0.0,0.0,0.0,2013-02-09 20:12:00,2013-02-17 23:48:00
6875,0.0,0.0,0.0,0.0,0.0,0.0,0.0,0.0,2016-12-02 01:36:00,2016-12-02 23:12:00
1101,0.0,0.0,0.0,0.0,0.0,0.0,0.0,0.0,2011-11-18 11:00:00,2011-11-20 09:00:00
7202,1.0,1.0,0.0,0.0,0.0,0.0,0.0,0.0,2017-12-06 00:48:00,2017-12-07 21:36:00
1708,0.0,0.0,0.0,0.0,0.0,0.0,0.0,0.0,2012-05-26 10:12:00,2012-06-03 21:12:00
6093,0.0,1.0,0.0,1.0,0.0,0.0,0.0,0.0,2015-11-11 13:00:00,2015-11-20 14:24:00
2972,0.0,0.0,0.0,0.0,0.0,0.0,0.0,0.0,2013-07-15 10:00:00,2013-07-21 07:48:00
642,0.0,0.0,0.0,0.0,0.0,0.0,0.0,0.0,2011-05-29 02:24:00,2011-06-02 15:48:00
3390,0.0,0.0,0.0,0.0,0.0,0.0,0.0,0.0,2013-11-15 13:00:00,2013-11-19 01:00:00
6873,0.0,0.0,0.0,0.0,0.0,0.0,0.0,0.0,2016-11-29 13:36:00,2016-12-03 08:24:00
6885,0.0,0.0,0.0,0.0,0.0,0.0,0.0,0.0,2016-12-14 15:24:00,2016-12-18 00:24:00
1178,0.0,0.0,0.0,0.0,0.0,0.0,0.0,0.0,2011-12-09 11:48:00,2011-12-13 15:24:00
3456,0.0,0.0,0.0,0.0,0.0,0.0,0.0,0.0,2013-12-01 13:24:00,2013-12-02 01:48:00
5465,0.0,0.0,0.0,0.0,0.0,0.0,0.0,0.0,2015-04-16 16:24:00,2015-04-17 15:24:00
3554,0.0,0.0,0.0,0.0,0.0,0.0,0.0,0.0,2013-12-28 15:48:00,2013-12-29 05:24:00
3002,0.0,0.0,0.0,0.0,0.0,0.0,0.0,0.0,2013-07-23 05:12:00,2013-07-23 09:36:00
4052,0.0,0.0,0.0,0.0,0.0,0.0,0.0,0.0,2014-04-21 01:36:00,2014-04-27 20:48:00
3034,0.0,0.0,0.0,0.0,0.0,0.0,0.0,0.0,2013-08-01 05:00:00,2013-08-06 19:36:00
4223,0.0,0.0,0.0,0.0,0.0,0.0,0.0,0.0,2014-06-08 19:12:00,2014-06-13 16:36:00
6205,0.0,0.0,11.0,9.0,1.0,1.0,0.0,0.0,2015-12-21 03:48:00,2016-01-02 04:24:00
2742,0.0,0.0,0.0,0.0,0.0,0.0,0.0,0.0,2013-05-10 23:24:00,2013-05-11 03:00:00
5298,18.0,18.0,102.0,100.0,22.0,22.0,1.0,1.0,2015-03-05 23:24:00,2015-03-20 09:36:00
6464,7.0,7.0,0.0,0.0,0.0,0.0,0.0,0.0,2016-03-30 21:00:00,2016-04-09 10:48:00
2645,0.0,0.0,0.0,0.0,0.0,0.0,0.0,0.0,2013-04-07 16:00:00,2013-04-13 11:24:00
366,0.0,0.0,0.0,0.0,0.0,0.0,0.0,0.0,2011-02-08 02:36:00,2011-02-12 00:48:00
5535,0.0,0.0,0.0,0.0,0.0,0.0,0.0,0.0,2015-05-02 17:24:00,2015-05-10 10:24:00
6714,0.0,0.0,0.0,0.0,0.0,0.0,0.0,0.0,2016-08-19 22:36:00,2016-08-20 02:36:00
1681,0.0,0.0,0.0,0.0,0.0,0.0,0.0,0.0,2012-05-17 17:36:00,2012-05-17 23:00:00
4576,0.0,0.0,1.0,1.0,0.0,0.0,0.0,0.0,2014-09-16 19:12:00,2014-09-25 09:36:00
689,0.0,0.0,0.0,0.0,0.0,0.0,0.0,0.0,2011-06-29 04:12:00,2011-07-06 01:48:00
7325,7.0,7.0,0.0,0.0,0.0,0.0,0.0,0.0,2018-12-04 18:12:00,2018-12-09 17:00:00
4972,0.0,0.0,0.0,0.0,0.0,0.0,0.0,0.0,2014-12-21 02:12:00,2014-12-21 04:00:00
5495,0.0,0.0,0.0,0.0,0.0,0.0,0.0,0.0,2015-04-21 21:48:00,2015-05-01 06:24:00
5991,8.0,8.0,2.0,2.0,0.0,0.0,0.0,0.0,2015-09-26 23:48:00,2015-10-08 05:12:00
3164,0.0,0.0,0.0,0.0,0.0,0.0,0.0,0.0,2013-09-07 03:00:00,2013-09-13 03:00:00
2497,0.0,0.0,0.0,0.0,0.0,0.0,0.0,0.0,2013-02-17 13:12:00,2013-02-20 23:48:00
2212,0.0,0.0,0.0,0.0,0.0,0.0,0.0,0.0,2012-11-14 09:12:00,2012-11-22 23:12:00
4353,0.0,0.0,0.0,0.0,0.0,0.0,0.0,0.0,2014-07-07 20:12:00,2014-07-08 00:48:00
6360,0.0,0.0,0.0,0.0,0.0,0.0,0.0,0.0,2016-02-14 15:36:00,2016-02-15 03:12:00
259,6.0,6.0,0.0,0.0,0.0,0.0,0.0,0.0,2010-11-15 16:24:00,2010-11-28 11:00:00
1573,1.0,1.0,3.0,3.0,0.0,0.0,0.0,0.0,2012-04-14 05:12:00,2012-04-24 19:00:00
3741,0.0,0.0,0.0,0.0,0.0,0.0,0.0,0.0,2014-02-10 06:12:00,2014-02-14 19:12:00
6990,0.0,0.0,0.0,0.0,0.0,0.0,0.0,0.0,2017-04-18 04:24:00,2017-04-19 23:24:00
1472,0.0,0.0,0.0,0.0,0.0,0.0,0.0,0.0,2012-03-13 18:12:00,2012-03-22 04:48:00
2408,0.0,0.0,0.0,0.0,0.0,0.0,0.0,0.0,2013-01-19 11:36:00,2013-01-24 22:00:00
3020,0.0,0.0,0.0,0.0,0.0,0.0,0.0,0.0,2013-07-28 17:24:00,2013-07-28 18:24:00
260,0.0,0.0,0.0,0.0,0.0,0.0,0.0,0.0,2010-11-15 18:24:00,2010-11-20 18:36:00
3558,0.0,0.0,0.0,0.0,0.0,0.0,0.0,0.0,2013-12-29 20:00:00,2014-01-04 08:24:00
6242,32.0,32.0,6.0,5.0,0.0,0.0,0.0,0.0,2016-01-06 00:00:00,2016-01-18 17:00:00
2366,2.0,2.0,8.0,8.0,0.0,0.0,0.0,0.0,2013-01-05 07:48:00,2013-01-15 14:24:00
746,9.0,10.0,23.0,24.0,1.0,1.0,0.0,0.0,2011-07-23 19:24:00,2011-08-05 19:36:00
1052,0.0,0.0,0.0,0.0,0.0,0.0,0.0,0.0,2011-11-08 01:24:00,2011-11-10 02:24:00
2884,0.0,0.0,0.0,0.0,0.0,0.0,0.0,0.0,2013-06-20 22:12:00,2013-06-22 12:00:00
5575,0.0,0.0,0.0,0.0,0.0,0.0,0.0,0.0,2015-05-15 11:48:00,2015-05-16 19:48:00
5320,0.0,0.0,0.0,0.0,0.0,0.0,0.0,0.0,2015-03-10 18:36:00,2015-03-14 13:48:00
345,98.0,98.0,14.0,15.0,0.0,0.0,0.0,0.0,2011-01-15 02:24:00,2011-01-27 14:00:00
2295,0.0,0.0,0.0,0.0,0.0,0.0,0.0,0.0,2012-12-12 05:00:00,2012-12-18 23:48:00
6019,0.0,0.0,0.0,0.0,0.0,0.0,0.0,0.0,2015-10-13 22:48:00,2015-10-18 21:24:00
5425,0.0,0.0,0.0,0.0,0.0,0.0,0.0,0.0,2015-04-03 00:24:00,2015-04-11 13:24:00
7282,0.0,0.0,0.0,0.0,0.0,0.0,0.0,0.0,2018-06-28 22:12:00,2018-06-29 14:48:00
1870,0.0,0.0,0.0,0.0,0.0,0.0,0.0,0.0,2012-07-16 12:36:00,2012-07-16 16:00:00
7171,2.0,1.0,0.0,0.0,0.0,0.0,0.0,0.0,2017-10-22 11:36:00,2017-11-03 05:24:00
647,0.0,0.0,0.0,0.0,0.0,0.0,0.0,0.0,2011-05-30 05:00:00,2011-06-04 09:36:00
4033,0.0,0.0,0.0,0.0,0.0,0.0,0.0,0.0,2014-04-16 15:36:00,2014-04-23 12:00:00
420,0.0,0.0,0.0,0.0,0.0,0.0,0.0,0.0,2011-03-10 16:24:00,2011-03-11 15:24:00
983,0.0,0.0,0.0,0.0,0.0,0.0,0.0,0.0,2011-10-19 01:24:00,2011-10-20 03:12:00
998,0.0,0.0,0.0,0.0,0.0,0.0,0.0,0.0,2011-10-21 11:36:00,2011-10-27 11:24:00
3682,0.0,0.0,0.0,0.0,0.0,0.0,0.0,0.0,2014-01-25 16:24:00,2014-01-26 18:24:00
2047,2.0,1.0,1.0,1.0,0.0,0.0,0.0,0.0,2012-09-19 14:12:00,2012-09-30 18:48:00
1242,0.0,0.0,0.0,0.0,0.0,0.0,0.0,0.0,2011-12-24 02:48:00,2011-12-25 02:12:00
1878,0.0,0.0,0.0,0.0,0.0,0.0,0.0,0.0,2012-07-22 18:36:00,2012-07-26 05:00:00
540,6.0,7.0,5.0,5.0,0.0,0.0,0.0,0.0,2011-04-25 14:00:00,2011-05-02 05:00:00
695,6.0,5.0,5.0,5.0,0.0,0.0,0.0,0.0,2011-07-04 15:48:00,2011-07-14 17:00:00
2380,0.0,0.0,0.0,0.0,0.0,0.0,0.0,0.0,2013-01-09 23:24:00,2013-01-20 03:12:00
3560,0.0,0.0,0.0,0.0,0.0,0.0,0.0,0.0,2013-12-30 10:24:00,2014-01-10 00:24:00
5541,3.0,3.0,61.0,61.0,3.0,3.0,1.0,1.0,2015-05-04 16:36:00,2015-05-18 18:00:00
5708,0.0,0.0,0.0,0.0,0.0,0.0,0.0,0.0,2015-06-22 06:12:00,2015-06-22 21:12:00
4057,0.0,0.0,0.0,0.0,0.0,0.0,0.0,0.0,2014-04-23 00:12:00,2014-05-01 08:24:00
1199,0.0,0.0,0.0,0.0,0.0,0.0,0.0,0.0,2011-12-14 17:00:00,2011-12-19 03:00:00
5516,0.0,0.0,0.0,0.0,0.0,0.0,0.0,0.0,2015-04-26 21:12:00,2015-04-27 00:24:00
266,0.0,0.0,0.0,0.0,0.0,0.0,0.0,0.0,2010-11-20 21:36:00,2010-11-22 20:48:00
2826,0.0,0.0,0.0,0.0,0.0,0.0,0.0,0.0,2013-06-03 23:12:00,2013-06-09 09:36:00
4794,0.0,0.0,0.0,0.0,0.0,0.0,0.0,0.0,2014-11-06 13:48:00,2014-11-06 20:48:00
5921,0.0,0.0,0.0,0.0,0.0,0.0,0.0,0.0,2015-08-28 06:24:00,2015-09-05 15:00:00
5161,0.0,0.0,0.0,0.0,0.0,0.0,0.0,0.0,2015-02-04 16:12:00,2015-02-11 13:48:00
7138,0.0,0.0,0.0,0.0,0.0,0.0,0.0,0.0,2017-09-16 08:00:00,2017-09-19 03:48:00
3461,0.0,0.0,0.0,0.0,0.0,0.0,0.0,0.0,2013-12-02 20:48:00,2013-12-09 09:36:00
7140,0.0,0.0,0.0,0.0,0.0,0.0,0.0,0.0,2017-09-18 15:00:00,2017-09-26 07:00:00
176,0.0,0.0,0.0,0.0,0.0,0.0,0.0,0.0,2010-09-10 16:48:00,2010-09-14 09:36:00
2286,0.0,0.0,0.0,0.0,0.0,0.0,0.0,0.0,2012-12-09 20:48:00,2012-12-18 13:24:00
504,13.0,15.0,12.0,15.0,0.0,0.0,0.0,0.0,2011-04-11 21:48:00,2011-04-26 04:12:00
4770,0.0,0.0,0.0,0.0,0.0,0.0,0.0,0.0,2014-10-31 22:12:00,2014-11-05 21:12:00
5511,0.0,0.0,0.0,0.0,0.0,0.0,0.0,0.0,2015-04-25 11:48:00,2015-04-27 13:12:00
4413,0.0,0.0,0.0,0.0,0.0,0.0,0.0,0.0,2014-07-29 23:00:00,2014-08-01 12:48:00
5445,0.0,0.0,0.0,0.0,0.0,0.0,0.0,0.0,2015-04-09 01:24:00,2015-04-10 17:36:00
444,1.0,0.0,0.0,0.0,0.0,0.0,0.0,0.0,2011-03-24 15:00:00,2011-04-05 10:36:00
5556,0.0,0.0,0.0,0.0,0.0,0.0,0.0,0.0,2015-05-12 11:12:00,2015-05-16 11:36:00
6964,0.0,1.0,0.0,0.0,0.0,0.0,0.0,0.0,2017-03-02 12:36:00,2017-03-10 23:00:00
1237,0.0,1.0,6.0,6.0,0.0,0.0,0.0,0.0,2011-12-22 18:36:00,2012-01-05 08:12:00
2996,0.0,0.0,0.0,0.0,0.0,0.0,0.0,0.0,2013-07-20 23:00:00,2013-07-21 04:00:00
1832,0.0,0.0,0.0,0.0,0.0,0.0,0.0,0.0,2012-07-03 11:12:00,2012-07-14 09:24:00
5988,0.0,0.0,0.0,0.0,0.0,0.0,0.0,0.0,2015-09-25 18:24:00,2015-09-26 00:24:00
4507,0.0,0.0,0.0,0.0,0.0,0.0,0.0,0.0,2014-08-28 11:12:00,2014-08-30 16:36:00
3671,0.0,0.0,0.0,0.0,0.0,0.0,0.0,0.0,2014-01-21 08:36:00,2014-01-22 12:24:00
957,0.0,0.0,0.0,0.0,0.0,0.0,0.0,0.0,2011-10-12 04:00:00,2011-10-14 01:48:00
6784,0.0,0.0,0.0,0.0,0.0,0.0,0.0,0.0,2016-09-29 12:48:00,2016-10-03 11:48:00
6930,23.0,25.0,0.0,0.0,0.0,0.0,0.0,0.0,2017-01-24 11:48:00,2017-02-04 14:48:00
2324,0.0,0.0,0.0,0.0,0.0,0.0,0.0,0.0,2012-12-25 00:24:00,2012-12-26 05:00:00
2704,0.0,0.0,0.0,0.0,0.0,0.0,0.0,0.0,2013-04-29 04:12:00,2013-05-09 15:36:00
1931,5.0,5.0,7.0,7.0,0.0,0.0,0.0,0.0,2012-08-06 11:12:00,2012-08-20 08:12:00
5324,0.0,0.0,0.0,0.0,0.0,0.0,0.0,0.0,2015-03-11 09:12:00,2015-03-13 21:48:00
4070,0.0,0.0,0.0,0.0,0.0,0.0,0.0,0.0,2014-04-25 17:12:00,2014-04-28 07:48:00
1090,0.0,0.0,3.0,3.0,0.0,0.0,0.0,0.0,2011-11-16 04:12:00,2011-11-27 19:00:00
5733,0.0,0.0,0.0,0.0,0.0,0.0,0.0,0.0,2015-07-01 00:24:00,2015-07-06 22:36:00
2773,0.0,0.0,0.0,0.0,0.0,0.0,0.0,0.0,2013-05-22 13:24:00,2013-05-22 23:12:00
3686,0.0,0.0,72.0,71.0,26.0,25.0,0.0,0.0,2014-01-26 23:00:00,2014-02-10 09:12:00
5625,0.0,0.0,0.0,0.0,0.0,0.0,0.0,0.0,2015-05-27 16:36:00,2015-06-04 21:36:00
1738,0.0,0.0,0.0,1.0,0.0,0.0,0.0,0.0,2012-06-04 05:12:00,2012-06-07 07:00:00
5393,0.0,0.0,0.0,0.0,0.0,0.0,0.0,0.0,2015-03-27 11:00:00,2015-03-31 23:12:00
4568,0.0,0.0,0.0,0.0,0.0,0.0,0.0,0.0,2014-09-14 23:36:00,2014-09-21 03:12:00
3174,0.0,0.0,0.0,0.0,0.0,0.0,0.0,0.0,2013-09-10 13:12:00,2013-09-16 16:36:00
1365,0.0,0.0,0.0,0.0,0.0,0.0,0.0,0.0,2012-01-29 20:24:00,2012-02-04 22:00:00
1330,0.0,0.0,0.0,0.0,0.0,0.0,0.0,0.0,2012-01-16 03:36:00,2012-01-20 03:00:00
3928,0.0,0.0,0.0,0.0,0.0,0.0,0.0,0.0,2014-03-27 15:36:00,2014-03-28 03:12:00
6130,0.0,0.0,0.0,0.0,0.0,0.0,0.0,0.0,2015-11-20 03:24:00,2015-11-23 18:36:00
3600,0.0,0.0,0.0,0.0,0.0,0.0,0.0,0.0,2014-01-07 11:24:00,2014-01-09 18:24:00
1335,0.0,0.0,0.0,0.0,0.0,0.0,0.0,0.0,2012-01-17 15:12:00,2012-01-18 03:36:00
6231,1.0,1.0,0.0,0.0,0.0,0.0,0.0,0.0,2016-01-03 09:00:00,2016-01-08 10:00:00
1253,0.0,0.0,0.0,0.0,0.0,0.0,0.0,0.0,2011-12-26 06:36:00,2011-12-27 22:48:00
5571,6.0,6.0,7.0,7.0,0.0,0.0,0.0,0.0,2015-05-14 23:12:00,2015-05-27 17:48:00
4505,0.0,0.0,2.0,2.0,0.0,0.0,0.0,0.0,2014-08-27 09:36:00,2014-09-06 19:00:00
917,0.0,0.0,0.0,0.0,0.0,0.0,0.0,0.0,2011-10-01 04:00:00,2011-10-08 02:12:00
3113,0.0,0.0,1.0,1.0,0.0,0.0,0.0,0.0,2013-08-20 16:48:00,2013-08-23 13:12:00
3982,0.0,0.0,0.0,0.0,0.0,0.0,0.0,0.0,2014-04-06 21:36:00,2014-04-15 12:00:00
1426,2.0,2.0,0.0,0.0,0.0,0.0,0.0,0.0,2012-02-24 23:24:00,2012-03-02 07:12:00
5894,1.0,1.0,0.0,0.0,0.0,0.0,0.0,0.0,2015-08-22 02:36:00,2015-09-03 06:00:00
2063,0.0,0.0,0.0,0.0,0.0,0.0,0.0,0.0,2012-09-24 14:24:00,2012-09-29 05:36:00
4178,0.0,0.0,0.0,0.0,0.0,0.0,0.0,0.0,2014-05-28 05:00:00,2014-05-28 11:12:00
3612,0.0,0.0,0.0,0.0,0.0,0.0,0.0,0.0,2014-01-09 09:24:00,2014-01-15 16:12:00
5282,0.0,0.0,0.0,0.0,0.0,0.0,0.0,0.0,2015-03-04 02:36:00,2015-03-04 13:48:00
303,0.0,0.0,0.0,0.0,0.0,0.0,0.0,0.0,2010-12-15 16:00:00,2010-12-20 12:00:00
3436,0.0,0.0,0.0,0.0,0.0,0.0,0.0,0.0,2013-11-26 16:36:00,2013-12-01 19:24:00
1184,0.0,0.0,0.0,0.0,0.0,0.0,0.0,0.0,2011-12-11 11:24:00,2011-12-20 15:48:00
3127,0.0,0.0,0.0,0.0,0.0,0.0,0.0,0.0,2013-08-25 22:00:00,2013-08-25 22:24:00
4109,0.0,0.0,0.0,0.0,0.0,0.0,0.0,0.0,2014-05-07 00:00:00,2014-05-13 14:36:00
3379,0.0,0.0,0.0,0.0,0.0,0.0,0.0,0.0,2013-11-12 12:00:00,2013-11-13 18:00:00
1464,11.0,11.0,2.0,2.0,1.0,1.0,0.0,0.0,2012-03-10 01:12:00,2012-03-22 14:48:00
7205,0.0,2.0,0.0,0.0,0.0,0.0,0.0,0.0,2017-12-12 17:00:00,2017-12-18 15:36:00
6379,0.0,0.0,0.0,0.0,0.0,0.0,0.0,0.0,2016-02-21 10:00:00,2016-03-01 03:48:00
5806,0.0,0.0,0.0,0.0,0.0,0.0,0.0,0.0,2015-07-23 08:48:00,2015-07-24 05:24:00
7043,0.0,0.0,0.0,0.0,0.0,0.0,0.0,0.0,2017-06-10 14:12:00,2017-06-11 13:12:00
1036,0.0,0.0,0.0,0.0,0.0,0.0,0.0,0.0,2011-11-02 20:24:00,2011-11-05 21:00:00
5809,0.0,0.0,0.0,0.0,0.0,0.0,0.0,0.0,2015-07-23 12:12:00,2015-07-24 10:36:00
3584,0.0,0.0,0.0,0.0,0.0,0.0,0.0,0.0,2014-01-04 22:24:00,2014-01-08 22:36:00
2203,1.0,2.0,3.0,2.0,0.0,0.0,0.0,0.0,2012-11-13 00:24:00,2012-11-25 23:24:00
5598,1.0,1.0,0.0,0.0,0.0,0.0,0.0,0.0,2015-05-19 18:36:00,2015-05-28 21:12:00
3590,0.0,0.0,0.0,0.0,0.0,0.0,0.0,0.0,2014-01-06 09:12:00,2014-01-13 23:12:00
2065,0.0,0.0,0.0,0.0,0.0,0.0,0.0,0.0,2012-09-25 00:36:00,2012-09-29 02:36:00
2108,0.0,0.0,0.0,0.0,0.0,0.0,0.0,0.0,2012-10-06 19:00:00,2012-10-07 05:00:00
425,0.0,0.0,0.0,0.0,0.0,0.0,0.0,0.0,2011-03-13 05:00:00,2011-03-20 05:12:00
2831,0.0,0.0,0.0,0.0,0.0,0.0,0.0,0.0,2013-06-05 03:12:00,2013-06-15 03:48:00
2692,0.0,0.0,0.0,0.0,0.0,0.0,0.0,0.0,2013-04-24 19:12:00,2013-04-27 03:36:00
5186,7.0,6.0,10.0,12.0,2.0,2.0,0.0,0.0,2015-02-07 12:24:00,2015-02-20 15:24:00
2062,0.0,0.0,0.0,0.0,0.0,0.0,0.0,0.0,2012-09-24 13:24:00,2012-09-24 17:00:00
6583,0.0,0.0,0.0,0.0,0.0,0.0,0.0,0.0,2016-05-26 14:36:00,2016-05-28 17:12:00
2846,0.0,0.0,0.0,0.0,0.0,0.0,0.0,0.0,2013-06-10 10:48:00,2013-06-17 23:24:00
3396,0.0,0.0,0.0,0.0,0.0,0.0,0.0,0.0,2013-11-16 18:24:00,2013-11-28 11:24:00
2356,0.0,0.0,0.0,0.0,0.0,0.0,0.0,0.0,2013-01-03 15:24:00,2013-01-11 02:48:00
1988,0.0,0.0,0.0,0.0,0.0,0.0,0.0,0.0,2012-08-28 08:00:00,2012-08-29 05:24:00
1682,0.0,0.0,0.0,0.0,0.0,0.0,0.0,0.0,2012-05-17 20:36:00,2012-05-20 02:12:00
4671,0.0,0.0,0.0,0.0,0.0,0.0,0.0,0.0,2014-10-09 01:12:00,2014-10-12 11:48:00
1170,0.0,0.0,0.0,0.0,0.0,0.0,0.0,0.0,2011-12-07 16:12:00,2011-12-10 08:24:00
5848,16.0,16.0,19.0,18.0,0.0,0.0,0.0,0.0,2015-08-03 01:48:00,2015-08-14 23:24:00
3203,0.0,0.0,0.0,0.0,0.0,0.0,0.0,0.0,2013-09-19 04:24:00,2013-09-21 15:24:00
2453,0.0,0.0,0.0,0.0,0.0,0.0,0.0,0.0,2013-02-03 20:36:00,2013-02-12 20:24:00
7105,0.0,0.0,0.0,0.0,0.0,0.0,0.0,0.0,2017-08-09 07:36:00,2017-08-10 19:36:00
6538,0.0,0.0,0.0,0.0,0.0,0.0,0.0,0.0,2016-05-04 19:48:00,2016-05-07 00:00:00
614,0.0,0.0,0.0,0.0,0.0,0.0,0.0,0.0,2011-05-19 04:48:00,2011-05-25 22:00:00
1810,0.0,0.0,0.0,0.0,0.0,0.0,0.0,0.0,2012-06-26 13:48:00,2012-06-28 02:24:00
3175,0.0,0.0,0.0,0.0,0.0,0.0,0.0,0.0,2013-09-10 16:12:00,2013-09-17 08:12:00
5752,0.0,0.0,0.0,0.0,0.0,0.0,0.0,0.0,2015-07-05 01:24:00,2015-07-12 17:12:00
6289,7.0,7.0,10.0,9.0,0.0,0.0,0.0,0.0,2016-01-18 15:48:00,2016-01-31 13:00:00
1785,0.0,0.0,0.0,0.0,0.0,0.0,0.0,0.0,2012-06-19 07:24:00,2012-06-25 10:24:00
5757,0.0,0.0,0.0,0.0,0.0,0.0,0.0,0.0,2015-07-07 00:48:00,2015-07-12 10:24:00
5983,12.0,12.0,67.0,65.0,17.0,17.0,0.0,0.0,2015-09-22 08:00:00,2015-10-03 22:48:00
2337,8.0,8.0,6.0,6.0,0.0,0.0,0.0,0.0,2012-12-29 12:12:00,2013-01-08 10:48:00
6794,9.0,8.0,1.0,1.0,0.0,0.0,0.0,0.0,2016-10-02 19:12:00,2016-10-16 02:12:00
6119,0.0,0.0,0.0,0.0,0.0,0.0,0.0,0.0,2015-11-17 23:12:00,2015-11-21 21:36:00
3991,0.0,0.0,0.0,0.0,0.0,0.0,0.0,0.0,2014-04-08 15:36:00,2014-04-10 08:12:00
2577,0.0,0.0,0.0,0.0,0.0,0.0,0.0,0.0,2013-03-17 10:24:00,2013-03-22 18:24:00
4038,0.0,0.0,0.0,0.0,0.0,0.0,0.0,0.0,2014-04-17 11:00:00,2014-04-27 10:12:00
2460,11.0,10.0,2.0,2.0,0.0,0.0,0.0,0.0,2013-02-05 21:00:00,2013-02-17 01:12:00
1514,0.0,0.0,0.0,0.0,0.0,0.0,0.0,0.0,2012-03-26 15:12:00,2012-04-07 17:00:00
1393,0.0,0.0,0.0,0.0,0.0,0.0,0.0,0.0,2012-02-09 19:36:00,2012-02-11 07:48:00
2036,0.0,0.0,0.0,0.0,0.0,0.0,0.0,0.0,2012-09-14 21:00:00,2012-09-16 15:36:00
4662,0.0,0.0,0.0,0.0,0.0,0.0,0.0,0.0,2014-10-06 06:24:00,2014-10-09 14:12:00
5431,0.0,0.0,0.0,0.0,0.0,0.0,0.0,0.0,2015-04-03 21:12:00,2015-04-04 18:12:00
4358,0.0,0.0,0.0,0.0,0.0,0.0,0.0,0.0,2014-07-09 23:24:00,2014-07-10 06:48:00
4601,0.0,0.0,0.0,0.0,0.0,0.0,0.0,0.0,2014-09-22 18:36:00,2014-09-27 18:00:00
3356,0.0,0.0,0.0,0.0,0.0,0.0,0.0,0.0,2013-11-06 14:12:00,2013-11-14 19:48:00
5917,0.0,0.0,0.0,0.0,0.0,0.0,0.0,0.0,2015-08-26 18:12:00,2015-09-02 20:48:00
174,0.0,0.0,0.0,0.0,0.0,0.0,0.0,0.0,2010-09-10 09:24:00,2010-09-17 05:00:00
5963,0.0,0.0,1.0,1.0,0.0,0.0,0.0,0.0,2015-09-13 20:48:00,2015-09-24 16:24:00
4196,0.0,0.0,0.0,0.0,0.0,0.0,0.0,0.0,2014-06-01 21:36:00,2014-06-06 20:36:00
6462,0.0,0.0,0.0,0.0,0.0,0.0,0.0,0.0,2016-03-29 19:12:00,2016-04-02 22:48:00
1246,0.0,0.0,0.0,0.0,0.0,0.0,0.0,0.0,2011-12-25 07:00:00,2011-12-31 12:36:00
895,0.0,0.0,0.0,0.0,0.0,0.0,0.0,0.0,2011-09-23 01:48:00,2011-10-02 14:00:00
3843,0.0,0.0,0.0,0.0,0.0,0.0,0.0,0.0,2014-03-09 04:24:00,2014-03-22 07:00:00
6886,0.0,0.0,0.0,0.0,0.0,0.0,0.0,0.0,2016-12-15 11:12:00,2016-12-16 08:00:00
3586,0.0,0.0,0.0,0.0,0.0,0.0,0.0,0.0,2014-01-05 11:48:00,2014-01-18 08:00:00
6764,2.0,2.0,1.0,1.0,0.0,0.0,0.0,0.0,2016-09-18 04:00:00,2016-09-25 17:24:00
7305,1.0,1.0,0.0,0.0,0.0,0.0,0.0,0.0,2018-09-10 22:12:00,2018-09-16 04:24:00
2822,0.0,0.0,0.0,0.0,0.0,0.0,0.0,0.0,2013-06-02 00:12:00,2013-06-07 20:00:00
4618,0.0,0.0,0.0,0.0,0.0,0.0,0.0,0.0,2014-09-27 10:48:00,2014-10-01 10:12:00
3764,0.0,0.0,0.0,0.0,0.0,0.0,0.0,0.0,2014-02-16 08:24:00,2014-02-24 08:24:00
571,0.0,1.0,0.0,0.0,0.0,0.0,0.0,0.0,2011-05-02 14:12:00,2011-05-11 21:12:00
7178,0.0,0.0,0.0,0.0,0.0,0.0,0.0,0.0,2017-10-28 12:48:00,2017-10-30 16:12:00
2430,0.0,0.0,0.0,0.0,0.0,0.0,0.0,0.0,2013-01-27 09:36:00,2013-01-29 20:12:00
2788,0.0,0.0,0.0,0.0,0.0,0.0,0.0,0.0,2013-05-25 19:12:00,2013-06-04 07:36:00
6530,1.0,1.0,1.0,1.0,0.0,0.0,0.0,0.0,2016-04-29 15:36:00,2016-05-06 23:24:00
2384,0.0,0.0,0.0,0.0,0.0,0.0,0.0,0.0,2013-01-11 15:12:00,2013-01-22 23:12:00
3151,0.0,0.0,0.0,0.0,0.0,0.0,0.0,0.0,2013-09-02 01:36:00,2013-09-06 14:36:00
915,0.0,0.0,0.0,0.0,0.0,0.0,0.0,0.0,2011-09-30 10:24:00,2011-10-03 18:36:00
3217,0.0,0.0,0.0,0.0,0.0,0.0,0.0,0.0,2013-09-22 02:36:00,2013-10-03 03:36:00
5498,0.0,0.0,0.0,0.0,0.0,0.0,0.0,0.0,2015-04-22 05:24:00,2015-04-25 20:12:00
5212,1.0,1.0,0.0,0.0,0.0,0.0,0.0,0.0,2015-02-12 15:24:00,2015-02-21 18:48:00
679,0.0,0.0,0.0,0.0,0.0,0.0,0.0,0.0,2011-06-20 19:36:00,2011-06-24 13:00:00
1571,0.0,0.0,0.0,0.0,0.0,0.0,0.0,0.0,2012-04-13 15:12:00,2012-04-14 06:24:00
6800,0.0,0.0,0.0,0.0,0.0,0.0,0.0,0.0,2016-10-06 13:36:00,2016-10-07 03:12:00
3335,0.0,0.0,0.0,0.0,0.0,0.0,0.0,0.0,2013-10-31 12:36:00,2013-11-03 19:36:00
1691,0.0,0.0,0.0,0.0,0.0,0.0,0.0,0.0,2012-05-21 20:12:00,2012-05-30 12:24:00
4192,0.0,0.0,0.0,0.0,0.0,0.0,0.0,0.0,2014-05-31 16:00:00,2014-06-03 00:48:00
765,0.0,0.0,0.0,0.0,0.0,0.0,0.0,0.0,2011-08-04 11:12:00,2011-08-14 06:00:00
4964,0.0,0.0,0.0,0.0,0.0,0.0,0.0,0.0,2014-12-19 03:12:00,2014-12-27 11:24:00
2824,0.0,0.0,0.0,0.0,0.0,0.0,0.0,0.0,2013-06-03 02:48:00,2013-06-05 20:36:00
4330,0.0,0.0,0.0,0.0,0.0,0.0,0.0,0.0,2014-07-03 10:12:00,2014-07-04 22:36:00
5297,0.0,0.0,0.0,0.0,0.0,0.0,0.0,0.0,2015-03-05 20:12:00,2015-03-09 06:12:00
6949,9.0,9.0,3.0,2.0,0.0,0.0,0.0,0.0,2017-02-08 16:12:00,2017-02-16 00:00:00
5439,0.0,0.0,0.0,0.0,0.0,0.0,0.0,0.0,2015-04-06 08:36:00,2015-04-07 06:00:00
2220,6.0,6.0,26.0,26.0,5.0,4.0,0.0,0.0,2012-11-15 22:12:00,2012-11-28 16:12:00
3572,0.0,0.0,0.0,0.0,0.0,0.0,0.0,0.0,2014-01-02 22:24:00,2014-01-04 23:48:00
2443,0.0,0.0,0.0,0.0,0.0,0.0,0.0,0.0,2013-02-01 00:00:00,2013-02-09 22:36:00
7081,0.0,0.0,0.0,0.0,0.0,0.0,0.0,0.0,2017-07-11 15:00:00,2017-07-18 06:48:00
2949,0.0,0.0,0.0,0.0,0.0,0.0,0.0,0.0,2013-07-09 09:12:00,2013-07-11 20:00:00
3790,0.0,0.0,0.0,0.0,0.0,0.0,0.0,0.0,2014-02-22 21:36:00,2014-02-23 16:12:00
7061,0.0,0.0,0.0,0.0,0.0,0.0,0.0,0.0,2017-06-23 07:36:00,2017-06-23 13:36:00
3229,0.0,0.0,0.0,0.0,0.0,0.0,0.0,0.0,2013-09-25 10:12:00,2013-10-05 06:24:00
1030,0.0,0.0,0.0,0.0,0.0,0.0,0.0,0.0,2011-11-01 07:24:00,2011-11-02 15:24:00
5618,3.0,3.0,1.0,1.0,0.0,0.0,0.0,0.0,2015-05-26 11:12:00,2015-06-09 01:00:00
252,21.0,24.0,1.0,1.0,0.0,0.0,0.0,0.0,2010-11-09 16:36:00,2010-11-20 16:00:00
5884,0.0,0.0,0.0,0.0,0.0,0.0,0.0,0.0,2015-08-17 13:12:00,2015-08-17 22:48:00
1256,5.0,8.0,38.0,44.0,5.0,5.0,0.0,0.0,2011-12-26 11:24:00,2012-01-10 03:00:00
5944,3.0,3.0,3.0,3.0,0.0,0.0,0.0,0.0,2015-09-05 22:00:00,2015-09-17 06:00:00
5699,0.0,0.0,0.0,0.0,0.0,0.0,0.0,0.0,2015-06-18 05:12:00,2015-06-23 06:12:00
2710,0.0,0.0,0.0,0.0,0.0,0.0,0.0,0.0,2013-04-30 19:00:00,2013-05-03 21:00:00
701,0.0,0.0,0.0,0.0,0.0,0.0,0.0,0.0,2011-07-07 03:36:00,2011-07-08 03:24:00
6921,0.0,0.0,0.0,0.0,0.0,0.0,0.0,0.0,2017-01-19 13:00:00,2017-01-22 11:12:00
4470,0.0,0.0,0.0,0.0,0.0,0.0,0.0,0.0,2014-08-17 15:00:00,2014-08-24 07:00:00
3259,0.0,0.0,0.0,0.0,0.0,0.0,0.0,0.0,2013-10-06 09:48:00,2013-10-16 07:12:00
1781,0.0,0.0,0.0,0.0,0.0,0.0,0.0,0.0,2012-06-18 04:36:00,2012-06-24 15:36:00
3685,0.0,0.0,0.0,0.0,0.0,0.0,0.0,0.0,2014-01-26 19:12:00,2014-01-28 19:36:00
6582,0.0,0.0,0.0,0.0,0.0,0.0,0.0,0.0,2016-05-26 11:48:00,2016-06-02 11:24:00
5154,0.0,0.0,0.0,0.0,0.0,0.0,0.0,0.0,2015-02-03 07:12:00,2015-02-09 08:36:00
6649,0.0,0.0,0.0,0.0,0.0,0.0,0.0,0.0,2016-06-28 07:12:00,2016-06-29 23:36:00
3260,0.0,0.0,0.0,0.0,0.0,0.0,0.0,0.0,2013-10-06 10:00:00,2013-10-14 05:48:00
651,0.0,0.0,0.0,0.0,0.0,0.0,0.0,0.0,2011-06-01 01:48:00,2011-06-09 14:36:00
4570,0.0,0.0,0.0,0.0,0.0,0.0,0.0,0.0,2014-09-15 10:00:00,2014-09-20 22:00:00
5486,0.0,0.0,0.0,0.0,0.0,0.0,0.0,0.0,2015-04-20 05:00:00,2015-04-24 04:24:00
4147,0.0,0.0,0.0,0.0,0.0,0.0,0.0,0.0,2014-05-16 21:00:00,2014-05-25 22:36:00
4778,0.0,0.0,0.0,0.0,0.0,0.0,0.0,0.0,2014-11-02 20:36:00,2014-11-07 19:00:00
3284,0.0,0.0,0.0,0.0,0.0,0.0,0.0,0.0,2013-10-14 14:00:00,2013-10-19 07:24:00
126,0.0,0.0,0.0,0.0,0.0,0.0,0.0,0.0,2010-08-08 14:36:00,2010-08-08 21:36:00
797,0.0,0.0,0.0,0.0,0.0,0.0,0.0,0.0,2011-08-15 04:00:00,2011-08-18 09:36:00
1845,0.0,0.0,2.0,2.0,0.0,0.0,0.0,0.0,2012-07-06 21:48:00,2012-07-18 00:24:00
5155,0.0,0.0,0.0,0.0,0.0,0.0,0.0,0.0,2015-02-03 19:12:00,2015-02-05 19:24:00
3200,0.0,0.0,0.0,0.0,0.0,0.0,0.0,0.0,2013-09-18 14:36:00,2013-09-21 13:12:00
665,0.0,0.0,0.0,0.0,0.0,0.0,0.0,0.0,2011-06-11 07:48:00,2011-06-17 02:12:00
6967,1.0,1.0,0.0,0.0,0.0,0.0,0.0,0.0,2017-03-20 20:24:00,2017-03-31 03:12:00
5376,0.0,0.0,0.0,0.0,0.0,0.0,0.0,0.0,2015-03-23 11:36:00,2015-03-24 13:00:00
3587,0.0,0.0,3.0,3.0,1.0,1.0,0.0,0.0,2014-01-05 13:24:00,2014-01-08 11:24:00
6999,2.0,2.0,0.0,0.0,0.0,0.0,0.0,0.0,2017-04-26 16:36:00,2017-05-09 07:48:00
2708,0.0,0.0,0.0,0.0,0.0,0.0,0.0,0.0,2013-04-30 00:12:00,2013-05-07 12:36:00
964,0.0,0.0,0.0,0.0,0.0,0.0,0.0,0.0,2011-10-13 08:36:00,2011-10-16 19:24:00
3836,0.0,0.0,29.0,27.0,6.0,6.0,0.0,0.0,2014-03-07 05:24:00,2014-03-20 00:48:00
4335,0.0,0.0,0.0,0.0,0.0,0.0,0.0,0.0,2014-07-04 16:36:00,2014-07-14 08:00:00
393,22.0,24.0,38.0,40.0,5.0,5.0,0.0,0.0,2011-02-25 05:24:00,2011-03-10 07:48:00
6517,0.0,0.0,0.0,0.0,0.0,0.0,0.0,0.0,2016-04-26 02:12:00,2016-05-03 10:12:00
3638,0.0,0.0,0.0,0.0,0.0,0.0,0.0,0.0,2014-01-15 08:36:00,2014-01-15 17:12:00
7050,14.0,14.0,0.0,0.0,0.0,0.0,0.0,0.0,2017-06-14 16:48:00,2017-06-22 01:00:00
4943,0.0,0.0,0.0,0.0,0.0,0.0,0.0,0.0,2014-12-13 01:24:00,2014-12-24 13:12:00
2799,0.0,0.0,0.0,0.0,0.0,0.0,0.0,0.0,2013-05-27 19:36:00,2013-05-30 07:36:00
1550,0.0,0.0,0.0,0.0,0.0,0.0,0.0,0.0,2012-04-07 18:24:00,2012-04-13 23:24:00
6938,1.0,0.0,0.0,0.0,0.0,0.0,0.0,0.0,2017-01-30 08:36:00,2017-02-04 22:00:00
5869,0.0,0.0,0.0,0.0,0.0,0.0,0.0,0.0,2015-08-10 01:36:00,2015-08-12 00:00:00
4123,0.0,0.0,0.0,0.0,0.0,0.0,0.0,0.0,2014-05-10 15:12:00,2014-05-24 02:36:00
5612,0.0,0.0,0.0,0.0,0.0,0.0,0.0,0.0,2015-05-22 08:00:00,2015-05-27 20:12:00
1626,0.0,0.0,0.0,0.0,0.0,0.0,0.0,0.0,2012-04-28 08:36:00,2012-04-29 22:24:00
6029,0.0,0.0,0.0,0.0,0.0,0.0,0.0,0.0,2015-10-16 20:36:00,2015-10-19 00:00:00
1989,0.0,0.0,0.0,0.0,0.0,0.0,0.0,0.0,2012-08-28 09:00:00,2012-09-04 15:36:00
2473,0.0,0.0,0.0,0.0,0.0,0.0,0.0,0.0,2013-02-10 09:36:00,2013-02-14 20:24:00
440,0.0,0.0,0.0,0.0,0.0,0.0,0.0,0.0,2011-03-22 17:00:00,2011-03-22 21:00:00
2349,0.0,0.0,0.0,0.0,0.0,0.0,0.0,0.0,2013-01-02 13:36:00,2013-01-06 01:24:00
3120,0.0,0.0,0.0,0.0,0.0,0.0,0.0,0.0,2013-08-23 19:24:00,2013-08-31 13:12:00
1226,0.0,0.0,0.0,0.0,0.0,0.0,0.0,0.0,2011-12-19 16:36:00,2011-12-20 04:00:00
2795,0.0,0.0,0.0,0.0,0.0,0.0,0.0,0.0,2013-05-27 00:00:00,2013-05-27 04:24:00
1152,0.0,0.0,0.0,0.0,0.0,0.0,0.0,0.0,2011-12-03 22:12:00,2011-12-05 07:48:00
1168,4.0,4.0,5.0,5.0,0.0,0.0,0.0,0.0,2011-12-07 10:48:00,2011-12-20 20:36:00
4517,0.0,0.0,0.0,0.0,0.0,0.0,0.0,0.0,2014-08-30 08:48:00,2014-09-07 06:12:00
3302,0.0,0.0,0.0,0.0,0.0,0.0,0.0,0.0,2013-10-21 02:24:00,2013-10-24 23:00:00
2862,0.0,0.0,0.0,0.0,0.0,0.0,0.0,0.0,2013-06-14 16:00:00,2013-06-16 08:24:00
4521,0.0,0.0,0.0,0.0,0.0,0.0,0.0,0.0,2014-08-31 02:36:00,2014-09-01 09:12:00
2605,4.0,4.0,2.0,2.0,0.0,0.0,0.0,0.0,2013-03-29 02:36:00,2013-04-12 18:12:00
4530,0.0,0.0,37.0,34.0,3.0,2.0,0.0,0.0,2014-09-03 02:36:00,2014-09-16 21:24:00
700,3.0,3.0,0.0,0.0,0.0,0.0,0.0,0.0,2011-07-06 20:00:00,2011-07-16 19:00:00
5091,0.0,0.0,0.0,0.0,0.0,0.0,0.0,0.0,2015-01-17 13:12:00,2015-01-21 19:24:00
5627,0.0,0.0,0.0,0.0,0.0,0.0,0.0,0.0,2015-05-28 06:48:00,2015-06-06 03:48:00
1529,0.0,0.0,0.0,0.0,0.0,0.0,0.0,0.0,2012-03-30 12:00:00,2012-04-06 02:24:00
7092,0.0,0.0,0.0,0.0,0.0,0.0,0.0,0.0,2017-07-21 06:48:00,2017-07-21 11:24:00
771,0.0,0.0,0.0,0.0,0.0,0.0,0.0,0.0,2011-08-07 20:12:00,2011-08-10 14:48:00
3957,0.0,0.0,2.0,2.0,0.0,0.0,0.0,0.0,2014-04-01 06:36:00,2014-04-10 02:24:00
4460,0.0,0.0,0.0,0.0,0.0,0.0,0.0,0.0,2014-08-15 01:48:00,2014-08-19 05:12:00
7153,0.0,0.0,0.0,0.0,0.0,0.0,0.0,0.0,2017-09-26 20:36:00,2017-09-28 09:24:00
6822,0.0,1.0,0.0,0.0,0.0,0.0,0.0,0.0,2016-10-27 06:00:00,2016-10-29 13:24:00
770,0.0,0.0,0.0,0.0,0.0,0.0,0.0,0.0,2011-08-07 13:12:00,2011-08-08 17:00:00
3064,0.0,0.0,0.0,0.0,0.0,0.0,0.0,0.0,2013-08-11 18:12:00,2013-08-19 06:36:00
2017,0.0,0.0,1.0,1.0,0.0,0.0,0.0,0.0,2012-09-05 12:00:00,2012-09-12 23:24:00
6422,0.0,0.0,0.0,0.0,0.0,0.0,0.0,0.0,2016-03-10 21:48:00,2016-03-11 06:24:00
2088,0.0,0.0,0.0,0.0,0.0,0.0,0.0,0.0,2012-09-29 12:24:00,2012-10-05 06:12:00
1594,0.0,0.0,0.0,0.0,0.0,0.0,0.0,0.0,2012-04-19 04:48:00,2012-04-21 21:36:00
2718,0.0,0.0,1.0,1.0,0.0,0.0,0.0,0.0,2013-05-03 09:24:00,2013-05-14 15:48:00
2144,0.0,0.0,0.0,0.0,0.0,0.0,0.0,0.0,2012-10-23 02:24:00,2012-11-01 08:36:00
6988,0.0,2.0,0.0,0.0,0.0,0.0,0.0,0.0,2017-04-17 20:24:00,2017-04-27 01:48:00
2774,0.0,0.0,0.0,0.0,0.0,0.0,0.0,0.0,2013-05-22 21:12:00,2013-05-23 03:12:00
6528,0.0,0.0,0.0,0.0,0.0,0.0,0.0,0.0,2016-04-28 15:36:00,2016-05-01 03:24:00
1789,0.0,0.0,0.0,0.0,0.0,0.0,0.0,0.0,2012-06-21 11:48:00,2012-06-25 20:36:00
4978,1.0,1.0,10.0,10.0,0.0,0.0,0.0,0.0,2014-12-21 23:00:00,2015-01-05 13:36:00
4533,0.0,0.0,0.0,0.0,0.0,0.0,0.0,0.0,2014-09-03 18:48:00,2014-09-05 17:24:00
3821,0.0,0.0,0.0,0.0,0.0,0.0,0.0,0.0,2014-03-02 23:12:00,2014-03-14 03:12:00
29,0.0,0.0,0.0,0.0,0.0,0.0,0.0,0.0,2010-05-22 12:00:00,2010-05-23 07:24:00
4673,0.0,0.0,0.0,0.0,0.0,0.0,0.0,0.0,2014-10-10 00:12:00,2014-10-20 02:12:00
3353,0.0,0.0,0.0,0.0,0.0,0.0,0.0,0.0,2013-11-06 00:48:00,2013-11-13 13:48:00
2920,29.0,27.0,67.0,67.0,1.0,1.0,0.0,0.0,2013-07-01 06:00:00,2013-07-14 15:36:00
2901,0.0,0.0,0.0,0.0,0.0,0.0,0.0,0.0,2013-06-25 19:00:00,2013-06-26 11:24:00
6761,0.0,0.0,0.0,0.0,0.0,0.0,0.0,0.0,2016-09-16 21:48:00,2016-09-18 19:12:00
6465,0.0,0.0,0.0,0.0,0.0,0.0,0.0,0.0,2016-03-31 12:00:00,2016-04-08 03:24:00
531,0.0,0.0,0.0,0.0,0.0,0.0,0.0,0.0,2011-04-23 11:12:00,2011-04-27 22:12:00
4750,0.0,0.0,0.0,0.0,0.0,0.0,0.0,0.0,2014-10-28 10:36:00,2014-11-06 01:48:00
4776,0.0,0.0,0.0,0.0,0.0,0.0,0.0,0.0,2014-11-02 14:12:00,2014-11-09 02:48:00
7001,0.0,0.0,0.0,0.0,0.0,0.0,0.0,0.0,2017-04-30 05:36:00,2017-04-30 16:00:00
846,0.0,0.0,0.0,0.0,0.0,0.0,0.0,0.0,2011-09-04 15:12:00,2011-09-12 05:36:00
1271,0.0,0.0,4.0,4.0,0.0,0.0,0.0,0.0,2011-12-30 13:24:00,2012-01-11 05:48:00
6889,0.0,0.0,0.0,0.0,0.0,0.0,0.0,0.0,2016-12-18 04:00:00,2016-12-23 13:48:00
6031,0.0,0.0,0.0,0.0,0.0,0.0,0.0,0.0,2015-10-17 05:12:00,2015-10-18 01:12:00
4465,0.0,0.0,0.0,0.0,0.0,0.0,0.0,0.0,2014-08-15 23:36:00,2014-08-16 17:00:00
3416,0.0,0.0,0.0,0.0,0.0,0.0,0.0,0.0,2013-11-21 18:12:00,2013-11-23 12:00:00
207,0.0,0.0,0.0,0.0,0.0,0.0,0.0,0.0,2010-10-04 12:36:00,2010-10-06 04:48:00
2233,0.0,0.0,0.0,0.0,0.0,0.0,0.0,0.0,2012-11-22 06:48:00,2012-11-26 16:12:00
2659,0.0,0.0,0.0,0.0,0.0,0.0,0.0,0.0,2013-04-11 20:36:00,2013-04-18 00:48:00
2122,0.0,0.0,0.0,0.0,0.0,0.0,0.0,0.0,2012-10-16 16:36:00,2012-10-26 05:48:00
7034,42.0,39.0,18.0,18.0,0.0,0.0,0.0,0.0,2017-05-31 13:48:00,2017-06-12 09:48:00
2488,0.0,0.0,0.0,0.0,0.0,0.0,0.0,0.0,2013-02-13 10:48:00,2013-02-17 16:24:00
7192,2.0,1.0,0.0,0.0,0.0,0.0,0.0,0.0,2017-11-20 03:36:00,2017-12-01 09:36:00
2429,0.0,0.0,0.0,0.0,0.0,0.0,0.0,0.0,2013-01-27 03:48:00,2013-01-28 23:36:00
5977,0.0,0.0,0.0,0.0,0.0,0.0,0.0,0.0,2015-09-20 16:24:00,2015-09-26 23:36:00
4591,0.0,0.0,2.0,3.0,0.0,0.0,0.0,0.0,2014-09-20 18:48:00,2014-10-02 06:24:00
4518,0.0,0.0,0.0,0.0,0.0,0.0,0.0,0.0,2014-08-30 15:12:00,2014-08-31 06:24:00
764,1.0,1.0,4.0,4.0,0.0,0.0,0.0,0.0,2011-08-04 10:12:00,2011-08-12 11:24:00
434,0.0,0.0,0.0,0.0,0.0,0.0,0.0,0.0,2011-03-18 14:00:00,2011-03-18 21:48:00
592,0.0,0.0,0.0,0.0,0.0,0.0,0.0,0.0,2011-05-10 05:36:00,2011-05-10 15:24:00
2760,3.0,3.0,8.0,8.0,1.0,0.0,0.0,0.0,2013-05-19 08:12:00,2013-06-02 12:12:00
1737,0.0,0.0,0.0,0.0,0.0,0.0,0.0,0.0,2012-06-03 01:00:00,2012-06-07 17:00:00
3108,0.0,0.0,0.0,0.0,0.0,0.0,0.0,0.0,2013-08-19 04:36:00,2013-08-20 19:36:00
6663,0.0,0.0,0.0,0.0,0.0,0.0,0.0,0.0,2016-07-07 06:48:00,2016-07-10 18:36:00
1537,0.0,0.0,0.0,0.0,0.0,0.0,0.0,0.0,2012-04-02 11:12:00,2012-04-05 01:36:00
6101,0.0,0.0,0.0,0.0,0.0,0.0,0.0,0.0,2015-11-13 06:12:00,2015-11-13 18:24:00
3244,0.0,0.0,0.0,0.0,0.0,0.0,0.0,0.0,2013-09-29 18:12:00,2013-10-07 13:00:00
3439,0.0,0.0,0.0,0.0,0.0,0.0,0.0,0.0,2013-11-27 02:12:00,2013-12-05 22:36:00
6560,0.0,0.0,0.0,0.0,0.0,0.0,0.0,0.0,2016-05-14 18:48:00,2016-05-22 05:24:00
3576,0.0,0.0,0.0,0.0,0.0,0.0,0.0,0.0,2014-01-03 17:12:00,2014-01-10 14:24:00
6047,0.0,0.0,0.0,0.0,0.0,0.0,0.0,0.0,2015-10-21 02:48:00,2015-10-22 08:36:00
7075,80.0,79.0,26.0,23.0,2.0,2.0,0.0,0.0,2017-07-05 06:48:00,2017-07-18 09:48:00
2112,3.0,3.0,1.0,2.0,0.0,0.0,0.0,0.0,2012-10-10 03:36:00,2012-10-21 17:12:00
3880,0.0,0.0,0.0,0.0,0.0,0.0,0.0,0.0,2014-03-19 00:00:00,2014-03-24 13:36:00
637,12.0,14.0,47.0,49.0,3.0,3.0,0.0,0.0,2011-05-27 06:24:00,2011-06-10 04:24:00
2677,0.0,0.0,2.0,3.0,0.0,0.0,0.0,0.0,2013-04-20 02:12:00,2013-05-02 09:48:00
1287,0.0,0.0,0.0,0.0,0.0,0.0,0.0,0.0,2012-01-05 01:48:00,2012-01-06 06:36:00
1291,0.0,0.0,0.0,0.0,0.0,0.0,0.0,0.0,2012-01-05 13:00:00,2012-01-08 03:36:00
1572,0.0,0.0,1.0,0.0,0.0,0.0,0.0,0.0,2012-04-14 01:48:00,2012-04-22 10:36:00
7045,0.0,0.0,0.0,0.0,0.0,0.0,0.0,0.0,2017-06-12 17:00:00,2017-06-24 13:12:00
5736,0.0,0.0,0.0,0.0,0.0,0.0,0.0,0.0,2015-07-01 09:36:00,2015-07-04 02:48:00
430,0.0,0.0,0.0,0.0,0.0,0.0,0.0,0.0,2011-03-16 13:00:00,2011-03-17 02:48:00
5181,0.0,0.0,0.0,0.0,0.0,0.0,0.0,0.0,2015-02-07 01:48:00,2015-02-10 00:00:00
5984,0.0,0.0,0.0,0.0,0.0,0.0,0.0,0.0,2015-09-22 17:48:00,2015-09-23 02:36:00
1442,0.0,0.0,0.0,0.0,0.0,0.0,0.0,0.0,2012-02-28 19:12:00,2012-03-01 01:36:00
6477,0.0,0.0,0.0,0.0,0.0,0.0,0.0,0.0,2016-04-05 10:00:00,2016-04-06 20:48:00
327,1.0,2.0,1.0,1.0,0.0,0.0,0.0,0.0,2010-12-31 09:00:00,2011-01-09 19:48:00
1447,1.0,1.0,4.0,6.0,0.0,0.0,0.0,0.0,2012-03-01 13:36:00,2012-03-13 23:24:00
2699,0.0,0.0,0.0,0.0,0.0,0.0,0.0,0.0,2013-04-27 15:24:00,2013-04-29 03:12:00
6956,0.0,0.0,0.0,0.0,0.0,0.0,0.0,0.0,2017-02-23 11:12:00,2017-02-23 21:24:00
1979,7.0,5.0,0.0,0.0,0.0,0.0,0.0,0.0,2012-08-26 21:12:00,2012-09-07 14:00:00
2568,0.0,0.0,0.0,0.0,0.0,0.0,0.0,0.0,2013-03-12 08:48:00,2013-03-15 03:36:00
3316,0.0,0.0,0.0,0.0,0.0,0.0,0.0,0.0,2013-10-25 12:48:00,2013-10-30 14:24:00
6353,0.0,0.0,1.0,1.0,0.0,0.0,0.0,0.0,2016-02-12 16:12:00,2016-02-22 04:12:00
1273,0.0,0.0,0.0,0.0,0.0,0.0,0.0,0.0,2012-01-01 05:48:00,2012-01-05 05:48:00
6615,5.0,5.0,0.0,0.0,0.0,0.0,0.0,0.0,2016-06-11 01:24:00,2016-06-16 01:12:00
6033,0.0,0.0,0.0,0.0,0.0,0.0,0.0,0.0,2015-10-17 09:12:00,2015-10-22 06:12:00
5344,0.0,0.0,0.0,0.0,0.0,0.0,0.0,0.0,2015-03-18 07:48:00,2015-03-19 07:12:00
1620,0.0,0.0,0.0,0.0,0.0,0.0,0.0,0.0,2012-04-27 02:00:00,2012-05-04 23:12:00
589,0.0,0.0,0.0,0.0,0.0,0.0,0.0,0.0,2011-05-08 04:48:00,2011-05-12 15:36:00
7204,0.0,0.0,0.0,0.0,0.0,0.0,0.0,0.0,2017-12-12 13:12:00,2017-12-16 20:48:00
4431,0.0,0.0,0.0,0.0,0.0,0.0,0.0,0.0,2014-08-03 08:36:00,2014-08-07 22:00:00
4392,0.0,0.0,0.0,0.0,0.0,0.0,0.0,0.0,2014-07-26 00:48:00,2014-08-01 22:00:00
4511,0.0,0.0,0.0,0.0,0.0,0.0,0.0,0.0,2014-08-28 22:48:00,2014-09-01 20:48:00
1028,1.0,1.0,57.0,52.0,11.0,11.0,1.0,1.0,2011-11-01 02:48:00,2011-11-16 17:00:00
6657,0.0,0.0,0.0,0.0,0.0,0.0,0.0,0.0,2016-07-03 22:36:00,2016-07-14 22:12:00
3480,0.0,0.0,0.0,0.0,0.0,0.0,0.0,0.0,2013-12-08 09:36:00,2013-12-14 20:48:00
6670,40.0,41.0,55.0,53.0,7.0,7.0,0.0,0.0,2016-07-10 20:48:00,2016-07-24 23:00:00
342,3.0,3.0,0.0,0.0,0.0,0.0,0.0,0.0,2011-01-10 10:48:00,2011-01-16 14:36:00
4603,0.0,0.0,1.0,1.0,0.0,0.0,0.0,0.0,2014-09-23 03:36:00,2014-10-05 08:24:00
5922,0.0,0.0,0.0,0.0,0.0,0.0,0.0,0.0,2015-08-28 13:36:00,2015-09-04 05:24:00
7160,0.0,0.0,0.0,0.0,0.0,0.0,0.0,0.0,2017-10-04 16:12:00,2017-10-07 14:48:00
1457,0.0,0.0,0.0,0.0,0.0,0.0,0.0,0.0,2012-03-04 16:48:00,2012-03-15 00:48:00
4763,0.0,0.0,0.0,0.0,0.0,0.0,0.0,0.0,2014-10-30 08:48:00,2014-10-30 15:12:00
7016,0.0,0.0,0.0,0.0,0.0,0.0,0.0,0.0,2017-05-18 10:48:00,2017-05-26 18:00:00
1889,0.0,0.0,0.0,0.0,0.0,0.0,0.0,0.0,2012-07-25 20:24:00,2012-07-26 11:48:00
2651,1.0,1.0,2.0,1.0,0.0,0.0,0.0,0.0,2013-04-09 00:36:00,2013-04-21 05:24:00
4852,0.0,0.0,0.0,0.0,0.0,0.0,0.0,0.0,2014-11-19 11:12:00,2014-12-02 02:36:00
3415,2.0,2.0,6.0,5.0,0.0,0.0,0.0,0.0,2013-11-21 18:00:00,2013-12-05 15:48:00
2431,0.0,0.0,0.0,0.0,0.0,0.0,0.0,0.0,2013-01-27 13:48:00,2013-01-30 13:00:00
2955,0.0,0.0,0.0,0.0,0.0,0.0,0.0,0.0,2013-07-11 05:48:00,2013-07-20 04:12:00
3192,1.0,0.0,0.0,0.0,0.0,0.0,0.0,0.0,2013-09-17 00:36:00,2013-09-27 04:12:00
1798,0.0,0.0,0.0,0.0,0.0,0.0,0.0,0.0,2012-06-23 16:00:00,2012-06-29 17:48:00
492,0.0,0.0,0.0,0.0,0.0,0.0,0.0,0.0,2011-04-06 13:00:00,2011-04-07 17:24:00
5286,0.0,0.0,0.0,0.0,0.0,0.0,0.0,0.0,2015-03-04 14:24:00,2015-03-05 04:24:00
5789,3.0,3.0,0.0,0.0,0.0,0.0,0.0,0.0,2015-07-14 21:48:00,2015-07-28 00:24:00
6941,0.0,0.0,0.0,0.0,0.0,0.0,0.0,0.0,2017-01-31 14:36:00,2017-02-01 02:48:00
6434,0.0,0.0,0.0,0.0,0.0,0.0,0.0,0.0,2016-03-15 00:12:00,2016-03-19 22:24:00
1423,0.0,0.0,0.0,0.0,0.0,0.0,0.0,0.0,2012-02-22 20:24:00,2012-03-02 03:48:00
4874,1.0,1.0,55.0,55.0,5.0,5.0,0.0,0.0,2014-11-26 03:24:00,2014-12-09 02:12:00
5116,0.0,0.0,0.0,0.0,0.0,0.0,0.0,0.0,2015-01-25 10:36:00,2015-01-25 22:48:00
3177,0.0,0.0,0.0,0.0,0.0,0.0,0.0,0.0,2013-09-10 22:12:00,2013-09-18 11:00:00
4828,0.0,0.0,0.0,0.0,0.0,0.0,0.0,0.0,2014-11-14 06:12:00,2014-11-18 05:48:00
878,0.0,0.0,8.0,8.0,1.0,1.0,0.0,0.0,2011-09-17 22:36:00,2011-10-01 23:12:00
2793,0.0,0.0,0.0,0.0,0.0,0.0,0.0,0.0,2013-05-26 12:36:00,2013-05-27 05:48:00
1232,0.0,0.0,0.0,0.0,0.0,0.0,0.0,0.0,2011-12-22 03:00:00,2011-12-28 22:24:00
1206,0.0,0.0,0.0,0.0,0.0,0.0,0.0,0.0,2011-12-16 07:00:00,2011-12-25 19:36:00
6191,0.0,0.0,0.0,0.0,0.0,0.0,0.0,0.0,2015-12-14 23:12:00,2015-12-18 22:00:00
5876,0.0,0.0,0.0,0.0,0.0,0.0,0.0,0.0,2015-08-11 07:36:00,2015-08-15 09:48:00
6557,0.0,0.0,0.0,0.0,0.0,0.0,0.0,0.0,2016-05-13 16:36:00,2016-05-16 16:24:00
204,0.0,0.0,0.0,0.0,0.0,0.0,0.0,0.0,2010-09-30 19:12:00,2010-10-03 09:24:00
2420,4.0,4.0,1.0,1.0,0.0,0.0,0.0,0.0,2013-01-24 19:48:00,2013-02-04 18:48:00
6068,0.0,0.0,0.0,0.0,0.0,0.0,0.0,0.0,2015-10-31 07:00:00,2015-11-03 19:36:00
158,0.0,0.0,0.0,0.0,0.0,0.0,0.0,0.0,2010-09-02 13:36:00,2010-09-07 15:12:00
1615,0.0,0.0,0.0,0.0,0.0,0.0,0.0,0.0,2012-04-25 03:36:00,2012-04-26 00:36:00
4771,0.0,0.0,0.0,0.0,0.0,0.0,0.0,0.0,2014-11-01 07:24:00,2014-11-07 02:12:00
880,0.0,0.0,0.0,0.0,0.0,0.0,0.0,0.0,2011-09-17 22:48:00,2011-09-26 18:48:00
1818,0.0,0.0,0.0,0.0,0.0,0.0,0.0,0.0,2012-06-29 04:48:00,2012-06-30 05:24:00
1148,0.0,0.0,0.0,0.0,0.0,0.0,0.0,0.0,2011-12-03 10:24:00,2011-12-09 16:36:00
1400,0.0,0.0,0.0,0.0,0.0,0.0,0.0,0.0,2012-02-12 15:36:00,2012-02-13 16:48:00
510,0.0,0.0,0.0,0.0,0.0,0.0,0.0,0.0,2011-04-15 09:48:00,2011-04-18 14:24:00
2040,7.0,5.0,31.0,30.0,1.0,1.0,0.0,0.0,2012-09-17 23:24:00,2012-10-04 12:24:00
5322,0.0,0.0,0.0,0.0,0.0,0.0,0.0,0.0,2015-03-10 22:36:00,2015-03-19 17:36:00
6495,0.0,0.0,0.0,0.0,0.0,0.0,0.0,0.0,2016-04-13 23:48:00,2016-04-14 16:24:00
6713,0.0,0.0,0.0,0.0,0.0,0.0,0.0,0.0,2016-08-17 08:00:00,2016-08-17 08:00:00
304,0.0,0.0,0.0,0.0,0.0,0.0,0.0,0.0,2010-12-15 17:00:00,2010-12-15 17:48:00
273,1.0,1.0,0.0,0.0,0.0,0.0,0.0,0.0,2010-11-27 10:24:00,2010-11-29 20:00:00
438,0.0,0.0,0.0,0.0,0.0,0.0,0.0,0.0,2011-03-22 00:00:00,2011-04-01 04:24:00
7082,0.0,0.0,0.0,0.0,0.0,0.0,0.0,0.0,2017-07-12 07:48:00,2017-07-13 17:36:00
4872,0.0,0.0,4.0,4.0,0.0,0.0,0.0,0.0,2014-11-25 16:12:00,2014-12-08 03:48:00
5160,0.0,0.0,0.0,0.0,0.0,0.0,0.0,0.0,2015-02-04 07:24:00,2015-02-05 19:48:00
4977,0.0,0.0,0.0,0.0,0.0,0.0,0.0,0.0,2014-12-21 19:48:00,2014-12-30 12:00:00
7097,0.0,0.0,0.0,0.0,0.0,0.0,0.0,0.0,2017-07-28 08:36:00,2017-07-30 06:36:00
7212,0.0,0.0,0.0,0.0,0.0,0.0,0.0,0.0,2017-12-19 09:12:00,2017-12-23 19:48:00
5342,1.0,2.0,12.0,11.0,0.0,0.0,0.0,0.0,2015-03-16 14:12:00,2015-03-30 00:00:00
4293,0.0,0.0,0.0,0.0,0.0,0.0,0.0,0.0,2014-06-27 10:24:00,2014-07-03 21:36:00
3710,0.0,0.0,0.0,0.0,0.0,0.0,0.0,0.0,2014-02-02 10:36:00,2014-02-02 15:12:00
372,0.0,0.0,0.0,0.0,0.0,0.0,0.0,0.0,2011-02-10 10:24:00,2011-02-19 03:24:00
35,0.0,0.0,0.0,0.0,0.0,0.0,0.0,0.0,2010-05-24 13:12:00,2010-05-25 14:36:00
580,6.0,6.0,2.0,2.0,0.0,0.0,0.0,0.0,2011-05-05 09:00:00,2011-05-16 07:48:00
5775,0.0,0.0,0.0,0.0,0.0,0.0,0.0,0.0,2015-07-12 02:00:00,2015-07-18 17:36:00
6298,0.0,0.0,0.0,0.0,0.0,0.0,0.0,0.0,2016-01-20 08:48:00,2016-01-24 00:12:00
2953,0.0,0.0,0.0,0.0,0.0,0.0,0.0,0.0,2013-07-10 15:24:00,2013-07-11 11:36:00
5467,0.0,0.0,0.0,0.0,0.0,0.0,0.0,0.0,2015-04-17 04:24:00,2015-04-28 17:00:00
2663,1.0,1.0,6.0,6.0,0.0,0.0,0.0,0.0,2013-04-13 04:12:00,2013-04-24 03:36:00
6433,0.0,0.0,0.0,0.0,0.0,0.0,0.0,0.0,2016-03-14 14:12:00,2016-03-14 17:24:00
6634,0.0,0.0,0.0,0.0,0.0,0.0,0.0,0.0,2016-06-17 18:36:00,2016-06-24 06:12:00
788,0.0,0.0,0.0,0.0,0.0,0.0,0.0,0.0,2011-08-13 03:24:00,2011-08-19 13:12:00
3309,0.0,0.0,0.0,0.0,0.0,0.0,0.0,0.0,2013-10-22 15:36:00,2013-11-03 01:00:00
5405,0.0,0.0,0.0,0.0,0.0,0.0,0.0,0.0,2015-03-30 21:00:00,2015-03-31 12:48:00
6821,0.0,0.0,0.0,0.0,0.0,0.0,0.0,0.0,2016-10-26 20:24:00,2016-11-01 03:24:00
161,0.0,0.0,0.0,0.0,0.0,0.0,0.0,0.0,2010-09-03 03:24:00,2010-09-08 06:48:00
4579,0.0,0.0,0.0,0.0,0.0,0.0,0.0,0.0,2014-09-18 05:12:00,2014-09-23 20:00:00
6587,0.0,0.0,0.0,0.0,0.0,0.0,0.0,0.0,2016-05-27 05:48:00,2016-05-29 00:24:00
5411,0.0,0.0,0.0,0.0,0.0,0.0,0.0,0.0,2015-04-01 21:24:00,2015-04-08 17:36:00
2401,1.0,1.0,0.0,0.0,0.0,0.0,0.0,0.0,2013-01-15 18:36:00,2013-01-22 23:12:00
4932,0.0,0.0,2.0,2.0,0.0,0.0,0.0,0.0,2014-12-10 23:00:00,2014-12-24 08:36:00
3978,0.0,0.0,0.0,0.0,0.0,0.0,0.0,0.0,2014-04-05 08:12:00,2014-04-15 07:24:00
3561,0.0,0.0,0.0,0.0,0.0,0.0,0.0,0.0,2013-12-30 14:12:00,2014-01-08 18:00:00
6124,7.0,4.0,3.0,3.0,0.0,0.0,0.0,0.0,2015-11-19 01:00:00,2015-12-01 23:00:00
3465,0.0,0.0,0.0,4.0,0.0,0.0,0.0,0.0,2013-12-04 07:12:00,2013-12-16 07:00:00
2170,0.0,0.0,0.0,0.0,0.0,0.0,0.0,0.0,2012-11-01 01:00:00,2012-11-03 06:48:00
7030,0.0,0.0,0.0,0.0,0.0,0.0,0.0,0.0,2017-05-25 20:00:00,2017-06-05 19:36:00
1549,10.0,11.0,0.0,0.0,0.0,0.0,0.0,0.0,2012-04-07 13:00:00,2012-04-18 22:24:00
4449,0.0,0.0,0.0,0.0,0.0,0.0,0.0,0.0,2014-08-10 11:00:00,2014-08-10 12:48:00
6939,1.0,1.0,0.0,0.0,0.0,0.0,0.0,0.0,2017-01-30 09:48:00,2017-02-05 17:36:00
6148,0.0,0.0,0.0,0.0,0.0,0.0,0.0,0.0,2015-11-29 05:24:00,2015-11-29 22:36:00
2441,0.0,0.0,0.0,0.0,0.0,0.0,0.0,0.0,2013-02-01 00:00:00,2013-02-06 11:00:00
6308,0.0,0.0,0.0,0.0,0.0,0.0,0.0,0.0,2016-01-29 02:24:00,2016-01-29 11:48:00
4775,0.0,0.0,0.0,0.0,0.0,0.0,0.0,0.0,2014-11-02 10:48:00,2014-11-10 13:24:00
1744,2.0,3.0,12.0,33.0,0.0,1.0,0.0,0.0,2012-06-07 14:00:00,2012-06-20 08:00:00
843,0.0,0.0,4.0,4.0,0.0,0.0,0.0,0.0,2011-09-02 19:00:00,2011-09-15 15:36:00
3247,6.0,6.0,1.0,1.0,0.0,0.0,0.0,0.0,2013-10-01 17:24:00,2013-10-14 13:48:00
6686,0.0,0.0,0.0,0.0,0.0,0.0,0.0,0.0,2016-07-25 07:48:00,2016-08-02 11:00:00
3180,0.0,0.0,0.0,0.0,0.0,0.0,0.0,0.0,2013-09-11 08:12:00,2013-09-13 22:12:00
3840,0.0,0.0,0.0,0.0,0.0,0.0,0.0,0.0,2014-03-08 05:24:00,2014-03-08 06:12:00
1461,9.0,9.0,12.0,13.0,2.0,2.0,0.0,0.0,2012-03-08 14:36:00,2012-03-21 06:12:00
971,0.0,0.0,0.0,0.0,0.0,0.0,0.0,0.0,2011-10-15 13:36:00,2011-10-18 15:48:00
6951,0.0,0.0,0.0,0.0,0.0,0.0,0.0,0.0,2017-02-18 03:00:00,2017-02-28 22:36:00
475,0.0,0.0,0.0,0.0,0.0,0.0,0.0,0.0,2011-04-02 09:24:00,2011-04-12 11:00:00
6378,0.0,0.0,0.0,0.0,0.0,0.0,0.0,0.0,2016-02-21 09:12:00,2016-02-21 14:12:00
773,0.0,0.0,0.0,0.0,0.0,0.0,0.0,0.0,2011-08-08 09:00:00,2011-08-14 13:36:00
666,0.0,0.0,0.0,0.0,0.0,0.0,0.0,0.0,2011-06-13 08:00:00,2011-06-20 21:48:00
4817,0.0,0.0,35.0,35.0,3.0,3.0,0.0,0.0,2014-11-12 08:12:00,2014-11-27 01:00:00
918,0.0,0.0,1.0,1.0,0.0,0.0,0.0,0.0,2011-10-01 07:36:00,2011-10-15 03:24:00
5140,0.0,0.0,0.0,0.0,0.0,0.0,0.0,0.0,2015-01-31 19:12:00,2015-02-10 09:24:00
5494,0.0,0.0,0.0,0.0,0.0,0.0,0.0,0.0,2015-04-21 17:36:00,2015-04-27 20:36:00
3297,0.0,0.0,0.0,0.0,0.0,0.0,0.0,0.0,2013-10-19 04:36:00,2013-10-25 02:00:00
191,0.0,0.0,0.0,0.0,0.0,0.0,0.0,0.0,2010-09-22 17:12:00,2010-09-24 08:48:00
6966,0.0,0.0,0.0,0.0,0.0,0.0,0.0,0.0,2017-03-15 23:00:00,2017-03-20 22:36:00
7064,0.0,0.0,0.0,0.0,0.0,0.0,0.0,0.0,2017-06-24 06:00:00,2017-06-26 18:12:00
1569,0.0,1.0,0.0,0.0,0.0,0.0,0.0,0.0,2012-04-12 17:00:00,2012-04-20 08:48:00
3865,0.0,0.0,0.0,0.0,0.0,0.0,0.0,0.0,2014-03-16 10:36:00,2014-03-17 21:48:00
618,0.0,2.0,0.0,0.0,0.0,0.0,0.0,0.0,2011-05-22 01:00:00,2011-05-24 13:48:00
6920,17.0,17.0,6.0,6.0,0.0,0.0,0.0,0.0,2017-01-19 09:00:00,2017-01-30 09:36:00
452,0.0,0.0,0.0,0.0,0.0,0.0,0.0,0.0,2011-03-26 21:24:00,2011-03-30 19:24:00
3021,0.0,0.0,0.0,0.0,0.0,0.0,0.0,0.0,2013-07-28 20:48:00,2013-07-29 22:36:00
6348,0.0,0.0,0.0,0.0,0.0,0.0,0.0,0.0,2016-02-10 12:48:00,2016-02-11 12:24:00
1704,0.0,0.0,0.0,0.0,0.0,0.0,0.0,0.0,2012-05-24 20:00:00,2012-05-26 06:00:00
3700,0.0,0.0,0.0,0.0,0.0,0.0,0.0,0.0,2014-01-30 18:24:00,2014-02-05 21:36:00
5962,0.0,0.0,0.0,0.0,0.0,0.0,0.0,0.0,2015-09-13 11:12:00,2015-09-18 08:00:00
4731,0.0,0.0,0.0,0.0,0.0,0.0,0.0,0.0,2014-10-22 13:24:00,2014-10-24 07:00:00
466,2.0,2.0,1.0,1.0,0.0,0.0,0.0,0.0,2011-03-30 11:00:00,2011-04-10 03:48:00
6460,0.0,0.0,0.0,0.0,0.0,0.0,0.0,0.0,2016-03-28 11:00:00,2016-03-29 23:36:00
1970,6.0,7.0,0.0,0.0,0.0,0.0,0.0,0.0,2012-08-24 15:12:00,2012-09-05 18:48:00
3921,0.0,0.0,0.0,0.0,0.0,0.0,0.0,0.0,2014-03-26 16:12:00,2014-04-06 15:48:00
4138,6.0,6.0,23.0,23.0,1.0,1.0,0.0,0.0,2014-05-14 13:36:00,2014-05-28 12:00:00
2504,1.0,1.0,0.0,0.0,0.0,0.0,0.0,0.0,2013-02-24 16:24:00,2013-03-06 11:24:00
4882,0.0,0.0,0.0,0.0,0.0,0.0,0.0,0.0,2014-11-29 05:00:00,2014-12-10 08:24:00
7015,5.0,5.0,0.0,0.0,0.0,0.0,0.0,0.0,2017-05-17 08:24:00,2017-05-26 14:00:00
4032,0.0,0.0,0.0,0.0,0.0,0.0,0.0,0.0,2014-04-16 10:00:00,2014-04-20 16:24:00
4527,0.0,0.0,0.0,0.0,0.0,0.0,0.0,0.0,2014-09-02 08:48:00,2014-09-12 03:48:00
6183,0.0,0.0,0.0,0.0,0.0,0.0,0.0,0.0,2015-12-12 12:12:00,2015-12-19 01:00:00
6283,0.0,0.0,0.0,0.0,0.0,0.0,0.0,0.0,2016-01-17 08:24:00,2016-01-18 13:24:00
5982,0.0,0.0,8.0,8.0,4.0,4.0,0.0,0.0,2015-09-22 07:00:00,2015-09-29 18:36:00
2951,0.0,0.0,0.0,0.0,0.0,0.0,0.0,0.0,2013-07-10 06:12:00,2013-07-12 20:00:00
3056,9.0,8.0,12.0,12.0,2.0,2.0,0.0,0.0,2013-08-09 06:36:00,2013-08-21 22:00:00
4135,0.0,0.0,0.0,0.0,0.0,0.0,0.0,0.0,2014-05-13 22:48:00,2014-05-21 03:24:00
6754,16.0,4.0,4.0,1.0,0.0,0.0,0.0,0.0,2016-09-11 12:48:00,2016-09-22 12:12:00
703,0.0,0.0,0.0,0.0,0.0,0.0,0.0,0.0,2011-07-07 09:36:00,2011-07-08 07:00:00
2980,0.0,0.0,0.0,0.0,0.0,0.0,0.0,0.0,2013-07-17 06:48:00,2013-07-21 20:12:00
5325,0.0,0.0,0.0,0.0,0.0,0.0,0.0,0.0,2015-03-11 09:12:00,2015-03-15 22:48:00
1867,0.0,0.0,0.0,0.0,0.0,0.0,0.0,0.0,2012-07-15 13:48:00,2012-07-16 13:00:00
1295,0.0,0.0,0.0,0.0,0.0,0.0,0.0,0.0,2012-01-06 02:12:00,2012-01-12 08:24:00
223,0.0,0.0,0.0,0.0,0.0,0.0,0.0,0.0,2010-10-18 02:00:00,2010-10-28 14:48:00
2372,11.0,11.0,46.0,43.0,2.0,2.0,0.0,0.0,2013-01-07 18:48:00,2013-01-21 18:00:00
3532,0.0,0.0,0.0,0.0,0.0,0.0,0.0,0.0,2013-12-21 18:12:00,2013-12-29 20:00:00
1735,0.0,0.0,0.0,0.0,0.0,0.0,0.0,0.0,2012-06-02 08:24:00,2012-06-08 13:48:00
1551,0.0,0.0,0.0,0.0,0.0,0.0,0.0,0.0,2012-04-08 07:12:00,2012-04-13 17:36:00
2115,0.0,0.0,0.0,0.0,0.0,0.0,0.0,0.0,2012-10-12 05:12:00,2012-10-20 21:12:00
5878,0.0,0.0,0.0,0.0,0.0,0.0,0.0,0.0,2015-08-11 23:00:00,2015-08-12 06:24:00
4667,0.0,0.0,0.0,0.0,0.0,0.0,0.0,0.0,2014-10-07 03:36:00,2014-10-20 07:12:00
4784,0.0,0.0,0.0,0.0,0.0,0.0,0.0,0.0,2014-11-04 03:36:00,2014-11-11 23:12:00
3986,0.0,0.0,0.0,0.0,0.0,0.0,0.0,0.0,2014-04-07 08:36:00,2014-04-09 17:36:00
5792,0.0,0.0,0.0,0.0,0.0,0.0,0.0,0.0,2015-07-15 01:24:00,2015-07-18 02:36:00
5947,0.0,0.0,0.0,0.0,0.0,0.0,0.0,0.0,2015-09-07 05:12:00,2015-09-14 22:12:00
3275,0.0,0.0,0.0,0.0,0.0,0.0,0.0,0.0,2013-10-12 19:48:00,2013-10-14 12:12:00
6601,0.0,0.0,0.0,0.0,0.0,0.0,0.0,0.0,2016-06-03 01:24:00,2016-06-11 00:48:00
225,0.0,0.0,0.0,0.0,0.0,0.0,0.0,0.0,2010-10-18 08:24:00,2010-10-26 01:24:00
1415,0.0,0.0,0.0,0.0,0.0,0.0,0.0,0.0,2012-02-18 12:00:00,2012-02-18 23:48:00
5958,0.0,0.0,0.0,0.0,0.0,0.0,0.0,0.0,2015-09-11 16:12:00,2015-09-15 22:12:00
4454,0.0,0.0,2.0,2.0,0.0,0.0,0.0,0.0,2014-08-13 01:36:00,2014-08-25 15:12:00
2141,0.0,0.0,0.0,0.0,0.0,0.0,0.0,0.0,2012-10-21 11:36:00,2012-10-25 19:00:00
6831,0.0,0.0,0.0,0.0,0.0,0.0,0.0,0.0,2016-11-02 15:00:00,2016-11-11 13:12:00
4857,0.0,0.0,0.0,0.0,0.0,0.0,0.0,0.0,2014-11-22 02:48:00,2014-11-22 20:48:00
2021,0.0,0.0,3.0,3.0,0.0,0.0,0.0,0.0,2012-09-06 10:24:00,2012-09-16 17:12:00
3990,0.0,0.0,0.0,0.0,0.0,0.0,0.0,0.0,2014-04-08 15:12:00,2014-04-17 06:48:00
351,0.0,0.0,0.0,0.0,0.0,0.0,0.0,0.0,2011-01-22 19:48:00,2011-01-23 13:36:00
7078,2.0,3.0,4.0,4.0,0.0,0.0,0.0,0.0,2017-07-09 04:00:00,2017-07-14 21:00:00
3405,0.0,0.0,0.0,0.0,0.0,0.0,0.0,0.0,2013-11-19 03:12:00,2013-11-25 01:12:00
7187,0.0,0.0,0.0,0.0,0.0,0.0,0.0,0.0,2017-11-09 15:36:00,2017-11-12 12:24:00
5946,0.0,0.0,0.0,0.0,0.0,0.0,0.0,0.0,2015-09-07 03:24:00,2015-09-13 09:36:00
377,6.0,7.0,55.0,62.0,5.0,5.0,1.0,1.0,2011-02-10 22:00:00,2011-02-21 07:36:00
6164,1.0,1.0,1.0,1.0,0.0,0.0,0.0,0.0,2015-12-04 18:00:00,2015-12-15 13:48:00
6319,1.0,1.0,2.0,2.0,0.0,0.0,0.0,0.0,2016-02-02 23:36:00,2016-02-06 23:48:00
4380,0.0,0.0,0.0,0.0,0.0,0.0,0.0,0.0,2014-07-21 13:48:00,2014-07-28 13:00:00
741,0.0,0.0,0.0,0.0,0.0,0.0,0.0,0.0,2011-07-18 23:24:00,2011-07-19 17:00:00
7134,0.0,0.0,0.0,0.0,0.0,0.0,0.0,0.0,2017-09-12 21:00:00,2017-09-21 12:36:00
5341,0.0,0.0,0.0,0.0,0.0,0.0,0.0,0.0,2015-03-16 11:24:00,2015-03-22 16:00:00
3001,0.0,0.0,0.0,0.0,0.0,0.0,0.0,0.0,2013-07-23 00:48:00,2013-07-26 19:36:00
4225,3.0,2.0,31.0,29.0,8.0,8.0,3.0,2.0,2014-06-09 15:36:00,2014-06-23 23:24:00
5537,1.0,1.0,3.0,2.0,0.0,0.0,0.0,0.0,2015-05-03 16:48:00,2015-05-14 16:12:00
6216,0.0,0.0,0.0,0.0,0.0,0.0,0.0,0.0,2015-12-24 21:36:00,2015-12-26 01:00:00
1169,0.0,0.0,0.0,0.0,0.0,0.0,0.0,0.0,2011-12-07 12:48:00,2011-12-15 21:36:00
6751,0.0,0.0,0.0,0.0,0.0,0.0,0.0,0.0,2016-09-08 15:24:00,2016-09-12 04:00:00
2197,0.0,0.0,0.0,0.0,0.0,0.0,0.0,0.0,2012-11-11 18:24:00,2012-11-13 00:12:00
1409,0.0,0.0,0.0,0.0,0.0,0.0,0.0,0.0,2012-02-16 17:12:00,2012-02-16 23:12:00
4699,0.0,0.0,0.0,0.0,0.0,0.0,0.0,0.0,2014-10-16 14:00:00,2014-10-22 08:00:00
6929,0.0,0.0,0.0,0.0,0.0,0.0,0.0,0.0,2017-01-24 08:48:00,2017-01-25 11:48:00
942,0.0,0.0,0.0,0.0,0.0,0.0,0.0,0.0,2011-10-09 01:12:00,2011-10-11 14:12:00
2622,0.0,0.0,0.0,0.0,0.0,0.0,0.0,0.0,2013-04-01 07:24:00,2013-04-03 23:48:00
2037,6.0,9.0,1.0,1.0,0.0,0.0,0.0,0.0,2012-09-15 05:24:00,2012-09-28 12:00:00
2629,0.0,0.0,0.0,0.0,0.0,0.0,0.0,0.0,2013-04-03 22:24:00,2013-04-06 13:36:00
4376,0.0,0.0,0.0,0.0,0.0,0.0,0.0,0.0,2014-07-18 15:24:00,2014-07-21 11:24:00
803,5.0,5.0,3.0,3.0,0.0,0.0,0.0,0.0,2011-08-19 15:36:00,2011-09-01 06:24:00
2412,0.0,0.0,0.0,0.0,0.0,0.0,0.0,0.0,2013-01-21 22:12:00,2013-01-22 23:12:00
2997,0.0,0.0,0.0,0.0,0.0,0.0,0.0,0.0,2013-07-21 20:12:00,2013-07-29 17:00:00
5334,0.0,0.0,0.0,0.0,0.0,0.0,0.0,0.0,2015-03-14 08:48:00,2015-03-18 14:24:00
3048,7.0,7.0,17.0,16.0,1.0,1.0,0.0,0.0,2013-08-06 11:00:00,2013-08-19 19:36:00
1642,0.0,0.0,0.0,0.0,0.0,0.0,0.0,0.0,2012-05-06 15:00:00,2012-05-16 18:36:00
2900,0.0,0.0,0.0,0.0,0.0,0.0,0.0,0.0,2013-06-25 06:36:00,2013-07-03 00:12:00
6513,0.0,0.0,0.0,0.0,0.0,0.0,0.0,0.0,2016-04-24 21:24:00,2016-04-25 12:48:00
1188,0.0,0.0,0.0,0.0,0.0,0.0,0.0,0.0,2011-12-12 13:12:00,2011-12-14 21:36:00
4810,0.0,0.0,1.0,0.0,0.0,0.0,0.0,0.0,2014-11-10 01:24:00,2014-11-20 08:24:00
3967,0.0,0.0,0.0,0.0,0.0,0.0,0.0,0.0,2014-04-03 06:36:00,2014-04-07 20:00:00
6561,0.0,0.0,0.0,0.0,0.0,0.0,0.0,0.0,2016-05-16 17:48:00,2016-05-16 22:24:00
1997,0.0,0.0,0.0,0.0,0.0,0.0,0.0,0.0,2012-08-30 00:24:00,2012-09-05 20:12:00
2749,0.0,0.0,0.0,0.0,0.0,0.0,0.0,0.0,2013-05-13 18:12:00,2013-05-19 13:48:00
3765,0.0,0.0,0.0,0.0,0.0,0.0,0.0,0.0,2014-02-16 11:24:00,2014-02-22 23:24:00
5120,0.0,0.0,0.0,0.0,0.0,0.0,0.0,0.0,2015-01-26 00:36:00,2015-01-28 07:36:00
2805,0.0,0.0,0.0,0.0,0.0,0.0,0.0,0.0,2013-05-28 16:12:00,2013-06-01 19:24:00
89,0.0,0.0,0.0,0.0,0.0,0.0,0.0,0.0,2010-07-11 07:48:00,2010-07-16 23:24:00
6687,0.0,3.0,0.0,0.0,0.0,0.0,0.0,0.0,2016-07-26 05:12:00,2016-08-04 02:12:00
1303,0.0,0.0,0.0,0.0,0.0,0.0,0.0,0.0,2012-01-09 08:00:00,2012-01-18 10:36:00
3115,0.0,0.0,0.0,0.0,0.0,0.0,0.0,0.0,2013-08-21 06:00:00,2013-08-25 15:48:00
7331,0.0,0.0,0.0,0.0,0.0,0.0,0.0,0.0,2018-12-30 14:36:00,2019-01-07 03:00:00
1943,0.0,2.0,0.0,0.0,0.0,0.0,0.0,0.0,2012-08-16 05:00:00,2012-08-23 12:48:00
3158,0.0,0.0,0.0,0.0,0.0,0.0,0.0,0.0,2013-09-05 17:00:00,2013-09-07 14:36:00
5619,0.0,0.0,0.0,0.0,0.0,0.0,0.0,0.0,2015-05-26 13:12:00,2015-05-26 23:36:00
6172,11.0,11.0,9.0,8.0,0.0,0.0,0.0,0.0,2015-12-09 10:36:00,2015-12-21 05:48:00
1602,0.0,0.0,0.0,0.0,0.0,0.0,0.0,0.0,2012-04-20 20:12:00,2012-04-25 16:36:00
4552,0.0,0.0,0.0,0.0,0.0,0.0,0.0,0.0,2014-09-10 10:00:00,2014-09-21 16:00:00
6189,0.0,0.0,0.0,0.0,0.0,0.0,0.0,0.0,2015-12-13 23:00:00,2015-12-22 12:12:00
6869,1.0,1.0,0.0,0.0,0.0,0.0,0.0,0.0,2016-11-28 06:24:00,2016-12-05 11:24:00
3744,0.0,0.0,0.0,0.0,0.0,0.0,0.0,0.0,2014-02-11 17:24:00,2014-02-12 21:24:00
3601,0.0,0.0,0.0,0.0,0.0,0.0,0.0,0.0,2014-01-07 13:24:00,2014-01-21 10:12:00
2163,0.0,0.0,0.0,0.0,0.0,0.0,0.0,0.0,2012-10-28 01:36:00,2012-10-29 14:36:00
5665,0.0,0.0,0.0,0.0,0.0,0.0,0.0,0.0,2015-06-08 17:12:00,2015-06-10 17:36:00
57,8.0,10.0,0.0,0.0,0.0,0.0,0.0,0.0,2010-06-14 11:12:00,2010-06-25 00:00:00
3451,0.0,0.0,0.0,0.0,0.0,0.0,0.0,0.0,2013-11-30 14:12:00,2013-12-02 22:24:00
1946,8.0,14.0,12.0,16.0,5.0,5.0,0.0,0.0,2012-08-17 21:24:00,2012-08-30 02:24:00
4597,0.0,0.0,0.0,0.0,0.0,0.0,0.0,0.0,2014-09-22 02:00:00,2014-09-28 13:24:00
511,0.0,0.0,0.0,0.0,0.0,0.0,0.0,0.0,2011-04-15 17:48:00,2011-04-16 02:48:00
5315,2.0,2.0,13.0,15.0,0.0,0.0,0.0,0.0,2015-03-09 19:36:00,2015-03-20 02:24:00
639,5.0,5.0,1.0,0.0,0.0,0.0,0.0,0.0,2011-05-28 15:36:00,2011-06-09 17:00:00
4184,0.0,0.0,0.0,0.0,0.0,0.0,0.0,0.0,2014-05-29 07:48:00,2014-05-30 11:48:00
5783,0.0,0.0,1.0,1.0,0.0,0.0,0.0,0.0,2015-07-13 16:24:00,2015-07-19 14:00:00
1925,0.0,0.0,0.0,0.0,0.0,0.0,0.0,0.0,2012-08-05 00:36:00,2012-08-05 13:24:00
2424,0.0,0.0,0.0,0.0,0.0,0.0,0.0,0.0,2013-01-25 06:00:00,2013-02-04 16:24:00
7164,0.0,0.0,0.0,0.0,0.0,0.0,0.0,0.0,2017-10-15 13:00:00,2017-10-17 17:12:00
4362,0.0,0.0,0.0,0.0,0.0,0.0,0.0,0.0,2014-07-13 17:00:00,2014-07-15 09:36:00
1653,2.0,2.0,2.0,1.0,0.0,0.0,0.0,0.0,2012-05-10 13:36:00,2012-05-24 05:48:00
6594,0.0,0.0,0.0,0.0,0.0,0.0,0.0,0.0,2016-05-30 18:00:00,2016-06-07 22:36:00
4343,0.0,0.0,0.0,0.0,0.0,0.0,0.0,0.0,2014-07-05 22:36:00,2014-07-12 07:12:00
4677,0.0,0.0,0.0,0.0,0.0,0.0,0.0,0.0,2014-10-11 08:12:00,2014-10-13 00:24:00
1066,0.0,1.0,11.0,9.0,1.0,1.0,0.0,0.0,2011-11-11 13:12:00,2011-11-24 03:00:00
4758,0.0,0.0,0.0,0.0,0.0,0.0,0.0,0.0,2014-10-28 23:12:00,2014-10-29 13:00:00
3367,0.0,0.0,0.0,0.0,0.0,0.0,0.0,0.0,2013-11-09 19:24:00,2013-11-17 06:36:00
2554,0.0,0.0,0.0,0.0,0.0,0.0,0.0,0.0,2013-03-09 10:24:00,2013-03-12 19:48:00
1786,0.0,0.0,0.0,0.0,0.0,0.0,0.0,0.0,2012-06-20 14:12:00,2012-06-30 16:00:00
5351,0.0,0.0,4.0,1.0,0.0,0.0,0.0,0.0,2015-03-19 12:48:00,2015-03-28 18:48:00
85,0.0,0.0,0.0,0.0,0.0,0.0,0.0,0.0,2010-07-05 12:36:00,2010-07-09 05:36:00
2935,0.0,0.0,0.0,0.0,0.0,0.0,0.0,0.0,2013-07-04 11:00:00,2013-07-04 16:00:00
6632,2.0,2.0,0.0,0.0,0.0,0.0,0.0,0.0,2016-06-16 21:00:00,2016-06-27 19:24:00
7058,9.0,8.0,0.0,0.0,0.0,0.0,0.0,0.0,2017-06-20 02:12:00,2017-07-03 06:24:00
6614,0.0,0.0,0.0,0.0,0.0,0.0,0.0,0.0,2016-06-09 19:12:00,2016-06-17 06:24:00
1390,1.0,2.0,0.0,0.0,0.0,0.0,0.0,0.0,2012-02-09 01:12:00,2012-02-20 09:36:00
1118,0.0,0.0,0.0,0.0,0.0,0.0,0.0,0.0,2011-11-25 10:36:00,2011-11-27 05:48:00
3824,0.0,0.0,2.0,1.0,0.0,0.0,0.0,0.0,2014-03-04 10:12:00,2014-03-16 21:12:00
2632,0.0,0.0,0.0,0.0,0.0,0.0,0.0,0.0,2013-04-03 18:00:00,2013-04-07 07:12:00
7109,0.0,0.0,0.0,0.0,0.0,0.0,0.0,0.0,2017-08-19 16:12:00,2017-08-21 16:12:00
532,1.0,1.0,1.0,1.0,0.0,0.0,0.0,0.0,2011-04-24 17:36:00,2011-05-06 13:36:00
3542,0.0,0.0,3.0,2.0,0.0,0.0,0.0,0.0,2013-12-25 01:12:00,2014-01-07 17:12:00
6865,0.0,0.0,0.0,0.0,0.0,0.0,0.0,0.0,2016-11-25 20:36:00,2016-11-28 07:00:00
3941,8.0,8.0,18.0,17.0,1.0,1.0,0.0,0.0,2014-03-30 00:24:00,2014-04-12 20:00:00
681,1.0,1.0,0.0,0.0,0.0,0.0,0.0,0.0,2011-06-22 12:48:00,2011-06-29 09:00:00
5520,0.0,0.0,0.0,0.0,0.0,0.0,0.0,0.0,2015-04-28 23:12:00,2015-05-01 20:24:00
2635,4.0,4.0,14.0,13.0,2.0,2.0,0.0,0.0,2013-04-05 14:24:00,2013-04-18 20:00:00
4388,0.0,0.0,0.0,0.0,0.0,0.0,0.0,0.0,2014-07-24 18:00:00,2014-07-29 15:36:00
5510,0.0,0.0,0.0,0.0,0.0,0.0,0.0,0.0,2015-04-25 00:48:00,2015-05-02 13:12:00
2102,0.0,0.0,0.0,0.0,0.0,0.0,0.0,0.0,2012-10-04 01:24:00,2012-10-06 05:36:00
6607,0.0,0.0,0.0,0.0,0.0,0.0,0.0,0.0,2016-06-03 20:48:00,2016-06-13 02:48:00
6958,0.0,0.0,0.0,0.0,0.0,0.0,0.0,0.0,2017-02-24 05:36:00,2017-02-27 23:12:00
6507,7.0,7.0,5.0,5.0,0.0,0.0,0.0,0.0,2016-04-24 03:12:00,2016-05-05 13:48:00
6510,0.0,0.0,0.0,0.0,0.0,0.0,0.0,0.0,2016-04-24 12:24:00,2016-05-03 19:12:00
1078,0.0,0.0,0.0,0.0,0.0,0.0,0.0,0.0,2011-11-13 10:48:00,2011-11-20 08:36:00
3819,0.0,0.0,0.0,0.0,0.0,0.0,0.0,0.0,2014-03-02 14:00:00,2014-03-10 01:12:00
3740,0.0,0.0,8.0,8.0,1.0,1.0,0.0,0.0,2014-02-10 00:36:00,2014-02-23 04:00:00
6034,0.0,0.0,0.0,0.0,0.0,0.0,0.0,0.0,2015-10-17 11:00:00,2015-10-23 16:24:00
6447,0.0,0.0,0.0,0.0,0.0,0.0,0.0,0.0,2016-03-20 11:48:00,2016-03-21 06:48:00
1636,0.0,0.0,0.0,0.0,0.0,0.0,0.0,0.0,2012-05-04 03:12:00,2012-05-04 23:12:00
1368,0.0,0.0,0.0,0.0,0.0,0.0,0.0,0.0,2012-01-30 13:00:00,2012-02-02 08:36:00
4066,0.0,0.0,0.0,0.0,0.0,0.0,0.0,0.0,2014-04-24 18:24:00,2014-05-04 05:12:00
5539,0.0,0.0,0.0,0.0,0.0,0.0,0.0,0.0,2015-05-04 01:00:00,2015-05-08 11:24:00
5340,0.0,0.0,0.0,0.0,0.0,0.0,0.0,0.0,2015-03-16 03:36:00,2015-03-17 12:12:00
3341,0.0,0.0,54.0,54.0,5.0,5.0,3.0,3.0,2013-11-01 23:12:00,2013-11-15 13:00:00
5139,0.0,0.0,0.0,0.0,0.0,0.0,0.0,0.0,2015-01-31 13:48:00,2015-02-03 20:48:00
5277,0.0,0.0,0.0,0.0,0.0,0.0,0.0,0.0,2015-03-02 19:36:00,2015-03-07 02:36:00
2652,0.0,0.0,0.0,0.0,0.0,0.0,0.0,0.0,2013-04-09 05:36:00,2013-04-10 05:48:00
4077,0.0,0.0,0.0,0.0,0.0,0.0,0.0,0.0,2014-04-27 10:36:00,2014-04-28 06:00:00
6934,0.0,0.0,0.0,0.0,0.0,0.0,0.0,0.0,2017-01-26 07:48:00,2017-01-27 12:00:00
228,0.0,0.0,0.0,0.0,0.0,0.0,0.0,0.0,2010-10-19 04:12:00,2010-10-20 02:36:00
6584,0.0,0.0,0.0,0.0,0.0,0.0,0.0,0.0,2016-05-26 15:36:00,2016-05-27 18:48:00
234,0.0,0.0,0.0,0.0,0.0,0.0,0.0,0.0,2010-10-24 01:12:00,2010-10-28 12:12:00
113,0.0,1.0,0.0,0.0,0.0,0.0,0.0,0.0,2010-08-02 08:36:00,2010-08-04 08:00:00
6564,0.0,0.0,0.0,0.0,0.0,0.0,0.0,0.0,2016-05-17 10:12:00,2016-05-19 09:24:00
4543,0.0,0.0,1.0,1.0,0.0,0.0,0.0,0.0,2014-09-06 10:00:00,2014-09-17 18:12:00
338,6.0,5.0,0.0,0.0,0.0,0.0,0.0,0.0,2011-01-08 09:12:00,2011-01-16 13:36:00
173,0.0,0.0,0.0,0.0,0.0,0.0,0.0,0.0,2010-09-09 18:12:00,2010-09-10 08:00:00
2322,2.0,2.0,0.0,0.0,0.0,0.0,0.0,0.0,2012-12-24 00:36:00,2013-01-04 09:00:00
379,0.0,0.0,0.0,0.0,0.0,0.0,0.0,0.0,2011-02-12 05:12:00,2011-02-12 15:48:00
3942,3.0,3.0,27.0,26.0,0.0,0.0,0.0,0.0,2014-03-30 04:36:00,2014-04-12 01:24:00
189,0.0,0.0,0.0,0.0,0.0,0.0,0.0,0.0,2010-09-21 23:48:00,2010-09-28 08:24:00
3408,0.0,0.0,0.0,0.0,0.0,0.0,0.0,0.0,2013-11-19 08:24:00,2013-11-21 04:12:00
4390,4.0,3.0,5.0,5.0,0.0,0.0,0.0,0.0,2014-07-25 09:48:00,2014-08-08 05:48:00
608,0.0,0.0,0.0,0.0,0.0,0.0,0.0,0.0,2011-05-16 13:48:00,2011-05-23 21:24:00
3103,2.0,2.0,5.0,5.0,0.0,0.0,0.0,0.0,2013-08-18 10:24:00,2013-08-30 20:48:00
6301,12.0,12.0,3.0,3.0,0.0,0.0,0.0,0.0,2016-01-23 22:24:00,2016-02-05 07:36:00
977,0.0,0.0,0.0,0.0,0.0,0.0,0.0,0.0,2011-10-17 05:36:00,2011-10-19 02:12:00
2851,0.0,0.0,0.0,0.0,0.0,0.0,0.0,0.0,2013-06-11 23:00:00,2013-06-17 17:00:00
2765,0.0,0.0,0.0,0.0,0.0,0.0,0.0,0.0,2013-05-20 11:00:00,2013-05-23 12:24:00
5493,0.0,0.0,0.0,0.0,0.0,0.0,0.0,0.0,2015-04-21 16:24:00,2015-04-22 11:00:00
2027,0.0,0.0,0.0,0.0,0.0,0.0,0.0,0.0,2012-09-10 06:12:00,2012-09-10 13:48:00
3320,0.0,0.0,0.0,0.0,0.0,0.0,0.0,0.0,2013-10-26 01:12:00,2013-11-05 21:48:00
437,20.0,20.0,20.0,18.0,3.0,3.0,0.0,0.0,2011-03-21 10:48:00,2011-04-04 07:48:00
2149,0.0,0.0,0.0,0.0,0.0,0.0,0.0,0.0,2012-10-24 11:00:00,2012-10-31 21:48:00
7107,73.0,66.0,22.0,21.0,0.0,0.0,0.0,0.0,2017-08-14 02:24:00,2017-08-28 02:24:00
6030,0.0,0.0,0.0,0.0,0.0,0.0,0.0,0.0,2015-10-17 01:36:00,2015-10-23 18:48:00
1092,0.0,1.0,17.0,19.0,0.0,0.0,0.0,0.0,2011-11-16 21:24:00,2011-11-29 01:48:00
5995,0.0,0.0,0.0,0.0,0.0,0.0,0.0,0.0,2015-10-01 09:24:00,2015-10-01 10:48:00
5456,0.0,0.0,10.0,10.0,1.0,1.0,0.0,0.0,2015-04-13 15:48:00,2015-04-26 15:48:00
321,4.0,1.0,0.0,0.0,0.0,0.0,0.0,0.0,2010-12-28 23:36:00,2011-01-09 06:12:00
5716,0.0,0.0,0.0,0.0,0.0,0.0,0.0,0.0,2015-06-26 21:36:00,2015-06-29 09:48:00
4265,0.0,0.0,1.0,1.0,0.0,0.0,0.0,0.0,2014-06-17 15:24:00,2014-06-20 05:24:00
6811,0.0,0.0,0.0,0.0,0.0,0.0,0.0,0.0,2016-10-16 15:12:00,2016-10-19 08:12:00
6946,1.0,1.0,0.0,0.0,0.0,0.0,0.0,0.0,2017-02-05 12:24:00,2017-02-15 17:00:00
1951,1.0,1.0,0.0,0.0,0.0,0.0,0.0,0.0,2012-08-20 01:48:00,2012-08-31 14:36:00
2381,0.0,0.0,0.0,0.0,0.0,0.0,0.0,0.0,2013-01-10 09:00:00,2013-01-15 19:24:00
4733,0.0,0.0,0.0,0.0,0.0,0.0,0.0,0.0,2014-10-23 15:12:00,2014-11-04 04:48:00
3018,0.0,1.0,0.0,0.0,0.0,0.0,0.0,0.0,2013-07-28 00:48:00,2013-08-08 05:00:00
3015,0.0,0.0,0.0,0.0,0.0,0.0,0.0,0.0,2013-07-27 07:24:00,2013-07-31 01:12:00
1245,0.0,0.0,0.0,0.0,0.0,0.0,0.0,0.0,2011-12-25 05:00:00,2011-12-29 09:00:00
6694,0.0,0.0,0.0,0.0,0.0,0.0,0.0,0.0,2016-08-05 17:24:00,2016-08-13 13:24:00
2732,2.0,1.0,3.0,0.0,0.0,0.0,0.0,0.0,2013-05-06 14:12:00,2013-05-11 11:00:00
6558,29.0,29.0,3.0,3.0,0.0,0.0,0.0,0.0,2016-05-13 19:36:00,2016-05-27 03:24:00
3346,0.0,0.0,0.0,0.0,0.0,0.0,0.0,0.0,2013-11-02 11:24:00,2013-11-05 05:36:00
1806,6.0,7.0,27.0,27.0,7.0,7.0,0.0,0.0,2012-06-25 21:24:00,2012-07-09 12:00:00
3292,0.0,0.0,0.0,0.0,0.0,0.0,0.0,0.0,2013-10-16 19:00:00,2013-10-18 20:00:00
5695,0.0,0.0,0.0,0.0,0.0,0.0,0.0,0.0,2015-06-17 06:00:00,2015-06-18 03:12:00
6393,0.0,0.0,0.0,0.0,0.0,0.0,0.0,0.0,2016-02-27 02:00:00,2016-02-28 15:00:00
5432,0.0,0.0,0.0,0.0,0.0,0.0,0.0,0.0,2015-04-04 16:00:00,2015-04-06 12:36:00
3448,1.0,1.0,6.0,6.0,0.0,0.0,0.0,0.0,2013-11-30 06:24:00,2013-12-13 03:48:00
602,9.0,9.0,0.0,0.0,0.0,0.0,0.0,0.0,2011-05-13 17:24:00,2011-05-22 08:36:00
2925,0.0,0.0,0.0,0.0,0.0,0.0,0.0,0.0,2013-07-02 04:48:00,2013-07-10 19:48:00
1319,0.0,0.0,0.0,0.0,0.0,0.0,0.0,0.0,2012-01-14 02:00:00,2012-01-18 09:48:00
2876,0.0,0.0,0.0,0.0,0.0,0.0,0.0,0.0,2013-06-18 20:48:00,2013-06-19 06:00:00
3773,0.0,0.0,0.0,0.0,0.0,0.0,0.0,0.0,2014-02-17 15:24:00,2014-02-21 19:12:00
6626,13.0,12.0,0.0,0.0,0.0,0.0,0.0,0.0,2016-06-14 18:48:00,2016-06-19 02:36:00
674,6.0,4.0,1.0,1.0,0.0,0.0,0.0,0.0,2011-06-16 16:48:00,2011-06-29 18:48:00
4440,5.0,5.0,4.0,4.0,0.0,0.0,0.0,0.0,2014-08-06 09:12:00,2014-08-18 03:36:00
5402,0.0,0.0,0.0,0.0,0.0,0.0,0.0,0.0,2015-03-29 14:00:00,2015-04-03 13:24:00
1223,0.0,0.0,0.0,0.0,0.0,0.0,0.0,0.0,2011-12-19 01:12:00,2011-12-19 05:00:00
3772,0.0,0.0,0.0,0.0,0.0,0.0,0.0,0.0,2014-02-17 14:00:00,2014-02-18 21:36:00
5813,0.0,0.0,0.0,0.0,0.0,0.0,0.0,0.0,2015-07-25 12:48:00,2015-07-26 11:00:00
2035,0.0,0.0,0.0,0.0,0.0,0.0,0.0,0.0,2012-09-14 14:48:00,2012-09-19 00:12:00
2518,0.0,0.0,0.0,0.0,0.0,0.0,0.0,0.0,2013-03-01 00:00:00,2013-03-06 05:24:00
2031,0.0,0.0,0.0,0.0,0.0,0.0,0.0,0.0,2012-09-12 15:48:00,2012-09-15 20:24:00
229,0.0,0.0,0.0,0.0,0.0,0.0,0.0,0.0,2010-10-19 09:24:00,2010-10-20 07:48:00
6441,0.0,0.0,0.0,0.0,0.0,0.0,0.0,0.0,2016-03-17 09:00:00,2016-03-22 09:00:00
4669,0.0,0.0,0.0,0.0,0.0,0.0,0.0,0.0,2014-10-08 00:12:00,2014-10-14 09:00:00
3503,0.0,0.0,0.0,0.0,0.0,0.0,0.0,0.0,2013-12-14 01:36:00,2013-12-21 03:12:00
6743,0.0,0.0,0.0,0.0,0.0,0.0,0.0,0.0,2016-09-07 05:36:00,2016-09-10 16:12:00
1394,0.0,0.0,0.0,0.0,0.0,0.0,0.0,0.0,2012-02-11 01:48:00,2012-02-14 04:36:00
1479,0.0,0.0,0.0,0.0,0.0,0.0,0.0,0.0,2012-03-16 05:24:00,2012-03-18 04:24:00
6703,1.0,1.0,0.0,0.0,0.0,0.0,0.0,0.0,2016-08-08 06:48:00,2016-08-20 21:48:00
7055,0.0,0.0,0.0,0.0,0.0,0.0,0.0,0.0,2017-06-17 09:24:00,2017-06-22 00:24:00
1469,0.0,0.0,0.0,0.0,0.0,0.0,0.0,0.0,2012-03-11 00:00:00,2012-03-11 03:48:00
6910,3.0,3.0,1.0,0.0,0.0,0.0,0.0,0.0,2017-01-11 21:48:00,2017-01-24 19:12:00
5554,0.0,0.0,0.0,0.0,0.0,0.0,0.0,0.0,2015-05-11 08:00:00,2015-05-12 20:12:00
6915,0.0,0.0,0.0,0.0,0.0,0.0,0.0,0.0,2017-01-15 06:24:00,2017-01-23 08:36:00
4418,0.0,0.0,0.0,0.0,0.0,0.0,0.0,0.0,2014-07-31 07:24:00,2014-08-06 16:00:00
7090,0.0,0.0,0.0,0.0,0.0,0.0,0.0,0.0,2017-07-20 09:24:00,2017-07-28 00:36:00
4245,0.0,0.0,0.0,0.0,0.0,0.0,0.0,0.0,2014-06-13 16:12:00,2014-06-15 17:36:00
6080,0.0,0.0,0.0,0.0,0.0,0.0,0.0,0.0,2015-11-07 04:36:00,2015-11-14 14:24:00
1879,4.0,7.0,27.0,28.0,4.0,4.0,0.0,0.0,2012-07-22 21:12:00,2012-08-07 13:36:00
6167,6.0,2.0,4.0,3.0,0.0,0.0,0.0,0.0,2015-12-06 07:00:00,2015-12-19 06:48:00
1041,0.0,0.0,3.0,3.0,1.0,1.0,0.0,0.0,2011-11-05 00:12:00,2011-11-18 19:24:00
2334,0.0,0.0,0.0,0.0,0.0,0.0,0.0,0.0,2012-12-28 08:48:00,2012-12-28 18:36:00
4344,2.0,2.0,8.0,7.0,2.0,2.0,0.0,0.0,2014-07-06 04:36:00,2014-07-18 16:24:00
4370,0.0,0.0,0.0,0.0,0.0,0.0,0.0,0.0,2014-07-16 00:12:00,2014-07-17 15:36:00
6321,0.0,0.0,0.0,0.0,0.0,0.0,0.0,0.0,2016-02-03 07:12:00,2016-02-07 02:00:00
369,0.0,0.0,0.0,0.0,0.0,0.0,0.0,0.0,2011-02-08 08:12:00,2011-02-16 10:36:00
2426,0.0,0.0,0.0,0.0,0.0,0.0,0.0,0.0,2013-01-26 23:24:00,2013-02-02 03:12:00
550,0.0,0.0,0.0,0.0,0.0,0.0,0.0,0.0,2011-04-27 03:24:00,2011-04-30 22:24:00
3271,0.0,0.0,0.0,0.0,0.0,0.0,0.0,0.0,2013-10-11 02:12:00,2013-10-12 00:24:00
6190,0.0,0.0,0.0,0.0,0.0,0.0,0.0,0.0,2015-12-14 19:36:00,2015-12-23 01:24:00
916,0.0,0.0,0.0,0.0,0.0,0.0,0.0,0.0,2011-09-30 16:12:00,2011-10-02 09:48:00
4702,0.0,0.0,0.0,0.0,0.0,0.0,0.0,0.0,2014-10-16 16:48:00,2014-10-25 18:36:00
5990,0.0,0.0,1.0,1.0,0.0,0.0,0.0,0.0,2015-09-26 20:12:00,2015-09-30 18:24:00
4034,0.0,0.0,0.0,0.0,0.0,0.0,0.0,0.0,2014-04-16 15:48:00,2014-04-24 09:12:00
411,0.0,0.0,0.0,0.0,0.0,0.0,0.0,0.0,2011-03-06 07:24:00,2011-03-10 19:12:00
1126,1.0,1.0,3.0,5.0,0.0,0.0,0.0,0.0,2011-11-28 23:48:00,2011-12-15 11:48:00
1764,0.0,0.0,0.0,0.0,0.0,0.0,0.0,0.0,2012-06-10 23:36:00,2012-06-11 20:24:00
1474,0.0,0.0,0.0,0.0,0.0,0.0,0.0,0.0,2012-03-14 01:24:00,2012-03-14 10:12:00
388,0.0,0.0,0.0,0.0,0.0,0.0,0.0,0.0,2011-02-14 10:24:00,2011-02-15 23:36:00
7031,0.0,0.0,0.0,0.0,0.0,0.0,0.0,0.0,2017-05-26 12:00:00,2017-05-27 05:00:00
7131,7.0,7.0,2.0,2.0,0.0,0.0,0.0,0.0,2017-09-09 10:12:00,2017-09-22 13:36:00
6962,0.0,0.0,0.0,0.0,0.0,0.0,0.0,0.0,2017-02-27 13:00:00,2017-02-28 17:12:00
6994,7.0,7.0,0.0,0.0,0.0,0.0,0.0,0.0,2017-04-20 23:48:00,2017-05-03 12:24:00
5353,0.0,0.0,0.0,0.0,0.0,0.0,0.0,0.0,2015-03-20 03:00:00,2015-03-20 14:48:00
2028,0.0,0.0,0.0,0.0,0.0,0.0,0.0,0.0,2012-09-10 22:00:00,2012-09-22 12:36:00
4453,0.0,0.0,0.0,0.0,0.0,0.0,0.0,0.0,2014-08-13 00:36:00,2014-08-14 01:12:00
3795,0.0,0.0,0.0,0.0,0.0,0.0,0.0,0.0,2014-02-24 05:00:00,2014-02-24 13:48:00
6746,0.0,0.0,0.0,0.0,0.0,0.0,0.0,0.0,2016-09-07 12:48:00,2016-09-07 20:48:00
5638,0.0,0.0,0.0,0.0,0.0,0.0,0.0,0.0,2015-06-01 07:48:00,2015-06-06 20:00:00
6144,0.0,0.0,0.0,0.0,0.0,0.0,0.0,0.0,2015-11-26 10:36:00,2015-11-30 20:48:00
5307,0.0,0.0,0.0,0.0,0.0,0.0,0.0,0.0,2015-03-07 10:00:00,2015-03-07 21:24:00
2067,0.0,0.0,0.0,0.0,0.0,0.0,0.0,0.0,2012-09-25 10:00:00,2012-09-28 18:12:00
2234,0.0,0.0,0.0,0.0,0.0,0.0,0.0,0.0,2012-11-22 08:48:00,2012-11-26 23:00:00
5950,0.0,0.0,0.0,0.0,0.0,0.0,0.0,0.0,2015-09-08 05:00:00,2015-09-09 15:48:00
287,0.0,0.0,0.0,0.0,0.0,0.0,0.0,0.0,2010-12-04 18:12:00,2010-12-11 08:36:00
6390,0.0,0.0,0.0,0.0,0.0,0.0,0.0,0.0,2016-02-25 09:12:00,2016-02-25 13:36:00
5670,0.0,0.0,0.0,0.0,0.0,0.0,0.0,0.0,2015-06-10 00:24:00,2015-06-18 17:36:00
6421,0.0,0.0,0.0,0.0,0.0,0.0,0.0,0.0,2016-03-10 13:48:00,2016-03-16 10:36:00
1877,3.0,3.0,9.0,8.0,0.0,0.0,0.0,0.0,2012-07-22 09:36:00,2012-08-04 05:48:00
4714,0.0,0.0,0.0,0.0,0.0,0.0,0.0,0.0,2014-10-18 09:12:00,2014-10-23 19:36:00
3628,0.0,0.0,0.0,0.0,0.0,0.0,0.0,0.0,2014-01-12 19:12:00,2014-01-14 17:36:00
6957,2.0,2.0,0.0,0.0,0.0,0.0,0.0,0.0,2017-02-23 19:36:00,2017-03-05 06:12:00
41,0.0,0.0,0.0,0.0,0.0,0.0,0.0,0.0,2010-05-29 01:00:00,2010-05-30 21:12:00
6442,0.0,0.0,0.0,0.0,0.0,0.0,0.0,0.0,2016-03-17 13:00:00,2016-03-19 19:00:00
3054,0.0,0.0,0.0,0.0,0.0,0.0,0.0,0.0,2013-08-08 21:24:00,2013-08-14 20:36:00
146,4.0,4.0,0.0,0.0,0.0,0.0,0.0,0.0,2010-08-24 20:12:00,2010-09-03 23:48:00
5127,0.0,0.0,37.0,36.0,3.0,3.0,0.0,0.0,2015-01-27 12:36:00,2015-02-10 23:24:00
3723,0.0,0.0,0.0,0.0,0.0,0.0,0.0,0.0,2014-02-05 08:00:00,2014-02-13 07:12:00
2015,0.0,0.0,0.0,0.0,0.0,0.0,0.0,0.0,2012-09-05 02:24:00,2012-09-06 12:24:00
1019,0.0,0.0,2.0,1.0,2.0,0.0,0.0,0.0,2011-10-29 12:24:00,2011-11-10 20:12:00
397,0.0,0.0,0.0,0.0,0.0,0.0,0.0,0.0,2011-02-28 04:48:00,2011-02-28 22:24:00
2110,0.0,0.0,1.0,3.0,0.0,0.0,0.0,0.0,2012-10-09 02:24:00,2012-10-10 17:48:00
6389,0.0,0.0,0.0,0.0,0.0,0.0,0.0,0.0,2016-02-24 15:24:00,2016-02-24 20:36:00
72,0.0,0.0,0.0,0.0,0.0,0.0,0.0,0.0,2010-06-26 05:24:00,2010-06-30 19:48:00
4661,0.0,0.0,1.0,0.0,0.0,0.0,0.0,0.0,2014-10-05 20:12:00,2014-10-17 14:12:00
3118,0.0,0.0,0.0,0.0,0.0,0.0,0.0,0.0,2013-08-23 10:36:00,2013-08-23 17:36:00
297,14.0,13.0,1.0,1.0,0.0,0.0,0.0,0.0,2010-12-11 18:48:00,2010-12-23 02:00:00
4241,0.0,0.0,0.0,0.0,0.0,0.0,0.0,0.0,2014-06-11 22:00:00,2014-06-15 13:24:00
4363,0.0,0.0,0.0,0.0,0.0,0.0,0.0,0.0,2014-07-13 20:00:00,2014-07-21 08:12:00
3207,0.0,0.0,0.0,0.0,0.0,0.0,0.0,0.0,2013-09-20 04:24:00,2013-09-21 04:36:00
6281,7.0,7.0,5.0,4.0,0.0,0.0,0.0,0.0,2016-01-16 18:00:00,2016-01-29 23:36:00
3140,0.0,0.0,0.0,0.0,0.0,0.0,0.0,0.0,2013-08-28 03:00:00,2013-09-06 08:48:00
1575,0.0,0.0,0.0,0.0,0.0,0.0,0.0,0.0,2012-04-14 16:36:00,2012-04-16 22:36:00
5229,2.0,2.0,0.0,0.0,0.0,0.0,0.0,0.0,2015-02-17 20:48:00,2015-02-25 15:24:00
4973,0.0,0.0,0.0,0.0,0.0,0.0,0.0,0.0,2014-12-21 05:12:00,2015-01-03 09:48:00
1201,0.0,0.0,0.0,0.0,0.0,0.0,0.0,0.0,2011-12-15 13:36:00,2011-12-24 13:00:00
6453,0.0,0.0,0.0,0.0,0.0,0.0,0.0,0.0,2016-03-23 14:12:00,2016-03-30 06:24:00
4183,0.0,0.0,0.0,0.0,0.0,0.0,0.0,0.0,2014-05-29 07:00:00,2014-05-31 04:12:00
1578,2.0,2.0,5.0,5.0,0.0,0.0,0.0,0.0,2012-04-15 11:36:00,2012-04-26 13:24:00
7276,0.0,0.0,0.0,0.0,0.0,0.0,0.0,0.0,2018-06-20 04:36:00,2018-06-30 06:36:00
2565,0.0,0.0,0.0,0.0,0.0,0.0,0.0,0.0,2013-03-12 01:12:00,2013-03-23 03:00:00
6884,0.0,0.0,0.0,0.0,0.0,0.0,0.0,0.0,2016-12-14 07:12:00,2016-12-22 02:36:00
6763,0.0,0.0,0.0,0.0,0.0,0.0,0.0,0.0,2016-09-17 22:12:00,2016-09-18 01:24:00
493,0.0,0.0,0.0,0.0,0.0,0.0,0.0,0.0,2011-04-06 15:24:00,2011-04-06 23:48:00
4955,1.0,1.0,11.0,11.0,1.0,1.0,0.0,0.0,2014-12-17 09:24:00,2014-12-30 09:36:00
4372,0.0,0.0,0.0,0.0,0.0,0.0,0.0,0.0,2014-07-16 18:24:00,2014-07-25 23:24:00
6133,0.0,0.0,0.0,0.0,0.0,0.0,0.0,0.0,2015-11-20 08:24:00,2015-11-21 10:12:00
4218,0.0,0.0,0.0,2.0,0.0,0.0,0.0,0.0,2014-06-06 14:00:00,2014-06-18 18:48:00
1355,0.0,0.0,0.0,0.0,0.0,0.0,0.0,0.0,2012-01-26 21:00:00,2012-01-29 23:00:00
3926,0.0,0.0,3.0,2.0,0.0,0.0,0.0,0.0,2014-03-27 12:24:00,2014-04-07 15:24:00
3654,0.0,0.0,0.0,0.0,0.0,0.0,0.0,0.0,2014-01-18 02:12:00,2014-01-19 08:12:00
2442,0.0,0.0,0.0,0.0,0.0,0.0,0.0,0.0,2013-02-01 00:00:00,2013-02-03 11:00:00
6277,0.0,0.0,0.0,0.0,0.0,0.0,0.0,0.0,2016-01-15 12:36:00,2016-01-22 15:12:00
1621,3.0,5.0,14.0,14.0,1.0,1.0,0.0,0.0,2012-04-27 10:48:00,2012-05-10 20:00:00
1215,0.0,0.0,0.0,0.0,0.0,0.0,0.0,0.0,2011-12-17 20:48:00,2011-12-26 00:00:00
5081,0.0,0.0,0.0,0.0,0.0,0.0,0.0,0.0,2015-01-14 21:00:00,2015-01-15 05:24:00
6716,11.0,11.0,5.0,5.0,0.0,0.0,0.0,0.0,2016-08-22 01:48:00,2016-09-01 01:48:00
1453,0.0,0.0,0.0,0.0,0.0,0.0,0.0,0.0,2012-03-04 05:24:00,2012-03-06 05:12:00
3513,0.0,0.0,1.0,0.0,0.0,0.0,0.0,0.0,2013-12-16 11:24:00,2013-12-27 16:24:00
5345,0.0,0.0,0.0,0.0,0.0,0.0,0.0,0.0,2015-03-18 12:00:00,2015-03-21 12:00:00
3454,0.0,0.0,0.0,0.0,0.0,0.0,0.0,0.0,2013-11-30 22:12:00,2013-12-01 09:00:00
3964,0.0,0.0,0.0,0.0,0.0,0.0,0.0,0.0,2014-04-03 01:36:00,2014-04-03 12:12:00
6362,0.0,0.0,0.0,0.0,0.0,0.0,0.0,0.0,2016-02-15 23:36:00,2016-02-23 22:00:00
932,3.0,3.0,14.0,13.0,0.0,0.0,0.0,0.0,2011-10-04 18:48:00,2011-10-17 13:36:00
2511,5.0,4.0,0.0,0.0,0.0,0.0,0.0,0.0,2013-02-27 05:48:00,2013-03-13 03:12:00
3232,0.0,0.0,0.0,0.0,0.0,0.0,0.0,0.0,2013-09-26 00:48:00,2013-09-26 10:48:00
3459,0.0,0.0,0.0,0.0,0.0,0.0,0.0,0.0,2013-12-02 05:36:00,2013-12-04 18:36:00
1675,0.0,0.0,0.0,0.0,0.0,0.0,0.0,0.0,2012-05-16 12:00:00,2012-05-17 14:24:00
2238,0.0,0.0,0.0,0.0,0.0,0.0,0.0,0.0,2012-11-23 23:24:00,2012-11-29 19:00:00
1425,9.0,9.0,2.0,2.0,0.0,0.0,0.0,0.0,2012-02-24 23:24:00,2012-03-07 04:48:00
7290,0.0,0.0,0.0,0.0,0.0,0.0,0.0,0.0,2018-07-29 11:36:00,2018-08-08 18:36:00
7242,0.0,0.0,0.0,0.0,0.0,0.0,0.0,0.0,2018-03-06 03:00:00,2018-03-13 14:36:00
4252,10.0,10.0,11.0,11.0,0.0,0.0,0.0,0.0,2014-06-15 04:24:00,2014-06-27 15:12:00
1766,0.0,0.0,0.0,0.0,0.0,0.0,0.0,0.0,2012-06-11 03:24:00,2012-06-12 14:36:00
6155,17.0,17.0,12.0,12.0,0.0,0.0,0.0,0.0,2015-12-03 04:48:00,2015-12-15 10:00:00
2375,0.0,0.0,0.0,0.0,0.0,0.0,0.0,0.0,2013-01-08 03:12:00,2013-01-08 23:00:00
2044,2.0,2.0,2.0,2.0,0.0,0.0,0.0,0.0,2012-09-18 09:48:00,2012-09-30 01:36:00
3733,0.0,0.0,0.0,0.0,0.0,0.0,0.0,0.0,2014-02-08 15:00:00,2014-02-09 17:00:00
3912,2.0,2.0,3.0,3.0,0.0,0.0,0.0,0.0,2014-03-25 11:48:00,2014-04-08 14:24:00
802,0.0,0.0,0.0,0.0,0.0,0.0,0.0,0.0,2011-08-18 04:48:00,2011-08-21 00:24:00
152,0.0,1.0,0.0,0.0,0.0,0.0,0.0,0.0,2010-08-31 12:48:00,2010-09-11 04:36:00
3010,0.0,0.0,0.0,0.0,0.0,0.0,0.0,0.0,2013-07-25 00:00:00,2013-07-27 02:24:00
670,0.0,0.0,0.0,0.0,0.0,0.0,0.0,0.0,2011-06-14 16:24:00,2011-06-20 00:12:00
3785,0.0,0.0,0.0,0.0,0.0,0.0,0.0,0.0,2014-02-21 23:00:00,2014-03-03 13:36:00
3371,0.0,0.0,0.0,0.0,0.0,0.0,0.0,0.0,2013-11-10 12:12:00,2013-11-17 17:36:00
2211,0.0,0.0,0.0,0.0,0.0,0.0,0.0,0.0,2012-11-14 09:12:00,2012-11-15 03:24:00
1209,1.0,1.0,14.0,15.0,3.0,3.0,0.0,0.0,2011-12-16 20:24:00,2011-12-30 13:48:00
282,0.0,0.0,0.0,0.0,0.0,0.0,0.0,0.0,2010-12-03 03:48:00,2010-12-05 02:36:00
46,12.0,12.0,0.0,0.0,0.0,0.0,0.0,0.0,2010-06-02 20:00:00,2010-06-12 03:00:00
4182,0.0,0.0,0.0,0.0,0.0,0.0,0.0,0.0,2014-05-29 03:24:00,2014-05-30 13:12:00
2829,0.0,0.0,0.0,0.0,0.0,0.0,0.0,0.0,2013-06-04 13:48:00,2013-06-06 14:36:00
7277,0.0,0.0,0.0,0.0,0.0,0.0,0.0,0.0,2018-06-22 01:00:00,2018-06-30 18:12:00
7183,0.0,0.0,0.0,0.0,0.0,0.0,0.0,0.0,2017-11-06 07:12:00,2017-11-12 17:12:00
5882,0.0,0.0,0.0,0.0,0.0,0.0,0.0,0.0,2015-08-13 08:24:00,2015-08-14 06:12:00
6678,0.0,0.0,0.0,0.0,0.0,0.0,0.0,0.0,2016-07-13 10:24:00,2016-07-14 01:12:00
4040,1.0,0.0,3.0,3.0,0.0,0.0,0.0,0.0,2014-04-18 02:48:00,2014-04-29 08:12:00
1935,0.0,0.0,0.0,0.0,0.0,0.0,0.0,0.0,2012-08-09 13:36:00,2012-08-11 00:48:00
4841,0.0,0.0,0.0,0.0,0.0,0.0,0.0,0.0,2014-11-15 16:48:00,2014-11-16 18:12:00
1389,11.0,11.0,1.0,1.0,0.0,0.0,0.0,0.0,2012-02-08 14:00:00,2012-02-18 10:24:00
6169,0.0,0.0,0.0,0.0,0.0,0.0,0.0,0.0,2015-12-07 10:12:00,2015-12-14 04:12:00
6061,0.0,0.0,0.0,0.0,0.0,0.0,0.0,0.0,2015-10-27 13:12:00,2015-10-27 20:12:00
133,0.0,0.0,0.0,0.0,0.0,0.0,0.0,0.0,2010-08-13 00:00:00,2010-08-14 16:36:00
4896,0.0,0.0,0.0,0.0,0.0,0.0,0.0,0.0,2014-12-03 23:12:00,2014-12-06 23:12:00
4155,0.0,0.0,0.0,0.0,0.0,0.0,0.0,0.0,2014-05-18 21:48:00,2014-05-22 11:36:00
4704,0.0,0.0,0.0,0.0,0.0,0.0,0.0,0.0,2014-10-17 00:24:00,2014-10-27 03:48:00
5274,0.0,0.0,0.0,0.0,0.0,0.0,0.0,0.0,2015-03-01 19:36:00,2015-03-08 02:48:00
4898,0.0,0.0,0.0,0.0,0.0,0.0,0.0,0.0,2014-12-04 16:36:00,2014-12-11 23:36:00
4596,0.0,0.0,0.0,0.0,0.0,0.0,0.0,0.0,2014-09-21 21:36:00,2014-09-22 06:24:00
3464,0.0,0.0,0.0,0.0,0.0,0.0,0.0,0.0,2013-12-03 23:00:00,2013-12-07 03:36:00
5774,0.0,0.0,0.0,0.0,0.0,0.0,0.0,0.0,2015-07-12 00:48:00,2015-07-13 08:36:00
621,0.0,0.0,0.0,0.0,0.0,0.0,0.0,0.0,2011-05-22 11:12:00,2011-05-24 16:36:00
2716,1.0,1.0,24.0,24.0,2.0,2.0,0.0,0.0,2013-05-02 23:36:00,2013-05-14 16:12:00
4512,0.0,0.0,0.0,0.0,0.0,0.0,0.0,0.0,2014-08-29 00:36:00,2014-09-06 16:00:00
3793,0.0,0.0,9.0,8.0,2.0,2.0,1.0,1.0,2014-02-23 14:00:00,2014-03-09 16:36:00
4296,0.0,0.0,21.0,21.0,0.0,0.0,0.0,0.0,2014-06-28 04:48:00,2014-07-12 15:12:00
4589,0.0,0.0,0.0,0.0,0.0,0.0,0.0,0.0,2014-09-20 04:48:00,2014-09-23 16:48:00
4786,0.0,0.0,0.0,0.0,0.0,0.0,0.0,0.0,2014-11-04 18:24:00,2014-11-07 06:48:00
5191,0.0,0.0,0.0,0.0,0.0,0.0,0.0,0.0,2015-02-09 04:12:00,2015-02-12 10:48:00
698,0.0,0.0,0.0,0.0,0.0,0.0,0.0,0.0,2011-07-06 06:00:00,2011-07-14 14:24:00
712,1.0,1.0,0.0,0.0,0.0,0.0,0.0,0.0,2011-07-10 04:36:00,2011-07-20 13:00:00
6381,0.0,0.0,0.0,0.0,0.0,0.0,0.0,0.0,2016-02-21 16:00:00,2016-02-24 06:24:00
2133,0.0,0.0,0.0,0.0,0.0,0.0,0.0,0.0,2012-10-19 06:36:00,2012-10-21 10:48:00
4336,0.0,0.0,0.0,0.0,0.0,0.0,0.0,0.0,2014-07-04 23:48:00,2014-07-06 21:12:00
5583,0.0,0.0,0.0,0.0,0.0,0.0,0.0,0.0,2015-05-17 02:36:00,2015-05-23 18:12:00
1023,0.0,0.0,0.0,0.0,0.0,0.0,0.0,0.0,2011-10-30 16:24:00,2011-10-31 08:12:00
1711,0.0,0.0,0.0,0.0,0.0,0.0,0.0,0.0,2012-05-27 00:36:00,2012-06-05 17:48:00
1333,0.0,0.0,0.0,0.0,0.0,0.0,0.0,0.0,2012-01-16 12:24:00,2012-01-16 21:48:00
5382,0.0,0.0,0.0,0.0,0.0,0.0,0.0,0.0,2015-03-24 06:24:00,2015-03-25 10:36:00
3974,0.0,0.0,0.0,0.0,0.0,0.0,0.0,0.0,2014-04-04 19:36:00,2014-04-14 22:12:00
2541,6.0,6.0,1.0,1.0,0.0,0.0,0.0,0.0,2013-03-07 01:36:00,2013-03-19 09:24:00
1433,0.0,0.0,0.0,0.0,0.0,0.0,0.0,0.0,2012-02-25 22:48:00,2012-02-26 19:36:00
548,0.0,0.0,0.0,0.0,0.0,0.0,0.0,0.0,2011-04-26 07:36:00,2011-04-26 15:12:00
6153,0.0,0.0,0.0,0.0,0.0,0.0,0.0,0.0,2015-12-02 16:48:00,2015-12-11 04:48:00
4862,0.0,0.0,18.0,16.0,0.0,0.0,0.0,0.0,2014-11-22 15:48:00,2014-12-07 00:24:00
5015,0.0,0.0,0.0,0.0,0.0,0.0,0.0,0.0,2014-12-30 10:36:00,2014-12-31 17:36:00
3194,5.0,4.0,2.0,2.0,0.0,0.0,0.0,0.0,2013-09-17 05:36:00,2013-09-30 05:24:00
1932,0.0,0.0,0.0,0.0,0.0,0.0,0.0,0.0,2012-08-07 07:12:00,2012-08-12 12:00:00
3267,0.0,0.0,1.0,0.0,0.0,0.0,0.0,0.0,2013-10-09 04:00:00,2013-10-18 16:00:00
5857,0.0,0.0,0.0,0.0,0.0,0.0,0.0,0.0,2015-08-06 04:36:00,2015-08-10 02:24:00
4350,0.0,0.0,0.0,0.0,0.0,0.0,0.0,0.0,2014-07-07 03:48:00,2014-07-08 23:36:00
1501,0.0,0.0,0.0,0.0,0.0,0.0,0.0,0.0,2012-03-23 08:00:00,2012-03-27 19:36:00
4443,0.0,0.0,0.0,0.0,0.0,0.0,0.0,0.0,2014-08-08 01:48:00,2014-08-11 00:00:00
2976,0.0,0.0,0.0,0.0,0.0,0.0,0.0,0.0,2013-07-15 16:36:00,2013-07-20 07:12:00
889,0.0,0.0,0.0,0.0,0.0,0.0,0.0,0.0,2011-09-21 03:00:00,2011-09-24 18:48:00
4839,0.0,0.0,0.0,0.0,0.0,0.0,0.0,0.0,2014-11-15 11:12:00,2014-11-25 02:48:00
1644,0.0,0.0,0.0,0.0,0.0,0.0,0.0,0.0,2012-05-07 21:12:00,2012-05-22 00:48:00
3494,0.0,0.0,0.0,0.0,0.0,0.0,0.0,0.0,2013-12-11 01:48:00,2013-12-14 00:00:00
6430,0.0,0.0,0.0,0.0,0.0,0.0,0.0,0.0,2016-03-13 08:12:00,2016-03-13 18:48:00
7123,0.0,0.0,0.0,0.0,0.0,0.0,0.0,0.0,2017-09-02 10:48:00,2017-09-06 09:00:00
2502,4.0,2.0,0.0,0.0,0.0,0.0,0.0,0.0,2013-02-24 05:36:00,2013-03-09 04:36:00
2703,0.0,0.0,0.0,0.0,0.0,0.0,0.0,0.0,2013-04-28 19:48:00,2013-05-01 16:24:00
5225,0.0,0.0,0.0,0.0,0.0,0.0,0.0,0.0,2015-02-16 10:24:00,2015-02-25 11:12:00
1448,0.0,0.0,0.0,0.0,0.0,0.0,0.0,0.0,2012-03-01 14:36:00,2012-03-03 07:36:00
6254,0.0,0.0,0.0,0.0,0.0,0.0,0.0,0.0,2016-01-08 06:36:00,2016-01-16 18:00:00
4292,0.0,0.0,0.0,0.0,0.0,0.0,0.0,0.0,2014-06-26 21:24:00,2014-06-27 02:12:00
7266,0.0,0.0,0.0,0.0,0.0,0.0,0.0,0.0,2018-06-03 01:00:00,2018-06-03 05:12:00
7240,9.0,6.0,1.0,0.0,0.0,0.0,0.0,0.0,2018-02-26 00:48:00,2018-03-02 12:24:00
6496,0.0,0.0,0.0,0.0,0.0,0.0,0.0,0.0,2016-04-14 01:48:00,2016-04-20 23:24:00
3248,4.0,4.0,4.0,3.0,0.0,0.0,0.0,0.0,2013-10-01 18:00:00,2013-10-13 14:48:00
7297,0.0,0.0,0.0,0.0,0.0,0.0,0.0,0.0,2018-08-13 05:48:00,2018-08-13 18:36:00
11,1.0,2.0,0.0,0.0,0.0,0.0,0.0,0.0,2010-05-03 04:36:00,2010-05-06 10:36:00
3005,0.0,0.0,0.0,0.0,0.0,0.0,0.0,0.0,2013-07-23 12:00:00,2013-07-23 16:00:00
509,0.0,0.0,0.0,0.0,0.0,0.0,0.0,0.0,2011-04-14 08:12:00,2011-04-16 14:24:00
2193,2.0,2.0,10.0,11.0,1.0,1.0,0.0,0.0,2012-11-10 17:12:00,2012-11-22 23:12:00
2421,0.0,0.0,0.0,0.0,0.0,0.0,0.0,0.0,2013-01-24 23:48:00,2013-01-25 21:24:00
6897,0.0,0.0,0.0,0.0,0.0,0.0,0.0,0.0,2016-12-27 08:48:00,2016-12-31 23:24:00
5916,1.0,1.0,4.0,4.0,0.0,0.0,0.0,0.0,2015-08-26 11:24:00,2015-09-05 11:24:00
6804,0.0,0.0,0.0,0.0,0.0,0.0,0.0,0.0,2016-10-11 04:36:00,2016-10-20 17:48:00
2751,0.0,0.0,0.0,0.0,0.0,0.0,0.0,0.0,2013-05-15 08:00:00,2013-05-22 01:48:00
5208,0.0,0.0,0.0,0.0,0.0,0.0,0.0,0.0,2015-02-12 02:12:00,2015-02-21 14:12:00
6351,0.0,0.0,0.0,0.0,0.0,0.0,0.0,0.0,2016-02-12 11:24:00,2016-02-21 13:00:00
4698,0.0,0.0,90.0,88.0,33.0,31.0,6.0,6.0,2014-10-16 09:12:00,2014-10-30 18:24:00
5480,0.0,0.0,0.0,0.0,0.0,0.0,0.0,0.0,2015-04-18 16:24:00,2015-04-22 04:36:00
1484,1.0,1.0,4.0,4.0,0.0,0.0,0.0,0.0,2012-03-19 00:48:00,2012-03-26 19:12:00
2553,0.0,0.0,0.0,0.0,0.0,0.0,0.0,0.0,2013-03-09 08:24:00,2013-03-12 05:12:00
4781,0.0,0.0,44.0,44.0,12.0,12.0,1.0,1.0,2014-11-03 13:00:00,2014-11-16 16:48:00
854,0.0,0.0,0.0,0.0,0.0,0.0,0.0,0.0,2011-09-11 01:24:00,2011-09-19 15:48:00
781,0.0,0.0,0.0,0.0,0.0,0.0,0.0,0.0,2011-08-10 18:12:00,2011-08-19 16:00:00
2520,1.0,2.0,2.0,0.0,0.0,0.0,0.0,0.0,2013-03-01 19:36:00,2013-03-15 15:24:00
3097,0.0,0.0,1.0,0.0,0.0,0.0,0.0,0.0,2013-08-17 06:12:00,2013-08-22 07:12:00
5945,0.0,0.0,0.0,0.0,0.0,0.0,0.0,0.0,2015-09-06 15:36:00,2015-09-09 20:24:00
6621,0.0,0.0,0.0,0.0,0.0,0.0,0.0,0.0,2016-06-12 18:24:00,2016-06-17 04:12:00
4901,0.0,0.0,0.0,0.0,0.0,0.0,0.0,0.0,2014-12-05 04:12:00,2014-12-11 00:00:00
6979,0.0,0.0,0.0,0.0,0.0,0.0,0.0,0.0,2017-03-30 17:12:00,2017-03-30 22:12:00
7056,0.0,0.0,0.0,0.0,0.0,0.0,0.0,0.0,2017-06-17 12:24:00,2017-06-19 21:36:00
5233,2.0,2.0,18.0,12.0,3.0,1.0,0.0,0.0,2015-02-18 01:00:00,2015-03-02 14:24:00
6444,0.0,0.0,0.0,0.0,0.0,0.0,0.0,0.0,2016-03-18 12:24:00,2016-03-21 16:48:00
5295,0.0,0.0,0.0,0.0,0.0,0.0,0.0,0.0,2015-03-05 09:36:00,2015-03-06 10:48:00
1302,0.0,0.0,0.0,0.0,0.0,0.0,0.0,0.0,2012-01-08 17:00:00,2012-01-15 20:12:00
5968,0.0,0.0,0.0,0.0,0.0,0.0,0.0,0.0,2015-09-17 02:36:00,2015-09-18 06:00:00
1844,0.0,0.0,0.0,0.0,0.0,0.0,0.0,0.0,2012-07-06 17:36:00,2012-07-08 20:00:00
3929,0.0,0.0,0.0,0.0,0.0,0.0,0.0,0.0,2014-03-27 20:24:00,2014-03-28 01:24:00
3199,26.0,24.0,9.0,10.0,0.0,0.0,0.0,0.0,2013-09-18 10:00:00,2013-10-01 23:48:00
4477,1.0,1.0,40.0,39.0,2.0,1.0,0.0,0.0,2014-08-21 04:00:00,2014-09-03 01:24:00
3728,0.0,0.0,0.0,0.0,0.0,0.0,0.0,0.0,2014-02-07 11:12:00,2014-02-08 04:36:00
6762,0.0,0.0,0.0,0.0,0.0,0.0,0.0,0.0,2016-09-16 23:48:00,2016-09-17 22:48:00
1187,0.0,0.0,0.0,0.0,0.0,0.0,0.0,0.0,2011-12-12 13:00:00,2011-12-13 23:24:00
6942,0.0,0.0,0.0,0.0,0.0,0.0,0.0,0.0,2017-02-01 14:36:00,2017-02-03 22:48:00
14,0.0,0.0,0.0,0.0,0.0,0.0,0.0,0.0,2010-05-05 03:12:00,2010-05-06 20:48:00
2444,0.0,0.0,0.0,0.0,0.0,0.0,0.0,0.0,2013-02-01 00:00:00,2013-02-03 09:48:00
2974,0.0,0.0,0.0,0.0,0.0,0.0,0.0,0.0,2013-07-15 13:36:00,2013-07-22 11:24:00
6662,3.0,3.0,0.0,0.0,0.0,0.0,0.0,0.0,2016-07-07 00:36:00,2016-07-18 17:48:00
5124,0.0,0.0,0.0,0.0,0.0,0.0,0.0,0.0,2015-01-26 10:12:00,2015-02-02 23:12:00
5200,0.0,0.0,0.0,0.0,0.0,0.0,0.0,0.0,2015-02-11 04:36:00,2015-02-19 14:12:00
1353,0.0,0.0,0.0,0.0,0.0,0.0,0.0,0.0,2012-01-26 12:36:00,2012-02-04 23:00:00
1563,0.0,0.0,0.0,0.0,0.0,0.0,0.0,0.0,2012-04-11 06:12:00,2012-04-15 18:12:00
991,0.0,0.0,0.0,0.0,0.0,0.0,0.0,0.0,2011-10-20 07:24:00,2011-10-21 17:36:00
7068,0.0,5.0,0.0,0.0,0.0,1.0,0.0,0.0,2017-07-01 21:36:00,2017-07-03 19:48:00
4410,0.0,0.0,0.0,0.0,0.0,0.0,0.0,0.0,2014-07-28 12:36:00,2014-07-28 22:48:00
3878,0.0,0.0,0.0,0.0,0.0,0.0,0.0,0.0,2014-03-18 08:36:00,2014-03-24 23:48:00
591,0.0,0.0,0.0,0.0,0.0,0.0,0.0,0.0,2011-05-10 01:36:00,2011-05-10 10:24:00
2685,0.0,0.0,0.0,0.0,0.0,0.0,0.0,0.0,2013-04-22 11:36:00,2013-05-04 19:24:00
6255,0.0,0.0,0.0,0.0,0.0,0.0,0.0,0.0,2016-01-08 10:36:00,2016-01-08 16:12:00
3011,1.0,1.0,0.0,0.0,0.0,0.0,0.0,0.0,2013-07-25 08:48:00,2013-08-03 02:00:00
2878,2.0,2.0,2.0,2.0,1.0,1.0,0.0,0.0,2013-06-19 16:12:00,2013-07-02 19:24:00
5948,0.0,0.0,0.0,0.0,0.0,0.0,0.0,0.0,2015-09-07 08:48:00,2015-09-08 16:36:00
3324,0.0,0.0,0.0,0.0,0.0,0.0,0.0,0.0,2013-10-27 16:36:00,2013-10-28 19:12:00
6478,0.0,0.0,0.0,0.0,0.0,0.0,0.0,0.0,2016-04-05 14:12:00,2016-04-10 10:00:00
6335,0.0,0.0,0.0,0.0,0.0,0.0,0.0,0.0,2016-02-05 22:24:00,2016-02-09 17:48:00
5350,0.0,0.0,0.0,0.0,0.0,0.0,0.0,0.0,2015-03-19 00:36:00,2015-03-25 10:36:00
5455,0.0,0.0,0.0,0.0,0.0,0.0,0.0,0.0,2015-04-13 01:12:00,2015-04-18 16:12:00
1339,0.0,0.0,0.0,0.0,0.0,0.0,0.0,0.0,2012-01-20 21:48:00,2012-01-31 03:12:00
2728,0.0,0.0,0.0,0.0,0.0,0.0,0.0,0.0,2013-05-05 07:48:00,2013-05-06 12:12:00
969,0.0,0.0,0.0,1.0,0.0,0.0,0.0,0.0,2011-10-15 00:36:00,2011-10-16 05:24:00
1063,0.0,0.0,0.0,0.0,0.0,0.0,0.0,0.0,2011-11-10 09:12:00,2011-11-17 18:24:00
5434,0.0,0.0,0.0,0.0,0.0,0.0,0.0,0.0,2015-04-04 20:48:00,2015-04-06 19:48:00
7130,0.0,0.0,0.0,0.0,0.0,0.0,0.0,0.0,2017-09-09 08:36:00,2017-09-11 13:12:00
6355,0.0,0.0,0.0,0.0,0.0,0.0,0.0,0.0,2016-02-13 01:48:00,2016-02-16 18:12:00
5492,0.0,0.0,3.0,3.0,0.0,0.0,0.0,0.0,2015-04-21 12:36:00,2015-05-02 08:00:00
4189,0.0,0.0,0.0,0.0,0.0,0.0,0.0,0.0,2014-05-31 00:12:00,2014-06-07 18:00:00
107,4.0,4.0,0.0,0.0,0.0,0.0,0.0,0.0,2010-07-28 12:36:00,2010-08-07 20:00:00
6007,0.0,0.0,0.0,0.0,0.0,0.0,0.0,0.0,2015-10-09 16:36:00,2015-10-09 19:36:00
784,0.0,0.0,0.0,0.0,0.0,0.0,0.0,0.0,2011-08-11 19:24:00,2011-08-12 08:36:00
4988,0.0,0.0,0.0,0.0,0.0,0.0,0.0,0.0,2014-12-23 21:36:00,2015-01-01 09:00:00
931,0.0,0.0,0.0,0.0,0.0,0.0,0.0,0.0,2011-10-04 16:48:00,2011-10-07 18:24:00
1677,2.0,2.0,0.0,0.0,0.0,0.0,0.0,0.0,2012-05-17 09:00:00,2012-05-30 15:24:00
5449,0.0,0.0,0.0,0.0,0.0,0.0,0.0,0.0,2015-04-11 09:36:00,2015-04-13 12:00:00
6676,0.0,0.0,0.0,0.0,0.0,0.0,0.0,0.0,2016-07-12 23:36:00,2016-07-20 08:36:00
4549,0.0,0.0,9.0,9.0,0.0,0.0,0.0,0.0,2014-09-09 23:36:00,2014-09-20 14:12:00
1326,0.0,0.0,0.0,0.0,0.0,0.0,0.0,0.0,2012-01-15 07:00:00,2012-01-21 12:36:00
6732,1.0,0.0,0.0,0.0,0.0,0.0,0.0,0.0,2016-09-01 00:24:00,2016-09-07 13:00:00
3417,0.0,0.0,0.0,0.0,0.0,0.0,0.0,0.0,2013-11-21 21:36:00,2013-11-22 17:12:00
6899,0.0,0.0,0.0,0.0,0.0,0.0,0.0,0.0,2016-12-29 23:12:00,2017-01-05 03:36:00
2910,0.0,0.0,0.0,0.0,0.0,0.0,0.0,0.0,2013-06-27 18:48:00,2013-07-04 05:24:00
513,0.0,0.0,0.0,0.0,0.0,0.0,0.0,0.0,2011-04-18 01:48:00,2011-04-18 13:00:00
5280,0.0,0.0,0.0,0.0,0.0,0.0,0.0,0.0,2015-03-03 13:48:00,2015-03-05 22:36:00
3775,0.0,0.0,0.0,0.0,0.0,0.0,0.0,0.0,2014-02-17 20:24:00,2014-02-23 21:12:00
3032,0.0,0.0,0.0,0.0,0.0,0.0,0.0,0.0,2013-07-31 05:24:00,2013-08-09 10:24:00
67,0.0,0.0,0.0,0.0,0.0,0.0,0.0,0.0,2010-06-24 20:00:00,2010-07-02 13:48:00
115,35.0,40.0,5.0,5.0,1.0,1.0,0.0,0.0,2010-08-03 10:36:00,2010-08-17 05:36:00
2013,0.0,0.0,0.0,0.0,0.0,0.0,0.0,0.0,2012-09-04 05:48:00,2012-09-07 05:00:00
1449,3.0,4.0,51.0,54.0,15.0,15.0,3.0,3.0,2012-03-02 16:24:00,2012-03-16 00:12:00
1756,1.0,1.0,7.0,7.0,0.0,0.0,0.0,0.0,2012-06-09 04:36:00,2012-06-21 08:00:00
2905,0.0,0.0,0.0,0.0,0.0,0.0,0.0,0.0,2013-06-27 02:48:00,2013-06-27 16:24:00
3411,0.0,0.0,0.0,0.0,0.0,0.0,0.0,0.0,2013-11-20 06:12:00,2013-11-20 14:36:00
1186,0.0,0.0,0.0,0.0,0.0,0.0,0.0,0.0,2011-12-12 05:00:00,2011-12-21 12:00:00
801,0.0,0.0,0.0,0.0,0.0,0.0,0.0,0.0,2011-08-17 12:00:00,2011-08-17 22:12:00
3492,0.0,0.0,0.0,0.0,0.0,0.0,0.0,0.0,2013-12-10 03:00:00,2013-12-13 11:24:00
5648,0.0,0.0,0.0,0.0,0.0,0.0,0.0,0.0,2015-06-03 21:24:00,2015-06-05 05:12:00
2202,0.0,0.0,0.0,0.0,0.0,0.0,0.0,0.0,2012-11-12 19:48:00,2012-11-14 19:24:00
6071,0.0,0.0,0.0,0.0,0.0,0.0,0.0,0.0,2015-11-01 18:24:00,2015-11-07 12:24:00
3037,0.0,0.0,0.0,0.0,0.0,0.0,0.0,0.0,2013-08-01 21:48:00,2013-08-02 20:48:00
25,0.0,0.0,0.0,0.0,0.0,0.0,0.0,0.0,2010-05-19 04:48:00,2010-05-26 00:00:00
4367,0.0,0.0,0.0,0.0,0.0,0.0,0.0,0.0,2014-07-14 14:36:00,2014-07-23 07:12:00
5499,0.0,0.0,0.0,0.0,0.0,0.0,0.0,0.0,2015-04-22 06:24:00,2015-04-25 22:36:00
1606,0.0,0.0,0.0,0.0,0.0,0.0,0.0,0.0,2012-04-22 01:00:00,2012-04-23 20:00:00
2411,6.0,5.0,0.0,0.0,0.0,0.0,0.0,0.0,2013-01-21 09:00:00,2013-01-31 22:36:00
6356,0.0,0.0,1.0,1.0,0.0,0.0,0.0,0.0,2016-02-13 12:48:00,2016-02-16 07:48:00
357,0.0,0.0,0.0,0.0,0.0,0.0,0.0,0.0,2011-01-30 13:36:00,2011-02-02 22:00:00
1794,0.0,0.0,0.0,0.0,0.0,0.0,0.0,0.0,2012-06-22 19:36:00,2012-07-01 05:24:00
5672,0.0,0.0,0.0,0.0,0.0,0.0,0.0,0.0,2015-06-10 18:24:00,2015-06-12 09:12:00
4339,0.0,0.0,0.0,0.0,0.0,0.0,0.0,0.0,2014-07-05 08:12:00,2014-07-06 03:00:00
3025,0.0,0.0,0.0,0.0,0.0,0.0,0.0,0.0,2013-07-29 11:00:00,2013-08-05 05:48:00
1640,0.0,0.0,0.0,0.0,0.0,0.0,0.0,0.0,2012-05-05 14:36:00,2012-05-14 06:48:00
958,0.0,0.0,0.0,0.0,0.0,0.0,0.0,0.0,2011-10-12 06:24:00,2011-10-18 06:12:00
480,12.0,12.0,6.0,5.0,0.0,0.0,0.0,0.0,2011-04-03 19:00:00,2011-04-16 21:36:00
2828,0.0,0.0,0.0,0.0,0.0,0.0,0.0,0.0,2013-06-04 06:12:00,2013-06-04 18:12:00
4128,0.0,0.0,0.0,0.0,0.0,0.0,0.0,0.0,2014-05-11 17:24:00,2014-05-15 23:12:00
5197,0.0,0.0,0.0,0.0,0.0,0.0,0.0,0.0,2015-02-10 14:48:00,2015-02-11 22:48:00
789,0.0,0.0,0.0,0.0,0.0,0.0,0.0,0.0,2011-08-13 05:36:00,2011-08-14 07:36:00
1751,0.0,0.0,0.0,0.0,0.0,0.0,0.0,0.0,2012-06-08 21:24:00,2012-06-17 13:12:00
6021,0.0,0.0,0.0,0.0,0.0,0.0,0.0,0.0,2015-10-14 09:00:00,2015-10-15 13:00:00
2733,0.0,0.0,6.0,5.0,0.0,0.0,0.0,0.0,2013-05-07 18:00:00,2013-05-19 11:12:00
1633,0.0,0.0,1.0,1.0,0.0,0.0,0.0,0.0,2012-05-01 19:12:00,2012-05-02 07:24:00
1862,0.0,0.0,0.0,0.0,0.0,0.0,0.0,0.0,2012-07-11 14:48:00,2012-07-11 16:12:00
2321,0.0,0.0,0.0,0.0,0.0,0.0,0.0,0.0,2012-12-23 15:48:00,2012-12-24 20:00:00
3704,0.0,0.0,0.0,0.0,0.0,0.0,0.0,0.0,2014-02-01 09:36:00,2014-02-03 05:12:00
6215,0.0,0.0,0.0,0.0,0.0,0.0,0.0,0.0,2015-12-24 07:24:00,2015-12-31 04:12:00
5902,0.0,0.0,0.0,0.0,0.0,0.0,0.0,0.0,2015-08-23 17:12:00,2015-08-28 04:12:00
208,0.0,0.0,0.0,0.0,0.0,0.0,0.0,0.0,2010-10-05 05:24:00,2010-10-07 21:00:00
2672,1.0,1.0,0.0,0.0,0.0,0.0,0.0,0.0,2013-04-19 01:24:00,2013-04-29 13:36:00
6675,0.0,0.0,0.0,0.0,0.0,0.0,0.0,0.0,2016-07-12 19:24:00,2016-07-16 03:12:00
7100,19.0,14.0,1.0,1.0,0.0,0.0,0.0,0.0,2017-07-31 23:48:00,2017-08-14 04:36:00
1357,0.0,0.0,0.0,0.0,0.0,0.0,0.0,0.0,2012-01-27 08:24:00,2012-02-03 02:12:00
5321,0.0,0.0,0.0,0.0,0.0,0.0,0.0,0.0,2015-03-10 20:00:00,2015-03-14 06:12:00
5157,0.0,0.0,0.0,0.0,0.0,0.0,0.0,0.0,2015-02-04 02:12:00,2015-02-11 12:24:00
6823,0.0,0.0,0.0,0.0,0.0,0.0,0.0,0.0,2016-10-28 18:36:00,2016-10-31 16:00:00
4242,0.0,0.0,0.0,0.0,0.0,0.0,0.0,0.0,2014-06-12 12:24:00,2014-06-19 11:36:00
5912,0.0,0.0,0.0,0.0,0.0,0.0,0.0,0.0,2015-08-25 14:48:00,2015-09-01 09:12:00
1784,0.0,0.0,0.0,0.0,0.0,0.0,0.0,0.0,2012-06-19 00:48:00,2012-06-22 09:48:00
5721,0.0,0.0,0.0,0.0,0.0,0.0,0.0,0.0,2015-06-28 06:36:00,2015-06-30 08:24:00
195,0.0,0.0,0.0,0.0,0.0,0.0,0.0,0.0,2010-09-26 08:48:00,2010-10-02 20:36:00
6275,0.0,0.0,0.0,0.0,0.0,0.0,0.0,0.0,2016-01-15 08:24:00,2016-01-23 22:00:00
2336,0.0,0.0,0.0,0.0,0.0,0.0,0.0,0.0,2012-12-28 22:12:00,2013-01-01 17:00:00
5403,0.0,0.0,0.0,0.0,0.0,0.0,0.0,0.0,2015-03-29 22:00:00,2015-03-31 21:48:00
4456,0.0,0.0,0.0,0.0,0.0,0.0,0.0,0.0,2014-08-14 00:12:00,2014-08-14 20:48:00
3195,0.0,0.0,0.0,0.0,0.0,0.0,0.0,0.0,2013-09-17 07:48:00,2013-09-23 02:00:00
3045,0.0,0.0,0.0,0.0,0.0,0.0,0.0,0.0,2013-08-04 13:36:00,2013-08-05 23:36:00
313,0.0,0.0,0.0,0.0,0.0,0.0,0.0,0.0,2010-12-21 12:36:00,2010-12-22 06:24:00
5001,0.0,0.0,0.0,0.0,0.0,0.0,0.0,0.0,2014-12-25 20:36:00,2014-12-27 07:24:00
1608,0.0,0.0,0.0,0.0,0.0,0.0,0.0,0.0,2012-04-22 06:24:00,2012-04-23 02:48:00
3694,0.0,0.0,0.0,0.0,0.0,0.0,0.0,0.0,2014-01-29 05:12:00,2014-01-30 10:48:00
3870,0.0,0.0,0.0,0.0,0.0,0.0,0.0,0.0,2014-03-17 04:36:00,2014-03-24 21:48:00
5457,0.0,0.0,0.0,0.0,0.0,0.0,0.0,0.0,2015-04-14 14:12:00,2015-04-14 23:00:00
6836,0.0,0.0,0.0,0.0,0.0,0.0,0.0,0.0,2016-11-05 15:36:00,2016-11-09 14:12:00
5607,0.0,0.0,0.0,0.0,0.0,0.0,0.0,0.0,2015-05-21 15:24:00,2015-05-23 11:24:00
6810,0.0,0.0,0.0,0.0,0.0,0.0,0.0,0.0,2016-10-16 12:12:00,2016-10-24 17:48:00
4655,0.0,2.0,0.0,4.0,0.0,0.0,0.0,0.0,2014-10-03 19:12:00,2014-10-16 11:36:00
6222,0.0,0.0,0.0,0.0,0.0,0.0,0.0,0.0,2015-12-31 10:24:00,2016-01-05 17:12:00
50,0.0,0.0,0.0,0.0,0.0,0.0,0.0,0.0,2010-06-09 14:48:00,2010-06-09 23:00:00
6070,0.0,0.0,0.0,0.0,0.0,0.0,0.0,0.0,2015-11-01 15:48:00,2015-11-05 16:48:00
6050,0.0,0.0,0.0,0.0,0.0,0.0,0.0,0.0,2015-10-21 23:36:00,2015-10-24 19:48:00
1742,0.0,0.0,0.0,0.0,0.0,0.0,0.0,0.0,2012-06-07 00:12:00,2012-06-08 09:00:00
15,0.0,0.0,0.0,0.0,0.0,0.0,0.0,0.0,2010-05-05 13:00:00,2010-05-05 18:48:00
3630,0.0,0.0,0.0,0.0,0.0,0.0,0.0,0.0,2014-01-14 00:12:00,2014-01-14 06:12:00
4878,0.0,0.0,0.0,0.0,0.0,0.0,0.0,0.0,2014-11-26 16:24:00,2014-11-28 14:48:00
6438,0.0,0.0,0.0,0.0,0.0,0.0,0.0,0.0,2016-03-16 05:00:00,2016-03-16 20:00:00
5101,0.0,0.0,0.0,0.0,0.0,0.0,0.0,0.0,2015-01-18 19:36:00,2015-01-19 10:48:00
6006,4.0,4.0,0.0,0.0,0.0,0.0,0.0,0.0,2015-10-08 22:00:00,2015-10-20 00:24:00
2361,0.0,0.0,0.0,0.0,0.0,0.0,0.0,0.0,2013-01-04 03:00:00,2013-01-11 13:48:00
926,0.0,0.0,0.0,0.0,0.0,0.0,0.0,0.0,2011-10-03 15:00:00,2011-10-12 14:00:00
6224,3.0,3.0,0.0,0.0,0.0,0.0,0.0,0.0,2016-01-01 08:12:00,2016-01-10 15:36:00
6813,0.0,0.0,0.0,0.0,0.0,0.0,0.0,0.0,2016-10-17 09:48:00,2016-10-21 01:12:00
429,1.0,1.0,0.0,0.0,0.0,0.0,0.0,0.0,2011-03-15 18:24:00,2011-03-25 15:24:00
3971,0.0,0.0,0.0,0.0,0.0,0.0,0.0,0.0,2014-04-04 08:12:00,2014-04-04 23:24:00
840,0.0,0.0,0.0,0.0,0.0,0.0,0.0,0.0,2011-09-01 23:48:00,2011-09-07 16:48:00
1313,1.0,1.0,0.0,0.0,0.0,0.0,0.0,0.0,2012-01-13 06:24:00,2012-01-23 03:00:00
3719,0.0,0.0,7.0,4.0,0.0,0.0,0.0,0.0,2014-02-04 12:12:00,2014-02-17 09:24:00
131,8.0,8.0,0.0,0.0,0.0,0.0,0.0,0.0,2010-08-10 23:12:00,2010-08-18 16:12:00
5781,0.0,0.0,0.0,0.0,0.0,0.0,0.0,0.0,2015-07-13 07:48:00,2015-07-17 13:36:00
2912,4.0,4.0,1.0,1.0,0.0,0.0,0.0,0.0,2013-06-27 20:12:00,2013-07-05 01:48:00
3386,0.0,0.0,0.0,0.0,0.0,0.0,0.0,0.0,2013-11-14 07:24:00,2013-11-18 16:36:00
7245,0.0,0.0,0.0,0.0,0.0,0.0,0.0,0.0,2018-03-17 04:48:00,2018-03-19 04:24:00
6667,0.0,0.0,0.0,0.0,0.0,0.0,0.0,0.0,2016-07-08 08:00:00,2016-07-10 04:24:00
2268,0.0,0.0,0.0,0.0,0.0,0.0,0.0,0.0,2012-12-06 08:00:00,2012-12-11 05:00:00
7313,0.0,0.0,0.0,0.0,0.0,0.0,0.0,0.0,2018-10-12 15:48:00,2018-10-20 13:12:00
7224,0.0,0.0,0.0,0.0,0.0,0.0,0.0,0.0,2018-01-04 04:24:00,2018-01-08 14:24:00
1269,0.0,0.0,0.0,0.0,0.0,0.0,0.0,0.0,2011-12-29 00:48:00,2011-12-31 07:48:00
4068,0.0,0.0,0.0,0.0,0.0,0.0,0.0,0.0,2014-04-25 13:00:00,2014-04-30 08:12:00
285,4.0,4.0,0.0,0.0,0.0,0.0,0.0,0.0,2010-12-03 23:12:00,2010-12-11 10:24:00
1506,0.0,0.0,0.0,0.0,0.0,0.0,0.0,0.0,2012-03-24 02:12:00,2012-03-27 09:12:00
1424,0.0,0.0,0.0,0.0,0.0,0.0,0.0,0.0,2012-02-24 23:24:00,2012-03-02 16:36:00
4118,0.0,0.0,0.0,0.0,0.0,0.0,0.0,0.0,2014-05-09 07:00:00,2014-05-09 13:48:00
1345,0.0,0.0,0.0,0.0,0.0,0.0,0.0,0.0,2012-01-24 00:24:00,2012-02-05 04:00:00
2287,0.0,0.0,0.0,0.0,0.0,0.0,0.0,0.0,2012-12-10 07:36:00,2012-12-17 08:48:00
2231,0.0,0.0,0.0,0.0,0.0,0.0,0.0,0.0,2012-11-21 05:24:00,2012-11-21 10:24:00
2978,0.0,0.0,0.0,0.0,0.0,0.0,0.0,0.0,2013-07-16 02:48:00,2013-07-17 04:36:00
3915,0.0,0.0,0.0,0.0,0.0,0.0,0.0,0.0,2014-03-25 23:00:00,2014-04-04 12:00:00
290,0.0,0.0,0.0,0.0,0.0,0.0,0.0,0.0,2010-12-06 08:24:00,2010-12-09 21:48:00
6490,0.0,0.0,0.0,0.0,0.0,0.0,0.0,0.0,2016-04-11 18:24:00,2016-04-15 10:48:00
2191,0.0,0.0,20.0,20.0,5.0,5.0,0.0,0.0,2012-11-09 21:48:00,2012-11-22 23:12:00
3619,0.0,0.0,0.0,0.0,0.0,0.0,0.0,0.0,2014-01-10 16:00:00,2014-01-13 09:24:00
315,0.0,0.0,0.0,0.0,0.0,0.0,0.0,0.0,2010-12-22 10:36:00,2010-12-28 20:00:00
4580,1.0,1.0,31.0,26.0,5.0,5.0,0.0,0.0,2014-09-18 12:24:00,2014-10-03 14:36:00
566,0.0,0.0,0.0,0.0,0.0,0.0,0.0,0.0,2011-05-01 06:00:00,2011-05-01 22:12:00
4190,1.0,1.0,1.0,0.0,0.0,0.0,0.0,0.0,2014-05-31 11:36:00,2014-06-13 13:12:00
323,25.0,29.0,0.0,0.0,0.0,0.0,0.0,0.0,2010-12-30 07:00:00,2011-01-12 22:12:00
1024,0.0,0.0,0.0,0.0,0.0,0.0,0.0,0.0,2011-10-31 05:48:00,2011-11-05 14:36:00
4551,0.0,0.0,0.0,0.0,0.0,0.0,0.0,0.0,2014-09-10 04:36:00,2014-09-19 01:24:00
2100,0.0,0.0,0.0,0.0,0.0,0.0,0.0,0.0,2012-10-02 05:36:00,2012-10-03 18:12:00
790,0.0,0.0,0.0,0.0,0.0,0.0,0.0,0.0,2011-08-13 08:12:00,2011-08-19 08:12:00
1120,2.0,2.0,6.0,7.0,0.0,0.0,0.0,0.0,2011-11-27 06:00:00,2011-12-09 15:48:00
903,0.0,0.0,0.0,0.0,0.0,0.0,0.0,0.0,2011-09-25 22:36:00,2011-10-07 16:00:00
4744,0.0,0.0,0.0,0.0,0.0,0.0,0.0,0.0,2014-10-26 11:12:00,2014-10-26 15:24:00
7039,0.0,1.0,0.0,0.0,0.0,0.0,0.0,0.0,2017-06-04 22:36:00,2017-06-06 08:00:00
5602,0.0,0.0,0.0,0.0,0.0,0.0,0.0,0.0,2015-05-20 15:12:00,2015-05-22 18:36:00
5573,0.0,0.0,0.0,0.0,0.0,0.0,0.0,0.0,2015-05-15 10:24:00,2015-05-18 15:48:00
2537,0.0,0.0,0.0,0.0,0.0,0.0,0.0,0.0,2013-03-06 11:00:00,2013-03-09 06:00:00
6556,0.0,0.0,0.0,0.0,0.0,0.0,0.0,0.0,2016-05-13 13:48:00,2016-05-22 18:48:00
1863,0.0,0.0,0.0,0.0,0.0,0.0,0.0,0.0,2012-07-11 23:12:00,2012-07-21 08:12:00
4475,0.0,0.0,0.0,0.0,0.0,0.0,0.0,0.0,2014-08-19 10:48:00,2014-08-20 07:00:00
3168,0.0,0.0,0.0,0.0,0.0,0.0,0.0,0.0,2013-09-09 00:36:00,2013-09-16 14:00:00
421,6.0,7.0,2.0,2.0,0.0,0.0,0.0,0.0,2011-03-11 01:12:00,2011-03-24 18:00:00
3578,0.0,0.0,0.0,0.0,0.0,0.0,0.0,0.0,2014-01-04 01:36:00,2014-01-12 17:48:00
7252,0.0,0.0,0.0,0.0,0.0,0.0,0.0,0.0,2018-04-20 13:12:00,2018-04-21 19:48:00
3330,2.0,2.0,4.0,3.0,0.0,0.0,0.0,0.0,2013-10-29 18:48:00,2013-11-10 23:48:00
2257,0.0,0.0,0.0,0.0,0.0,0.0,0.0,0.0,2012-11-30 23:24:00,2012-12-03 18:24:00
4748,0.0,0.0,0.0,0.0,0.0,0.0,0.0,0.0,2014-10-28 01:00:00,2014-10-31 17:12:00
62,0.0,0.0,0.0,0.0,0.0,0.0,0.0,0.0,2010-06-16 04:48:00,2010-06-21 01:00:00
2942,0.0,0.0,0.0,0.0,0.0,0.0,0.0,0.0,2013-07-06 13:36:00,2013-07-14 01:36:00
2639,0.0,0.0,0.0,0.0,0.0,0.0,0.0,0.0,2013-04-05 11:36:00,2013-04-08 17:24:00
7040,0.0,0.0,0.0,0.0,0.0,0.0,0.0,0.0,2017-06-05 06:00:00,2017-06-11 05:00:00
6375,0.0,1.0,0.0,0.0,0.0,0.0,0.0,0.0,2016-02-20 10:12:00,2016-03-03 10:48:00
6324,2.0,2.0,0.0,0.0,0.0,0.0,0.0,0.0,2016-02-03 19:24:00,2016-02-09 08:00:00
3540,0.0,0.0,0.0,0.0,0.0,0.0,0.0,0.0,2013-12-24 06:24:00,2013-12-31 19:48:00
4205,2.0,2.0,4.0,4.0,0.0,0.0,0.0,0.0,2014-06-03 18:48:00,2014-06-15 12:00:00
1455,0.0,0.0,2.0,3.0,0.0,0.0,0.0,0.0,2012-03-04 11:12:00,2012-03-10 09:24:00
3631,3.0,3.0,2.0,2.0,0.0,0.0,0.0,0.0,2014-01-14 07:12:00,2014-01-28 08:48:00
5892,0.0,0.0,0.0,0.0,0.0,0.0,0.0,0.0,2015-08-21 08:24:00,2015-08-22 02:00:00
6534,0.0,0.0,0.0,0.0,0.0,0.0,0.0,0.0,2016-05-02 06:00:00,2016-05-02 18:48:00
617,0.0,0.0,0.0,0.0,0.0,0.0,0.0,0.0,2011-05-19 14:24:00,2011-05-20 13:12:00
2642,0.0,0.0,0.0,0.0,0.0,0.0,0.0,0.0,2013-04-05 16:12:00,2013-04-13 00:00:00
5032,0.0,0.0,0.0,0.0,0.0,0.0,0.0,0.0,2015-01-05 17:24:00,2015-01-06 10:12:00
1510,0.0,0.0,0.0,0.0,0.0,0.0,0.0,0.0,2012-03-25 22:36:00,2012-03-30 10:48:00
2306,22.0,20.0,9.0,8.0,0.0,0.0,0.0,0.0,2012-12-14 06:48:00,2012-12-27 09:48:00
6689,0.0,0.0,0.0,0.0,0.0,0.0,0.0,0.0,2016-07-29 07:12:00,2016-08-02 10:24:00
5163,0.0,0.0,0.0,0.0,0.0,0.0,0.0,0.0,2015-02-04 21:36:00,2015-02-16 06:36:00
2338,0.0,0.0,0.0,0.0,0.0,0.0,0.0,0.0,2012-12-29 18:36:00,2013-01-08 23:12:00
3574,0.0,0.0,0.0,0.0,0.0,0.0,0.0,0.0,2014-01-03 06:36:00,2014-01-09 05:00:00
6210,0.0,0.0,0.0,0.0,0.0,0.0,0.0,0.0,2015-12-22 09:36:00,2015-12-28 04:36:00
5418,0.0,0.0,0.0,0.0,0.0,0.0,0.0,0.0,2015-04-02 09:48:00,2015-04-06 20:12:00
5019,0.0,0.0,0.0,0.0,0.0,0.0,0.0,0.0,2014-12-30 21:36:00,2015-01-07 04:24:00
7293,0.0,0.0,0.0,0.0,0.0,0.0,0.0,0.0,2018-08-05 12:24:00,2018-08-15 06:36:00
5549,5.0,4.0,1.0,1.0,0.0,0.0,0.0,0.0,2015-05-09 23:12:00,2015-05-23 07:00:00
3286,0.0,0.0,0.0,0.0,0.0,0.0,0.0,0.0,2013-10-14 18:24:00,2013-10-27 05:00:00
4173,0.0,0.0,0.0,0.0,0.0,0.0,0.0,0.0,2014-05-26 05:36:00,2014-06-02 15:48:00
3188,0.0,0.0,0.0,0.0,0.0,0.0,0.0,0.0,2013-09-16 09:00:00,2013-09-27 11:00:00
5930,0.0,0.0,0.0,0.0,0.0,0.0,0.0,0.0,2015-08-29 20:36:00,2015-08-31 16:24:00
3022,1.0,1.0,0.0,0.0,0.0,0.0,0.0,0.0,2013-07-29 03:24:00,2013-08-09 16:00:00
3323,0.0,0.0,0.0,0.0,0.0,0.0,0.0,0.0,2013-10-27 15:48:00,2013-11-04 16:12:00
3004,0.0,0.0,0.0,0.0,0.0,0.0,0.0,0.0,2013-07-23 10:12:00,2013-07-28 12:48:00
7260,1.0,1.0,0.0,0.0,0.0,0.0,0.0,0.0,2018-05-21 00:48:00,2018-05-30 15:48:00
4467,0.0,0.0,0.0,0.0,0.0,0.0,0.0,0.0,2014-08-16 06:48:00,2014-08-16 22:24:00
6981,1.0,1.0,0.0,0.0,0.0,0.0,0.0,0.0,2017-03-31 09:36:00,2017-04-04 09:24:00
1282,0.0,0.0,0.0,0.0,0.0,0.0,0.0,0.0,2012-01-03 01:24:00,2012-01-05 14:36:00
4087,0.0,0.0,0.0,0.0,0.0,0.0,0.0,0.0,2014-05-01 10:24:00,2014-05-02 20:24:00
1632,2.0,2.0,2.0,2.0,0.0,0.0,0.0,0.0,2012-05-01 17:12:00,2012-05-12 23:00:00
660,0.0,0.0,0.0,0.0,0.0,0.0,0.0,0.0,2011-06-08 07:12:00,2011-06-12 18:24:00
1639,0.0,0.0,0.0,0.0,0.0,0.0,0.0,0.0,2012-05-04 20:00:00,2012-05-06 23:00:00
2498,0.0,0.0,0.0,0.0,0.0,0.0,0.0,0.0,2013-02-18 14:00:00,2013-02-20 15:48:00
2968,8.0,8.0,2.0,2.0,0.0,0.0,0.0,0.0,2013-07-13 19:00:00,2013-07-27 07:36:00
6664,0.0,0.0,0.0,0.0,0.0,0.0,0.0,0.0,2016-07-07 11:12:00,2016-07-18 21:36:00
4051,0.0,0.0,0.0,0.0,0.0,0.0,0.0,0.0,2014-04-20 15:36:00,2014-04-26 06:12:00
508,0.0,0.0,0.0,0.0,0.0,0.0,0.0,0.0,2011-04-13 08:48:00,2011-04-22 00:00:00
7222,0.0,0.0,0.0,0.0,0.0,0.0,0.0,0.0,2018-01-02 14:00:00,2018-01-05 21:00:00
129,0.0,0.0,0.0,0.0,0.0,0.0,0.0,0.0,2010-08-09 23:00:00,2010-08-14 07:12:00
316,0.0,0.0,0.0,0.0,0.0,0.0,0.0,0.0,2010-12-24 07:48:00,2010-12-27 01:48:00
1984,0.0,0.0,0.0,0.0,0.0,0.0,0.0,0.0,2012-08-27 12:00:00,2012-09-04 17:12:00
912,0.0,0.0,0.0,0.0,0.0,0.0,0.0,0.0,2011-09-29 19:36:00,2011-09-30 05:48:00
6241,0.0,0.0,0.0,0.0,0.0,0.0,0.0,0.0,2016-01-05 08:48:00,2016-01-05 16:36:00
6815,12.0,12.0,0.0,0.0,0.0,0.0,0.0,0.0,2016-10-19 02:24:00,2016-10-28 22:12:00
2575,0.0,0.0,0.0,0.0,0.0,0.0,0.0,0.0,2013-03-16 13:24:00,2013-03-20 21:24:00
3473,0.0,0.0,23.0,21.0,0.0,0.0,0.0,0.0,2013-12-06 13:24:00,2013-12-20 22:36:00
6336,0.0,0.0,0.0,0.0,0.0,0.0,0.0,0.0,2016-02-06 11:36:00,2016-02-10 20:24:00
1241,0.0,0.0,0.0,0.0,0.0,0.0,0.0,0.0,2011-12-23 14:24:00,2011-12-31 07:48:00
6185,0.0,0.0,0.0,0.0,0.0,0.0,0.0,0.0,2015-12-13 02:24:00,2015-12-13 23:00:00
3730,0.0,0.0,9.0,9.0,1.0,1.0,0.0,0.0,2014-02-07 21:36:00,2014-02-21 11:36:00
5125,0.0,0.0,0.0,0.0,0.0,0.0,0.0,0.0,2015-01-27 01:24:00,2015-02-01 21:36:00
1381,0.0,0.0,0.0,0.0,0.0,0.0,0.0,0.0,2012-02-04 09:24:00,2012-02-05 11:12:00
5849,0.0,0.0,0.0,0.0,0.0,0.0,0.0,0.0,2015-08-03 05:48:00,2015-08-05 13:36:00
5790,0.0,0.0,0.0,0.0,0.0,0.0,0.0,0.0,2015-07-15 00:24:00,2015-07-17 17:48:00
6391,0.0,0.0,0.0,0.0,0.0,0.0,0.0,0.0,2016-02-25 18:48:00,2016-02-28 18:48:00
536,2.0,2.0,0.0,0.0,0.0,0.0,0.0,0.0,2011-04-25 11:00:00,2011-05-02 05:12:00
2085,0.0,0.0,0.0,0.0,0.0,0.0,0.0,0.0,2012-09-28 19:48:00,2012-10-01 04:36:00
4700,0.0,0.0,0.0,0.0,0.0,0.0,0.0,0.0,2014-10-16 15:24:00,2014-10-19 20:12:00
796,0.0,0.0,0.0,0.0,0.0,0.0,0.0,0.0,2011-08-15 01:24:00,2011-08-19 03:12:00
2696,3.0,2.0,23.0,22.0,0.0,0.0,0.0,0.0,2013-04-26 15:36:00,2013-05-12 02:36:00
6196,0.0,0.0,0.0,0.0,0.0,0.0,0.0,0.0,2015-12-16 20:24:00,2015-12-26 11:00:00
1397,0.0,0.0,0.0,0.0,0.0,0.0,0.0,0.0,2012-02-12 03:36:00,2012-02-21 10:36:00
7247,0.0,0.0,0.0,0.0,0.0,0.0,0.0,0.0,2018-04-09 12:12:00,2018-04-10 18:00:00
4378,0.0,0.0,0.0,0.0,0.0,0.0,0.0,0.0,2014-07-20 13:48:00,2014-07-21 00:48:00
7125,0.0,0.0,0.0,0.0,0.0,0.0,0.0,0.0,2017-09-03 09:12:00,2017-09-06 02:12:00
1016,0.0,0.0,0.0,0.0,0.0,0.0,0.0,0.0,2011-10-28 05:48:00,2011-11-06 10:00:00
5112,0.0,0.0,2.0,2.0,0.0,0.0,0.0,0.0,2015-01-24 11:00:00,2015-02-01 15:00:00
268,0.0,1.0,0.0,0.0,0.0,0.0,0.0,0.0,2010-11-22 16:36:00,2010-11-24 08:00:00
6309,0.0,0.0,0.0,0.0,0.0,0.0,0.0,0.0,2016-01-29 06:00:00,2016-02-05 16:00:00
233,0.0,0.0,0.0,0.0,0.0,0.0,0.0,0.0,2010-10-22 16:24:00,2010-10-25 13:12:00
5005,0.0,0.0,1.0,1.0,0.0,0.0,0.0,0.0,2014-12-28 00:12:00,2015-01-05 23:12:00
6058,0.0,0.0,0.0,0.0,0.0,0.0,0.0,0.0,2015-10-27 05:12:00,2015-10-27 17:00:00
4588,0.0,0.0,0.0,0.0,0.0,0.0,0.0,0.0,2014-09-19 04:00:00,2014-09-23 15:48:00
7295,0.0,0.0,0.0,0.0,0.0,0.0,0.0,0.0,2018-08-10 12:48:00,2018-08-11 16:48:00
6857,0.0,0.0,0.0,0.0,0.0,0.0,0.0,0.0,2016-11-18 12:24:00,2016-11-25 12:12:00
5959,0.0,0.0,0.0,0.0,0.0,0.0,0.0,0.0,2015-09-11 18:48:00,2015-09-12 18:48:00
750,15.0,18.0,37.0,37.0,5.0,5.0,0.0,0.0,2011-07-25 21:00:00,2011-08-08 02:36:00
3624,0.0,0.0,0.0,0.0,0.0,0.0,0.0,0.0,2014-01-11 19:36:00,2014-01-13 21:48:00
4318,0.0,0.0,0.0,0.0,0.0,0.0,0.0,0.0,2014-07-01 14:00:00,2014-07-01 21:00:00
5217,0.0,0.0,0.0,0.0,0.0,0.0,0.0,0.0,2015-02-14 16:00:00,2015-02-14 21:12:00
3455,0.0,0.0,0.0,0.0,0.0,0.0,0.0,0.0,2013-12-01 08:12:00,2013-12-01 12:12:00
5028,0.0,0.0,3.0,2.0,0.0,0.0,0.0,0.0,2015-01-04 21:00:00,2015-01-16 05:00:00
5896,0.0,0.0,0.0,0.0,0.0,0.0,0.0,0.0,2015-08-22 14:48:00,2015-08-24 17:12:00
1088,0.0,0.0,0.0,0.0,0.0,0.0,0.0,0.0,2011-11-15 11:12:00,2011-11-20 21:48:00
5108,0.0,0.0,0.0,0.0,0.0,0.0,0.0,0.0,2015-01-21 20:12:00,2015-01-28 17:12:00
4134,0.0,0.0,0.0,0.0,0.0,0.0,0.0,0.0,2014-05-13 17:24:00,2014-05-17 14:12:00
6656,0.0,0.0,0.0,0.0,0.0,0.0,0.0,0.0,2016-07-03 17:36:00,2016-07-05 08:36:00
2292,0.0,1.0,0.0,0.0,0.0,0.0,0.0,0.0,2012-12-11 23:36:00,2012-12-13 08:36:00
4187,0.0,0.0,0.0,0.0,0.0,0.0,0.0,0.0,2014-05-30 08:24:00,2014-05-31 12:12:00
43,1.0,5.0,0.0,0.0,0.0,0.0,0.0,0.0,2010-05-31 04:12:00,2010-06-07 21:36:00
3490,0.0,0.0,0.0,0.0,0.0,0.0,0.0,0.0,2013-12-10 00:24:00,2013-12-15 19:24:00
6022,0.0,0.0,0.0,0.0,0.0,0.0,0.0,0.0,2015-10-14 17:00:00,2015-10-17 22:36:00
6470,0.0,0.0,0.0,0.0,0.0,0.0,0.0,0.0,2016-04-01 06:48:00,2016-04-06 13:12:00
1939,0.0,0.0,0.0,0.0,0.0,0.0,0.0,0.0,2012-08-10 21:00:00,2012-08-15 10:00:00
6973,0.0,0.0,0.0,0.0,0.0,0.0,0.0,0.0,2017-03-25 19:00:00,2017-03-27 17:24:00
344,0.0,0.0,0.0,0.0,0.0,0.0,0.0,0.0,2011-01-12 20:48:00,2011-01-17 16:12:00
53,0.0,0.0,0.0,0.0,0.0,0.0,0.0,0.0,2010-06-10 03:12:00,2010-06-10 11:36:00
793,0.0,0.0,0.0,0.0,0.0,0.0,0.0,0.0,2011-08-14 20:12:00,2011-08-15 16:36:00
725,14.0,15.0,1.0,1.0,0.0,0.0,0.0,0.0,2011-07-13 07:24:00,2011-07-25 19:48:00
1478,1.0,0.0,0.0,0.0,0.0,0.0,0.0,0.0,2012-03-15 10:12:00,2012-03-25 05:12:00
3250,0.0,0.0,0.0,0.0,0.0,0.0,0.0,0.0,2013-10-02 14:24:00,2013-10-08 05:48:00
2117,0.0,0.0,7.0,7.0,0.0,0.0,0.0,0.0,2012-10-16 16:36:00,2012-10-27 11:12:00
3014,0.0,0.0,0.0,0.0,0.0,0.0,0.0,0.0,2013-07-26 11:24:00,2013-07-28 08:00:00
6411,0.0,0.0,0.0,0.0,0.0,0.0,0.0,0.0,2016-03-04 11:48:00,2016-03-08 03:48:00
6248,0.0,0.0,0.0,0.0,0.0,0.0,0.0,0.0,2016-01-07 10:36:00,2016-01-15 15:24:00
274,28.0,32.0,1.0,1.0,0.0,0.0,0.0,0.0,2010-11-27 15:12:00,2010-12-05 12:24:00
2778,0.0,0.0,0.0,0.0,0.0,0.0,0.0,0.0,2013-05-24 07:36:00,2013-05-24 20:00:00
4840,0.0,0.0,0.0,0.0,0.0,0.0,0.0,0.0,2014-11-15 11:48:00,2014-11-16 12:36:00
572,0.0,0.0,0.0,0.0,0.0,0.0,0.0,0.0,2011-05-02 16:48:00,2011-05-05 17:12:00
6975,42.0,40.0,31.0,28.0,0.0,0.0,0.0,0.0,2017-03-27 03:12:00,2017-04-08 05:00:00
2630,0.0,0.0,0.0,0.0,0.0,0.0,0.0,0.0,2013-04-03 13:00:00,2013-04-07 20:24:00
554,0.0,0.0,0.0,0.0,0.0,0.0,0.0,0.0,2011-04-27 19:24:00,2011-05-04 22:36:00
1628,0.0,1.0,0.0,0.0,0.0,0.0,0.0,0.0,2012-04-29 04:12:00,2012-05-08 00:36:00
5509,0.0,0.0,0.0,0.0,0.0,0.0,0.0,0.0,2015-04-24 20:36:00,2015-04-26 16:24:00
2849,0.0,0.0,0.0,0.0,0.0,0.0,0.0,0.0,2013-06-11 10:48:00,2013-06-16 07:24:00
3703,0.0,0.0,1.0,1.0,0.0,0.0,0.0,0.0,2014-02-01 07:36:00,2014-02-12 20:48:00
4941,0.0,0.0,20.0,20.0,5.0,5.0,0.0,0.0,2014-12-12 21:00:00,2014-12-25 22:48:00
5444,0.0,0.0,0.0,0.0,0.0,0.0,0.0,0.0,2015-04-08 08:12:00,2015-04-11 16:36:00
6722,0.0,0.0,0.0,0.0,0.0,0.0,0.0,0.0,2016-08-24 13:48:00,2016-09-03 20:00:00
104,11.0,14.0,1.0,1.0,0.0,0.0,0.0,0.0,2010-07-27 19:36:00,2010-08-10 04:24:00
474,0.0,0.0,0.0,0.0,0.0,0.0,0.0,0.0,2011-04-01 18:12:00,2011-04-05 18:48:00
58,0.0,0.0,0.0,0.0,0.0,0.0,0.0,0.0,2010-06-14 19:12:00,2010-06-21 20:00:00
767,0.0,0.0,0.0,0.0,0.0,0.0,0.0,0.0,2011-08-05 10:00:00,2011-08-11 20:12:00
5338,0.0,0.0,0.0,0.0,0.0,0.0,0.0,0.0,2015-03-15 11:36:00,2015-03-17 06:24:00
2318,0.0,0.0,0.0,0.0,0.0,0.0,0.0,0.0,2012-12-20 02:12:00,2012-12-21 06:36:00
6230,0.0,1.0,0.0,0.0,0.0,0.0,0.0,0.0,2016-01-03 01:24:00,2016-01-13 13:36:00
2916,0.0,0.0,0.0,0.0,0.0,0.0,0.0,0.0,2013-06-30 02:24:00,2013-07-02 09:48:00
7316,0.0,0.0,0.0,0.0,0.0,0.0,0.0,0.0,2018-10-14 19:12:00,2018-10-20 20:24:00
6084,1.0,0.0,2.0,0.0,0.0,0.0,0.0,0.0,2015-11-09 11:24:00,2015-11-19 23:00:00
824,4.0,4.0,4.0,3.0,0.0,0.0,0.0,0.0,2011-08-27 14:36:00,2011-09-08 05:36:00
3919,0.0,0.0,0.0,0.0,0.0,0.0,0.0,0.0,2014-03-26 08:36:00,2014-03-26 11:48:00
2232,0.0,0.0,0.0,0.0,0.0,0.0,0.0,0.0,2012-11-21 23:12:00,2012-11-28 04:24:00
5172,0.0,0.0,0.0,0.0,0.0,0.0,0.0,0.0,2015-02-05 18:24:00,2015-02-15 02:48:00
7169,1.0,0.0,0.0,0.0,1.0,0.0,0.0,0.0,2017-10-20 22:48:00,2017-11-01 09:48:00
869,0.0,0.0,12.0,14.0,0.0,0.0,0.0,0.0,2011-09-13 16:48:00,2011-09-17 21:00:00
1480,0.0,0.0,0.0,0.0,0.0,0.0,0.0,0.0,2012-03-16 15:48:00,2012-03-21 15:36:00
5949,0.0,0.0,0.0,0.0,0.0,0.0,0.0,0.0,2015-09-07 12:12:00,2015-09-13 18:12:00
2999,2.0,2.0,1.0,1.0,0.0,0.0,0.0,0.0,2013-07-22 16:36:00,2013-08-04 23:36:00
2341,1.0,1.0,0.0,0.0,0.0,0.0,0.0,0.0,2012-12-30 21:12:00,2013-01-13 14:24:00
4754,0.0,0.0,0.0,0.0,0.0,0.0,0.0,0.0,2014-10-28 15:48:00,2014-10-29 02:24:00
6593,0.0,0.0,0.0,0.0,0.0,0.0,0.0,0.0,2016-05-30 09:00:00,2016-06-06 09:00:00
6902,0.0,5.0,0.0,0.0,0.0,0.0,0.0,0.0,2016-12-31 21:48:00,2017-01-11 12:36:00
893,0.0,0.0,0.0,0.0,0.0,0.0,0.0,0.0,2011-09-22 10:48:00,2011-09-30 16:00:00
3474,0.0,0.0,2.0,1.0,0.0,0.0,0.0,0.0,2013-12-07 05:00:00,2013-12-18 04:24:00
186,0.0,0.0,0.0,0.0,0.0,0.0,0.0,0.0,2010-09-18 14:12:00,2010-09-19 19:24:00
6399,9.0,9.0,0.0,0.0,0.0,0.0,0.0,0.0,2016-03-01 00:24:00,2016-03-11 00:48:00
2954,0.0,0.0,1.0,1.0,0.0,0.0,0.0,0.0,2013-07-10 22:12:00,2013-07-22 00:48:00
1175,0.0,0.0,0.0,0.0,0.0,0.0,0.0,0.0,2011-12-08 12:00:00,2011-12-12 11:00:00
7170,0.0,0.0,0.0,0.0,0.0,0.0,0.0,0.0,2017-10-21 10:00:00,2017-10-22 01:00:00
2944,0.0,0.0,0.0,0.0,0.0,0.0,0.0,0.0,2013-07-06 17:48:00,2013-07-09 13:48:00
2448,0.0,0.0,0.0,0.0,0.0,0.0,0.0,0.0,2013-02-02 19:12:00,2013-02-06 22:24:00
6318,0.0,0.0,0.0,0.0,0.0,0.0,0.0,0.0,2016-02-02 07:48:00,2016-02-05 06:48:00
6225,0.0,0.0,0.0,0.0,0.0,0.0,0.0,0.0,2016-01-01 20:48:00,2016-01-08 16:48:00
2748,1.0,1.0,21.0,20.0,3.0,3.0,3.0,3.0,2013-05-13 05:36:00,2013-05-26 03:00:00
2543,4.0,5.0,18.0,17.0,0.0,0.0,0.0,0.0,2013-03-08 02:24:00,2013-03-20 09:48:00
3897,0.0,0.0,0.0,0.0,0.0,0.0,0.0,0.0,2014-03-22 07:36:00,2014-03-26 16:12:00
470,0.0,0.0,0.0,0.0,0.0,0.0,0.0,0.0,2011-03-31 05:36:00,2011-03-31 17:48:00
5323,0.0,0.0,0.0,0.0,0.0,0.0,0.0,0.0,2015-03-11 00:12:00,2015-03-19 09:36:00
676,1.0,1.0,0.0,0.0,0.0,0.0,0.0,0.0,2011-06-18 08:48:00,2011-06-28 01:36:00
1651,0.0,0.0,0.0,0.0,0.0,0.0,0.0,0.0,2012-05-09 16:36:00,2012-05-15 00:00:00
2299,0.0,0.0,0.0,0.0,0.0,0.0,0.0,0.0,2012-12-12 14:12:00,2012-12-13 01:24:00
5013,0.0,0.0,0.0,0.0,0.0,0.0,0.0,0.0,2014-12-30 03:36:00,2014-12-30 23:24:00
124,0.0,0.0,0.0,0.0,0.0,0.0,0.0,0.0,2010-08-07 10:36:00,2010-08-16 16:48:00
1039,0.0,0.0,0.0,0.0,0.0,0.0,0.0,0.0,2011-11-04 07:12:00,2011-11-04 19:12:00
6847,0.0,0.0,0.0,0.0,0.0,0.0,0.0,0.0,2016-11-16 10:24:00,2016-11-23 12:12:00
5387,0.0,0.0,0.0,0.0,0.0,0.0,0.0,0.0,2015-03-25 21:36:00,2015-04-06 07:36:00
2450,5.0,4.0,4.0,4.0,0.0,0.0,0.0,0.0,2013-02-03 08:24:00,2013-02-16 00:48:00
1350,14.0,17.0,8.0,8.0,1.0,1.0,0.0,0.0,2012-01-26 03:00:00,2012-02-08 14:48:00
347,0.0,0.0,0.0,0.0,0.0,0.0,0.0,0.0,2011-01-17 02:00:00,2011-01-21 09:48:00
4161,0.0,0.0,0.0,0.0,0.0,0.0,0.0,0.0,2014-05-22 13:00:00,2014-05-24 10:36:00
5768,0.0,0.0,0.0,0.0,0.0,0.0,0.0,0.0,2015-07-10 01:24:00,2015-07-11 07:36:00
2837,0.0,0.0,0.0,0.0,0.0,0.0,0.0,0.0,2013-06-06 08:48:00,2013-06-11 21:24:00
605,0.0,0.0,0.0,0.0,0.0,0.0,0.0,0.0,2011-05-15 11:12:00,2011-05-28 17:00:00
2821,0.0,0.0,0.0,0.0,0.0,0.0,0.0,0.0,2013-06-01 09:48:00,2013-06-10 00:00:00
982,0.0,0.0,0.0,0.0,0.0,0.0,0.0,0.0,2011-10-19 00:00:00,2011-10-28 16:36:00
560,0.0,0.0,0.0,0.0,0.0,0.0,0.0,0.0,2011-04-29 00:12:00,2011-04-30 06:00:00
5557,0.0,0.0,0.0,0.0,0.0,0.0,0.0,0.0,2015-05-12 14:24:00,2015-05-21 22:24:00
6710,0.0,0.0,0.0,0.0,0.0,0.0,0.0,0.0,2016-08-14 10:48:00,2016-08-14 14:24:00
2780,0.0,0.0,0.0,0.0,0.0,0.0,0.0,0.0,2013-05-24 18:48:00,2013-05-25 08:24:00
897,0.0,0.0,0.0,0.0,0.0,0.0,0.0,0.0,2011-09-23 08:36:00,2011-09-29 02:36:00
7194,0.0,0.0,0.0,0.0,0.0,0.0,0.0,0.0,2017-11-20 16:00:00,2017-11-27 12:48:00
1574,8.0,8.0,7.0,7.0,0.0,0.0,0.0,0.0,2012-04-14 07:00:00,2012-04-27 21:36:00
5115,0.0,0.0,0.0,0.0,0.0,0.0,0.0,0.0,2015-01-25 10:00:00,2015-01-26 08:12:00
1948,0.0,0.0,0.0,0.0,0.0,0.0,0.0,0.0,2012-08-18 14:00:00,2012-08-21 05:00:00
256,7.0,7.0,0.0,0.0,0.0,0.0,0.0,0.0,2010-11-12 02:24:00,2010-11-24 01:24:00
4432,0.0,0.0,0.0,0.0,0.0,0.0,0.0,0.0,2014-08-03 12:00:00,2014-08-10 21:12:00
367,2.0,0.0,0.0,0.0,0.0,0.0,0.0,0.0,2011-02-08 04:00:00,2011-02-16 15:36:00
684,11.0,15.0,1.0,1.0,0.0,0.0,0.0,0.0,2011-06-26 21:12:00,2011-07-07 17:00:00
6151,0.0,0.0,0.0,0.0,0.0,0.0,0.0,0.0,2015-12-01 14:36:00,2015-12-05 20:36:00
2097,0.0,0.0,0.0,0.0,0.0,0.0,0.0,0.0,2012-10-01 15:12:00,2012-10-02 18:36:00
6592,0.0,0.0,0.0,0.0,0.0,0.0,0.0,0.0,2016-05-30 03:24:00,2016-06-03 02:48:00
2801,0.0,0.0,0.0,0.0,0.0,0.0,0.0,0.0,2013-05-28 07:48:00,2013-05-31 17:36:00
6842,0.0,0.0,0.0,0.0,0.0,0.0,0.0,0.0,2016-11-12 15:00:00,2016-11-17 03:48:00
4105,0.0,0.0,0.0,0.0,0.0,0.0,0.0,0.0,2014-05-05 12:36:00,2014-05-05 23:24:00
6481,0.0,0.0,0.0,0.0,0.0,0.0,0.0,0.0,2016-04-06 16:48:00,2016-04-14 14:24:00
2177,2.0,0.0,1.0,1.0,0.0,0.0,0.0,0.0,2012-11-04 10:12:00,2012-11-14 03:24:00
4711,0.0,0.0,1.0,0.0,0.0,0.0,0.0,0.0,2014-10-17 18:24:00,2014-10-27 04:12:00
6394,0.0,0.0,0.0,0.0,0.0,0.0,0.0,0.0,2016-02-27 16:00:00,2016-03-05 23:12:00
1698,0.0,0.0,0.0,0.0,0.0,0.0,0.0,0.0,2012-05-22 14:48:00,2012-05-26 16:00:00
3095,0.0,0.0,0.0,0.0,0.0,0.0,0.0,0.0,2013-08-17 05:36:00,2013-08-19 15:00:00
1292,0.0,0.0,0.0,0.0,0.0,0.0,0.0,0.0,2012-01-05 14:36:00,2012-01-06 20:24:00
4025,0.0,0.0,2.0,2.0,0.0,0.0,0.0,0.0,2014-04-15 17:36:00,2014-04-28 12:12:00
5279,0.0,0.0,0.0,0.0,0.0,0.0,0.0,0.0,2015-03-03 12:36:00,2015-03-04 00:12:00
1987,0.0,0.0,0.0,0.0,0.0,0.0,0.0,0.0,2012-08-28 05:00:00,2012-08-29 11:36:00
1807,6.0,6.0,83.0,83.0,30.0,29.0,1.0,1.0,2012-06-26 04:00:00,2012-07-10 03:12:00
597,1.0,1.0,0.0,0.0,0.0,0.0,0.0,0.0,2011-05-11 23:12:00,2011-05-15 08:12:00
2153,0.0,0.0,0.0,0.0,0.0,0.0,0.0,0.0,2012-10-25 22:00:00,2012-10-29 02:00:00
2061,0.0,0.0,4.0,2.0,0.0,0.0,0.0,0.0,2012-09-24 11:48:00,2012-10-05 17:00:00
7163,0.0,0.0,0.0,0.0,0.0,0.0,0.0,0.0,2017-10-12 22:36:00,2017-10-18 09:36:00
2291,11.0,11.0,8.0,8.0,0.0,0.0,0.0,0.0,2012-12-11 19:24:00,2012-12-19 03:00:00
847,3.0,4.0,3.0,3.0,0.0,0.0,0.0,0.0,2011-09-05 21:00:00,2011-09-20 02:00:00
4042,3.0,2.0,4.0,2.0,0.0,0.0,0.0,0.0,2014-04-18 21:36:00,2014-05-02 19:12:00
6691,0.0,0.0,0.0,0.0,0.0,0.0,0.0,0.0,2016-08-01 06:12:00,2016-08-01 09:48:00
1420,0.0,0.0,0.0,0.0,0.0,0.0,0.0,0.0,2012-02-21 15:12:00,2012-02-28 05:48:00
305,0.0,0.0,0.0,0.0,0.0,0.0,0.0,0.0,2010-12-16 08:48:00,2010-12-24 07:00:00
986,0.0,0.0,0.0,0.0,0.0,0.0,0.0,0.0,2011-10-19 16:12:00,2011-10-22 08:00:00
5907,0.0,0.0,0.0,0.0,0.0,0.0,0.0,0.0,2015-08-24 18:48:00,2015-08-25 17:24:00
4424,2.0,2.0,3.0,3.0,0.0,0.0,0.0,0.0,2014-08-01 10:12:00,2014-08-15 11:00:00
1690,0.0,0.0,0.0,0.0,0.0,0.0,0.0,0.0,2012-05-20 20:24:00,2012-05-30 02:24:00
5927,0.0,0.0,0.0,0.0,0.0,0.0,0.0,0.0,2015-08-29 13:36:00,2015-09-09 09:24:00
561,0.0,0.0,0.0,0.0,0.0,0.0,0.0,0.0,2011-04-29 11:24:00,2011-04-29 22:12:00
3160,0.0,0.0,0.0,0.0,0.0,0.0,0.0,0.0,2013-09-06 13:48:00,2013-09-14 13:24:00
6961,23.0,20.0,0.0,0.0,0.0,0.0,0.0,0.0,2017-02-27 02:12:00,2017-03-08 19:24:00
3987,0.0,0.0,0.0,0.0,0.0,0.0,0.0,0.0,2014-04-07 18:12:00,2014-04-12 11:48:00
1624,0.0,0.0,0.0,0.0,0.0,0.0,0.0,0.0,2012-04-28 05:48:00,2012-04-28 12:00:00
4780,0.0,0.0,0.0,0.0,0.0,0.0,0.0,0.0,2014-11-03 07:48:00,2014-11-03 17:24:00
6117,0.0,0.0,0.0,0.0,0.0,0.0,0.0,0.0,2015-11-16 23:12:00,2015-11-24 14:48:00
3183,0.0,0.0,0.0,0.0,0.0,0.0,0.0,0.0,2013-09-11 10:00:00,2013-09-18 12:00:00
1820,0.0,0.0,0.0,0.0,0.0,0.0,0.0,0.0,2012-06-30 11:24:00,2012-07-05 17:36:00
4396,5.0,5.0,35.0,35.0,3.0,3.0,0.0,0.0,2014-07-27 01:00:00,2014-08-12 03:12:00
105,0.0,1.0,0.0,0.0,0.0,0.0,0.0,0.0,2010-07-27 22:12:00,2010-08-03 15:36:00
5772,2.0,2.0,0.0,0.0,0.0,0.0,0.0,0.0,2015-07-11 21:12:00,2015-07-24 20:12:00
4469,3.0,2.0,1.0,1.0,0.0,0.0,0.0,0.0,2014-08-17 04:48:00,2014-08-28 13:00:00
865,0.0,0.0,0.0,0.0,0.0,0.0,0.0,0.0,2011-09-13 09:00:00,2011-09-13 20:24:00
5173,0.0,0.0,0.0,0.0,0.0,0.0,0.0,0.0,2015-02-05 20:12:00,2015-02-09 10:24:00
2303,0.0,0.0,0.0,0.0,0.0,0.0,0.0,0.0,2012-12-13 19:12:00,2012-12-19 09:12:00
2738,0.0,0.0,0.0,0.0,0.0,0.0,0.0,0.0,2013-05-10 03:36:00,2013-05-13 23:12:00
2790,11.0,10.0,6.0,6.0,2.0,2.0,0.0,0.0,2013-05-26 02:00:00,2013-06-08 10:36:00
1144,0.0,0.0,0.0,0.0,0.0,0.0,0.0,0.0,2011-12-02 21:24:00,2011-12-03 01:36:00
6955,0.0,0.0,0.0,0.0,0.0,0.0,0.0,0.0,2017-02-23 03:24:00,2017-03-01 17:36:00
6798,0.0,0.0,0.0,0.0,0.0,0.0,0.0,0.0,2016-10-05 22:12:00,2016-10-19 03:36:00
4635,0.0,0.0,0.0,0.0,0.0,0.0,0.0,0.0,2014-09-29 23:36:00,2014-10-02 07:00:00
2173,0.0,0.0,1.0,1.0,0.0,0.0,0.0,0.0,2012-11-01 22:24:00,2012-11-12 02:36:00
1669,1.0,1.0,0.0,0.0,0.0,0.0,0.0,0.0,2012-05-15 01:36:00,2012-05-24 23:48:00
3312,0.0,0.0,1.0,1.0,0.0,0.0,0.0,0.0,2013-10-24 06:12:00,2013-10-26 08:48:00
1012,0.0,0.0,0.0,0.0,0.0,0.0,0.0,0.0,2011-10-27 00:36:00,2011-11-02 21:24:00
1600,0.0,0.0,0.0,0.0,0.0,0.0,0.0,0.0,2012-04-20 16:12:00,2012-04-30 10:48:00
2913,0.0,0.0,0.0,0.0,0.0,0.0,0.0,0.0,2013-06-28 08:48:00,2013-06-29 22:24:00
87,0.0,0.0,0.0,0.0,0.0,0.0,0.0,0.0,2010-07-08 12:36:00,2010-07-10 05:48:00
147,0.0,3.0,0.0,0.0,0.0,0.0,0.0,0.0,2010-08-24 22:12:00,2010-09-04 16:12:00
5214,0.0,0.0,0.0,0.0,0.0,0.0,0.0,0.0,2015-02-13 07:48:00,2015-02-15 18:48:00
3331,0.0,0.0,0.0,0.0,0.0,0.0,0.0,0.0,2013-10-29 19:12:00,2013-11-02 13:12:00
2683,0.0,0.0,0.0,0.0,0.0,0.0,0.0,0.0,2013-04-21 13:00:00,2013-04-28 06:48:00
32,0.0,0.0,0.0,0.0,0.0,0.0,0.0,0.0,2010-05-23 01:24:00,2010-05-29 13:48:00
1431,0.0,0.0,0.0,0.0,0.0,0.0,0.0,0.0,2012-02-24 23:24:00,2012-02-29 09:12:00
6073,0.0,0.0,0.0,0.0,0.0,0.0,0.0,0.0,2015-11-03 04:48:00,2015-11-05 19:00:00
3483,0.0,0.0,11.0,11.0,0.0,0.0,0.0,0.0,2013-12-08 20:36:00,2013-12-22 10:36:00
4436,0.0,0.0,0.0,0.0,0.0,0.0,0.0,0.0,2014-08-04 07:00:00,2014-08-10 11:48:00
6860,0.0,0.0,0.0,0.0,0.0,0.0,0.0,0.0,2016-11-20 05:48:00,2016-11-21 13:24:00
6211,0.0,0.0,0.0,0.0,0.0,0.0,0.0,0.0,2015-12-22 11:00:00,2015-12-27 08:48:00
6492,1.0,1.0,0.0,0.0,0.0,0.0,0.0,0.0,2016-04-12 18:00:00,2016-04-22 23:12:00
4606,0.0,0.0,0.0,0.0,0.0,0.0,0.0,0.0,2014-09-24 03:48:00,2014-09-27 17:36:00
745,0.0,0.0,0.0,0.0,0.0,0.0,0.0,0.0,2011-07-22 21:36:00,2011-07-30 15:24:00
3595,0.0,0.0,0.0,0.0,0.0,0.0,0.0,0.0,2014-01-07 03:24:00,2014-01-15 16:12:00
2276,0.0,0.0,0.0,0.0,0.0,0.0,0.0,0.0,2012-12-08 04:12:00,2012-12-09 04:12:00
2118,0.0,0.0,0.0,0.0,0.0,0.0,0.0,0.0,2012-10-16 16:36:00,2012-10-23 12:24:00
2294,0.0,0.0,0.0,0.0,0.0,0.0,0.0,0.0,2012-12-12 03:36:00,2012-12-16 17:12:00
2176,1.0,1.0,0.0,0.0,0.0,0.0,0.0,0.0,2012-11-04 05:12:00,2012-11-11 10:24:00
5057,0.0,0.0,0.0,0.0,0.0,0.0,0.0,0.0,2015-01-09 18:00:00,2015-01-10 03:24:00
542,0.0,0.0,0.0,0.0,0.0,0.0,0.0,0.0,2011-04-25 14:36:00,2011-05-01 11:36:00
431,0.0,0.0,0.0,0.0,0.0,0.0,0.0,0.0,2011-03-16 20:00:00,2011-03-21 10:36:00
1834,0.0,0.0,50.0,53.0,8.0,7.0,1.0,1.0,2012-07-04 03:24:00,2012-07-19 07:12:00
4609,0.0,0.0,0.0,0.0,0.0,0.0,0.0,0.0,2014-09-25 05:12:00,2014-10-04 00:36:00
4097,2.0,2.0,29.0,28.0,2.0,2.0,0.0,0.0,2014-05-04 13:24:00,2014-05-18 23:36:00
2656,0.0,0.0,0.0,0.0,0.0,0.0,0.0,0.0,2013-04-11 09:36:00,2013-04-18 23:00:00
2362,2.0,2.0,16.0,17.0,3.0,3.0,0.0,0.0,2013-01-05 02:48:00,2013-01-18 03:00:00
81,0.0,0.0,0.0,0.0,0.0,0.0,0.0,0.0,2010-07-03 11:00:00,2010-07-06 07:36:00
1465,5.0,5.0,1.0,1.0,0.0,0.0,0.0,0.0,2012-03-10 05:00:00,2012-03-22 21:24:00
5296,0.0,0.0,0.0,0.0,0.0,0.0,0.0,0.0,2015-03-05 11:12:00,2015-03-06 18:36:00
925,0.0,0.0,0.0,1.0,0.0,0.0,0.0,0.0,2011-10-03 05:48:00,2011-10-13 11:12:00
1486,0.0,0.0,0.0,0.0,0.0,0.0,0.0,0.0,2012-03-19 10:24:00,2012-03-19 17:48:00
4084,0.0,0.0,0.0,0.0,0.0,0.0,0.0,0.0,2014-04-28 13:24:00,2014-05-05 06:12:00
1619,0.0,0.0,0.0,0.0,0.0,0.0,0.0,0.0,2012-04-26 22:36:00,2012-05-02 17:24:00
3236,0.0,0.0,0.0,0.0,0.0,0.0,0.0,0.0,2013-09-26 20:48:00,2013-09-29 05:36:00
4156,6.0,5.0,7.0,7.0,0.0,0.0,0.0,0.0,2014-05-19 12:48:00,2014-06-01 14:12:00
3980,0.0,0.0,0.0,0.0,0.0,0.0,0.0,0.0,2014-04-06 03:36:00,2014-04-08 23:00:00
2888,0.0,0.0,0.0,0.0,0.0,0.0,0.0,0.0,2013-06-22 05:24:00,2013-06-30 02:48:00
2491,7.0,7.0,4.0,4.0,1.0,1.0,0.0,0.0,2013-02-15 05:12:00,2013-02-25 11:24:00
6398,9.0,8.0,1.0,1.0,0.0,0.0,0.0,0.0,2016-02-29 21:48:00,2016-03-12 23:00:00
3041,0.0,0.0,0.0,0.0,0.0,0.0,0.0,0.0,2013-08-03 05:12:00,2013-08-11 14:24:00
3672,0.0,0.0,0.0,0.0,0.0,0.0,0.0,0.0,2014-01-21 12:48:00,2014-01-21 16:48:00
6161,0.0,0.0,0.0,0.0,0.0,0.0,0.0,0.0,2015-12-04 06:00:00,2015-12-12 07:00:00
92,34.0,41.0,3.0,3.0,0.0,0.0,0.0,0.0,2010-07-18 23:24:00,2010-07-31 22:36:00
6533,0.0,0.0,0.0,0.0,0.0,0.0,0.0,0.0,2016-05-01 20:12:00,2016-05-02 17:36:00
973,0.0,0.0,0.0,0.0,0.0,0.0,0.0,0.0,2011-10-16 10:00:00,2011-10-18 11:36:00
1548,0.0,0.0,0.0,0.0,0.0,0.0,0.0,0.0,2012-04-07 13:00:00,2012-04-14 20:00:00
2952,3.0,3.0,7.0,6.0,0.0,0.0,0.0,0.0,2013-07-10 09:36:00,2013-07-22 00:00:00
2427,0.0,0.0,0.0,0.0,0.0,0.0,0.0,0.0,2013-01-26 23:24:00,2013-02-02 13:36:00
567,0.0,0.0,0.0,0.0,0.0,0.0,0.0,0.0,2011-05-01 15:48:00,2011-05-02 19:48:00
652,0.0,0.0,0.0,0.0,0.0,0.0,0.0,0.0,2011-06-01 12:24:00,2011-06-11 07:12:00
2844,0.0,0.0,0.0,0.0,0.0,0.0,0.0,0.0,2013-06-09 17:36:00,2013-06-17 11:24:00
2452,0.0,0.0,0.0,0.0,0.0,0.0,0.0,0.0,2013-02-03 15:36:00,2013-02-14 00:24:00
1278,2.0,4.0,6.0,6.0,0.0,0.0,0.0,0.0,2012-01-02 04:48:00,2012-01-15 11:24:00
7193,0.0,0.0,0.0,0.0,0.0,0.0,0.0,0.0,2017-11-20 13:12:00,2017-11-27 11:36:00
6273,3.0,3.0,0.0,0.0,0.0,0.0,0.0,0.0,2016-01-13 21:00:00,2016-01-24 05:36:00
320,0.0,0.0,0.0,0.0,0.0,0.0,0.0,0.0,2010-12-27 17:24:00,2011-01-02 14:36:00
6474,0.0,0.0,0.0,0.0,0.0,0.0,0.0,0.0,2016-04-02 13:36:00,2016-04-09 08:12:00
6986,32.0,32.0,2.0,2.0,0.0,0.0,0.0,0.0,2017-04-17 19:24:00,2017-04-30 22:12:00
743,0.0,0.0,0.0,0.0,0.0,0.0,0.0,0.0,2011-07-19 21:36:00,2011-07-20 04:12:00
3291,2.0,2.0,62.0,62.0,12.0,12.0,2.0,2.0,2013-10-16 15:48:00,2013-10-30 01:12:00
3082,0.0,0.0,1.0,0.0,0.0,0.0,0.0,0.0,2013-08-14 20:36:00,2013-08-27 15:48:00
19,0.0,0.0,0.0,0.0,0.0,0.0,0.0,0.0,2010-05-12 12:24:00,2010-05-15 06:48:00
355,24.0,24.0,0.0,0.0,0.0,0.0,0.0,0.0,2011-01-27 23:24:00,2011-02-08 04:24:00
1618,0.0,0.0,0.0,0.0,0.0,0.0,0.0,0.0,2012-04-26 12:48:00,2012-04-28 05:48:00
368,0.0,0.0,0.0,0.0,0.0,0.0,0.0,0.0,2011-02-08 06:00:00,2011-02-09 13:12:00
5533,0.0,0.0,0.0,0.0,0.0,0.0,0.0,0.0,2015-05-02 06:24:00,2015-05-02 18:24:00
6227,1.0,1.0,0.0,0.0,0.0,0.0,0.0,0.0,2016-01-02 15:12:00,2016-01-11 07:36:00
4060,0.0,0.0,0.0,0.0,0.0,0.0,0.0,0.0,2014-04-23 12:24:00,2014-04-25 17:36:00
6759,10.0,9.0,0.0,0.0,0.0,0.0,0.0,0.0,2016-09-14 16:24:00,2016-09-26 02:48:00
6537,10.0,10.0,2.0,2.0,0.0,0.0,0.0,0.0,2016-05-03 19:00:00,2016-05-16 20:12:00
3727,0.0,0.0,0.0,0.0,0.0,0.0,0.0,0.0,2014-02-06 00:00:00,2014-02-13 15:24:00
5770,0.0,0.0,0.0,0.0,0.0,0.0,0.0,0.0,2015-07-10 20:36:00,2015-07-13 10:36:00
7025,0.0,0.0,0.0,0.0,0.0,0.0,0.0,0.0,2017-05-23 05:24:00,2017-05-25 23:00:00
6654,0.0,0.0,0.0,0.0,0.0,0.0,0.0,0.0,2016-07-03 10:00:00,2016-07-08 02:48:00
7298,0.0,0.0,0.0,0.0,0.0,0.0,0.0,0.0,2018-08-13 19:48:00,2018-08-20 22:12:00
5844,0.0,0.0,0.0,0.0,0.0,0.0,0.0,0.0,2015-08-01 20:12:00,2015-08-06 14:36:00
2719,0.0,0.0,0.0,0.0,0.0,0.0,0.0,0.0,2013-05-03 10:00:00,2013-05-03 20:36:00
4497,0.0,0.0,0.0,0.0,0.0,0.0,0.0,0.0,2014-08-25 23:24:00,2014-08-31 03:36:00
3253,0.0,0.0,0.0,0.0,0.0,0.0,0.0,0.0,2013-10-03 17:24:00,2013-10-07 23:12:00
5281,0.0,0.0,0.0,0.0,0.0,0.0,0.0,0.0,2015-03-03 23:48:00,2015-03-12 06:12:00
2595,0.0,0.0,0.0,0.0,0.0,0.0,0.0,0.0,2013-03-26 00:48:00,2013-04-01 07:36:00
6610,0.0,0.0,0.0,0.0,0.0,0.0,0.0,0.0,2016-06-09 01:36:00,2016-06-10 20:00:00
4779,0.0,0.0,0.0,0.0,0.0,0.0,0.0,0.0,2014-11-02 23:48:00,2014-11-03 02:36:00
6688,0.0,0.0,0.0,0.0,0.0,0.0,0.0,0.0,2016-07-28 03:24:00,2016-08-06 05:00:00
4230,0.0,0.0,0.0,0.0,0.0,0.0,0.0,0.0,2014-06-10 16:24:00,2014-06-11 04:12:00
419,0.0,0.0,0.0,0.0,0.0,0.0,0.0,0.0,2011-03-10 15:12:00,2011-03-13 05:12:00
3240,0.0,0.0,0.0,0.0,0.0,0.0,0.0,0.0,2013-09-27 17:24:00,2013-10-06 02:12:00
5924,0.0,0.0,0.0,0.0,0.0,0.0,0.0,0.0,2015-08-28 17:48:00,2015-08-31 06:12:00
882,0.0,0.0,0.0,0.0,0.0,0.0,0.0,0.0,2011-09-18 16:00:00,2011-09-20 14:00:00
3196,0.0,0.0,0.0,0.0,0.0,0.0,0.0,0.0,2013-09-17 10:12:00,2013-09-18 02:36:00
3706,0.0,0.0,0.0,0.0,0.0,0.0,0.0,0.0,2014-02-01 22:12:00,2014-02-11 07:12:00
748,0.0,0.0,2.0,2.0,0.0,0.0,0.0,0.0,2011-07-24 03:00:00,2011-08-02 14:36:00
2891,0.0,0.0,0.0,0.0,0.0,0.0,0.0,0.0,2013-06-23 03:36:00,2013-06-24 06:24:00
6195,0.0,0.0,0.0,0.0,0.0,0.0,0.0,0.0,2015-12-16 14:24:00,2015-12-17 08:12:00
380,0.0,0.0,0.0,0.0,0.0,0.0,0.0,0.0,2011-02-12 09:12:00,2011-02-21 07:00:00
6597,0.0,0.0,0.0,0.0,0.0,0.0,0.0,0.0,2016-06-01 02:12:00,2016-06-02 22:12:00
6892,1.0,1.0,0.0,0.0,0.0,0.0,0.0,0.0,2016-12-19 18:24:00,2016-12-24 01:12:00
3520,3.0,3.0,12.0,12.0,3.0,3.0,0.0,0.0,2013-12-18 01:36:00,2014-01-01 22:48:00
4683,0.0,0.0,0.0,0.0,0.0,0.0,0.0,0.0,2014-10-13 06:24:00,2014-10-17 20:36:00
4455,8.0,8.0,1.0,1.0,0.0,0.0,0.0,0.0,2014-08-13 23:24:00,2014-08-25 23:36:00
3841,0.0,0.0,0.0,0.0,0.0,0.0,0.0,0.0,2014-03-08 11:36:00,2014-03-16 06:12:00
178,0.0,0.0,0.0,0.0,0.0,0.0,0.0,0.0,2010-09-10 23:12:00,2010-09-12 07:12:00
1113,1.0,2.0,4.0,4.0,0.0,0.0,0.0,0.0,2011-11-22 10:24:00,2011-12-05 09:36:00
7072,0.0,0.0,0.0,0.0,0.0,0.0,0.0,0.0,2017-07-03 13:48:00,2017-07-03 18:12:00
2089,0.0,0.0,0.0,0.0,0.0,0.0,0.0,0.0,2012-09-29 18:00:00,2012-10-02 04:36:00
2933,0.0,0.0,0.0,0.0,0.0,0.0,0.0,0.0,2013-07-04 02:36:00,2013-07-04 08:36:00
5744,0.0,0.0,0.0,0.0,0.0,0.0,0.0,0.0,2015-07-03 07:36:00,2015-07-09 13:00:00
3116,0.0,0.0,0.0,0.0,0.0,0.0,0.0,0.0,2013-08-22 08:24:00,2013-08-26 07:00:00
4908,0.0,0.0,1.0,1.0,0.0,0.0,0.0,0.0,2014-12-07 01:48:00,2014-12-18 17:36:00
1959,0.0,0.0,5.0,5.0,0.0,0.0,0.0,0.0,2012-08-22 05:12:00,2012-09-04 08:48:00
729,0.0,0.0,0.0,0.0,0.0,0.0,0.0,0.0,2011-07-15 00:12:00,2011-07-17 20:48:00
4523,0.0,0.0,0.0,0.0,0.0,0.0,0.0,0.0,2014-08-31 12:48:00,2014-09-11 00:36:00
1321,6.0,6.0,39.0,38.0,5.0,5.0,1.0,0.0,2012-01-14 06:24:00,2012-01-28 02:24:00
5308,0.0,0.0,0.0,0.0,0.0,0.0,0.0,0.0,2015-03-07 10:00:00,2015-03-08 06:12:00
4228,0.0,0.0,0.0,0.0,0.0,0.0,0.0,0.0,2014-06-10 08:24:00,2014-06-23 20:00:00
5083,0.0,0.0,0.0,0.0,0.0,0.0,0.0,0.0,2015-01-15 04:48:00,2015-01-23 06:00:00
4185,0.0,0.0,0.0,0.0,0.0,0.0,0.0,0.0,2014-05-29 10:24:00,2014-05-31 11:00:00
5543,0.0,0.0,0.0,0.0,0.0,0.0,0.0,0.0,2015-05-06 11:24:00,2015-05-18 05:12:00
5703,0.0,0.0,0.0,0.0,0.0,0.0,0.0,0.0,2015-06-19 06:00:00,2015-06-23 22:12:00
3266,0.0,0.0,0.0,0.0,0.0,0.0,0.0,0.0,2013-10-08 07:12:00,2013-10-10 18:12:00
6352,0.0,0.0,0.0,0.0,0.0,0.0,0.0,0.0,2016-02-12 15:24:00,2016-02-13 13:00:00
4425,0.0,0.0,0.0,0.0,0.0,0.0,0.0,0.0,2014-08-01 10:48:00,2014-08-02 06:36:00
5883,0.0,0.0,0.0,0.0,0.0,0.0,0.0,0.0,2015-08-17 08:24:00,2015-08-19 09:24:00
5621,0.0,1.0,0.0,0.0,0.0,0.0,0.0,0.0,2015-05-26 23:12:00,2015-05-31 21:00:00
6053,0.0,0.0,0.0,0.0,0.0,0.0,0.0,0.0,2015-10-23 06:12:00,2015-10-23 13:36:00
1436,0.0,0.0,0.0,0.0,0.0,0.0,0.0,0.0,2012-02-26 08:36:00,2012-02-28 19:48:00
2114,0.0,0.0,0.0,0.0,0.0,0.0,0.0,0.0,2012-10-16 16:36:00,2012-10-20 11:24:00
1539,0.0,0.0,0.0,0.0,0.0,0.0,0.0,0.0,2012-04-02 15:12:00,2012-04-03 00:00:00
1962,5.0,6.0,5.0,5.0,0.0,0.0,0.0,0.0,2012-08-22 20:00:00,2012-09-01 22:24:00
6175,0.0,0.0,0.0,0.0,0.0,0.0,0.0,0.0,2015-12-10 17:00:00,2015-12-17 14:00:00
4598,0.0,0.0,0.0,0.0,0.0,0.0,0.0,0.0,2014-09-22 07:12:00,2014-09-27 23:36:00
4450,0.0,0.0,0.0,0.0,0.0,0.0,0.0,0.0,2014-08-11 03:24:00,2014-08-13 09:24:00
5189,0.0,0.0,0.0,0.0,0.0,0.0,0.0,0.0,2015-02-08 15:12:00,2015-02-13 23:36:00
800,0.0,0.0,0.0,0.0,0.0,0.0,0.0,0.0,2011-08-17 03:00:00,2011-08-26 09:00:00
1936,0.0,0.0,0.0,0.0,0.0,0.0,0.0,0.0,2012-08-09 15:24:00,2012-08-10 04:12:00
6868,1.0,1.0,0.0,0.0,0.0,0.0,0.0,0.0,2016-11-28 02:48:00,2016-12-05 21:00:00
1957,0.0,0.0,0.0,0.0,0.0,0.0,0.0,0.0,2012-08-21 18:00:00,2012-08-24 09:24:00
3837,0.0,0.0,0.0,0.0,0.0,0.0,0.0,0.0,2014-03-07 09:12:00,2014-03-07 17:00:00
4086,0.0,0.0,0.0,0.0,0.0,0.0,0.0,0.0,2014-05-01 03:36:00,2014-05-08 20:48:00
1945,0.0,0.0,0.0,0.0,0.0,0.0,0.0,0.0,2012-08-17 18:36:00,2012-08-21 04:48:00
160,0.0,0.0,0.0,0.0,0.0,0.0,0.0,0.0,2010-09-02 21:12:00,2010-09-02 23:36:00
2225,0.0,0.0,0.0,0.0,0.0,0.0,0.0,0.0,2012-11-18 04:48:00,2012-11-18 14:48:00
2264,0.0,0.0,0.0,0.0,0.0,0.0,0.0,0.0,2012-12-04 12:12:00,2012-12-12 09:24:00
6972,29.0,27.0,22.0,22.0,7.0,7.0,0.0,0.0,2017-03-25 00:24:00,2017-04-05 01:00:00
782,0.0,0.0,0.0,0.0,0.0,0.0,0.0,0.0,2011-08-11 09:00:00,2011-08-20 01:12:00
4532,0.0,0.0,0.0,0.0,0.0,0.0,0.0,0.0,2014-09-03 11:48:00,2014-09-11 21:00:00
6574,0.0,0.0,0.0,0.0,0.0,0.0,0.0,0.0,2016-05-23 03:00:00,2016-05-31 05:24:00
200,0.0,0.0,0.0,0.0,0.0,0.0,0.0,0.0,2010-09-29 03:24:00,2010-10-04 23:00:00
2463,0.0,0.0,0.0,0.0,0.0,0.0,0.0,0.0,2013-02-06 14:36:00,2013-02-12 14:24:00
2340,0.0,0.0,0.0,0.0,0.0,0.0,0.0,0.0,2012-12-30 06:36:00,2013-01-01 00:36:00
4938,0.0,0.0,0.0,0.0,0.0,0.0,0.0,0.0,2014-12-11 07:24:00,2014-12-20 03:00:00
5360,0.0,0.0,0.0,0.0,0.0,0.0,0.0,0.0,2015-03-21 10:00:00,2015-03-23 12:24:00
2007,0.0,0.0,2.0,2.0,0.0,0.0,0.0,0.0,2012-09-02 12:12:00,2012-09-10 04:12:00
6680,0.0,0.0,0.0,0.0,0.0,0.0,0.0,0.0,2016-07-13 16:12:00,2016-07-21 08:00:00
5914,0.0,0.0,0.0,0.0,0.0,0.0,0.0,0.0,2015-08-25 23:36:00,2015-08-30 20:24:00
6627,0.0,0.0,0.0,0.0,0.0,0.0,0.0,0.0,2016-06-16 13:36:00,2016-06-23 16:36:00
3212,0.0,0.0,0.0,0.0,0.0,0.0,0.0,0.0,2013-09-21 04:24:00,2013-09-28 07:48:00
2091,0.0,0.0,0.0,0.0,0.0,0.0,0.0,0.0,2012-09-30 08:00:00,2012-10-05 21:12:00
5084,0.0,0.0,0.0,0.0,0.0,0.0,0.0,0.0,2015-01-15 07:48:00,2015-01-15 16:36:00
4869,0.0,0.0,0.0,0.0,0.0,0.0,0.0,0.0,2014-11-24 09:48:00,2014-12-01 17:00:00
5875,0.0,0.0,0.0,0.0,0.0,0.0,0.0,0.0,2015-08-11 07:00:00,2015-08-12 04:12:00
181,0.0,0.0,0.0,0.0,0.0,0.0,0.0,0.0,2010-09-11 19:00:00,2010-09-12 16:36:00
7230,0.0,0.0,0.0,0.0,0.0,0.0,0.0,0.0,2018-01-18 18:36:00,2018-01-22 22:12:00
2482,0.0,0.0,0.0,0.0,0.0,0.0,0.0,0.0,2013-02-11 19:24:00,2013-02-14 03:00:00
3334,0.0,0.0,0.0,0.0,0.0,0.0,0.0,0.0,2013-10-31 12:00:00,2013-11-11 21:48:00
5550,1.0,1.0,0.0,0.0,0.0,0.0,0.0,0.0,2015-05-10 15:12:00,2015-05-21 19:48:00
5134,0.0,0.0,0.0,0.0,0.0,0.0,0.0,0.0,2015-01-30 12:48:00,2015-02-05 11:36:00
3214,0.0,0.0,0.0,0.0,0.0,0.0,0.0,0.0,2013-09-21 19:00:00,2013-09-29 22:24:00
5356,0.0,0.0,0.0,0.0,0.0,0.0,0.0,0.0,2015-03-20 15:48:00,2015-03-21 00:36:00
6346,0.0,0.0,0.0,0.0,0.0,0.0,0.0,0.0,2016-02-09 06:48:00,2016-02-11 12:00:00
1497,2.0,2.0,0.0,0.0,0.0,0.0,0.0,0.0,2012-03-22 17:00:00,2012-03-27 20:00:00
3729,0.0,0.0,0.0,0.0,0.0,0.0,0.0,0.0,2014-02-07 16:48:00,2014-02-10 19:00:00
6100,6.0,6.0,18.0,18.0,0.0,0.0,0.0,0.0,2015-11-12 15:24:00,2015-11-25 16:24:00
7122,1.0,1.0,1.0,1.0,0.0,0.0,0.0,0.0,2017-09-02 03:00:00,2017-09-13 04:24:00
626,0.0,0.0,0.0,0.0,0.0,0.0,0.0,0.0,2011-05-24 04:24:00,2011-05-24 20:24:00
1638,16.0,21.0,104.0,111.0,11.0,11.0,0.0,0.0,2012-05-04 13:00:00,2012-05-17 22:36:00
2273,0.0,0.0,0.0,0.0,0.0,0.0,0.0,0.0,2012-12-07 20:36:00,2012-12-18 02:12:00
454,0.0,0.0,0.0,0.0,0.0,0.0,0.0,0.0,2011-03-27 02:00:00,2011-03-30 09:00:00
3519,0.0,0.0,0.0,0.0,0.0,0.0,0.0,0.0,2013-12-17 15:00:00,2013-12-22 10:24:00
3206,0.0,0.0,0.0,0.0,0.0,0.0,0.0,0.0,2013-09-19 13:48:00,2013-09-19 21:36:00
590,0.0,0.0,0.0,0.0,0.0,0.0,0.0,0.0,2011-05-08 15:12:00,2011-05-11 15:24:00
418,0.0,0.0,0.0,0.0,0.0,0.0,0.0,0.0,2011-03-09 06:24:00,2011-03-09 19:12:00
1298,0.0,0.0,0.0,0.0,0.0,0.0,0.0,0.0,2012-01-06 14:24:00,2012-01-07 05:36:00
2919,0.0,0.0,0.0,0.0,0.0,0.0,0.0,0.0,2013-06-30 22:36:00,2013-07-01 00:24:00
2011,2.0,2.0,0.0,0.0,0.0,0.0,0.0,0.0,2012-09-03 11:24:00,2012-09-16 17:24:00
1124,2.0,2.0,8.0,8.0,0.0,0.0,0.0,0.0,2011-11-28 16:24:00,2011-12-12 07:00:00
2043,0.0,0.0,0.0,0.0,0.0,0.0,0.0,0.0,2012-09-18 09:00:00,2012-09-22 20:00:00
4328,0.0,0.0,0.0,0.0,0.0,0.0,0.0,0.0,2014-07-03 05:36:00,2014-07-15 03:00:00
7036,0.0,0.0,0.0,0.0,0.0,0.0,0.0,0.0,2017-06-03 15:36:00,2017-06-04 20:36:00
2262,21.0,20.0,3.0,2.0,0.0,0.0,0.0,0.0,2012-12-04 11:36:00,2012-12-18 01:48:00
794,32.0,38.0,10.0,10.0,0.0,0.0,0.0,0.0,2011-08-14 22:24:00,2011-08-28 15:24:00
5676,0.0,0.0,0.0,0.0,0.0,0.0,0.0,0.0,2015-06-11 18:48:00,2015-06-19 09:00:00
4064,0.0,0.0,0.0,0.0,0.0,0.0,0.0,0.0,2014-04-24 15:48:00,2014-05-03 07:12:00
2721,0.0,0.0,0.0,0.0,0.0,0.0,0.0,0.0,2013-05-03 16:12:00,2013-05-12 02:00:00
3071,0.0,0.0,0.0,0.0,0.0,0.0,0.0,0.0,2013-08-12 11:24:00,2013-08-19 00:24:00
4133,1.0,1.0,8.0,8.0,0.0,0.0,0.0,0.0,2014-05-13 14:12:00,2014-05-22 13:24:00
1519,0.0,0.0,0.0,0.0,0.0,0.0,0.0,0.0,2012-03-28 08:12:00,2012-03-29 04:12:00
4169,0.0,0.0,0.0,0.0,0.0,0.0,0.0,0.0,2014-05-25 18:24:00,2014-06-01 23:00:00
2814,0.0,0.0,0.0,0.0,0.0,0.0,0.0,0.0,2013-05-29 19:00:00,2013-05-30 01:48:00
51,1.0,1.0,2.0,3.0,0.0,0.0,0.0,0.0,2010-06-10 01:36:00,2010-06-14 15:12:00
4463,0.0,0.0,0.0,0.0,0.0,0.0,0.0,0.0,2014-08-15 17:48:00,2014-08-16 03:12:00
4584,0.0,0.0,0.0,0.0,0.0,0.0,0.0,0.0,2014-09-19 18:36:00,2014-09-26 13:24:00
4494,0.0,0.0,0.0,0.0,0.0,0.0,0.0,0.0,2014-08-24 17:24:00,2014-09-02 18:48:00
6439,0.0,0.0,0.0,0.0,0.0,0.0,0.0,0.0,2016-03-16 05:12:00,2016-03-21 17:36:00
1380,0.0,0.0,0.0,0.0,0.0,0.0,0.0,0.0,2012-02-04 06:00:00,2012-02-04 19:00:00
913,0.0,0.0,0.0,0.0,0.0,0.0,0.0,0.0,2011-09-30 02:24:00,2011-10-11 02:12:00
3102,0.0,0.0,0.0,0.0,0.0,0.0,0.0,0.0,2013-08-18 06:00:00,2013-08-18 23:36:00
3839,0.0,0.0,0.0,0.0,0.0,0.0,0.0,0.0,2014-03-08 03:48:00,2014-03-11 04:00:00
5938,0.0,0.0,0.0,0.0,0.0,0.0,0.0,0.0,2015-09-02 16:36:00,2015-09-05 00:48:00
5002,0.0,0.0,5.0,5.0,0.0,0.0,0.0,0.0,2014-12-26 02:24:00,2015-01-07 21:24:00
5099,1.0,1.0,1.0,0.0,0.0,0.0,0.0,0.0,2015-01-18 01:36:00,2015-01-27 05:24:00
6107,1.0,1.0,0.0,0.0,0.0,0.0,0.0,0.0,2015-11-14 10:48:00,2015-11-21 02:00:00
2440,0.0,0.0,0.0,0.0,0.0,0.0,0.0,0.0,2013-01-31 15:12:00,2013-02-01 12:48:00
3985,1.0,1.0,6.0,6.0,0.0,0.0,0.0,0.0,2014-04-07 07:24:00,2014-04-21 01:48:00
1942,0.0,0.0,0.0,0.0,0.0,0.0,0.0,0.0,2012-08-15 18:00:00,2012-08-26 03:12:00
5328,0.0,0.0,0.0,0.0,0.0,0.0,0.0,0.0,2015-03-12 03:48:00,2015-03-19 12:24:00
1541,0.0,0.0,0.0,0.0,0.0,0.0,0.0,0.0,2012-04-03 03:00:00,2012-04-07 15:36:00
909,0.0,0.0,1.0,1.0,0.0,0.0,0.0,0.0,2011-09-28 03:12:00,2011-10-10 13:00:00
7300,10.0,10.0,0.0,0.0,0.0,0.0,0.0,0.0,2018-08-23 16:12:00,2018-08-28 22:24:00
1483,0.0,0.0,0.0,0.0,0.0,0.0,0.0,0.0,2012-03-18 20:48:00,2012-03-21 09:24:00
968,0.0,0.0,0.0,0.0,0.0,0.0,0.0,0.0,2011-10-14 06:36:00,2011-10-18 12:12:00
5823,2.0,2.0,0.0,0.0,0.0,0.0,0.0,0.0,2015-07-27 20:00:00,2015-08-08 11:00:00
3550,0.0,0.0,0.0,0.0,0.0,0.0,0.0,0.0,2013-12-28 03:24:00,2013-12-31 13:48:00
6367,0.0,0.0,0.0,0.0,0.0,0.0,0.0,0.0,2016-02-17 05:48:00,2016-02-18 16:12:00
2398,0.0,0.0,0.0,0.0,0.0,0.0,0.0,0.0,2013-01-14 00:24:00,2013-01-20 00:24:00
2903,0.0,0.0,0.0,0.0,0.0,0.0,0.0,0.0,2013-06-26 06:12:00,2013-06-27 00:24:00
1648,0.0,0.0,0.0,0.0,0.0,0.0,0.0,0.0,2012-05-09 06:12:00,2012-05-10 01:12:00
1235,0.0,0.0,0.0,0.0,0.0,0.0,0.0,0.0,2011-12-22 10:48:00,2011-12-22 17:12:00
5238,0.0,0.0,0.0,0.0,0.0,0.0,0.0,0.0,2015-02-19 00:00:00,2015-02-23 21:36:00
5249,4.0,4.0,2.0,2.0,0.0,0.0,0.0,0.0,2015-02-23 05:12:00,2015-03-08 05:24:00
465,0.0,0.0,0.0,0.0,0.0,0.0,0.0,0.0,2011-03-29 21:48:00,2011-04-04 06:00:00
6485,0.0,0.0,0.0,0.0,0.0,0.0,0.0,0.0,2016-04-08 05:24:00,2016-04-13 13:00:00
4871,0.0,0.0,0.0,0.0,0.0,0.0,0.0,0.0,2014-11-25 01:36:00,2014-11-27 06:48:00
1406,0.0,0.0,0.0,0.0,0.0,0.0,0.0,0.0,2012-02-15 16:24:00,2012-02-20 09:36:00
3528,0.0,0.0,0.0,0.0,0.0,0.0,0.0,0.0,2013-12-20 23:48:00,2013-12-21 17:00:00
4559,0.0,0.0,0.0,2.0,0.0,0.0,0.0,0.0,2014-09-11 22:12:00,2014-09-13 19:00:00
2105,0.0,0.0,0.0,0.0,0.0,0.0,0.0,0.0,2012-10-05 07:36:00,2012-10-07 10:00:00
6284,0.0,2.0,0.0,0.0,0.0,0.0,0.0,0.0,2016-01-18 00:00:00,2016-01-27 09:00:00
6178,5.0,6.0,18.0,18.0,0.0,0.0,0.0,0.0,2015-12-11 18:24:00,2015-12-25 18:00:00
7141,0.0,0.0,0.0,0.0,0.0,0.0,0.0,0.0,2017-09-19 01:00:00,2017-09-26 12:24:00
3688,0.0,0.0,27.0,24.0,5.0,5.0,0.0,0.0,2014-01-27 08:00:00,2014-02-10 08:48:00
1027,0.0,0.0,0.0,0.0,0.0,0.0,0.0,0.0,2011-11-01 01:24:00,2011-11-07 13:36:00
4981,0.0,0.0,0.0,0.0,0.0,0.0,0.0,0.0,2014-12-22 22:00:00,2014-12-31 01:36:00
3877,0.0,0.0,0.0,0.0,1.0,1.0,0.0,0.0,2014-03-18 08:36:00,2014-03-24 01:12:00
5807,10.0,10.0,1.0,1.0,0.0,0.0,0.0,0.0,2015-07-23 11:00:00,2015-08-02 14:48:00
6580,0.0,0.0,0.0,0.0,0.0,0.0,0.0,0.0,2016-05-26 04:12:00,2016-06-02 23:36:00
3763,0.0,0.0,0.0,0.0,0.0,0.0,0.0,0.0,2014-02-16 06:36:00,2014-02-26 03:36:00
3562,0.0,0.0,0.0,0.0,0.0,0.0,0.0,0.0,2013-12-30 18:24:00,2013-12-30 22:48:00
1814,0.0,0.0,0.0,0.0,0.0,0.0,0.0,0.0,2012-06-27 08:24:00,2012-06-28 23:12:00
1379,0.0,0.0,0.0,0.0,0.0,0.0,0.0,0.0,2012-02-02 02:48:00,2012-02-03 00:48:00
3658,0.0,0.0,0.0,0.0,0.0,0.0,0.0,0.0,2014-01-19 07:12:00,2014-01-25 22:12:00
2587,9.0,7.0,0.0,0.0,0.0,0.0,0.0,0.0,2013-03-22 22:36:00,2013-04-05 02:00:00
7289,0.0,0.0,0.0,0.0,0.0,0.0,0.0,0.0,2018-07-24 12:36:00,2018-07-25 11:48:00
1164,0.0,0.0,1.0,1.0,0.0,0.0,0.0,0.0,2011-12-05 02:36:00,2011-12-12 05:24:00
145,5.0,5.0,0.0,0.0,0.0,0.0,0.0,0.0,2010-08-23 22:24:00,2010-09-06 07:12:00
4942,0.0,0.0,1.0,1.0,0.0,0.0,0.0,0.0,2014-12-12 23:24:00,2014-12-23 04:36:00
3632,0.0,0.0,0.0,0.0,0.0,0.0,0.0,0.0,2014-01-14 15:24:00,2014-01-14 20:12:00
1274,0.0,0.0,0.0,0.0,0.0,0.0,0.0,0.0,2012-01-01 08:24:00,2012-01-07 21:00:00
1270,0.0,0.0,0.0,0.0,0.0,0.0,0.0,0.0,2011-12-29 21:24:00,2012-01-06 17:36:00
6052,4.0,4.0,12.0,12.0,2.0,2.0,0.0,0.0,2015-10-22 05:12:00,2015-11-05 21:36:00
5623,0.0,0.0,0.0,0.0,0.0,0.0,0.0,0.0,2015-05-27 07:36:00,2015-05-27 09:36:00
5604,0.0,0.0,0.0,0.0,0.0,0.0,0.0,0.0,2015-05-21 03:48:00,2015-05-23 17:12:00
6147,0.0,0.0,0.0,0.0,0.0,0.0,0.0,0.0,2015-11-28 07:36:00,2015-11-28 22:12:00
190,8.0,9.0,2.0,2.0,0.0,0.0,0.0,0.0,2010-09-22 03:36:00,2010-10-02 12:12:00
1080,2.0,3.0,3.0,3.0,0.0,0.0,0.0,0.0,2011-11-14 04:12:00,2011-11-26 08:36:00
2948,0.0,0.0,0.0,0.0,0.0,0.0,0.0,0.0,2013-07-08 14:24:00,2013-07-12 22:48:00
5141,0.0,0.0,0.0,0.0,0.0,0.0,0.0,0.0,2015-01-31 21:24:00,2015-02-09 05:24:00
3746,0.0,0.0,0.0,0.0,0.0,0.0,0.0,0.0,2014-02-12 11:36:00,2014-02-16 14:48:00
1082,0.0,0.0,0.0,0.0,0.0,0.0,0.0,0.0,2011-11-14 12:12:00,2011-11-23 09:24:00
819,1.0,1.0,0.0,0.0,0.0,0.0,0.0,0.0,2011-08-25 17:00:00,2011-09-02 04:48:00
2353,0.0,0.0,2.0,2.0,0.0,0.0,0.0,0.0,2013-01-02 19:36:00,2013-01-08 23:12:00
6945,0.0,0.0,0.0,0.0,0.0,0.0,0.0,0.0,2017-02-04 17:12:00,2017-02-05 18:48:00
2555,0.0,0.0,0.0,0.0,0.0,0.0,0.0,0.0,2013-03-09 19:24:00,2013-03-12 20:00:00
5326,0.0,0.0,2.0,1.0,0.0,0.0,0.0,0.0,2015-03-11 14:12:00,2015-03-19 21:12:00
1699,0.0,0.0,0.0,0.0,0.0,0.0,0.0,0.0,2012-05-23 02:48:00,2012-05-24 15:36:00
3510,0.0,0.0,0.0,0.0,0.0,0.0,0.0,0.0,2013-12-15 18:12:00,2013-12-19 15:36:00
4546,0.0,0.0,0.0,0.0,0.0,0.0,0.0,0.0,2014-09-07 19:24:00,2014-09-16 04:24:00
1705,2.0,7.0,11.0,10.0,0.0,0.0,0.0,0.0,2012-05-24 20:00:00,2012-06-07 06:12:00
2171,0.0,0.0,0.0,0.0,0.0,0.0,0.0,0.0,2012-11-01 20:24:00,2012-11-10 06:48:00
6894,0.0,0.0,0.0,0.0,0.0,0.0,0.0,0.0,2016-12-25 14:00:00,2017-01-03 06:48:00
6245,0.0,0.0,0.0,0.0,0.0,0.0,0.0,0.0,2016-01-06 23:36:00,2016-01-10 04:24:00
1001,0.0,1.0,0.0,0.0,0.0,0.0,0.0,0.0,2011-10-22 18:00:00,2011-10-26 06:36:00
4075,1.0,1.0,1.0,1.0,0.0,0.0,0.0,0.0,2014-04-27 02:36:00,2014-05-08 03:12:00
4859,0.0,0.0,0.0,0.0,0.0,0.0,0.0,0.0,2014-11-22 09:24:00,2014-11-27 16:36:00
3272,0.0,0.0,0.0,0.0,0.0,0.0,0.0,0.0,2013-10-11 04:36:00,2013-10-12 08:48:00
2596,0.0,0.0,0.0,0.0,0.0,0.0,0.0,0.0,2013-03-26 13:48:00,2013-04-03 18:24:00
3549,0.0,0.0,0.0,0.0,0.0,0.0,0.0,0.0,2013-12-27 17:00:00,2013-12-30 20:00:00
5799,0.0,0.0,0.0,0.0,0.0,0.0,0.0,0.0,2015-07-18 04:24:00,2015-07-18 15:48:00
2259,0.0,0.0,0.0,0.0,0.0,0.0,0.0,0.0,2012-12-03 00:24:00,2012-12-07 10:00:00
2121,0.0,0.0,0.0,0.0,0.0,0.0,0.0,0.0,2012-10-16 16:36:00,2012-10-24 23:48:00
4801,0.0,0.0,0.0,0.0,0.0,0.0,0.0,0.0,2014-11-07 16:48:00,2014-11-16 22:36:00
3333,0.0,0.0,0.0,0.0,0.0,0.0,0.0,0.0,2013-10-31 00:36:00,2013-10-31 08:00:00
3743,0.0,0.0,0.0,0.0,0.0,0.0,0.0,0.0,2014-02-10 16:12:00,2014-02-13 11:00:00
7010,2.0,2.0,0.0,0.0,0.0,0.0,0.0,0.0,2017-05-13 02:00:00,2017-05-21 10:48:00
3252,0.0,0.0,0.0,0.0,0.0,0.0,0.0,0.0,2013-10-03 04:36:00,2013-10-12 13:24:00
2329,0.0,1.0,1.0,1.0,0.0,0.0,0.0,0.0,2012-12-26 09:00:00,2013-01-06 04:24:00
2331,1.0,1.0,2.0,2.0,0.0,0.0,0.0,0.0,2012-12-26 19:36:00,2013-01-08 23:12:00
2737,0.0,0.0,6.0,5.0,0.0,0.0,0.0,0.0,2013-05-10 01:24:00,2013-05-23 20:36:00
5075,0.0,0.0,3.0,3.0,0.0,0.0,0.0,0.0,2015-01-14 03:36:00,2015-01-25 23:36:00
6472,0.0,0.0,0.0,0.0,0.0,0.0,0.0,0.0,2016-04-01 20:00:00,2016-04-10 12:00:00
4540,0.0,0.0,0.0,0.0,0.0,0.0,0.0,0.0,2014-09-05 16:36:00,2014-09-11 19:48:00
55,0.0,0.0,0.0,0.0,0.0,0.0,0.0,0.0,2010-06-11 21:48:00,2010-06-12 04:24:00
574,0.0,0.0,0.0,0.0,0.0,0.0,0.0,0.0,2011-05-03 20:00:00,2011-05-06 18:36:00
7060,0.0,0.0,0.0,0.0,0.0,0.0,0.0,0.0,2017-06-22 21:12:00,2017-06-23 19:12:00
4286,0.0,0.0,0.0,0.0,0.0,0.0,0.0,0.0,2014-06-25 13:36:00,2014-06-25 21:24:00
1907,3.0,2.0,23.0,22.0,1.0,1.0,0.0,0.0,2012-07-30 22:24:00,2012-08-15 00:00:00
2064,0.0,0.0,0.0,0.0,0.0,0.0,0.0,0.0,2012-09-24 16:48:00,2012-10-03 18:12:00
1627,0.0,0.0,0.0,0.0,0.0,0.0,0.0,0.0,2012-04-28 17:00:00,2012-05-06 15:24:00
5266,0.0,0.0,0.0,0.0,0.0,0.0,0.0,0.0,2015-02-28 21:24:00,2015-03-08 23:36:00
4745,0.0,0.0,0.0,0.0,0.0,0.0,0.0,0.0,2014-10-26 13:36:00,2014-10-31 18:00:00
4640,0.0,0.0,0.0,0.0,0.0,0.0,0.0,0.0,2014-10-01 15:00:00,2014-10-12 15:24:00
2130,4.0,3.0,6.0,5.0,0.0,0.0,0.0,0.0,2012-10-17 16:12:00,2012-10-30 19:36:00
2236,0.0,0.0,0.0,0.0,0.0,0.0,0.0,0.0,2012-11-22 17:12:00,2012-11-25 20:00:00
7304,0.0,0.0,0.0,0.0,0.0,0.0,0.0,0.0,2018-09-08 05:12:00,2018-09-12 12:48:00
3522,0.0,0.0,0.0,0.0,0.0,0.0,0.0,0.0,2013-12-18 18:00:00,2013-12-20 19:00:00
5525,0.0,0.0,0.0,0.0,0.0,0.0,0.0,0.0,2015-04-29 10:12:00,2015-04-29 20:48:00
330,0.0,0.0,0.0,0.0,0.0,0.0,0.0,0.0,2011-01-02 17:00:00,2011-01-10 06:24:00
3368,0.0,0.0,0.0,0.0,0.0,0.0,0.0,0.0,2013-11-09 23:48:00,2013-11-23 05:48:00
5729,0.0,0.0,0.0,0.0,0.0,0.0,0.0,0.0,2015-06-30 03:24:00,2015-06-30 17:24:00
6244,0.0,0.0,0.0,0.0,0.0,0.0,0.0,0.0,2016-01-06 19:36:00,2016-01-07 04:24:00
3687,0.0,0.0,0.0,0.0,0.0,0.0,0.0,0.0,2014-01-27 06:12:00,2014-02-01 12:00:00
6927,0.0,0.0,0.0,0.0,0.0,0.0,0.0,0.0,2017-01-23 11:24:00,2017-01-28 12:36:00
6316,0.0,0.0,0.0,0.0,0.0,0.0,0.0,0.0,2016-01-31 21:12:00,2016-02-07 08:48:00
6181,0.0,0.0,0.0,0.0,0.0,0.0,0.0,0.0,2015-12-12 02:36:00,2015-12-16 16:12:00
5185,0.0,0.0,0.0,0.0,0.0,0.0,0.0,0.0,2015-02-07 11:24:00,2015-02-09 10:24:00
1876,0.0,0.0,0.0,0.0,0.0,0.0,0.0,0.0,2012-07-21 17:00:00,2012-07-22 19:48:00
409,0.0,0.0,0.0,0.0,0.0,0.0,0.0,0.0,2011-03-06 01:48:00,2011-03-15 05:24:00
1772,0.0,0.0,0.0,0.0,0.0,0.0,0.0,0.0,2012-06-11 22:48:00,2012-06-12 23:12:00
3427,0.0,0.0,0.0,0.0,0.0,0.0,0.0,0.0,2013-11-24 11:36:00,2013-11-26 14:12:00
2400,7.0,7.0,1.0,2.0,0.0,0.0,0.0,0.0,2013-01-15 07:12:00,2013-01-27 12:12:00
1432,0.0,0.0,0.0,0.0,0.0,0.0,0.0,0.0,2012-02-25 07:00:00,2012-02-26 19:24:00
752,0.0,0.0,0.0,0.0,0.0,0.0,0.0,0.0,2011-07-27 09:48:00,2011-08-04 05:12:00
3105,0.0,0.0,0.0,0.0,0.0,0.0,0.0,0.0,2013-08-18 17:00:00,2013-08-21 14:36:00
3047,0.0,0.0,0.0,0.0,0.0,0.0,0.0,0.0,2013-08-05 17:48:00,2013-08-12 12:12:00
3457,0.0,0.0,2.0,2.0,0.0,0.0,0.0,0.0,2013-12-01 16:36:00,2013-12-14 16:48:00
3030,0.0,0.0,0.0,0.0,0.0,0.0,0.0,0.0,2013-07-30 22:12:00,2013-08-08 16:12:00
6737,5.0,3.0,0.0,0.0,0.0,0.0,0.0,0.0,2016-09-05 15:24:00,2016-09-15 21:00:00
630,0.0,0.0,0.0,0.0,0.0,0.0,0.0,0.0,2011-05-24 17:00:00,2011-05-25 18:24:00
5236,0.0,0.0,0.0,0.0,0.0,0.0,0.0,0.0,2015-02-18 11:36:00,2015-02-24 19:24:00
5479,0.0,0.0,0.0,0.0,0.0,0.0,0.0,0.0,2015-04-18 06:36:00,2015-04-18 17:12:00
758,0.0,0.0,0.0,0.0,0.0,0.0,0.0,0.0,2011-08-02 06:36:00,2011-08-04 02:36:00
1558,4.0,5.0,9.0,9.0,0.0,0.0,0.0,0.0,2012-04-10 02:24:00,2012-04-22 15:00:00
6361,5.0,5.0,0.0,0.0,0.0,0.0,0.0,0.0,2016-02-15 10:36:00,2016-02-25 11:12:00
4721,0.0,0.0,0.0,0.0,0.0,0.0,0.0,0.0,2014-10-20 16:36:00,2014-10-20 18:36:00
3277,0.0,0.0,0.0,0.0,0.0,0.0,0.0,0.0,2013-10-13 05:24:00,2013-10-13 23:36:00
5760,0.0,0.0,0.0,0.0,0.0,0.0,0.0,0.0,2015-07-07 21:00:00,2015-07-08 13:00:00
5976,4.0,4.0,2.0,1.0,0.0,0.0,0.0,0.0,2015-09-20 12:24:00,2015-10-01 04:48:00
4985,0.0,0.0,0.0,0.0,0.0,0.0,0.0,0.0,2014-12-23 08:48:00,2014-12-24 17:48:00
5825,0.0,0.0,0.0,0.0,0.0,0.0,0.0,0.0,2015-07-28 09:36:00,2015-08-04 20:36:00
5534,0.0,0.0,0.0,0.0,0.0,0.0,0.0,0.0,2015-05-02 14:12:00,2015-05-13 01:24:00
5422,4.0,4.0,3.0,2.0,0.0,0.0,0.0,0.0,2015-04-02 22:36:00,2015-04-14 09:36:00
2106,0.0,0.0,0.0,1.0,0.0,0.0,0.0,0.0,2012-10-05 08:12:00,2012-10-12 03:36:00
5685,0.0,0.0,0.0,0.0,0.0,0.0,0.0,0.0,2015-06-13 13:36:00,2015-06-15 20:48:00
5613,0.0,0.0,0.0,0.0,0.0,0.0,0.0,0.0,2015-05-22 19:36:00,2015-05-30 04:48:00
3610,0.0,0.0,0.0,0.0,0.0,0.0,0.0,0.0,2014-01-09 06:48:00,2014-01-19 12:48:00
2984,0.0,0.0,0.0,0.0,0.0,0.0,0.0,0.0,2013-07-17 22:36:00,2013-07-27 18:00:00
3209,0.0,0.0,0.0,0.0,0.0,0.0,0.0,0.0,2013-09-20 18:36:00,2013-09-22 07:48:00
5213,0.0,0.0,0.0,0.0,0.0,0.0,0.0,0.0,2015-02-12 18:00:00,2015-02-14 23:00:00
3580,0.0,0.0,3.0,3.0,1.0,1.0,0.0,0.0,2014-01-04 05:00:00,2014-01-14 05:36:00
5742,0.0,0.0,0.0,0.0,0.0,0.0,0.0,0.0,2015-07-02 10:36:00,2015-07-11 04:24:00
6576,4.0,4.0,0.0,0.0,0.0,0.0,0.0,0.0,2016-05-23 08:12:00,2016-06-03 09:00:00
3337,0.0,0.0,0.0,0.0,0.0,0.0,0.0,0.0,2013-11-01 00:24:00,2013-11-01 18:00:00
6096,0.0,0.0,0.0,0.0,0.0,0.0,0.0,0.0,2015-11-11 20:12:00,2015-11-13 02:24:00
5347,0.0,0.0,0.0,0.0,0.0,0.0,0.0,0.0,2015-03-18 19:36:00,2015-03-28 16:12:00
3332,0.0,0.0,0.0,0.0,0.0,0.0,0.0,0.0,2013-10-30 09:36:00,2013-10-31 06:36:00
2161,0.0,0.0,0.0,0.0,0.0,0.0,0.0,0.0,2012-10-27 06:24:00,2012-11-04 14:48:00
5940,0.0,0.0,0.0,0.0,0.0,0.0,0.0,0.0,2015-09-03 09:12:00,2015-09-14 10:48:00
2428,0.0,0.0,0.0,0.0,0.0,0.0,0.0,0.0,2013-01-27 03:12:00,2013-01-29 19:12:00
7250,0.0,0.0,0.0,0.0,0.0,0.0,0.0,0.0,2018-04-18 15:36:00,2018-04-19 08:36:00
4232,0.0,0.0,0.0,0.0,0.0,0.0,0.0,0.0,2014-06-11 00:48:00,2014-06-11 13:12:00
1830,0.0,0.0,0.0,0.0,0.0,0.0,0.0,0.0,2012-07-02 23:12:00,2012-07-04 03:00:00
1903,0.0,1.0,12.0,15.0,0.0,0.0,0.0,0.0,2012-07-28 23:00:00,2012-08-11 08:48:00
37,0.0,0.0,0.0,0.0,0.0,0.0,0.0,0.0,2010-05-25 03:36:00,2010-05-31 15:00:00
185,7.0,8.0,1.0,1.0,0.0,0.0,0.0,0.0,2010-09-15 20:00:00,2010-09-29 00:36:00
1299,0.0,0.0,0.0,0.0,0.0,0.0,0.0,0.0,2012-01-07 01:00:00,2012-01-09 12:36:00
2530,0.0,0.0,0.0,0.0,0.0,0.0,0.0,0.0,2013-03-04 16:36:00,2013-03-13 11:48:00
4501,0.0,0.0,0.0,0.0,0.0,0.0,0.0,0.0,2014-08-26 08:12:00,2014-08-28 01:24:00
3119,9.0,9.0,2.0,2.0,0.0,0.0,0.0,0.0,2013-08-23 19:00:00,2013-09-06 01:24:00
2713,0.0,0.0,0.0,0.0,0.0,0.0,0.0,0.0,2013-05-02 09:24:00,2013-05-02 21:36:00
3167,0.0,0.0,0.0,0.0,0.0,0.0,0.0,0.0,2013-09-07 22:36:00,2013-09-12 16:36:00
1856,0.0,0.0,0.0,0.0,0.0,0.0,0.0,0.0,2012-07-09 17:00:00,2012-07-17 11:48:00
4954,0.0,0.0,0.0,0.0,0.0,0.0,0.0,0.0,2014-12-17 07:00:00,2014-12-27 13:24:00
673,0.0,0.0,0.0,0.0,0.0,0.0,0.0,0.0,2011-06-15 04:12:00,2011-06-22 02:12:00
650,2.0,2.0,1.0,1.0,0.0,0.0,0.0,0.0,2011-05-31 23:12:00,2011-06-12 15:24:00
6971,0.0,0.0,0.0,0.0,0.0,0.0,0.0,0.0,2017-03-24 11:00:00,2017-03-25 19:00:00
3848,0.0,0.0,2.0,2.0,0.0,0.0,0.0,0.0,2014-03-11 20:00:00,2014-03-24 22:48:00
3812,0.0,0.0,0.0,0.0,0.0,0.0,0.0,0.0,2014-02-28 21:48:00,2014-03-09 06:12:00
2387,2.0,1.0,0.0,0.0,0.0,0.0,0.0,0.0,2013-01-12 07:12:00,2013-01-25 02:00:00
3886,0.0,0.0,0.0,0.0,0.0,0.0,0.0,0.0,2014-03-19 16:48:00,2014-03-20 22:12:00
7310,1.0,1.0,0.0,0.0,0.0,0.0,0.0,0.0,2018-09-29 13:36:00,2018-10-04 06:48:00
7013,1.0,1.0,0.0,0.0,0.0,0.0,0.0,0.0,2017-05-15 09:36:00,2017-05-25 03:36:00
755,0.0,0.0,0.0,0.0,0.0,0.0,0.0,0.0,2011-07-29 06:24:00,2011-08-05 03:36:00
3701,0.0,0.0,0.0,0.0,0.0,0.0,0.0,0.0,2014-01-30 18:48:00,2014-02-03 02:00:00
7128,0.0,0.0,0.0,0.0,0.0,0.0,0.0,0.0,2017-09-06 16:24:00,2017-09-07 01:12:00
4751,0.0,0.0,0.0,1.0,0.0,1.0,0.0,0.0,2014-10-28 12:24:00,2014-11-09 18:12:00
4221,0.0,0.0,0.0,0.0,0.0,0.0,0.0,0.0,2014-06-07 09:12:00,2014-06-10 15:00:00
5483,0.0,0.0,0.0,0.0,0.0,0.0,0.0,0.0,2015-04-19 07:00:00,2015-04-27 13:48:00
6591,4.0,3.0,2.0,2.0,0.0,0.0,0.0,0.0,2016-05-29 23:36:00,2016-06-03 04:48:00
1015,0.0,0.0,0.0,0.0,0.0,0.0,0.0,0.0,2011-10-27 08:00:00,2011-11-04 22:12:00
1179,0.0,0.0,0.0,0.0,0.0,0.0,0.0,0.0,2011-12-09 13:00:00,2011-12-12 23:48:00
6708,0.0,1.0,0.0,0.0,0.0,0.0,0.0,0.0,2016-08-12 14:48:00,2016-08-18 22:48:00
3611,0.0,0.0,0.0,0.0,0.0,0.0,0.0,0.0,2014-01-09 08:24:00,2014-01-19 22:24:00
3449,0.0,0.0,0.0,0.0,0.0,0.0,0.0,0.0,2013-11-30 08:24:00,2013-12-09 07:48:00
2280,0.0,0.0,0.0,0.0,0.0,0.0,0.0,0.0,2012-12-08 13:12:00,2012-12-11 19:00:00
5671,0.0,0.0,0.0,0.0,0.0,0.0,0.0,0.0,2015-06-10 07:00:00,2015-06-12 21:00:00
3970,0.0,0.0,0.0,0.0,0.0,0.0,0.0,0.0,2014-04-03 13:36:00,2014-04-06 12:00:00
6409,0.0,0.0,0.0,0.0,0.0,0.0,0.0,0.0,2016-03-04 11:36:00,2016-03-14 16:48:00
5114,0.0,0.0,0.0,0.0,0.0,0.0,0.0,0.0,2015-01-25 07:12:00,2015-02-05 04:00:00
3597,0.0,0.0,0.0,0.0,0.0,0.0,0.0,0.0,2014-01-07 08:36:00,2014-01-09 22:24:00
5383,0.0,0.0,0.0,0.0,0.0,0.0,0.0,0.0,2015-03-25 02:00:00,2015-03-27 21:00:00
3112,0.0,0.0,0.0,0.0,0.0,0.0,0.0,0.0,2013-08-20 11:24:00,2013-08-20 20:36:00
3838,0.0,0.0,0.0,0.0,0.0,0.0,0.0,0.0,2014-03-07 19:36:00,2014-03-08 03:00:00
587,6.0,6.0,2.0,2.0,0.0,0.0,0.0,0.0,2011-05-07 12:48:00,2011-05-18 17:36:00
4447,7.0,6.0,3.0,3.0,0.0,0.0,0.0,0.0,2014-08-10 04:12:00,2014-08-20 03:12:00
2827,0.0,0.0,0.0,0.0,0.0,0.0,0.0,0.0,2013-06-04 00:24:00,2013-06-07 14:48:00
2008,0.0,0.0,0.0,0.0,0.0,0.0,0.0,0.0,2012-09-02 17:36:00,2012-09-07 02:12:00
1429,0.0,0.0,0.0,0.0,0.0,0.0,0.0,0.0,2012-02-24 23:24:00,2012-03-01 06:24:00
2086,0.0,0.0,0.0,0.0,0.0,0.0,0.0,0.0,2012-09-28 22:12:00,2012-10-04 17:48:00
3806,0.0,0.0,0.0,0.0,0.0,0.0,0.0,0.0,2014-02-25 17:24:00,2014-03-04 06:24:00
1279,0.0,0.0,0.0,0.0,0.0,0.0,0.0,0.0,2012-01-02 12:24:00,2012-01-08 23:48:00
1613,0.0,0.0,4.0,3.0,0.0,0.0,0.0,0.0,2012-04-24 00:36:00,2012-05-05 14:36:00
5149,0.0,0.0,0.0,0.0,0.0,0.0,0.0,0.0,2015-02-02 15:12:00,2015-02-05 20:24:00
3453,0.0,0.0,0.0,0.0,0.0,0.0,0.0,0.0,2013-11-30 20:12:00,2013-12-04 18:12:00
7241,0.0,0.0,0.0,0.0,0.0,0.0,0.0,0.0,2018-03-05 13:24:00,2018-03-13 18:48:00
5593,0.0,0.0,0.0,0.0,0.0,0.0,0.0,0.0,2015-05-18 09:36:00,2015-05-18 18:48:00
3085,0.0,0.0,0.0,0.0,0.0,0.0,0.0,0.0,2013-08-15 13:24:00,2013-08-22 21:48:00
1055,0.0,0.0,0.0,0.0,0.0,0.0,0.0,0.0,2011-11-08 21:12:00,2011-11-09 23:12:00
1108,0.0,0.0,0.0,0.0,0.0,0.0,0.0,0.0,2011-11-19 22:00:00,2011-11-21 01:24:00
2756,0.0,0.0,0.0,0.0,0.0,0.0,0.0,0.0,2013-05-16 17:12:00,2013-05-19 07:48:00
267,0.0,0.0,0.0,0.0,0.0,0.0,0.0,0.0,2010-11-21 04:00:00,2010-11-21 22:48:00
6523,9.0,9.0,3.0,3.0,0.0,0.0,0.0,0.0,2016-04-27 12:12:00,2016-05-08 21:12:00
3397,0.0,0.0,0.0,0.0,0.0,0.0,0.0,0.0,2013-11-16 22:00:00,2013-11-19 06:00:00
6750,0.0,0.0,0.0,0.0,0.0,0.0,0.0,0.0,2016-09-08 12:48:00,2016-09-11 19:24:00
5880,13.0,13.0,5.0,5.0,0.0,0.0,0.0,0.0,2015-08-12 20:12:00,2015-08-22 23:00:00
4163,0.0,0.0,0.0,0.0,0.0,0.0,0.0,0.0,2014-05-22 17:12:00,2014-05-26 23:48:00
5443,0.0,0.0,0.0,0.0,0.0,0.0,0.0,0.0,2015-04-08 05:48:00,2015-04-09 04:12:00
4686,0.0,0.0,0.0,0.0,0.0,0.0,0.0,0.0,2014-10-13 15:48:00,2014-10-14 14:36:00
1791,0.0,0.0,0.0,0.0,0.0,0.0,0.0,0.0,2012-06-22 04:24:00,2012-06-27 15:36:00
6780,0.0,0.0,0.0,0.0,0.0,0.0,0.0,0.0,2016-09-27 15:48:00,2016-10-07 15:12:00
6589,0.0,0.0,0.0,0.0,0.0,0.0,0.0,0.0,2016-05-28 10:12:00,2016-06-01 19:00:00
4188,0.0,0.0,0.0,0.0,0.0,0.0,0.0,0.0,2014-05-30 18:48:00,2014-05-31 03:36:00
4888,0.0,0.0,8.0,6.0,0.0,0.0,0.0,0.0,2014-12-02 01:24:00,2014-12-15 01:48:00
661,18.0,18.0,6.0,6.0,0.0,0.0,0.0,0.0,2011-06-09 01:12:00,2011-06-20 23:36:00
3452,0.0,0.0,0.0,0.0,0.0,0.0,0.0,0.0,2013-11-30 15:24:00,2013-12-09 08:24:00
734,0.0,0.0,0.0,0.0,0.0,0.0,0.0,0.0,2011-07-16 13:24:00,2011-07-17 21:00:00
731,0.0,0.0,0.0,0.0,0.0,0.0,0.0,0.0,2011-07-15 21:36:00,2011-07-15 23:48:00
3414,0.0,0.0,0.0,0.0,0.0,0.0,0.0,0.0,2013-11-21 03:48:00,2013-11-22 22:36:00
4687,0.0,0.0,0.0,0.0,0.0,0.0,0.0,0.0,2014-10-13 20:24:00,2014-10-24 06:24:00
6697,0.0,0.0,0.0,0.0,0.0,0.0,0.0,0.0,2016-08-06 10:24:00,2016-08-15 09:48:00
890,0.0,0.0,0.0,0.0,0.0,0.0,0.0,0.0,2011-09-21 08:12:00,2011-09-26 00:24:00
2166,0.0,0.0,0.0,0.0,0.0,0.0,0.0,0.0,2012-10-28 11:48:00,2012-11-09 06:48:00
4583,0.0,0.0,0.0,0.0,0.0,0.0,0.0,0.0,2014-09-19 15:12:00,2014-09-20 04:24:00
3243,0.0,0.0,0.0,0.0,0.0,0.0,0.0,0.0,2013-09-29 11:00:00,2013-09-30 10:36:00
2964,0.0,0.0,0.0,0.0,0.0,0.0,0.0,0.0,2013-07-13 02:36:00,2013-07-24 16:12:00
3182,0.0,0.0,0.0,0.0,0.0,0.0,0.0,0.0,2013-09-11 09:00:00,2013-09-11 20:36:00
239,0.0,0.0,0.0,0.0,0.0,0.0,0.0,0.0,2010-10-28 11:48:00,2010-10-31 08:12:00
4143,0.0,0.0,0.0,0.0,0.0,0.0,0.0,0.0,2014-05-16 09:36:00,2014-05-20 14:12:00
4737,0.0,0.0,0.0,0.0,0.0,0.0,0.0,0.0,2014-10-24 17:36:00,2014-10-24 23:48:00
6711,6.0,4.0,2.0,1.0,0.0,0.0,0.0,0.0,2016-08-14 18:00:00,2016-08-25 14:48:00
1029,0.0,0.0,0.0,0.0,0.0,0.0,0.0,0.0,2011-11-01 03:12:00,2011-11-03 22:48:00
7120,0.0,0.0,0.0,0.0,0.0,0.0,0.0,0.0,2017-08-30 22:48:00,2017-09-05 18:24:00
610,5.0,1.0,1.0,0.0,0.0,0.0,0.0,0.0,2011-05-17 15:48:00,2011-05-27 20:12:00
4365,0.0,0.0,0.0,0.0,0.0,0.0,0.0,0.0,2014-07-14 00:00:00,2014-07-18 12:00:00
785,0.0,0.0,0.0,0.0,0.0,0.0,0.0,0.0,2011-08-12 07:36:00,2011-08-19 13:48:00
361,8.0,8.0,0.0,0.0,0.0,0.0,0.0,0.0,2011-02-02 15:24:00,2011-02-08 08:48:00
5803,0.0,0.0,0.0,0.0,0.0,0.0,0.0,0.0,2015-07-21 22:12:00,2015-07-28 16:12:00
4047,0.0,0.0,0.0,0.0,0.0,0.0,0.0,0.0,2014-04-19 21:00:00,2014-04-27 04:00:00
1214,0.0,0.0,0.0,0.0,0.0,0.0,0.0,0.0,2011-12-17 11:48:00,2011-12-22 04:36:00
738,0.0,0.0,0.0,0.0,0.0,0.0,0.0,0.0,2011-07-17 08:12:00,2011-07-23 00:36:00
5330,0.0,0.0,0.0,0.0,0.0,0.0,0.0,0.0,2015-03-12 15:36:00,2015-03-15 19:00:00
978,0.0,0.0,0.0,0.0,0.0,0.0,0.0,0.0,2011-10-17 08:48:00,2011-10-21 21:24:00
6829,1.0,1.0,0.0,0.0,0.0,0.0,0.0,0.0,2016-10-31 21:12:00,2016-11-12 09:12:00
5992,0.0,0.0,0.0,0.0,0.0,0.0,0.0,0.0,2015-09-27 12:24:00,2015-09-28 02:00:00
4675,0.0,0.0,0.0,0.0,0.0,0.0,0.0,0.0,2014-10-10 12:48:00,2014-10-10 23:00:00
150,0.0,0.0,0.0,0.0,0.0,0.0,0.0,0.0,2010-08-27 02:24:00,2010-08-27 19:00:00
4338,0.0,0.0,0.0,0.0,0.0,0.0,0.0,0.0,2014-07-05 07:48:00,2014-07-13 11:24:00
3065,0.0,0.0,0.0,0.0,0.0,0.0,0.0,0.0,2013-08-11 20:48:00,2013-08-19 09:48:00
5690,0.0,0.0,0.0,0.0,0.0,0.0,0.0,0.0,2015-06-15 12:00:00,2015-06-18 21:00:00
1955,0.0,0.0,0.0,0.0,0.0,0.0,0.0,0.0,2012-08-21 13:36:00,2012-08-28 18:36:00
1367,2.0,3.0,4.0,4.0,0.0,0.0,0.0,0.0,2012-01-30 12:00:00,2012-02-10 23:36:00
3362,0.0,0.0,1.0,1.0,0.0,0.0,0.0,0.0,2013-11-07 08:48:00,2013-11-10 02:36:00
1309,0.0,0.0,3.0,2.0,0.0,0.0,0.0,0.0,2012-01-11 12:48:00,2012-01-20 06:00:00
4067,0.0,0.0,0.0,0.0,0.0,0.0,0.0,0.0,2014-04-25 08:00:00,2014-05-04 01:00:00
4991,0.0,0.0,0.0,0.0,0.0,0.0,0.0,0.0,2014-12-24 10:36:00,2015-01-02 10:24:00
1008,0.0,0.0,0.0,0.0,0.0,0.0,0.0,0.0,2011-10-26 03:00:00,2011-10-26 15:12:00
3306,0.0,0.0,0.0,0.0,0.0,0.0,0.0,0.0,2013-10-22 08:24:00,2013-10-30 10:00:00
6340,0.0,0.0,0.0,0.0,0.0,0.0,0.0,0.0,2016-02-07 07:48:00,2016-02-07 20:24:00
4984,0.0,0.0,0.0,0.0,0.0,0.0,0.0,0.0,2014-12-23 07:24:00,2014-12-26 05:36:00
601,0.0,0.0,0.0,0.0,0.0,0.0,0.0,0.0,2011-05-12 19:00:00,2011-05-16 17:12:00
3366,0.0,0.0,49.0,48.0,2.0,2.0,0.0,0.0,2013-11-09 14:12:00,2013-11-23 00:48:00
2724,0.0,0.0,0.0,0.0,0.0,0.0,0.0,0.0,2013-05-04 07:48:00,2013-05-05 21:24:00
140,0.0,0.0,0.0,0.0,0.0,0.0,0.0,0.0,2010-08-21 10:12:00,2010-08-23 03:12:00
4893,0.0,0.0,0.0,0.0,0.0,0.0,0.0,0.0,2014-12-03 11:12:00,2014-12-04 08:24:00
5080,0.0,0.0,0.0,0.0,0.0,0.0,0.0,0.0,2015-01-14 17:48:00,2015-01-16 05:12:00
1544,0.0,0.0,0.0,0.0,0.0,0.0,0.0,0.0,2012-04-04 18:48:00,2012-04-05 01:12:00
1782,0.0,0.0,0.0,0.0,0.0,0.0,0.0,0.0,2012-06-18 18:00:00,2012-06-25 10:00:00
1770,0.0,0.0,0.0,0.0,0.0,0.0,0.0,0.0,2012-06-11 19:12:00,2012-06-12 23:12:00
1692,0.0,0.0,0.0,0.0,0.0,0.0,0.0,0.0,2012-05-21 21:00:00,2012-05-24 16:00:00
2904,2.0,2.0,6.0,6.0,0.0,0.0,0.0,0.0,2013-06-26 11:00:00,2013-07-03 16:48:00
5674,0.0,0.0,0.0,0.0,0.0,0.0,0.0,0.0,2015-06-10 23:00:00,2015-06-14 06:12:00
3914,0.0,0.0,0.0,0.0,0.0,0.0,0.0,0.0,2014-03-25 13:24:00,2014-03-27 13:48:00
6026,2.0,2.0,19.0,14.0,2.0,0.0,0.0,0.0,2015-10-16 06:24:00,2015-10-30 21:12:00
2599,2.0,2.0,0.0,0.0,0.0,0.0,0.0,0.0,2013-03-27 12:12:00,2013-04-08 14:00:00
3901,0.0,0.0,0.0,0.0,0.0,0.0,0.0,0.0,2014-03-23 08:48:00,2014-04-03 06:00:00
4248,0.0,0.0,0.0,0.0,0.0,0.0,0.0,0.0,2014-06-13 23:48:00,2014-06-14 02:36:00
5527,0.0,0.0,0.0,0.0,0.0,0.0,0.0,0.0,2015-04-30 12:12:00,2015-05-09 05:36:00
6159,0.0,0.0,0.0,0.0,0.0,0.0,0.0,0.0,2015-12-04 00:24:00,2015-12-07 06:12:00
3114,0.0,0.0,0.0,0.0,0.0,0.0,0.0,0.0,2013-08-21 05:12:00,2013-08-24 23:00:00
6099,0.0,0.0,0.0,0.0,0.0,0.0,0.0,0.0,2015-11-12 11:12:00,2015-11-18 05:36:00
3602,0.0,0.0,0.0,0.0,0.0,0.0,0.0,0.0,2014-01-07 22:48:00,2014-01-08 01:12:00
7251,12.0,11.0,0.0,0.0,0.0,0.0,0.0,0.0,2018-04-18 22:36:00,2018-04-30 12:00:00
2475,0.0,0.0,0.0,0.0,0.0,0.0,0.0,0.0,2013-02-10 12:12:00,2013-02-19 21:36:00
1523,0.0,0.0,0.0,0.0,0.0,0.0,0.0,0.0,2012-03-29 08:00:00,2012-03-31 04:24:00
3497,0.0,0.0,48.0,48.0,6.0,6.0,0.0,0.0,2013-12-11 18:24:00,2013-12-25 09:48:00
2825,12.0,12.0,1.0,1.0,0.0,0.0,0.0,0.0,2013-06-03 22:12:00,2013-06-13 08:36:00
5196,0.0,0.0,0.0,0.0,0.0,0.0,0.0,0.0,2015-02-10 08:24:00,2015-02-12 11:36:00
553,0.0,0.0,0.0,0.0,0.0,0.0,0.0,0.0,2011-04-27 19:12:00,2011-04-28 10:12:00
6643,0.0,0.0,0.0,0.0,0.0,0.0,0.0,0.0,2016-06-24 19:24:00,2016-06-25 01:48:00
4508,0.0,0.0,0.0,0.0,0.0,0.0,0.0,0.0,2014-08-28 12:48:00,2014-09-05 10:12:00
5086,0.0,0.0,0.0,0.0,0.0,0.0,0.0,0.0,2015-01-15 20:00:00,2015-01-16 06:24:00
4379,8.0,8.0,2.0,2.0,0.0,0.0,0.0,0.0,2014-07-21 11:48:00,2014-08-03 10:24:00
324,0.0,0.0,0.0,0.0,0.0,0.0,0.0,0.0,2010-12-30 14:24:00,2011-01-09 07:12:00
2143,1.0,1.0,0.0,0.0,0.0,0.0,0.0,0.0,2012-10-22 23:24:00,2012-11-04 18:48:00
6715,2.0,2.0,0.0,0.0,0.0,0.0,0.0,0.0,2016-08-21 06:12:00,2016-09-02 11:12:00
1546,0.0,0.0,0.0,0.0,0.0,0.0,0.0,0.0,2012-04-07 07:12:00,2012-04-14 07:36:00
5105,0.0,0.0,0.0,0.0,0.0,0.0,0.0,0.0,2015-01-20 22:00:00,2015-01-22 17:48:00
2493,0.0,0.0,0.0,0.0,0.0,0.0,0.0,0.0,2013-02-16 00:12:00,2013-02-27 10:00:00
3556,0.0,0.0,0.0,0.0,0.0,0.0,0.0,0.0,2013-12-29 07:00:00,2014-01-02 23:36:00
4639,2.0,1.0,17.0,16.0,3.0,3.0,0.0,0.0,2014-10-01 12:48:00,2014-10-14 12:00:00
6905,0.0,0.0,0.0,0.0,0.0,0.0,0.0,0.0,2017-01-02 22:12:00,2017-01-03 02:00:00
3896,0.0,0.0,0.0,0.0,0.0,0.0,0.0,0.0,2014-03-21 21:00:00,2014-03-31 06:00:00
2560,1.0,1.0,3.0,3.0,0.0,0.0,0.0,0.0,2013-03-10 09:36:00,2013-03-21 12:00:00
5969,0.0,0.0,0.0,0.0,0.0,0.0,0.0,0.0,2015-09-18 07:24:00,2015-09-18 19:00:00
5413,0.0,0.0,0.0,0.0,0.0,0.0,0.0,0.0,2015-04-01 23:24:00,2015-04-12 08:36:00
5530,0.0,0.0,0.0,0.0,0.0,0.0,0.0,0.0,2015-05-01 10:00:00,2015-05-06 23:12:00
6055,0.0,0.0,0.0,0.0,0.0,0.0,0.0,0.0,2015-10-24 20:24:00,2015-10-25 22:12:00
1258,0.0,0.0,0.0,0.0,0.0,0.0,0.0,0.0,2011-12-27 09:36:00,2012-01-02 09:36:00
3098,0.0,0.0,1.0,1.0,0.0,0.0,0.0,0.0,2013-08-17 20:00:00,2013-08-30 00:24:00
5316,0.0,0.0,0.0,0.0,0.0,0.0,0.0,0.0,2015-03-09 21:12:00,2015-03-12 13:24:00
2640,0.0,0.0,0.0,0.0,0.0,0.0,0.0,0.0,2013-04-05 13:36:00,2013-04-07 18:48:00
5339,0.0,0.0,0.0,0.0,0.0,0.0,0.0,0.0,2015-03-15 19:00:00,2015-03-16 13:00:00
7274,2.0,2.0,0.0,0.0,0.0,0.0,0.0,0.0,2018-06-17 21:12:00,2018-06-21 00:00:00
5868,0.0,0.0,0.0,0.0,0.0,0.0,0.0,0.0,2015-08-09 20:24:00,2015-08-17 18:36:00
5749,0.0,0.0,0.0,0.0,0.0,0.0,0.0,0.0,2015-07-04 20:36:00,2015-07-08 22:12:00
2227,11.0,11.0,32.0,32.0,2.0,2.0,0.0,0.0,2012-11-18 21:12:00,2012-12-01 18:24:00
5215,0.0,0.0,0.0,0.0,0.0,0.0,0.0,0.0,2015-02-14 08:48:00,2015-02-17 06:00:00
5441,0.0,0.0,0.0,0.0,0.0,0.0,0.0,0.0,2015-04-07 11:12:00,2015-04-08 00:00:00
1637,0.0,0.0,0.0,0.0,0.0,0.0,0.0,0.0,2012-05-04 07:36:00,2012-05-06 17:12:00
3724,0.0,0.0,0.0,0.0,0.0,0.0,0.0,0.0,2014-02-05 16:36:00,2014-02-06 21:12:00
2754,0.0,0.0,3.0,2.0,0.0,0.0,0.0,0.0,2013-05-15 16:48:00,2013-05-19 15:48:00
3444,0.0,0.0,0.0,0.0,0.0,0.0,0.0,0.0,2013-11-29 10:12:00,2013-12-06 04:00:00
5072,0.0,0.0,0.0,0.0,0.0,0.0,0.0,0.0,2015-01-12 19:00:00,2015-01-18 05:48:00
5438,0.0,0.0,0.0,0.0,0.0,0.0,0.0,0.0,2015-04-06 01:24:00,2015-04-07 06:00:00
3930,0.0,0.0,0.0,0.0,0.0,0.0,0.0,0.0,2014-03-27 21:00:00,2014-03-28 15:36:00
5063,0.0,0.0,0.0,0.0,0.0,0.0,0.0,0.0,2015-01-10 22:12:00,2015-01-18 14:36:00
5206,0.0,0.0,0.0,0.0,0.0,0.0,0.0,0.0,2015-02-11 17:12:00,2015-02-13 10:48:00
7022,28.0,28.0,2.0,2.0,0.0,0.0,0.0,0.0,2017-05-21 05:36:00,2017-05-30 07:48:00
817,0.0,0.0,0.0,0.0,0.0,0.0,0.0,0.0,2011-08-25 02:12:00,2011-09-03 00:12:00
1332,0.0,0.0,0.0,0.0,0.0,0.0,0.0,0.0,2012-01-16 11:24:00,2012-01-16 20:12:00
3835,0.0,0.0,0.0,0.0,0.0,0.0,0.0,0.0,2014-03-07 03:12:00,2014-03-09 15:00:00
6018,0.0,0.0,0.0,0.0,0.0,0.0,0.0,0.0,2015-10-13 06:24:00,2015-10-13 18:00:00
4227,0.0,0.0,0.0,0.0,0.0,0.0,0.0,0.0,2014-06-10 06:24:00,2014-06-12 04:36:00
2966,1.0,1.0,0.0,0.0,0.0,0.0,0.0,0.0,2013-07-13 14:36:00,2013-07-26 01:48:00
3956,0.0,0.0,0.0,0.0,0.0,0.0,0.0,0.0,2014-04-01 04:24:00,2014-04-05 10:12:00
2741,0.0,0.0,0.0,0.0,0.0,0.0,0.0,0.0,2013-05-10 17:48:00,2013-05-19 17:00:00
5366,5.0,4.0,7.0,7.0,0.0,0.0,0.0,0.0,2015-03-22 08:36:00,2015-04-03 20:36:00
584,0.0,0.0,0.0,0.0,0.0,0.0,0.0,0.0,2011-05-07 05:24:00,2011-05-10 13:48:00
4011,0.0,0.0,0.0,0.0,0.0,0.0,0.0,0.0,2014-04-13 06:24:00,2014-04-22 19:48:00
5678,0.0,0.0,0.0,0.0,0.0,0.0,0.0,0.0,2015-06-12 17:36:00,2015-06-21 23:48:00
489,0.0,0.0,0.0,0.0,0.0,0.0,0.0,0.0,2011-04-05 20:48:00,2011-04-12 15:48:00
7203,0.0,0.0,0.0,0.0,0.0,0.0,0.0,0.0,2017-12-10 00:48:00,2017-12-15 16:48:00
7319,0.0,0.0,0.0,0.0,0.0,0.0,0.0,0.0,2018-10-19 20:12:00,2018-10-21 18:12:00
3149,10.0,10.0,8.0,8.0,0.0,0.0,0.0,0.0,2013-08-30 22:12:00,2013-09-08 00:36:00
4387,0.0,0.0,0.0,0.0,0.0,0.0,0.0,0.0,2014-07-24 14:12:00,2014-07-26 11:12:00
6403,0.0,0.0,1.0,1.0,0.0,0.0,0.0,0.0,2016-03-02 10:00:00,2016-03-15 02:00:00
3370,0.0,0.0,0.0,0.0,0.0,0.0,0.0,0.0,2013-11-10 07:00:00,2013-11-17 10:24:00
6679,0.0,0.0,0.0,0.0,0.0,0.0,0.0,0.0,2016-07-13 16:00:00,2016-07-19 18:00:00
2898,0.0,0.0,0.0,0.0,0.0,0.0,0.0,0.0,2013-06-24 18:12:00,2013-07-02 19:24:00
3920,0.0,0.0,0.0,0.0,0.0,0.0,0.0,0.0,2014-03-26 14:00:00,2014-03-31 16:12:00
7299,2.0,2.0,0.0,0.0,0.0,0.0,0.0,0.0,2018-08-18 18:36:00,2018-08-27 22:24:00
459,0.0,0.0,0.0,0.0,0.0,0.0,0.0,0.0,2011-03-27 19:48:00,2011-04-01 14:12:00
1205,0.0,0.0,0.0,0.0,0.0,0.0,0.0,0.0,2011-12-15 18:36:00,2011-12-18 20:00:00
2687,0.0,0.0,0.0,0.0,0.0,0.0,0.0,0.0,2013-04-23 02:48:00,2013-04-27 10:24:00
3314,0.0,0.0,0.0,0.0,0.0,0.0,0.0,0.0,2013-10-24 11:12:00,2013-10-24 22:12:00
1007,0.0,0.0,0.0,0.0,0.0,0.0,0.0,0.0,2011-10-24 15:12:00,2011-10-25 12:24:00
7053,0.0,0.0,0.0,0.0,0.0,0.0,0.0,0.0,2017-06-15 04:24:00,2017-06-22 04:24:00
1338,4.0,4.0,1.0,1.0,0.0,0.0,0.0,0.0,2012-01-20 16:24:00,2012-02-02 22:00:00
4065,7.0,5.0,1.0,1.0,0.0,0.0,0.0,0.0,2014-04-24 16:36:00,2014-05-01 11:36:00
921,0.0,0.0,0.0,1.0,0.0,0.0,0.0,0.0,2011-10-02 01:36:00,2011-10-14 13:12:00
606,0.0,0.0,0.0,0.0,0.0,0.0,0.0,0.0,2011-05-15 13:12:00,2011-05-24 20:24:00
2501,5.0,5.0,0.0,0.0,0.0,0.0,0.0,0.0,2013-02-23 20:00:00,2013-03-06 06:36:00
3879,2.0,2.0,27.0,27.0,1.0,1.0,0.0,0.0,2014-03-18 21:48:00,2014-04-01 06:48:00
6653,0.0,0.0,0.0,0.0,0.0,0.0,0.0,0.0,2016-07-02 06:00:00,2016-07-09 06:12:00
6220,0.0,0.0,0.0,0.0,0.0,0.0,0.0,0.0,2015-12-30 03:36:00,2016-01-04 15:12:00
2255,0.0,0.0,0.0,0.0,0.0,0.0,0.0,0.0,2012-11-29 10:48:00,2012-12-06 04:00:00
2871,0.0,0.0,0.0,0.0,0.0,0.0,0.0,0.0,2013-06-17 16:48:00,2013-06-18 00:24:00
6536,0.0,0.0,0.0,0.0,0.0,0.0,0.0,0.0,2016-05-02 17:24:00,2016-05-09 10:48:00
1318,1.0,1.0,0.0,0.0,0.0,0.0,0.0,0.0,2012-01-13 16:48:00,2012-01-25 14:00:00
2557,5.0,5.0,4.0,4.0,0.0,0.0,0.0,0.0,2013-03-10 22:00:00,2013-03-24 03:00:00
2582,0.0,0.0,0.0,0.0,0.0,0.0,0.0,0.0,2013-03-20 08:12:00,2013-03-29 06:12:00
4154,0.0,0.0,0.0,0.0,0.0,0.0,0.0,0.0,2014-05-18 19:36:00,2014-05-19 16:48:00
874,0.0,0.0,0.0,0.0,0.0,0.0,0.0,0.0,2011-09-15 14:12:00,2011-09-17 10:48:00
6405,0.0,0.0,0.0,0.0,0.0,0.0,0.0,0.0,2016-03-02 19:24:00,2016-03-07 14:48:00
6968,0.0,0.0,0.0,0.0,0.0,0.0,0.0,0.0,2017-03-21 06:00:00,2017-03-27 09:24:00
2041,0.0,0.0,0.0,0.0,0.0,0.0,0.0,0.0,2012-09-17 23:24:00,2012-09-27 01:00:00
2175,0.0,0.0,0.0,0.0,0.0,0.0,0.0,0.0,2012-11-03 08:36:00,2012-11-08 00:24:00
2270,13.0,15.0,2.0,2.0,0.0,0.0,0.0,0.0,2012-12-06 17:12:00,2012-12-15 08:24:00
7172,0.0,0.0,0.0,0.0,0.0,0.0,0.0,0.0,2017-10-22 22:24:00,2017-10-30 15:12:00
1349,0.0,0.0,0.0,0.0,0.0,0.0,0.0,0.0,2012-01-25 21:48:00,2012-02-01 07:36:00
6683,0.0,0.0,0.0,0.0,0.0,0.0,0.0,0.0,2016-07-16 15:36:00,2016-07-25 23:12:00
6247,2.0,2.0,0.0,0.0,0.0,0.0,0.0,0.0,2016-01-07 06:00:00,2016-01-10 16:36:00
2474,0.0,0.0,0.0,0.0,0.0,0.0,0.0,0.0,2013-02-10 11:36:00,2013-02-12 14:24:00
3557,0.0,0.0,0.0,0.0,0.0,0.0,0.0,0.0,2013-12-29 16:36:00,2014-01-05 21:12:00
4478,6.0,6.0,2.0,3.0,1.0,1.0,0.0,0.0,2014-08-22 04:00:00,2014-09-04 21:12:00
1500,3.0,4.0,3.0,3.0,1.0,1.0,0.0,0.0,2012-03-22 23:24:00,2012-04-05 10:12:00
6125,0.0,0.0,0.0,0.0,0.0,0.0,0.0,0.0,2015-11-19 04:12:00,2015-11-23 02:12:00
4562,0.0,0.0,0.0,0.0,0.0,0.0,0.0,0.0,2014-09-12 14:36:00,2014-09-18 03:12:00
4529,0.0,0.0,0.0,0.0,0.0,0.0,0.0,0.0,2014-09-03 00:36:00,2014-09-06 13:00:00
1320,0.0,0.0,0.0,0.0,0.0,0.0,0.0,0.0,2012-01-14 04:24:00,2012-01-16 17:24:00
1304,0.0,0.0,0.0,0.0,0.0,0.0,0.0,0.0,2012-01-10 00:36:00,2012-01-18 13:24:00
5211,1.0,1.0,0.0,0.0,0.0,0.0,0.0,0.0,2015-02-12 09:00:00,2015-02-15 22:12:00
3230,0.0,1.0,0.0,0.0,0.0,0.0,0.0,0.0,2013-09-25 18:48:00,2013-09-26 08:24:00
3153,0.0,0.0,0.0,0.0,0.0,0.0,0.0,0.0,2013-09-03 21:36:00,2013-09-13 23:00:00
1122,0.0,0.0,0.0,0.0,0.0,0.0,0.0,0.0,2011-11-28 12:36:00,2011-12-09 08:12:00
5453,0.0,0.0,0.0,0.0,0.0,0.0,0.0,0.0,2015-04-12 16:24:00,2015-04-14 17:48:00
6982,1.0,1.0,1.0,1.0,0.0,0.0,0.0,0.0,2017-04-01 08:24:00,2017-04-12 13:48:00
852,0.0,0.0,0.0,0.0,0.0,0.0,0.0,0.0,2011-09-10 12:48:00,2011-09-19 05:48:00
2344,1.0,1.0,1.0,1.0,0.0,0.0,0.0,0.0,2013-01-01 06:12:00,2013-01-13 07:00:00
3186,0.0,0.0,0.0,0.0,0.0,0.0,0.0,0.0,2013-09-15 10:24:00,2013-09-17 10:00:00
1370,0.0,0.0,0.0,0.0,0.0,0.0,0.0,0.0,2012-01-31 05:48:00,2012-01-31 06:36:00
7253,0.0,0.0,0.0,0.0,0.0,0.0,0.0,0.0,2018-04-21 01:24:00,2018-04-23 08:48:00
2179,0.0,0.0,0.0,0.0,0.0,0.0,0.0,0.0,2012-11-05 09:36:00,2012-11-15 23:12:00
1293,0.0,0.0,0.0,0.0,0.0,0.0,0.0,0.0,2012-01-05 22:24:00,2012-01-14 22:12:00
3899,0.0,0.0,0.0,0.0,0.0,0.0,0.0,0.0,2014-03-22 22:48:00,2014-03-26 21:24:00
1520,0.0,0.0,0.0,0.0,0.0,0.0,0.0,0.0,2012-03-28 09:12:00,2012-04-03 03:36:00
2308,0.0,0.0,0.0,0.0,0.0,0.0,0.0,0.0,2012-12-15 07:12:00,2012-12-18 00:24:00
6976,0.0,1.0,0.0,0.0,0.0,0.0,0.0,0.0,2017-03-28 21:00:00,2017-04-05 23:24:00
6925,0.0,0.0,0.0,0.0,0.0,0.0,0.0,0.0,2017-01-22 12:24:00,2017-01-23 04:48:00
5012,0.0,0.0,0.0,0.0,0.0,0.0,0.0,0.0,2014-12-29 09:48:00,2015-01-07 16:00:00
7229,5.0,5.0,0.0,0.0,0.0,0.0,0.0,0.0,2018-01-14 04:36:00,2018-01-22 11:36:00
6056,0.0,0.0,0.0,0.0,0.0,0.0,0.0,0.0,2015-10-25 12:36:00,2015-10-26 14:24:00
1634,1.0,1.0,2.0,1.0,0.0,0.0,0.0,0.0,2012-05-02 08:00:00,2012-05-12 22:00:00
3347,0.0,0.0,0.0,0.0,0.0,0.0,0.0,0.0,2013-11-03 09:36:00,2013-11-14 02:24:00
7129,0.0,0.0,0.0,0.0,0.0,0.0,0.0,0.0,2017-09-07 01:48:00,2017-09-07 12:36:00
6726,0.0,0.0,0.0,0.0,0.0,0.0,0.0,0.0,2016-08-27 05:48:00,2016-09-02 15:24:00
6221,0.0,0.0,0.0,0.0,0.0,0.0,0.0,0.0,2015-12-30 11:36:00,2015-12-31 08:48:00
1006,0.0,0.0,0.0,0.0,0.0,0.0,0.0,0.0,2011-10-24 13:00:00,2011-10-30 23:24:00
744,0.0,0.0,2.0,2.0,0.0,0.0,0.0,0.0,2011-07-20 20:12:00,2011-07-29 16:12:00
953,0.0,0.0,0.0,0.0,0.0,0.0,0.0,0.0,2011-10-11 07:12:00,2011-10-12 03:24:00
6459,0.0,0.0,0.0,0.0,0.0,0.0,0.0,0.0,2016-03-26 17:00:00,2016-03-27 14:00:00
5658,2.0,2.0,1.0,3.0,0.0,0.0,0.0,0.0,2015-06-06 03:36:00,2015-06-16 21:48:00
3003,0.0,0.0,0.0,0.0,0.0,0.0,0.0,0.0,2013-07-23 06:00:00,2013-07-28 21:12:00
5773,0.0,0.0,0.0,0.0,0.0,0.0,0.0,0.0,2015-07-11 21:36:00,2015-07-12 03:36:00
7301,0.0,0.0,0.0,0.0,0.0,0.0,0.0,0.0,2018-09-02 03:36:00,2018-09-05 00:00:00
307,0.0,0.0,0.0,0.0,0.0,0.0,0.0,0.0,2010-12-16 17:00:00,2010-12-27 00:36:00
4256,0.0,0.0,0.0,0.0,0.0,0.0,0.0,0.0,2014-06-15 20:48:00,2014-06-27 10:36:00
7112,0.0,0.0,0.0,0.0,0.0,0.0,0.0,0.0,2017-08-22 12:00:00,2017-08-23 12:36:00
776,0.0,0.0,0.0,0.0,0.0,0.0,0.0,0.0,2011-08-10 01:00:00,2011-08-13 06:24:00
4761,0.0,0.0,0.0,0.0,0.0,0.0,0.0,0.0,2014-10-29 15:24:00,2014-11-07 03:12:00
662,1.0,1.0,0.0,0.0,0.0,0.0,0.0,0.0,2011-06-09 09:00:00,2011-06-18 02:24:00
2993,0.0,0.0,0.0,0.0,0.0,0.0,0.0,0.0,2013-07-20 05:36:00,2013-07-24 09:24:00
6074,0.0,0.0,0.0,0.0,0.0,0.0,0.0,0.0,2015-11-03 10:36:00,2015-11-07 21:36:00
6550,12.0,12.0,7.0,6.0,0.0,0.0,0.0,0.0,2016-05-09 02:24:00,2016-05-21 07:48:00
182,1.0,1.0,0.0,0.0,0.0,0.0,0.0,0.0,2010-09-12 00:12:00,2010-09-17 19:12:00
4435,0.0,0.0,0.0,0.0,0.0,0.0,0.0,0.0,2014-08-04 06:24:00,2014-08-11 04:12:00
1540,0.0,0.0,0.0,0.0,0.0,0.0,0.0,0.0,2012-04-03 00:36:00,2012-04-10 04:00:00
2995,0.0,0.0,0.0,0.0,0.0,0.0,0.0,0.0,2013-07-20 16:36:00,2013-07-30 20:12:00
624,0.0,0.0,0.0,0.0,0.0,0.0,0.0,0.0,2011-05-23 11:36:00,2011-05-29 19:36:00
1060,0.0,0.0,0.0,0.0,0.0,0.0,0.0,0.0,2011-11-09 22:00:00,2011-11-10 14:48:00
6104,0.0,0.0,0.0,0.0,0.0,0.0,0.0,0.0,2015-11-14 01:24:00,2015-11-24 07:36:00
5375,0.0,0.0,1.0,1.0,0.0,0.0,0.0,0.0,2015-03-23 07:36:00,2015-04-02 09:36:00
6078,5.0,5.0,6.0,6.0,1.0,1.0,0.0,0.0,2015-11-06 01:00:00,2015-11-17 23:48:00
2083,0.0,0.0,0.0,0.0,0.0,0.0,0.0,0.0,2012-09-28 14:00:00,2012-09-28 18:12:00
2480,0.0,0.0,0.0,0.0,0.0,0.0,0.0,0.0,2013-02-11 11:12:00,2013-02-14 05:12:00
5503,0.0,0.0,0.0,0.0,0.0,0.0,0.0,0.0,2015-04-22 15:36:00,2015-04-23 05:00:00
2619,1.0,1.0,1.0,1.0,0.0,0.0,0.0,0.0,2013-04-01 00:00:00,2013-04-14 11:48:00
4136,0.0,0.0,0.0,0.0,0.0,0.0,0.0,0.0,2014-05-14 00:24:00,2014-05-16 18:48:00
4377,0.0,0.0,0.0,0.0,0.0,0.0,0.0,0.0,2014-07-20 06:36:00,2014-07-28 05:24:00
5219,0.0,0.0,0.0,0.0,0.0,0.0,0.0,0.0,2015-02-15 00:36:00,2015-02-16 22:00:00
6906,0.0,0.0,0.0,0.0,0.0,0.0,0.0,0.0,2017-01-04 17:24:00,2017-01-05 04:24:00
5961,0.0,0.0,0.0,1.0,0.0,0.0,0.0,0.0,2015-09-12 23:00:00,2015-09-25 19:24:00
5178,0.0,0.0,0.0,0.0,0.0,0.0,0.0,0.0,2015-02-06 15:48:00,2015-02-08 01:36:00
1557,0.0,0.0,0.0,0.0,0.0,0.0,0.0,0.0,2012-04-09 14:48:00,2012-04-20 10:12:00
1868,0.0,0.0,0.0,0.0,0.0,0.0,0.0,0.0,2012-07-15 18:00:00,2012-07-16 11:36:00
4127,0.0,0.0,0.0,0.0,0.0,0.0,0.0,0.0,2014-05-11 02:48:00,2014-05-13 05:36:00
4864,0.0,0.0,0.0,0.0,0.0,0.0,0.0,0.0,2014-11-23 04:24:00,2014-12-06 23:12:00
2151,0.0,0.0,0.0,0.0,0.0,0.0,0.0,0.0,2012-10-25 08:00:00,2012-10-25 17:24:00
6017,0.0,0.0,0.0,0.0,0.0,0.0,0.0,0.0,2015-10-13 01:48:00,2015-10-20 09:24:00
6229,0.0,0.0,0.0,0.0,0.0,0.0,0.0,0.0,2016-01-03 00:00:00,2016-01-08 09:12:00
3933,0.0,0.0,0.0,0.0,0.0,0.0,0.0,0.0,2014-03-28 06:36:00,2014-03-29 08:24:00
1991,0.0,0.0,0.0,0.0,0.0,0.0,0.0,0.0,2012-08-28 17:36:00,2012-08-29 18:12:00
5765,0.0,0.0,0.0,0.0,0.0,0.0,0.0,0.0,2015-07-08 22:12:00,2015-07-17 21:24:00
4017,0.0,0.0,0.0,0.0,0.0,0.0,0.0,0.0,2014-04-13 21:48:00,2014-04-14 17:48:00
7188,0.0,0.0,0.0,0.0,0.0,0.0,0.0,0.0,2017-11-11 16:24:00,2017-11-14 01:00:00
4892,0.0,0.0,0.0,0.0,0.0,0.0,0.0,0.0,2014-12-03 09:48:00,2014-12-03 10:12:00
1176,0.0,0.0,0.0,0.0,0.0,0.0,0.0,0.0,2011-12-09 04:48:00,2011-12-16 01:12:00
4619,0.0,0.0,0.0,0.0,0.0,0.0,0.0,0.0,2014-09-27 14:12:00,2014-10-04 08:00:00
4629,0.0,0.0,0.0,0.0,0.0,0.0,0.0,0.0,2014-09-29 08:36:00,2014-09-29 18:00:00
6036,0.0,0.0,0.0,0.0,0.0,0.0,0.0,0.0,2015-10-17 20:48:00,2015-10-26 02:12:00
5596,2.0,2.0,3.0,3.0,0.0,0.0,0.0,0.0,2015-05-19 11:12:00,2015-05-27 22:12:00
887,0.0,0.0,0.0,0.0,0.0,0.0,0.0,0.0,2011-09-20 12:36:00,2011-09-25 12:00:00
6835,0.0,0.0,0.0,0.0,0.0,0.0,0.0,0.0,2016-11-03 14:36:00,2016-11-10 13:24:00
4073,2.0,2.0,4.0,4.0,0.0,0.0,0.0,0.0,2014-04-26 19:36:00,2014-05-10 02:00:00
1774,0.0,0.0,0.0,0.0,0.0,0.0,0.0,0.0,2012-06-14 01:36:00,2012-06-19 01:12:00
4124,0.0,0.0,0.0,0.0,0.0,0.0,0.0,0.0,2014-05-10 17:36:00,2014-05-14 03:24:00
97,0.0,0.0,0.0,0.0,0.0,0.0,0.0,0.0,2010-07-21 20:24:00,2010-07-24 20:24:00
1787,0.0,0.0,0.0,0.0,0.0,0.0,0.0,0.0,2012-06-20 22:12:00,2012-06-28 19:48:00
314,0.0,0.0,0.0,0.0,0.0,0.0,0.0,0.0,2010-12-21 22:00:00,2010-12-25 03:36:00
4796,0.0,0.0,0.0,0.0,0.0,0.0,0.0,0.0,2014-11-07 00:24:00,2014-11-07 20:36:00
702,0.0,0.0,1.0,1.0,0.0,0.0,0.0,0.0,2011-07-07 09:24:00,2011-07-15 18:48:00
3169,0.0,0.0,0.0,0.0,0.0,0.0,0.0,0.0,2013-09-09 08:24:00,2013-09-18 05:48:00
6863,9.0,9.0,0.0,0.0,0.0,0.0,0.0,0.0,2016-11-22 14:48:00,2016-12-05 17:24:00
4725,0.0,0.0,0.0,0.0,0.0,0.0,0.0,0.0,2014-10-21 08:48:00,2014-10-25 18:36:00
2414,0.0,0.0,0.0,0.0,0.0,0.0,0.0,0.0,2013-01-22 15:36:00,2013-02-04 14:36:00
5221,0.0,0.0,0.0,0.0,0.0,0.0,0.0,0.0,2015-02-15 03:48:00,2015-02-15 13:12:00
1663,0.0,0.0,0.0,0.0,0.0,0.0,0.0,0.0,2012-05-13 12:12:00,2012-05-17 14:00:00
3695,0.0,0.0,0.0,0.0,0.0,0.0,0.0,0.0,2014-01-29 21:12:00,2014-01-30 05:48:00
6758,0.0,0.0,0.0,0.0,0.0,0.0,0.0,0.0,2016-09-12 16:36:00,2016-09-12 20:00:00
1422,2.0,2.0,1.0,1.0,0.0,0.0,0.0,0.0,2012-02-22 20:24:00,2012-03-06 19:48:00
6295,0.0,0.0,0.0,0.0,0.0,0.0,0.0,0.0,2016-01-20 04:48:00,2016-01-20 08:36:00
2139,0.0,0.0,0.0,0.0,0.0,0.0,0.0,0.0,2012-10-21 03:12:00,2012-10-27 13:48:00
4423,0.0,0.0,0.0,0.0,0.0,0.0,0.0,0.0,2014-08-01 07:48:00,2014-08-09 02:12:00
44,0.0,0.0,0.0,0.0,0.0,0.0,0.0,0.0,2010-06-01 03:36:00,2010-06-03 04:12:00
7189,6.0,7.0,0.0,0.0,0.0,0.0,0.0,0.0,2017-11-13 09:12:00,2017-11-25 09:00:00
1993,2.0,2.0,18.0,20.0,1.0,1.0,0.0,0.0,2012-08-29 10:36:00,2012-09-08 04:12:00
6796,0.0,0.0,0.0,0.0,0.0,0.0,0.0,0.0,2016-10-03 19:00:00,2016-10-10 02:12:00
6043,0.0,0.0,0.0,0.0,0.0,0.0,0.0,0.0,2015-10-19 12:48:00,2015-10-21 19:12:00
6383,26.0,25.0,4.0,4.0,0.0,0.0,0.0,0.0,2016-02-22 13:48:00,2016-03-06 00:00:00
4790,0.0,0.0,0.0,0.0,0.0,0.0,0.0,0.0,2014-11-06 00:00:00,2014-11-06 14:36:00
5711,0.0,0.0,0.0,0.0,0.0,0.0,0.0,0.0,2015-06-24 01:24:00,2015-06-26 18:12:00
2465,0.0,0.0,0.0,0.0,0.0,0.0,0.0,0.0,2013-02-06 23:36:00,2013-02-14 05:00:00
2727,0.0,0.0,3.0,1.0,0.0,0.0,0.0,0.0,2013-05-05 06:48:00,2013-05-17 03:48:00
4747,0.0,0.0,0.0,0.0,0.0,0.0,0.0,0.0,2014-10-27 04:48:00,2014-11-04 05:24:00
4243,0.0,0.0,0.0,0.0,0.0,0.0,0.0,0.0,2014-06-12 13:48:00,2014-06-14 01:48:00
1493,1.0,1.0,0.0,0.0,0.0,0.0,0.0,0.0,2012-03-21 21:24:00,2012-03-24 06:12:00
2436,0.0,0.0,0.0,0.0,0.0,0.0,0.0,0.0,2013-01-30 01:24:00,2013-02-08 02:12:00
4875,0.0,0.0,0.0,0.0,0.0,0.0,0.0,0.0,2014-11-26 06:00:00,2014-12-06 10:48:00
7321,0.0,0.0,0.0,0.0,0.0,0.0,0.0,0.0,2018-11-08 14:36:00,2018-11-10 04:00:00
7280,0.0,0.0,0.0,0.0,0.0,0.0,0.0,0.0,2018-06-25 01:12:00,2018-06-27 09:12:00
3293,0.0,0.0,0.0,0.0,0.0,0.0,0.0,0.0,2013-10-17 03:48:00,2013-10-25 03:12:00
199,0.0,0.0,0.0,0.0,0.0,0.0,0.0,0.0,2010-09-28 17:24:00,2010-09-29 10:48:00
1854,0.0,0.0,0.0,0.0,0.0,0.0,0.0,0.0,2012-07-08 13:36:00,2012-07-08 16:00:00
4231,1.0,1.0,11.0,11.0,1.0,1.0,0.0,0.0,2014-06-10 20:24:00,2014-06-19 22:12:00
1952,0.0,0.0,0.0,0.0,0.0,0.0,0.0,0.0,2012-08-20 03:48:00,2012-08-25 17:00:00
3400,0.0,0.0,0.0,0.0,0.0,0.0,0.0,0.0,2013-11-17 04:12:00,2013-11-30 08:24:00
6604,0.0,0.0,0.0,0.0,0.0,0.0,0.0,0.0,2016-06-03 12:48:00,2016-06-09 13:48:00
948,0.0,0.0,1.0,0.0,0.0,0.0,0.0,0.0,2011-10-10 18:24:00,2011-10-23 21:24:00
3304,0.0,0.0,0.0,0.0,0.0,0.0,0.0,0.0,2013-10-21 11:48:00,2013-10-24 11:24:00
2094,0.0,0.0,0.0,0.0,0.0,0.0,0.0,0.0,2012-10-01 00:48:00,2012-10-06 01:12:00
3124,0.0,0.0,0.0,0.0,0.0,0.0,0.0,0.0,2013-08-24 21:48:00,2013-09-04 02:00:00
6838,6.0,6.0,0.0,0.0,0.0,0.0,0.0,0.0,2016-11-09 16:12:00,2016-11-20 08:12:00
7228,0.0,0.0,0.0,0.0,0.0,0.0,0.0,0.0,2018-01-09 01:48:00,2018-01-12 09:24:00
6736,0.0,0.0,0.0,0.0,0.0,0.0,0.0,0.0,2016-09-05 14:48:00,2016-09-06 13:00:00
6471,0.0,0.0,0.0,0.0,0.0,0.0,0.0,0.0,2016-04-01 11:12:00,2016-04-04 15:24:00
5239,0.0,0.0,0.0,0.0,0.0,0.0,0.0,0.0,2015-02-19 00:36:00,2015-02-20 22:12:00
2573,0.0,0.0,0.0,0.0,0.0,0.0,0.0,0.0,2013-03-16 00:00:00,2013-03-21 20:24:00
7323,0.0,0.0,0.0,0.0,0.0,0.0,0.0,0.0,2018-11-14 21:00:00,2018-11-20 03:00:00
5152,0.0,0.0,0.0,0.0,0.0,0.0,0.0,0.0,2015-02-03 04:12:00,2015-02-13 07:12:00
3189,0.0,0.0,0.0,0.0,0.0,0.0,0.0,0.0,2013-09-16 11:36:00,2013-09-17 17:00:00
2014,0.0,0.0,0.0,0.0,0.0,0.0,0.0,0.0,2012-09-04 13:36:00,2012-09-11 05:24:00
4422,0.0,0.0,1.0,0.0,0.0,0.0,0.0,0.0,2014-08-01 00:36:00,2014-08-08 20:12:00
2739,0.0,0.0,14.0,12.0,2.0,2.0,0.0,0.0,2013-05-10 06:36:00,2013-05-23 12:36:00
3012,1.0,1.0,0.0,0.0,0.0,0.0,0.0,0.0,2013-07-26 03:00:00,2013-08-07 11:12:00
3677,0.0,0.0,0.0,0.0,0.0,0.0,0.0,0.0,2014-01-22 23:00:00,2014-01-26 19:00:00
7117,31.0,31.0,15.0,14.0,0.0,0.0,0.0,0.0,2017-08-28 22:48:00,2017-09-12 09:48:00
1,3.0,7.0,1.0,0.0,0.0,0.0,0.0,0.0,2010-05-01 00:00:00,2010-05-11 16:12:00
3535,2.0,2.0,34.0,33.0,4.0,4.0,0.0,0.0,2013-12-22 18:48:00,2014-01-05 10:24:00
1869,0.0,0.0,0.0,0.0,0.0,0.0,0.0,0.0,2012-07-16 06:36:00,2012-07-17 14:24:00
2783,0.0,0.0,0.0,0.0,0.0,0.0,0.0,0.0,2013-05-25 01:24:00,2013-05-29 00:00:00
6237,0.0,0.0,0.0,0.0,0.0,0.0,0.0,0.0,2016-01-04 00:48:00,2016-01-07 16:48:00
5106,0.0,0.0,0.0,0.0,0.0,0.0,0.0,0.0,2015-01-21 11:24:00,2015-01-29 15:36:00
2288,0.0,0.0,0.0,0.0,0.0,0.0,0.0,0.0,2012-12-10 18:12:00,2012-12-18 19:12:00
1721,0.0,0.0,0.0,0.0,0.0,0.0,0.0,0.0,2012-05-29 13:36:00,2012-05-29 23:36:00
1590,0.0,0.0,0.0,0.0,0.0,0.0,0.0,0.0,2012-04-17 23:00:00,2012-04-18 13:00:00
3040,0.0,0.0,0.0,0.0,0.0,0.0,0.0,0.0,2013-08-02 22:00:00,2013-08-06 01:48:00
2809,16.0,12.0,2.0,1.0,1.0,1.0,0.0,0.0,2013-05-28 22:24:00,2013-06-07 20:24:00
128,1.0,0.0,0.0,0.0,0.0,0.0,0.0,0.0,2010-08-09 17:12:00,2010-08-21 14:24:00
358,0.0,0.0,0.0,0.0,0.0,0.0,0.0,0.0,2011-01-30 18:36:00,2011-02-06 05:36:00
1768,0.0,0.0,0.0,0.0,0.0,0.0,0.0,0.0,2012-06-11 05:48:00,2012-06-12 22:12:00
6359,3.0,3.0,1.0,1.0,0.0,0.0,0.0,0.0,2016-02-14 07:36:00,2016-02-26 22:36:00
4337,0.0,0.0,0.0,0.0,0.0,0.0,0.0,0.0,2014-07-05 03:48:00,2014-07-15 03:12:00
6723,0.0,0.0,0.0,0.0,0.0,0.0,0.0,0.0,2016-08-25 13:48:00,2016-08-27 09:36:00
5026,0.0,0.0,20.0,20.0,3.0,3.0,0.0,0.0,2015-01-04 03:48:00,2015-01-14 14:48:00
5605,0.0,0.0,0.0,0.0,0.0,0.0,0.0,0.0,2015-05-21 07:00:00,2015-05-21 14:24:00
5054,0.0,0.0,1.0,1.0,0.0,0.0,0.0,0.0,2015-01-08 20:48:00,2015-01-20 04:36:00
5526,10.0,10.0,25.0,23.0,2.0,2.0,0.0,0.0,2015-04-30 04:36:00,2015-05-13 02:12:00
4848,0.0,0.0,0.0,0.0,0.0,0.0,0.0,0.0,2014-11-18 14:24:00,2014-11-19 04:36:00
4524,0.0,0.0,0.0,0.0,0.0,0.0,0.0,0.0,2014-08-31 14:48:00,2014-09-02 18:00:00
814,7.0,7.0,10.0,5.0,3.0,3.0,0.0,0.0,2011-08-24 05:00:00,2011-09-06 08:48:00
1990,0.0,0.0,3.0,3.0,0.0,0.0,0.0,0.0,2012-08-28 15:12:00,2012-09-09 23:48:00
7118,0.0,0.0,0.0,0.0,0.0,0.0,0.0,0.0,2017-08-29 21:12:00,2017-09-06 02:12:00
1450,0.0,0.0,0.0,0.0,0.0,0.0,0.0,0.0,2012-03-02 23:36:00,2012-03-05 01:48:00
3205,2.0,2.0,1.0,1.0,0.0,0.0,0.0,0.0,2013-09-19 11:36:00,2013-09-29 10:00:00
4069,0.0,0.0,0.0,0.0,0.0,0.0,0.0,0.0,2014-04-25 15:00:00,2014-04-29 14:48:00
4602,0.0,0.0,0.0,0.0,0.0,0.0,0.0,0.0,2014-09-23 03:00:00,2014-09-24 15:48:00
682,0.0,0.0,0.0,0.0,0.0,0.0,0.0,0.0,2011-06-24 14:36:00,2011-07-01 02:00:00
5845,2.0,1.0,0.0,0.0,0.0,0.0,0.0,0.0,2015-08-02 07:12:00,2015-08-12 19:12:00
7020,0.0,0.0,0.0,0.0,0.0,0.0,0.0,0.0,2017-05-20 11:12:00,2017-05-28 21:24:00
2811,0.0,0.0,0.0,0.0,0.0,0.0,0.0,0.0,2013-05-29 11:24:00,2013-06-02 00:48:00
3193,0.0,0.0,0.0,0.0,0.0,0.0,0.0,0.0,2013-09-17 03:48:00,2013-09-17 20:24:00
2162,0.0,0.0,0.0,0.0,0.0,0.0,0.0,0.0,2012-10-27 21:36:00,2012-11-01 21:48:00
3074,0.0,0.0,0.0,0.0,0.0,0.0,0.0,0.0,2013-08-12 18:12:00,2013-08-15 13:24:00
5967,0.0,0.0,0.0,0.0,0.0,0.0,0.0,0.0,2015-09-17 01:36:00,2015-09-25 04:00:00
156,11.0,22.0,1.0,1.0,0.0,0.0,0.0,0.0,2010-09-02 02:12:00,2010-09-08 12:48:00
4715,0.0,0.0,0.0,0.0,0.0,0.0,0.0,0.0,2014-10-18 09:48:00,2014-10-23 16:48:00
1593,0.0,0.0,0.0,0.0,0.0,0.0,0.0,0.0,2012-04-18 20:24:00,2012-04-21 05:00:00
3735,0.0,0.0,0.0,0.0,0.0,0.0,0.0,0.0,2014-02-08 16:48:00,2014-02-12 21:48:00
1822,0.0,0.0,0.0,0.0,0.0,0.0,0.0,0.0,2012-07-01 01:36:00,2012-07-02 14:24:00
714,2.0,2.0,0.0,0.0,0.0,0.0,0.0,0.0,2011-07-10 16:36:00,2011-07-24 01:36:00
5406,0.0,0.0,0.0,0.0,0.0,0.0,0.0,0.0,2015-03-31 05:48:00,2015-03-31 15:24:00
7275,3.0,3.0,0.0,0.0,0.0,0.0,0.0,0.0,2018-06-19 10:48:00,2018-06-21 00:00:00
5704,0.0,0.0,0.0,0.0,0.0,0.0,0.0,0.0,2015-06-20 04:12:00,2015-06-21 12:24:00
4375,1.0,1.0,0.0,0.0,0.0,0.0,0.0,0.0,2014-07-18 09:36:00,2014-07-26 04:48:00
6424,5.0,5.0,2.0,2.0,0.0,0.0,0.0,0.0,2016-03-10 23:12:00,2016-03-18 22:36:00
937,0.0,0.0,0.0,0.0,0.0,0.0,0.0,0.0,2011-10-07 02:36:00,2011-10-14 10:00:00
6449,0.0,0.0,0.0,0.0,0.0,0.0,0.0,0.0,2016-03-21 16:48:00,2016-03-25 22:00:00
2676,0.0,0.0,0.0,0.0,0.0,0.0,0.0,0.0,2013-04-19 17:24:00,2013-04-21 07:36:00
415,0.0,0.0,2.0,0.0,1.0,0.0,0.0,0.0,2011-03-07 23:48:00,2011-03-18 20:12:00
66,0.0,2.0,0.0,0.0,0.0,0.0,0.0,0.0,2010-06-23 12:12:00,2010-07-02 03:24:00
668,0.0,0.0,0.0,0.0,0.0,0.0,0.0,0.0,2011-06-14 10:36:00,2011-06-14 13:24:00
559,0.0,0.0,0.0,0.0,0.0,0.0,0.0,0.0,2011-04-28 10:24:00,2011-04-29 08:36:00
6404,1.0,1.0,0.0,0.0,0.0,0.0,0.0,0.0,2016-03-02 13:24:00,2016-03-06 12:24:00
2066,0.0,0.0,0.0,0.0,0.0,0.0,0.0,0.0,2012-09-25 02:00:00,2012-10-03 13:36:00
3226,0.0,0.0,0.0,0.0,0.0,0.0,0.0,0.0,2013-09-24 12:00:00,2013-10-03 12:00:00
4998,0.0,0.0,0.0,0.0,0.0,0.0,0.0,0.0,2014-12-25 09:24:00,2014-12-31 05:48:00
6339,0.0,0.0,0.0,0.0,0.0,0.0,0.0,0.0,2016-02-07 05:24:00,2016-02-13 22:00:00
2098,10.0,10.0,4.0,3.0,0.0,0.0,0.0,0.0,2012-10-01 15:24:00,2012-10-14 05:00:00
4536,2.0,2.0,12.0,12.0,1.0,1.0,1.0,1.0,2014-09-04 06:00:00,2014-09-17 22:48:00
3779,0.0,0.0,7.0,7.0,1.0,1.0,0.0,0.0,2014-02-18 23:24:00,2014-03-03 19:12:00
5079,0.0,0.0,0.0,0.0,0.0,0.0,0.0,0.0,2015-01-14 16:00:00,2015-01-16 21:24:00
4813,0.0,0.0,0.0,0.0,0.0,0.0,0.0,0.0,2014-11-10 15:24:00,2014-11-12 07:00:00
6870,42.0,42.0,12.0,12.0,2.0,2.0,0.0,0.0,2016-11-28 14:24:00,2016-12-10 00:00:00
5908,0.0,0.0,0.0,0.0,0.0,0.0,0.0,0.0,2015-08-24 21:36:00,2015-09-02 14:36:00
4229,0.0,0.0,0.0,0.0,0.0,0.0,0.0,0.0,2014-06-10 08:24:00,2014-06-15 11:48:00
456,0.0,0.0,0.0,0.0,0.0,0.0,0.0,0.0,2011-03-27 07:48:00,2011-03-29 06:00:00
4466,7.0,7.0,24.0,24.0,2.0,3.0,0.0,0.0,2014-08-16 03:00:00,2014-08-30 16:24:00
6015,17.0,17.0,40.0,40.0,2.0,2.0,0.0,0.0,2015-10-12 22:48:00,2015-10-25 23:12:00
7033,0.0,0.0,0.0,0.0,0.0,0.0,0.0,0.0,2017-05-29 13:00:00,2017-05-31 01:00:00
4913,0.0,0.0,0.0,0.0,0.0,0.0,0.0,0.0,2014-12-08 04:00:00,2014-12-09 18:24:00
7232,0.0,0.0,0.0,0.0,0.0,0.0,0.0,0.0,2018-01-21 08:36:00,2018-01-21 18:36:00
5182,0.0,0.0,0.0,0.0,0.0,0.0,0.0,0.0,2015-02-07 03:48:00,2015-02-09 07:24:00
5538,0.0,0.0,0.0,0.0,0.0,0.0,0.0,0.0,2015-05-03 17:00:00,2015-05-10 08:36:00
1837,0.0,0.0,0.0,0.0,0.0,0.0,0.0,0.0,2012-07-05 06:36:00,2012-07-06 14:24:00
257,0.0,0.0,0.0,0.0,0.0,0.0,0.0,0.0,2010-11-12 22:24:00,2010-11-23 12:48:00
2626,0.0,0.0,1.0,1.0,0.0,0.0,0.0,0.0,2013-04-02 05:12:00,2013-04-07 14:12:00
1275,4.0,5.0,8.0,8.0,0.0,0.0,0.0,0.0,2012-01-01 19:24:00,2012-01-12 16:24:00
45,1.0,1.0,0.0,0.0,0.0,0.0,0.0,0.0,2010-06-02 17:36:00,2010-06-08 10:24:00
2548,0.0,0.0,0.0,0.0,0.0,0.0,0.0,0.0,2013-03-08 13:12:00,2013-03-12 04:12:00
245,55.0,59.0,25.0,25.0,4.0,4.0,0.0,0.0,2010-11-03 23:24:00,2010-11-16 21:24:00
6440,0.0,0.0,0.0,0.0,0.0,0.0,0.0,0.0,2016-03-17 03:00:00,2016-03-17 12:12:00
68,0.0,0.0,0.0,0.0,0.0,0.0,0.0,0.0,2010-06-24 21:00:00,2010-06-27 04:24:00
4644,0.0,0.0,0.0,0.0,0.0,0.0,0.0,0.0,2014-10-02 08:00:00,2014-10-03 07:12:00
4111,0.0,0.0,21.0,21.0,0.0,0.0,0.0,0.0,2014-05-07 13:48:00,2014-05-21 11:36:00
2123,1.0,1.0,4.0,4.0,0.0,0.0,0.0,0.0,2012-10-16 16:36:00,2012-10-26 04:36:00
5287,0.0,0.0,0.0,0.0,0.0,0.0,0.0,0.0,2015-03-04 15:00:00,2015-03-12 05:48:00
4690,0.0,0.0,0.0,0.0,0.0,0.0,0.0,0.0,2014-10-14 08:00:00,2014-10-21 23:36:00
219,0.0,0.0,0.0,0.0,0.0,0.0,0.0,0.0,2010-10-14 04:12:00,2010-10-16 00:36:00
2564,0.0,0.0,0.0,0.0,0.0,0.0,0.0,0.0,2013-03-11 06:00:00,2013-03-13 15:48:00
6350,0.0,0.0,0.0,0.0,0.0,0.0,0.0,0.0,2016-02-11 14:36:00,2016-02-17 09:12:00
4153,0.0,0.0,0.0,0.0,0.0,0.0,0.0,0.0,2014-05-18 19:12:00,2014-05-20 23:00:00
2861,0.0,1.0,2.0,2.0,0.0,0.0,0.0,0.0,2013-06-14 13:12:00,2013-06-26 06:48:00
4645,0.0,0.0,0.0,0.0,0.0,0.0,0.0,0.0,2014-10-02 11:12:00,2014-10-06 10:24:00
6948,0.0,0.0,0.0,0.0,0.0,0.0,0.0,0.0,2017-02-08 08:36:00,2017-02-08 20:00:00
1075,0.0,0.0,4.0,3.0,0.0,0.0,0.0,0.0,2011-11-12 16:48:00,2011-11-20 18:12:00
7258,0.0,0.0,0.0,0.0,0.0,0.0,0.0,0.0,2018-05-19 00:00:00,2018-05-19 10:12:00
4814,0.0,0.0,0.0,0.0,0.0,0.0,0.0,0.0,2014-11-11 04:24:00,2014-11-19 20:00:00
7267,0.0,0.0,0.0,0.0,0.0,0.0,0.0,0.0,2018-06-05 07:48:00,2018-06-11 10:36:00
371,2.0,1.0,1.0,0.0,0.0,0.0,0.0,0.0,2011-02-10 04:36:00,2011-02-17 23:36:00
4269,0.0,0.0,0.0,0.0,0.0,0.0,0.0,0.0,2014-06-20 02:00:00,2014-06-27 10:24:00
4516,0.0,0.0,0.0,0.0,0.0,0.0,0.0,0.0,2014-08-30 01:36:00,2014-08-31 20:48:00
1496,0.0,0.0,0.0,0.0,0.0,0.0,0.0,0.0,2012-03-22 14:24:00,2012-03-23 06:00:00
336,0.0,0.0,0.0,0.0,0.0,0.0,0.0,0.0,2011-01-06 05:36:00,2011-01-06 16:24:00
4642,0.0,0.0,0.0,0.0,0.0,0.0,0.0,0.0,2014-10-01 17:48:00,2014-10-01 23:00:00
595,0.0,0.0,0.0,0.0,0.0,0.0,0.0,0.0,2011-05-11 07:12:00,2011-05-17 17:36:00
3657,0.0,0.0,0.0,0.0,0.0,0.0,0.0,0.0,2014-01-19 00:00:00,2014-01-20 13:48:00
4734,0.0,0.0,0.0,0.0,0.0,0.0,0.0,0.0,2014-10-23 17:48:00,2014-11-05 19:12:00
3061,0.0,0.0,0.0,0.0,0.0,0.0,0.0,0.0,2013-08-10 12:48:00,2013-08-13 12:36:00
739,0.0,0.0,0.0,0.0,0.0,0.0,0.0,0.0,2011-07-17 08:24:00,2011-07-25 05:48:00
6368,0.0,0.0,0.0,0.0,0.0,0.0,0.0,0.0,2016-02-18 11:48:00,2016-02-19 00:00:00
5702,0.0,0.0,0.0,0.0,0.0,0.0,0.0,0.0,2015-06-19 04:36:00,2015-06-21 11:00:00
1438,0.0,0.0,0.0,0.0,0.0,0.0,0.0,0.0,2012-02-26 16:48:00,2012-02-26 23:12:00
620,0.0,0.0,0.0,0.0,0.0,0.0,0.0,0.0,2011-05-22 08:48:00,2011-05-24 18:48:00
5517,0.0,0.0,0.0,0.0,0.0,0.0,0.0,0.0,2015-04-27 07:00:00,2015-04-27 17:36:00
4519,0.0,0.0,0.0,0.0,0.0,0.0,0.0,0.0,2014-08-31 00:36:00,2014-09-07 15:48:00
5036,0.0,0.0,1.0,1.0,0.0,0.0,0.0,0.0,2015-01-06 01:24:00,2015-01-18 06:48:00
1596,3.0,4.0,15.0,15.0,0.0,0.0,0.0,0.0,2012-04-19 14:48:00,2012-04-30 13:12:00
2438,0.0,0.0,0.0,0.0,0.0,0.0,0.0,0.0,2013-01-31 11:00:00,2013-02-03 15:12:00
3053,0.0,0.0,0.0,0.0,0.0,0.0,0.0,0.0,2013-08-08 02:24:00,2013-08-15 15:24:00
4899,0.0,0.0,0.0,0.0,0.0,0.0,0.0,0.0,2014-12-04 17:48:00,2014-12-04 23:48:00
2657,0.0,0.0,0.0,0.0,0.0,0.0,0.0,0.0,2013-04-11 17:48:00,2013-04-18 00:00:00
899,0.0,0.0,3.0,3.0,4.0,4.0,0.0,0.0,2011-09-24 01:00:00,2011-09-26 15:36:00
2503,0.0,0.0,0.0,0.0,0.0,0.0,0.0,0.0,2013-02-24 13:00:00,2013-02-25 00:00:00
2519,8.0,8.0,2.0,2.0,1.0,1.0,0.0,0.0,2013-03-01 06:36:00,2013-03-08 20:24:00
4459,0.0,0.0,0.0,0.0,0.0,0.0,0.0,0.0,2014-08-14 17:12:00,2014-08-15 14:12:00
135,4.0,5.0,0.0,0.0,0.0,0.0,0.0,0.0,2010-08-15 08:12:00,2010-08-27 15:48:00
5126,0.0,0.0,0.0,0.0,0.0,0.0,0.0,0.0,2015-01-27 08:48:00,2015-01-28 00:12:00
3589,0.0,0.0,0.0,0.0,0.0,0.0,0.0,0.0,2014-01-06 03:24:00,2014-01-09 21:12:00
3894,0.0,0.0,20.0,20.0,3.0,3.0,1.0,1.0,2014-03-21 06:00:00,2014-04-01 22:00:00
754,0.0,0.0,0.0,0.0,0.0,0.0,0.0,0.0,2011-07-27 22:00:00,2011-07-30 06:12:00
3029,0.0,0.0,0.0,0.0,0.0,0.0,0.0,0.0,2013-07-30 17:48:00,2013-08-02 13:12:00
6887,0.0,0.0,0.0,0.0,0.0,0.0,0.0,0.0,2016-12-17 06:48:00,2016-12-19 19:00:00
6515,17.0,16.0,0.0,0.0,0.0,0.0,0.0,0.0,2016-04-25 09:00:00,2016-05-07 11:12:00
114,1.0,2.0,0.0,0.0,0.0,0.0,0.0,0.0,2010-08-03 05:48:00,2010-08-13 15:48:00
4638,0.0,0.0,0.0,0.0,0.0,0.0,0.0,0.0,2014-10-01 10:24:00,2014-10-02 17:24:00
4093,0.0,0.0,0.0,0.0,0.0,0.0,0.0,0.0,2014-05-03 07:12:00,2014-05-14 21:12:00
5738,5.0,5.0,6.0,6.0,1.0,1.0,0.0,0.0,2015-07-01 17:36:00,2015-07-14 00:48:00
687,0.0,0.0,0.0,0.0,0.0,0.0,0.0,0.0,2011-06-28 07:12:00,2011-07-02 22:36:00
221,0.0,0.0,0.0,0.0,0.0,0.0,0.0,0.0,2010-10-16 19:24:00,2010-10-19 03:00:00
4617,0.0,0.0,0.0,0.0,0.0,0.0,0.0,0.0,2014-09-27 05:00:00,2014-10-01 15:36:00
6020,0.0,0.0,0.0,0.0,0.0,0.0,0.0,0.0,2015-10-14 01:36:00,2015-10-15 12:24:00
5150,0.0,0.0,0.0,0.0,0.0,0.0,0.0,0.0,2015-02-02 16:12:00,2015-02-10 09:24:00
2314,31.0,31.0,15.0,14.0,0.0,0.0,0.0,0.0,2012-12-18 01:48:00,2012-12-30 12:24:00
6203,0.0,0.0,0.0,0.0,0.0,0.0,0.0,0.0,2015-12-20 08:24:00,2015-12-28 20:00:00
6010,0.0,0.0,0.0,0.0,0.0,0.0,0.0,0.0,2015-10-10 06:36:00,2015-10-21 03:48:00
2654,0.0,0.0,0.0,0.0,0.0,0.0,0.0,0.0,2013-04-10 06:00:00,2013-04-11 12:24:00
4451,0.0,0.0,0.0,0.0,0.0,0.0,0.0,0.0,2014-08-11 19:36:00,2014-08-19 21:36:00
6059,0.0,0.0,0.0,0.0,0.0,0.0,0.0,0.0,2015-10-27 05:24:00,2015-10-27 17:24:00
3128,0.0,0.0,0.0,0.0,0.0,0.0,0.0,0.0,2013-08-26 11:24:00,2013-08-28 05:24:00
1133,0.0,0.0,0.0,0.0,0.0,0.0,0.0,0.0,2011-12-01 04:12:00,2011-12-09 17:36:00
7246,13.0,11.0,1.0,0.0,0.0,0.0,0.0,0.0,2018-03-29 13:12:00,2018-04-07 03:00:00
6113,0.0,0.0,0.0,0.0,0.0,0.0,0.0,0.0,2015-11-15 22:12:00,2015-11-16 18:48:00
3973,0.0,0.0,0.0,0.0,0.0,0.0,0.0,0.0,2014-04-04 19:24:00,2014-04-07 19:48:00
4374,0.0,0.0,0.0,0.0,0.0,0.0,0.0,0.0,2014-07-17 16:36:00,2014-07-21 04:12:00
5144,0.0,0.0,19.0,16.0,1.0,1.0,0.0,0.0,2015-02-01 13:48:00,2015-02-13 15:24:00
7035,0.0,0.0,0.0,0.0,0.0,0.0,0.0,0.0,2017-06-03 09:48:00,2017-06-05 14:00:00
5926,0.0,0.0,0.0,0.0,0.0,0.0,0.0,0.0,2015-08-29 13:24:00,2015-09-01 04:48:00
6590,0.0,0.0,0.0,0.0,0.0,0.0,0.0,0.0,2016-05-28 17:48:00,2016-05-29 12:36:00
2714,0.0,0.0,0.0,0.0,0.0,0.0,0.0,0.0,2013-05-02 11:12:00,2013-05-03 22:12:00
1967,0.0,0.0,0.0,0.0,0.0,0.0,0.0,0.0,2012-08-23 18:36:00,2012-08-30 23:00:00
6016,0.0,0.0,0.0,0.0,0.0,0.0,0.0,0.0,2015-10-13 00:12:00,2015-10-21 09:48:00
3073,0.0,0.0,0.0,0.0,0.0,0.0,0.0,0.0,2013-08-12 16:24:00,2013-08-20 14:36:00
940,6.0,7.0,34.0,39.0,2.0,2.0,0.0,0.0,2011-10-08 14:12:00,2011-10-23 00:36:00
4799,0.0,0.0,0.0,0.0,0.0,0.0,0.0,0.0,2014-11-07 10:24:00,2014-11-16 13:36:00
798,14.0,16.0,6.0,6.0,0.0,0.0,0.0,0.0,2011-08-15 17:12:00,2011-08-27 08:24:00
1592,0.0,0.0,0.0,0.0,0.0,0.0,0.0,0.0,2012-04-18 08:00:00,2012-04-19 16:24:00
5987,0.0,0.0,0.0,0.0,0.0,0.0,0.0,0.0,2015-09-24 12:24:00,2015-10-01 20:48:00
1996,0.0,0.0,5.0,6.0,1.0,1.0,0.0,0.0,2012-08-29 23:00:00,2012-09-09 09:00:00
3350,0.0,0.0,0.0,0.0,0.0,0.0,0.0,0.0,2013-11-04 01:48:00,2013-11-12 09:24:00
2256,0.0,0.0,0.0,0.0,0.0,0.0,0.0,0.0,2012-11-29 14:12:00,2012-12-02 02:48:00
4255,0.0,0.0,0.0,0.0,0.0,0.0,0.0,0.0,2014-06-15 17:00:00,2014-06-22 04:24:00
1522,0.0,0.0,0.0,0.0,0.0,0.0,0.0,0.0,2012-03-28 20:36:00,2012-03-29 11:24:00
5,0.0,0.0,0.0,0.0,0.0,0.0,0.0,0.0,2010-05-01 00:00:00,2010-05-03 05:12:00
6418,6.0,5.0,1.0,1.0,0.0,0.0,0.0,0.0,2016-03-09 04:36:00,2016-03-22 11:24:00
1408,0.0,0.0,0.0,0.0,0.0,0.0,0.0,0.0,2012-02-16 12:36:00,2012-02-22 03:48:00
79,0.0,0.0,0.0,0.0,0.0,0.0,0.0,0.0,2010-07-01 02:48:00,2010-07-01 11:12:00
3363,0.0,0.0,0.0,0.0,0.0,0.0,0.0,0.0,2013-11-07 09:24:00,2013-11-09 20:36:00
49,1.0,1.0,0.0,0.0,1.0,1.0,0.0,0.0,2010-06-08 03:36:00,2010-06-13 13:48:00
5867,0.0,0.0,0.0,0.0,0.0,0.0,0.0,0.0,2015-08-09 11:12:00,2015-08-10 10:24:00
1649,0.0,0.0,0.0,0.0,0.0,0.0,0.0,0.0,2012-05-09 09:12:00,2012-05-17 07:36:00
677,0.0,0.0,0.0,0.0,0.0,0.0,0.0,0.0,2011-06-18 21:48:00,2011-06-21 02:36:00
6069,0.0,0.0,1.0,1.0,0.0,0.0,0.0,0.0,2015-10-31 09:24:00,2015-11-07 13:24:00
5521,0.0,0.0,0.0,0.0,0.0,0.0,0.0,0.0,2015-04-29 03:36:00,2015-05-09 14:24:00
3288,0.0,0.0,6.0,4.0,0.0,0.0,0.0,0.0,2013-10-15 00:48:00,2013-10-27 21:12:00
5354,5.0,5.0,16.0,16.0,0.0,0.0,0.0,0.0,2015-03-20 14:12:00,2015-04-02 21:12:00
2152,0.0,0.0,0.0,0.0,0.0,0.0,0.0,0.0,2012-10-25 20:24:00,2012-10-26 07:48:00
2529,0.0,0.0,0.0,0.0,0.0,0.0,0.0,0.0,2013-03-04 13:36:00,2013-03-13 17:24:00
2481,0.0,0.0,0.0,0.0,0.0,0.0,0.0,0.0,2013-02-11 19:12:00,2013-02-16 21:00:00
3853,0.0,0.0,0.0,0.0,0.0,0.0,0.0,0.0,2014-03-13 21:12:00,2014-03-20 14:48:00
4873,0.0,0.0,0.0,0.0,0.0,0.0,0.0,0.0,2014-11-25 20:00:00,2014-11-27 20:36:00
766,0.0,0.0,0.0,0.0,0.0,0.0,0.0,0.0,2011-08-05 09:24:00,2011-08-14 06:12:00
1045,0.0,0.0,0.0,0.0,0.0,0.0,0.0,0.0,2011-11-05 16:36:00,2011-11-06 09:12:00
5759,0.0,0.0,0.0,0.0,0.0,0.0,0.0,0.0,2015-07-07 16:24:00,2015-07-12 17:48:00
5335,0.0,0.0,0.0,0.0,0.0,0.0,0.0,0.0,2015-03-14 11:00:00,2015-03-14 19:12:00
3814,0.0,0.0,0.0,0.0,0.0,0.0,0.0,0.0,2014-03-01 09:12:00,2014-03-07 21:00:00
3626,0.0,0.0,0.0,0.0,0.0,0.0,0.0,0.0,2014-01-12 04:48:00,2014-01-12 21:00:00
1892,1.0,1.0,0.0,0.0,0.0,0.0,0.0,0.0,2012-07-26 13:00:00,2012-08-02 22:48:00
4851,0.0,0.0,12.0,12.0,0.0,0.0,0.0,0.0,2014-11-19 07:48:00,2014-12-02 20:36:00
1093,1.0,3.0,21.0,26.0,0.0,0.0,0.0,0.0,2011-11-16 22:48:00,2011-12-02 11:48:00
6243,0.0,0.0,0.0,0.0,0.0,0.0,0.0,0.0,2016-01-06 11:00:00,2016-01-07 08:48:00
6208,0.0,0.0,0.0,0.0,0.0,0.0,0.0,0.0,2015-12-21 21:12:00,2015-12-22 06:12:00
6128,0.0,0.0,0.0,0.0,0.0,0.0,0.0,0.0,2015-11-19 09:24:00,2015-11-21 19:24:00
7021,0.0,0.0,0.0,0.0,0.0,0.0,0.0,0.0,2017-05-20 15:24:00,2017-05-29 08:12:00
1410,1.0,2.0,3.0,3.0,0.0,0.0,0.0,0.0,2012-02-18 00:00:00,2012-02-28 01:00:00
5941,0.0,0.0,0.0,0.0,0.0,0.0,0.0,0.0,2015-09-03 12:48:00,2015-09-10 02:12:00
5201,0.0,0.0,0.0,0.0,0.0,0.0,0.0,0.0,2015-02-11 05:00:00,2015-02-14 17:36:00
5580,0.0,0.0,0.0,0.0,0.0,0.0,0.0,0.0,2015-05-16 12:24:00,2015-05-17 02:24:00
4634,0.0,0.0,0.0,0.0,0.0,0.0,0.0,0.0,2014-09-29 23:24:00,2014-10-02 12:24:00
5363,0.0,0.0,0.0,0.0,0.0,0.0,0.0,0.0,2015-03-21 22:24:00,2015-03-28 02:00:00
3019,1.0,0.0,0.0,0.0,0.0,0.0,0.0,0.0,2013-07-28 10:24:00,2013-08-03 13:00:00
6928,0.0,0.0,0.0,0.0,0.0,0.0,0.0,0.0,2017-01-24 03:48:00,2017-01-24 11:24:00
261,0.0,0.0,0.0,0.0,0.0,0.0,0.0,0.0,2010-11-16 06:36:00,2010-11-19 02:24:00
4883,0.0,0.0,0.0,0.0,0.0,0.0,0.0,0.0,2014-11-29 09:36:00,2014-11-29 22:48:00
6841,0.0,0.0,0.0,0.0,0.0,0.0,0.0,0.0,2016-11-12 01:48:00,2016-11-17 09:48:00
1475,0.0,0.0,0.0,0.0,0.0,0.0,0.0,0.0,2012-03-14 06:12:00,2012-03-22 04:36:00
4346,0.0,0.0,0.0,0.0,0.0,0.0,0.0,0.0,2014-07-06 18:48:00,2014-07-08 09:12:00
2446,0.0,0.0,0.0,0.0,0.0,0.0,0.0,0.0,2013-02-02 05:24:00,2013-02-07 20:12:00
4789,0.0,0.0,0.0,0.0,0.0,0.0,0.0,0.0,2014-11-05 18:24:00,2014-11-06 09:36:00
325,10.0,13.0,1.0,1.0,0.0,0.0,0.0,0.0,2010-12-30 21:36:00,2011-01-06 01:36:00
5313,0.0,0.0,0.0,0.0,0.0,0.0,0.0,0.0,2015-03-08 20:24:00,2015-03-14 09:48:00
248,0.0,0.0,0.0,0.0,0.0,0.0,0.0,0.0,2010-11-06 00:48:00,2010-11-11 11:12:00
1934,0.0,0.0,0.0,0.0,0.0,0.0,0.0,0.0,2012-08-08 16:36:00,2012-08-10 06:24:00
4195,0.0,0.0,0.0,0.0,0.0,0.0,0.0,0.0,2014-05-31 20:48:00,2014-06-04 11:48:00
4732,0.0,0.0,0.0,0.0,0.0,0.0,0.0,0.0,2014-10-23 04:48:00,2014-10-23 06:36:00
1759,0.0,0.0,0.0,0.0,0.0,0.0,0.0,0.0,2012-06-09 07:00:00,2012-06-16 21:24:00
7307,0.0,0.0,0.0,0.0,0.0,0.0,0.0,0.0,2018-09-16 13:24:00,2018-09-20 17:00:00
4539,0.0,0.0,1.0,2.0,0.0,0.0,0.0,0.0,2014-09-05 09:12:00,2014-09-16 22:12:00
759,1.0,1.0,0.0,0.0,0.0,0.0,0.0,0.0,2011-08-02 09:48:00,2011-08-13 22:24:00
5254,0.0,0.0,0.0,0.0,0.0,0.0,0.0,0.0,2015-02-25 15:00:00,2015-03-05 19:00:00
1947,0.0,0.0,0.0,0.0,0.0,0.0,0.0,0.0,2012-08-18 00:12:00,2012-08-22 15:24:00
101,0.0,0.0,0.0,0.0,0.0,0.0,0.0,0.0,2010-07-24 12:36:00,2010-07-26 16:48:00
4249,0.0,0.0,0.0,0.0,0.0,0.0,0.0,0.0,2014-06-14 03:36:00,2014-06-15 17:24:00
1777,0.0,0.0,0.0,0.0,0.0,0.0,0.0,0.0,2012-06-15 06:12:00,2012-06-16 23:48:00
3721,0.0,0.0,34.0,34.0,14.0,14.0,0.0,0.0,2014-02-04 23:24:00,2014-02-19 08:36:00
226,54.0,61.0,6.0,6.0,0.0,0.0,0.0,0.0,2010-10-18 19:36:00,2010-11-01 16:00:00
6102,0.0,0.0,0.0,0.0,0.0,0.0,0.0,0.0,2015-11-13 12:12:00,2015-11-18 00:48:00
5132,0.0,0.0,0.0,0.0,0.0,0.0,0.0,0.0,2015-01-28 23:12:00,2015-02-06 02:00:00
4610,0.0,0.0,6.0,5.0,0.0,0.0,0.0,0.0,2014-09-25 08:36:00,2014-10-07 17:12:00
938,0.0,0.0,0.0,0.0,0.0,0.0,0.0,0.0,2011-10-07 04:12:00,2011-10-10 06:36:00
4900,0.0,0.0,17.0,17.0,0.0,0.0,0.0,0.0,2014-12-04 23:36:00,2014-12-18 00:48:00
4345,0.0,0.0,0.0,0.0,0.0,0.0,0.0,0.0,2014-07-06 07:48:00,2014-07-06 11:48:00
2371,0.0,0.0,2.0,2.0,0.0,0.0,0.0,0.0,2013-01-07 02:24:00,2013-01-16 09:00:00
6499,0.0,0.0,0.0,0.0,0.0,0.0,0.0,0.0,2016-04-15 06:24:00,2016-04-22 03:24:00
1885,0.0,0.0,0.0,0.0,0.0,0.0,0.0,0.0,2012-07-25 04:48:00,2012-07-26 13:00:00
3339,0.0,0.0,0.0,0.0,0.0,0.0,0.0,0.0,2013-11-01 21:12:00,2013-11-06 20:00:00
1760,0.0,0.0,0.0,0.0,0.0,0.0,0.0,0.0,2012-06-09 09:36:00,2012-06-12 23:12:00
2819,0.0,0.0,0.0,0.0,0.0,0.0,0.0,0.0,2013-06-01 00:48:00,2013-06-08 03:36:00
6825,0.0,0.0,0.0,0.0,0.0,0.0,0.0,0.0,2016-10-29 22:00:00,2016-10-31 12:24:00
923,0.0,0.0,0.0,0.0,0.0,0.0,0.0,0.0,2011-10-02 22:48:00,2011-10-03 00:00:00
6041,0.0,0.0,0.0,0.0,0.0,0.0,0.0,0.0,2015-10-18 23:12:00,2015-10-24 03:00:00
1495,1.0,1.0,1.0,1.0,0.0,0.0,0.0,0.0,2012-03-22 12:24:00,2012-03-30 12:24:00
4095,0.0,0.0,0.0,0.0,0.0,0.0,0.0,0.0,2014-05-04 06:36:00,2014-05-11 19:24:00
5885,32.0,29.0,88.0,88.0,12.0,12.0,0.0,0.0,2015-08-17 13:24:00,2015-08-30 18:12:00
7047,0.0,0.0,0.0,0.0,0.0,0.0,0.0,0.0,2017-06-13 00:48:00,2017-06-19 18:48:00
6002,0.0,0.0,0.0,0.0,0.0,0.0,0.0,0.0,2015-10-05 07:36:00,2015-10-15 04:36:00
1950,0.0,0.0,0.0,0.0,0.0,0.0,0.0,0.0,2012-08-19 12:00:00,2012-08-19 22:00:00
5771,0.0,0.0,0.0,0.0,0.0,0.0,0.0,0.0,2015-07-11 15:00:00,2015-07-14 21:36:00
1248,0.0,0.0,0.0,0.0,0.0,0.0,0.0,0.0,2011-12-25 15:24:00,2012-01-01 22:12:00
5830,0.0,0.0,0.0,0.0,0.0,0.0,0.0,0.0,2015-07-28 21:00:00,2015-08-07 01:12:00
2661,1.0,1.0,2.0,2.0,0.0,0.0,0.0,0.0,2013-04-12 14:48:00,2013-04-24 03:36:00
3734,0.0,0.0,0.0,0.0,0.0,0.0,0.0,0.0,2014-02-08 15:00:00,2014-02-12 16:12:00
4364,0.0,0.0,0.0,0.0,0.0,0.0,0.0,0.0,2014-07-13 21:12:00,2014-07-18 09:36:00
4381,1.0,1.0,0.0,0.0,0.0,0.0,0.0,0.0,2014-07-21 21:00:00,2014-07-29 10:24:00
6882,0.0,0.0,0.0,0.0,0.0,0.0,0.0,0.0,2016-12-13 10:00:00,2016-12-16 08:36:00
1398,0.0,0.0,0.0,0.0,0.0,0.0,0.0,0.0,2012-02-12 05:12:00,2012-02-13 21:12:00
7255,0.0,0.0,0.0,0.0,0.0,0.0,0.0,0.0,2018-05-07 08:00:00,2018-05-14 08:24:00
7213,0.0,0.0,0.0,0.0,0.0,0.0,0.0,0.0,2017-12-19 11:00:00,2017-12-23 00:00:00
1026,0.0,0.0,17.0,19.0,0.0,0.0,0.0,0.0,2011-10-31 16:12:00,2011-11-15 21:36:00
1466,0.0,0.0,0.0,0.0,0.0,0.0,0.0,0.0,2012-03-10 06:12:00,2012-03-10 16:00:00
3591,0.0,0.0,0.0,0.0,0.0,0.0,0.0,0.0,2014-01-06 11:00:00,2014-01-15 03:00:00
2598,0.0,0.0,0.0,0.0,0.0,0.0,0.0,0.0,2013-03-27 11:36:00,2013-04-05 15:00:00
3042,0.0,0.0,0.0,0.0,0.0,0.0,0.0,0.0,2013-08-03 18:36:00,2013-08-10 20:12:00
7237,80.0,72.0,6.0,5.0,0.0,0.0,0.0,0.0,2018-02-04 05:00:00,2018-02-17 04:48:00
5089,0.0,0.0,0.0,0.0,0.0,0.0,0.0,0.0,2015-01-16 17:24:00,2015-01-23 05:48:00
6345,1.0,1.0,1.0,0.0,0.0,0.0,0.0,0.0,2016-02-09 02:12:00,2016-02-18 11:12:00
5246,5.0,5.0,7.0,7.0,0.0,0.0,0.0,0.0,2015-02-22 10:36:00,2015-03-06 05:36:00
1359,0.0,0.0,0.0,0.0,0.0,0.0,0.0,0.0,2012-01-27 10:48:00,2012-02-02 03:12:00
6539,0.0,0.0,0.0,0.0,0.0,0.0,0.0,0.0,2016-05-05 13:12:00,2016-05-05 20:12:00
5655,0.0,0.0,0.0,0.0,0.0,0.0,0.0,0.0,2015-06-05 16:48:00,2015-06-13 03:00:00
862,0.0,0.0,0.0,0.0,0.0,0.0,0.0,0.0,2011-09-12 12:36:00,2011-09-21 04:36:00
3805,0.0,0.0,0.0,0.0,0.0,0.0,0.0,0.0,2014-02-25 09:48:00,2014-02-28 14:12:00
168,0.0,0.0,0.0,0.0,0.0,0.0,0.0,0.0,2010-09-08 09:24:00,2010-09-16 09:00:00
877,0.0,0.0,0.0,0.0,0.0,0.0,0.0,0.0,2011-09-17 22:24:00,2011-09-19 00:36:00
2158,0.0,0.0,0.0,0.0,0.0,0.0,0.0,0.0,2012-10-26 09:24:00,2012-11-04 05:36:00
1712,0.0,0.0,0.0,0.0,0.0,0.0,0.0,0.0,2012-05-27 16:24:00,2012-05-28 23:12:00
