id	start_time	peak_time	end_time	goes_class	noaa_active_region	ar_location	fl_lat	fl_lon	x_hpc	y_hpc
0	2006-10-20 19:17:00	2006-10-20 19:20:00	2006-10-20 19:48:00	A4.3		POINT(19 -5)	-5	19	320.0	-177.0
10	2006-10-21 15:13:00	2006-10-21 15:25:00	2006-10-21 15:41:00	A6.4		POINT(27 -3)	-3	27	452.0	-132.0
20	2006-10-21 16:18:00	2006-10-21 16:21:00	2006-10-21 16:30:00	A7.1		POINT(28 -3)	-3	28	460.0	-132.0
30	2006-10-21 18:03:00	2006-10-21 18:10:00	2006-10-21 18:19:00	A7.1		POINT(29 -2)	-2	29	478.0	-122.0
40	2006-10-21 18:24:00	2006-10-21 18:58:00	2006-10-21 19:28:00	A7.8		POINT(32 -3)	-3	32	523.0	-143.0
50	2006-10-21 19:56:00	2006-10-21 20:33:00	2006-10-21 20:58:00	B1.3		POINT(31 -2)	-2	31	510.0	-114.0
60	2006-10-22 02:30:00	2006-10-22 02:43:00	2006-10-22 03:05:00	A9.9		POINT(41 -3)	-3	41	641.0	-122.0
70	2006-10-22 03:08:00	2006-10-22 03:12:00	2006-10-22 03:29:00	A9.2		POINT(40 -5)	-5	40	625.0	-156.0
80	2006-10-22 04:19:00	2006-10-22 04:37:00	2006-10-22 04:54:00	B1.1		POINT(37 -2)	-2	37	594.0	-108.0
90	2006-10-22 06:06:00	2006-10-22 06:16:00	2006-10-22 06:28:00	B1.3		POINT(39 -3)	-3	39	620.0	-124.0
100	2006-10-22 06:54:00	2006-10-22 07:01:00	2006-10-22 07:25:00	B6.6		POINT(38 -3)	-3	38	607.0	-127.0
110	2006-10-22 08:41:00	2006-10-22 08:44:00	2006-10-22 08:46:00	B1.6		POINT(43 -4)	-4	43	675.0	-145.0
120	2006-10-22 11:07:00	2006-10-22 11:10:00	2006-10-22 11:12:00	B1.0		POINT(38 -4)	-4	38	612.0	-148.0
130	2006-10-22 13:19:00	2006-10-22 13:26:00	2006-10-22 13:32:00	B2.9		POINT(46 -5)	-5	46	710.0	-158.0
140	2006-10-22 17:43:00	2006-10-22 17:49:00	2006-10-22 17:56:00	B2.8		POINT(51 -5)	-5	51	762.0	-156.0
150	2006-10-22 18:09:00	2006-10-22 18:12:00	2006-10-22 18:15:00	B1.0		POINT(48 -5)	-5	48	731.0	-148.0
160	2006-10-23 12:40:00	2006-10-23 12:46:00	2006-10-23 13:04:00	A9.2		POINT(57 -2)	-2	57	823.0	-90.0
170	2006-10-24 00:27:00	2006-10-24 00:50:00	2006-10-24 01:51:00	A9.7		POINT(69 -1)	-1	69	912.0	-56.0
180	2006-10-24 14:23:00	2006-10-24 14:36:00	2006-10-24 14:54:00	B1.3		POINT(89 -4)	-4	89	973.0	-69.0
190	2006-10-28 01:15:00	2006-10-28 01:27:00	2006-10-28 01:36:00	A3.0		POINT(4 -16)	-16	4	70.0	-350.0
200	2006-10-28 02:38:00	2006-10-28 02:45:00	2006-10-28 02:48:00	A4.5		POINT(70 -6)	-6	70	915.0	-140.0
210	2006-10-28 03:07:00	2006-10-28 03:23:00	2006-10-28 03:31:00	A7.5		POINT(66 -7)	-7	66	888.0	-156.0
220	2006-10-28 05:26:00	2006-10-28 05:32:00	2006-10-28 05:34:00	B1.4		POINT(73 -6)	-6	73	928.0	-137.0
230	2006-10-28 06:54:00	2006-10-28 06:58:00	2006-10-28 07:00:00	B1.2		POINT(69 -8)	-8	69	907.0	-169.0
240	2006-10-28 08:31:00	2006-10-28 08:36:00	2006-10-28 08:50:00	A7.6		POINT(80 -10)	-10	80	946.0	-187.0
250	2006-10-28 21:09:00	2006-10-28 21:13:00	2006-10-28 21:15:00	B2.5		POINT(15 -15)	-15	15	244.0	-342.0
260	2006-10-29 22:41:00	2006-10-29 23:00:00	2006-10-29 23:30:00	A7.1		POINT(89 -7)	-7	89	1009.0	-133.0
270	2006-10-30 04:50:00	2006-10-30 04:57:00	2006-10-30 05:08:00	A6.4		POINT(89 -6)	-6	89	996.0	-114.0
280	2006-10-30 09:09:00	2006-10-30 09:20:00	2006-10-30 09:52:00	B1.8		POINT(89 -8)	-8	89	986.0	-150.0
290	2006-10-30 20:55:00	2006-10-30 21:10:00	2006-10-30 21:31:00	B1.0		POINT(-80 -12)	-12	-80	-941.0	-220.0
300	2006-10-31 01:49:00	2006-10-31 01:53:00	2006-10-31 01:55:00	B1.4		POINT(-70 -11)	-11	-70	-899.0	-224.0
310	2006-10-31 04:00:00	2006-10-31 04:04:00	2006-10-31 04:08:00	B2.2		POINT(-56 -5)	-5	-56	-810.0	-135.0
320	2006-10-31 05:27:00	2006-10-31 05:42:00	2006-10-31 05:55:00	B1.1		POINT(-54 -5)	-5	-54	-796.0	-135.0
330	2006-10-31 07:57:00	2006-10-31 08:02:00	2006-10-31 08:06:00	A9.7		POINT(-67 -14)	-14	-67	-875.0	-269.0
340	2006-10-31 08:07:00	2006-10-31 08:08:00	2006-10-31 08:13:00	B1.5		POINT(-67 -14)	-14	-67	-875.0	-269.0
350	2006-10-31 12:33:00	2006-10-31 12:48:00	2006-10-31 13:01:00	B4.4		POINT(-50 -5)	-5	-50	-749.0	-135.0
360	2006-10-31 15:32:00	2006-10-31 15:38:00	2006-10-31 15:40:00	B1.7		POINT(-62 -11)	-11	-62	-849.0	-232.0
370	2006-10-31 16:25:00	2006-10-31 16:32:00	2006-10-31 16:38:00	B1.1		POINT(-61 -11)	-11	-61	-841.0	-235.0
380	2006-11-01 04:20:00	2006-11-01 04:24:00	2006-11-01 04:27:00	B1.2		POINT(-45 -8)	-8	-45	-697.0	-191.0
390	2006-11-01 06:36:00	2006-11-01 06:41:00	2006-11-01 06:45:00	B1.2		POINT(-48 -6)	-6	-48	-725.0	-164.0
400	2006-11-01 08:21:00	2006-11-01 08:36:00	2006-11-01 08:56:00	B2.4		POINT(-40 -4)	-4	-40	-633.0	-127.0
410	2006-11-01 14:22:00	2006-11-01 15:00:00	2006-11-01 15:45:00	B3.3		POINT(-38 -6)	-6	-38	-605.0	-173.0
420	2006-11-01 18:18:00	2006-11-01 18:22:00	2006-11-01 18:25:00	B5.8		POINT(-37 -7)	-7	-37	-597.0	-189.0
430	2006-11-01 19:03:00	2006-11-01 19:07:00	2006-11-01 19:10:00	B6.2		POINT(-37 -7)	-7	-37	-589.0	-181.0
440	2006-11-02 02:01:00	2006-11-02 02:05:00	2006-11-02 02:10:00	B1.3		POINT(-30 -6)	-6	-30	-499.0	-174.0
450	2006-11-02 02:12:00	2006-11-02 02:16:00	2006-11-02 02:18:00	B3.5		POINT(59 -8)	-8	59	836.0	-185.0
460	2006-11-02 03:23:00	2006-11-02 03:32:00	2006-11-02 03:38:00	B6.2		POINT(-43 -13)	-13	-43	-660.0	-274.0
470	2006-11-02 04:05:00	2006-11-02 04:08:00	2006-11-02 04:12:00	B1.6		POINT(62 -9)	-9	62	854.0	-190.0
480	2006-11-02 04:13:00	2006-11-02 04:23:00	2006-11-02 04:33:00	C1.0	10922.0	POINT(-43 -13)	-13	-43	-657.0	-277.0
490	2006-11-02 05:57:00	2006-11-02 06:00:00	2006-11-02 06:03:00	B2.3		POINT(-31 -7)	-7	-31	-512.0	-193.0
500	2006-11-02 08:10:00	2006-11-02 08:13:00	2006-11-02 08:16:00	B2.2		POINT(-22 -4)	-4	-22	-368.0	-147.0
510	2006-11-02 10:08:00	2006-11-02 10:11:00	2006-11-02 10:16:00	B2.2		POINT(-39 -14)	-14	-39	-599.0	-294.0
520	2006-11-02 11:03:00	2006-11-02 11:24:00	2006-11-02 11:50:00	B4.4		POINT(-24 -12)	-12	-24	-394.0	-278.0
530	2006-11-02 15:30:00	2006-11-02 15:40:00	2006-11-02 15:46:00	B1.5		POINT(-26 -7)	-7	-26	-426.0	-198.0
540	2006-11-02 19:05:00	2006-11-02 19:14:00	2006-11-02 19:25:00	B1.6		POINT(71 -9)	-9	71	915.0	-178.0
550	2006-11-03 00:49:00	2006-11-03 00:56:00	2006-11-03 01:02:00	B1.2		POINT(-21 -8)	-8	-21	-355.0	-202.0
560	2006-11-03 04:22:00	2006-11-03 04:33:00	2006-11-03 04:38:00	B5.3		POINT(-30 -15)	-15	-30	-473.0	-328.0
570	2006-11-03 05:08:00	2006-11-03 05:11:00	2006-11-03 05:13:00	B1.9		POINT(-19 -7)	-7	-19	-321.0	-186.0
580	2006-11-03 09:22:00	2006-11-03 09:25:00	2006-11-03 09:28:00	B1.1		POINT(88 -10)	-10	88	972.0	-189.0
590	2006-11-03 10:44:00	2006-11-03 11:07:00	2006-11-03 11:20:00	B1.5		POINT(88 -12)	-12	88	967.0	-207.0
600	2006-11-03 17:49:00	2006-11-03 17:52:00	2006-11-03 17:56:00	B1.1		POINT(89 -8)	-8	89	978.0	-144.0
610	2006-11-03 19:25:00	2006-11-03 19:29:00	2006-11-03 19:32:00	B1.5		POINT(-8 -7)	-7	-8	-147.0	-189.0
620	2006-11-04 05:33:00	2006-11-04 05:43:00	2006-11-04 05:50:00	B1.4		POINT(-10 -12)	-12	-10	-168.0	-273.0
630	2006-11-04 13:14:00	2006-11-04 13:17:00	2006-11-04 13:21:00	B1.6		POINT(0 -6)	-6	0	15.0	-186.0
640	2006-11-05 03:11:00	2006-11-05 03:14:00	2006-11-05 03:16:00	B1.3	10921.0	POINT(8 -4)	-4	8	149.0	-147.0
650	2006-11-05 07:12:00	2006-11-05 07:50:00	2006-11-05 08:15:00	C1.3	10921.0	POINT(12 -8)	-8	12	202.0	-205.0
660	2006-11-05 11:14:00	2006-11-05 11:22:00	2006-11-05 11:34:00	B1.2		POINT(19 -4)	-4	19	333.0	-136.0
670	2006-11-05 12:16:00	2006-11-05 12:27:00	2006-11-05 12:40:00	C3.7	10921.0	POINT(13 -6)	-6	13	228.0	-181.0
680	2006-11-06 01:33:00	2006-11-06 01:37:00	2006-11-06 01:41:00	B8.5	10922.0	POINT(8 -14)	-14	8	147.0	-312.0
690	2006-11-06 02:46:00	2006-11-06 03:25:00	2006-11-06 03:55:00	B1.3		POINT(16 -11)	-11	16	275.0	-249.0
700	2006-11-06 03:48:00	2006-11-06 04:01:00	2006-11-06 04:10:00	B1.8		POINT(12 -13)	-13	12	210.0	-297.0
710	2006-11-06 04:11:00	2006-11-06 04:25:00	2006-11-06 04:54:00	B1.8		POINT(29 -6)	-6	29	475.0	-165.0
720	2006-11-06 05:25:00	2006-11-06 05:29:00	2006-11-06 05:31:00	B3.4	10921.0	POINT(29 -4)	-4	29	483.0	-128.0
730	2006-11-06 09:05:00	2006-11-06 09:10:00	2006-11-06 09:12:00	B2.2	10921.0	POINT(29 -5)	-5	29	475.0	-152.0
740	2006-11-06 10:18:00	2006-11-06 10:48:00	2006-11-06 11:22:00	C2.4	10921.0	POINT(16 -13)	-13	16	270.0	-289.0
750	2006-11-06 13:34:00	2006-11-06 14:04:00	2006-11-06 14:30:00	B2.1		POINT(36 -6)	-6	36	575.0	-168.0
760	2006-11-06 17:43:00	2006-11-06 17:46:00	2006-11-06 18:06:00	C8.8		POINT(-89 0)	0	-89	-991.0	5.0
770	2006-11-07 00:24:00	2006-11-07 00:41:00	2006-11-07 00:51:00	C1.2	10923.0	POINT(-89 1)	1	-89	-986.0	31.0
780	2006-11-07 02:56:00	2006-11-07 03:01:00	2006-11-07 03:06:00	B2.9	10923.0	POINT(-89 5)	5	-89	1036.0	102.0
790	2006-11-07 04:02:00	2006-11-07 04:05:00	2006-11-07 04:07:00	B2.3	10923.0	POINT(-89 4)	4	-89	1044.0	89.0
800	2006-11-07 12:43:00	2006-11-07 12:55:00	2006-11-07 13:04:00	C3.0	10923.0	POINT(-89 -4)	-4	-89	-991.0	-86.0
810	2006-11-07 13:25:00	2006-11-07 13:45:00	2006-11-07 14:06:00	C6.5	10923.0	POINT(-89 -1)	-1	-89	1007.0	-31.0
820	2006-11-08 01:29:00	2006-11-08 01:36:00	2006-11-08 01:41:00	B4.4	10923.0	POINT(-81 -3)	-3	-81	-965.0	-73.0
830	2006-11-08 02:07:00	2006-11-08 02:12:00	2006-11-08 02:15:00	B6.4	10923.0	POINT(-89 -10)	-10	-89	-975.0	-181.0
840	2006-11-08 04:31:00	2006-11-08 04:40:00	2006-11-08 04:45:00	B4.3	10923.0	POINT(-89 -4)	-4	-89	-978.0	-71.0
850	2006-11-08 04:57:00	2006-11-08 05:08:00	2006-11-08 05:14:00	B4.5	10923.0	POINT(-89 -2)	-2	-89	-991.0	-39.0
860	2006-11-08 11:50:00	2006-11-08 11:53:00	2006-11-08 11:58:00	B1.9	10921.0	POINT(65 -6)	-6	65	886.0	-136.0
870	2006-11-08 12:23:00	2006-11-08 12:33:00	2006-11-08 12:42:00	B6.6	10923.0	POINT(-83 0)	0	-83	-973.0	5.0
880	2006-11-08 14:51:00	2006-11-08 14:55:00	2006-11-08 14:59:00	B3.1	10923.0	POINT(-77 -7)	-7	-77	-949.0	-139.0
890	2006-11-08 17:24:00	2006-11-08 17:30:00	2006-11-08 17:33:00	B4.3	10921.0	POINT(59 -6)	-6	59	838.0	-139.0
900	2006-11-09 04:25:00	2006-11-09 04:29:00	2006-11-09 04:32:00	B1.8		POINT(-75 -3)	-3	-75	-947.0	-78.0
910	2006-11-09 08:25:00	2006-11-09 08:30:00	2006-11-09 08:33:00	B4.7	10923.0	POINT(-69 -8)	-8	-69	-907.0	-157.0
920	2006-11-09 09:40:00	2006-11-09 09:43:00	2006-11-09 09:45:00	B1.8		POINT(57 -14)	-14	57	801.0	-268.0
930	2006-11-09 09:52:00	2006-11-09 09:55:00	2006-11-09 09:57:00	B2.0		POINT(57 -13)	-13	57	807.0	-257.0
940	2006-11-09 10:16:00	2006-11-09 10:20:00	2006-11-09 10:24:00	B1.6	10923.0	POINT(-66 -9)	-9	-66	-886.0	-184.0
950	2006-11-09 10:58:00	2006-11-09 11:04:00	2006-11-09 11:08:00	B4.3		POINT(-77 -3)	-3	-77	-954.0	-78.0
960	2006-11-09 11:35:00	2006-11-09 11:40:00	2006-11-09 11:45:00	B2.8	10923.0	POINT(-68 -7)	-7	-68	-902.0	-152.0
970	2006-11-09 19:26:00	2006-11-09 19:37:00	2006-11-09 19:39:00	B2.9		POINT(-62 -7)	-7	-62	-865.0	-157.0
980	2006-11-09 20:33:00	2006-11-09 20:39:00	2006-11-09 20:43:00	B2.6		POINT(-57 0)	0	-57	-828.0	-47.0
990	2006-11-10 01:20:00	2006-11-10 01:23:00	2006-11-10 01:26:00	B1.3		POINT(-54 -2)	-2	-54	-797.0	-73.0
1000	2006-11-10 01:35:00	2006-11-10 01:38:00	2006-11-10 01:43:00	B1.7		POINT(31 -15)	-15	31	496.0	-310.0
1010	2006-11-10 02:07:00	2006-11-10 02:11:00	2006-11-10 02:14:00	B1.6		POINT(-53 -2)	-2	-53	-791.0	-73.0
1020	2006-11-10 03:07:00	2006-11-10 03:10:00	2006-11-10 03:12:00	B1.4		POINT(-59 -7)	-7	-59	-833.0	-163.0
1030	2006-11-10 23:07:00	2006-11-10 23:13:00	2006-11-10 23:18:00	B6.8		POINT(-53 -3)	-3	-53	-786.0	-99.0
1040	2006-11-11 07:36:00	2006-11-11 07:41:00	2006-11-11 07:43:00	B7.8	10923.0	POINT(-41 -8)	-8	-41	-644.0	-184.0
1050	2006-11-11 08:33:00	2006-11-11 08:36:00	2006-11-11 08:43:00	B1.9	10923.0	POINT(-43 -7)	-7	-43	-676.0	-163.0
1060	2006-11-11 10:10:00	2006-11-11 10:15:00	2006-11-11 10:23:00	B3.0	10923.0	POINT(-36 -2)	-2	-36	-581.0	-89.0
1070	2006-11-11 11:21:00	2006-11-11 11:25:00	2006-11-11 11:31:00	B2.1		POINT(-43 -6)	-6	-43	-665.0	-152.0
1080	2006-11-11 11:32:00	2006-11-11 11:36:00	2006-11-11 11:40:00	B3.2	10923.0	POINT(-41 -6)	-6	-41	-649.0	-157.0
1090	2006-11-11 13:10:00	2006-11-11 13:15:00	2006-11-11 13:19:00	B2.6	10923.0	POINT(-34 -3)	-3	-34	-560.0	-99.0
1100	2006-11-11 14:01:00	2006-11-11 14:04:00	2006-11-11 14:06:00	B2.4	10923.0	POINT(-38 -7)	-7	-38	-607.0	-178.0
1110	2006-11-11 14:30:00	2006-11-11 14:37:00	2006-11-11 14:45:00	B1.9	10923.0	POINT(-41 -7)	-7	-41	-644.0	-168.0
1120	2006-11-11 17:37:00	2006-11-11 17:44:00	2006-11-11 17:46:00	B1.7	10923.0	POINT(-38 -7)	-7	-38	-607.0	-163.0
1130	2006-11-11 18:42:00	2006-11-11 18:46:00	2006-11-11 18:48:00	B3.5	10923.0	POINT(-38 -7)	-7	-38	-607.0	-168.0
1140	2006-11-11 20:40:00	2006-11-11 20:43:00	2006-11-11 20:46:00	B1.9	10923.0	POINT(-36 -6)	-6	-36	-586.0	-163.0
1150	2006-11-11 22:52:00	2006-11-11 22:56:00	2006-11-11 23:00:00	B8.5	10923.0	POINT(-39 -4)	-4	-39	-628.0	-126.0
1160	2006-11-12 00:15:00	2006-11-12 00:18:00	2006-11-12 00:21:00	B1.8		POINT(-47 -4)	-4	-47	-723.0	-115.0
1170	2006-11-12 01:38:00	2006-11-12 01:51:00	2006-11-12 01:58:00	B2.4	10923.0	POINT(-35 -8)	-8	-35	-560.0	-189.0
1180	2006-11-12 02:37:00	2006-11-12 02:40:00	2006-11-12 02:43:00	B2.6	10923.0	POINT(-33 -6)	-6	-33	-539.0	-152.0
1190	2006-11-12 04:58:00	2006-11-12 05:20:00	2006-11-12 05:45:00	B2.8		POINT(-36 -7)	-7	-36	-576.0	-168.0
1200	2006-11-12 07:32:00	2006-11-12 07:38:00	2006-11-12 07:42:00	C1.0	10923.0	POINT(-31 -6)	-6	-31	-513.0	-157.0
1210	2006-11-12 09:39:00	2006-11-12 09:46:00	2006-11-12 09:52:00	C1.0	10923.0	POINT(-30 -6)	-6	-30	-492.0	-163.0
1220	2006-11-12 10:38:00	2006-11-12 10:46:00	2006-11-12 11:00:00	C1.1	10923.0	POINT(-29 -6)	-6	-29	-481.0	-157.0
1230	2006-11-12 21:15:00	2006-11-12 21:18:00	2006-11-12 21:20:00	B1.2		POINT(-22 -9)	-9	-22	-376.0	-210.0
1240	2006-11-12 21:45:00	2006-11-12 21:55:00	2006-11-12 22:03:00	C3.3	10923.0	POINT(-23 -7)	-7	-23	-386.0	-184.0
1250	2006-11-13 00:09:00	2006-11-13 00:12:00	2006-11-13 00:14:00	B3.1		POINT(-22 -6)	-6	-22	-371.0	-152.0
1260	2006-11-13 00:29:00	2006-11-13 00:30:00	2006-11-13 00:37:00	B2.4		POINT(-21 -6)	-6	-21	-365.0	-157.0
1270	2006-11-13 00:43:00	2006-11-13 00:45:00	2006-11-13 00:48:00	B4.2		POINT(-22 -6)	-6	-22	-371.0	-157.0
1280	2006-11-13 05:59:00	2006-11-13 06:04:00	2006-11-13 06:08:00	B6.8		POINT(-18 -6)	-6	-18	-313.0	-163.0
1290	2006-11-13 06:36:00	2006-11-13 06:42:00	2006-11-13 06:48:00	C1.0		POINT(-19 -7)	-7	-19	-318.0	-173.0
1300	2006-11-13 14:09:00	2006-11-13 14:15:00	2006-11-13 14:20:00	B1.6		POINT(-23 -6)	-6	-23	-392.0	-152.0
1310	2006-11-13 15:35:00	2006-11-13 15:41:00	2006-11-13 15:48:00	B2.5		POINT(-13 -6)	-6	-13	-229.0	-168.0
1320	2006-11-14 00:00:00	2006-11-14 00:04:00	2006-11-14 00:07:00	B1.2		POINT(-4 -8)	-8	-4	-71.0	-189.0
1330	2006-11-14 01:23:00	2006-11-14 01:30:00	2006-11-14 01:34:00	B2.7		POINT(-8 -7)	-7	-8	-139.0	-178.0
1340	2006-11-14 08:04:00	2006-11-14 08:09:00	2006-11-14 08:14:00	B1.1		POINT(-7 0)	0	-7	-129.0	-52.0
1350	2006-11-14 16:10:00	2006-11-14 16:13:00	2006-11-14 16:17:00	B1.1		POINT(-4 -1)	-1	-4	-81.0	-78.0
1360	2006-11-15 02:19:00	2006-11-15 02:30:00	2006-11-15 02:41:00	B1.5		POINT(10 2)	2	10	181.0	0.0
1370	2006-11-15 10:57:00	2006-11-15 11:00:00	2006-11-15 11:02:00	B1.0		POINT(15 -6)	-6	15	265.0	-152.0
1380	2006-11-15 13:39:00	2006-11-15 13:43:00	2006-11-15 13:47:00	B1.1		POINT(8 -3)	-3	8	139.0	-105.0
1390	2006-11-15 18:43:00	2006-11-15 18:55:00	2006-11-15 19:13:00	C1.8	10924.0	POINT(-30 -9)	-9	-30	-497.0	-199.0
1400	2006-11-17 16:23:00	2006-11-17 16:30:00	2006-11-17 16:36:00	B3.4	10923.0	POINT(46 -7)	-7	46	712.0	-160.0
1410	2006-11-17 22:28:00	2006-11-17 22:36:00	2006-11-17 22:46:00	B2.4	10923.0	POINT(50 -7)	-7	50	757.0	-157.0
1420	2006-11-18 08:12:00	2006-11-18 08:23:00	2006-11-18 08:37:00	B2.1	10923.0	POINT(49 -5)	-5	49	738.0	-128.0
1430	2006-11-18 09:23:00	2006-11-18 09:28:00	2006-11-18 09:31:00	B3.7	10923.0	POINT(55 -6)	-6	55	804.0	-134.0
1440	2006-11-19 14:57:00	2006-11-19 15:13:00	2006-11-19 15:25:00	B1.4		POINT(23 -8)	-8	23	386.0	-186.0
1450	2006-11-19 22:18:00	2006-11-19 22:25:00	2006-11-19 22:30:00	A9.7		POINT(89 -8)	-8	89	970.0	-152.0
1460	2006-11-20 00:24:00	2006-11-20 00:56:00	2006-11-20 01:20:00	A9.3		POINT(89 -7)	-7	89	975.0	-136.0
1470	2006-11-20 06:52:00	2006-11-20 06:58:00	2006-11-20 07:01:00	B3.5		POINT(89 -7)	-7	89	983.0	-121.0
1480	2006-11-20 07:05:00	2006-11-20 07:08:00	2006-11-20 07:11:00	B1.9		POINT(89 -7)	-7	89	983.0	-121.0
1490	2006-11-20 07:37:00	2006-11-20 07:43:00	2006-11-20 07:46:00	B3.4		POINT(33 -8)	-8	33	533.0	-176.0
1500	2006-11-20 08:58:00	2006-11-20 09:03:00	2006-11-20 09:07:00	B1.7		POINT(89 -7)	-7	89	975.0	-123.0
1510	2006-11-20 10:02:00	2006-11-20 10:09:00	2006-11-20 10:13:00	B1.8		POINT(89 -7)	-7	89	980.0	-131.0
1520	2006-11-20 11:07:00	2006-11-20 11:35:00	2006-11-20 11:55:00	B4.1		POINT(89 -7)	-7	89	983.0	-126.0
1530	2006-11-20 12:28:00	2006-11-20 12:47:00	2006-11-20 12:55:00	B1.8		POINT(19 -7)	-7	19	333.0	-168.0
1540	2006-11-20 13:16:00	2006-11-20 13:25:00	2006-11-20 13:35:00	B5.7		POINT(36 -8)	-8	36	578.0	-171.0
1550	2006-11-20 14:18:00	2006-11-20 14:37:00	2006-11-20 14:56:00	B2.4		POINT(84 -6)	-6	84	970.0	-115.0
1560	2006-11-20 15:59:00	2006-11-20 16:13:00	2006-11-20 16:35:00	B2.7		POINT(89 -6)	-6	89	980.0	-118.0
1570	2006-11-20 17:07:00	2006-11-20 17:17:00	2006-11-20 17:22:00	B1.5		POINT(89 -7)	-7	89	983.0	-123.0
1580	2006-11-20 17:38:00	2006-11-20 17:41:00	2006-11-20 17:46:00	B2.1		POINT(82 -6)	-6	82	967.0	-113.0
1590	2006-11-20 18:57:00	2006-11-20 19:06:00	2006-11-20 19:11:00	B3.7		POINT(38 -8)	-8	38	609.0	-171.0
1600	2006-11-20 19:35:00	2006-11-20 19:38:00	2006-11-20 19:41:00	B2.1		POINT(23 -8)	-8	23	388.0	-171.0
1610	2006-11-20 20:21:00	2006-11-20 20:25:00	2006-11-20 20:30:00	B1.0		POINT(84 -8)	-8	84	964.0	-155.0
1620	2006-11-20 22:00:00	2006-11-20 22:05:00	2006-11-20 22:09:00	B1.5		POINT(89 -7)	-7	89	978.0	-123.0
1630	2006-11-20 22:21:00	2006-11-20 22:34:00	2006-11-20 22:44:00	B1.8		POINT(89 0)	0	89	993.0	15.0
1640	2006-11-20 23:00:00	2006-11-20 23:03:00	2006-11-20 23:07:00	B1.0		POINT(89 -7)	-7	89	978.0	-126.0
1650	2006-11-20 23:11:00	2006-11-20 23:15:00	2006-11-20 23:18:00	B1.5		POINT(44 -9)	-9	44	683.0	-189.0
1660	2006-11-21 00:00:00	2006-11-21 00:03:00	2006-11-21 00:06:00	B1.1		POINT(89 -7)	-7	89	991.0	-134.0
1670	2006-11-21 00:16:00	2006-11-21 00:21:00	2006-11-21 00:25:00	B3.7		POINT(89 -7)	-7	89	978.0	-121.0
1680	2006-11-21 02:37:00	2006-11-21 02:53:00	2006-11-21 02:57:00	B1.7		POINT(30 -4)	-4	30	496.0	-102.0
1690	2006-11-21 04:03:00	2006-11-21 04:24:00	2006-11-21 04:34:00	B1.1		POINT(89 -8)	-8	89	980.0	-149.0
1700	2006-11-21 06:59:00	2006-11-21 07:07:00	2006-11-21 07:13:00	B1.6		POINT(45 -7)	-7	45	699.0	-152.0
1710	2006-11-21 08:26:00	2006-11-21 08:32:00	2006-11-21 08:39:00	B2.3		POINT(37 -5)	-5	37	596.0	-115.0
1720	2006-11-21 09:47:00	2006-11-21 09:54:00	2006-11-21 10:02:00	B4.3		POINT(89 -6)	-6	89	975.0	-107.0
1730	2006-11-21 11:19:00	2006-11-21 11:24:00	2006-11-21 11:31:00	B1.9		POINT(89 -6)	-6	89	983.0	-107.0
1740	2006-11-21 13:46:00	2006-11-21 13:53:00	2006-11-21 14:03:00	B3.5		POINT(38 -4)	-4	38	615.0	-102.0
1750	2006-11-22 13:03:00	2006-11-22 13:08:00	2006-11-22 13:34:00	A5.0		POINT(50 -5)	-5	50	757.0	-110.0
1760	2006-11-22 13:57:00	2006-11-22 14:08:00	2006-11-22 14:34:00	A6.6		POINT(66 -8)	-8	66	888.0	-163.0
1770	2006-11-22 20:30:00	2006-11-22 20:36:00	2006-11-22 20:37:00	A7.9		POINT(49 -10)	-10	49	736.0	-207.0
1780	2006-11-22 21:22:00	2006-11-22 21:27:00	2006-11-22 21:33:00	A4.0		POINT(54 -2)	-2	54	796.0	-65.0
1790	2006-11-23 03:13:00	2006-11-23 03:19:00	2006-11-23 03:47:00	A2.9		POINT(59 -10)	-10	59	830.0	-197.0
1800	2006-11-23 11:23:00	2006-11-23 11:40:00	2006-11-23 12:05:00	A9.3		POINT(80 -10)	-10	80	951.0	-189.0
1810	2006-11-24 12:22:00	2006-11-24 12:28:00	2006-11-24 12:34:00	B2.0	10926.0	POINT(-89 -4)	-4	-89	1002.0	-73.0
1820	2006-11-24 12:40:00	2006-11-24 12:45:00	2006-11-24 12:50:00	B1.6	10926.0	POINT(-30 -1)	-1	-30	-502.0	-57.0
1830	2006-11-24 20:04:00	2006-11-24 20:07:00	2006-11-24 20:09:00	B1.3	10926.0	POINT(89 -10)	-10	89	1001.0	-178.0
1840	2006-11-24 21:00:00	2006-11-24 21:03:00	2006-11-24 21:07:00	B1.2	10926.0	POINT(89 -5)	-5	89	993.0	-89.0
1850	2006-11-25 05:04:00	2006-11-25 05:07:00	2006-11-25 05:09:00	B1.3	10926.0	POINT(-89 8)	8	-89	-994.0	144.0
1860	2006-11-25 05:51:00	2006-11-25 05:55:00	2006-11-25 05:58:00	B1.5	10926.0	POINT(-84 -7)	-7	-84	-968.0	-136.0
1870	2006-11-25 08:36:00	2006-11-25 08:40:00	2006-11-25 08:42:00	B4.5	10926.0	POINT(-89 -8)	-8	-89	-975.0	-149.0
1880	2006-11-25 20:23:00	2006-11-25 20:28:00	2006-11-25 20:32:00	B1.2	10926.0	POINT(-69 -6)	-6	-69	-905.0	-112.0
1890	2006-11-25 21:16:00	2006-11-25 21:23:00	2006-11-25 21:29:00	B1.4	10926.0	POINT(-70 -7)	-7	-70	-907.0	-141.0
1900	2006-11-26 04:52:00	2006-11-26 04:55:00	2006-11-26 04:58:00	B1.5	10926.0	POINT(-65 -9)	-9	-65	-875.0	-170.0
1910	2006-11-26 15:08:00	2006-11-26 15:52:00	2006-11-26 16:15:00	B2.1		POINT(-68 -9)	-9	-68	-895.0	-162.0
1920	2006-11-26 21:37:00	2006-11-26 21:42:00	2006-11-26 21:46:00	B1.1	10926.0	POINT(-59 -8)	-8	-59	-831.0	-149.0
1930	2006-11-27 00:34:00	2006-11-27 00:37:00	2006-11-27 00:43:00	B1.0	10926.0	POINT(-88 49)	49	-88	-660.0	773.0
1940	2006-11-27 01:05:00	2006-11-27 01:09:00	2006-11-27 01:14:00	B1.7	10926.0	POINT(-60 -9)	-9	-60	-837.0	-165.0
1950	2006-11-27 04:23:00	2006-11-27 04:27:00	2006-11-27 04:29:00	B1.8	10926.0	POINT(-58 -9)	-9	-58	-819.0	-166.0
1960	2006-11-27 07:31:00	2006-11-27 07:42:00	2006-11-27 07:47:00	B2.1	10927.0	POINT(-64 9)	9	-64	-864.0	147.0
1970	2006-11-27 11:12:00	2006-11-27 11:30:00	2006-11-27 11:40:00	B2.4	10927.0	POINT(-62 9)	9	-62	-852.0	146.0
1980	2006-11-27 12:12:00	2006-11-27 12:18:00	2006-11-27 12:33:00	B1.4	10927.0	POINT(-61 9)	9	-61	-845.0	149.0
1990	2006-11-27 18:54:00	2006-11-27 18:58:00	2006-11-27 19:00:00	B1.5	10927.0	POINT(-57 9)	9	-57	-814.0	143.0
2000	2006-11-28 11:42:00	2006-11-28 11:47:00	2006-11-28 11:50:00	B1.2	10927.0	POINT(-49 9)	9	-49	-730.0	143.0
2010	2006-11-28 12:17:00	2006-11-28 12:20:00	2006-11-28 12:22:00	B1.0	10926.0	POINT(-39 -8)	-8	-39	-617.0	-162.0
2020	2006-11-28 12:58:00	2006-11-28 13:07:00	2006-11-28 13:30:00	B1.6	10927.0	POINT(-50 12)	12	-50	-733.0	190.0
2030	2006-11-28 14:51:00	2006-11-28 15:07:00	2006-11-28 15:30:00	B4.0	10926.0	POINT(-30 -6)	-6	-30	-494.0	-134.0
2040	2006-11-28 19:02:00	2006-11-28 19:07:00	2006-11-28 19:14:00	B1.5		POINT(-35 -9)	-9	-35	-563.0	-181.0
2050	2006-11-28 21:51:00	2006-11-28 21:54:00	2006-11-28 22:00:00	B1.0		POINT(-42 10)	10	-42	-651.0	159.0
2060	2006-11-28 23:48:00	2006-11-28 23:53:00	2006-11-28 23:57:00	B1.8	10927.0	POINT(-42 8)	8	-42	-651.0	137.0
2070	2006-11-29 04:43:00	2006-11-29 04:50:00	2006-11-29 05:01:00	B1.6	10927.0	POINT(-30 -7)	-7	-30	-487.0	-152.0
2080	2006-11-29 06:11:00	2006-11-29 06:54:00	2006-11-29 07:30:00	B1.8		POINT(-40 9)	9	-40	-625.0	149.0
2090	2006-11-29 10:25:00	2006-11-29 10:33:00	2006-11-29 10:51:00	B1.7	10926.0	POINT(-27 -8)	-8	-27	-441.0	-156.0
2100	2006-11-29 15:04:00	2006-11-29 15:18:00	2006-11-29 15:40:00	C1.1	10927.0	POINT(-33 11)	11	-33	-527.0	184.0
2110	2006-11-29 23:37:00	2006-11-29 23:41:00	2006-11-29 23:48:00	B1.0		POINT(21 -7)	-7	21	362.0	-143.0
2120	2006-11-30 00:55:00	2006-11-30 01:03:00	2006-11-30 01:06:00	B1.8	10927.0	POINT(-40 45)	45	-40	-447.0	681.0
2130	2006-11-30 01:35:00	2006-11-30 01:40:00	2006-11-30 01:47:00	B1.9	10927.0	POINT(-27 10)	10	-27	-441.0	170.0
2140	2006-11-30 01:52:00	2006-11-30 02:33:00	2006-11-30 02:44:00	B4.2	10927.0	POINT(-27 11)	11	-27	-441.0	172.0
2150	2006-12-01 03:39:00	2006-12-01 03:49:00	2006-12-01 04:09:00	A5.0		POINT(-14 9)	9	-14	-239.0	152.0
2160	2006-12-01 08:17:00	2006-12-01 08:24:00	2006-12-01 08:30:00	B1.1		POINT(-1 -8)	-8	-1	-24.0	-165.0
2170	2006-12-01 17:59:00	2006-12-01 18:16:00	2006-12-01 18:44:00	A5.1		POINT(46 -8)	-8	46	699.0	-147.0
2180	2006-12-01 21:57:00	2006-12-01 22:29:00	2006-12-01 22:50:00	B5.0	10926.0	POINT(4 -8)	-8	4	77.0	-153.0
2190	2006-12-02 00:18:00	2006-12-02 00:35:00	2006-12-02 00:50:00	C1.0	10926.0	POINT(6 -7)	-7	6	110.0	-144.0
2200	2006-12-02 02:34:00	2006-12-02 02:59:00	2006-12-02 03:14:00	B2.1		POINT(7 -7)	-7	7	129.0	-140.0
2210	2006-12-02 04:59:00	2006-12-02 05:15:00	2006-12-02 05:38:00	B2.6		POINT(52 -7)	-7	52	769.0	-141.0
2220	2006-12-02 07:00:00	2006-12-02 07:15:00	2006-12-02 07:31:00	C1.0	10926.0	POINT(11 -7)	-7	11	192.0	-144.0
2230	2006-12-02 09:55:00	2006-12-02 09:59:00	2006-12-02 10:04:00	B1.7	10927.0	POINT(6 8)	8	6	102.0	131.0
2240	2006-12-02 14:38:00	2006-12-02 15:04:00	2006-12-02 15:28:00	B3.4	10926.0	POINT(12 -9)	-9	12	209.0	-165.0
2250	2006-12-02 15:46:00	2006-12-02 16:07:00	2006-12-02 16:24:00	B5.9	10926.0	POINT(16 -7)	-7	16	273.0	-147.0
2260	2006-12-02 17:22:00	2006-12-02 17:32:00	2006-12-02 17:46:00	B7.2	10926.0	POINT(17 -7)	-7	17	291.0	-146.0
2270	2006-12-02 18:42:00	2006-12-02 18:54:00	2006-12-02 19:10:00	B3.4	10926.0	POINT(14 -10)	-10	14	237.0	-183.0
2280	2006-12-02 21:58:00	2006-12-02 22:07:00	2006-12-02 22:14:00	C1.1	10926.0	POINT(20 -7)	-7	20	334.0	-142.0
2290	2006-12-03 02:27:00	2006-12-03 02:31:00	2006-12-03 02:35:00	B1.2	10926.0	POINT(23 -8)	-8	23	380.0	-150.0
2300	2006-12-03 03:17:00	2006-12-03 03:25:00	2006-12-03 03:33:00	C1.2	10926.0	POINT(23 -7)	-7	23	387.0	-138.0
2310	2006-12-03 08:23:00	2006-12-03 08:27:00	2006-12-03 08:30:00	B1.3	10926.0	POINT(26 -7)	-7	26	434.0	-141.0
2320	2006-12-03 08:38:00	2006-12-03 08:43:00	2006-12-03 08:56:00	B1.8	10926.0	POINT(27 -7)	-7	27	441.0	-140.0
2330	2006-12-03 08:57:00	2006-12-03 09:03:00	2006-12-03 09:06:00	B3.6	10926.0	POINT(26 -7)	-7	26	436.0	-144.0
2340	2006-12-03 13:00:00	2006-12-03 13:30:00	2006-12-03 13:55:00	B1.4		POINT(-77 -4)	-4	-77	-948.0	-86.0
2350	2006-12-03 16:27:00	2006-12-03 16:30:00	2006-12-03 16:33:00	B1.1		POINT(31 -8)	-8	31	504.0	-149.0
2360	2006-12-03 16:58:00	2006-12-03 17:29:00	2006-12-03 17:59:00	B5.8	10926.0	POINT(31 -8)	-8	31	511.0	-149.0
2370	2006-12-03 20:52:00	2006-12-03 20:58:00	2006-12-03 21:00:00	B1.4	10926.0	POINT(34 -10)	-10	34	542.0	-182.0
2380	2006-12-03 21:33:00	2006-12-03 21:36:00	2006-12-03 21:39:00	B1.5	10926.0	POINT(33 -10)	-10	33	523.0	-187.0
2390	2006-12-04 01:22:00	2006-12-04 01:26:00	2006-12-04 01:30:00	B1.9	10926.0	POINT(34 -10)	-10	34	549.0	-188.0
2400	2006-12-04 02:42:00	2006-12-04 02:48:00	2006-12-04 02:52:00	B1.3		POINT(-75 -6)	-6	-75	-937.0	-104.0
2410	2006-12-04 03:56:00	2006-12-04 04:17:00	2006-12-04 04:28:00	B2.3		POINT(-81 -8)	-8	-81	-954.0	-144.0
2420	2006-12-04 04:32:00	2006-12-04 05:09:00	2006-12-04 05:24:00	B3.8		POINT(-89 -6)	-6	-89	-985.0	-104.0
2430	2006-12-04 05:34:00	2006-12-04 05:42:00	2006-12-04 05:49:00	B5.1		POINT(-75 -6)	-6	-75	-936.0	-111.0
2440	2006-12-04 05:50:00	2006-12-04 05:54:00	2006-12-04 06:00:00	B4.0		POINT(-75 -7)	-7	-75	-935.0	-124.0
2450	2006-12-04 07:53:00	2006-12-04 07:58:00	2006-12-04 08:01:00	B2.6	10926.0	POINT(39 -7)	-7	39	616.0	-141.0
2460	2006-12-04 10:22:00	2006-12-04 10:27:00	2006-12-04 10:30:00	B2.1		POINT(-89 38)	38	-89	-822.0	659.0
2470	2006-12-04 11:27:00	2006-12-04 11:37:00	2006-12-04 11:55:00	C2.0		POINT(-75 -8)	-8	-75	-935.0	-139.0
2480	2006-12-04 12:03:00	2006-12-04 12:08:00	2006-12-04 12:11:00	B8.9		POINT(-74 -4)	-4	-74	-937.0	-86.0
2490	2006-12-04 12:11:00	2006-12-04 12:14:00	2006-12-04 12:25:00	C1.2		POINT(-77 -4)	-4	-77	-948.0	-86.0
2500	2006-12-04 12:28:00	2006-12-04 12:34:00	2006-12-04 12:45:00	C1.1		POINT(-74 -5)	-5	-74	-935.0	-87.0
2510	2006-12-04 14:26:00	2006-12-04 14:39:00	2006-12-04 14:55:00	C4.9		POINT(-76 -7)	-7	-76	-939.0	-134.0
2520	2006-12-04 15:46:00	2006-12-04 15:55:00	2006-12-04 16:01:00	C1.1	10930.0	POINT(-74 -4)	-4	-74	-936.0	-84.0
2530	2006-12-04 16:14:00	2006-12-04 16:17:00	2006-12-04 16:21:00	C1.3	10930.0	POINT(-89 28)	28	-89	-944.0	522.0
2540	2006-12-04 16:21:00	2006-12-04 16:24:00	2006-12-04 16:27:00	C2.4		POINT(-74 -5)	-5	-74	-933.0	-92.0
2550	2006-12-04 17:05:00	2006-12-04 17:10:00	2006-12-04 17:15:00	C1.2	10930.0	POINT(-74 -4)	-4	-74	-938.0	-81.0
2560	2006-12-04 18:21:00	2006-12-04 18:27:00	2006-12-04 18:40:00	B9.7	10930.0	POINT(-74 -5)	-5	-74	-936.0	-87.0
2570	2006-12-04 19:20:00	2006-12-04 19:30:00	2006-12-04 19:34:00	B5.4	10930.0	POINT(-74 -5)	-5	-74	-936.0	-91.0
2580	2006-12-04 20:37:00	2006-12-04 20:43:00	2006-12-04 20:49:00	C1.2	10930.0	POINT(-75 -5)	-5	-75	-938.0	-87.0
2590	2006-12-04 21:11:00	2006-12-04 21:17:00	2006-12-04 21:27:00	C1.4	10930.0	POINT(-74 -8)	-8	-74	-930.0	-138.0
2600	2006-12-04 23:10:00	2006-12-04 23:17:00	2006-12-04 23:20:00	C1.0	10930.0	POINT(-73 -4)	-4	-73	-930.0	-73.0
2610	2006-12-04 23:24:00	2006-12-04 23:30:00	2006-12-04 23:38:00	C2.2	10930.0	POINT(-74 -5)	-5	-74	-933.0	-102.0
2620	2006-12-05 00:20:00	2006-12-05 00:25:00	2006-12-05 00:33:00	B4.1	10930.0	POINT(-89 34)	34	-89	-818.0	571.0
2630	2006-12-05 01:31:00	2006-12-05 01:34:00	2006-12-05 01:37:00	B3.2	10930.0	POINT(-72 -5)	-5	-72	-924.0	-90.0
2640	2006-12-05 01:41:00	2006-12-05 01:48:00	2006-12-05 01:50:00	B8.7	10930.0	POINT(-72 -5)	-5	-72	-928.0	-87.0
2650	2006-12-05 01:59:00	2006-12-05 02:03:00	2006-12-05 02:07:00	C2.2	10930.0	POINT(-72 -4)	-4	-72	-928.0	-75.0
2660	2006-12-05 02:44:00	2006-12-05 02:59:00	2006-12-05 03:06:00	B6.4		POINT(-73 -5)	-5	-73	-933.0	-87.0
2670	2006-12-05 03:15:00	2006-12-05 03:23:00	2006-12-05 03:27:00	B8.7	10930.0	POINT(-72 -6)	-6	-72	-926.0	-106.0
2680	2006-12-05 03:35:00	2006-12-05 03:40:00	2006-12-05 03:48:00	B7.0	10930.0	POINT(-73 -4)	-4	-73	-929.0	-83.0
2690	2006-12-05 04:08:00	2006-12-05 04:17:00	2006-12-05 04:27:00	B6.6	10930.0	POINT(-73 -5)	-5	-73	-929.0	-96.0
2700	2006-12-05 05:01:00	2006-12-05 05:09:00	2006-12-05 05:17:00	C3.8	10930.0	POINT(-72 -4)	-4	-72	-928.0	-85.0
2710	2006-12-05 06:05:00	2006-12-05 06:26:00	2006-12-05 06:30:00	C4.2	10930.0	POINT(-72 -5)	-5	-72	-926.0	-100.0
2720	2006-12-05 07:11:00	2006-12-05 07:20:00	2006-12-05 07:33:00	B5.1	10930.0	POINT(-72 -4)	-4	-72	-925.0	-81.0
2730	2006-12-05 07:45:00	2006-12-05 08:03:00	2006-12-05 08:06:00	M1.8	10930.0	POINT(-71 -5)	-5	-71	-922.0	-96.0
2740	2006-12-05 09:07:00	2006-12-05 09:11:00	2006-12-05 09:14:00	C1.5	10930.0	POINT(-71 -6)	-6	-71	-921.0	-108.0
2750	2006-12-05 10:18:00	2006-12-05 10:35:00	2006-12-05 10:45:00	X9.0	10930.0	POINT(-59 -6)	-6	-59	-833.0	-110.0
2760	2006-12-05 16:09:00	2006-12-05 16:15:00	2006-12-05 16:20:00	C1.7	10930.0	POINT(56 -9)	-9	56	798.0	-165.0
2770	2006-12-05 17:18:00	2006-12-05 17:22:00	2006-12-05 17:28:00	C1.2	10930.0	POINT(-68 -4)	-4	-68	-903.0	-78.0
2780	2006-12-05 19:49:00	2006-12-05 20:07:00	2006-12-05 20:14:00	C5.8	10930.0	POINT(-66 -4)	-4	-66	-894.0	-81.0
2790	2006-12-05 20:21:00	2006-12-05 20:49:00	2006-12-05 21:35:00	C3.7	10930.0	POINT(-71 -3)	-3	-71	-924.0	-53.0
2800	2006-12-05 21:44:00	2006-12-05 22:08:00	2006-12-05 22:32:00	C5.4		POINT(-67 -2)	-2	-67	-897.0	-48.0
2810	2006-12-05 22:46:00	2006-12-05 22:52:00	2006-12-05 23:18:00	C3.6		POINT(-65 -4)	-4	-65	-883.0	-77.0
2820	2006-12-05 23:52:00	2006-12-05 23:55:00	2006-12-05 23:58:00	C1.5	10930.0	POINT(-5 39)	39	-5	-67.0	615.0
2830	2006-12-06 01:30:00	2006-12-06 02:20:00	2006-12-06 02:54:00	M1.1	10930.0	POINT(-67 -6)	-6	-67	-898.0	-103.0
2840	2006-12-06 05:36:00	2006-12-06 05:40:00	2006-12-06 05:45:00	C2.4	10930.0	POINT(-64 -6)	-6	-64	-875.0	-107.0
2850	2006-12-06 07:06:00	2006-12-06 07:10:00	2006-12-06 07:14:00	C1.0	10930.0	POINT(-63 -7)	-7	-63	-863.0	-124.0
2860	2006-12-06 07:25:00	2006-12-06 07:28:00	2006-12-06 07:31:00	C1.5	10930.0	POINT(-62 -4)	-4	-62	-862.0	-85.0
2870	2006-12-06 07:34:00	2006-12-06 07:37:00	2006-12-06 07:40:00	C1.7	10930.0	POINT(-63 -6)	-6	-63	-868.0	-104.0
2880	2006-12-06 08:02:00	2006-12-06 08:23:00	2006-12-06 09:03:00	M6.0	10930.0	POINT(-65 -2)	-2	-65	-885.0	-51.0
2890	2006-12-06 12:53:00	2006-12-06 12:58:00	2006-12-06 13:03:00	C4.8	10930.0	POINT(-60 -5)	-5	-60	-847.0	-103.0
2900	2006-12-06 14:21:00	2006-12-06 14:28:00	2006-12-06 14:33:00	C2.5	10930.0	POINT(-60 -6)	-6	-60	-843.0	-106.0
2910	2006-12-06 15:00:00	2006-12-06 15:05:00	2006-12-06 15:14:00	C2.1	10930.0	POINT(-54 15)	15	-54	-762.0	256.0
2920	2006-12-06 15:54:00	2006-12-06 15:58:00	2006-12-06 16:00:00	C1.7	10930.0	POINT(-59 -6)	-6	-59	-835.0	-116.0
2930	2006-12-06 16:06:00	2006-12-06 16:11:00	2006-12-06 16:14:00	C1.4		POINT(-59 -6)	-6	-59	-833.0	-118.0
2940	2006-12-06 16:15:00	2006-12-06 16:21:00	2006-12-06 16:26:00	C4.4	10930.0	POINT(-59 -7)	-7	-59	-836.0	-120.0
2950	2006-12-06 17:49:00	2006-12-06 17:52:00	2006-12-06 18:04:00	B9.0		POINT(-59 -7)	-7	-59	-835.0	-125.0
2960	2006-12-06 18:29:00	2006-12-06 18:47:00	2006-12-06 19:00:00	X6.5	10930.0	POINT(-57 -5)	-5	-57	-816.0	-87.0
2970	2006-12-06 20:14:00	2006-12-06 20:19:00	2006-12-06 20:22:00	M3.5	10930.0	POINT(-55 -3)	-3	-55	-803.0	-63.0
2980	2006-12-06 21:44:00	2006-12-06 21:52:00	2006-12-06 21:55:00	C7.4	10930.0	POINT(-54 -3)	-3	-54	-796.0	-66.0
2990	2006-12-06 22:26:00	2006-12-06 22:31:00	2006-12-06 22:33:00	C3.1	10930.0	POINT(-54 -3)	-3	-54	-797.0	-66.0
3000	2006-12-06 23:09:00	2006-12-06 23:13:00	2006-12-06 23:15:00	C1.7	10930.0	POINT(-55 -2)	-2	-55	-802.0	-36.0
3010	2006-12-07 00:31:00	2006-12-07 00:34:00	2006-12-07 00:37:00	C1.9	10930.0	POINT(-55 -8)	-8	-55	-794.0	-145.0
3020	2006-12-07 02:13:00	2006-12-07 02:17:00	2006-12-07 02:21:00	B5.6	10926.0	POINT(89 -7)	-7	89	970.0	-129.0
3030	2006-12-07 02:35:00	2006-12-07 02:40:00	2006-12-07 02:42:00	B5.3	10930.0	POINT(-52 -3)	-3	-52	-770.0	-61.0
3040	2006-12-07 03:32:00	2006-12-07 03:36:00	2006-12-07 03:39:00	C2.0	10930.0	POINT(-52 -4)	-4	-52	-768.0	-71.0
3050	2006-12-07 04:27:00	2006-12-07 04:45:00	2006-12-07 05:09:00	C6.1	10930.0	POINT(-51 -5)	-5	-51	-760.0	-96.0
3060	2006-12-07 07:50:00	2006-12-07 07:55:00	2006-12-07 07:59:00	B3.4		POINT(-51 -1)	-1	-51	-759.0	-29.0
3070	2006-12-07 08:27:00	2006-12-07 08:33:00	2006-12-07 08:36:00	B4.3	10930.0	POINT(-50 -1)	-1	-50	-755.0	-24.0
3080	2006-12-07 10:49:00	2006-12-07 11:48:00	2006-12-07 12:57:00	C1.1	10930.0	POINT(-45 -4)	-4	-45	-697.0	-77.0
3090	2006-12-07 14:49:00	2006-12-07 15:15:00	2006-12-07 15:33:00	C1.2	10930.0	POINT(-47 -7)	-7	-47	-712.0	-130.0
3100	2006-12-07 18:20:00	2006-12-07 19:13:00	2006-12-07 19:33:00	M2.0	10930.0	POINT(-44 -6)	-6	-44	-681.0	-108.0
3110	2006-12-08 01:05:00	2006-12-08 01:10:00	2006-12-08 01:15:00	B4.3	10930.0	POINT(-37 -6)	-6	-37	-593.0	-111.0
3120	2006-12-08 01:25:00	2006-12-08 01:29:00	2006-12-08 01:34:00	B3.8	10930.0	POINT(-39 -5)	-5	-39	-622.0	-97.0
3130	2006-12-08 04:19:00	2006-12-08 04:37:00	2006-12-08 04:55:00	B7.0		POINT(-49 0)	0	-49	-747.0	16.0
3140	2006-12-08 07:20:00	2006-12-08 07:24:00	2006-12-08 07:28:00	B4.4	10930.0	POINT(-35 -5)	-5	-35	-568.0	-88.0
3150	2006-12-08 10:19:00	2006-12-08 10:23:00	2006-12-08 10:26:00	B2.1		POINT(-36 -2)	-2	-36	-575.0	-42.0
3160	2006-12-08 14:23:00	2006-12-08 14:28:00	2006-12-08 14:43:00	B2.3		POINT(-33 -4)	-4	-33	-531.0	-84.0
3170	2006-12-08 15:16:00	2006-12-08 15:20:00	2006-12-08 15:23:00	B3.0	10930.0	POINT(-31 -5)	-5	-31	-504.0	-98.0
3180	2006-12-08 15:49:00	2006-12-08 16:00:00	2006-12-08 16:09:00	B4.3	10930.0	POINT(-28 -3)	-3	-28	-468.0	-64.0
3190	2006-12-08 17:33:00	2006-12-08 17:36:00	2006-12-08 17:38:00	B1.9		POINT(-32 -5)	-5	-32	-517.0	-98.0
3200	2006-12-08 18:33:00	2006-12-08 20:23:00	2006-12-08 21:15:00	B3.7		POINT(89 10)	10	89	983.0	188.0
3210	2006-12-09 10:29:00	2006-12-09 10:41:00	2006-12-09 10:46:00	B4.5	10930.0	POINT(-18 -5)	-5	-18	-302.0	-97.0
3220	2006-12-09 10:48:00	2006-12-09 10:59:00	2006-12-09 11:05:00	C1.3	10930.0	POINT(-16 -5)	-5	-16	-283.0	-83.0
3230	2006-12-09 13:52:00	2006-12-09 13:58:00	2006-12-09 14:03:00	B1.6		POINT(-21 -2)	-2	-21	-361.0	-44.0
3240	2006-12-09 13:53:00	2006-12-09 13:58:00	2006-12-09 14:02:00	B1.4		POINT(-21 -2)	-2	-21	-361.0	-44.0
3250	2006-12-09 15:01:00	2006-12-09 15:07:00	2006-12-09 15:11:00	B1.8	10930.0	POINT(-21 -2)	-2	-21	-351.0	-33.0
3260	2006-12-09 17:03:00	2006-12-09 17:08:00	2006-12-09 17:10:00	B1.6	10930.0	POINT(-19 -4)	-4	-19	-321.0	-74.0
3270	2006-12-09 18:04:00	2006-12-09 18:09:00	2006-12-09 18:11:00	B4.0		POINT(-21 -5)	-5	-21	-351.0	-98.0
3280	2006-12-09 19:12:00	2006-12-09 19:19:00	2006-12-09 19:26:00	B2.9	10930.0	POINT(-18 -2)	-2	-18	-315.0	-36.0
3290	2006-12-09 22:55:00	2006-12-09 23:00:00	2006-12-09 23:03:00	B2.4	10930.0	POINT(-16 -2)	-2	-16	-280.0	-30.0
3300	2006-12-10 02:54:00	2006-12-10 02:58:00	2006-12-10 03:03:00	B1.9	10930.0	POINT(-14 -1)	-1	-14	-240.0	-23.0
3310	2006-12-10 05:15:00	2006-12-10 05:22:00	2006-12-10 05:26:00	B2.9	10930.0	POINT(-13 -1)	-1	-13	-228.0	-24.0
3320	2006-12-10 07:25:00	2006-12-10 07:30:00	2006-12-10 07:33:00	B7.0	10930.0	POINT(-12 -2)	-2	-12	-204.0	-34.0
3330	2006-12-10 10:31:00	2006-12-10 10:34:00	2006-12-10 10:36:00	B1.1		POINT(-89 18)	18	-89	-948.0	313.0
3340	2006-12-10 12:16:00	2006-12-10 12:19:00	2006-12-10 12:21:00	B1.1		POINT(-10 -5)	-5	-10	-179.0	-87.0
3350	2006-12-10 13:10:00	2006-12-10 13:13:00	2006-12-10 13:15:00	B1.1		POINT(-10 -5)	-5	-10	-173.0	-83.0
3360	2006-12-10 15:57:00	2006-12-10 16:00:00	2006-12-10 16:03:00	B1.1		POINT(-8 -5)	-5	-8	-144.0	-88.0
3370	2006-12-10 17:12:00	2006-12-10 17:17:00	2006-12-10 17:20:00	B1.6	10930.0	POINT(-5 -5)	-5	-5	-85.0	-92.0
3380	2006-12-10 19:56:00	2006-12-10 19:59:00	2006-12-10 20:02:00	B1.0		POINT(-4 -2)	-2	-4	-79.0	-34.0
3390	2006-12-10 21:21:00	2006-12-10 21:28:00	2006-12-10 21:35:00	B1.4	10930.0	POINT(-3 -3)	-3	-3	-60.0	-52.0
3400	2006-12-10 22:57:00	2006-12-10 23:00:00	2006-12-10 23:02:00	B1.3		POINT(-4 -5)	-5	-4	-77.0	-83.0
3410	2006-12-10 23:20:00	2006-12-10 23:23:00	2006-12-10 23:27:00	B1.1		POINT(-1 -6)	-6	-1	-33.0	-100.0
3420	2006-12-10 23:31:00	2006-12-10 23:35:00	2006-12-10 23:38:00	B1.7		POINT(0 -6)	-6	0	-15.0	-99.0
3430	2006-12-11 00:56:00	2006-12-11 01:21:00	2006-12-11 01:28:00	C1.4	10930.0	POINT(-1 -5)	-5	-1	-23.0	-94.0
3440	2006-12-11 05:08:00	2006-12-11 05:17:00	2006-12-11 05:23:00	C2.6	10930.0	POINT(0 -5)	-5	0	1.0	-85.0
3450	2006-12-11 06:13:00	2006-12-11 06:16:00	2006-12-11 06:18:00	B1.6	10930.0	POINT(0 -2)	-2	0	-1.0	-27.0
3460	2006-12-11 07:54:00	2006-12-11 08:18:00	2006-12-11 08:22:00	C5.7	10930.0	POINT(2 -3)	-3	2	49.0	-48.0
3470	2006-12-11 09:38:00	2006-12-11 09:42:00	2006-12-11 09:45:00	B5.5	10930.0	POINT(3 -3)	-3	3	52.0	-48.0
3480	2006-12-11 10:17:00	2006-12-11 10:22:00	2006-12-11 10:25:00	B4.7	10930.0	POINT(4 -3)	-3	4	71.0	-60.0
3490	2006-12-11 11:03:00	2006-12-11 11:07:00	2006-12-11 11:09:00	B4.1	10930.0	POINT(4 -3)	-3	4	75.0	-44.0
3500	2006-12-11 11:21:00	2006-12-11 11:24:00	2006-12-11 11:26:00	B4.0	10930.0	POINT(4 -4)	-4	4	81.0	-66.0
3510	2006-12-11 11:41:00	2006-12-11 11:45:00	2006-12-11 11:48:00	B4.5	10930.0	POINT(4 -3)	-3	4	82.0	-45.0
3520	2006-12-11 13:20:00	2006-12-11 13:28:00	2006-12-11 13:30:00	B3.5	10930.0	POINT(5 -3)	-3	5	101.0	-54.0
3530	2006-12-11 13:31:00	2006-12-11 13:41:00	2006-12-11 13:48:00	B4.2	10930.0	POINT(4 -8)	-8	4	77.0	-130.0
3540	2006-12-11 14:36:00	2006-12-11 14:41:00	2006-12-11 14:47:00	B1.6		POINT(6 -2)	-2	6	109.0	-40.0
3550	2006-12-11 15:35:00	2006-12-11 15:39:00	2006-12-11 15:41:00	B1.8	10930.0	POINT(5 -2)	-2	5	89.0	-30.0
3560	2006-12-11 15:46:00	2006-12-11 15:49:00	2006-12-11 15:51:00	B1.0	10930.0	POINT(7 -3)	-3	7	121.0	-53.0
3570	2006-12-11 17:18:00	2006-12-11 17:26:00	2006-12-11 17:31:00	B1.8		POINT(8 -2)	-2	8	137.0	-42.0
3580	2006-12-11 17:41:00	2006-12-11 17:47:00	2006-12-11 17:53:00	B2.0		POINT(7 -5)	-5	7	134.0	-94.0
3590	2006-12-11 22:30:00	2006-12-11 22:34:00	2006-12-11 22:37:00	B2.3		POINT(11 -3)	-3	11	187.0	-43.0
3600	2006-12-12 00:22:00	2006-12-12 00:25:00	2006-12-12 00:30:00	B1.3		POINT(9 -5)	-5	9	168.0	-78.0
3610	2006-12-12 01:11:00	2006-12-12 01:15:00	2006-12-12 01:20:00	B1.2		POINT(8 -6)	-6	8	139.0	-104.0
3620	2006-12-12 01:52:00	2006-12-12 02:01:00	2006-12-12 02:10:00	B1.4	10930.0	POINT(12 -5)	-5	12	206.0	-83.0
3630	2006-12-12 02:23:00	2006-12-12 02:26:00	2006-12-12 02:28:00	B1.7		POINT(8 -6)	-6	8	143.0	-94.0
3640	2006-12-12 08:26:00	2006-12-12 08:56:00	2006-12-12 09:08:00	B3.7	10930.0	POINT(16 -6)	-6	16	270.0	-101.0
3650	2006-12-12 13:30:00	2006-12-12 13:33:00	2006-12-12 13:35:00	B1.9	10930.0	POINT(20 -7)	-7	20	333.0	-112.0
3660	2006-12-12 21:46:00	2006-12-12 22:23:00	2006-12-12 22:30:00	B3.7		POINT(19 -6)	-6	19	322.0	-101.0
3670	2006-12-12 22:36:00	2006-12-12 23:00:00	2006-12-12 23:24:00	B9.3		POINT(18 -7)	-7	18	313.0	-118.0
3680	2006-12-13 02:14:00	2006-12-13 02:40:00	2006-12-13 02:57:00	X3.4	10930.0	POINT(22 -7)	-7	22	381.0	-118.0
3690	2006-12-13 07:54:00	2006-12-13 08:01:00	2006-12-13 08:06:00	B8.3		POINT(22 -8)	-8	22	368.0	-141.0
3700	2006-12-13 09:05:00	2006-12-13 09:11:00	2006-12-13 09:17:00	B3.8		POINT(38 -8)	-8	38	602.0	-131.0
3710	2006-12-13 09:21:00	2006-12-13 09:23:00	2006-12-13 09:39:00	B4.2		POINT(28 -11)	-11	28	460.0	-189.0
3720	2006-12-13 10:09:00	2006-12-13 10:17:00	2006-12-13 10:25:00	B2.5		POINT(40 -9)	-9	40	636.0	-152.0
3730	2006-12-13 11:22:00	2006-12-13 11:34:00	2006-12-13 11:40:00	B7.8	10930.0	POINT(27 -6)	-6	27	460.0	-99.0
3740	2006-12-13 13:22:00	2006-12-13 13:31:00	2006-12-13 13:38:00	B7.4	10930.0	POINT(29 -6)	-6	29	478.0	-107.0
3750	2006-12-13 14:14:00	2006-12-13 14:23:00	2006-12-13 14:33:00	C2.2	10930.0	POINT(26 -6)	-6	26	431.0	-107.0
3760	2006-12-13 18:18:00	2006-12-13 18:25:00	2006-12-13 18:31:00	C1.7	10930.0	POINT(33 -5)	-5	33	539.0	-84.0
3770	2006-12-13 19:29:00	2006-12-13 19:40:00	2006-12-13 19:45:00	B3.1	10930.0	POINT(34 -5)	-5	34	548.0	-83.0
3780	2006-12-14 00:50:00	2006-12-14 00:58:00	2006-12-14 01:01:00	B6.8	10930.0	POINT(35 -6)	-6	35	568.0	-102.0
3790	2006-12-14 05:41:00	2006-12-14 05:45:00	2006-12-14 05:48:00	B1.7		POINT(41 -3)	-3	41	652.0	-57.0
3800	2006-12-14 06:10:00	2006-12-14 06:15:00	2006-12-14 06:22:00	B2.8		POINT(39 -3)	-3	39	631.0	-55.0
3810	2006-12-14 08:31:00	2006-12-14 08:38:00	2006-12-14 08:42:00	B2.8	10930.0	POINT(39 -6)	-6	39	623.0	-99.0
3820	2006-12-14 09:33:00	2006-12-14 09:37:00	2006-12-14 09:39:00	B2.4		POINT(41 -4)	-4	41	655.0	-60.0
3830	2006-12-14 11:07:00	2006-12-14 11:10:00	2006-12-14 11:13:00	B1.8		POINT(44 -5)	-5	44	684.0	-86.0
3840	2006-12-14 11:56:00	2006-12-14 12:09:00	2006-12-14 12:29:00	C1.0	10930.0	POINT(37 -6)	-6	37	599.0	-107.0
3850	2006-12-14 14:13:00	2006-12-14 14:23:00	2006-12-14 14:27:00	B2.7		POINT(33 -8)	-8	33	539.0	-131.0
3860	2006-12-14 14:29:00	2006-12-14 14:35:00	2006-12-14 14:36:00	B2.3		POINT(33 -9)	-9	33	544.0	-144.0
3870	2006-12-14 15:49:00	2006-12-14 15:53:00	2006-12-14 15:55:00	B2.6	10930.0	POINT(43 -6)	-6	43	673.0	-97.0
3880	2006-12-14 16:36:00	2006-12-14 16:49:00	2006-12-14 16:59:00	C1.2	10930.0	POINT(39 -8)	-8	39	621.0	-128.0
3890	2006-12-14 17:11:00	2006-12-14 17:27:00	2006-12-14 18:00:00	B8.8		POINT(40 -7)	-7	40	642.0	-110.0
3900	2006-12-14 18:53:00	2006-12-14 18:58:00	2006-12-14 19:03:00	B7.1	10930.0	POINT(42 -8)	-8	42	665.0	-139.0
3910	2006-12-14 19:31:00	2006-12-14 19:35:00	2006-12-14 19:39:00	B3.1	10930.0	POINT(47 -4)	-4	47	728.0	-65.0
3920	2006-12-14 19:49:00	2006-12-14 19:59:00	2006-12-14 20:04:00	B7.0	10930.0	POINT(50 -7)	-7	50	749.0	-123.0
3930	2006-12-14 20:31:00	2006-12-14 20:35:00	2006-12-14 20:39:00	B2.9		POINT(-37 -39)	-39	-37	-470.0	-615.0
3940	2006-12-14 21:07:00	2006-12-14 22:15:00	2006-12-14 22:26:00	X1.5	10930.0	POINT(46 -6)	-6	46	707.0	-97.0
3950	2006-12-15 07:53:00	2006-12-15 08:04:00	2006-12-15 08:27:00	B7.0	10930.0	POINT(48 -8)	-8	48	728.0	-131.0
3960	2006-12-15 12:34:00	2006-12-15 12:50:00	2006-12-15 12:57:00	B3.3	10930.0	POINT(49 -11)	-11	49	739.0	-194.0
3970	2006-12-15 13:17:00	2006-12-15 13:38:00	2006-12-15 13:55:00	B7.5	10930.0	POINT(60 -6)	-6	60	852.0	-102.0
3980	2006-12-15 16:27:00	2006-12-15 16:33:00	2006-12-15 16:40:00	B1.8		POINT(58 -8)	-8	58	831.0	-131.0
3990	2006-12-15 17:50:00	2006-12-15 18:09:00	2006-12-15 18:19:00	B3.1	10930.0	POINT(60 -9)	-9	60	852.0	-147.0
4000	2006-12-15 18:51:00	2006-12-15 18:55:00	2006-12-15 19:03:00	B3.1	10930.0	POINT(72 -5)	-5	72	936.0	-89.0
4010	2006-12-15 20:28:00	2006-12-15 20:33:00	2006-12-15 20:40:00	B1.2		POINT(57 4)	4	57	828.0	92.0
4020	2006-12-16 00:53:00	2006-12-16 00:58:00	2006-12-16 01:12:00	B1.0		POINT(56 -6)	-6	56	815.0	-110.0
4030	2006-12-16 03:00:00	2006-12-16 03:44:00	2006-12-16 03:50:00	B2.7	10930.0	POINT(80 -13)	-13	80	944.0	-228.0
4040	2006-12-16 07:07:00	2006-12-16 07:21:00	2006-12-16 07:32:00	B5.9	10930.0	POINT(61 -7)	-7	61	863.0	-115.0
4050	2006-12-16 08:26:00	2006-12-16 09:12:00	2006-12-16 09:30:00	B8.8	10930.0	POINT(60 -6)	-6	60	855.0	-105.0
4060	2006-12-16 11:42:00	2006-12-16 11:46:00	2006-12-16 11:51:00	B1.4		POINT(89 -3)	-3	89	986.0	-55.0
4070	2006-12-16 14:21:00	2006-12-16 14:25:00	2006-12-16 14:28:00	B1.3		POINT(67 -6)	-6	67	902.0	-110.0
4080	2006-12-16 15:04:00	2006-12-16 15:07:00	2006-12-16 15:12:00	B1.2		POINT(77 -9)	-9	77	949.0	-152.0
4090	2006-12-16 15:48:00	2006-12-16 15:54:00	2006-12-16 15:59:00	B1.5		POINT(77 -7)	-7	77	952.0	-128.0
4100	2006-12-16 18:49:00	2006-12-16 19:00:00	2006-12-16 19:29:00	B2.3	10930.0	POINT(63 -5)	-5	63	881.0	-89.0
4110	2006-12-16 20:17:00	2006-12-16 20:23:00	2006-12-16 20:34:00	B3.7	10930.0	POINT(69 -6)	-6	69	915.0	-107.0
4120	2006-12-17 06:29:00	2006-12-17 06:35:00	2006-12-17 06:39:00	B1.3		POINT(83 -7)	-7	83	970.0	-131.0
4130	2006-12-17 06:58:00	2006-12-17 07:05:00	2006-12-17 07:11:00	B1.9	10930.0	POINT(89 -6)	-6	89	981.0	-110.0
4140	2006-12-17 14:47:00	2006-12-17 17:09:00	2006-12-17 18:37:00	C2.1		POINT(89 -7)	-7	89	978.0	-120.0
4150	2006-12-17 23:08:00	2006-12-17 23:13:00	2006-12-17 23:18:00	B3.6	10930.0	POINT(82 -8)	-8	82	965.0	-144.0
4160	2006-12-18 10:26:00	2006-12-18 10:32:00	2006-12-18 10:37:00	B1.4	10930.0	POINT(89 -9)	-9	89	973.0	-157.0
4170	2006-12-22 03:45:00	2006-12-22 03:51:00	2006-12-22 03:59:00	A2.2		POINT(-89 -9)	-9	-89	-972.0	-165.0
4180	2006-12-22 04:49:00	2006-12-22 04:56:00	2006-12-22 05:19:00	A5.7		POINT(-16 13)	13	-16	-281.0	255.0
4190	2006-12-25 17:59:00	2006-12-25 18:03:00	2006-12-25 18:06:00	B1.3		POINT(-37 -6)	-6	-37	-599.0	-78.0
4200	2006-12-25 19:30:00	2006-12-25 19:35:00	2006-12-25 19:39:00	B3.9		POINT(-37 -7)	-7	-37	-591.0	-99.0
4210	2006-12-25 21:06:00	2006-12-25 21:10:00	2006-12-25 21:15:00	B1.7	10932.0	POINT(-36 -6)	-6	-36	-586.0	-83.0
4220	2006-12-29 10:28:00	2006-12-29 10:43:00	2006-12-29 10:52:00	B1.6		POINT(-7 -8)	-8	-7	-131.0	-94.0
4230	2006-12-30 01:42:00	2006-12-30 02:02:00	2006-12-30 02:09:00	B2.5		POINT(-89 -6)	-6	-89	-991.0	-107.0
4240	2006-12-30 02:35:00	2006-12-30 02:40:00	2006-12-30 02:46:00	B3.0		POINT(-89 -4)	-4	-89	-996.0	-86.0
4250	2006-12-30 06:36:00	2006-12-30 06:40:00	2006-12-30 06:48:00	B1.8		POINT(-89 -4)	-4	-89	-993.0	-78.0
4260	2006-12-30 11:27:00	2006-12-30 11:32:00	2006-12-30 11:39:00	B1.1		POINT(-89 -5)	-5	-89	-983.0	-99.0
4270	2006-12-30 11:54:00	2006-12-30 11:59:00	2006-12-30 12:03:00	B1.3		POINT(-89 -4)	-4	-89	-999.0	-83.0
4280	2006-12-31 00:41:00	2006-12-31 00:45:00	2006-12-31 00:53:00	B1.1	10933.0	POINT(-81 -2)	-2	-81	-975.0	-31.0
4290	2006-12-31 07:06:00	2006-12-31 07:17:00	2006-12-31 07:39:00	C1.3	10933.0	POINT(-75 -1)	-1	-75	-954.0	-12.0
4300	2006-12-31 11:11:00	2006-12-31 11:19:00	2006-12-31 11:24:00	B1.5	10933.0	POINT(-71 -2)	-2	-71	-933.0	-23.0
4310	2006-12-31 14:59:00	2006-12-31 15:03:00	2006-12-31 15:08:00	B2.3	10933.0	POINT(-66 -2)	-2	-66	-904.0	-20.0
4320	2007-01-01 17:51:00	2007-01-01 17:55:00	2007-01-01 18:00:00	B1.3	10933.0	POINT(-57 -3)	-3	-57	-828.0	-23.0
4330	2007-01-01 18:05:00	2007-01-01 18:09:00	2007-01-01 18:13:00	B1.2	10933.0	POINT(-55 -3)	-3	-55	-812.0	-28.0
4340	2007-01-01 20:35:00	2007-01-01 20:40:00	2007-01-01 20:45:00	B1.6	10933.0	POINT(-55 -4)	-4	-55	-814.0	-41.0
4350	2007-01-02 14:36:00	2007-01-02 14:41:00	2007-01-02 14:47:00	B1.2	10933.0	POINT(-38 -3)	-3	-38	-615.0	-18.0
4360	2007-01-02 15:51:00	2007-01-02 15:55:00	2007-01-02 16:01:00	B1.4		POINT(-43 -4)	-4	-43	-675.0	-34.0
4370	2007-01-02 17:32:00	2007-01-02 17:38:00	2007-01-02 17:49:00	B1.7		POINT(-43 -3)	-3	-43	-678.0	-23.0
4380	2007-01-02 18:59:00	2007-01-02 19:04:00	2007-01-02 19:07:00	B1.4	10933.0	POINT(-78 -4)	-4	-78	-964.0	-60.0
4390	2007-01-03 01:05:00	2007-01-03 01:09:00	2007-01-03 01:14:00	B1.3		POINT(-42 -5)	-5	-42	-659.0	-52.0
4400	2007-01-03 02:50:00	2007-01-03 02:54:00	2007-01-03 03:01:00	B1.3		POINT(-89 9)	9	-89	1004.0	176.0
4410	2007-01-03 07:10:00	2007-01-03 07:20:00	2007-01-03 08:07:00	B1.0		POINT(-89 8)	8	-89	1009.0	157.0
4420	2007-01-03 12:21:00	2007-01-03 12:25:00	2007-01-03 12:30:00	B1.8		POINT(-30 -1)	-1	-30	-504.0	26.0
4430	2007-01-04 18:24:00	2007-01-04 18:30:00	2007-01-04 18:35:00	B3.8		POINT(-76 10)	10	-76	-943.0	195.0
4440	2007-01-08 12:16:00	2007-01-08 12:19:00	2007-01-08 12:22:00	B1.6		POINT(-12 -13)	-13	-12	-215.0	-170.0
4450	2007-01-08 12:25:00	2007-01-08 12:28:00	2007-01-08 12:30:00	B1.5		POINT(-11 -13)	-13	-11	-191.0	-175.0
4460	2007-01-08 18:35:00	2007-01-08 18:40:00	2007-01-08 18:42:00	B1.4		POINT(44 -2)	-2	44	690.0	-1.0
4470	2007-01-09 07:19:00	2007-01-09 07:23:00	2007-01-09 07:28:00	B1.2		POINT(51 -3)	-3	51	776.0	-17.0
4480	2007-01-09 08:32:00	2007-01-09 08:46:00	2007-01-09 09:02:00	B2.5		POINT(51 -4)	-4	51	768.0	-38.0
4490	2007-01-09 10:54:00	2007-01-09 10:57:00	2007-01-09 11:02:00	B1.0		POINT(43 -2)	-2	43	676.0	0.0
4500	2007-01-09 11:52:00	2007-01-09 11:55:00	2007-01-09 12:00:00	B1.2		POINT(1 -14)	-14	1	32.0	-173.0
4510	2007-01-09 13:01:00	2007-01-09 13:08:00	2007-01-09 13:14:00	B1.2		POINT(28 -11)	-11	28	460.0	-144.0
4520	2007-01-09 14:47:00	2007-01-09 14:54:00	2007-01-09 15:00:00	B1.4		POINT(-11 12)	12	-11	-186.0	273.0
4530	2007-01-09 17:08:00	2007-01-09 17:34:00	2007-01-09 18:02:00	B1.6		POINT(51 -4)	-4	51	763.0	-31.0
4540	2007-01-09 21:49:00	2007-01-09 22:04:00	2007-01-09 22:13:00	B2.6	10933.0	POINT(54 -1)	-1	54	798.0	6.0
4550	2007-01-10 00:31:00	2007-01-10 00:48:00	2007-01-10 02:10:00	B1.0		POINT(67 0)	0	67	910.0	18.0
4560	2007-01-10 08:34:00	2007-01-10 08:40:00	2007-01-10 08:42:00	B1.8	10933.0	POINT(12 -13)	-13	12	200.0	-170.0
4570	2007-01-10 09:01:00	2007-01-10 09:05:00	2007-01-10 09:07:00	B1.3	10933.0	POINT(71 0)	0	71	934.0	18.0
4580	2007-01-10 09:14:00	2007-01-10 09:51:00	2007-01-10 10:00:00	C1.7	10933.0	POINT(60 -4)	-4	60	857.0	-36.0
4590	2007-01-10 10:53:00	2007-01-10 10:56:00	2007-01-10 10:58:00	B3.9	10933.0	POINT(66 0)	0	66	893.0	12.0
4600	2007-01-10 21:59:00	2007-01-10 22:10:00	2007-01-10 22:15:00	B1.4	10933.0	POINT(78 0)	0	78	955.0	-1.0
4610	2007-01-10 23:22:00	2007-01-10 23:26:00	2007-01-10 23:30:00	B1.1		POINT(80 -1)	-1	80	961.0	-6.0
4620	2007-01-11 00:56:00	2007-01-11 01:04:00	2007-01-11 01:12:00	C1.0	10933.0	POINT(79 -1)	-1	79	959.0	-8.0
4630	2007-01-11 06:03:00	2007-01-11 06:07:00	2007-01-11 06:09:00	B1.7	10933.0	POINT(81 0)	0	81	964.0	-1.0
4640	2007-01-11 06:04:00	2007-01-11 06:07:00	2007-01-11 06:10:00	B1.6	10933.0	POINT(81 0)	0	81	964.0	-1.0
4650	2007-01-11 23:39:00	2007-01-11 23:42:00	2007-01-11 23:49:00	B1.1		POINT(89 -2)	-2	89	993.0	-37.0
4660	2007-01-12 01:18:00	2007-01-12 01:38:00	2007-01-12 01:49:00	C1.5	10933.0	POINT(89 2)	2	89	997.0	42.0
4670	2007-01-12 19:20:00	2007-01-12 19:37:00	2007-01-12 19:45:00	B3.0	10933.0	POINT(89 -3)	-3	89	1000.0	-53.0
4680	2007-01-13 06:19:00	2007-01-13 06:26:00	2007-01-13 06:35:00	B4.8	10933.0	POINT(77 -3)	-3	77	952.0	-42.0
4690	2007-01-13 08:42:00	2007-01-13 08:45:00	2007-01-13 08:53:00	B1.3		POINT(-47 55)	55	-47	-410.0	829.0
4700	2007-01-13 10:50:00	2007-01-13 10:53:00	2007-01-13 10:56:00	B1.1		POINT(-61 -1)	-1	-61	-855.0	15.0
4710	2007-01-13 12:50:00	2007-01-13 12:53:00	2007-01-13 12:58:00	B1.2		POINT(81 -7)	-7	81	957.0	-113.0
4720	2007-01-13 13:59:00	2007-01-13 14:03:00	2007-01-13 14:05:00	B1.1		POINT(-64 4)	4	-64	-876.0	114.0
4730	2007-01-13 15:08:00	2007-01-13 15:13:00	2007-01-13 15:15:00	B2.6		POINT(89 -4)	-4	89	972.0	-82.0
4740	2007-01-13 16:33:00	2007-01-13 16:37:00	2007-01-13 16:41:00	B1.1	10938.0	POINT(89 -4)	-4	89	977.0	-80.0
4750	2007-01-13 23:37:00	2007-01-13 23:47:00	2007-01-13 23:55:00	B2.9	10938.0	POINT(-59 3)	3	-59	-839.0	92.0
4760	2007-01-14 00:12:00	2007-01-14 00:19:00	2007-01-14 00:25:00	B1.7	10938.0	POINT(89 -3)	-3	89	996.0	-59.0
4770	2007-01-14 09:01:00	2007-01-14 09:05:00	2007-01-14 09:08:00	B1.7	10938.0	POINT(-55 3)	3	-55	-804.0	107.0
4780	2007-01-14 09:57:00	2007-01-14 10:05:00	2007-01-14 10:13:00	B3.2	10938.0	POINT(-54 3)	3	-54	-793.0	100.0
4790	2007-01-14 16:30:00	2007-01-14 16:34:00	2007-01-14 16:37:00	B1.0		POINT(-45 -1)	-1	-45	-703.0	34.0
4800	2007-01-14 18:49:00	2007-01-14 18:59:00	2007-01-14 19:06:00	B3.2	10938.0	POINT(-51 3)	3	-51	-759.0	112.0
4810	2007-01-14 21:44:00	2007-01-14 21:51:00	2007-01-14 22:00:00	B1.4	10938.0	POINT(-49 3)	3	-49	-744.0	108.0
4820	2007-01-14 22:33:00	2007-01-14 22:42:00	2007-01-14 22:47:00	B1.9	10938.0	POINT(-50 3)	3	-50	-748.0	116.0
4830	2007-01-14 23:07:00	2007-01-14 23:19:00	2007-01-14 23:28:00	B3.8	10938.0	POINT(-48 4)	4	-48	-734.0	119.0
4840	2007-01-15 00:46:00	2007-01-15 00:50:00	2007-01-15 00:53:00	B1.3	10938.0	POINT(-46 3)	3	-46	-709.0	112.0
4850	2007-01-15 01:02:00	2007-01-15 01:06:00	2007-01-15 01:10:00	B1.3	10938.0	POINT(-47 3)	3	-47	-720.0	114.0
4860	2007-01-15 02:11:00	2007-01-15 02:44:00	2007-01-15 02:53:00	B5.1	10938.0	POINT(-47 3)	3	-47	-716.0	117.0
4870	2007-01-15 02:54:00	2007-01-15 03:08:00	2007-01-15 03:19:00	C1.4	10938.0	POINT(-47 4)	4	-47	-716.0	130.0
4880	2007-01-15 04:49:00	2007-01-15 04:56:00	2007-01-15 05:02:00	B1.1		POINT(-42 2)	2	-42	-664.0	102.0
4890	2007-01-15 07:40:00	2007-01-15 07:53:00	2007-01-15 07:59:00	B9.3	10938.0	POINT(-43 3)	3	-43	-674.0	120.0
4900	2007-01-15 11:42:00	2007-01-15 11:57:00	2007-01-15 12:04:00	B4.1	10938.0	POINT(-41 3)	3	-41	-653.0	123.0
4910	2007-01-15 14:30:00	2007-01-15 14:34:00	2007-01-15 14:38:00	B1.2	10938.0	POINT(-39 3)	3	-39	-617.0	121.0
4920	2007-01-15 18:58:00	2007-01-15 19:08:00	2007-01-15 19:19:00	B1.8		POINT(-38 4)	4	-38	-611.0	139.0
4930	2007-01-15 19:50:00	2007-01-15 19:58:00	2007-01-15 20:06:00	B2.3	10938.0	POINT(-36 3)	3	-36	-584.0	126.0
4940	2007-01-15 20:22:00	2007-01-15 20:25:00	2007-01-15 20:28:00	B1.0	10938.0	POINT(-30 4)	4	-30	-496.0	142.0
4950	2007-01-15 22:11:00	2007-01-15 22:15:00	2007-01-15 22:18:00	B1.9	10938.0	POINT(-29 4)	4	-29	-485.0	141.0
4960	2007-01-16 02:22:00	2007-01-16 02:42:00	2007-01-16 02:49:00	C4.2	10938.0	POINT(-33 4)	4	-33	-536.0	138.0
4970	2007-01-16 07:14:00	2007-01-16 07:17:00	2007-01-16 07:20:00	B1.0		POINT(-30 4)	4	-30	-490.0	147.0
4980	2007-01-16 08:01:00	2007-01-16 08:05:00	2007-01-16 08:11:00	B5.7	10938.0	POINT(-30 4)	4	-30	-491.0	147.0
4990	2007-01-16 10:25:00	2007-01-16 10:29:00	2007-01-16 10:32:00	B1.0	10938.0	POINT(-28 4)	4	-28	-470.0	150.0
5000	2007-01-16 11:01:00	2007-01-16 11:15:00	2007-01-16 11:20:00	B4.4	10938.0	POINT(-28 4)	4	-28	-462.0	143.0
5010	2007-01-16 11:41:00	2007-01-16 11:45:00	2007-01-16 11:51:00	B1.1	10938.0	POINT(-28 5)	5	-28	-459.0	165.0
5020	2007-01-16 16:04:00	2007-01-16 16:11:00	2007-01-16 16:17:00	C1.1	10938.0	POINT(-25 4)	4	-25	-418.0	142.0
5030	2007-01-17 23:48:00	2007-01-17 23:53:00	2007-01-18 00:04:00	B1.3		POINT(-4 4)	4	-4	-78.0	155.0
5040	2007-01-18 01:53:00	2007-01-18 01:59:00	2007-01-18 02:04:00	B2.1	10938.0	POINT(-1 -1)	-1	-1	-25.0	55.0
5050	2007-01-18 05:07:00	2007-01-18 05:11:00	2007-01-18 05:15:00	B1.1		POINT(0 0)	0	0	3.0	79.0
5060	2007-01-20 02:36:00	2007-01-20 02:40:00	2007-01-20 02:43:00	A6.2		POINT(24 4)	4	24	403.0	147.0
5070	2007-01-20 03:35:00	2007-01-20 03:38:00	2007-01-20 03:40:00	B1.0		POINT(6 -3)	-3	6	119.0	29.0
5080	2007-01-20 04:40:00	2007-01-20 04:55:00	2007-01-20 04:57:00	A7.6		POINT(7 -2)	-2	7	124.0	49.0
5090	2007-01-20 07:37:00	2007-01-20 07:40:00	2007-01-20 07:44:00	A6.4		POINT(10 -4)	-4	10	171.0	8.0
5100	2007-01-20 08:22:00	2007-01-20 08:26:00	2007-01-20 08:29:00	B1.6		POINT(7 -3)	-3	7	134.0	21.0
5110	2007-01-20 09:36:00	2007-01-20 09:39:00	2007-01-20 09:41:00	B1.4		POINT(10 -3)	-3	10	174.0	24.0
5120	2007-01-20 22:25:00	2007-01-20 22:30:00	2007-01-20 22:44:00	A5.1		POINT(18 -2)	-2	18	312.0	36.0
5130	2007-01-20 23:04:00	2007-01-20 23:13:00	2007-01-20 23:28:00	A7.2		POINT(19 -2)	-2	19	320.0	41.0
5140	2007-01-21 00:57:00	2007-01-21 01:02:00	2007-01-21 01:21:00	A7.2		POINT(36 8)	8	36	581.0	221.0
5150	2007-01-21 05:11:00	2007-01-21 05:16:00	2007-01-21 05:21:00	B6.8	10939.0	POINT(21 -4)	-4	21	358.0	0.0
5160	2007-01-21 13:06:00	2007-01-21 13:11:00	2007-01-21 13:14:00	C2.3	10939.0	POINT(25 -3)	-3	25	418.0	28.0
5170	2007-01-21 22:09:00	2007-01-21 22:30:00	2007-01-21 22:41:00	A8.2		POINT(30 -3)	-3	30	495.0	18.0
5180	2007-01-22 02:42:00	2007-01-22 02:45:00	2007-01-22 02:47:00	B1.6	10939.0	POINT(33 -2)	-2	33	540.0	30.0
5190	2007-01-22 03:06:00	2007-01-22 03:13:00	2007-01-22 03:17:00	B1.0	10939.0	POINT(33 -2)	-2	33	540.0	28.0
5200	2007-01-22 05:42:00	2007-01-22 05:48:00	2007-01-22 05:55:00	B1.2	10939.0	POINT(35 -2)	-2	35	567.0	24.0
5210	2007-01-22 08:12:00	2007-01-22 08:15:00	2007-01-22 08:19:00	B1.0	10939.0	POINT(36 -1)	-1	36	585.0	39.0
5220	2007-01-22 09:06:00	2007-01-22 09:09:00	2007-01-22 09:11:00	B1.2	10939.0	POINT(38 -3)	-3	38	610.0	14.0
5230	2007-01-22 21:50:00	2007-01-22 22:00:00	2007-01-22 22:08:00	A5.8		POINT(44 -2)	-2	44	681.0	19.0
5240	2007-01-23 09:05:00	2007-01-23 09:09:00	2007-01-23 09:18:00	B1.7	10939.0	POINT(49 -3)	-3	49	743.0	2.0
5250	2007-01-23 23:58:00	2007-01-24 00:02:00	2007-01-24 00:04:00	B1.2		POINT(61 -3)	-3	61	856.0	-15.0
5260	2007-01-24 00:28:00	2007-01-24 00:32:00	2007-01-24 00:35:00	B5.1	10939.0	POINT(62 -3)	-3	62	862.0	-12.0
5270	2007-01-24 05:13:00	2007-01-24 05:16:00	2007-01-24 05:19:00	B6.8	10939.0	POINT(64 -3)	-3	64	882.0	-17.0
5280	2007-01-24 13:45:00	2007-01-24 14:52:00	2007-01-24 16:08:00	B9.0		POINT(-79 -8)	-8	-79	-948.0	-126.0
5290	2007-01-24 18:55:00	2007-01-24 19:00:00	2007-01-24 19:08:00	B3.1	10939.0	POINT(70 -3)	-3	70	919.0	-20.0
5300	2007-01-25 02:26:00	2007-01-25 02:30:00	2007-01-25 02:36:00	B1.9	10939.0	POINT(77 -1)	-1	77	950.0	0.0
5310	2007-01-25 05:22:00	2007-01-25 05:26:00	2007-01-25 05:28:00	B3.5	10939.0	POINT(75 -1)	-1	75	946.0	-6.0
5320	2007-01-25 06:33:00	2007-01-25 07:12:00	2007-01-25 07:58:00	C6.3	10940.0	POINT(-89 -8)	-8	-89	1003.0	-141.0
5330	2007-01-25 13:44:00	2007-01-25 13:49:00	2007-01-25 14:01:00	B6.3	10940.0	POINT(-77 -2)	-2	-77	-953.0	-22.0
5340	2007-01-25 14:05:00	2007-01-25 14:22:00	2007-01-25 14:30:00	B9.0		POINT(-78 -2)	-2	-78	-953.0	-29.0
5350	2007-01-25 17:39:00	2007-01-25 17:42:00	2007-01-25 17:45:00	B2.6		POINT(-57 17)	17	-57	-788.0	333.0
5360	2007-01-25 18:02:00	2007-01-25 18:13:00	2007-01-25 18:16:00	B2.9		POINT(-78 -2)	-2	-78	-954.0	-31.0
5370	2007-01-25 19:01:00	2007-01-25 19:04:00	2007-01-25 19:10:00	B3.7	10940.0	POINT(-77 -3)	-3	-77	-950.0	-32.0
5380	2007-01-25 19:16:00	2007-01-25 19:20:00	2007-01-25 19:23:00	B4.5	10940.0	POINT(-80 -1)	-1	-80	-961.0	-14.0
5390	2007-01-25 21:32:00	2007-01-25 21:43:00	2007-01-25 21:45:00	C3.4	10940.0	POINT(-89 -1)	-1	-89	1001.0	-23.0
5400	2007-01-26 01:54:00	2007-01-26 02:18:00	2007-01-26 02:27:00	B3.5	10940.0	POINT(-79 -1)	-1	-79	-958.0	-9.0
5410	2007-01-26 08:47:00	2007-01-26 09:51:00	2007-01-26 10:47:00	B3.6	10940.0	POINT(-77 -2)	-2	-77	-952.0	-16.0
5420	2007-01-27 01:19:00	2007-01-27 01:24:00	2007-01-27 01:28:00	B1.3	10940.0	POINT(89 -1)	-1	89	994.0	-33.0
5430	2007-01-27 22:52:00	2007-01-27 23:05:00	2007-01-27 23:56:00	B3.2	10940.0	POINT(-58 -2)	-2	-58	-832.0	13.0
5440	2007-01-28 15:06:00	2007-01-28 15:16:00	2007-01-28 15:26:00	B1.6	10940.0	POINT(-51 -1)	-1	-51	-759.0	31.0
5450	2007-01-28 22:45:00	2007-01-28 22:59:00	2007-01-28 23:19:00	B1.7	10940.0	POINT(-47 0)	0	-47	-718.0	58.0
5460	2007-01-29 02:11:00	2007-01-29 02:32:00	2007-01-29 02:50:00	A9.3		POINT(-45 -1)	-1	-45	-697.0	37.0
5470	2007-01-29 03:48:00	2007-01-29 03:54:00	2007-01-29 04:08:00	A7.2		POINT(-74 -9)	-9	-74	-925.0	-138.0
5480	2007-01-29 08:05:00	2007-01-29 08:09:00	2007-01-29 08:16:00	B1.4	10940.0	POINT(-42 -1)	-1	-42	-661.0	40.0
5490	2007-01-29 09:00:00	2007-01-29 09:10:00	2007-01-29 09:26:00	B1.6		POINT(-41 -1)	-1	-41	-644.0	52.0
5500	2007-01-29 10:24:00	2007-01-29 10:39:00	2007-01-29 10:55:00	B1.8		POINT(-41 -1)	-1	-41	-652.0	40.0
5510	2007-01-29 13:16:00	2007-01-29 13:27:00	2007-01-29 13:35:00	B2.8	10940.0	POINT(-37 -6)	-6	-37	-596.0	-30.0
5520	2007-01-29 13:49:00	2007-01-29 13:55:00	2007-01-29 14:07:00	B2.3	10940.0	POINT(-36 -5)	-5	-36	-579.0	-20.0
5530	2007-01-29 14:32:00	2007-01-29 14:38:00	2007-01-29 14:44:00	B1.5	10940.0	POINT(-38 -5)	-5	-38	-604.0	-22.0
5540	2007-01-29 15:25:00	2007-01-29 15:47:00	2007-01-29 15:57:00	B2.6		POINT(-38 -1)	-1	-38	-609.0	53.0
5550	2007-01-29 16:00:00	2007-01-29 16:06:00	2007-01-29 16:15:00	B9.4	10940.0	POINT(-37 -6)	-6	-37	-590.0	-27.0
5560	2007-01-29 16:41:00	2007-01-29 16:56:00	2007-01-29 17:30:00	C3.5	10940.0	POINT(-37 -1)	-1	-37	-606.0	47.0
5570	2007-01-29 19:56:00	2007-01-29 20:02:00	2007-01-29 20:09:00	B2.8	10940.0	POINT(-35 -6)	-6	-35	-562.0	-28.0
5580	2007-01-29 20:59:00	2007-01-29 21:18:00	2007-01-29 21:27:00	B6.9	10940.0	POINT(-34 -6)	-6	-34	-554.0	-25.0
5590	2007-01-29 21:34:00	2007-01-29 21:40:00	2007-01-29 21:45:00	B8.5	10940.0	POINT(-32 -6)	-6	-32	-526.0	-18.0
5600	2007-01-29 22:32:00	2007-01-29 22:49:00	2007-01-29 23:21:00	C1.5	10940.0	POINT(-35 -2)	-2	-35	-570.0	47.0
5610	2007-01-30 00:55:00	2007-01-30 01:00:00	2007-01-30 01:04:00	B3.8	10940.0	POINT(-30 -5)	-5	-30	-497.0	-15.0
5620	2007-01-30 07:29:00	2007-01-30 07:37:00	2007-01-30 07:41:00	C1.0	10940.0	POINT(-27 -5)	-5	-27	-445.0	-10.0
5630	2007-01-30 11:09:00	2007-01-30 11:14:00	2007-01-30 11:18:00	B1.2		POINT(-25 -2)	-2	-25	-423.0	40.0
5640	2007-01-30 16:00:00	2007-01-30 16:03:00	2007-01-30 16:05:00	B2.5		POINT(-27 -5)	-5	-27	-451.0	0.0
5650	2007-01-31 06:10:00	2007-01-31 06:46:00	2007-01-31 07:01:00	B1.4		POINT(-13 -4)	-4	-13	-220.0	30.0
5660	2007-01-31 12:29:00	2007-01-31 12:33:00	2007-01-31 12:37:00	B1.1		POINT(-16 -6)	-6	-16	-277.0	-13.0
5670	2007-01-31 18:30:00	2007-01-31 18:34:00	2007-01-31 18:42:00	B1.2		POINT(-9 -1)	-1	-9	-160.0	77.0
5680	2007-01-31 19:43:00	2007-01-31 19:46:00	2007-01-31 19:49:00	B1.2		POINT(-8 -1)	-1	-8	-145.0	74.0
5690	2007-01-31 21:03:00	2007-01-31 21:22:00	2007-01-31 21:45:00	B7.5	10940.0	POINT(-8 -1)	-1	-8	-138.0	82.0
5700	2007-02-01 01:37:00	2007-02-01 02:01:00	2007-02-01 02:27:00	B2.4	10940.0	POINT(-4 0)	0	-4	-83.0	95.0
5710	2007-02-01 02:40:00	2007-02-01 02:52:00	2007-02-01 02:58:00	B3.5	10940.0	POINT(-4 0)	0	-4	-78.0	88.0
5720	2007-02-01 04:41:00	2007-02-01 04:44:00	2007-02-01 04:46:00	B1.7	10940.0	POINT(-3 -1)	-1	-3	-55.0	83.0
5730	2007-02-01 15:42:00	2007-02-01 15:45:00	2007-02-01 15:51:00	B1.0		POINT(2 -1)	-1	2	49.0	81.0
5740	2007-02-03 02:50:00	2007-02-03 03:44:00	2007-02-03 04:12:00	B1.2		POINT(25 -3)	-3	25	417.0	37.0
5750	2007-02-03 04:21:00	2007-02-03 04:42:00	2007-02-03 05:15:00	B1.4		POINT(25 -2)	-2	25	416.0	51.0
5760	2007-02-05 13:48:00	2007-02-05 13:52:00	2007-02-05 14:06:00	A8.6		POINT(50 -5)	-5	50	749.0	-27.0
5770	2007-03-13 12:47:00	2007-03-13 13:19:00	2007-03-13 13:30:00	A2.8		POINT(88 9)	9	88	968.0	167.0
5780	2007-03-14 03:34:00	2007-03-14 03:45:00	2007-03-14 03:50:00	A1.8		POINT(-89 -4)	-4	-89	1017.0	-87.0
5790	2007-03-14 04:02:00	2007-03-14 04:07:00	2007-03-14 04:12:00	A2.2		POINT(-5 5)	5	-5	-96.0	216.0
5800	2007-03-20 11:51:00	2007-03-20 11:54:00	2007-03-20 12:01:00	A1.9		POINT(-83 3)	3	-83	-956.0	68.0
5810	2007-03-25 13:21:00	2007-03-25 14:08:00	2007-03-25 15:24:00	A4.2		POINT(89 -9)	-9	89	974.0	-161.0
5820	2007-03-28 13:16:00	2007-03-28 13:44:00	2007-03-28 13:58:00	B1.1		POINT(-69 6)	6	-69	-902.0	147.0
5830	2007-03-28 19:25:00	2007-03-28 19:28:00	2007-03-28 19:32:00	B1.0	10949.0	POINT(-71 9)	9	-71	-907.0	189.0
5840	2007-03-28 21:26:00	2007-03-28 21:43:00	2007-03-28 22:08:00	A5.7		POINT(72 -1)	-1	72	927.0	15.0
5850	2007-03-29 00:23:00	2007-03-29 00:36:00	2007-03-29 01:25:00	A7.8		POINT(-61 6)	6	-61	-850.0	168.0
5860	2007-03-31 01:28:00	2007-03-31 01:43:00	2007-03-31 01:48:00	B2.2	10949.0	POINT(-34 5)	5	-34	-544.0	178.0
5870	2007-04-01 12:03:00	2007-04-01 13:26:00	2007-04-01 13:40:00	A2.3		POINT(-13 8)	8	-13	-224.0	241.0
5880	2007-04-17 07:53:00	2007-04-17 07:55:00	2007-04-17 07:58:00	A6.6		POINT(66 -8)	-8	66	880.0	-99.0
5890	2007-04-17 08:38:00	2007-04-17 08:40:00	2007-04-17 08:44:00	A6.9		POINT(44 61)	61	44	328.0	874.0
5900	2007-04-24 00:10:00	2007-04-24 00:28:00	2007-04-24 00:45:00	A3.0		POINT(-82 54)	54	-82	-691.0	985.0
5910	2007-04-24 04:00:00	2007-04-24 04:34:00	2007-04-24 05:00:00	A6.6		POINT(-88 -15)	-15	-88	-960.0	-272.0
5920	2007-04-24 12:07:00	2007-04-24 12:10:00	2007-04-24 12:14:00	B1.0	10953.0	POINT(45 -2)	-2	45	686.0	16.0
5930	2007-04-24 22:43:00	2007-04-24 22:56:00	2007-04-24 23:06:00	C2.8	10953.0	POINT(-89 -7)	-7	-89	-981.0	-125.0
5940	2007-04-25 04:10:00	2007-04-25 04:14:00	2007-04-25 04:17:00	B1.8	10953.0	POINT(-89 -11)	-11	-89	-965.0	-198.0
5950	2007-04-25 04:37:00	2007-04-25 04:42:00	2007-04-25 04:45:00	B2.3	10953.0	POINT(-89 -12)	-12	-89	-954.0	-209.0
5960	2007-04-25 05:20:00	2007-04-25 05:23:00	2007-04-25 05:26:00	B1.0	10953.0	POINT(-89 -12)	-12	-89	-954.0	-219.0
5970	2007-04-25 05:35:00	2007-04-25 05:45:00	2007-04-25 05:47:00	B4.0	10953.0	POINT(-89 -11)	-11	-89	-960.0	-204.0
5980	2007-04-25 11:55:00	2007-04-25 12:05:00	2007-04-25 12:17:00	B1.1	10953.0	POINT(-89 -9)	-9	-89	-975.0	-156.0
5990	2007-04-25 18:14:00	2007-04-25 18:17:00	2007-04-25 18:20:00	B1.0	10953.0	POINT(-83 -15)	-15	-83	-923.0	-246.0
6000	2007-04-26 01:30:00	2007-04-26 01:38:00	2007-04-26 01:50:00	B1.4		POINT(-83 -9)	-9	-83	-944.0	-151.0
6010	2007-04-26 23:33:00	2007-04-26 23:36:00	2007-04-26 23:39:00	B1.1		POINT(-78 -9)	-9	-78	-933.0	-141.0
6020	2007-04-27 04:06:00	2007-04-27 04:12:00	2007-04-27 04:25:00	B2.2		POINT(-61 -13)	-13	-61	-828.0	-183.0
6030	2007-04-27 04:36:00	2007-04-27 04:43:00	2007-04-27 05:02:00	B8.0	10953.0	POINT(-61 -13)	-13	-61	-828.0	-188.0
6040	2007-04-27 05:17:00	2007-04-27 05:22:00	2007-04-27 05:29:00	B6.2		POINT(-65 -15)	-15	-65	-844.0	-219.0
6050	2007-04-27 06:03:00	2007-04-27 06:06:00	2007-04-27 06:22:00	B1.6		POINT(-64 -14)	-14	-64	-844.0	-209.0
6060	2007-04-27 14:26:00	2007-04-27 14:39:00	2007-04-27 14:49:00	B6.3		POINT(-55 -12)	-12	-55	-781.0	-167.0
6070	2007-04-27 18:28:00	2007-04-27 18:33:00	2007-04-27 18:38:00	B1.3		POINT(-54 -13)	-13	-54	-765.0	-177.0
6080	2007-04-27 20:28:00	2007-04-27 20:37:00	2007-04-27 20:43:00	B6.3		POINT(-52 -7)	-7	-52	-760.0	-77.0
6090	2007-04-27 20:57:00	2007-04-27 21:00:00	2007-04-27 21:03:00	B1.9		POINT(-54 -7)	-7	-54	-781.0	-77.0
6100	2007-04-27 21:36:00	2007-04-27 21:39:00	2007-04-27 21:44:00	B1.1		POINT(-51 -5)	-5	-51	-749.0	-41.0
6110	2007-04-27 22:33:00	2007-04-27 22:38:00	2007-04-27 22:42:00	B1.8		POINT(-50 -5)	-5	-50	-744.0	-46.0
6120	2007-04-28 00:46:00	2007-04-28 00:55:00	2007-04-28 01:00:00	B1.0		POINT(-49 -13)	-13	-49	-717.0	-183.0
6130	2007-04-28 02:05:00	2007-04-28 02:08:00	2007-04-28 02:11:00	B1.0		POINT(-72 -6)	-6	-72	-912.0	-93.0
6140	2007-04-28 04:11:00	2007-04-28 04:16:00	2007-04-28 04:20:00	B2.3		POINT(-48 -14)	-14	-48	-696.0	-188.0
6150	2007-04-28 11:06:00	2007-04-28 11:09:00	2007-04-28 11:13:00	B1.1		POINT(-45 -16)	-16	-45	-660.0	-225.0
6160	2007-04-28 19:52:00	2007-04-28 20:08:00	2007-04-28 20:20:00	B1.7		POINT(-40 -13)	-13	-40	-607.0	-162.0
6170	2007-04-28 21:58:00	2007-04-28 22:03:00	2007-04-28 22:06:00	B1.3		POINT(-59 -6)	-6	-59	-823.0	-67.0
6180	2007-04-28 22:16:00	2007-04-28 22:23:00	2007-04-28 22:31:00	B1.7		POINT(-39 -12)	-12	-39	-597.0	-151.0
6190	2007-04-28 23:15:00	2007-04-28 23:20:00	2007-04-28 23:26:00	B2.0		POINT(-36 -15)	-15	-36	-560.0	-198.0
6200	2007-04-29 10:34:00	2007-04-29 10:37:00	2007-04-29 10:40:00	B1.0		POINT(-34 -18)	-18	-34	-512.0	-246.0
6210	2007-04-29 10:47:00	2007-04-29 10:51:00	2007-04-29 10:55:00	B1.2		POINT(-52 -7)	-7	-52	-754.0	-83.0
6220	2007-04-29 14:35:00	2007-04-29 14:40:00	2007-04-29 14:43:00	B1.2		POINT(-29 -10)	-10	-29	-465.0	-114.0
6230	2007-04-29 14:51:00	2007-04-29 15:02:00	2007-04-29 15:09:00	B1.2		POINT(-28 -15)	-15	-28	-439.0	-198.0
6240	2007-04-29 20:27:00	2007-04-29 20:30:00	2007-04-29 20:34:00	B1.6		POINT(-26 -11)	-11	-26	-423.0	-130.0
6250	2007-04-30 01:56:00	2007-04-30 01:59:00	2007-04-30 02:11:00	B1.0		POINT(-22 -10)	-10	-22	-370.0	-109.0
6260	2007-04-30 04:44:00	2007-04-30 04:48:00	2007-04-30 04:54:00	B1.0		POINT(-23 -16)	-16	-23	-376.0	-209.0
6270	2007-04-30 07:56:00	2007-04-30 07:59:00	2007-04-30 08:01:00	B1.9		POINT(-19 -10)	-10	-19	-312.0	-109.0
6280	2007-04-30 09:21:00	2007-04-30 09:41:00	2007-04-30 09:47:00	B2.0		POINT(-19 -13)	-13	-19	-312.0	-156.0
6290	2007-04-30 11:46:00	2007-04-30 11:50:00	2007-04-30 11:56:00	B1.2		POINT(-20 -13)	-13	-20	-323.0	-167.0
6300	2007-04-30 15:32:00	2007-04-30 15:38:00	2007-04-30 15:48:00	B2.6	10953.0	POINT(-14 -15)	-15	-14	-228.0	-193.0
6310	2007-04-30 23:43:00	2007-04-30 23:46:00	2007-04-30 23:55:00	B1.4		POINT(-29 -4)	-4	-29	-468.0	-14.0
6320	2007-05-01 01:29:00	2007-05-01 01:33:00	2007-05-01 01:45:00	B1.0		POINT(-9 -10)	-10	-9	-160.0	-106.0
6330	2007-05-01 01:51:00	2007-05-01 01:54:00	2007-05-01 01:57:00	B1.0		POINT(-9 -10)	-10	-9	-157.0	-109.0
6340	2007-05-01 03:05:00	2007-05-01 03:11:00	2007-05-01 03:15:00	B1.5		POINT(-8 -8)	-8	-8	-136.0	-75.0
6350	2007-05-01 03:39:00	2007-05-01 03:48:00	2007-05-01 03:53:00	B1.5		POINT(-8 -13)	-13	-8	-136.0	-164.0
6360	2007-05-01 16:14:00	2007-05-01 16:18:00	2007-05-01 16:22:00	B1.7		POINT(-1 -20)	-20	-1	-26.0	-277.0
6370	2007-05-01 22:25:00	2007-05-01 22:32:00	2007-05-01 22:45:00	B1.6		POINT(-16 -6)	-6	-16	-270.0	-38.0
6380	2007-05-02 03:59:00	2007-05-02 04:13:00	2007-05-02 04:26:00	B1.3	10953.0	POINT(-1 -19)	-19	-1	-18.0	-256.0
6390	2007-05-02 15:06:00	2007-05-02 15:12:00	2007-05-02 15:23:00	B1.2	10953.0	POINT(10 -11)	-11	10	165.0	-133.0
6400	2007-05-02 15:56:00	2007-05-02 16:02:00	2007-05-02 16:05:00	B8.1	10953.0	POINT(12 -9)	-9	12	202.0	-90.0
6410	2007-05-02 18:04:00	2007-05-02 19:48:00	2007-05-02 20:20:00	B4.2	10953.0	POINT(11 -15)	-15	11	184.0	-198.0
6420	2007-05-02 18:05:00	2007-05-02 18:54:00	2007-05-02 20:45:00	B3.8	10953.0	POINT(-4 -5)	-5	-4	-78.0	-25.0
6430	2007-05-02 23:28:00	2007-05-02 23:48:00	2007-05-03 00:02:00	C8.5	10953.0	POINT(15 -14)	-14	15	255.0	-180.0
6440	2007-05-03 11:36:00	2007-05-03 11:40:00	2007-05-03 11:44:00	B1.2	10954.0	POINT(5 -6)	-6	5	97.0	-41.0
6450	2007-05-04 16:20:00	2007-05-04 16:36:00	2007-05-04 16:41:00	B1.2	10953.0	POINT(39 -15)	-15	39	586.0	-211.0
6460	2007-05-04 17:30:00	2007-05-04 17:34:00	2007-05-04 17:39:00	B1.0	10953.0	POINT(39 -5)	-5	39	612.0	-46.0
6470	2007-05-04 18:06:00	2007-05-04 18:16:00	2007-05-04 18:24:00	B3.0	10953.0	POINT(39 -15)	-15	39	597.0	-209.0
6480	2007-05-05 02:01:00	2007-05-05 02:05:00	2007-05-05 02:11:00	B1.0		POINT(44 -15)	-15	44	647.0	-206.0
6490	2007-05-05 09:08:00	2007-05-05 09:11:00	2007-05-05 09:14:00	B1.8	10953.0	POINT(48 -8)	-8	48	710.0	-106.0
6500	2007-05-05 10:40:00	2007-05-05 10:45:00	2007-05-05 10:50:00	B1.0	10973.0	POINT(50 -5)	-5	50	739.0	-59.0
6510	2007-05-05 10:56:00	2007-05-05 11:11:00	2007-05-05 11:18:00	B1.4	10953.0	POINT(46 -12)	-12	46	683.0	-161.0
6520	2007-05-05 12:20:00	2007-05-05 12:47:00	2007-05-05 12:57:00	C4.2	10953.0	POINT(50 -15)	-15	50	718.0	-219.0
6530	2007-05-05 16:22:00	2007-05-05 16:25:00	2007-05-05 16:28:00	B1.0		POINT(53 -6)	-6	53	767.0	-69.0
6540	2007-05-06 01:13:00	2007-05-06 01:18:00	2007-05-06 01:25:00	B1.3		POINT(58 -14)	-14	58	791.0	-209.0
6550	2007-05-06 01:38:00	2007-05-06 01:42:00	2007-05-06 01:46:00	B1.0		POINT(58 -14)	-14	58	794.0	-214.0
6560	2007-05-06 05:30:00	2007-05-06 05:48:00	2007-05-06 05:59:00	B1.2		POINT(43 -8)	-8	43	660.0	-96.0
6570	2007-05-06 18:20:00	2007-05-06 18:49:00	2007-05-06 18:54:00	B2.2		POINT(70 -19)	-19	70	854.0	-296.0
6580	2007-05-06 23:04:00	2007-05-06 23:19:00	2007-05-06 23:29:00	B9.8		POINT(69 -14)	-14	69	870.0	-227.0
6590	2007-05-07 06:09:00	2007-05-07 06:12:00	2007-05-07 06:15:00	B1.1		POINT(74 -8)	-8	74	915.0	-125.0
6600	2007-05-07 07:00:00	2007-05-07 07:03:00	2007-05-07 07:05:00	B1.0		POINT(69 -24)	-24	69	809.0	-378.0
6610	2007-05-07 11:40:00	2007-05-07 11:43:00	2007-05-07 11:45:00	B1.2		POINT(79 -8)	-8	79	933.0	-135.0
6620	2007-05-07 12:12:00	2007-05-07 12:15:00	2007-05-07 12:17:00	B1.0		POINT(80 -8)	-8	80	936.0	-135.0
6630	2007-05-07 14:20:00	2007-05-07 14:25:00	2007-05-07 14:29:00	B1.0		POINT(78 -11)	-11	78	920.0	-185.0
6640	2007-05-08 02:02:00	2007-05-08 02:11:00	2007-05-08 02:30:00	A9.6		POINT(-89 -4)	-4	-89	-976.0	-79.0
6650	2007-05-08 05:51:00	2007-05-08 05:56:00	2007-05-08 06:03:00	B1.2		POINT(-45 -10)	-10	-45	-677.0	-134.0
6660	2007-05-08 07:49:00	2007-05-08 08:05:00	2007-05-08 08:14:00	B1.5		POINT(-89 -8)	-8	-89	-979.0	-144.0
6670	2007-05-08 10:07:00	2007-05-08 10:11:00	2007-05-08 10:14:00	B1.2		POINT(89 -13)	-13	89	937.0	-228.0
6680	2007-05-08 13:20:00	2007-05-08 13:25:00	2007-05-08 13:28:00	B2.0		POINT(89 -14)	-14	89	940.0	-236.0
6690	2007-05-08 20:59:00	2007-05-08 21:06:00	2007-05-08 21:09:00	B1.9		POINT(89 -13)	-13	89	945.0	-234.0
6700	2007-05-08 21:29:00	2007-05-08 21:38:00	2007-05-08 21:43:00	B1.0		POINT(89 -3)	-3	89	977.0	-55.0
6710	2007-05-08 23:08:00	2007-05-08 23:16:00	2007-05-08 23:23:00	B2.4		POINT(89 -5)	-5	89	982.0	-100.0
6720	2007-05-09 01:37:00	2007-05-09 01:56:00	2007-05-09 02:08:00	B7.7		POINT(88 -26)	-26	88	919.0	-461.0
6730	2007-05-09 13:36:00	2007-05-09 14:01:00	2007-05-09 14:28:00	B6.3		POINT(88 -34)	-34	88	869.0	-593.0
6740	2007-05-11 09:31:00	2007-05-11 09:42:00	2007-05-11 10:00:00	A8.9		POINT(0 -9)	-9	0	4.0	-100.0
6750	2007-05-11 19:25:00	2007-05-11 19:53:00	2007-05-11 20:20:00	A3.1		POINT(1 -11)	-11	1	27.0	-146.0
6760	2007-05-11 21:18:00	2007-05-11 21:22:00	2007-05-11 21:25:00	B1.5		POINT(8 -7)	-7	8	135.0	-76.0
6770	2007-05-11 23:01:00	2007-05-11 23:13:00	2007-05-11 23:36:00	A7.4		POINT(10 -7)	-7	10	177.0	-81.0
6780	2007-05-12 01:33:00	2007-05-12 01:46:00	2007-05-12 02:07:00	A5.9		POINT(9 -9)	-9	9	164.0	-113.0
6790	2007-05-12 03:15:00	2007-05-12 03:20:00	2007-05-12 03:23:00	B1.1		POINT(12 -8)	-8	12	206.0	-86.0
6800	2007-05-12 05:07:00	2007-05-12 05:14:00	2007-05-12 05:33:00	B2.5		POINT(15 -8)	-8	15	251.0	-94.0
6810	2007-05-12 13:34:00	2007-05-12 13:40:00	2007-05-12 13:44:00	B1.8		POINT(17 -7)	-7	17	282.0	-81.0
6820	2007-05-13 11:15:00	2007-05-13 11:35:00	2007-05-13 11:41:00	A5.0		POINT(25 -10)	-10	25	409.0	-139.0
6830	2007-05-13 18:05:00	2007-05-13 18:17:00	2007-05-13 18:32:00	A7.5		POINT(-21 -5)	-5	-21	-348.0	-50.0
6840	2007-05-13 19:29:00	2007-05-13 20:10:00	2007-05-13 20:22:00	A7.7		POINT(35 -8)	-8	35	545.0	-107.0
6850	2007-05-13 20:31:00	2007-05-13 20:55:00	2007-05-13 21:10:00	A8.9		POINT(30 -12)	-12	30	482.0	-173.0
6860	2007-05-13 22:04:00	2007-05-13 22:21:00	2007-05-13 22:56:00	B1.3		POINT(35 -5)	-5	35	561.0	-57.0
6870	2007-05-14 07:41:00	2007-05-14 07:47:00	2007-05-14 07:53:00	B2.0	10956.0	POINT(40 -8)	-8	40	619.0	-102.0
6880	2007-05-15 04:27:00	2007-05-15 04:35:00	2007-05-15 04:43:00	B4.2	10956.0	POINT(49 -8)	-8	49	719.0	-118.0
6890	2007-05-15 05:09:00	2007-05-15 05:14:00	2007-05-15 05:18:00	B1.1	10956.0	POINT(-1 -6)	-6	-1	-19.0	-63.0
6900	2007-05-15 15:27:00	2007-05-15 15:37:00	2007-05-15 15:44:00	C1.0	10956.0	POINT(-52 0)	0	-52	-763.0	36.0
6910	2007-05-15 16:57:00	2007-05-15 17:05:00	2007-05-15 17:07:00	B1.7	10956.0	POINT(-47 0)	0	-47	-703.0	15.0
6920	2007-05-15 19:02:00	2007-05-15 19:07:00	2007-05-15 19:12:00	B2.7	10956.0	POINT(-43 10)	10	-43	-640.0	199.0
6930	2007-05-15 23:03:00	2007-05-15 23:15:00	2007-05-15 23:45:00	B2.0	10956.0	POINT(70 -8)	-8	70	895.0	-131.0
6940	2007-05-16 01:09:00	2007-05-16 01:13:00	2007-05-16 01:21:00	B1.0	10956.0	POINT(67 -7)	-7	67	882.0	-110.0
6950	2007-05-16 01:48:00	2007-05-16 01:53:00	2007-05-16 01:55:00	B2.0	10956.0	POINT(-46 1)	1	-46	-698.0	52.0
6960	2007-05-16 02:14:00	2007-05-16 02:22:00	2007-05-16 02:38:00	B2.6	10956.0	POINT(-45 0)	0	-45	-687.0	36.0
6970	2007-05-16 05:56:00	2007-05-16 06:01:00	2007-05-16 06:06:00	B1.9	10956.0	POINT(-45 0)	0	-45	-682.0	39.0
6980	2007-05-16 17:19:00	2007-05-16 17:41:00	2007-05-16 17:53:00	C2.9	10956.0	POINT(-35 1)	1	-35	-556.0	63.0
6990	2007-05-16 18:59:00	2007-05-16 19:04:00	2007-05-16 19:09:00	B1.7	10956.0	POINT(-29 6)	6	-29	-459.0	150.0
7000	2007-05-17 00:33:00	2007-05-17 00:39:00	2007-05-17 00:48:00	B1.7		POINT(-35 0)	0	-35	-564.0	18.0
7010	2007-05-17 02:56:00	2007-05-17 03:10:00	2007-05-17 03:19:00	B2.3	10956.0	POINT(89 -2)	-2	89	966.0	-44.0
7020	2007-05-17 12:47:00	2007-05-17 12:56:00	2007-05-17 13:07:00	B5.5	10956.0	POINT(-25 2)	2	-25	-411.0	76.0
7030	2007-05-17 13:42:00	2007-05-17 13:47:00	2007-05-17 13:51:00	B1.4	10956.0	POINT(-23 0)	0	-23	-385.0	44.0
7040	2007-05-17 14:41:00	2007-05-17 14:45:00	2007-05-17 14:48:00	B1.0	10956.0	POINT(89 -7)	-7	89	990.0	-126.0
7050	2007-05-17 17:50:00	2007-05-17 18:05:00	2007-05-17 19:18:00	B1.8	10956.0	POINT(-24 4)	4	-24	-393.0	105.0
7060	2007-05-18 05:46:00	2007-05-18 05:49:00	2007-05-18 05:53:00	B1.0		POINT(-12 5)	5	-12	-205.0	130.0
7070	2007-05-19 04:52:00	2007-05-19 05:00:00	2007-05-19 05:14:00	B1.3		POINT(63 -15)	-15	63	818.0	-244.0
7080	2007-05-20 04:52:00	2007-05-20 05:56:00	2007-05-20 06:30:00	B7.6	10956.0	POINT(9 -4)	-4	9	163.0	-34.0
7090	2007-05-22 06:37:00	2007-05-22 06:40:00	2007-05-22 06:42:00	B1.1		POINT(45 -3)	-3	45	672.0	-41.0
7100	2007-05-22 06:44:00	2007-05-22 06:47:00	2007-05-22 06:50:00	B1.0		POINT(39 -5)	-5	39	602.0	-60.0
7110	2007-05-22 14:30:00	2007-05-22 14:47:00	2007-05-22 15:19:00	B3.9		POINT(38 -5)	-5	38	583.0	-64.0
7120	2007-05-23 07:15:00	2007-05-23 07:32:00	2007-05-23 07:50:00	B5.3		POINT(51 -10)	-10	51	729.0	-149.0
7130	2007-05-26 16:34:00	2007-05-26 16:44:00	2007-05-26 16:51:00	B1.8		POINT(89 -1)	-1	89	1049.0	-19.0
7140	2007-05-29 17:37:00	2007-05-29 17:49:00	2007-05-29 19:10:00	A3.9		POINT(-61 -4)	-4	-61	-829.0	-67.0
7150	2007-05-30 13:49:00	2007-05-30 14:15:00	2007-05-30 14:54:00	C2.0		POINT(-84 -9)	-9	-84	-939.0	-159.0
7160	2007-05-30 21:05:00	2007-05-30 21:18:00	2007-05-30 22:12:00	A5.5		POINT(-52 2)	2	-52	-755.0	45.0
7170	2007-05-31 01:45:00	2007-05-31 01:55:00	2007-05-31 02:12:00	B1.9	10960.0	POINT(-52 -13)	-13	-52	-744.0	-211.0
7180	2007-05-31 10:14:00	2007-05-31 10:22:00	2007-05-31 10:32:00	B1.6	10958.0	POINT(-45 -13)	-13	-45	-662.0	-211.0
7190	2007-05-31 12:43:00	2007-05-31 12:53:00	2007-05-31 13:02:00	C1.1	10960.0	POINT(-89 -9)	-9	-89	-957.0	-156.0
7200	2007-05-31 14:42:00	2007-05-31 15:00:00	2007-05-31 15:56:00	B2.4		POINT(-89 -10)	-10	-89	-952.0	-180.0
7210	2007-05-31 17:57:00	2007-05-31 18:04:00	2007-05-31 18:23:00	B3.7	10959.0	POINT(-70 -9)	-9	-70	-886.0	-161.0
7220	2007-05-31 18:32:00	2007-05-31 18:49:00	2007-05-31 19:10:00	B8.7		POINT(-21 -3)	-3	-21	-344.0	-48.0
7230	2007-05-31 22:16:00	2007-05-31 22:21:00	2007-05-31 22:31:00	B4.4	10960.0	POINT(-89 -11)	-11	-89	-939.0	-185.0
7240	2007-05-31 22:43:00	2007-05-31 22:54:00	2007-05-31 23:04:00	B5.4	10960.0	POINT(-89 -9)	-9	-89	-960.0	-159.0
7250	2007-06-01 01:34:00	2007-06-01 01:41:00	2007-06-01 01:47:00	B4.1	10960.0	POINT(-89 -5)	-5	-89	-954.0	-85.0
7260	2007-06-01 03:32:00	2007-06-01 04:38:00	2007-06-01 05:00:00	B5.2		POINT(-89 -4)	-4	-89	-965.0	-83.0
7270	2007-06-01 05:15:00	2007-06-01 05:30:00	2007-06-01 05:45:00	B4.3		POINT(-89 -9)	-9	-89	-957.0	-164.0
7280	2007-06-01 06:46:00	2007-06-01 06:51:00	2007-06-01 06:59:00	M1.0	10960.0	POINT(-89 -8)	-8	-89	-957.0	-135.0
7290	2007-06-01 08:46:00	2007-06-01 09:05:00	2007-06-01 09:17:00	B4.9	10960.0	POINT(-89 -4)	-4	-89	-962.0	-77.0
7300	2007-06-01 10:22:00	2007-06-01 10:32:00	2007-06-01 10:36:00	B1.8	10960.0	POINT(-89 -4)	-4	-89	-981.0	-77.0
7310	2007-06-01 12:24:00	2007-06-01 12:35:00	2007-06-01 12:50:00	B6.9	10960.0	POINT(-89 -8)	-8	-89	-970.0	-140.0
7320	2007-06-01 13:19:00	2007-06-01 13:23:00	2007-06-01 13:28:00	B3.7	10960.0	POINT(-89 -8)	-8	-89	-968.0	-140.0
7330	2007-06-01 14:17:00	2007-06-01 14:22:00	2007-06-01 14:27:00	B6.6	10960.0	POINT(-89 -7)	-7	-89	-960.0	-132.0
7340	2007-06-01 14:35:00	2007-06-01 14:59:00	2007-06-01 15:11:00	M2.8	10960.0	POINT(-89 -8)	-8	-89	-957.0	-138.0
7350	2007-06-01 17:01:00	2007-06-01 17:10:00	2007-06-01 17:13:00	B3.3	10960.0	POINT(-54 -9)	-9	-54	-773.0	-154.0
7360	2007-06-01 20:13:00	2007-06-01 20:19:00	2007-06-01 20:25:00	B2.2	10960.0	POINT(-77 -7)	-7	-77	-925.0	-130.0
7370	2007-06-01 21:15:00	2007-06-01 21:25:00	2007-06-01 21:36:00	B4.9	10960.0	POINT(-89 -7)	-7	-89	-949.0	-125.0
7380	2007-06-01 21:40:00	2007-06-01 21:52:00	2007-06-01 21:59:00	M2.1	10960.0	POINT(-89 -7)	-7	-89	-949.0	-130.0
7390	2007-06-01 22:17:00	2007-06-01 22:22:00	2007-06-01 22:26:00	C2.8	10960.0	POINT(-78 -7)	-7	-78	-928.0	-130.0
7400	2007-06-02 01:30:00	2007-06-02 01:35:00	2007-06-02 01:40:00	B1.7		POINT(-47 -10)	-10	-47	-699.0	-167.0
7410	2007-06-02 03:30:00	2007-06-02 03:36:00	2007-06-02 03:48:00	B3.5		POINT(-77 -7)	-7	-77	-928.0	-114.0
7420	2007-06-02 05:25:00	2007-06-02 06:11:00	2007-06-02 06:35:00	M2.9	10960.0	POINT(-89 -8)	-8	-89	-947.0	-135.0
7430	2007-06-02 07:57:00	2007-06-02 08:00:00	2007-06-02 08:03:00	B3.6		POINT(-89 -8)	-8	-89	-986.0	-151.0
7440	2007-06-02 08:21:00	2007-06-02 08:33:00	2007-06-02 08:38:00	B7.8		POINT(-77 -7)	-7	-77	-923.0	-130.0
7450	2007-06-02 09:23:00	2007-06-02 09:26:00	2007-06-02 09:28:00	B1.5		POINT(-44 -8)	-8	-44	-660.0	-135.0
7460	2007-06-02 09:30:00	2007-06-02 09:33:00	2007-06-02 09:37:00	B1.9		POINT(-44 -8)	-8	-44	-660.0	-135.0
7470	2007-06-02 10:28:00	2007-06-02 10:35:00	2007-06-02 10:41:00	M1.0		POINT(-74 -4)	-4	-74	-920.0	-75.0
7480	2007-06-02 15:18:00	2007-06-02 15:21:00	2007-06-02 15:23:00	B2.0		POINT(-40 -11)	-11	-40	-615.0	-177.0
7490	2007-06-02 15:29:00	2007-06-02 15:32:00	2007-06-02 15:34:00	B1.9		POINT(-70 -10)	-10	-70	-889.0	-172.0
7500	2007-06-02 17:41:00	2007-06-02 17:44:00	2007-06-02 17:46:00	B2.2		POINT(-15 -14)	-14	-15	-252.0	-225.0
7510	2007-06-02 18:10:00	2007-06-02 18:13:00	2007-06-02 18:15:00	B1.7		POINT(-68 -3)	-3	-68	-886.0	-59.0
7520	2007-06-02 19:17:00	2007-06-02 19:20:00	2007-06-02 19:25:00	B1.2		POINT(-70 -10)	-10	-70	-883.0	-175.0
7530	2007-06-02 20:07:00	2007-06-02 20:13:00	2007-06-02 20:22:00	B1.4		POINT(-55 -10)	-10	-55	-776.0	-169.0
7540	2007-06-02 21:04:00	2007-06-02 21:10:00	2007-06-02 21:16:00	B7.6		POINT(-67 -4)	-4	-67	-883.0	-64.0
7550	2007-06-02 22:54:00	2007-06-02 22:58:00	2007-06-02 23:00:00	B1.8		POINT(-65 -7)	-7	-65	-865.0	-114.0
7560	2007-06-03 00:41:00	2007-06-03 00:52:00	2007-06-03 00:57:00	B3.6		POINT(-68 -5)	-5	-68	-883.0	-90.0
7570	2007-06-03 00:57:00	2007-06-03 01:02:00	2007-06-03 01:08:00	B4.7		POINT(-66 -5)	-5	-66	-870.0	-88.0
7580	2007-06-03 01:28:00	2007-06-03 01:34:00	2007-06-03 01:40:00	B8.8		POINT(-66 -7)	-7	-66	-870.0	-127.0
7590	2007-06-03 01:51:00	2007-06-03 01:59:00	2007-06-03 02:04:00	M2.4	10960.0	POINT(-66 -7)	-7	-66	-870.0	-117.0
7600	2007-06-03 02:06:00	2007-06-03 02:12:00	2007-06-03 02:16:00	M7.0		POINT(-70 -8)	-8	-70	-894.0	-135.0
7610	2007-06-03 02:31:00	2007-06-03 02:36:00	2007-06-03 02:41:00	C1.6		POINT(-64 -4)	-4	-64	-862.0	-72.0
7620	2007-06-03 04:05:00	2007-06-03 04:15:00	2007-06-03 04:31:00	B9.5		POINT(-33 -13)	-13	-33	-520.0	-211.0
7630	2007-06-03 05:19:00	2007-06-03 05:22:00	2007-06-03 05:25:00	B2.1		POINT(-65 -5)	-5	-65	-865.0	-88.0
7640	2007-06-03 06:18:00	2007-06-03 06:22:00	2007-06-03 06:26:00	B1.6		POINT(-70 -8)	-8	-70	-891.0	-143.0
7650	2007-06-03 06:36:00	2007-06-03 06:41:00	2007-06-03 06:43:00	M4.5	10960.0	POINT(-63 -5)	-5	-63	-852.0	-85.0
7660	2007-06-03 09:23:00	2007-06-03 09:28:00	2007-06-03 09:31:00	C5.3		POINT(-67 -8)	-8	-67	-876.0	-132.0
7670	2007-06-03 11:10:00	2007-06-03 11:16:00	2007-06-03 11:18:00	B2.2		POINT(-64 -5)	-5	-64	-860.0	-93.0
7680	2007-06-03 11:18:00	2007-06-03 11:26:00	2007-06-03 11:30:00	B3.3		POINT(-60 -4)	-4	-60	-828.0	-75.0
7690	2007-06-03 18:10:00	2007-06-03 18:16:00	2007-06-03 18:21:00	B6.0		POINT(-25 -9)	-9	-25	-413.0	-159.0
7700	2007-06-03 18:43:00	2007-06-03 18:47:00	2007-06-03 18:50:00	B1.6		POINT(-50 0)	0	-50	-727.0	8.0
7710	2007-06-03 20:15:00	2007-06-03 20:40:00	2007-06-03 20:52:00	B5.5		POINT(-48 1)	1	-48	-708.0	21.0
7720	2007-06-04 03:20:00	2007-06-04 03:26:00	2007-06-04 03:34:00	B2.2		POINT(-56 -10)	-10	-56	-781.0	-169.0
7730	2007-06-04 03:51:00	2007-06-04 03:59:00	2007-06-04 04:01:00	B2.2	10960.0	POINT(-49 -3)	-3	-49	-723.0	-59.0
7740	2007-06-04 04:40:00	2007-06-04 04:46:00	2007-06-04 04:51:00	B5.0	10960.0	POINT(-50 -4)	-4	-50	-736.0	-75.0
7750	2007-06-04 05:06:00	2007-06-04 05:13:00	2007-06-04 05:16:00	M8.9	10960.0	POINT(-50 -5)	-5	-50	-736.0	-88.0
7760	2007-06-04 07:08:00	2007-06-04 07:13:00	2007-06-04 07:18:00	B5.6	10960.0	POINT(-54 -4)	-4	-54	-773.0	-64.0
7770	2007-06-04 08:25:00	2007-06-04 08:29:00	2007-06-04 08:35:00	B2.7	10960.0	POINT(-56 -4)	-4	-56	-799.0	-69.0
7780	2007-06-04 09:41:00	2007-06-04 09:45:00	2007-06-04 09:49:00	B8.6		POINT(-47 -5)	-5	-47	-705.0	-80.0
7790	2007-06-04 11:58:00	2007-06-04 12:02:00	2007-06-04 12:06:00	B2.7		POINT(7 -15)	-15	7	115.0	-246.0
7800	2007-06-04 13:06:00	2007-06-04 13:09:00	2007-06-04 13:14:00	B1.6		POINT(-43 -4)	-4	-43	-662.0	-69.0
7810	2007-06-04 14:04:00	2007-06-04 14:12:00	2007-06-04 14:19:00	B4.1		POINT(-44 -5)	-5	-44	-670.0	-96.0
7820	2007-06-04 15:55:00	2007-06-04 16:03:00	2007-06-04 16:10:00	B5.5		POINT(-44 -8)	-8	-44	-665.0	-146.0
7830	2007-06-04 16:41:00	2007-06-04 16:44:00	2007-06-04 16:46:00	B2.0		POINT(9 -13)	-13	9	154.0	-227.0
7840	2007-06-04 17:32:00	2007-06-04 17:35:00	2007-06-04 17:37:00	B2.2		POINT(-42 -6)	-6	-42	-649.0	-98.0
7850	2007-06-04 18:47:00	2007-06-04 18:51:00	2007-06-04 18:54:00	B2.5		POINT(-42 -7)	-7	-42	-641.0	-127.0
7860	2007-06-04 19:20:00	2007-06-04 19:26:00	2007-06-04 19:31:00	B1.6		POINT(-42 -9)	-9	-42	-639.0	-156.0
7870	2007-06-04 19:39:00	2007-06-04 19:45:00	2007-06-04 19:54:00	B2.9		POINT(-42 -8)	-8	-42	-639.0	-146.0
7880	2007-06-04 20:52:00	2007-06-04 20:56:00	2007-06-04 20:58:00	B2.1		POINT(-35 -1)	-1	-35	-549.0	-16.0
7890	2007-06-04 21:08:00	2007-06-04 21:11:00	2007-06-04 21:15:00	B1.7		POINT(-34 0)	0	-34	-536.0	8.0
7900	2007-06-04 23:32:00	2007-06-04 23:36:00	2007-06-04 23:42:00	B1.3		POINT(-40 -6)	-6	-40	-618.0	-98.0
7910	2007-06-05 04:15:00	2007-06-05 04:23:00	2007-06-05 04:29:00	C1.2		POINT(-37 -9)	-9	-37	-573.0	-148.0
7920	2007-06-05 04:56:00	2007-06-05 04:59:00	2007-06-05 05:03:00	B1.6	10960.0	POINT(-27 -4)	-4	-27	-447.0	-64.0
7930	2007-06-05 09:20:00	2007-06-05 09:27:00	2007-06-05 09:39:00	B4.7	10960.0	POINT(18 -12)	-12	18	296.0	-198.0
7940	2007-06-05 12:04:00	2007-06-05 12:07:00	2007-06-05 12:09:00	B2.0		POINT(20 -14)	-14	20	323.0	-235.0
7950	2007-06-05 15:29:00	2007-06-05 16:13:00	2007-06-05 16:25:00	C6.6	10960.0	POINT(-30 -9)	-9	-30	-481.0	-159.0
7960	2007-06-05 17:26:00	2007-06-05 17:31:00	2007-06-05 17:33:00	B3.2		POINT(-29 -7)	-7	-29	-473.0	-130.0
7970	2007-06-05 23:20:00	2007-06-05 23:30:00	2007-06-05 23:40:00	B1.6		POINT(27 -15)	-15	27	433.0	-254.0
7980	2007-06-06 03:48:00	2007-06-06 03:53:00	2007-06-06 03:56:00	B1.5		POINT(-23 -8)	-8	-23	-378.0	-133.0
7990	2007-06-06 04:28:00	2007-06-06 04:34:00	2007-06-06 04:43:00	B2.8		POINT(-20 -9)	-9	-20	-336.0	-159.0
8000	2007-06-06 13:21:00	2007-06-06 13:29:00	2007-06-06 13:33:00	B3.1		POINT(-18 -8)	-8	-18	-297.0	-138.0
8010	2007-06-06 16:55:00	2007-06-06 17:25:00	2007-06-06 17:35:00	C9.7	10960.0	POINT(-14 -9)	-9	-14	-242.0	-161.0
8020	2007-06-06 22:55:00	2007-06-06 23:05:00	2007-06-06 23:11:00	B2.0		POINT(20 -12)	-12	20	333.0	-211.0
8030	2007-06-06 23:13:00	2007-06-06 23:28:00	2007-06-06 23:31:00	C1.7		POINT(-12 -8)	-8	-12	-197.0	-138.0
8040	2007-06-07 00:18:00	2007-06-07 00:45:00	2007-06-07 00:49:00	B7.6		POINT(-11 -8)	-8	-11	-184.0	-135.0
8050	2007-06-07 01:33:00	2007-06-07 01:40:00	2007-06-07 01:46:00	B6.6		POINT(-10 -8)	-8	-10	-173.0	-148.0
8060	2007-06-07 06:22:00	2007-06-07 06:44:00	2007-06-07 06:50:00	C3.9		POINT(-8 -9)	-9	-8	-134.0	-162.0
8070	2007-06-07 08:31:00	2007-06-07 08:35:00	2007-06-07 08:37:00	B4.9		POINT(-7 -7)	-7	-7	-123.0	-133.0
8080	2007-06-07 10:10:00	2007-06-07 10:52:00	2007-06-07 11:07:00	C1.1		POINT(-2 -9)	-9	-2	-47.0	-167.0
8090	2007-06-07 17:07:00	2007-06-07 17:20:00	2007-06-07 17:25:00	B9.7	10960.0	POINT(2 -7)	-7	2	44.0	-133.0
8100	2007-06-08 01:31:00	2007-06-08 01:38:00	2007-06-08 01:43:00	C1.6		POINT(2 -8)	-8	2	39.0	-143.0
8110	2007-06-08 03:38:00	2007-06-08 03:42:00	2007-06-08 03:52:00	B1.7		POINT(3 -9)	-9	3	60.0	-164.0
8120	2007-06-08 04:10:00	2007-06-08 04:21:00	2007-06-08 04:25:00	C2.3		POINT(4 -8)	-8	4	73.0	-140.0
8130	2007-06-08 04:55:00	2007-06-08 05:02:00	2007-06-08 05:05:00	C1.4	10960.0	POINT(3 -8)	-8	3	65.0	-151.0
8140	2007-06-08 07:33:00	2007-06-08 07:41:00	2007-06-08 07:49:00	B3.2		POINT(9 -7)	-7	9	162.0	-127.0
8150	2007-06-08 08:22:00	2007-06-08 08:46:00	2007-06-08 09:00:00	C2.9		POINT(10 -8)	-8	10	170.0	-138.0
8160	2007-06-08 10:42:00	2007-06-08 10:48:00	2007-06-08 10:55:00	B3.8		POINT(8 -10)	-10	8	147.0	-172.0
8170	2007-06-08 12:07:00	2007-06-08 12:12:00	2007-06-08 12:15:00	B5.3		POINT(8 -8)	-8	8	141.0	-148.0
8180	2007-06-08 12:33:00	2007-06-08 12:38:00	2007-06-08 12:44:00	B7.6		POINT(8 -14)	-14	8	136.0	-238.0
8190	2007-06-08 13:33:00	2007-06-08 13:44:00	2007-06-08 13:49:00	B3.1		POINT(4 -12)	-12	4	70.0	-206.0
8200	2007-06-08 14:09:00	2007-06-08 14:45:00	2007-06-08 14:52:00	C1.5	10960.0	POINT(9 -8)	-8	9	160.0	-143.0
8210	2007-06-08 17:00:00	2007-06-08 17:08:00	2007-06-08 17:18:00	B4.5		POINT(12 -7)	-7	12	199.0	-130.0
8220	2007-06-08 18:45:00	2007-06-08 18:57:00	2007-06-08 19:13:00	B4.3		POINT(13 -9)	-9	13	223.0	-159.0
8230	2007-06-08 22:08:00	2007-06-08 22:25:00	2007-06-08 22:35:00	B2.6		POINT(9 -12)	-12	9	149.0	-206.0
8240	2007-06-08 23:21:00	2007-06-08 23:25:00	2007-06-08 23:28:00	B2.2		POINT(16 -12)	-12	16	270.0	-209.0
8250	2007-06-09 09:29:00	2007-06-09 09:41:00	2007-06-09 09:48:00	B8.6		POINT(25 -8)	-8	25	412.0	-140.0
8260	2007-06-09 13:30:00	2007-06-09 13:48:00	2007-06-09 14:05:00	M1.0	10960.0	POINT(27 -9)	-9	27	436.0	-156.0
8270	2007-06-09 23:35:00	2007-06-09 23:52:00	2007-06-10 00:04:00	B6.6		POINT(33 -11)	-11	33	520.0	-188.0
8280	2007-06-10 05:06:00	2007-06-10 05:12:00	2007-06-10 05:20:00	B1.6		POINT(28 -11)	-11	28	452.0	-190.0
8290	2007-06-10 07:21:00	2007-06-10 07:27:00	2007-06-10 07:35:00	B1.9		POINT(33 -8)	-8	33	528.0	-148.0
8300	2007-06-10 09:31:00	2007-06-10 09:34:00	2007-06-10 09:37:00	B1.0		POINT(34 -7)	-7	34	538.0	-138.0
8310	2007-06-10 09:45:00	2007-06-10 09:51:00	2007-06-10 09:56:00	B1.4		POINT(68 -10)	-10	68	872.0	-175.0
8320	2007-06-10 11:01:00	2007-06-10 11:11:00	2007-06-10 11:14:00	C1.9	10960.0	POINT(40 -9)	-9	40	612.0	-167.0
8330	2007-06-10 18:33:00	2007-06-10 18:37:00	2007-06-10 18:42:00	B1.1	10960.0	POINT(43 -9)	-9	43	646.0	-162.0
8340	2007-06-10 23:48:00	2007-06-11 00:27:00	2007-06-11 00:49:00	B8.1		POINT(48 -9)	-9	48	704.0	-162.0
8350	2007-06-11 03:55:00	2007-06-11 04:00:00	2007-06-11 04:06:00	B1.3	10960.0	POINT(45 -8)	-8	45	673.0	-146.0
8360	2007-06-11 12:55:00	2007-06-11 12:59:00	2007-06-11 13:02:00	B2.4		POINT(51 -9)	-9	51	736.0	-156.0
8370	2007-06-11 21:41:00	2007-06-11 21:45:00	2007-06-11 21:53:00	B1.0		POINT(89 -9)	-9	89	970.0	-159.0
8380	2007-06-12 19:14:00	2007-06-12 19:31:00	2007-06-12 19:47:00	B3.1		POINT(69 -7)	-7	69	886.0	-130.0
8390	2007-06-13 13:18:00	2007-06-13 13:47:00	2007-06-13 14:03:00	B4.2		POINT(89 -9)	-9	89	954.0	-164.0
8400	2007-06-15 04:35:00	2007-06-15 04:43:00	2007-06-15 05:18:00	B2.0		POINT(55 -63)	-63	55	349.0	-859.0
8410	2007-06-22 09:46:00	2007-06-22 10:48:00	2007-06-22 11:48:00	A3.8		POINT(-68 25)	25	-68	-802.0	397.0
8420	2007-06-24 12:14:00	2007-06-24 12:27:00	2007-06-24 12:40:00	A4.0		POINT(-89 -9)	-9	-89	1005.0	-172.0
8430	2007-06-24 22:49:00	2007-06-24 22:59:00	2007-06-24 23:23:00	A2.4		POINT(-89 9)	9	-89	-939.0	163.0
8440	2007-06-25 08:38:00	2007-06-25 09:26:00	2007-06-25 09:40:00	A2.5		POINT(-89 -10)	-10	-89	-955.0	-183.0
8450	2007-06-26 00:36:00	2007-06-26 00:39:00	2007-06-26 00:43:00	A2.4		POINT(-73 -9)	-9	-73	-905.0	-167.0
8460	2007-06-27 02:21:00	2007-06-27 02:27:00	2007-06-27 02:31:00	B1.9		POINT(-89 -3)	-3	-89	-973.0	-64.0
8470	2007-06-27 10:05:00	2007-06-27 10:19:00	2007-06-27 10:25:00	B3.1		POINT(-89 -7)	-7	-89	-952.0	-125.0
8480	2007-06-27 13:02:00	2007-06-27 13:05:00	2007-06-27 13:08:00	B1.1		POINT(-44 -9)	-9	-44	-660.0	-193.0
8490	2007-06-27 14:05:00	2007-06-27 14:18:00	2007-06-27 14:24:00	B3.7		POINT(-89 -7)	-7	-89	-947.0	-130.0
8500	2007-06-27 17:49:00	2007-06-27 18:00:00	2007-06-27 18:03:00	C1.3		POINT(-85 -7)	-7	-85	-941.0	-133.0
8510	2007-06-28 01:10:00	2007-06-28 01:16:00	2007-06-28 01:21:00	B1.2		POINT(-81 -8)	-8	-81	-931.0	-154.0
8520	2007-06-28 06:15:00	2007-06-28 06:30:00	2007-06-28 06:50:00	A9.0		POINT(-49 -7)	-7	-49	-720.0	-146.0
8530	2007-06-28 06:59:00	2007-06-28 07:07:00	2007-06-28 07:23:00	B1.5	10962.0	POINT(-77 -6)	-6	-77	-926.0	-120.0
8540	2007-06-28 14:10:00	2007-06-28 14:22:00	2007-06-28 14:31:00	B2.9		POINT(-73 -8)	-8	-73	-905.0	-151.0
8550	2007-06-28 17:08:00	2007-06-28 17:16:00	2007-06-28 17:25:00	B3.2	10962.0	POINT(-72 -7)	-7	-72	-899.0	-141.0
8560	2007-06-29 00:23:00	2007-06-29 00:27:00	2007-06-29 00:33:00	B1.4		POINT(-36 -9)	-9	-36	-563.0	-191.0
8570	2007-06-29 00:55:00	2007-06-29 01:00:00	2007-06-29 01:05:00	B1.4		POINT(-66 -7)	-7	-66	-870.0	-146.0
8580	2007-06-29 01:15:00	2007-06-29 01:24:00	2007-06-29 01:30:00	B3.2		POINT(-68 -8)	-8	-68	-881.0	-157.0
8590	2007-06-29 02:30:00	2007-06-29 02:39:00	2007-06-29 02:45:00	B3.7	10962.0	POINT(-65 -7)	-7	-65	-860.0	-141.0
8600	2007-06-29 04:50:00	2007-06-29 04:54:00	2007-06-29 04:57:00	B1.0	10962.0	POINT(-63 -7)	-7	-63	-847.0	-149.0
8610	2007-06-29 08:05:00	2007-06-29 08:14:00	2007-06-29 08:29:00	B3.0	10962.0	POINT(-63 -7)	-7	-63	-844.0	-149.0
8620	2007-06-29 10:01:00	2007-06-29 10:08:00	2007-06-29 10:14:00	B9.5	10962.0	POINT(-64 -8)	-8	-64	-855.0	-151.0
8630	2007-06-29 19:42:00	2007-06-29 19:47:00	2007-06-29 19:59:00	B1.3		POINT(-18 -7)	-7	-18	-302.0	-170.0
8640	2007-06-29 20:04:00	2007-06-29 20:13:00	2007-06-29 20:17:00	C1.1	10962.0	POINT(-51 -1)	-1	-51	-741.0	-49.0
8650	2007-07-01 08:22:00	2007-07-01 08:28:00	2007-07-01 08:32:00	B2.2		POINT(-36 -6)	-6	-36	-568.0	-149.0
8660	2007-07-01 21:44:00	2007-07-01 21:49:00	2007-07-01 21:53:00	B2.9		POINT(-28 -6)	-6	-28	-452.0	-157.0
8670	2007-07-04 13:11:00	2007-07-04 13:33:00	2007-07-04 13:58:00	A9.8		POINT(39 -13)	-13	39	596.0	-262.0
8680	2007-07-07 03:33:00	2007-07-07 03:44:00	2007-07-07 03:59:00	B7.5		POINT(8 32)	32	8	120.0	468.0
8690	2007-07-07 07:38:00	2007-07-07 07:44:00	2007-07-07 07:48:00	B1.2		POINT(-89 -7)	-7	-89	-960.0	-120.0
8700	2007-07-07 10:56:00	2007-07-07 11:18:00	2007-07-07 11:51:00	B9.1		POINT(-89 -7)	-7	-89	-960.0	-120.0
8710	2007-07-07 12:15:00	2007-07-07 12:41:00	2007-07-07 12:48:00	B3.8		POINT(-89 -8)	-8	-89	-994.0	-144.0
8720	2007-07-07 13:17:00	2007-07-07 13:22:00	2007-07-07 13:29:00	B4.7		POINT(-89 -5)	-5	-89	-968.0	-99.0
8730	2007-07-07 14:00:00	2007-07-07 14:30:00	2007-07-07 14:52:00	C1.9		POINT(-89 -7)	-7	-89	-960.0	-120.0
8740	2007-07-07 16:47:00	2007-07-07 17:21:00	2007-07-07 17:40:00	B4.4		POINT(-89 -7)	-7	-89	-947.0	-130.0
8750	2007-07-07 18:44:00	2007-07-07 18:51:00	2007-07-07 19:01:00	B2.6		POINT(-89 -8)	-8	-89	-965.0	-138.0
8760	2007-07-07 20:11:00	2007-07-07 20:16:00	2007-07-07 20:25:00	B1.8		POINT(-89 -7)	-7	-89	-989.0	-122.0
8770	2007-07-07 21:24:00	2007-07-07 21:47:00	2007-07-07 21:56:00	B6.9		POINT(-89 -7)	-7	-89	-955.0	-120.0
8780	2007-07-07 23:10:00	2007-07-07 23:13:00	2007-07-07 23:16:00	B1.2		POINT(-89 -9)	-9	-89	-973.0	-165.0
8790	2007-07-07 23:18:00	2007-07-07 23:39:00	2007-07-07 23:44:00	B1.9		POINT(-86 -5)	-5	-86	-947.0	-99.0
8800	2007-07-08 00:23:00	2007-07-08 00:36:00	2007-07-08 00:44:00	B2.9		POINT(-85 -7)	-7	-85	-941.0	-133.0
8810	2007-07-08 00:58:00	2007-07-08 01:08:00	2007-07-08 01:18:00	B4.7		POINT(-89 -8)	-8	-89	-997.0	-144.0
8820	2007-07-08 04:02:00	2007-07-08 04:06:00	2007-07-08 04:12:00	B1.1	10963.0	POINT(-77 -6)	-6	-77	-926.0	-120.0
8830	2007-07-08 05:41:00	2007-07-08 05:48:00	2007-07-08 05:53:00	B2.5	10963.0	POINT(-76 -6)	-6	-76	-923.0	-115.0
8840	2007-07-08 06:47:00	2007-07-08 06:51:00	2007-07-08 06:55:00	B1.7		POINT(-89 0)	0	-89	1031.0	5.0
8850	2007-07-08 07:17:00	2007-07-08 07:36:00	2007-07-08 07:41:00	B4.0		POINT(-81 -7)	-7	-81	-934.0	-138.0
8860	2007-07-08 08:11:00	2007-07-08 08:27:00	2007-07-08 08:35:00	B4.0		POINT(-81 -5)	-5	-81	-939.0	-104.0
8870	2007-07-08 08:51:00	2007-07-08 08:55:00	2007-07-08 09:01:00	B2.5		POINT(-77 -6)	-6	-77	-923.0	-128.0
8880	2007-07-08 10:06:00	2007-07-08 10:25:00	2007-07-08 10:33:00	B4.3		POINT(-78 -6)	-6	-78	-928.0	-117.0
8890	2007-07-08 11:20:00	2007-07-08 11:27:00	2007-07-08 11:37:00	B3.2		POINT(-89 -10)	-10	-89	-941.0	-180.0
8900	2007-07-08 11:56:00	2007-07-08 12:26:00	2007-07-08 12:37:00	B4.9		POINT(-75 -6)	-6	-75	-918.0	-125.0
8910	2007-07-08 13:27:00	2007-07-08 13:45:00	2007-07-08 14:03:00	C1.1		POINT(-75 -5)	-5	-75	-918.0	-104.0
8920	2007-07-08 15:04:00	2007-07-08 15:07:00	2007-07-08 15:10:00	B1.8		POINT(-75 -7)	-7	-75	-915.0	-141.0
8930	2007-07-08 15:52:00	2007-07-08 16:02:00	2007-07-08 16:11:00	C1.0		POINT(-72 -8)	-8	-72	-902.0	-151.0
8940	2007-07-08 16:48:00	2007-07-08 16:58:00	2007-07-08 17:06:00	C1.8		POINT(-74 -5)	-5	-74	-913.0	-115.0
8950	2007-07-08 17:54:00	2007-07-08 17:57:00	2007-07-08 17:59:00	B9.8	10963.0	POINT(-69 -7)	-7	-69	-884.0	-146.0
8960	2007-07-08 18:18:00	2007-07-08 18:21:00	2007-07-08 18:24:00	B4.6	10963.0	POINT(-79 -5)	-5	-79	-934.0	-107.0
8970	2007-07-08 19:21:00	2007-07-08 19:27:00	2007-07-08 19:30:00	B2.7		POINT(-73 -8)	-8	-73	-905.0	-157.0
8980	2007-07-08 20:19:00	2007-07-08 20:22:00	2007-07-08 20:24:00	B1.4		POINT(-68 -6)	-6	-68	-884.0	-123.0
8990	2007-07-08 20:57:00	2007-07-08 21:01:00	2007-07-08 21:05:00	B1.3		POINT(68 -5)	-5	68	885.0	-112.0
9000	2007-07-08 21:34:00	2007-07-08 22:14:00	2007-07-08 22:22:00	B6.7		POINT(-70 -5)	-5	-70	-894.0	-112.0
9010	2007-07-08 23:13:00	2007-07-08 23:16:00	2007-07-08 23:19:00	B2.1		POINT(88 -12)	-12	88	946.0	-217.0
9020	2007-07-09 00:25:00	2007-07-09 01:07:00	2007-07-09 01:21:00	B4.7		POINT(-64 -5)	-5	-64	-857.0	-125.0
9030	2007-07-09 01:27:00	2007-07-09 01:34:00	2007-07-09 01:39:00	B7.8		POINT(-67 -6)	-6	-67	-876.0	-125.0
9040	2007-07-09 01:45:00	2007-07-09 01:59:00	2007-07-09 02:16:00	C1.0		POINT(-65 -5)	-5	-65	-863.0	-115.0
9050	2007-07-09 02:50:00	2007-07-09 02:54:00	2007-07-09 02:59:00	B6.3		POINT(-67 -5)	-5	-67	-881.0	-107.0
9060	2007-07-09 04:32:00	2007-07-09 04:36:00	2007-07-09 04:39:00	B5.3	10963.0	POINT(-64 -7)	-7	-64	-852.0	-144.0
9070	2007-07-09 05:34:00	2007-07-09 06:14:00	2007-07-09 06:22:00	C1.7	10963.0	POINT(-64 -6)	-6	-64	-852.0	-141.0
9080	2007-07-09 07:49:00	2007-07-09 08:01:00	2007-07-09 08:06:00	B4.7		POINT(-63 -6)	-6	-63	-849.0	-133.0
9090	2007-07-09 08:47:00	2007-07-09 09:20:00	2007-07-09 09:40:00	B6.3		POINT(-62 -6)	-6	-62	-842.0	-138.0
9100	2007-07-09 10:07:00	2007-07-09 10:11:00	2007-07-09 10:13:00	B3.0		POINT(-63 -7)	-7	-63	-849.0	-149.0
9110	2007-07-09 11:26:00	2007-07-09 11:29:00	2007-07-09 11:34:00	B1.6		POINT(-4 -6)	-6	-4	-76.0	-167.0
9120	2007-07-09 11:43:00	2007-07-09 11:46:00	2007-07-09 11:48:00	B1.5		POINT(-61 -6)	-6	-61	-834.0	-144.0
9130	2007-07-09 11:56:00	2007-07-09 11:59:00	2007-07-09 12:01:00	B1.4		POINT(-58 -7)	-7	-58	-805.0	-149.0
9140	2007-07-09 12:15:00	2007-07-09 12:22:00	2007-07-09 12:26:00	B1.9		POINT(-89 -2)	-2	-89	-993.0	-45.0
9150	2007-07-09 13:01:00	2007-07-09 13:05:00	2007-07-09 13:07:00	B1.3		POINT(-89 -2)	-2	-89	-965.0	-36.0
9160	2007-07-09 13:17:00	2007-07-09 13:25:00	2007-07-09 13:34:00	B2.0		POINT(-59 -6)	-6	-59	-821.0	-141.0
9170	2007-07-09 13:45:00	2007-07-09 13:50:00	2007-07-09 13:54:00	B3.8		POINT(-59 -6)	-6	-59	-818.0	-141.0
9180	2007-07-09 14:40:00	2007-07-09 15:26:00	2007-07-09 15:38:00	B4.7	10963.0	POINT(-60 -7)	-7	-60	-821.0	-154.0
9190	2007-07-09 16:57:00	2007-07-09 17:01:00	2007-07-09 17:04:00	B2.8		POINT(-89 -3)	-3	-89	-961.0	-51.0
9200	2007-07-09 17:59:00	2007-07-09 18:03:00	2007-07-09 18:07:00	B1.6	10963.0	POINT(88 -17)	-17	88	899.0	-293.0
9210	2007-07-09 19:03:00	2007-07-09 19:09:00	2007-07-09 19:13:00	B2.9	10963.0	POINT(-45 0)	0	-45	-678.0	-50.0
9220	2007-07-09 21:06:00	2007-07-09 21:16:00	2007-07-09 21:22:00	B3.8	10963.0	POINT(-89 -3)	-3	-89	-942.0	-64.0
9230	2007-07-09 21:47:00	2007-07-09 21:56:00	2007-07-09 22:00:00	B3.7		POINT(-43 0)	0	-43	-646.0	-37.0
9240	2007-07-09 22:32:00	2007-07-09 23:05:00	2007-07-09 23:08:00	C1.3		POINT(-43 0)	0	-43	-646.0	-56.0
9250	2007-07-09 23:46:00	2007-07-09 23:52:00	2007-07-09 23:54:00	B2.5		POINT(-54 -6)	-6	-54	-768.0	-149.0
9260	2007-07-10 00:21:00	2007-07-10 00:25:00	2007-07-10 00:31:00	B3.3	10963.0	POINT(-51 -7)	-7	-51	-739.0	-167.0
9270	2007-07-10 00:53:00	2007-07-10 01:01:00	2007-07-10 01:11:00	C3.8	10963.0	POINT(-51 -5)	-5	-51	-742.0	-136.0
9280	2007-07-10 01:32:00	2007-07-10 01:37:00	2007-07-10 01:46:00	C4.3		POINT(-52 -6)	-6	-52	-752.0	-141.0
9290	2007-07-10 02:52:00	2007-07-10 02:56:00	2007-07-10 03:00:00	B3.1	10963.0	POINT(-51 -6)	-6	-51	-744.0	-144.0
9300	2007-07-10 03:29:00	2007-07-10 03:33:00	2007-07-10 03:43:00	C4.4	10963.0	POINT(-51 -5)	-5	-51	-747.0	-136.0
9310	2007-07-10 04:32:00	2007-07-10 04:36:00	2007-07-10 04:39:00	B7.0		POINT(-51 -6)	-6	-51	-739.0	-141.0
9320	2007-07-10 04:46:00	2007-07-10 05:03:00	2007-07-10 05:05:00	C1.2		POINT(-52 -4)	-4	-52	-755.0	-120.0
9330	2007-07-10 05:39:00	2007-07-10 05:44:00	2007-07-10 05:48:00	B2.6		POINT(-50 -5)	-5	-50	-731.0	-138.0
9340	2007-07-10 06:17:00	2007-07-10 06:31:00	2007-07-10 06:39:00	C1.4	10963.0	POINT(-50 -4)	-4	-50	-736.0	-123.0
9350	2007-07-10 07:08:00	2007-07-10 07:21:00	2007-07-10 07:28:00	C7.4	10963.0	POINT(-48 -5)	-5	-48	-707.0	-141.0
9360	2007-07-10 07:39:00	2007-07-10 07:48:00	2007-07-10 07:52:00	C2.8	10963.0	POINT(-50 -5)	-5	-50	-728.0	-136.0
9370	2007-07-10 09:19:00	2007-07-10 09:42:00	2007-07-10 09:52:00	B1.8		POINT(89 -4)	-4	89	988.0	-75.0
9380	2007-07-10 10:00:00	2007-07-10 10:04:00	2007-07-10 10:06:00	B4.4	10963.0	POINT(-46 -5)	-5	-46	-689.0	-141.0
9390	2007-07-10 10:32:00	2007-07-10 10:40:00	2007-07-10 10:55:00	B5.4		POINT(-48 -6)	-6	-48	-710.0	-151.0
9400	2007-07-10 11:11:00	2007-07-10 11:21:00	2007-07-10 11:29:00	C1.9	10963.0	POINT(-47 -6)	-6	-47	-697.0	-144.0
9410	2007-07-10 12:35:00	2007-07-10 12:40:00	2007-07-10 12:46:00	C8.2	10963.0	POINT(-46 -5)	-5	-46	-689.0	-130.0
9420	2007-07-10 15:11:00	2007-07-10 15:16:00	2007-07-10 15:22:00	B2.2		POINT(-65 7)	7	-65	-857.0	103.0
9430	2007-07-10 15:51:00	2007-07-10 16:03:00	2007-07-10 16:06:00	B4.6		POINT(-44 -6)	-6	-44	-665.0	-146.0
9440	2007-07-10 16:41:00	2007-07-10 16:51:00	2007-07-10 16:57:00	B3.2		POINT(-44 -6)	-6	-44	-668.0	-154.0
9450	2007-07-10 17:13:00	2007-07-10 17:19:00	2007-07-10 17:24:00	B1.6		POINT(-41 -5)	-5	-41	-634.0	-146.0
9460	2007-07-10 17:28:00	2007-07-10 17:32:00	2007-07-10 17:46:00	B2.2		POINT(89 -5)	-5	89	948.0	-94.0
9470	2007-07-10 17:48:00	2007-07-10 17:53:00	2007-07-10 18:04:00	C5.2	10963.0	POINT(-43 -5)	-5	-43	-655.0	-138.0
9480	2007-07-10 20:50:00	2007-07-10 21:01:00	2007-07-10 21:06:00	C1.8		POINT(-41 -5)	-5	-41	-631.0	-144.0
9490	2007-07-10 22:15:00	2007-07-10 22:23:00	2007-07-10 22:28:00	B6.1	10963.0	POINT(-40 -5)	-5	-40	-621.0	-136.0
9500	2007-07-10 22:39:00	2007-07-10 22:46:00	2007-07-10 22:51:00	C1.0	10963.0	POINT(53 -1)	-1	53	757.0	-56.0
9510	2007-07-11 00:05:00	2007-07-11 00:09:00	2007-07-11 00:13:00	B1.3	10963.0	POINT(-40 -5)	-5	-40	-615.0	-144.0
9520	2007-07-11 05:37:00	2007-07-11 05:41:00	2007-07-11 05:48:00	B1.1		POINT(-37 -6)	-6	-37	-576.0	-167.0
9530	2007-07-11 09:15:00	2007-07-11 10:16:00	2007-07-11 10:42:00	B2.4		POINT(-89 -7)	-7	-89	-947.0	-128.0
9540	2007-07-11 10:02:00	2007-07-11 10:20:00	2007-07-11 10:32:00	B2.2		POINT(-79 -3)	-3	-79	-936.0	-73.0
9550	2007-07-11 11:41:00	2007-07-11 12:06:00	2007-07-11 12:26:00	B7.8		POINT(-37 -3)	-3	-37	-581.0	-117.0
9560	2007-07-14 22:15:00	2007-07-14 22:19:00	2007-07-14 22:24:00	B1.1		POINT(41 1)	1	41	633.0	-28.0
9570	2007-07-15 00:00:00	2007-07-15 00:25:00	2007-07-15 01:04:00	A6.0		POINT(-28 -5)	-5	-28	-450.0	-154.0
9580	2007-07-15 01:14:00	2007-07-15 01:48:00	2007-07-15 01:58:00	A9.3		POINT(46 4)	4	46	691.0	24.0
9590	2007-07-15 06:26:00	2007-07-15 06:32:00	2007-07-15 06:55:00	A8.2		POINT(46 4)	4	46	688.0	21.0
9600	2007-07-15 11:30:00	2007-07-15 11:39:00	2007-07-15 11:46:00	B2.6		POINT(23 -10)	-10	23	370.0	-241.0
9610	2007-07-16 00:50:00	2007-07-16 01:01:00	2007-07-16 01:11:00	B2.9	10964.0	POINT(57 2)	2	57	801.0	5.0
9620	2007-07-18 11:09:00	2007-07-18 11:19:00	2007-07-18 11:48:00	A4.4		POINT(64 0)	0	64	864.0	-28.0
9630	2007-07-18 13:50:00	2007-07-18 13:54:00	2007-07-18 14:00:00	B1.9	10963.0	POINT(64 -11)	-11	64	846.0	-215.0
9640	2007-07-19 14:59:00	2007-07-19 15:30:00	2007-07-19 16:00:00	A4.2		POINT(-7 -12)	-12	-7	-118.0	-275.0
9650	2007-07-25 02:20:00	2007-07-25 02:23:00	2007-07-25 02:27:00	A2.3		POINT(-77 -11)	-11	-77	-913.0	-215.0
9660	2007-07-28 06:21:00	2007-07-28 06:34:00	2007-07-28 06:46:00	A5.7		POINT(-34 -11)	-11	-34	-529.0	-270.0
9670	2007-07-28 07:15:00	2007-07-28 07:19:00	2007-07-28 07:24:00	B1.4	10965.0	POINT(-31 -11)	-11	-31	-494.0	-270.0
9680	2007-08-05 22:59:00	2007-08-05 23:05:00	2007-08-05 23:18:00	A8.9		POINT(-45 -6)	-6	-45	-679.0	-186.0
9690	2007-08-06 01:45:00	2007-08-06 01:53:00	2007-08-06 01:59:00	B4.2	10966.0	POINT(-44 -6)	-6	-44	-671.0	-183.0
9700	2007-08-06 07:51:00	2007-08-06 07:57:00	2007-08-06 08:10:00	A2.6		POINT(-39 -7)	-7	-39	-610.0	-199.0
9710	2007-08-06 09:05:00	2007-08-06 09:13:00	2007-08-06 09:21:00	C1.5	10966.0	POINT(-40 -6)	-6	-40	-621.0	-191.0
9720	2007-08-06 15:24:00	2007-08-06 15:37:00	2007-08-06 15:46:00	C1.1	10966.0	POINT(-37 -7)	-7	-37	-573.0	-199.0
9730	2007-08-07 01:52:00	2007-08-07 01:56:00	2007-08-07 02:10:00	A4.3		POINT(-41 -7)	-7	-41	-631.0	-194.0
9740	2007-08-08 12:26:00	2007-08-08 12:30:00	2007-08-08 12:36:00	B1.4		POINT(-11 -7)	-7	-11	-186.0	-228.0
9750	2007-08-13 23:44:00	2007-08-13 23:50:00	2007-08-13 23:55:00	A2.5		POINT(20 5)	5	20	334.0	-10.0
9760	2007-08-14 16:57:00	2007-08-14 17:05:00	2007-08-14 17:07:00	A1.7		POINT(-71 -9)	-9	-71	-893.0	-194.0
9770	2007-08-14 17:44:00	2007-08-14 17:47:00	2007-08-14 17:49:00	B1.4		POINT(-74 -8)	-8	-74	-914.0	-162.0
9780	2007-08-14 18:30:00	2007-08-14 18:32:00	2007-08-14 18:35:00	A5.2		POINT(-71 -8)	-8	-71	-898.0	-173.0
9790	2007-08-16 08:45:00	2007-08-16 08:51:00	2007-08-16 08:57:00	A3.0		POINT(89 -4)	-4	89	973.0	-84.0
9800	2007-08-17 20:00:00	2007-08-17 20:24:00	2007-08-17 20:52:00	A3.0		POINT(-80 -5)	-5	-80	-930.0	-107.0
9810	2007-08-17 23:06:00	2007-08-17 23:12:00	2007-08-17 23:21:00	B1.2		POINT(-31 12)	12	-31	-493.0	113.0
9820	2007-08-18 02:03:00	2007-08-18 02:09:00	2007-08-18 02:50:00	A8.7		POINT(-89 -3)	-3	-89	1022.0	-57.0
9830	2007-08-18 05:24:00	2007-08-18 05:49:00	2007-08-18 06:15:00	A9.5		POINT(-89 -4)	-4	-89	-993.0	-81.0
9840	2007-08-18 08:51:00	2007-08-18 09:13:00	2007-08-18 09:23:00	A6.5		POINT(74 -5)	-5	74	921.0	-118.0
9850	2007-08-18 11:21:00	2007-08-18 11:36:00	2007-08-18 11:47:00	B3.3		POINT(-88 -7)	-7	-88	-954.0	-126.0
9860	2007-08-18 15:00:00	2007-08-18 15:34:00	2007-08-18 16:00:00	A4.9		POINT(-70 -4)	-4	-70	-892.0	-113.0
9870	2007-08-21 02:41:00	2007-08-21 02:49:00	2007-08-21 03:06:00	A5.9		POINT(-60 -1)	-1	-60	-834.0	-84.0
9880	2007-08-21 04:35:00	2007-08-21 04:42:00	2007-08-21 04:54:00	A2.2		POINT(-82 -3)	-3	-82	-947.0	-78.0
9890	2007-08-22 11:29:00	2007-08-22 11:35:00	2007-08-22 11:43:00	B1.2		POINT(-69 -3)	-3	-69	-897.0	-92.0
9900	2007-08-24 01:19:00	2007-08-24 01:24:00	2007-08-24 01:37:00	A3.6		POINT(-48 -4)	-4	-48	-716.0	-144.0
9910	2007-08-24 02:45:00	2007-08-24 03:05:00	2007-08-24 03:45:00	A6.5		POINT(-18 -8)	-8	-18	-305.0	-249.0
9920	2007-08-24 07:49:00	2007-08-24 07:54:00	2007-08-24 07:58:00	C2.0	10969.0	POINT(-44 -4)	-4	-44	-676.0	-152.0
9930	2007-08-24 11:48:00	2007-08-24 11:53:00	2007-08-24 11:56:00	B3.4	10969.0	POINT(-42 -3)	-3	-42	-647.0	-152.0
9940	2007-08-24 19:34:00	2007-08-24 19:37:00	2007-08-24 19:40:00	B1.1		POINT(-37 -3)	-3	-37	-589.0	-149.0
9950	2007-08-24 23:26:00	2007-08-24 23:30:00	2007-08-24 23:34:00	B2.2	10969.0	POINT(-35 -3)	-3	-35	-560.0	-147.0
9960	2007-08-31 06:49:00	2007-08-31 06:53:00	2007-08-31 06:57:00	B1.5		POINT(54 -3)	-3	54	772.0	-131.0
9970	2007-08-31 14:28:00	2007-08-31 15:24:00	2007-08-31 15:45:00	B2.2		POINT(59 -9)	-9	59	810.0	-208.0
9980	2007-08-31 16:18:00	2007-08-31 16:22:00	2007-08-31 16:28:00	B1.1		POINT(62 -8)	-8	62	835.0	-195.0
9990	2007-09-01 21:03:00	2007-09-01 21:06:00	2007-09-01 21:09:00	B1.1		POINT(73 -7)	-7	73	913.0	-165.0
10000	2007-09-02 02:34:00	2007-09-02 02:37:00	2007-09-02 02:39:00	B1.1		POINT(74 -6)	-6	74	918.0	-144.0
10010	2007-09-03 01:03:00	2007-09-03 01:06:00	2007-09-03 01:09:00	B1.1		POINT(89 -3)	-3	89	971.0	-62.0
10020	2007-09-04 00:03:00	2007-09-04 00:09:00	2007-09-04 00:25:00	B2.0		POINT(88 -8)	-8	88	963.0	-144.0
10030	2007-09-04 18:51:00	2007-09-04 19:26:00	2007-09-04 19:56:00	A2.9		POINT(49 -7)	-7	49	729.0	-204.0
10040	2007-09-05 17:48:00	2007-09-05 18:07:00	2007-09-05 18:16:00	A4.0		POINT(61 -9)	-9	61	831.0	-215.0
10050	2007-09-07 16:25:00	2007-09-07 16:30:00	2007-09-07 16:43:00	A6.5		POINT(84 -6)	-6	84	950.0	-126.0
10060	2007-09-08 00:13:00	2007-09-08 00:19:00	2007-09-08 00:24:00	B3.0		POINT(88 -7)	-7	88	955.0	-123.0
10070	2007-09-16 15:20:00	2007-09-16 17:13:00	2007-09-16 18:00:00	A3.7		POINT(-26 56)	56	-26	-241.0	742.0
10080	2007-09-23 10:05:00	2007-09-23 10:30:00	2007-09-23 12:00:00	A3.7		POINT(0 -8)	-8	0	-14.0	-267.0
10090	2007-10-03 13:12:00	2007-10-03 14:19:00	2007-10-03 15:25:00	A7.3		POINT(56 1)	1	56	805.0	-33.0
10100	2007-10-05 23:04:00	2007-10-05 23:07:00	2007-10-05 23:09:00	B1.3		POINT(89 0)	0	89	997.0	-17.0
10110	2007-10-08 13:09:00	2007-10-08 13:14:00	2007-10-08 13:19:00	A6.5		POINT(25 -5)	-5	25	419.0	-183.0
10120	2007-10-11 08:45:00	2007-10-11 09:25:00	2007-10-11 10:45:00	A3.5		POINT(-88 -9)	-9	-88	-995.0	-162.0
10130	2007-10-18 08:20:00	2007-10-18 08:49:00	2007-10-18 09:58:00	A7.9		POINT(-76 -10)	-10	-76	-929.0	-196.0
10140	2007-10-18 10:56:00	2007-10-18 11:21:00	2007-10-18 12:48:00	A1.6		POINT(12 -5)	-5	12	208.0	-185.0
10150	2007-10-21 19:26:00	2007-10-21 20:56:00	2007-10-21 22:55:00	A3.7		POINT(-54 10)	10	-54	-777.0	132.0
10160	2007-11-17 04:27:00	2007-11-17 04:31:00	2007-11-17 04:34:00	B1.0	10974.0	POINT(28 13)	13	28	454.0	194.0
10170	2007-11-26 16:52:00	2007-11-26 16:59:00	2007-11-26 17:12:00	A7.6		POINT(-16 -37)	-37	-16	-223.0	-618.0
10180	2007-12-03 12:29:00	2007-12-03 12:58:00	2007-12-03 13:08:00	A4.6		POINT(-45 -5)	-5	-45	-698.0	-98.0
10190	2007-12-05 03:19:00	2007-12-05 03:24:00	2007-12-05 03:43:00	A3.2		POINT(-73 -16)	-16	-73	-908.0	-277.0
10200	2007-12-05 04:12:00	2007-12-05 04:15:00	2007-12-05 04:18:00	B1.1	10977.0	POINT(-22 -3)	-3	-22	-372.0	-67.0
10210	2007-12-05 09:50:00	2007-12-05 10:11:00	2007-12-05 10:32:00	A8.2		POINT(-47 -10)	-10	-47	-711.0	-180.0
10220	2007-12-05 23:19:00	2007-12-05 23:39:00	2007-12-05 23:57:00	A9.2		POINT(-89 -8)	-8	-89	-977.0	-154.0
10230	2007-12-07 04:35:00	2007-12-07 04:41:00	2007-12-07 04:55:00	B1.4	10977.0	POINT(5 -4)	-4	5	98.0	-88.0
10240	2007-12-07 14:26:00	2007-12-07 14:50:00	2007-12-07 15:04:00	B2.0		POINT(50 7)	7	50	753.0	124.0
10250	2007-12-08 03:25:00	2007-12-08 03:30:00	2007-12-08 03:38:00	B1.0	10978.0	POINT(-41 -6)	-6	-41	-650.0	-104.0
10260	2007-12-08 05:06:00	2007-12-08 05:21:00	2007-12-08 05:40:00	B2.3		POINT(-52 -14)	-14	-52	-761.0	-254.0
10270	2007-12-08 12:31:00	2007-12-08 12:38:00	2007-12-08 12:41:00	B1.4		POINT(61 8)	8	61	861.0	140.0
10280	2007-12-09 02:24:00	2007-12-09 02:36:00	2007-12-09 02:55:00	B4.5	10978.0	POINT(-36 -7)	-7	-36	-585.0	-133.0
10290	2007-12-09 11:32:00	2007-12-09 11:39:00	2007-12-09 11:41:00	B1.2		POINT(-35 -6)	-6	-35	-566.0	-106.0
10300	2007-12-09 15:46:00	2007-12-09 16:06:00	2007-12-09 16:13:00	B9.4	10978.0	POINT(-31 -10)	-10	-31	-503.0	-172.0
10310	2007-12-09 16:43:00	2007-12-09 16:49:00	2007-12-09 16:53:00	B8.4	10978.0	POINT(-31 -10)	-10	-31	-501.0	-172.0
10320	2007-12-09 18:33:00	2007-12-09 18:38:00	2007-12-09 18:54:00	B2.3		POINT(-30 -10)	-10	-30	-487.0	-172.0
10330	2007-12-09 19:54:00	2007-12-09 20:03:00	2007-12-09 20:09:00	B1.5		POINT(-28 -9)	-9	-28	-469.0	-164.0
10340	2007-12-09 20:13:00	2007-12-09 20:18:00	2007-12-09 20:21:00	B4.8	10978.0	POINT(-29 -9)	-9	-29	-479.0	-167.0
10350	2007-12-10 02:23:00	2007-12-10 02:26:00	2007-12-10 02:49:00	B1.0		POINT(-31 -10)	-10	-31	-503.0	-180.0
10360	2007-12-10 06:54:00	2007-12-10 07:00:00	2007-12-10 07:05:00	B7.0	10978.0	POINT(-22 -9)	-9	-22	-369.0	-159.0
10370	2007-12-10 07:56:00	2007-12-10 08:10:00	2007-12-10 08:29:00	B3.6		POINT(-26 -10)	-10	-26	-432.0	-175.0
10380	2007-12-10 10:13:00	2007-12-10 10:24:00	2007-12-10 10:33:00	B1.2		POINT(-47 -7)	-7	-47	-727.0	-122.0
10390	2007-12-10 10:40:00	2007-12-10 10:46:00	2007-12-10 10:59:00	B2.0		POINT(-20 -8)	-8	-20	-335.0	-143.0
10400	2007-12-10 11:39:00	2007-12-10 11:46:00	2007-12-10 11:56:00	B3.5		POINT(-19 -6)	-6	-19	-322.0	-104.0
10410	2007-12-10 12:25:00	2007-12-10 12:29:00	2007-12-10 12:33:00	B3.1		POINT(-16 -8)	-8	-16	-280.0	-133.0
10420	2007-12-10 13:41:00	2007-12-10 13:46:00	2007-12-10 13:49:00	B2.8		POINT(-19 -7)	-7	-19	-327.0	-130.0
10430	2007-12-11 10:52:00	2007-12-11 10:55:00	2007-12-11 11:01:00	B1.2		POINT(-89 25)	25	-89	-903.0	437.0
10440	2007-12-11 13:20:00	2007-12-11 13:26:00	2007-12-11 13:31:00	B3.3		POINT(89 7)	7	89	998.0	124.0
10450	2007-12-11 19:49:00	2007-12-11 19:56:00	2007-12-11 20:00:00	B4.0		POINT(-2 -10)	-10	-2	-38.0	-169.0
10460	2007-12-11 20:56:00	2007-12-11 21:10:00	2007-12-11 21:15:00	B1.7		POINT(-89 27)	27	-89	-884.0	469.0
10470	2007-12-11 21:52:00	2007-12-11 21:56:00	2007-12-11 22:08:00	B1.3		POINT(2 -6)	-6	2	48.0	-98.0
10480	2007-12-11 23:29:00	2007-12-11 23:36:00	2007-12-11 23:41:00	B2.7	10978.0	POINT(-4 -11)	-11	-4	-80.0	-185.0
10490	2007-12-11 23:43:00	2007-12-11 23:47:00	2007-12-11 23:50:00	B2.7	10978.0	POINT(0 -7)	-7	0	1.0	-119.0
10500	2007-12-12 01:07:00	2007-12-12 01:10:00	2007-12-12 01:20:00	B1.9		POINT(-89 28)	28	-89	-882.0	471.0
10510	2007-12-12 05:26:00	2007-12-12 05:32:00	2007-12-12 05:44:00	B2.4	10978.0	POINT(5 -8)	-8	5	101.0	-146.0
10520	2007-12-12 11:12:00	2007-12-12 11:15:00	2007-12-12 11:18:00	B1.8		POINT(10 -7)	-7	10	174.0	-117.0
10530	2007-12-12 11:37:00	2007-12-12 11:42:00	2007-12-12 11:49:00	B1.8		POINT(9 -9)	-9	9	161.0	-146.0
10540	2007-12-12 13:36:00	2007-12-12 13:40:00	2007-12-12 13:49:00	B2.5		POINT(6 -8)	-8	6	114.0	-130.0
10550	2007-12-12 14:35:00	2007-12-12 14:38:00	2007-12-12 14:43:00	B1.6		POINT(11 -7)	-7	11	201.0	-112.0
10560	2007-12-12 14:54:00	2007-12-12 14:58:00	2007-12-12 15:01:00	B3.1		POINT(89 -2)	-2	89	995.0	-48.0
10570	2007-12-12 16:35:00	2007-12-12 16:39:00	2007-12-12 16:53:00	B1.3		POINT(13 -10)	-10	13	219.0	-167.0
10580	2007-12-12 16:56:00	2007-12-12 17:04:00	2007-12-12 17:10:00	B2.2		POINT(89 -2)	-2	89	995.0	-48.0
10590	2007-12-12 18:00:00	2007-12-12 18:05:00	2007-12-12 18:10:00	B3.5	10978.0	POINT(13 -7)	-7	13	235.0	-120.0
10600	2007-12-12 22:21:00	2007-12-12 22:31:00	2007-12-12 22:36:00	B4.7	10978.0	POINT(14 -8)	-8	14	243.0	-141.0
10610	2007-12-13 00:42:00	2007-12-13 00:48:00	2007-12-13 00:50:00	B5.9	10978.0	POINT(13 -9)	-9	13	230.0	-146.0
10620	2007-12-13 01:01:00	2007-12-13 01:04:00	2007-12-13 01:08:00	B7.8	10978.0	POINT(89 -2)	-2	89	995.0	-48.0
10630	2007-12-13 01:22:00	2007-12-13 01:25:00	2007-12-13 01:28:00	B4.3		POINT(16 -8)	-8	16	269.0	-143.0
10640	2007-12-13 02:15:00	2007-12-13 02:19:00	2007-12-13 02:22:00	B2.1		POINT(13 -9)	-9	13	224.0	-151.0
10650	2007-12-13 03:37:00	2007-12-13 04:04:00	2007-12-13 04:13:00	B7.6	10978.0	POINT(15 -10)	-10	15	264.0	-177.0
10660	2007-12-13 04:32:00	2007-12-13 04:37:00	2007-12-13 04:43:00	B4.6	10978.0	POINT(17 -10)	-10	17	298.0	-172.0
10670	2007-12-13 05:06:00	2007-12-13 05:11:00	2007-12-13 05:17:00	B3.5	10978.0	POINT(17 -8)	-8	17	293.0	-127.0
10680	2007-12-13 05:56:00	2007-12-13 05:59:00	2007-12-13 06:04:00	B3.3	10978.0	POINT(15 -9)	-9	15	259.0	-156.0
10690	2007-12-13 08:39:00	2007-12-13 08:45:00	2007-12-13 08:50:00	B4.9	10978.0	POINT(17 -11)	-11	17	298.0	-180.0
10700	2007-12-13 09:22:00	2007-12-13 09:27:00	2007-12-13 09:32:00	B2.7	10978.0	POINT(-57 26)	26	-57	-748.0	445.0
10710	2007-12-13 09:39:00	2007-12-13 10:03:00	2007-12-13 10:09:00	C4.5	10978.0	POINT(19 -7)	-7	19	332.0	-114.0
10720	2007-12-13 11:37:00	2007-12-13 11:47:00	2007-12-13 11:52:00	B2.2		POINT(18 -10)	-10	18	306.0	-162.0
10730	2007-12-13 12:46:00	2007-12-13 12:54:00	2007-12-13 13:00:00	B2.1		POINT(21 -9)	-9	21	356.0	-148.0
10740	2007-12-13 13:01:00	2007-12-13 13:06:00	2007-12-13 13:13:00	B4.4		POINT(21 -9)	-9	21	356.0	-148.0
10750	2007-12-13 13:24:00	2007-12-13 13:28:00	2007-12-13 13:32:00	B2.7		POINT(22 -8)	-8	22	377.0	-143.0
10760	2007-12-13 13:39:00	2007-12-13 13:47:00	2007-12-13 13:54:00	B6.6		POINT(26 -10)	-10	26	429.0	-175.0
10770	2007-12-13 13:59:00	2007-12-13 14:06:00	2007-12-13 14:12:00	C1.0		POINT(19 -9)	-9	19	324.0	-156.0
10780	2007-12-13 17:26:00	2007-12-13 17:32:00	2007-12-13 17:37:00	B2.7		POINT(26 -12)	-12	26	427.0	-196.0
10790	2007-12-13 20:12:00	2007-12-13 20:16:00	2007-12-13 20:19:00	B1.6		POINT(24 -8)	-8	24	406.0	-130.0
10800	2007-12-13 21:52:00	2007-12-13 22:00:00	2007-12-13 22:19:00	C1.7	10978.0	POINT(25 -6)	-6	25	424.0	-109.0
10810	2007-12-14 01:35:00	2007-12-14 01:39:00	2007-12-14 01:41:00	B9.6	10978.0	POINT(28 -9)	-9	28	472.0	-156.0
10820	2007-12-14 07:45:00	2007-12-14 08:03:00	2007-12-14 08:13:00	B6.0	10978.0	POINT(32 -7)	-7	32	527.0	-109.0
10830	2007-12-14 08:13:00	2007-12-14 08:31:00	2007-12-14 08:44:00	C1.1	10978.0	POINT(32 -7)	-7	32	532.0	-109.0
10840	2007-12-14 10:44:00	2007-12-14 10:47:00	2007-12-14 10:49:00	B1.3		POINT(-20 5)	5	-20	-347.0	114.0
10850	2007-12-14 12:03:00	2007-12-14 12:08:00	2007-12-14 12:15:00	B1.6		POINT(33 -7)	-7	33	535.0	-125.0
10860	2007-12-14 14:11:00	2007-12-14 14:16:00	2007-12-14 14:21:00	C1.1		POINT(52 -2)	-2	52	771.0	-32.0
10870	2007-12-14 15:11:00	2007-12-14 15:22:00	2007-12-14 15:48:00	B8.8	10978.0	POINT(34 -7)	-7	34	558.0	-114.0
10880	2007-12-14 19:19:00	2007-12-14 19:26:00	2007-12-14 19:33:00	B1.9		POINT(-21 20)	20	-21	-328.0	360.0
10890	2007-12-14 21:55:00	2007-12-14 22:21:00	2007-12-14 22:31:00	B2.5		POINT(44 -6)	-6	44	685.0	-109.0
10900	2007-12-15 09:03:00	2007-12-15 09:23:00	2007-12-15 09:35:00	B3.8		POINT(-89 -7)	-7	-89	-995.0	-135.0
10910	2007-12-15 17:21:00	2007-12-15 17:32:00	2007-12-15 17:43:00	B2.8		POINT(46 -30)	-30	46	616.0	-496.0
10920	2007-12-15 20:52:00	2007-12-15 20:56:00	2007-12-15 21:01:00	B2.1		POINT(-89 19)	19	-89	-948.0	327.0
10930	2007-12-15 22:12:00	2007-12-15 22:16:00	2007-12-15 22:22:00	B1.2		POINT(51 -8)	-8	51	766.0	-135.0
10940	2007-12-16 00:31:00	2007-12-16 00:37:00	2007-12-16 00:46:00	B1.4		POINT(-89 18)	18	-89	-950.0	321.0
10950	2007-12-16 03:49:00	2007-12-16 03:55:00	2007-12-16 04:03:00	C1.2		POINT(56 -8)	-8	56	819.0	-133.0
10960	2007-12-16 06:20:00	2007-12-16 06:23:00	2007-12-16 06:25:00	B1.8		POINT(-89 25)	25	-89	-903.0	434.0
10970	2007-12-16 08:36:00	2007-12-16 08:40:00	2007-12-16 08:42:00	B1.4		POINT(57 -8)	-8	57	824.0	-133.0
10980	2007-12-16 15:55:00	2007-12-16 15:59:00	2007-12-16 16:02:00	B1.4		POINT(89 -3)	-3	89	995.0	-59.0
10990	2007-12-16 20:27:00	2007-12-16 20:31:00	2007-12-16 20:35:00	B1.7		POINT(67 -9)	-9	67	898.0	-148.0
11000	2007-12-16 22:16:00	2007-12-16 22:21:00	2007-12-16 22:27:00	B1.2		POINT(89 -8)	-8	89	987.0	-148.0
11010	2007-12-17 00:10:00	2007-12-17 00:47:00	2007-12-17 00:52:00	B3.7		POINT(89 -9)	-9	89	984.0	-159.0
11020	2007-12-17 02:18:00	2007-12-17 02:22:00	2007-12-17 02:26:00	B1.5		POINT(89 -9)	-9	89	984.0	-159.0
11030	2007-12-17 03:28:00	2007-12-17 03:35:00	2007-12-17 03:55:00	B2.6		POINT(89 -8)	-8	89	987.0	-146.0
11040	2007-12-17 05:54:00	2007-12-17 06:01:00	2007-12-17 06:07:00	B2.5		POINT(89 -8)	-8	89	987.0	-143.0
11050	2007-12-17 06:47:00	2007-12-17 07:16:00	2007-12-17 07:26:00	C2.2	10978.0	POINT(89 -8)	-8	89	987.0	-143.0
11060	2007-12-17 18:02:00	2007-12-17 18:28:00	2007-12-17 18:43:00	B5.4		POINT(89 -9)	-9	89	984.0	-156.0
11070	2007-12-17 20:30:00	2007-12-17 20:35:00	2007-12-17 20:37:00	B3.8		POINT(89 -8)	-8	89	987.0	-141.0
11080	2007-12-17 20:58:00	2007-12-17 21:01:00	2007-12-17 21:05:00	B1.6		POINT(89 -8)	-8	89	987.0	-141.0
11090	2007-12-17 21:06:00	2007-12-17 21:10:00	2007-12-17 21:13:00	B4.3		POINT(89 -8)	-8	89	987.0	-141.0
11100	2007-12-17 21:20:00	2007-12-17 21:25:00	2007-12-17 21:31:00	B3.6		POINT(81 -13)	-13	81	945.0	-233.0
11110	2007-12-17 22:26:00	2007-12-17 23:07:00	2007-12-17 23:11:00	B8.9		POINT(89 -8)	-8	89	987.0	-141.0
11120	2007-12-17 23:53:00	2007-12-18 00:04:00	2007-12-18 00:14:00	B5.7		POINT(89 -8)	-8	89	987.0	-143.0
11130	2007-12-18 01:07:00	2007-12-18 01:12:00	2007-12-18 01:16:00	B7.9		POINT(89 -8)	-8	89	987.0	-146.0
11140	2007-12-18 01:30:00	2007-12-18 01:34:00	2007-12-18 01:36:00	B2.4		POINT(89 -8)	-8	89	987.0	-149.0
11150	2007-12-18 02:34:00	2007-12-18 02:37:00	2007-12-18 02:39:00	B1.9		POINT(89 -9)	-9	89	984.0	-162.0
11160	2007-12-18 02:46:00	2007-12-18 02:50:00	2007-12-18 02:54:00	B1.4		POINT(76 -2)	-2	76	949.0	-38.0
11170	2007-12-18 03:42:00	2007-12-18 03:45:00	2007-12-18 03:48:00	B1.3		POINT(89 -8)	-8	89	987.0	-151.0
11180	2007-12-18 03:49:00	2007-12-18 03:53:00	2007-12-18 03:55:00	B1.5		POINT(89 -8)	-8	89	976.0	-151.0
11190	2007-12-18 04:25:00	2007-12-18 04:29:00	2007-12-18 04:31:00	B2.2		POINT(89 -6)	-6	89	992.0	-106.0
11200	2007-12-18 06:33:00	2007-12-18 06:43:00	2007-12-18 06:53:00	B3.6		POINT(89 -8)	-8	89	987.0	-143.0
11210	2007-12-18 06:54:00	2007-12-18 07:01:00	2007-12-18 07:08:00	B3.8		POINT(89 -7)	-7	89	990.0	-135.0
11220	2007-12-18 08:55:00	2007-12-18 09:00:00	2007-12-18 09:10:00	B1.8		POINT(89 -8)	-8	89	987.0	-141.0
11230	2007-12-18 09:36:00	2007-12-18 09:40:00	2007-12-18 09:44:00	B2.9		POINT(89 -10)	-10	89	1034.0	-185.0
11240	2007-12-18 09:54:00	2007-12-18 10:00:00	2007-12-18 10:03:00	B2.5		POINT(89 -9)	-9	89	984.0	-156.0
11250	2007-12-18 10:28:00	2007-12-18 10:38:00	2007-12-18 10:44:00	B1.5		POINT(88 -8)	-8	88	974.0	-143.0
11260	2007-12-18 13:08:00	2007-12-18 13:20:00	2007-12-18 13:29:00	C2.1		POINT(89 -6)	-6	89	992.0	-117.0
11270	2007-12-18 14:30:00	2007-12-18 14:34:00	2007-12-18 14:38:00	B6.3		POINT(89 -8)	-8	89	974.0	-151.0
11280	2007-12-18 14:47:00	2007-12-18 14:52:00	2007-12-18 14:56:00	C1.1		POINT(89 -7)	-7	89	990.0	-135.0
11290	2007-12-18 15:18:00	2007-12-18 15:24:00	2007-12-18 15:39:00	B8.4	10978.0	POINT(89 -7)	-7	89	990.0	-125.0
11300	2007-12-18 17:41:00	2007-12-18 17:47:00	2007-12-18 17:52:00	B5.7		POINT(89 -8)	-8	89	992.0	-141.0
11310	2007-12-18 18:18:00	2007-12-18 18:22:00	2007-12-18 18:27:00	B5.8		POINT(89 -8)	-8	89	976.0	-154.0
11320	2007-12-18 18:27:00	2007-12-18 18:31:00	2007-12-18 18:34:00	B7.6		POINT(89 -8)	-8	89	976.0	-154.0
11330	2007-12-18 19:07:00	2007-12-18 19:15:00	2007-12-18 19:21:00	C1.6		POINT(89 -8)	-8	89	990.0	-149.0
11340	2007-12-18 22:35:00	2007-12-18 22:39:00	2007-12-18 22:42:00	B2.2		POINT(89 -9)	-9	89	990.0	-162.0
11350	2007-12-19 00:36:00	2007-12-19 00:46:00	2007-12-19 00:53:00	B5.4		POINT(89 -10)	-10	89	979.0	-185.0
11360	2007-12-19 01:37:00	2007-12-19 01:43:00	2007-12-19 01:46:00	B2.1		POINT(89 -9)	-9	89	992.0	-170.0
11370	2007-12-19 03:01:00	2007-12-19 03:05:00	2007-12-19 03:11:00	B2.0		POINT(55 55)	55	55	456.0	824.0
11380	2007-12-19 06:30:00	2007-12-19 07:32:00	2007-12-19 07:53:00	B2.9		POINT(52 13)	13	52	763.0	250.0
11390	2007-12-20 01:38:00	2007-12-20 02:51:00	2007-12-20 04:05:00	A5.7		POINT(-55 -7)	-7	-55	-808.0	-112.0
11400	2007-12-30 19:32:00	2007-12-30 20:05:00	2007-12-30 20:19:00	C1.7		POINT(-89 -8)	-8	-89	-903.0	-104.0
11410	2007-12-31 00:37:00	2007-12-31 01:11:00	2007-12-31 01:45:00	C8.3		POINT(-81 -8)	-8	-81	-964.0	-146.0
11420	2007-12-31 11:58:00	2007-12-31 12:02:00	2007-12-31 12:07:00	B1.5		POINT(-89 -10)	-10	-89	-990.0	-175.0
11430	2007-12-31 12:58:00	2007-12-31 13:05:00	2007-12-31 13:10:00	B3.8		POINT(-89 -10)	-10	-89	-990.0	-175.0
11440	2007-12-31 19:56:00	2007-12-31 19:59:00	2007-12-31 20:04:00	B1.0		POINT(-89 -6)	-6	-89	-990.0	-115.0
11450	2008-01-01 00:06:00	2008-01-01 00:26:00	2008-01-01 00:40:00	B7.0		POINT(-89 -8)	-8	-89	-977.0	-151.0
11460	2008-01-01 04:31:00	2008-01-01 04:48:00	2008-01-01 05:32:00	B3.6		POINT(-89 -7)	-7	-89	-979.0	-125.0
11470	2008-01-01 06:27:00	2008-01-01 06:34:00	2008-01-01 06:45:00	B4.2		POINT(-89 -5)	-5	-89	-982.0	-101.0
11480	2008-01-01 08:59:00	2008-01-01 09:07:00	2008-01-01 09:18:00	B2.8		POINT(-89 -7)	-7	-89	-977.0	-130.0
11490	2008-01-01 11:17:00	2008-01-01 11:23:00	2008-01-01 11:28:00	B2.2		POINT(-80 -7)	-7	-80	-964.0	-122.0
11500	2008-01-01 12:48:00	2008-01-01 12:57:00	2008-01-01 13:09:00	B1.5		POINT(-81 -8)	-8	-81	-964.0	-138.0
11510	2008-01-01 13:57:00	2008-01-01 14:03:00	2008-01-01 14:18:00	B3.5		POINT(-80 -7)	-7	-80	-964.0	-128.0
11520	2008-01-01 15:30:00	2008-01-01 15:37:00	2008-01-01 15:46:00	C1.1	10980.0	POINT(-81 -8)	-8	-81	-966.0	-130.0
11530	2008-01-02 07:55:00	2008-01-02 09:58:00	2008-01-02 11:55:00	C1.3		POINT(-75 -7)	-7	-75	-948.0	-107.0
11540	2008-01-04 03:05:00	2008-01-04 03:12:00	2008-01-04 03:19:00	B1.8		POINT(-48 -9)	-9	-48	-729.0	-133.0
11550	2008-01-07 02:26:00	2008-01-07 02:32:00	2008-01-07 02:45:00	B1.2		POINT(8 27)	27	8	122.0	516.0
11560	2008-01-07 05:08:00	2008-01-07 05:23:00	2008-01-07 05:52:00	A8.4		POINT(-3 -9)	-9	-3	-56.0	-96.0
11570	2008-01-07 14:49:00	2008-01-07 15:27:00	2008-01-07 15:56:00	C1.4	10980.0	POINT(3 -10)	-10	3	61.0	-112.0
11580	2008-01-10 16:15:00	2008-01-10 19:08:00	2008-01-10 19:20:00	A3.8		POINT(58 28)	28	58	740.0	505.0
11590	2008-01-12 18:13:00	2008-01-12 18:19:00	2008-01-12 18:52:00	A3.8		POINT(30 -6)	-6	30	491.0	-56.0
11600	2008-01-24 12:09:00	2008-01-24 12:30:00	2008-01-24 13:37:00	A1.0		POINT(-88 -18)	-18	-88	-943.0	-307.0
11610	2008-01-29 17:28:00	2008-01-29 17:34:00	2008-01-29 17:43:00	B1.2	10982.0	POINT(-59 -9)	-9	-59	-826.0	-118.0
11620	2008-01-30 18:20:00	2008-01-30 18:46:00	2008-01-30 19:14:00	A3.0		POINT(-41 -11)	-11	-41	-644.0	-122.0
11630	2008-01-12 18:13:00	2008-01-12 18:19:00	2008-01-12 18:52:00	A3.8		POINT(30 -6)	-6	30	491.0	-56.0
11640	2008-01-24 12:09:00	2008-01-24 12:30:00	2008-01-24 13:37:00	A1.0		POINT(-88 -18)	-18	-88	-943.0	-307.0
11650	2008-01-29 17:28:00	2008-01-29 17:34:00	2008-01-29 17:43:00	B1.2	10982.0	POINT(-59 -9)	-9	-59	-826.0	-118.0
11660	2008-01-30 18:20:00	2008-01-30 18:46:00	2008-01-30 19:14:00	A3.0		POINT(-41 -11)	-11	-41	-644.0	-122.0
11670	2008-02-08 07:00:00	2008-02-08 07:08:00	2008-02-08 07:22:00	A3.6		POINT(63 -9)	-9	63	873.0	-109.0
11680	2008-02-28 23:20:00	2008-02-29 00:55:00	2008-02-29 01:25:00	A6.9		POINT(89 -3)	-3	89	980.0	-64.0
11690	2008-03-05 14:26:00	2008-03-05 14:29:00	2008-03-05 14:37:00	A8.3		POINT(89 -5)	-5	89	965.0	-89.0
11700	2008-03-07 19:32:00	2008-03-07 20:08:00	2008-03-07 20:34:00	A1.4		POINT(73 -15)	-15	73	906.0	-222.0
11710	2008-03-11 05:50:00	2008-03-11 05:57:00	2008-03-11 06:04:00	B5.9	10985.0	POINT(86 -9)	-9	86	959.0	-159.0
11720	2008-03-11 13:40:00	2008-03-11 13:58:00	2008-03-11 14:28:00	A8.4		POINT(-64 8)	8	-64	-871.0	192.0
11730	2008-03-24 01:17:00	2008-03-24 01:20:00	2008-03-24 01:23:00	B1.7		POINT(-75 -7)	-7	-75	-936.0	-90.0
11740	2008-03-24 02:37:00	2008-03-24 02:44:00	2008-03-24 02:53:00	B5.1	10987.0	POINT(-47 -6)	-6	-47	-710.0	-32.0
11750	2008-03-24 03:00:00	2008-03-24 03:05:00	2008-03-24 03:07:00	B4.2		POINT(-47 -8)	-8	-47	-710.0	-69.0
11760	2008-03-24 04:50:00	2008-03-24 04:55:00	2008-03-24 04:59:00	B1.7		POINT(-45 -6)	-6	-45	-694.0	-32.0
11770	2008-03-24 07:59:00	2008-03-24 08:18:00	2008-03-24 08:34:00	B3.3		POINT(-70 -7)	-7	-70	-910.0	-90.0
11780	2008-03-24 10:13:00	2008-03-24 10:17:00	2008-03-24 10:21:00	B1.1		POINT(-47 -6)	-6	-47	-715.0	-27.0
11790	2008-03-24 14:03:00	2008-03-24 14:10:00	2008-03-24 14:12:00	B2.6	10988.0	POINT(-66 -7)	-7	-66	-886.0	-77.0
11800	2008-03-24 16:13:00	2008-03-24 16:18:00	2008-03-24 16:27:00	B1.2		POINT(-39 -8)	-8	-39	-615.0	-61.0
11810	2008-03-24 17:18:00	2008-03-24 17:21:00	2008-03-24 17:23:00	B1.3		POINT(-15 -8)	-8	-15	-254.0	-39.0
11820	2008-03-24 19:47:00	2008-03-24 19:51:00	2008-03-24 19:53:00	B1.9		POINT(-36 -6)	-6	-36	-581.0	-17.0
11830	2008-03-25 04:49:00	2008-03-25 04:56:00	2008-03-25 05:04:00	B4.7		POINT(-89 -9)	-9	-89	-970.0	-169.0
11840	2008-03-25 07:52:00	2008-03-25 08:02:00	2008-03-25 08:11:00	B1.8		POINT(-32 -10)	-10	-32	-520.0	-72.0
11850	2008-03-25 11:18:00	2008-03-25 11:25:00	2008-03-25 11:32:00	B1.7		POINT(-54 -6)	-6	-54	-786.0	-45.0
11860	2008-03-25 14:49:00	2008-03-25 14:52:00	2008-03-25 14:54:00	B2.3		POINT(-62 -13)	-13	-62	-832.0	-179.0
11870	2008-03-25 17:34:00	2008-03-25 17:38:00	2008-03-25 17:41:00	B2.1		POINT(10 27)	27	10	149.0	553.0
11880	2008-03-25 18:26:00	2008-03-25 18:29:00	2008-03-25 18:31:00	B1.8	10988.0	POINT(-85 -10)	-10	-85	-952.0	-169.0
11890	2008-03-25 18:36:00	2008-03-25 18:56:00	2008-03-25 19:13:00	M1.7	10989.0	POINT(-82 -10)	-10	-82	-946.0	-164.0
11900	2008-03-26 11:21:00	2008-03-26 11:25:00	2008-03-26 11:30:00	B1.8		POINT(-39 -8)	-8	-39	-607.0	-56.0
11910	2008-03-26 18:51:00	2008-03-26 19:19:00	2008-03-26 19:26:00	B1.3		POINT(-34 -7)	-7	-34	-552.0	-30.0
11920	2008-03-26 21:12:00	2008-03-26 21:29:00	2008-03-26 21:40:00	B7.6	10988.0	POINT(-31 -5)	-5	-31	-513.0	1.0
11930	2008-03-27 02:27:00	2008-03-27 02:36:00	2008-03-27 02:52:00	B1.9		POINT(-30 -6)	-6	-30	-486.0	-3.0
11940	2008-03-27 05:17:00	2008-03-27 05:20:00	2008-03-27 05:32:00	B1.0		POINT(-28 -6)	-6	-28	-468.0	-14.0
11950	2008-03-27 16:27:00	2008-03-27 16:36:00	2008-03-27 16:49:00	B4.8	10987.0	POINT(-22 -4)	-4	-22	-365.0	27.0
11960	2008-03-28 09:39:00	2008-03-28 09:44:00	2008-03-28 09:48:00	B1.6		POINT(10 -9)	-9	10	170.0	-56.0
11970	2008-03-28 11:49:00	2008-03-28 12:03:00	2008-03-28 12:16:00	B1.6		POINT(-45 -13)	-13	-45	-678.0	-148.0
11980	2008-03-28 14:00:00	2008-03-28 14:06:00	2008-03-28 14:12:00	B1.2		POINT(13 -8)	-8	13	228.0	-27.0
11990	2008-03-29 00:23:00	2008-03-29 00:47:00	2008-03-29 00:58:00	B3.1		POINT(-35 -11)	-11	-35	-560.0	-101.0
12000	2008-03-29 07:18:00	2008-03-29 07:22:00	2008-03-29 07:26:00	B1.3		POINT(23 -7)	-7	23	383.0	-24.0
12010	2008-03-30 05:59:00	2008-03-30 06:21:00	2008-03-30 06:45:00	B1.3		POINT(-22 -13)	-13	-22	-355.0	-127.0
12020	2008-03-30 06:00:00	2008-03-30 06:25:00	2008-03-30 06:48:00	B1.2		POINT(-22 -13)	-13	-22	-355.0	-127.0
12030	2008-03-30 17:32:00	2008-03-30 17:37:00	2008-03-30 17:44:00	B1.4		POINT(44 -6)	-6	44	683.0	-27.0
12040	2008-03-31 05:28:00	2008-03-31 05:34:00	2008-03-31 05:40:00	B2.4	10988.0	POINT(-24 0)	0	-24	-406.0	112.0
12050	2008-04-01 00:16:00	2008-04-01 00:26:00	2008-04-01 00:33:00	B3.0	10989.0	POINT(3 -9)	-9	3	62.0	-43.0
12060	2008-04-01 20:17:00	2008-04-01 20:20:00	2008-04-01 20:22:00	B1.0	10989.0	POINT(15 -10)	-10	15	257.0	-64.0
12070	2008-04-02 16:43:00	2008-04-02 16:56:00	2008-04-02 17:07:00	B1.0		POINT(37 10)	10	37	575.0	264.0
12080	2008-04-02 20:02:00	2008-04-02 20:12:00	2008-04-02 20:16:00	B1.1		POINT(27 -11)	-11	27	436.0	-101.0
12090	2008-04-02 23:39:00	2008-04-02 23:47:00	2008-04-02 23:55:00	B2.0		POINT(89 -8)	-8	89	980.0	-145.0
12100	2008-04-03 01:12:00	2008-04-03 01:24:00	2008-04-03 01:36:00	C1.2		POINT(33 -10)	-10	33	533.0	-85.0
12110	2008-04-03 02:18:00	2008-04-03 02:27:00	2008-04-03 02:35:00	C1.2		POINT(62 -8)	-8	62	854.0	-101.0
12120	2008-04-03 05:55:00	2008-04-03 05:59:00	2008-04-03 06:12:00	B1.2		POINT(65 -8)	-8	65	873.0	-98.0
12130	2008-04-03 15:27:00	2008-04-03 15:31:00	2008-04-03 15:33:00	B1.0		POINT(37 -12)	-12	37	575.0	-116.0
12140	2008-04-03 15:51:00	2008-04-03 15:57:00	2008-04-03 16:00:00	B2.9	10989.0	POINT(37 -12)	-12	37	577.0	-125.0
12150	2008-04-03 19:44:00	2008-04-03 19:51:00	2008-04-03 19:58:00	B1.9		POINT(43 -13)	-13	43	644.0	-153.0
12160	2008-04-03 20:20:00	2008-04-03 20:24:00	2008-04-03 20:28:00	B2.3	10989.0	POINT(44 -13)	-13	44	659.0	-159.0
12170	2008-04-04 01:47:00	2008-04-04 01:57:00	2008-04-04 02:08:00	B5.0		POINT(75 -9)	-9	75	928.0	-132.0
12180	2008-04-04 14:57:00	2008-04-04 15:01:00	2008-04-04 15:05:00	B1.2		POINT(53 -11)	-11	53	765.0	-132.0
12190	2008-04-04 18:06:00	2008-04-04 18:10:00	2008-04-04 18:14:00	B2.7	10989.0	POINT(55 -11)	-11	55	780.0	-137.0
12200	2008-04-05 11:02:00	2008-04-05 11:06:00	2008-04-05 11:10:00	B1.3		POINT(59 -13)	-13	59	812.0	-180.0
12210	2008-04-05 14:30:00	2008-04-05 15:51:00	2008-04-05 17:00:00	A3.2		POINT(74 -12)	-12	74	912.0	-180.0
12220	2008-04-16 06:31:00	2008-04-16 06:34:00	2008-04-16 06:37:00	B2.1		POINT(-1 27)	27	-1	-18.0	530.0
12230	2008-04-17 08:00:00	2008-04-17 09:10:00	2008-04-17 10:00:00	A3.7		POINT(12 29)	29	12	185.0	541.0
12240	2008-04-22 12:45:00	2008-04-22 13:05:00	2008-04-22 13:24:00	A1.6		POINT(-2 13)	13	-2	-46.0	300.0
12250	2008-04-23 13:25:00	2008-04-23 13:34:00	2008-04-23 13:45:00	A6.0		POINT(-51 7)	7	-51	-749.0	182.0
12260	2008-04-23 14:57:00	2008-04-23 15:06:00	2008-04-23 15:16:00	A2.3		POINT(-51 9)	9	-51	-740.0	207.0
12270	2008-04-24 04:14:00	2008-04-24 04:21:00	2008-04-24 04:30:00	A3.0		POINT(-43 9)	9	-43	-659.0	211.0
12280	2008-04-24 13:51:00	2008-04-24 14:03:00	2008-04-24 14:24:00	A3.1		POINT(-40 10)	10	-40	-612.0	237.0
12290	2008-04-24 14:28:00	2008-04-24 14:42:00	2008-04-24 15:45:00	B1.0		POINT(-36 7)	7	-36	-572.0	195.0
12300	2008-04-24 22:34:00	2008-04-24 22:53:00	2008-04-24 23:04:00	A1.6		POINT(-33 8)	8	-33	-523.0	201.0
12310	2008-04-26 13:54:00	2008-04-26 14:08:00	2008-04-26 14:38:00	B3.8		POINT(-8 8)	8	-8	-136.0	216.0
12320	2008-05-11 18:15:00	2008-05-11 18:25:00	2008-05-11 18:35:00	A1.7		POINT(-90 -4)	-4	-90	-949.0	-99.0
12330	2008-05-12 04:39:00	2008-05-12 04:44:00	2008-05-12 05:26:00	A9.3		POINT(-89 -9)	-9	-89	-996.0	-166.0
12340	2008-05-12 10:59:00	2008-05-12 11:09:00	2008-05-12 11:25:00	A2.9		POINT(-89 -6)	-6	-89	-975.0	-113.0
12350	2008-05-12 12:11:00	2008-05-12 12:19:00	2008-05-12 12:38:00	A9.6		POINT(-89 -7)	-7	-89	1022.0	-139.0
12360	2008-05-12 15:19:00	2008-05-12 15:26:00	2008-05-12 15:40:00	B1.0		POINT(63 -19)	-19	63	810.0	-300.0
12370	2008-05-12 16:57:00	2008-05-12 17:02:00	2008-05-12 17:06:00	B1.4		POINT(62 -21)	-21	62	794.0	-337.0
12380	2008-05-12 21:27:00	2008-05-12 21:31:00	2008-05-12 21:35:00	B1.4		POINT(-89 -7)	-7	-89	-964.0	-134.0
12390	2008-05-16 08:47:00	2008-05-16 08:56:00	2008-05-16 09:10:00	A5.3		POINT(-68 7)	7	-68	-883.0	138.0
12400	2008-05-16 10:13:00	2008-05-16 10:21:00	2008-05-16 10:30:00	A6.1		POINT(-66 6)	6	-66	-865.0	131.0
12410	2008-05-17 10:05:00	2008-05-17 10:16:00	2008-05-17 10:32:00	B1.7		POINT(-24 -9)	-9	-24	-385.0	-116.0
12420	2008-05-20 22:31:00	2008-05-20 22:41:00	2008-05-20 22:48:00	A3.9		POINT(51 -12)	-12	51	724.0	-192.0
12430	2008-06-14 23:22:00	2008-06-14 23:31:00	2008-06-15 00:30:00	A4.6		POINT(2 -9)	-9	2	38.0	-168.0
12440	2008-10-06 02:47:00	2008-10-06 02:50:00	2008-10-06 02:58:00	A6.4		POINT(-14 -23)	-23	-14	-199.0	-450.0
12450	2008-10-14 12:02:00	2008-10-14 12:21:00	2008-10-14 12:30:00	A1.4		POINT(-75 34)	34	-75	-766.0	524.0
12460	2008-10-17 01:06:00	2008-10-17 01:11:00	2008-10-17 01:29:00	A3.5		POINT(80 -26)	-26	80	848.0	-443.0
12470	2008-10-18 11:54:00	2008-10-18 12:00:00	2008-10-18 12:19:00	A9.3		POINT(86 -25)	-25	86	872.0	-427.0
12480	2008-11-02 13:22:00	2008-11-02 13:28:00	2008-11-02 13:38:00	B2.7		POINT(16 37)	37	16	212.0	536.0
12490	2008-11-02 14:36:00	2008-11-02 14:40:00	2008-11-02 14:44:00	B1.5		POINT(17 36)	36	17	241.0	532.0
12500	2008-11-02 15:02:00	2008-11-02 15:05:00	2008-11-02 15:07:00	B7.2	11007.0	POINT(22 34)	34	22	307.0	500.0
12510	2008-11-02 20:12:00	2008-11-02 20:15:00	2008-11-02 20:17:00	B5.7	11007.0	POINT(25 35)	35	25	344.0	511.0
12520	2008-11-03 03:04:00	2008-11-03 03:13:00	2008-11-03 03:24:00	A5.0		POINT(24 35)	35	24	325.0	521.0
12530	2008-11-04 01:48:00	2008-11-04 02:00:00	2008-11-04 02:37:00	A7.1		POINT(39 34)	34	39	512.0	504.0
12540	2008-11-04 03:17:00	2008-11-04 03:30:00	2008-11-04 03:36:00	C1.0	11007.0	POINT(45 37)	37	45	552.0	545.0
12550	2008-11-04 05:37:00	2008-11-04 05:41:00	2008-11-04 05:44:00	B1.0		POINT(-50 -9)	-9	-50	-739.0	-208.0
12560	2008-11-05 12:52:00	2008-11-05 12:56:00	2008-11-05 13:03:00	B3.4		POINT(57 36)	36	57	659.0	556.0
12570	2008-11-05 23:44:00	2008-11-05 23:46:00	2008-11-05 23:49:00	A8.4		POINT(60 35)	35	60	683.0	538.0
12580	2008-11-06 11:16:00	2008-11-06 11:34:00	2008-11-06 12:18:00	A9.3		POINT(72 34)	34	72	770.0	540.0
12590	2008-11-10 20:18:00	2008-11-10 20:31:00	2008-11-10 20:38:00	B3.0	11008.0	POINT(-5 33)	33	-5	-81.0	495.0
12600	2008-11-10 22:15:00	2008-11-10 22:29:00	2008-11-10 22:46:00	A5.1		POINT(-12 30)	30	-12	-175.0	451.0
12610	2008-11-11 08:38:00	2008-11-11 08:39:00	2008-11-11 09:49:00	A5.4		POINT(2 33)	33	2	40.0	492.0
12620	2008-11-12 00:02:00	2008-11-12 00:09:00	2008-11-12 00:25:00	B1.4	11008.0	POINT(11 34)	34	11	165.0	506.0
12630	2008-11-12 08:52:00	2008-11-12 09:23:00	2008-11-12 09:40:00	A4.3		POINT(15 34)	34	15	223.0	511.0
12640	2008-11-12 12:56:00	2008-11-12 13:17:00	2008-11-12 13:36:00	A2.9		POINT(16 35)	35	16	228.0	521.0
12650	2008-11-13 06:23:00	2008-11-13 06:44:00	2008-11-13 06:55:00	A2.1		POINT(27 32)	32	27	380.0	477.0
12660	2008-11-29 09:30:00	2008-11-29 13:20:00	2008-11-29 14:30:00	A3.8		POINT(-89 35)	35	-89	-811.0	586.0
12670	2008-12-10 08:25:00	2008-12-10 08:28:00	2008-12-10 08:32:00	A2.3		POINT(53 -26)	-26	53	717.0	-430.0
12680	2008-12-10 21:34:00	2008-12-10 21:43:00	2008-12-10 21:47:00	A2.2		POINT(87 -24)	-24	87	896.0	-401.0
12690	2008-12-11 04:17:00	2008-12-11 04:31:00	2008-12-11 04:38:00	A1.4		POINT(64 -25)	-25	64	804.0	-422.0
12700	2008-12-11 05:22:00	2008-12-11 05:37:00	2008-12-11 05:50:00	B2.6	11009.0	POINT(64 -26)	-26	64	791.0	-443.0
12710	2008-12-11 07:39:00	2008-12-11 07:43:00	2008-12-11 07:50:00	A3.4		POINT(89 -24)	-24	89	904.0	-403.0
12720	2008-12-11 14:12:00	2008-12-11 14:15:00	2008-12-11 14:17:00	B2.1	11009.0	POINT(75 -27)	-27	75	846.0	-453.0
12730	2008-12-12 01:32:00	2008-12-12 01:42:00	2008-12-12 02:00:00	A2.2		POINT(78 -25)	-25	78	875.0	-414.0
12740	2008-12-12 02:04:00	2008-12-12 02:07:00	2008-12-12 02:18:00	A1.4		POINT(79 -26)	-26	79	870.0	-430.0
12750	2008-12-12 02:24:00	2008-12-12 02:38:00	2008-12-12 03:01:00	A5.4		POINT(89 -28)	-28	89	862.0	-472.0
12760	2008-12-12 03:03:00	2008-12-12 03:19:00	2008-12-12 03:31:00	A3.8		POINT(28 37)	37	28	383.0	600.0
12770	2008-12-12 06:13:00	2008-12-12 06:33:00	2008-12-12 07:06:00	A7.7		POINT(83 -21)	-21	83	907.0	-367.0
12780	2008-12-12 10:13:00	2008-12-12 10:45:00	2008-12-12 12:27:00	A8.7		POINT(89 -22)	-22	89	930.0	-393.0
12790	2009-01-09 06:45:00	2009-01-09 06:50:00	2009-01-09 06:54:00	A1.5		POINT(49 -30)	-30	49	646.0	-462.0
12800	2009-01-09 07:13:00	2009-01-09 07:15:00	2009-01-09 07:20:00	A2.9		POINT(-43 19)	19	-43	-634.0	382.0
12810	2009-01-09 08:09:00	2009-01-09 08:19:00	2009-01-09 08:37:00	A7.7		POINT(-41 19)	19	-41	-615.0	371.0
12820	2009-01-09 23:58:00	2009-01-10 00:03:00	2009-01-10 00:05:00	B4.0	11010.0	POINT(-32 19)	19	-32	-494.0	382.0
12830	2009-01-10 00:47:00	2009-01-10 00:51:00	2009-01-10 00:55:00	B1.2	11010.0	POINT(-33 20)	20	-33	-512.0	392.0
12840	2009-01-10 01:08:00	2009-01-10 01:12:00	2009-01-10 01:20:00	A4.9		POINT(-33 21)	21	-33	-510.0	411.0
12850	2009-01-10 02:33:00	2009-01-10 02:36:00	2009-01-10 02:39:00	B1.0	11010.0	POINT(-30 18)	18	-30	-465.0	376.0
12860	2009-01-10 07:14:00	2009-01-10 07:23:00	2009-01-10 07:35:00	A7.9		POINT(-81 -55)	-55	-81	-548.0	-795.0
12870	2009-01-10 14:06:00	2009-01-10 14:13:00	2009-01-10 14:21:00	A4.3		POINT(69 -30)	-30	69	799.0	-475.0
12880	2009-01-10 14:31:00	2009-01-10 14:36:00	2009-01-10 14:39:00	A1.7		POINT(-24 20)	20	-24	-381.0	411.0
12890	2009-01-10 15:11:00	2009-01-10 15:23:00	2009-01-10 16:08:00	A6.8		POINT(-22 19)	19	-22	-360.0	392.0
12900	2009-01-10 21:04:00	2009-01-10 21:08:00	2009-01-10 21:13:00	A3.6		POINT(-18 20)	20	-18	-296.0	399.0
12910	2009-01-10 21:17:00	2009-01-10 21:21:00	2009-01-10 21:31:00	A7.3		POINT(-19 20)	20	-19	-303.0	399.0
12920	2009-01-12 13:01:00	2009-01-12 13:06:00	2009-01-12 13:13:00	A5.0		POINT(2 19)	19	2	44.0	395.0
12930	2009-01-18 23:31:00	2009-01-18 23:43:00	2009-01-18 23:56:00	A2.8		POINT(-37 28)	28	-37	-534.0	524.0
12940	2009-01-19 15:50:00	2009-01-19 18:23:00	2009-01-19 18:50:00	A4.9		POINT(-33 30)	30	-33	-471.0	566.0
12950	2009-02-10 18:05:00	2009-02-10 18:56:00	2009-02-10 20:15:00	A3.8		POINT(-80 -5)	-5	-80	-956.0	-72.0
12960	2009-02-10 23:00:00	2009-02-10 23:11:00	2009-02-10 23:42:00	B1.3	11012.0	POINT(-78 -4)	-4	-78	-950.0	-45.0
12970	2009-02-11 02:09:00	2009-02-11 02:12:00	2009-02-11 02:18:00	A2.1		POINT(-75 -3)	-3	-75	-941.0	-32.0
12980	2009-02-11 06:29:00	2009-02-11 06:32:00	2009-02-11 06:40:00	A2.9		POINT(-73 -5)	-5	-73	-930.0	-61.0
12990	2009-02-12 16:10:00	2009-02-12 16:19:00	2009-02-12 16:31:00	B4.1	11012.0	POINT(-55 -5)	-5	-55	-800.0	-35.0
13000	2009-02-13 05:35:00	2009-02-13 05:46:00	2009-02-13 06:04:00	B2.3		POINT(-46 -4)	-4	-46	-708.0	-3.0
13010	2009-02-27 07:09:00	2009-02-27 07:14:00	2009-02-27 07:28:00	A3.2		POINT(9 27)	27	9	148.0	554.0
13020	2009-03-26 01:01:00	2009-03-26 01:08:00	2009-03-26 01:24:00	A6.5		POINT(-86 20)	20	-86	-948.0	357.0
13030	2009-03-26 01:38:00	2009-03-26 01:43:00	2009-03-26 01:49:00	B1.8		POINT(0 25)	25	0	-1.0	526.0
13040	2009-03-26 02:12:00	2009-03-26 02:16:00	2009-03-26 02:19:00	B3.5		POINT(-79 23)	23	-79	-879.0	397.0
13050	2009-04-18 03:00:00	2009-04-18 03:06:00	2009-04-18 03:21:00	A1.1		POINT(-3 -10)	-10	-3	-53.0	-87.0
13060	2009-04-23 08:00:00	2009-04-23 10:53:00	2009-04-23 11:00:00	A3.8		POINT(-87 22)	22	-87	-917.0	387.0
13070	2009-04-30 14:39:00	2009-04-30 14:44:00	2009-04-30 15:04:00	A6.0		POINT(75 -9)	-9	75	919.0	-144.0
13080	2009-04-30 21:41:00	2009-04-30 21:49:00	2009-04-30 22:08:00	A3.1		POINT(89 -8)	-8	89	951.0	-144.0
13090	2009-04-30 22:15:00	2009-04-30 22:17:00	2009-04-30 22:28:00	A3.7		POINT(79 -7)	-7	79	935.0	-117.0
13100	2009-05-01 08:54:00	2009-05-01 08:58:00	2009-05-01 09:00:00	B2.2		POINT(89 -9)	-9	89	956.0	-159.0
13110	2009-05-05 07:05:00	2009-05-05 07:55:00	2009-05-05 18:35:00	A3.9		POINT(-87 28)	28	-87	-839.0	466.0
13120	2009-05-06 02:04:00	2009-05-06 04:25:00	2009-05-06 05:25:00	A5.6		POINT(-49 13)	13	-49	-704.0	267.0
13130	2009-05-06 08:35:00	2009-05-06 09:19:00	2009-05-06 12:15:00	A3.8		POINT(-65 20)	20	-65	-811.0	361.0
13140	2009-05-08 21:22:00	2009-05-08 21:27:00	2009-05-08 21:30:00	B1.8		POINT(-88 18)	18	-88	-931.0	308.0
13150	2009-05-09 01:28:00	2009-05-09 01:33:00	2009-05-09 01:37:00	B1.5		POINT(-82 20)	20	-82	-886.0	331.0
13160	2009-05-09 07:13:00	2009-05-09 07:27:00	2009-05-09 07:30:00	A1.7		POINT(-88 13)	13	-88	-947.0	234.0
13170	2009-05-09 08:03:00	2009-05-09 08:19:00	2009-05-09 08:26:00	A6.0		POINT(-88 17)	17	-88	-916.0	297.0
13180	2009-05-10 00:33:00	2009-05-10 00:37:00	2009-05-10 00:44:00	B1.0		POINT(-75 18)	18	-75	-873.0	319.0
13190	2009-05-10 01:29:00	2009-05-10 01:35:00	2009-05-10 01:46:00	A4.5		POINT(-80 15)	15	-80	-910.0	266.0
13200	2009-05-10 03:00:00	2009-05-10 03:04:00	2009-05-10 03:07:00	B1.4		POINT(-76 18)	18	-76	-884.0	318.0
13210	2009-05-10 12:12:00	2009-05-10 12:16:00	2009-05-10 12:21:00	B1.2		POINT(-66 -32)	-32	-66	-739.0	-491.0
13220	2009-05-14 06:18:00	2009-05-14 06:23:00	2009-05-14 06:37:00	A5.9		POINT(-26 16)	16	-26	-412.0	312.0
13230	2009-06-01 18:14:00	2009-06-01 18:56:00	2009-06-01 19:38:00	A9.1		POINT(-34 30)	30	-34	-464.0	489.0
13240	2009-06-02 06:30:00	2009-06-02 06:39:00	2009-06-02 06:47:00	B1.1		POINT(49 -19)	-19	49	687.0	-321.0
13250	2009-06-03 00:05:00	2009-06-03 00:08:00	2009-06-03 00:11:00	B1.0		POINT(-15 25)	25	-15	-233.0	412.0
13260	2009-06-03 03:57:00	2009-06-03 04:22:00	2009-06-03 04:35:00	A5.4		POINT(-15 26)	26	-15	-225.0	428.0
13270	2009-06-03 07:40:00	2009-06-03 07:44:00	2009-06-03 07:51:00	B1.3		POINT(-12 24)	24	-12	-183.0	410.0
13280	2009-06-03 18:31:00	2009-06-03 18:37:00	2009-06-03 18:40:00	B1.5		POINT(-5 26)	26	-5	-85.0	425.0
13290	2009-06-06 03:17:00	2009-06-06 03:23:00	2009-06-06 03:33:00	B2.6		POINT(24 26)	26	24	361.0	423.0
13300	2009-06-22 08:18:00	2009-06-22 08:36:00	2009-06-22 09:18:00	A5.4		POINT(-37 -24)	-24	-37	-522.0	-413.0
13310	2009-06-22 09:52:00	2009-06-22 09:56:00	2009-06-22 10:04:00	A5.9		POINT(-35 -23)	-23	-35	-501.0	-410.0
13320	2009-06-22 11:38:00	2009-06-22 11:40:00	2009-06-22 11:44:00	A2.5		POINT(-33 -24)	-24	-33	-478.0	-416.0
13330	2009-06-26 04:30:00	2009-06-26 10:30:00	2009-06-26 12:00:00	A4.0		POINT(-73 26)	26	-73	-817.0	417.0
13340	2009-06-26 12:25:00	2009-06-26 13:48:00	2009-06-26 14:25:00	A4.0		POINT(50 -28)	-28	50	644.0	-482.0
13350	2009-07-03 21:58:00	2009-07-03 22:01:00	2009-07-03 22:09:00	A6.0		POINT(-13 -24)	-24	-13	-202.0	-445.0
13360	2009-07-03 23:05:00	2009-07-03 23:08:00	2009-07-03 23:10:00	B1.3	11024.0	POINT(-13 -26)	-26	-13	-199.0	-466.0
13370	2009-07-03 23:49:00	2009-07-03 23:54:00	2009-07-03 23:58:00	B3.2	11024.0	POINT(-13 -29)	-29	-13	-191.0	-513.0
13380	2009-07-04 01:02:00	2009-07-04 01:19:00	2009-07-04 01:26:00	B3.6	11024.0	POINT(-13 -26)	-26	-13	-194.0	-466.0
13390	2009-07-04 02:08:00	2009-07-04 02:13:00	2009-07-04 02:20:00	B4.7	11024.0	POINT(-11 -27)	-27	-11	-165.0	-487.0
13400	2009-07-04 02:46:00	2009-07-04 03:04:00	2009-07-04 03:07:00	B3.7		POINT(-14 -28)	-28	-14	-205.0	-501.0
13410	2009-07-04 04:29:00	2009-07-04 04:37:00	2009-07-04 04:42:00	B8.3	11024.0	POINT(-10 -25)	-25	-10	-152.0	-461.0
13420	2009-07-04 06:00:00	2009-07-04 06:06:00	2009-07-04 06:13:00	B2.1	11024.0	POINT(-8 -26)	-26	-8	-128.0	-479.0
13430	2009-07-04 07:48:00	2009-07-04 07:52:00	2009-07-04 07:56:00	B2.8	11024.0	POINT(-8 -27)	-27	-8	-123.0	-492.0
13440	2009-07-04 09:41:00	2009-07-04 09:44:00	2009-07-04 09:46:00	B1.2	11024.0	POINT(-8 -25)	-25	-8	-117.0	-461.0
13450	2009-07-04 11:59:00	2009-07-04 12:07:00	2009-07-04 12:14:00	B3.1	11024.0	POINT(-9 -27)	-27	-9	-133.0	-482.0
13460	2009-07-04 12:31:00	2009-07-04 12:34:00	2009-07-04 12:38:00	B2.0	11024.0	POINT(-6 -25)	-25	-6	-99.0	-466.0
13470	2009-07-04 13:40:00	2009-07-04 13:55:00	2009-07-04 13:57:00	B5.3	11024.0	POINT(-6 -26)	-26	-6	-91.0	-477.0
13480	2009-07-04 15:03:00	2009-07-04 15:08:00	2009-07-04 15:12:00	B4.8	11024.0	POINT(-4 -25)	-25	-4	-65.0	-453.0
13490	2009-07-04 16:11:00	2009-07-04 16:14:00	2009-07-04 16:16:00	B1.5	11024.0	POINT(-6 -27)	-27	-6	-99.0	-482.0
13500	2009-07-04 22:01:00	2009-07-04 22:09:00	2009-07-04 22:15:00	B5.9	11024.0	POINT(-3 -26)	-26	-3	-46.0	-471.0
13510	2009-07-05 00:53:00	2009-07-05 00:56:00	2009-07-05 01:00:00	B1.1		POINT(-59 -10)	-10	-59	-803.0	-200.0
13520	2009-07-05 01:06:00	2009-07-05 01:15:00	2009-07-05 01:29:00	B5.9		POINT(-2 -26)	-26	-2	-28.0	-469.0
13530	2009-07-05 02:08:00	2009-07-05 02:13:00	2009-07-05 02:17:00	B2.2		POINT(0 -25)	-25	0	-4.0	-463.0
13540	2009-07-05 04:41:00	2009-07-05 04:47:00	2009-07-05 04:50:00	B2.3		POINT(0 -30)	-30	0	13.0	-534.0
13550	2009-07-05 04:51:00	2009-07-05 05:01:00	2009-07-05 05:08:00	B2.2		POINT(1 -26)	-26	1	31.0	-469.0
13560	2009-07-05 06:08:00	2009-07-05 06:14:00	2009-07-05 06:21:00	B5.1		POINT(1 -26)	-26	1	29.0	-474.0
13570	2009-07-05 07:07:00	2009-07-05 07:13:00	2009-07-05 07:18:00	C2.7	11024.0	POINT(1 -26)	-26	1	31.0	-471.0
13580	2009-07-05 09:34:00	2009-07-05 09:37:00	2009-07-05 09:50:00	B3.0		POINT(6 -24)	-24	6	102.0	-442.0
13590	2009-07-05 10:53:00	2009-07-05 10:57:00	2009-07-05 11:00:00	B1.2		POINT(4 -25)	-25	4	68.0	-463.0
13600	2009-07-05 11:05:00	2009-07-05 11:09:00	2009-07-05 11:13:00	B5.0		POINT(4 -25)	-25	4	68.0	-463.0
13610	2009-07-05 12:45:00	2009-07-05 12:50:00	2009-07-05 12:55:00	B3.5		POINT(11 -25)	-25	11	176.0	-453.0
13620	2009-07-05 15:42:00	2009-07-05 15:47:00	2009-07-05 16:04:00	B1.4		POINT(2 -26)	-26	2	37.0	-474.0
13630	2009-07-05 16:38:00	2009-07-05 16:49:00	2009-07-05 16:54:00	B1.8		POINT(8 -25)	-25	8	124.0	-458.0
13640	2009-07-05 17:34:00	2009-07-05 17:37:00	2009-07-05 17:46:00	B1.0		POINT(13 -25)	-25	13	202.0	-466.0
13650	2009-07-05 18:55:00	2009-07-05 19:21:00	2009-07-05 19:35:00	A6.8		POINT(12 -24)	-24	12	195.0	-445.0
13660	2009-07-06 02:20:00	2009-07-06 02:26:00	2009-07-06 02:28:00	B1.5		POINT(14 -23)	-23	14	229.0	-434.0
13670	2009-07-06 04:02:00	2009-07-06 04:06:00	2009-07-06 04:09:00	B1.5		POINT(14 -25)	-25	14	221.0	-456.0
13680	2009-07-06 16:59:00	2009-07-06 17:05:00	2009-07-06 17:11:00	C1.0	11024.0	POINT(21 -25)	-25	21	313.0	-461.0
13690	2009-07-07 16:12:00	2009-07-07 17:00:00	2009-07-07 17:45:00	A9.1		POINT(34 -25)	-25	34	494.0	-458.0
13700	2009-07-07 21:58:00	2009-07-07 22:06:00	2009-07-07 22:14:00	B1.2		POINT(42 -25)	-25	42	589.0	-450.0
13710	2009-07-07 23:41:00	2009-07-07 23:44:00	2009-07-07 23:47:00	B1.0		POINT(39 -25)	-25	39	552.0	-450.0
13720	2009-07-08 01:32:00	2009-07-08 01:36:00	2009-07-08 01:39:00	B1.2		POINT(40 -25)	-25	40	560.0	-453.0
13730	2009-07-08 02:50:00	2009-07-08 03:13:00	2009-07-08 03:54:00	B1.8		POINT(45 -24)	-24	45	623.0	-435.0
13740	2009-07-08 05:24:00	2009-07-08 05:29:00	2009-07-08 05:35:00	B4.4		POINT(40 -25)	-25	40	560.0	-458.0
13750	2009-07-10 10:18:00	2009-07-10 10:41:00	2009-07-10 11:12:00	A4.6		POINT(73 -26)	-26	73	818.0	-445.0
13760	2009-07-11 23:21:00	2009-07-11 23:30:00	2009-07-12 00:44:00	A2.4		POINT(87 -25)	-25	87	897.0	-437.0
13770	2009-07-18 01:48:00	2009-07-18 01:59:00	2009-07-18 02:16:00	A2.2		POINT(-20 26)	26	-20	-293.0	360.0
13780	2009-07-23 02:55:00	2009-07-23 05:03:00	2009-07-23 06:00:00	A5.6		POINT(-54 -16)	-16	-54	-741.0	-313.0
13790	2009-08-01 02:00:00	2009-08-01 02:43:00	2009-08-01 04:15:00	A2.9		POINT(-7 -29)	-29	-7	-102.0	-556.0
13800	2009-08-31 05:09:00	2009-08-31 05:31:00	2009-08-31 06:06:00	A1.1		POINT(65 15)	15	65	844.0	207.0
13810	2009-08-31 12:38:00	2009-08-31 14:01:00	2009-08-31 14:39:00	A5.4		POINT(-37 16)	16	-37	-570.0	183.0
13820	2009-09-08 17:01:00	2009-09-08 17:05:00	2009-09-08 17:10:00	B2.2	11025.0	POINT(78 16)	16	78	902.0	246.0
13830	2009-09-15 15:00:00	2009-09-15 15:56:00	2009-09-15 18:00:00	A4.6		POINT(-86 28)	28	-86	-863.0	470.0
13840	2009-09-20 00:32:00	2009-09-20 01:13:00	2009-09-20 01:42:00	A4.9		POINT(-84 -35)	-35	-84	-832.0	-608.0
13850	2009-09-21 12:51:00	2009-09-21 12:56:00	2009-09-21 13:02:00	B1.1	11026.0	POINT(-84 -35)	-35	-84	-795.0	-576.0
13860	2009-09-22 10:54:00	2009-09-22 10:57:00	2009-09-22 11:01:00	B3.6	11026.0	POINT(-68 -33)	-33	-68	-751.0	-565.0
13870	2009-09-22 20:31:00	2009-09-22 20:41:00	2009-09-22 20:47:00	B4.2	11026.0	POINT(-71 -32)	-32	-71	-767.0	-536.0
13880	2009-09-24 00:16:00	2009-09-24 00:20:00	2009-09-24 00:24:00	B1.1	11026.0	POINT(-45 -31)	-31	-45	-596.0	-570.0
13890	2009-09-24 05:43:00	2009-09-24 05:56:00	2009-09-24 06:10:00	A1.8		POINT(-42 -38)	-38	-42	-519.0	-662.0
13900	2009-09-24 06:21:00	2009-09-24 06:42:00	2009-09-24 07:11:00	A3.9		POINT(-8 25)	25	-8	-135.0	307.0
13910	2009-09-24 19:17:00	2009-09-24 19:27:00	2009-09-24 19:42:00	A8.2		POINT(-28 -31)	-31	-28	-388.0	-590.0
13920	2009-09-24 23:41:00	2009-09-24 23:53:00	2009-09-25 00:02:00	B2.6	11026.0	POINT(-30 -36)	-36	-30	-390.0	-651.0
13930	2009-09-25 00:47:00	2009-09-25 01:02:00	2009-09-25 01:16:00	C2.0	11026.0	POINT(-32 -31)	-31	-32	-446.0	-589.0
13940	2009-09-25 08:54:00	2009-09-25 08:58:00	2009-09-25 09:03:00	B1.1	11027.0	POINT(0 23)	23	0	0.0	276.0
13950	2009-09-26 07:47:00	2009-09-26 08:16:00	2009-09-26 08:27:00	A2.6		POINT(-14 -37)	-37	-14	-191.0	-678.0
13960	2009-09-26 12:10:00	2009-09-26 12:21:00	2009-09-26 12:34:00	A2.7		POINT(-8 -26)	-26	-8	-138.0	-536.0
13970	2009-09-27 00:35:00	2009-09-27 00:46:00	2009-09-27 01:06:00	A5.7		POINT(-9 -34)	-34	-9	-133.0	-636.0
13980	2009-09-27 02:28:00	2009-09-27 02:39:00	2009-09-27 02:52:00	A2.8		POINT(22 23)	23	22	342.0	286.0
13990	2009-09-28 13:55:00	2009-09-28 14:15:00	2009-09-28 14:50:00	A3.2		POINT(48 22)	22	48	667.0	289.0
14000	2009-09-29 08:05:00	2009-09-29 08:07:00	2009-09-29 08:15:00	A2.7		POINT(23 -33)	-33	23	321.0	-618.0
14010	2009-09-29 11:22:00	2009-09-29 11:27:00	2009-09-29 11:37:00	A5.5		POINT(58 23)	23	58	758.0	323.0
14020	2009-09-30 06:36:00	2009-09-30 06:49:00	2009-09-30 07:29:00	A4.0		POINT(70 22)	22	70	842.0	333.0
14030	2009-09-30 08:54:00	2009-09-30 09:28:00	2009-09-30 09:55:00	A6.2		POINT(66 23)	23	66	813.0	339.0
14040	2009-09-30 10:12:00	2009-09-30 10:58:00	2009-09-30 11:42:00	A5.6		POINT(38 -31)	-31	38	511.0	-578.0
14050	2009-09-30 13:35:00	2009-09-30 13:44:00	2009-09-30 13:59:00	A3.6		POINT(75 23)	23	75	858.0	357.0
14060	2009-09-30 20:27:00	2009-09-30 21:14:00	2009-09-30 22:01:00	A9.9		POINT(87 21)	21	87	903.0	353.0
14070	2009-10-01 02:47:00	2009-10-01 02:55:00	2009-10-01 03:03:00	B7.0	11027.0	POINT(76 22)	22	76	868.0	347.0
14080	2009-10-02 02:56:00	2009-10-02 03:03:00	2009-10-02 03:17:00	A7.1		POINT(87 23)	23	87	895.0	399.0
14090	2009-10-04 17:44:00	2009-10-04 18:03:00	2009-10-04 18:48:00	A3.5		POINT(85 -32)	-32	85	834.0	-533.0
14100	2009-10-05 03:03:00	2009-10-05 03:07:00	2009-10-05 03:17:00	A1.4		POINT(-63 -30)	-30	-63	-739.0	-526.0
14110	2009-10-10 04:52:00	2009-10-10 04:57:00	2009-10-10 05:08:00	A1.4		POINT(-23 13)	13	-23	-386.0	136.0
14120	2009-10-15 07:17:00	2009-10-15 07:40:00	2009-10-15 08:45:00	A8.6		POINT(-35 -29)	-29	-35	-487.0	-552.0
14130	2009-10-23 01:10:00	2009-10-23 01:22:00	2009-10-23 01:57:00	A9.5		POINT(-25 15)	15	-25	-411.0	176.0
14140	2009-10-23 13:19:00	2009-10-23 13:22:00	2009-10-23 13:38:00	A3.7		POINT(-16 14)	14	-16	-261.0	157.0
14150	2009-10-24 19:21:00	2009-10-24 19:39:00	2009-10-24 19:46:00	A4.3		POINT(0 12)	12	0	-3.0	129.0
14160	2009-10-24 19:51:00	2009-10-24 19:59:00	2009-10-24 20:17:00	B1.6		POINT(1 15)	15	1	30.0	184.0
14170	2009-10-24 20:58:00	2009-10-24 21:05:00	2009-10-24 21:09:00	B1.1		POINT(-1 13)	13	-1	-19.0	150.0
14180	2009-10-24 21:10:00	2009-10-24 21:14:00	2009-10-24 21:18:00	B4.9		POINT(0 13)	13	0	-17.0	150.0
14190	2009-10-24 21:45:00	2009-10-24 21:49:00	2009-10-24 21:53:00	B2.0		POINT(0 15)	15	0	11.0	171.0
14200	2009-10-25 02:10:00	2009-10-25 02:26:00	2009-10-25 02:37:00	C1.5	11029.0	POINT(1 15)	15	1	17.0	173.0
14210	2009-10-25 05:05:00	2009-10-25 05:08:00	2009-10-25 05:12:00	B1.0		POINT(6 16)	16	6	98.0	192.0
14220	2009-10-25 05:31:00	2009-10-25 06:16:00	2009-10-25 06:51:00	B3.2		POINT(10 17)	17	10	164.0	207.0
14230	2009-10-25 08:59:00	2009-10-25 09:15:00	2009-10-25 09:40:00	B8.5		POINT(8 15)	15	8	140.0	184.0
14240	2009-10-25 12:48:00	2009-10-25 12:53:00	2009-10-25 13:02:00	B2.1		POINT(9 16)	16	9	156.0	192.0
14250	2009-10-25 14:03:00	2009-10-25 14:22:00	2009-10-25 14:50:00	B2.2		POINT(14 14)	14	14	240.0	157.0
14260	2009-10-25 20:21:00	2009-10-25 20:35:00	2009-10-25 20:48:00	A7.5		POINT(13 10)	10	13	222.0	97.0
14270	2009-10-26 03:42:00	2009-10-26 03:53:00	2009-10-26 05:38:00	B1.1		POINT(17 16)	16	17	277.0	194.0
14280	2009-10-26 05:44:00	2009-10-26 06:08:00	2009-10-26 06:17:00	B2.0		POINT(19 12)	12	19	314.0	136.0
14290	2009-10-26 06:25:00	2009-10-26 06:30:00	2009-10-26 06:36:00	B1.7		POINT(20 16)	16	20	324.0	194.0
14300	2009-10-26 06:56:00	2009-10-26 07:00:00	2009-10-26 07:03:00	B1.8		POINT(23 17)	17	23	377.0	221.0
14310	2009-10-26 07:50:00	2009-10-26 07:53:00	2009-10-26 07:59:00	B1.0		POINT(24 15)	15	24	387.0	184.0
14320	2009-10-26 08:24:00	2009-10-26 08:27:00	2009-10-26 08:33:00	B1.0		POINT(22 15)	15	22	356.0	189.0
14330	2009-10-26 08:36:00	2009-10-26 08:39:00	2009-10-26 08:42:00	B1.0		POINT(22 16)	16	22	356.0	194.0
14340	2009-10-26 08:56:00	2009-10-26 09:01:00	2009-10-26 09:11:00	B1.5		POINT(21 12)	12	21	353.0	142.0
14350	2009-10-26 11:44:00	2009-10-26 11:52:00	2009-10-26 12:09:00	B1.7		POINT(21 9)	9	21	350.0	85.0
14360	2009-10-26 16:44:00	2009-10-26 16:47:00	2009-10-26 16:50:00	B2.4		POINT(-18 27)	27	-18	-270.0	380.0
14370	2009-10-26 18:11:00	2009-10-26 18:18:00	2009-10-26 18:25:00	B3.8		POINT(-23 -10)	-10	-23	-381.0	-256.0
14380	2009-10-26 18:38:00	2009-10-26 19:06:00	2009-10-26 19:11:00	C1.2	11029.0	POINT(-7 -25)	-25	-7	-113.0	-498.0
14390	2009-10-26 19:53:00	2009-10-26 19:57:00	2009-10-26 20:00:00	B2.9	11029.0	POINT(16 -19)	-19	16	255.0	-398.0
14400	2009-10-26 20:23:00	2009-10-26 20:30:00	2009-10-26 20:35:00	B4.2		POINT(27 14)	14	27	431.0	168.0
14410	2009-10-26 20:52:00	2009-10-26 20:57:00	2009-10-26 21:07:00	B3.0		POINT(28 -2)	-2	28	472.0	-112.0
14420	2009-10-26 21:34:00	2009-10-26 21:51:00	2009-10-26 21:57:00	B5.9		POINT(27 20)	20	27	418.0	264.0
14430	2009-10-26 22:35:00	2009-10-26 22:50:00	2009-10-26 22:53:00	C1.3	11029.0	POINT(33 12)	12	33	516.0	149.0
14440	2009-10-26 23:21:00	2009-10-26 23:25:00	2009-10-26 23:28:00	B4.4		POINT(26 15)	15	26	414.0	190.0
14450	2009-10-26 23:29:00	2009-10-26 23:33:00	2009-10-26 23:35:00	C1.0	11029.0	POINT(-16 18)	18	-16	-255.0	238.0
14460	2009-10-26 23:38:00	2009-10-26 23:45:00	2009-10-26 23:49:00	B4.1		POINT(26 20)	20	26	412.0	264.0
14470	2009-10-26 23:51:00	2009-10-26 23:54:00	2009-10-26 23:58:00	B4.5		POINT(34 16)	16	34	521.0	215.0
14480	2009-10-27 00:08:00	2009-10-27 00:13:00	2009-10-27 00:20:00	B6.0		POINT(33 16)	16	33	519.0	207.0
14490	2009-10-27 00:39:00	2009-10-27 00:43:00	2009-10-27 00:47:00	B4.1		POINT(-12 20)	20	-12	-193.0	271.0
14500	2009-10-27 01:49:00	2009-10-27 01:53:00	2009-10-27 01:57:00	B8.4		POINT(35 15)	15	35	545.0	197.0
14510	2009-10-27 02:59:00	2009-10-27 03:06:00	2009-10-27 03:18:00	B3.6		POINT(32 14)	14	32	501.0	176.0
14520	2009-10-27 04:29:00	2009-10-27 04:35:00	2009-10-27 04:39:00	B4.0		POINT(35 16)	16	35	545.0	215.0
14530	2009-10-27 04:49:00	2009-10-27 05:00:00	2009-10-27 05:10:00	C1.2		POINT(33 14)	14	33	519.0	178.0
14540	2009-10-27 07:05:00	2009-10-27 07:24:00	2009-10-27 07:30:00	C1.2	11029.0	POINT(33 14)	14	33	527.0	173.0
14550	2009-10-27 08:05:00	2009-10-27 08:27:00	2009-10-27 08:35:00	B4.8		POINT(36 15)	15	36	553.0	192.0
14560	2009-10-27 08:57:00	2009-10-27 09:24:00	2009-10-27 09:34:00	C1.7		POINT(35 14)	14	35	543.0	178.0
14570	2009-10-27 09:55:00	2009-10-27 09:59:00	2009-10-27 10:04:00	B6.8		POINT(36 15)	15	36	564.0	194.0
14580	2009-10-27 10:12:00	2009-10-27 10:21:00	2009-10-27 10:34:00	C1.4		POINT(37 14)	14	37	574.0	184.0
14590	2009-10-27 10:55:00	2009-10-27 11:00:00	2009-10-27 11:07:00	C1.1		POINT(36 14)	14	36	558.0	173.0
14600	2009-10-27 11:40:00	2009-10-27 11:46:00	2009-10-27 11:51:00	B5.0		POINT(36 12)	12	36	566.0	138.0
14610	2009-10-27 11:52:00	2009-10-27 11:55:00	2009-10-27 12:00:00	B5.3		POINT(31 10)	10	31	504.0	109.0
14620	2009-10-27 13:07:00	2009-10-27 13:11:00	2009-10-27 13:15:00	B8.3		POINT(40 16)	16	40	603.0	208.0
14630	2009-10-27 15:00:00	2009-10-27 15:03:00	2009-10-27 15:07:00	B1.3		POINT(29 9)	9	29	477.0	91.0
14640	2009-10-27 15:38:00	2009-10-27 15:50:00	2009-10-27 15:54:00	B5.2		POINT(32 5)	5	32	525.0	27.0
14650	2009-10-27 17:21:00	2009-10-27 17:26:00	2009-10-27 17:30:00	B8.2	11029.0	POINT(33 10)	10	33	529.0	112.0
14660	2009-10-27 19:01:00	2009-10-27 19:06:00	2009-10-27 19:13:00	B1.7	11029.0	POINT(45 18)	18	45	656.0	250.0
14670	2009-10-27 19:35:00	2009-10-27 19:38:00	2009-10-27 19:47:00	B6.4		POINT(41 14)	14	41	624.0	186.0
14680	2009-10-27 20:15:00	2009-10-27 20:23:00	2009-10-27 20:27:00	B6.9		POINT(45 18)	18	45	666.0	247.0
14690	2009-10-27 22:12:00	2009-10-27 22:17:00	2009-10-27 22:23:00	B1.0		POINT(39 17)	17	39	595.0	225.0
14700	2009-10-27 23:39:00	2009-10-27 23:48:00	2009-10-27 23:52:00	B3.5		POINT(47 17)	17	47	685.0	247.0
14710	2009-10-28 00:45:00	2009-10-28 00:53:00	2009-10-28 00:56:00	C2.2	11029.0	POINT(48 18)	18	48	693.0	255.0
14720	2009-10-28 02:45:00	2009-10-28 02:49:00	2009-10-28 02:52:00	B1.7		POINT(50 17)	17	50	709.0	237.0
14730	2009-10-28 03:03:00	2009-10-28 03:13:00	2009-10-28 03:18:00	B5.1		POINT(49 17)	17	49	703.0	250.0
14740	2009-10-28 10:14:00	2009-10-28 10:22:00	2009-10-28 10:34:00	B2.2		POINT(51 15)	15	51	735.0	218.0
14750	2009-10-28 18:31:00	2009-10-28 18:41:00	2009-10-28 18:48:00	B1.8		POINT(56 14)	14	56	782.0	207.0
14760	2009-10-28 19:35:00	2009-10-28 19:40:00	2009-10-28 19:42:00	B2.7		POINT(61 17)	17	61	814.0	255.0
14770	2009-10-28 20:32:00	2009-10-28 20:42:00	2009-10-28 20:50:00	B1.3		POINT(55 15)	15	55	777.0	218.0
14780	2009-10-28 21:47:00	2009-10-28 21:51:00	2009-10-28 21:56:00	B1.0		POINT(66 18)	18	66	850.0	271.0
14790	2009-10-29 02:30:00	2009-10-29 02:43:00	2009-10-29 02:48:00	B1.1		POINT(63 18)	18	63	824.0	281.0
14800	2009-10-29 22:33:00	2009-10-29 22:40:00	2009-10-29 22:49:00	B2.0	11029.0	POINT(72 12)	12	72	898.0	193.0
14810	2009-10-30 00:09:00	2009-10-30 00:26:00	2009-10-30 00:42:00	B2.5	11029.0	POINT(88 22)	22	88	950.0	402.0
14820	2009-10-30 20:43:00	2009-10-30 20:48:00	2009-10-30 20:50:00	B1.7	11029.0	POINT(67 17)	17	67	854.0	267.0
14830	2009-10-31 09:23:00	2009-10-31 09:35:00	2009-10-31 09:43:00	C1.0	11029.0	POINT(88 17)	17	88	935.0	297.0
14840	2009-10-31 15:12:00	2009-10-31 15:24:00	2009-10-31 15:54:00	B3.0	11029.0	POINT(89 12)	12	89	1066.0	229.0
14850	2009-11-01 01:08:00	2009-11-01 01:39:00	2009-11-01 02:27:00	B4.1	11029.0	POINT(88 25)	25	88	910.0	426.0
14860	2009-11-04 20:46:00	2009-11-04 20:49:00	2009-11-04 20:51:00	A2.2		POINT(74 -11)	-11	74	914.0	-203.0
14870	2009-11-14 15:04:00	2009-11-14 15:09:00	2009-11-14 15:24:00	A2.2		POINT(-89 15)	15	-89	-948.0	270.0
14880	2009-11-14 17:09:00	2009-11-14 17:13:00	2009-11-14 17:23:00	A1.4		POINT(-79 17)	17	-79	-919.0	278.0
14890	2009-11-15 01:56:00	2009-11-15 02:46:00	2009-11-15 03:33:00	A2.9		POINT(-33 30)	30	-33	-467.0	460.0
14900	2009-11-16 07:38:00	2009-11-16 08:08:00	2009-11-16 09:45:00	A1.9		POINT(-64 12)	12	-64	-853.0	191.0
14910	2009-11-17 07:38:00	2009-11-17 08:14:00	2009-11-17 09:45:00	A2.2		POINT(-71 18)	18	-71	-880.0	299.0
14920	2009-11-17 12:56:00	2009-11-17 12:59:00	2009-11-17 13:02:00	B1.5		POINT(-68 15)	15	-68	-871.0	251.0
14930	2009-11-17 13:18:00	2009-11-17 13:23:00	2009-11-17 13:30:00	A3.1		POINT(-80 15)	15	-80	-924.0	245.0
14940	2009-11-17 22:45:00	2009-11-17 23:00:00	2009-11-17 23:56:00	A3.6		POINT(-61 18)	18	-61	-814.0	289.0
14950	2009-11-19 14:54:00	2009-11-19 15:05:00	2009-11-19 15:41:00	A3.4		POINT(-43 17)	17	-43	-643.0	270.0
14960	2009-11-20 20:39:00	2009-11-20 21:40:00	2009-11-20 23:02:00	A3.5		POINT(-24 20)	20	-24	-380.0	317.0
14970	2009-11-25 00:50:00	2009-11-25 00:54:00	2009-11-25 01:07:00	A5.2		POINT(54 19)	19	54	758.0	312.0
14980	2009-12-09 20:04:00	2009-12-09 20:17:00	2009-12-09 20:25:00	B2.3		POINT(-73 19)	19	-73	-888.0	336.0
14990	2009-12-10 10:56:00	2009-12-10 10:57:00	2009-12-10 10:59:00	C3.4		POINT(-65 20)	20	-65	-835.0	349.0
15000	2009-12-10 14:45:00	2009-12-10 14:52:00	2009-12-10 14:56:00	B1.4		POINT(-64 19)	19	-64	-835.0	338.0
15010	2009-12-13 09:17:00	2009-12-13 09:25:00	2009-12-13 09:28:00	B1.4	11034.0	POINT(-26 22)	22	-26	-406.0	386.0
15020	2009-12-13 16:58:00	2009-12-13 17:02:00	2009-12-13 17:05:00	B1.8		POINT(-21 19)	19	-21	-343.0	341.0
15030	2009-12-13 17:49:00	2009-12-13 17:52:00	2009-12-13 17:54:00	B1.0		POINT(-65 -23)	-23	-65	-817.0	-389.0
15040	2009-12-13 18:38:00	2009-12-13 18:43:00	2009-12-13 18:45:00	B1.5	11034.0	POINT(-20 20)	20	-20	-314.0	360.0
15050	2009-12-13 19:59:00	2009-12-13 20:02:00	2009-12-13 20:05:00	B1.0	11034.0	POINT(-19 20)	20	-19	-299.0	349.0
15060	2009-12-14 08:44:00	2009-12-14 08:48:00	2009-12-14 08:50:00	B1.4	11035.0	POINT(-16 30)	30	-16	-238.0	515.0
15070	2009-12-14 08:55:00	2009-12-14 08:58:00	2009-12-14 09:00:00	B1.7		POINT(-17 30)	30	-17	-256.0	507.0
15080	2009-12-14 18:11:00	2009-12-14 18:15:00	2009-12-14 18:21:00	B1.4	11035.0	POINT(-10 28)	28	-10	-151.0	488.0
15090	2009-12-14 19:48:00	2009-12-14 20:17:00	2009-12-14 20:25:00	B2.7	11035.0	POINT(-7 20)	20	-7	-114.0	354.0
15100	2009-12-14 23:35:00	2009-12-14 23:39:00	2009-12-14 23:42:00	B4.1	11035.0	POINT(-7 29)	29	-7	-107.0	494.0
15110	2009-12-15 00:39:00	2009-12-15 00:46:00	2009-12-15 00:57:00	B1.2	11035.0	POINT(89 -19)	-19	89	934.0	-329.0
15120	2009-12-15 04:01:00	2009-12-15 04:06:00	2009-12-15 04:15:00	B1.0	11035.0	POINT(89 -20)	-20	89	944.0	-347.0
15130	2009-12-15 11:14:00	2009-12-15 11:17:00	2009-12-15 11:20:00	B1.0		POINT(0 28)	28	0	16.0	491.0
15140	2009-12-15 13:28:00	2009-12-15 13:34:00	2009-12-15 13:39:00	B1.3		POINT(-43 -30)	-30	-43	-585.0	-486.0
15150	2009-12-15 15:14:00	2009-12-15 15:20:00	2009-12-15 15:32:00	B2.0	11035.0	POINT(6 18)	18	6	116.0	333.0
15160	2009-12-15 23:17:00	2009-12-15 23:23:00	2009-12-15 23:37:00	B2.7		POINT(8 20)	20	8	137.0	367.0
15170	2009-12-16 01:02:00	2009-12-16 01:24:00	2009-12-16 01:35:00	C5.3	11035.0	POINT(6 29)	29	6	108.0	499.0
15180	2009-12-16 03:17:00	2009-12-16 03:20:00	2009-12-16 03:26:00	B6.4		POINT(9 29)	29	9	148.0	504.0
15190	2009-12-16 07:25:00	2009-12-16 07:28:00	2009-12-16 07:34:00	B3.0		POINT(-89 13)	13	-89	-972.0	233.0
15200	2009-12-16 07:45:00	2009-12-16 08:01:00	2009-12-16 08:16:00	B6.9		POINT(11 27)	27	11	182.0	470.0
15210	2009-12-16 08:34:00	2009-12-16 08:37:00	2009-12-16 08:39:00	B8.6	11035.0	POINT(11 28)	28	11	176.0	494.0
15220	2009-12-16 12:36:00	2009-12-16 13:02:00	2009-12-16 13:20:00	C3.7	11035.0	POINT(15 28)	28	15	229.0	491.0
15230	2009-12-16 21:35:00	2009-12-16 21:49:00	2009-12-16 22:25:00	C1.4	11035.0	POINT(17 29)	29	17	255.0	502.0
15240	2009-12-17 03:06:00	2009-12-17 03:10:00	2009-12-17 03:16:00	B5.1		POINT(22 29)	29	22	334.0	502.0
15250	2009-12-17 07:12:00	2009-12-17 07:15:00	2009-12-17 07:18:00	B4.6		POINT(30 20)	20	30	468.0	354.0
15260	2009-12-17 09:33:00	2009-12-17 09:37:00	2009-12-17 09:41:00	B7.0		POINT(25 33)	33	25	358.0	559.0
15270	2009-12-17 15:01:00	2009-12-17 15:13:00	2009-12-17 15:17:00	B9.7	11035.0	POINT(34 23)	23	34	524.0	404.0
15280	2009-12-17 16:56:00	2009-12-17 17:00:00	2009-12-17 17:03:00	B2.5		POINT(-89 15)	15	-89	1014.0	273.0
15290	2009-12-17 21:12:00	2009-12-17 21:21:00	2009-12-17 21:28:00	B2.4	11035.0	POINT(32 20)	20	32	503.0	367.0
15300	2009-12-18 01:09:00	2009-12-18 01:32:00	2009-12-18 01:58:00	B2.0	11035.0	POINT(-83 15)	15	-83	-940.0	273.0
15310	2009-12-18 02:04:00	2009-12-18 02:13:00	2009-12-18 02:17:00	B5.6	11035.0	POINT(32 29)	29	32	468.0	507.0
15320	2009-12-18 04:29:00	2009-12-18 04:33:00	2009-12-18 04:39:00	B3.1	11035.0	POINT(34 26)	26	34	489.0	452.0
15330	2009-12-18 07:45:00	2009-12-18 07:48:00	2009-12-18 07:52:00	B2.5	11035.0	POINT(-35 -18)	-18	-35	-543.0	-300.0
15340	2009-12-18 10:30:00	2009-12-18 10:38:00	2009-12-18 10:44:00	B2.2	11035.0	POINT(-79 16)	16	-79	-924.0	291.0
15350	2009-12-18 11:16:00	2009-12-18 11:22:00	2009-12-18 11:25:00	B1.8	11035.0	POINT(-33 -17)	-17	-33	-522.0	-271.0
15360	2009-12-18 14:04:00	2009-12-18 14:10:00	2009-12-18 14:16:00	B3.1		POINT(41 27)	27	41	584.0	478.0
15370	2009-12-18 16:10:00	2009-12-18 16:23:00	2009-12-18 16:31:00	B5.1	11035.0	POINT(42 27)	27	42	589.0	470.0
15380	2009-12-18 16:59:00	2009-12-18 17:03:00	2009-12-18 17:06:00	B2.5	11035.0	POINT(-73 16)	16	-73	-903.0	283.0
15390	2009-12-18 18:20:00	2009-12-18 18:27:00	2009-12-18 18:30:00	B5.4	11035.0	POINT(41 26)	26	41	574.0	458.0
15400	2009-12-18 18:48:00	2009-12-18 18:55:00	2009-12-18 18:58:00	C7.6	11035.0	POINT(41 27)	27	41	576.0	465.0
15410	2009-12-18 19:17:00	2009-12-18 19:20:00	2009-12-18 19:23:00	B2.8	11035.0	POINT(43 19)	19	43	637.0	344.0
15420	2009-12-18 20:32:00	2009-12-18 20:38:00	2009-12-18 20:42:00	B2.7	11035.0	POINT(66 16)	16	66	861.0	283.0
15430	2009-12-18 21:16:00	2009-12-18 21:24:00	2009-12-18 21:27:00	B3.6	11035.0	POINT(44 27)	27	44	611.0	462.0
15440	2009-12-18 21:58:00	2009-12-18 22:02:00	2009-12-18 22:05:00	B1.9	11035.0	POINT(44 27)	27	44	603.0	469.0
15450	2009-12-18 23:37:00	2009-12-18 23:43:00	2009-12-18 23:45:00	B2.0		POINT(-65 15)	15	-65	-864.0	281.0
15460	2009-12-18 23:53:00	2009-12-18 23:58:00	2009-12-19 00:01:00	B3.1		POINT(51 20)	20	51	726.0	352.0
15470	2009-12-19 00:10:00	2009-12-19 00:14:00	2009-12-19 00:17:00	C2.9	11035.0	POINT(44 29)	29	44	603.0	494.0
15480	2009-12-19 01:04:00	2009-12-19 01:09:00	2009-12-19 01:12:00	B7.4		POINT(46 28)	28	46	629.0	488.0
15490	2009-12-19 01:36:00	2009-12-19 01:53:00	2009-12-19 01:55:00	B9.1	11035.0	POINT(45 28)	28	45	624.0	486.0
15500	2009-12-19 06:48:00	2009-12-19 06:53:00	2009-12-19 06:56:00	B1.4		POINT(46 28)	28	46	625.0	480.0
15510	2009-12-19 07:16:00	2009-12-19 07:19:00	2009-12-19 07:22:00	B1.2		POINT(49 27)	27	49	657.0	458.0
15520	2009-12-19 10:30:00	2009-12-19 10:35:00	2009-12-19 10:39:00	B1.5		POINT(74 16)	16	74	902.0	282.0
15530	2009-12-19 11:08:00	2009-12-19 11:13:00	2009-12-19 11:19:00	B6.6		POINT(75 16)	16	75	905.0	282.0
15540	2009-12-20 11:40:00	2009-12-20 11:45:00	2009-12-20 11:49:00	B1.5		POINT(58 30)	30	58	716.0	513.0
15550	2009-12-20 14:16:00	2009-12-20 14:20:00	2009-12-20 14:25:00	B2.3		POINT(67 24)	24	67	816.0	422.0
15560	2009-12-20 15:40:00	2009-12-20 15:43:00	2009-12-20 15:46:00	B1.9		POINT(25 -30)	-30	25	357.0	-470.0
15570	2009-12-20 17:37:00	2009-12-20 17:41:00	2009-12-20 17:43:00	B1.6		POINT(29 -29)	-29	29	417.0	-464.0
15580	2009-12-20 20:27:00	2009-12-20 20:31:00	2009-12-20 20:37:00	B2.6		POINT(71 30)	30	71	799.0	501.0
15590	2009-12-20 23:20:00	2009-12-20 23:24:00	2009-12-20 23:30:00	B2.7		POINT(-15 -23)	-23	-15	-242.0	-367.0
15600	2009-12-21 01:08:00	2009-12-21 01:13:00	2009-12-21 01:16:00	B1.6		POINT(73 30)	30	73	806.0	501.0
15610	2009-12-21 19:04:00	2009-12-21 19:07:00	2009-12-21 19:09:00	B1.6		POINT(35 16)	16	35	548.0	298.0
15620	2009-12-21 23:34:00	2009-12-21 23:38:00	2009-12-21 23:40:00	B4.1		POINT(41 -27)	-27	41	581.0	-439.0
15630	2009-12-22 03:56:00	2009-12-22 04:01:00	2009-12-22 04:04:00	B5.2		POINT(78 27)	27	78	845.0	460.0
15640	2009-12-22 04:50:00	2009-12-22 04:56:00	2009-12-22 05:00:00	C7.2	11036.0	POINT(44 -28)	-28	44	604.0	-442.0
15650	2009-12-22 11:25:00	2009-12-22 11:29:00	2009-12-22 11:34:00	B4.5		POINT(45 16)	16	45	684.0	294.0
15660	2009-12-22 13:17:00	2009-12-22 13:21:00	2009-12-22 13:25:00	B2.7		POINT(49 -27)	-27	49	674.0	-436.0
15670	2009-12-22 14:00:00	2009-12-22 14:10:00	2009-12-22 14:20:00	C1.0		POINT(46 15)	15	46	695.0	288.0
15680	2009-12-22 15:10:00	2009-12-22 15:26:00	2009-12-22 15:35:00	C1.1		POINT(51 -27)	-27	51	687.0	-439.0
15690	2009-12-22 17:35:00	2009-12-22 18:00:00	2009-12-22 18:20:00	B4.5		POINT(48 14)	14	48	713.0	273.0
15700	2009-12-22 20:23:00	2009-12-22 20:27:00	2009-12-22 20:32:00	C1.3		POINT(49 16)	16	49	724.0	294.0
15710	2009-12-22 21:45:00	2009-12-22 22:26:00	2009-12-22 22:35:00	C1.0		POINT(-89 -25)	-25	-89	-953.0	-455.0
15720	2009-12-23 03:36:00	2009-12-23 03:56:00	2009-12-23 04:05:00	B8.6	11038.0	POINT(54 16)	16	54	773.0	291.0
15730	2009-12-23 09:45:00	2009-12-23 09:51:00	2009-12-23 09:54:00	B1.6		POINT(66 -29)	-29	66	792.0	-468.0
15740	2009-12-23 10:09:00	2009-12-23 10:17:00	2009-12-23 10:20:00	C6.4	11036.0	POINT(61 -27)	-27	61	773.0	-434.0
15750	2009-12-23 11:26:00	2009-12-23 11:33:00	2009-12-23 11:46:00	B3.2		POINT(69 -27)	-27	69	821.0	-450.0
15760	2009-12-23 12:41:00	2009-12-23 12:48:00	2009-12-23 12:50:00	B3.5		POINT(66 -24)	-24	66	826.0	-400.0
15770	2009-12-25 23:13:00	2009-12-25 23:26:00	2009-12-25 23:40:00	B1.0	11039.0	POINT(-56 -28)	-28	-56	-717.0	-452.0
15780	2009-12-26 07:25:00	2009-12-26 07:30:00	2009-12-26 07:39:00	B1.4	11039.0	POINT(-50 -27)	-27	-50	-669.0	-434.0
15790	2009-12-26 08:54:00	2009-12-26 09:10:00	2009-12-26 09:20:00	B1.9	11039.0	POINT(-54 -29)	-29	-54	-698.0	-465.0
15800	2009-12-26 12:17:00	2009-12-26 12:20:00	2009-12-26 12:23:00	B1.0	11039.0	POINT(-48 -26)	-26	-48	-656.0	-421.0
15810	2009-12-26 16:51:00	2009-12-26 16:57:00	2009-12-26 17:05:00	B4.8	11039.0	POINT(-43 -27)	-27	-43	-606.0	-426.0
15820	2009-12-26 18:09:00	2009-12-26 18:12:00	2009-12-26 18:15:00	B1.7	11039.0	POINT(-46 -28)	-28	-46	-630.0	-439.0
15830	2009-12-26 18:38:00	2009-12-26 18:43:00	2009-12-26 18:48:00	B4.6	11039.0	POINT(-43 -27)	-27	-43	-598.0	-426.0
15840	2009-12-27 07:21:00	2009-12-27 07:30:00	2009-12-27 07:33:00	B2.9	11039.0	POINT(-36 -27)	-27	-36	-522.0	-418.0
15850	2009-12-27 11:28:00	2009-12-27 11:39:00	2009-12-27 11:57:00	B7.6	11039.0	POINT(-34 -26)	-26	-34	-493.0	-413.0
15860	2009-12-30 23:00:00	2009-12-30 23:03:00	2009-12-30 23:08:00	B4.8		POINT(9 -28)	-28	9	145.0	-426.0
15870	2009-12-30 23:48:00	2009-12-30 23:51:00	2009-12-30 23:53:00	B2.3		POINT(11 -27)	-27	11	179.0	-413.0
15880	2009-12-30 23:54:00	2009-12-31 00:02:00	2009-12-31 00:08:00	B1.6		POINT(12 -26)	-26	12	200.0	-394.0
15890	2009-12-31 00:42:00	2009-12-31 00:48:00	2009-12-31 01:00:00	B2.6		POINT(10 -27)	-27	10	166.0	-410.0
15900	2009-12-31 01:07:00	2009-12-31 01:12:00	2009-12-31 01:16:00	B3.1		POINT(10 -27)	-27	10	166.0	-405.0
15910	2009-12-31 03:30:00	2009-12-31 04:17:00	2009-12-31 04:39:00	B2.6		POINT(17 -26)	-26	17	263.0	-405.0
15920	2009-12-31 07:42:00	2009-12-31 07:47:00	2009-12-31 07:50:00	B2.9		POINT(13 -29)	-29	13	200.0	-442.0
15930	2009-12-31 10:24:00	2009-12-31 10:27:00	2009-12-31 10:29:00	B1.9		POINT(16 -28)	-28	16	247.0	-429.0
15940	2009-12-31 10:54:00	2009-12-31 10:59:00	2009-12-31 11:06:00	B1.6		POINT(16 -27)	-27	16	245.0	-418.0
15950	2009-12-31 11:15:00	2009-12-31 11:20:00	2009-12-31 11:31:00	B1.9		POINT(18 -29)	-29	18	276.0	-447.0
15960	2009-12-31 14:29:00	2009-12-31 14:32:00	2009-12-31 14:51:00	B1.3		POINT(17 -28)	-28	17	261.0	-426.0
15970	2009-12-31 15:37:00	2009-12-31 15:42:00	2009-12-31 15:46:00	B1.5		POINT(17 -28)	-28	17	271.0	-423.0
15980	2009-12-31 19:02:00	2009-12-31 19:06:00	2009-12-31 19:10:00	B1.8		POINT(23 -31)	-31	23	342.0	-471.0
15990	2010-01-01 12:02:00	2010-01-01 12:09:00	2010-01-01 12:18:00	B1.9		POINT(31 -29)	-29	31	455.0	-442.0
16000	2010-01-01 12:33:00	2010-01-01 12:43:00	2010-01-01 13:00:00	B2.3		POINT(34 -24)	-24	34	508.0	-376.0
16010	2010-01-01 23:29:00	2010-01-01 23:33:00	2010-01-01 23:42:00	B1.1		POINT(39 -25)	-25	39	568.0	-389.0
16020	2010-01-02 03:10:00	2010-01-02 03:13:00	2010-01-02 03:19:00	B1.1	11039.0	POINT(39 -26)	-26	39	568.0	-405.0
16030	2010-01-02 07:09:00	2010-01-02 07:24:00	2010-01-02 07:40:00	C1.0	11039.0	POINT(41 -26)	-26	41	584.0	-405.0
16040	2010-01-02 07:58:00	2010-01-02 08:05:00	2010-01-02 08:13:00	B6.4	11039.0	POINT(38 -25)	-25	38	558.0	-392.0
16050	2010-01-02 09:01:00	2010-01-02 09:10:00	2010-01-02 09:23:00	B4.5	11039.0	POINT(44 -30)	-30	44	600.0	-460.0
16060	2010-01-02 11:59:00	2010-01-02 12:09:00	2010-01-02 12:24:00	B4.8		POINT(48 -27)	-27	48	655.0	-426.0
16070	2010-01-02 14:08:00	2010-01-02 14:16:00	2010-01-02 14:24:00	C2.6		POINT(40 -28)	-28	40	574.0	-429.0
16080	2010-01-02 22:39:00	2010-01-02 22:46:00	2010-01-02 22:55:00	B4.3	11039.0	POINT(48 -27)	-27	48	658.0	-426.0
16090	2010-01-02 22:57:00	2010-01-02 23:19:00	2010-01-02 23:35:00	C3.1	11039.0	POINT(45 -27)	-27	45	629.0	-423.0
16100	2010-01-03 01:17:00	2010-01-03 01:22:00	2010-01-03 01:31:00	C2.0	11039.0	POINT(49 -28)	-28	49	666.0	-439.0
16110	2010-01-03 03:53:00	2010-01-03 04:07:00	2010-01-03 04:21:00	B6.1	11039.0	POINT(51 -30)	-30	51	671.0	-471.0
16120	2010-01-03 07:43:00	2010-01-03 07:46:00	2010-01-03 07:54:00	B1.5	11039.0	POINT(49 -27)	-27	49	671.0	-423.0
16130	2010-01-03 10:50:00	2010-01-03 10:54:00	2010-01-03 11:09:00	B1.5	11039.0	POINT(55 -28)	-28	55	716.0	-436.0
16140	2010-01-03 12:01:00	2010-01-03 12:12:00	2010-01-03 12:28:00	B7.1	11039.0	POINT(55 -27)	-27	55	721.0	-431.0
16150	2010-01-03 14:43:00	2010-01-03 14:48:00	2010-01-03 14:51:00	B1.1	11039.0	POINT(53 -27)	-27	53	705.0	-423.0
16160	2010-01-03 15:29:00	2010-01-03 15:35:00	2010-01-03 15:41:00	B1.3	11039.0	POINT(56 -28)	-28	56	729.0	-444.0
16170	2010-01-03 15:52:00	2010-01-03 16:03:00	2010-01-03 16:13:00	B6.7	11039.0	POINT(57 -28)	-28	57	739.0	-436.0
16180	2010-01-03 18:59:00	2010-01-03 19:02:00	2010-01-03 19:04:00	B1.0	11039.0	POINT(61 -25)	-25	61	789.0	-397.0
16190	2010-01-03 20:43:00	2010-01-03 20:49:00	2010-01-03 20:58:00	B3.3	11039.0	POINT(61 -27)	-27	61	773.0	-429.0
16200	2010-01-04 03:36:00	2010-01-04 03:40:00	2010-01-04 03:42:00	C1.3	11039.0	POINT(63 -28)	-28	63	781.0	-442.0
16210	2010-01-04 10:00:00	2010-01-04 10:04:00	2010-01-04 10:08:00	B1.4	11039.0	POINT(65 -25)	-25	65	808.0	-407.0
16220	2010-01-04 14:24:00	2010-01-04 14:28:00	2010-01-04 14:35:00	B1.4	11039.0	POINT(67 -26)	-26	67	816.0	-418.0
16230	2010-01-04 19:51:00	2010-01-04 19:56:00	2010-01-04 20:02:00	B1.2	11039.0	POINT(69 -25)	-25	69	834.0	-407.0
16240	2010-01-04 20:14:00	2010-01-04 20:22:00	2010-01-04 20:27:00	B1.3	11039.0	POINT(71 -27)	-27	71	834.0	-431.0
16250	2010-01-05 08:46:00	2010-01-05 08:52:00	2010-01-05 08:57:00	B1.2	11039.0	POINT(81 -28)	-28	81	860.0	-455.0
16260	2010-01-05 09:53:00	2010-01-05 09:57:00	2010-01-05 10:02:00	B1.2	11039.0	POINT(-30 -21)	-21	-30	-467.0	-315.0
16270	2010-01-06 02:57:00	2010-01-06 03:00:00	2010-01-06 03:07:00	B1.0	11039.0	POINT(88 -27)	-27	88	889.0	-460.0
16280	2010-01-06 16:40:00	2010-01-06 16:45:00	2010-01-06 16:47:00	B1.7	11040.0	POINT(-87 30)	30	-87	-851.0	512.0
16290	2010-01-06 19:44:00	2010-01-06 19:53:00	2010-01-06 19:57:00	B5.5	11040.0	POINT(-82 29)	29	-82	-848.0	496.0
16300	2010-01-08 17:42:00	2010-01-08 17:46:00	2010-01-08 17:49:00	B1.4	11040.0	POINT(-52 28)	28	-52	-688.0	507.0
16310	2010-01-09 06:06:00	2010-01-09 06:10:00	2010-01-09 06:13:00	B1.1	11040.0	POINT(-45 29)	29	-45	-619.0	520.0
16320	2010-01-09 07:46:00	2010-01-09 07:52:00	2010-01-09 08:00:00	B2.1	11040.0	POINT(-44 27)	27	-44	-609.0	504.0
16330	2010-01-09 08:40:00	2010-01-09 08:48:00	2010-01-09 08:56:00	B1.5	11040.0	POINT(-47 30)	30	-47	-633.0	536.0
16340	2010-01-09 11:07:00	2010-01-09 11:14:00	2010-01-09 11:24:00	B3.6	11040.0	POINT(-42 27)	27	-42	-588.0	502.0
16350	2010-01-09 12:41:00	2010-01-09 12:45:00	2010-01-09 12:57:00	B1.2		POINT(-42 29)	29	-42	-577.0	525.0
16360	2010-01-09 14:50:00	2010-01-09 15:03:00	2010-01-09 15:19:00	C1.0	11040.0	POINT(-39 31)	31	-39	-535.0	559.0
16370	2010-01-09 22:24:00	2010-01-09 22:58:00	2010-01-09 23:23:00	B6.1	11040.0	POINT(-42 35)	35	-42	-538.0	617.0
16380	2010-01-10 00:27:00	2010-01-10 00:35:00	2010-01-10 00:45:00	B2.5	11040.0	POINT(-40 32)	32	-40	-546.0	570.0
16390	2010-01-10 01:40:00	2010-01-10 02:50:00	2010-01-10 03:08:00	B4.4	11040.0	POINT(-33 32)	32	-33	-459.0	575.0
16400	2010-01-10 11:52:00	2010-01-10 11:57:00	2010-01-10 12:01:00	B3.7	11040.0	POINT(-29 29)	29	-29	-414.0	546.0
16410	2010-01-10 15:39:00	2010-01-10 15:42:00	2010-01-10 15:45:00	B1.1		POINT(-28 28)	28	-28	-409.0	528.0
16420	2010-01-10 17:56:00	2010-01-10 18:00:00	2010-01-10 18:07:00	B1.9		POINT(-22 26)	26	-22	-341.0	502.0
16430	2010-01-10 22:52:00	2010-01-10 22:57:00	2010-01-10 23:04:00	B2.3		POINT(-24 28)	28	-24	-354.0	528.0
16440	2010-01-11 01:41:00	2010-01-11 01:50:00	2010-01-11 01:53:00	B2.7		POINT(-20 27)	27	-20	-307.0	509.0
16450	2010-01-11 01:55:00	2010-01-11 01:58:00	2010-01-11 02:02:00	B3.9		POINT(-20 27)	27	-20	-307.0	509.0
16460	2010-01-11 04:48:00	2010-01-11 04:54:00	2010-01-11 05:05:00	B2.7		POINT(-18 25)	25	-18	-283.0	491.0
16470	2010-01-11 06:05:00	2010-01-11 06:19:00	2010-01-11 06:34:00	B6.8		POINT(-16 26)	26	-16	-246.0	502.0
16480	2010-01-11 08:00:00	2010-01-11 08:05:00	2010-01-11 08:11:00	B1.9		POINT(-32 27)	27	-32	-469.0	498.0
16490	2010-01-11 09:08:00	2010-01-11 09:11:00	2010-01-11 09:13:00	B1.3		POINT(-17 33)	33	-17	-246.0	589.0
16500	2010-01-11 11:16:00	2010-01-11 12:01:00	2010-01-11 12:16:00	B6.1	11040.0	POINT(-16 41)	41	-16	-214.0	693.0
16510	2010-01-11 13:50:00	2010-01-11 13:56:00	2010-01-11 14:01:00	B9.1		POINT(-14 26)	26	-14	-214.0	502.0
16520	2010-01-11 14:27:00	2010-01-11 14:36:00	2010-01-11 14:48:00	B5.4		POINT(-13 25)	25	-13	-207.0	483.0
16530	2010-01-11 16:21:00	2010-01-11 16:27:00	2010-01-11 16:45:00	B3.9		POINT(8 69)	69	8	53.0	949.0
16540	2010-01-12 12:33:00	2010-01-12 13:20:00	2010-01-12 13:34:00	C1.1	11040.0	POINT(-1 35)	35	-1	-15.0	633.0
16550	2010-01-12 17:33:00	2010-01-12 17:36:00	2010-01-12 17:39:00	B2.7		POINT(4 25)	25	4	69.0	496.0
16560	2010-01-12 19:07:00	2010-01-13 00:46:00	2010-01-13 02:14:00	B1.7		POINT(-3 31)	31	-3	-46.0	580.0
16570	2010-01-13 14:59:00	2010-01-13 15:04:00	2010-01-13 15:09:00	B2.5		POINT(9 30)	30	9	147.0	559.0
16580	2010-01-14 04:28:00	2010-01-14 04:36:00	2010-01-14 04:47:00	B2.2	11040.0	POINT(19 26)	26	19	300.0	512.0
16590	2010-01-15 07:22:00	2010-01-15 08:41:00	2010-01-15 10:22:00	C1.3	11040.0	POINT(31 31)	31	31	442.0	575.0
16600	2010-01-16 12:28:00	2010-01-16 12:40:00	2010-01-16 13:00:00	B3.9	11040.0	POINT(50 30)	30	50	663.0	538.0
16610	2010-01-16 17:16:00	2010-01-16 17:23:00	2010-01-16 17:26:00	B1.9	11040.0	POINT(49 28)	28	49	658.0	517.0
16620	2010-01-16 18:27:00	2010-01-16 18:30:00	2010-01-16 18:32:00	B3.5	11040.0	POINT(57 25)	25	57	752.0	470.0
16630	2010-01-16 20:52:00	2010-01-16 20:57:00	2010-01-16 21:00:00	B1.5	11040.0	POINT(49 28)	28	49	663.0	523.0
16640	2010-01-17 19:38:00	2010-01-17 19:43:00	2010-01-17 19:50:00	B4.2	11040.0	POINT(60 20)	20	60	802.0	383.0
16650	2010-01-17 22:12:00	2010-01-17 22:33:00	2010-01-17 22:41:00	C2.1	11040.0	POINT(76 29)	29	76	831.0	507.0
16660	2010-01-18 03:01:00	2010-01-18 03:30:00	2010-01-18 04:05:00	B7.5	11040.0	POINT(-88 -24)	-24	-88	-919.0	-423.0
16670	2010-01-18 05:32:00	2010-01-18 05:54:00	2010-01-18 06:07:00	B8.4	11040.0	POINT(-88 -25)	-25	-88	-925.0	-434.0
16680	2010-01-18 19:54:00	2010-01-18 20:39:00	2010-01-18 21:06:00	C4.9	11041.0	POINT(-87 -29)	-29	-87	-877.0	-492.0
16690	2010-01-18 22:22:00	2010-01-18 22:25:00	2010-01-18 22:28:00	B6.8	11041.0	POINT(-87 -30)	-30	-87	-872.0	-507.0
16700	2010-01-19 06:14:00	2010-01-19 06:18:00	2010-01-19 06:36:00	B5.8	11041.0	POINT(-87 -26)	-26	-87	-896.0	-447.0
16710	2010-01-19 07:03:00	2010-01-19 07:11:00	2010-01-19 07:17:00	B8.3	11040.0	POINT(86 27)	27	86	876.0	452.0
16720	2010-01-19 08:34:00	2010-01-19 08:45:00	2010-01-19 09:14:00	C5.2	11040.0	POINT(86 28)	28	86	873.0	486.0
16730	2010-01-19 10:25:00	2010-01-19 10:29:00	2010-01-19 10:36:00	C1.1	11041.0	POINT(-87 -25)	-25	-87	-914.0	-439.0
16740	2010-01-19 13:03:00	2010-01-19 13:41:00	2010-01-19 13:50:00	M2.3	11041.0	POINT(-88 -25)	-25	-88	-911.0	-436.0
16750	2010-01-19 15:32:00	2010-01-19 15:36:00	2010-01-19 15:43:00	C2.3	11041.0	POINT(-88 -23)	-23	-88	-961.0	-429.0
16760	2010-01-19 17:44:00	2010-01-19 17:55:00	2010-01-19 18:21:00	C5.1	11041.0	POINT(-87 -25)	-25	-87	-904.0	-431.0
16770	2010-01-19 20:23:00	2010-01-19 20:35:00	2010-01-19 20:46:00	M1.7	11041.0	POINT(-88 -25)	-25	-88	-911.0	-431.0
16780	2010-01-19 22:23:00	2010-01-19 22:33:00	2010-01-19 22:40:00	C4.5	11041.0	POINT(-88 -23)	-23	-88	-938.0	-418.0
16790	2010-01-19 23:17:00	2010-01-19 23:26:00	2010-01-19 23:38:00	C2.2	11041.0	POINT(-88 -24)	-24	-88	-896.0	-413.0
16800	2010-01-20 00:10:00	2010-01-20 00:22:00	2010-01-20 00:30:00	C4.0	11041.0	POINT(-88 -25)	-25	-88	-896.0	-423.0
16810	2010-01-20 02:47:00	2010-01-20 02:53:00	2010-01-20 03:02:00	C1.7	11041.0	POINT(-87 -25)	-25	-87	-906.0	-431.0
16820	2010-01-20 04:48:00	2010-01-20 04:57:00	2010-01-20 05:03:00	C5.0	11041.0	POINT(-88 -25)	-25	-88	-904.0	-429.0
16830	2010-01-20 06:10:00	2010-01-20 06:18:00	2010-01-20 06:28:00	C3.9	11041.0	POINT(-88 -23)	-23	-88	-917.0	-405.0
16840	2010-01-20 06:45:00	2010-01-20 06:51:00	2010-01-20 06:51:00	C3.1	11041.0	POINT(-88 -23)	-23	-88	-925.0	-402.0
16850	2010-01-20 06:59:00	2010-01-20 07:14:00	2010-01-20 07:22:00	C9.7	11041.0	POINT(-88 -24)	-24	-88	-909.0	-423.0
16860	2010-01-20 07:42:00	2010-01-20 07:49:00	2010-01-20 07:53:00	M1.6	11041.0	POINT(-88 -23)	-23	-88	-917.0	-402.0
16870	2010-01-20 09:13:00	2010-01-20 09:29:00	2010-01-20 09:41:00	C3.7	11041.0	POINT(-88 -24)	-24	-88	-896.0	-418.0
16880	2010-01-20 10:46:00	2010-01-20 10:59:00	2010-01-20 11:10:00	M1.8	11041.0	POINT(-87 -25)	-25	-87	-898.0	-423.0
16890	2010-01-20 12:28:00	2010-01-20 12:32:00	2010-01-20 12:36:00	C3.9	11041.0	POINT(-88 -23)	-23	-88	-940.0	-413.0
16900	2010-01-20 13:19:00	2010-01-20 13:25:00	2010-01-20 13:44:00	C1.3	11041.0	POINT(-88 -24)	-24	-88	-956.0	-444.0
16910	2010-01-20 14:29:00	2010-01-20 14:41:00	2010-01-20 14:46:00	B9.2	11041.0	POINT(-88 -23)	-23	-88	-925.0	-402.0
16920	2010-01-20 15:10:00	2010-01-20 15:20:00	2010-01-20 15:28:00	C2.2	11041.0	POINT(-88 -24)	-24	-88	-911.0	-413.0
16930	2010-01-20 15:43:00	2010-01-20 15:46:00	2010-01-20 15:48:00	B9.4	11041.0	POINT(-82 -25)	-25	-82	-885.0	-407.0
16940	2010-01-20 17:10:00	2010-01-20 17:13:00	2010-01-20 17:18:00	B6.9	11041.0	POINT(-88 -23)	-23	-88	-930.0	-413.0
16950	2010-01-20 17:28:00	2010-01-20 17:33:00	2010-01-20 17:35:00	C1.0	11041.0	POINT(-84 -25)	-25	-84	-885.0	-418.0
16960	2010-01-20 17:50:00	2010-01-20 17:55:00	2010-01-20 18:00:00	M3.4	11041.0	POINT(-88 -24)	-24	-88	-896.0	-413.0
16970	2010-01-20 21:57:00	2010-01-20 22:03:00	2010-01-20 22:03:00	B6.6	11041.0	POINT(-79 -26)	-26	-79	-864.0	-431.0
16980	2010-01-21 00:21:00	2010-01-21 00:26:00	2010-01-21 00:29:00	B7.9		POINT(-80 -24)	-24	-80	-888.0	-389.0
16990	2010-01-21 03:49:00	2010-01-21 03:54:00	2010-01-21 03:58:00	C2.3	11041.0	POINT(-81 -25)	-25	-81	-883.0	-405.0
17000	2010-01-21 10:42:00	2010-01-21 10:49:00	2010-01-21 10:53:00	C1.2	11041.0	POINT(-72 -25)	-25	-72	-846.0	-402.0
17010	2010-01-22 02:57:00	2010-01-22 03:01:00	2010-01-22 03:09:00	B1.7	11041.0	POINT(-39 -9)	-9	-39	-608.0	-94.0
17020	2010-01-22 10:48:00	2010-01-22 10:53:00	2010-01-22 10:55:00	B5.6		POINT(-53 -23)	-23	-53	-727.0	-347.0
17030	2010-01-22 11:05:00	2010-01-22 11:09:00	2010-01-22 11:18:00	B3.0		POINT(-59 -24)	-24	-59	-777.0	-365.0
17040	2010-01-22 15:48:00	2010-01-22 15:55:00	2010-01-22 16:02:00	B3.0		POINT(-53 -25)	-25	-53	-722.0	-371.0
17050	2010-01-22 16:37:00	2010-01-22 16:40:00	2010-01-22 16:44:00	B2.1		POINT(-51 -25)	-25	-51	-696.0	-371.0
17060	2010-01-22 17:07:00	2010-01-22 17:11:00	2010-01-22 17:14:00	B9.6	11041.0	POINT(-55 -24)	-24	-55	-741.0	-358.0
17070	2010-01-22 20:18:00	2010-01-22 20:22:00	2010-01-22 20:25:00	B1.3		POINT(-54 -24)	-24	-54	-735.0	-360.0
17080	2010-01-23 00:11:00	2010-01-23 00:21:00	2010-01-23 00:28:00	B2.3		POINT(-49 -25)	-25	-49	-677.0	-363.0
17090	2010-01-23 05:38:00	2010-01-23 05:44:00	2010-01-23 05:49:00	B2.4		POINT(32 20)	20	32	492.0	417.0
17100	2010-01-23 06:32:00	2010-01-23 06:36:00	2010-01-23 06:44:00	B1.9		POINT(31 23)	23	31	474.0	465.0
17110	2010-01-23 07:42:00	2010-01-23 07:48:00	2010-01-23 07:54:00	B4.4		POINT(-47 -25)	-25	-47	-654.0	-365.0
17120	2010-01-23 13:22:00	2010-01-23 13:31:00	2010-01-23 13:38:00	B2.2		POINT(-44 -25)	-25	-44	-622.0	-363.0
17130	2010-01-23 16:08:00	2010-01-23 16:12:00	2010-01-23 16:17:00	B3.8		POINT(-43 -26)	-26	-43	-606.0	-376.0
17140	2010-01-23 21:01:00	2010-01-23 21:06:00	2010-01-23 21:11:00	B2.5	11042.0	POINT(-46 -27)	-27	-46	-635.0	-400.0
17150	2010-01-23 21:47:00	2010-01-23 21:52:00	2010-01-23 21:58:00	B2.5	11042.0	POINT(41 20)	20	41	618.0	412.0
17160	2010-01-24 00:52:00	2010-01-24 01:04:00	2010-01-24 01:10:00	B2.1	11042.0	POINT(43 20)	20	43	637.0	415.0
17170	2010-01-24 12:31:00	2010-01-24 12:45:00	2010-01-24 12:58:00	B3.1		POINT(-29 -26)	-26	-29	-430.0	-368.0
17180	2010-01-24 20:37:00	2010-01-24 20:51:00	2010-01-24 21:05:00	B2.0	11042.0	POINT(-73 -22)	-22	-73	-863.0	-349.0
17190	2010-01-26 00:48:00	2010-01-26 00:54:00	2010-01-26 01:05:00	B2.9	11042.0	POINT(-9 -22)	-22	-9	-154.0	-281.0
17200	2010-01-26 02:45:00	2010-01-26 02:52:00	2010-01-26 03:00:00	B1.5		POINT(87 23)	23	87	950.0	415.0
17210	2010-01-26 03:03:00	2010-01-26 03:06:00	2010-01-26 03:09:00	B1.4		POINT(-16 -26)	-26	-16	-257.0	-360.0
17220	2010-01-26 17:01:00	2010-01-26 17:05:00	2010-01-26 17:08:00	B3.2	11042.0	POINT(72 19)	19	72	889.0	354.0
17230	2010-01-26 17:40:00	2010-01-26 17:51:00	2010-01-26 17:58:00	B6.7	11042.0	POINT(-7 -27)	-27	-7	-107.0	-365.0
17240	2010-01-26 20:50:00	2010-01-26 20:56:00	2010-01-26 21:07:00	B4.6	11042.0	POINT(-5 -27)	-27	-5	-88.0	-365.0
17250	2010-01-26 21:18:00	2010-01-26 21:31:00	2010-01-26 21:36:00	B4.8	11042.0	POINT(87 24)	24	87	894.0	417.0
17260	2010-01-26 21:46:00	2010-01-26 21:51:00	2010-01-26 21:56:00	B6.3	11042.0	POINT(83 24)	24	83	889.0	420.0
17270	2010-01-26 22:52:00	2010-01-26 22:59:00	2010-01-26 23:09:00	B2.1	11042.0	POINT(87 24)	24	87	944.0	425.0
17280	2010-01-27 00:12:00	2010-01-27 00:19:00	2010-01-27 00:26:00	B6.2	11042.0	POINT(0 -27)	-27	0	13.0	-363.0
17290	2010-01-27 02:45:00	2010-01-27 02:50:00	2010-01-27 02:53:00	B2.4	11041.0	POINT(2 -28)	-28	2	32.0	-376.0
17300	2010-01-27 19:07:00	2010-01-27 19:12:00	2010-01-27 19:30:00	B1.6	11041.0	POINT(4 -20)	-20	4	73.0	-244.0
17310	2010-01-27 22:16:00	2010-01-27 22:20:00	2010-01-27 22:27:00	B1.5	11041.0	POINT(8 -18)	-18	8	144.0	-213.0
17320	2010-01-31 04:10:00	2010-01-31 04:21:00	2010-01-31 04:30:00	B1.5		POINT(42 9)	9	42	649.0	226.0
17330	2010-02-03 04:18:00	2010-02-03 05:21:00	2010-02-03 06:21:00	B1.5		POINT(-87 15)	15	-87	-964.0	278.0
17340	2010-02-03 04:18:00	2010-02-03 05:21:00	2010-02-03 06:21:00	B1.5		POINT(-87 15)	15	-87	-964.0	278.0
17350	2010-02-05 18:55:00	2010-02-05 19:03:00	2010-02-05 19:10:00	B3.6	11044.0	POINT(-31 22)	22	-31	-476.0	468.0
17360	2010-02-05 23:08:00	2010-02-05 23:17:00	2010-02-05 23:26:00	B2.8		POINT(45 27)	27	45	625.0	515.0
17370	2010-02-05 23:36:00	2010-02-05 23:39:00	2010-02-05 23:41:00	B1.5		POINT(-26 22)	22	-26	-410.0	473.0
17380	2010-02-06 06:59:00	2010-02-06 07:04:00	2010-02-06 07:09:00	C4.0		POINT(-22 21)	21	-22	-345.0	460.0
17390	2010-02-06 08:22:00	2010-02-06 08:29:00	2010-02-06 08:32:00	B2.8		POINT(-20 21)	21	-20	-321.0	460.0
17400	2010-02-06 09:42:00	2010-02-06 09:45:00	2010-02-06 09:48:00	B1.7		POINT(-19 22)	22	-19	-305.0	479.0
17410	2010-02-06 10:34:00	2010-02-06 10:48:00	2010-02-06 11:01:00	C1.0		POINT(-19 22)	22	-19	-310.0	471.0
17420	2010-02-06 14:01:00	2010-02-06 14:36:00	2010-02-06 15:10:00	B9.0	11045.0	POINT(-16 22)	22	-16	-263.0	471.0
17430	2010-02-06 15:25:00	2010-02-06 15:39:00	2010-02-06 15:49:00	C3.4	11045.0	POINT(-20 24)	24	-20	-310.0	500.0
17440	2010-02-06 18:06:00	2010-02-06 18:13:00	2010-02-06 18:31:00	B6.2		POINT(-14 22)	22	-14	-221.0	479.0
17450	2010-02-06 18:47:00	2010-02-06 18:59:00	2010-02-06 19:09:00	M2.9	11045.0	POINT(-15 21)	21	-15	-239.0	460.0
17460	2010-02-06 21:31:00	2010-02-06 21:37:00	2010-02-06 21:42:00	M1.3	11045.0	POINT(-12 22)	22	-12	-205.0	476.0
17470	2010-02-07 02:20:00	2010-02-07 02:34:00	2010-02-07 02:39:00	M6.4	11045.0	POINT(-11 21)	21	-11	-179.0	460.0
17480	2010-02-07 03:25:00	2010-02-07 03:29:00	2010-02-07 03:33:00	C1.1	11045.0	POINT(-12 22)	22	-12	-197.0	481.0
17490	2010-02-07 06:43:00	2010-02-07 06:48:00	2010-02-07 06:51:00	B6.3	11045.0	POINT(-7 21)	21	-7	-126.0	460.0
17500	2010-02-07 09:18:00	2010-02-07 09:24:00	2010-02-07 09:29:00	B3.5		POINT(-10 23)	23	-10	-163.0	489.0
17510	2010-02-07 09:44:00	2010-02-07 10:01:00	2010-02-07 10:39:00	B3.4		POINT(-16 26)	26	-16	-245.0	534.0
17520	2010-02-07 13:33:00	2010-02-07 13:37:00	2010-02-07 13:39:00	B7.1		POINT(-7 21)	21	-7	-113.0	460.0
17530	2010-02-07 21:09:00	2010-02-07 21:15:00	2010-02-07 21:19:00	C4.2	11045.0	POINT(0 21)	21	0	-8.0	465.0
17540	2010-02-07 21:31:00	2010-02-07 21:39:00	2010-02-07 21:45:00	C4.2	11045.0	POINT(-2 23)	23	-2	-34.0	486.0
17550	2010-02-07 22:28:00	2010-02-07 22:31:00	2010-02-07 22:33:00	C1.0	11045.0	POINT(1 21)	21	1	17.0	471.0
17560	2010-02-08 00:10:00	2010-02-08 00:16:00	2010-02-08 00:18:00	C1.4	11045.0	POINT(0 20)	20	0	12.0	450.0
17570	2010-02-08 03:52:00	2010-02-08 03:58:00	2010-02-08 04:02:00	C2.4	11045.0	POINT(-2 26)	26	-2	-31.0	525.0
17580	2010-02-08 04:04:00	2010-02-08 04:15:00	2010-02-08 04:20:00	C7.7	11045.0	POINT(-7 26)	26	-7	-114.0	531.0
17590	2010-02-08 05:12:00	2010-02-08 05:23:00	2010-02-08 05:30:00	C8.6	11045.0	POINT(-11 31)	31	-11	-166.0	600.0
17600	2010-02-08 05:59:00	2010-02-08 06:06:00	2010-02-08 06:13:00	C6.8	11045.0	POINT(-2 25)	25	-2	-32.0	512.0
17610	2010-02-08 06:59:00	2010-02-08 07:03:00	2010-02-08 07:08:00	C1.9	11045.0	POINT(-2 27)	27	-2	-38.0	543.0
17620	2010-02-08 07:36:00	2010-02-08 07:43:00	2010-02-08 07:46:00	M4.0	11045.0	POINT(-5 26)	26	-5	-90.0	529.0
17630	2010-02-08 08:03:00	2010-02-08 08:07:00	2010-02-08 08:10:00	C1.9	11045.0	POINT(38 -43)	-43	38	444.0	-602.0
17640	2010-02-08 09:54:00	2010-02-08 09:58:00	2010-02-08 10:03:00	C2.8	11045.0	POINT(6 19)	19	6	99.0	431.0
17650	2010-02-08 11:00:00	2010-02-08 11:05:00	2010-02-08 11:06:00	C1.3	11045.0	POINT(3 21)	21	3	57.0	468.0
17660	2010-02-08 11:57:00	2010-02-08 12:03:00	2010-02-08 12:06:00	M1.1	11045.0	POINT(7 21)	21	7	115.0	468.0
17670	2010-02-08 14:56:00	2010-02-08 15:03:00	2010-02-08 15:15:00	C1.2	11045.0	POINT(0 25)	25	0	1.0	510.0
17680	2010-02-08 15:28:00	2010-02-08 15:36:00	2010-02-08 15:39:00	C1.3	11045.0	POINT(7 25)	25	7	115.0	511.0
17690	2010-02-08 15:46:00	2010-02-08 15:52:00	2010-02-08 15:56:00	C3.8	11045.0	POINT(6 20)	20	6	107.0	455.0
17700	2010-02-08 17:22:00	2010-02-08 17:26:00	2010-02-08 17:35:00	B7.0	11045.0	POINT(12 16)	16	12	201.0	379.0
17710	2010-02-08 17:43:00	2010-02-08 17:49:00	2010-02-08 17:56:00	B7.7	11045.0	POINT(9 23)	23	9	146.0	492.0
17720	2010-02-08 18:03:00	2010-02-08 18:08:00	2010-02-08 18:11:00	C1.3	11045.0	POINT(8 21)	21	8	138.0	460.0
17730	2010-02-08 18:21:00	2010-02-08 18:25:00	2010-02-08 18:29:00	B7.8	11045.0	POINT(8 23)	23	8	133.0	486.0
17740	2010-02-08 19:02:00	2010-02-08 19:10:00	2010-02-08 19:20:00	C2.4	11045.0	POINT(11 21)	21	11	183.0	460.0
17750	2010-02-08 19:34:00	2010-02-08 19:38:00	2010-02-08 19:40:00	C1.7	11045.0	POINT(8 20)	20	8	138.0	455.0
17760	2010-02-08 20:01:00	2010-02-08 20:06:00	2010-02-08 20:09:00	B8.6	11045.0	POINT(14 20)	20	14	233.0	452.0
17770	2010-02-08 21:01:00	2010-02-08 21:09:00	2010-02-08 21:09:00	B4.9	11045.0	POINT(10 21)	21	10	167.0	468.0
17780	2010-02-08 21:53:00	2010-02-08 21:58:00	2010-02-08 22:01:00	C2.2	11045.0	POINT(11 22)	22	11	180.0	481.0
17790	2010-02-08 22:34:00	2010-02-08 22:39:00	2010-02-08 22:44:00	B8.4	11045.0	POINT(13 23)	23	13	201.0	497.0
17800	2010-02-09 00:13:00	2010-02-09 00:29:00	2010-02-09 00:54:00	B6.1	11045.0	POINT(12 21)	21	12	196.0	465.0
17810	2010-02-09 01:13:00	2010-02-09 01:25:00	2010-02-09 01:34:00	C2.7	11045.0	POINT(11 22)	22	11	180.0	471.0
17820	2010-02-09 08:44:00	2010-02-09 08:49:00	2010-02-09 08:54:00	B6.5	11045.0	POINT(16 22)	22	16	251.0	481.0
17830	2010-02-09 10:24:00	2010-02-09 10:31:00	2010-02-09 10:46:00	B2.5		POINT(19 21)	21	19	301.0	460.0
17840	2010-02-09 11:24:00	2010-02-09 11:31:00	2010-02-09 11:39:00	C1.8		POINT(20 21)	21	20	320.0	463.0
17850	2010-02-09 17:37:00	2010-02-09 17:41:00	2010-02-09 17:48:00	B2.4		POINT(-39 4)	4	-39	-613.0	157.0
17860	2010-02-10 00:23:00	2010-02-10 00:26:00	2010-02-10 00:28:00	C1.5		POINT(20 19)	19	20	316.0	429.0
17870	2010-02-10 02:15:00	2010-02-10 02:20:00	2010-02-10 02:25:00	B2.8		POINT(18 26)	26	18	283.0	530.0
17880	2010-02-10 05:56:00	2010-02-10 05:59:00	2010-02-10 06:02:00	B3.4		POINT(22 21)	21	22	343.0	454.0
17890	2010-02-10 06:11:00	2010-02-10 06:14:00	2010-02-10 06:17:00	B8.6	11045.0	POINT(29 21)	21	29	451.0	447.0
17900	2010-02-10 07:03:00	2010-02-10 07:09:00	2010-02-10 07:15:00	B4.8	11045.0	POINT(28 22)	22	28	441.0	460.0
17910	2010-02-10 07:16:00	2010-02-10 07:19:00	2010-02-10 07:21:00	B7.7		POINT(30 21)	21	30	467.0	457.0
17920	2010-02-10 08:08:00	2010-02-10 08:12:00	2010-02-10 08:17:00	B4.2		POINT(-43 22)	22	-43	-621.0	452.0
17930	2010-02-10 11:43:00	2010-02-10 11:50:00	2010-02-10 11:56:00	B3.4		POINT(26 16)	16	26	412.0	377.0
17940	2010-02-10 14:58:00	2010-02-10 15:02:00	2010-02-10 15:02:00	B5.3	11045.0	POINT(33 22)	22	33	504.0	457.0
17950	2010-02-10 15:10:00	2010-02-10 15:14:00	2010-02-10 15:19:00	C3.7	11045.0	POINT(34 21)	21	34	525.0	444.0
17960	2010-02-10 22:03:00	2010-02-10 22:10:00	2010-02-10 22:16:00	B9.5		POINT(-37 22)	22	-37	-544.0	453.0
17970	2010-02-10 23:12:00	2010-02-10 23:15:00	2010-02-10 23:18:00	B3.8		POINT(-28 25)	25	-28	-423.0	506.0
17980	2010-02-12 03:54:00	2010-02-12 03:58:00	2010-02-12 04:01:00	B3.2		POINT(-13 23)	23	-13	-213.0	494.0
17990	2010-02-12 07:18:00	2010-02-12 07:25:00	2010-02-12 07:28:00	C7.9	11046.0	POINT(-20 31)	31	-20	-297.0	598.0
18000	2010-02-12 09:38:00	2010-02-12 09:42:00	2010-02-12 09:45:00	B9.6	11046.0	POINT(-16 29)	29	-16	-242.0	574.0
18010	2010-02-12 11:19:00	2010-02-12 11:26:00	2010-02-12 11:28:00	M8.3	11046.0	POINT(-7 21)	21	-7	-124.0	463.0
18020	2010-02-12 12:42:00	2010-02-12 12:46:00	2010-02-12 12:49:00	B8.9		POINT(-4 23)	23	-4	-62.0	483.0
18030	2010-02-12 15:25:00	2010-02-12 15:29:00	2010-02-12 15:32:00	B6.2		POINT(58 25)	25	58	756.0	476.0
18040	2010-02-12 15:46:00	2010-02-12 15:51:00	2010-02-12 15:54:00	B6.5		POINT(58 26)	26	58	754.0	484.0
18050	2010-02-12 17:52:00	2010-02-12 18:08:00	2010-02-12 18:15:00	M1.1	11045.0	POINT(57 27)	27	57	730.0	500.0
18060	2010-02-12 20:46:00	2010-02-12 20:51:00	2010-02-12 20:55:00	C1.3	11046.0	POINT(-5 25)	25	-5	-82.0	523.0
18070	2010-02-12 21:20:00	2010-02-12 23:30:00	2010-02-13 00:40:00	C1.0		POINT(58 27)	27	58	746.0	500.0
18080	2010-02-12 22:33:00	2010-02-12 22:40:00	2010-02-12 22:44:00	C3.0	11045.0	POINT(59 25)	25	59	764.0	473.0
18090	2010-02-13 01:39:00	2010-02-13 01:46:00	2010-02-13 01:49:00	B7.9	11046.0	POINT(85 29)	29	85	885.0	500.0
18100	2010-02-13 02:39:00	2010-02-13 03:23:00	2010-02-13 03:29:00	B5.1		POINT(85 29)	29	85	904.0	510.0
18110	2010-02-13 07:46:00	2010-02-13 07:52:00	2010-02-13 08:06:00	C4.3	11048.0	POINT(-86 20)	20	-86	-923.0	358.0
18120	2010-02-13 12:28:00	2010-02-13 12:39:00	2010-02-13 12:48:00	C9.6	11048.0	POINT(-87 20)	20	-87	-926.0	350.0
18130	2010-02-13 18:12:00	2010-02-13 18:17:00	2010-02-13 18:21:00	B4.3	11046.0	POINT(60 27)	27	60	759.0	507.0
18140	2010-02-13 19:58:00	2010-02-13 20:04:00	2010-02-13 20:08:00	C2.7	11046.0	POINT(14 24)	24	14	228.0	515.0
18150	2010-02-13 20:42:00	2010-02-13 20:52:00	2010-02-13 21:05:00	C3.0		POINT(-82 21)	21	-82	-907.0	368.0
18160	2010-02-13 23:24:00	2010-02-13 23:31:00	2010-02-13 23:33:00	B5.3	11046.0	POINT(4 25)	25	4	75.0	526.0
18170	2010-02-14 08:52:00	2010-02-14 09:01:00	2010-02-14 09:09:00	B6.5	11048.0	POINT(86 23)	23	86	901.0	397.0
18180	2010-02-14 11:49:00	2010-02-14 12:04:00	2010-02-14 12:18:00	C4.3	11048.0	POINT(-73 20)	20	-73	-886.0	365.0
18190	2010-02-14 20:07:00	2010-02-14 20:12:00	2010-02-14 20:23:00	B2.7		POINT(-70 21)	21	-70	-865.0	389.0
18200	2010-02-14 21:33:00	2010-02-14 21:38:00	2010-02-14 21:41:00	B2.5		POINT(54 25)	25	54	713.0	476.0
18210	2010-02-15 01:05:00	2010-02-15 01:16:00	2010-02-15 01:34:00	C1.9		POINT(-66 20)	20	-66	-847.0	384.0
18220	2010-02-15 10:30:00	2010-02-15 10:34:00	2010-02-15 10:36:00	B2.3		POINT(-59 19)	19	-59	-802.0	387.0
18230	2010-02-15 10:42:00	2010-02-15 10:47:00	2010-02-15 10:55:00	B5.0		POINT(-59 20)	20	-59	-800.0	392.0
18240	2010-02-15 15:30:00	2010-02-15 15:34:00	2010-02-15 15:56:00	B1.7		POINT(-56 20)	20	-56	-776.0	394.0
18250	2010-02-15 17:35:00	2010-02-15 17:40:00	2010-02-15 17:44:00	B1.9		POINT(68 26)	26	68	814.0	479.0
18260	2010-02-17 06:47:00	2010-02-17 06:53:00	2010-02-17 07:02:00	B1.1		POINT(-10 -19)	-19	-10	-166.0	-210.0
18270	2010-02-17 07:29:00	2010-02-17 07:41:00	2010-02-17 07:55:00	B2.6	11048.0	POINT(-36 19)	19	-36	-552.0	423.0
18280	2010-02-17 20:28:00	2010-02-17 20:31:00	2010-02-17 20:35:00	B1.3	11049.0	POINT(61 25)	25	61	780.0	465.0
18290	2010-02-17 23:41:00	2010-02-17 23:44:00	2010-02-17 23:52:00	B1.1	11049.0	POINT(-2 -18)	-18	-2	-37.0	-202.0
18300	2010-02-18 00:50:00	2010-02-18 01:00:00	2010-02-18 01:05:00	B1.3	11049.0	POINT(-34 24)	24	-34	-496.0	487.0
18310	2010-02-18 11:32:00	2010-02-18 11:37:00	2010-02-18 11:45:00	B1.8	11049.0	POINT(7 -19)	-19	7	120.0	-207.0
18320	2010-02-19 09:05:00	2010-02-19 09:16:00	2010-02-19 09:33:00	B2.7	11049.0	POINT(18 -20)	-20	18	296.0	-228.0
18330	2010-02-20 09:15:00	2010-02-20 09:19:00	2010-02-20 09:27:00	B1.2	11046.0	POINT(2 25)	25	2	30.0	531.0
18340	2010-02-21 01:50:00	2010-02-21 01:56:00	2010-02-21 02:01:00	B1.4		POINT(-45 -25)	-25	-45	-629.0	-349.0
18350	2010-02-21 11:12:00	2010-02-21 12:16:00	2010-02-21 12:26:00	B1.2		POINT(50 -19)	-19	50	712.0	-254.0
18360	2010-02-21 15:40:00	2010-02-21 16:08:00	2010-02-21 16:41:00	B1.4		POINT(-36 -27)	-27	-36	-518.0	-357.0
18370	2010-02-22 13:13:00	2010-02-22 13:23:00	2010-02-22 13:32:00	B2.2		POINT(-87 13)	13	-87	-973.0	245.0
18380	2010-02-22 18:27:00	2010-02-22 18:33:00	2010-02-22 18:39:00	B1.5	11049.0	POINT(70 -20)	-20	70	864.0	-304.0
18390	2010-02-22 21:32:00	2010-02-22 21:37:00	2010-02-22 21:56:00	B1.4	11049.0	POINT(67 -16)	-16	67	869.0	-233.0
18400	2010-02-22 22:56:00	2010-02-22 23:00:00	2010-02-22 23:04:00	B2.5	11049.0	POINT(-87 15)	15	-87	-963.0	263.0
18410	2010-02-23 23:56:00	2010-02-24 00:01:00	2010-02-24 00:09:00	B3.0	11051.0	POINT(-87 16)	16	-87	-942.0	284.0
18420	2010-02-24 01:56:00	2010-02-24 02:05:00	2010-02-24 02:09:00	B3.1		POINT(85 -16)	-16	85	938.0	-265.0
18430	2010-02-24 02:18:00	2010-02-24 02:23:00	2010-02-24 02:26:00	B3.5	11051.0	POINT(-81 14)	14	-81	-936.0	268.0
18440	2010-02-24 18:28:00	2010-02-24 18:31:00	2010-02-24 18:35:00	B1.5	11049.0	POINT(-67 15)	15	-67	-873.0	305.0
18450	2010-02-26 12:23:00	2010-02-26 12:31:00	2010-02-26 12:32:00	B1.1	11050.0	POINT(-47 18)	18	-47	-692.0	387.0
18460	2010-02-27 19:24:00	2010-02-27 19:29:00	2010-02-27 19:34:00	B1.6	11051.0	POINT(-27 16)	16	-27	-434.0	389.0
18470	2010-02-27 22:20:00	2010-02-27 22:24:00	2010-02-27 22:26:00	B1.1	11051.0	POINT(-25 17)	17	-25	-405.0	394.0
18480	2010-02-28 23:36:00	2010-02-28 23:40:00	2010-02-28 23:46:00	B1.1		POINT(-15 18)	18	-15	-253.0	421.0
18490	2010-03-01 22:26:00	2010-03-01 22:58:00	2010-03-01 22:59:00	B6.5		POINT(-85 29)	29	-85	-857.0	481.0
18500	2010-03-03 22:32:00	2010-03-03 22:44:00	2010-03-03 22:44:00	B1.5		POINT(-60 24)	24	-60	-762.0	461.0
18510	2010-03-04 03:28:00	2010-03-04 03:36:00	2010-03-04 03:42:00	B2.0		POINT(55 -17)	-17	55	769.0	-230.0
18520	2010-03-04 04:10:00	2010-03-04 04:17:00	2010-03-04 04:22:00	B1.7		POINT(56 -16)	-16	56	777.0	-212.0
18530	2010-03-04 05:01:00	2010-03-04 05:15:00	2010-03-04 05:23:00	B2.6		POINT(61 -16)	-16	61	825.0	-212.0
18540	2010-03-04 05:57:00	2010-03-04 05:58:00	2010-03-04 06:02:00	B3.9		POINT(64 -17)	-17	64	846.0	-233.0
18550	2010-03-04 07:31:00	2010-03-04 07:37:00	2010-03-04 07:37:00	B1.3		POINT(65 -17)	-17	65	848.0	-238.0
18560	2010-03-04 08:00:00	2010-03-04 08:08:00	2010-03-04 08:14:00	B2.0		POINT(62 -15)	-15	62	833.0	-209.0
18570	2010-03-04 12:03:00	2010-03-04 12:11:00	2010-03-04 12:23:00	B4.1		POINT(63 -16)	-16	63	838.0	-230.0
18580	2010-03-04 13:28:00	2010-03-04 13:31:00	2010-03-04 13:33:00	B6.0	11052.0	POINT(60 -16)	-16	60	819.0	-209.0
18590	2010-03-04 16:03:00	2010-03-04 16:11:00	2010-03-04 16:16:00	C2.2	11052.0	POINT(66 -16)	-16	66	861.0	-228.0
18600	2010-03-04 17:44:00	2010-03-04 17:56:00	2010-03-04 18:07:00	B4.3	11053.0	POINT(74 -15)	-15	74	906.0	-222.0
18610	2010-03-04 20:59:00	2010-03-04 21:06:00	2010-03-04 21:13:00	B2.0		POINT(82 -20)	-20	82	906.0	-325.0
18620	2010-03-04 21:31:00	2010-03-04 21:35:00	2010-03-04 21:45:00	B2.2	11052.0	POINT(71 -15)	-15	71	893.0	-217.0
18630	2010-03-04 23:29:00	2010-03-04 23:39:00	2010-03-04 23:40:00	B1.9		POINT(33 15)	15	33	513.0	355.0
18640	2010-03-05 12:50:00	2010-03-05 12:57:00	2010-03-05 13:03:00	B2.8		POINT(54 -8)	-8	54	780.0	-67.0
18650	2010-03-06 01:03:00	2010-03-06 01:07:00	2010-03-06 01:10:00	B1.2	11053.0	POINT(76 -22)	-22	76	869.0	-343.0
18660	2010-03-06 07:33:00	2010-03-06 08:01:00	2010-03-06 09:25:00	B5.2		POINT(-15 25)	25	-15	-247.0	521.0
18670	2010-03-06 14:34:00	2010-03-06 14:39:00	2010-03-06 14:43:00	B1.3		POINT(87 -23)	-23	87	917.0	-409.0
18680	2010-03-06 14:57:00	2010-03-06 15:02:00	2010-03-06 15:10:00	B2.5		POINT(88 -17)	-17	88	932.0	-296.0
18690	2010-03-06 21:07:00	2010-03-06 21:13:00	2010-03-06 21:20:00	B1.7		POINT(88 -16)	-16	88	956.0	-280.0
18700	2010-03-07 00:46:00	2010-03-07 00:54:00	2010-03-07 01:02:00	B1.1		POINT(-11 26)	26	-11	-171.0	542.0
18710	2010-03-07 02:22:00	2010-03-07 02:27:00	2010-03-07 02:32:00	B1.9		POINT(-19 24)	24	-19	-303.0	510.0
18720	2010-03-07 04:33:00	2010-03-07 04:43:00	2010-03-07 04:54:00	B2.2		POINT(-18 23)	23	-18	-284.0	502.0
18730	2010-03-10 06:10:00	2010-03-10 07:13:00	2010-03-10 07:47:00	B3.0		POINT(-35 25)	25	-35	-513.0	513.0
18740	2010-03-10 15:29:00	2010-03-10 15:34:00	2010-03-10 15:41:00	B1.7	11054.0	POINT(-62 12)	12	-62	-850.0	269.0
18750	2010-03-11 04:19:00	2010-03-11 04:23:00	2010-03-11 04:27:00	B1.2		POINT(-54 13)	13	-54	-774.0	300.0
18760	2010-03-11 12:18:00	2010-03-11 12:25:00	2010-03-11 12:28:00	B2.5		POINT(-50 14)	14	-50	-731.0	316.0
18770	2010-03-11 16:50:00	2010-03-11 16:53:00	2010-03-11 16:57:00	B1.4		POINT(-49 13)	13	-49	-729.0	298.0
18780	2010-03-11 17:14:00	2010-03-11 17:18:00	2010-03-11 17:24:00	B1.6		POINT(-47 12)	12	-47	-710.0	295.0
18790	2010-03-11 17:41:00	2010-03-11 17:45:00	2010-03-11 17:50:00	B1.5		POINT(-47 14)	14	-47	-700.0	321.0
18800	2010-03-11 20:08:00	2010-03-11 20:24:00	2010-03-11 20:27:00	B2.8	11054.0	POINT(-46 13)	13	-46	-689.0	305.0
18810	2010-03-11 20:33:00	2010-03-11 20:39:00	2010-03-11 20:46:00	B4.6	11054.0	POINT(-44 13)	13	-44	-674.0	316.0
18820	2010-03-11 20:52:00	2010-03-11 20:53:00	2010-03-11 20:56:00	B3.2	11054.0	POINT(-49 16)	16	-49	-705.0	349.0
18830	2010-03-11 21:48:00	2010-03-11 21:55:00	2010-03-11 22:00:00	B1.4		POINT(-44 12)	12	-44	-668.0	298.0
18840	2010-03-12 00:02:00	2010-03-12 00:08:00	2010-03-12 00:11:00	B2.0		POINT(-43 12)	12	-43	-655.0	300.0
18850	2010-03-12 11:02:00	2010-03-12 11:10:00	2010-03-12 11:15:00	B2.5		POINT(-37 12)	12	-37	-582.0	311.0
18860	2010-03-12 13:17:00	2010-03-12 13:25:00	2010-03-12 13:31:00	B1.4		POINT(-36 13)	13	-36	-574.0	319.0
18870	2010-03-12 13:42:00	2010-03-12 13:46:00	2010-03-12 13:51:00	B1.9		POINT(-36 12)	12	-36	-566.0	311.0
18880	2010-03-12 14:47:00	2010-03-12 14:53:00	2010-03-12 15:03:00	B3.3		POINT(-35 13)	13	-35	-555.0	321.0
18890	2010-03-12 15:24:00	2010-03-12 15:31:00	2010-03-12 15:36:00	B3.2		POINT(-33 13)	13	-33	-532.0	324.0
18900	2010-03-12 16:24:00	2010-03-12 16:29:00	2010-03-12 16:39:00	B4.3		POINT(-34 12)	12	-34	-550.0	313.0
18910	2010-03-12 18:02:00	2010-03-12 18:27:00	2010-03-12 18:45:00	C2.3	11054.0	POINT(-32 13)	13	-32	-511.0	321.0
18920	2010-03-13 02:31:00	2010-03-13 02:58:00	2010-03-13 03:14:00	B8.7	11054.0	POINT(-28 12)	12	-28	-453.0	319.0
18930	2010-03-13 09:47:00	2010-03-13 09:50:00	2010-03-13 09:59:00	B2.4		POINT(-25 12)	12	-25	-411.0	324.0
18940	2010-03-13 09:59:00	2010-03-13 10:04:00	2010-03-13 10:07:00	B3.6		POINT(-82 22)	22	-82	-889.0	392.0
18950	2010-03-13 15:45:00	2010-03-13 15:52:00	2010-03-13 16:01:00	B5.4		POINT(-21 13)	13	-21	-353.0	329.0
18960	2010-03-13 16:50:00	2010-03-13 18:10:00	2010-03-13 20:18:00	B4.0		POINT(85 28)	28	85	856.0	479.0
18970	2010-03-13 19:14:00	2010-03-13 19:17:00	2010-03-13 19:20:00	B2.2		POINT(-18 12)	12	-18	-308.0	329.0
18980	2010-03-13 20:17:00	2010-03-13 20:22:00	2010-03-13 20:25:00	B4.0		POINT(-15 13)	13	-15	-253.0	337.0
18990	2010-03-13 23:35:00	2010-03-13 23:49:00	2010-03-14 00:23:00	C1.5	11054.0	POINT(-15 13)	13	-15	-266.0	337.0
19000	2010-03-14 02:28:00	2010-03-14 02:36:00	2010-03-14 02:41:00	B3.1		POINT(-14 13)	13	-14	-234.0	342.0
19010	2010-03-14 04:07:00	2010-03-14 04:20:00	2010-03-14 04:24:00	C1.3	11054.0	POINT(-15 13)	13	-15	-258.0	334.0
19020	2010-03-14 05:20:00	2010-03-14 05:24:00	2010-03-14 05:29:00	B3.3	11054.0	POINT(-10 12)	12	-10	-176.0	332.0
19030	2010-03-14 05:43:00	2010-03-14 05:49:00	2010-03-14 05:51:00	B5.2	11054.0	POINT(-87 14)	14	-87	-960.0	253.0
19040	2010-03-14 07:45:00	2010-03-14 07:54:00	2010-03-14 07:59:00	B2.4	11054.0	POINT(-87 14)	14	-87	-960.0	256.0
19050	2010-03-14 11:47:00	2010-03-14 12:02:00	2010-03-14 12:30:00	B7.9	11054.0	POINT(-9 12)	12	-9	-155.0	327.0
19060	2010-03-14 17:04:00	2010-03-14 17:13:00	2010-03-14 17:22:00	B2.1	11054.0	POINT(1 15)	15	1	28.0	379.0
19070	2010-03-15 03:34:00	2010-03-15 03:38:00	2010-03-15 03:41:00	B1.4		POINT(0 11)	11	0	7.0	316.0
19080	2010-03-15 03:49:00	2010-03-15 03:55:00	2010-03-15 03:59:00	B1.6		POINT(8 15)	15	8	128.0	374.0
19090	2010-03-15 08:34:00	2010-03-15 08:40:00	2010-03-15 08:46:00	B1.7		POINT(10 15)	15	10	172.0	371.0
19100	2010-03-15 18:00:00	2010-03-15 18:03:00	2010-03-15 18:06:00	B2.4		POINT(-86 19)	19	-86	-923.0	334.0
19110	2010-03-15 20:54:00	2010-03-15 20:58:00	2010-03-15 21:00:00	B1.8		POINT(8 13)	13	8	130.0	337.0
19120	2010-03-15 21:49:00	2010-03-15 21:53:00	2010-03-15 21:56:00	B2.7		POINT(-76 16)	16	-76	-908.0	308.0
19130	2010-03-17 12:46:00	2010-03-17 12:51:00	2010-03-17 13:02:00	B1.6		POINT(-55 17)	17	-55	-766.0	355.0
19140	2010-03-17 15:21:00	2010-03-17 15:24:00	2010-03-17 15:28:00	B1.0		POINT(-5 27)	27	-5	-78.0	555.0
19150	2010-03-18 05:43:00	2010-03-18 06:10:00	2010-03-18 06:28:00	B4.0		POINT(-43 19)	19	-43	-631.0	405.0
19160	2010-03-18 11:09:00	2010-03-18 11:15:00	2010-03-18 11:18:00	B5.3		POINT(-22 23)	23	-22	-350.0	492.0
19170	2010-03-18 12:33:00	2010-03-18 12:53:00	2010-03-18 13:06:00	B7.5	11054.0	POINT(47 15)	15	47	692.0	340.0
19180	2010-03-18 14:08:00	2010-03-18 14:11:00	2010-03-18 14:15:00	B2.1		POINT(52 16)	16	52	738.0	340.0
19190	2010-03-18 14:34:00	2010-03-18 14:43:00	2010-03-18 14:50:00	B5.4		POINT(51 15)	15	51	735.0	334.0
19200	2010-03-18 18:00:00	2010-03-18 18:12:00	2010-03-18 18:20:00	B3.9		POINT(56 16)	16	56	775.0	332.0
19210	2010-03-18 22:43:00	2010-03-18 22:48:00	2010-03-18 22:51:00	B1.2		POINT(47 18)	18	47	671.0	378.0
19220	2010-03-18 22:56:00	2010-03-18 23:08:00	2010-03-18 23:15:00	B7.0	11054.0	POINT(58 16)	16	58	792.0	334.0
19230	2010-03-19 04:55:00	2010-03-19 04:58:00	2010-03-19 05:04:00	B1.4		POINT(58 13)	13	58	804.0	282.0
19240	2010-03-19 08:32:00	2010-03-19 08:35:00	2010-03-19 08:45:00	B1.2	11054.0	POINT(60 16)	16	60	806.0	337.0
19250	2010-03-20 21:45:00	2010-03-20 21:58:00	2010-03-20 22:07:00	B4.2		POINT(-15 18)	18	-15	-243.0	415.0
19260	2010-03-20 23:04:00	2010-03-20 23:12:00	2010-03-20 23:22:00	B8.1	11056.0	POINT(-5 17)	17	-5	-92.0	405.0
19270	2010-03-21 00:09:00	2010-03-21 00:18:00	2010-03-21 00:25:00	B5.5		POINT(87 17)	17	87	930.0	300.0
19280	2010-03-21 00:42:00	2010-03-21 00:46:00	2010-03-21 00:48:00	B3.8		POINT(-6 18)	18	-6	-108.0	416.0
19290	2010-03-21 01:12:00	2010-03-21 01:24:00	2010-03-21 01:33:00	B6.5	11056.0	POINT(-70 25)	25	-70	-829.0	450.0
19300	2010-03-21 02:21:00	2010-03-21 02:29:00	2010-03-21 02:38:00	B3.0		POINT(88 14)	14	88	962.0	247.0
19310	2010-03-21 04:47:00	2010-03-21 04:54:00	2010-03-21 04:56:00	B3.9		POINT(-8 25)	25	-8	-132.0	525.0
19320	2010-03-21 05:56:00	2010-03-21 06:00:00	2010-03-21 06:03:00	B3.2		POINT(-2 18)	18	-2	-52.0	416.0
19330	2010-03-21 07:38:00	2010-03-21 07:53:00	2010-03-21 07:53:00	B1.9		POINT(-73 -22)	-22	-73	-860.0	-346.0
19340	2010-03-21 08:31:00	2010-03-21 09:00:00	2010-03-21 09:16:00	B6.8	11056.0	POINT(88 11)	11	88	1009.0	214.0
19350	2010-03-21 14:26:00	2010-03-21 14:31:00	2010-03-21 14:42:00	B1.6		POINT(58 -5)	-5	58	827.0	-30.0
19360	2010-03-21 17:52:00	2010-03-21 18:17:00	2010-03-21 18:31:00	B2.2		POINT(88 15)	15	88	962.0	263.0
19370	2010-03-21 20:06:00	2010-03-21 20:09:00	2010-03-21 20:11:00	B1.2		POINT(6 19)	19	6	97.0	437.0
19380	2010-03-21 23:40:00	2010-03-21 23:45:00	2010-03-21 23:48:00	B1.6		POINT(6 19)	19	6	101.0	432.0
19390	2010-03-22 00:09:00	2010-03-22 00:12:00	2010-03-22 00:14:00	B1.0		POINT(8 18)	18	8	138.0	411.0
19400	2010-03-22 01:39:00	2010-03-22 01:44:00	2010-03-22 01:48:00	B1.3		POINT(8 19)	19	8	128.0	429.0
19410	2010-03-22 04:10:00	2010-03-22 04:13:00	2010-03-22 04:19:00	B1.0		POINT(8 19)	19	8	139.0	434.0
19420	2010-03-22 16:07:00	2010-03-22 16:10:00	2010-03-22 16:13:00	B1.0		POINT(19 18)	18	19	309.0	406.0
19430	2010-03-23 08:59:00	2010-03-23 09:10:00	2010-03-23 09:17:00	B2.5		POINT(-80 16)	16	-80	-920.0	289.0
19440	2010-03-23 14:44:00	2010-03-23 14:47:00	2010-03-23 14:49:00	B2.5		POINT(32 19)	19	32	492.0	413.0
19450	2010-03-23 18:58:00	2010-03-23 19:21:00	2010-03-23 20:00:00	B5.9	11057.0	POINT(-77 17)	17	-77	-904.0	318.0
19460	2010-03-23 22:58:00	2010-03-23 23:01:00	2010-03-23 23:03:00	B2.7		POINT(-87 14)	14	-87	-954.0	245.0
19470	2010-03-24 13:26:00	2010-03-24 13:30:00	2010-03-24 13:34:00	B1.3		POINT(-12 26)	26	-12	-194.0	534.0
19480	2010-03-24 13:55:00	2010-03-24 13:58:00	2010-03-24 14:01:00	B1.4		POINT(-61 15)	15	-61	-828.0	316.0
19490	2010-03-24 14:31:00	2010-03-24 14:34:00	2010-03-24 14:41:00	B1.8		POINT(-60 15)	15	-60	-817.0	316.0
19500	2010-03-24 16:09:00	2010-03-24 16:14:00	2010-03-24 16:19:00	B1.8		POINT(-61 17)	17	-61	-820.0	339.0
19510	2010-03-25 00:35:00	2010-03-25 01:45:00	2010-03-25 03:15:00	B1.1		POINT(-87 -22)	-22	-87	-938.0	-383.0
19520	2010-03-25 03:51:00	2010-03-25 04:33:00	2010-03-25 04:55:00	B7.3	11057.0	POINT(-57 22)	22	-57	-759.0	424.0
19530	2010-03-25 07:52:00	2010-03-25 07:55:00	2010-03-25 07:58:00	B1.2		POINT(54 20)	20	54	744.0	395.0
19540	2010-03-25 10:53:00	2010-03-25 11:06:00	2010-03-25 11:16:00	B3.2	11057.0	POINT(-50 17)	17	-50	-720.0	363.0
19550	2010-03-25 14:03:00	2010-03-25 14:13:00	2010-03-25 14:25:00	B3.6	11057.0	POINT(-49 17)	17	-49	-704.0	366.0
19560	2010-03-25 14:32:00	2010-03-25 14:37:00	2010-03-25 14:43:00	B6.0	11057.0	POINT(-49 16)	16	-49	-707.0	350.0
19570	2010-03-25 15:00:00	2010-03-25 15:04:00	2010-03-25 15:09:00	B4.5	11057.0	POINT(-48 16)	16	-48	-704.0	350.0
19580	2010-03-25 22:39:00	2010-03-25 22:44:00	2010-03-25 22:47:00	B1.7	11057.0	POINT(53 15)	15	53	746.0	326.0
19590	2010-03-26 02:14:00	2010-03-26 02:23:00	2010-03-26 02:41:00	B3.0	11057.0	POINT(-43 13)	13	-43	-657.0	313.0
19600	2010-03-26 19:04:00	2010-03-26 19:22:00	2010-03-26 19:34:00	B1.3		POINT(76 21)	21	76	878.0	379.0
19610	2010-03-26 21:08:00	2010-03-26 21:16:00	2010-03-26 21:19:00	C2.5	11057.0	POINT(-35 10)	10	-35	-549.0	260.0
19620	2010-03-26 22:34:00	2010-03-26 22:38:00	2010-03-26 22:42:00	B2.0		POINT(-33 14)	14	-33	-520.0	331.0
19630	2010-03-26 23:34:00	2010-03-26 23:38:00	2010-03-26 23:41:00	B3.1		POINT(20 24)	24	20	305.0	492.0
19640	2010-03-27 00:08:00	2010-03-27 00:11:00	2010-03-27 00:15:00	B2.1		POINT(20 26)	26	20	297.0	526.0
19650	2010-03-27 01:40:00	2010-03-27 01:43:00	2010-03-27 01:47:00	B1.7		POINT(-32 15)	15	-32	-504.0	355.0
19660	2010-03-27 01:49:00	2010-03-27 01:52:00	2010-03-27 01:54:00	B2.6		POINT(-31 14)	14	-31	-491.0	334.0
19670	2010-03-27 04:34:00	2010-03-27 04:37:00	2010-03-27 04:41:00	B2.1		POINT(87 21)	21	87	904.0	352.0
19680	2010-03-27 05:12:00	2010-03-27 05:15:00	2010-03-27 05:18:00	C1.2	11057.0	POINT(-29 14)	14	-29	-465.0	334.0
19690	2010-03-27 07:35:00	2010-03-27 07:39:00	2010-03-27 07:41:00	B1.1		POINT(25 26)	26	25	371.0	521.0
19700	2010-03-27 07:54:00	2010-03-27 07:57:00	2010-03-27 08:00:00	C2.0	11057.0	POINT(-27 14)	14	-27	-441.0	337.0
19710	2010-03-27 09:40:00	2010-03-27 09:43:00	2010-03-27 09:46:00	B2.4		POINT(-26 14)	14	-26	-423.0	342.0
19720	2010-03-27 10:05:00	2010-03-27 10:14:00	2010-03-27 10:18:00	C1.5	11057.0	POINT(-26 14)	14	-26	-423.0	334.0
19730	2010-03-27 12:17:00	2010-03-27 12:21:00	2010-03-27 12:24:00	B3.1	11057.0	POINT(-25 14)	14	-25	-410.0	334.0
19740	2010-03-27 13:03:00	2010-03-27 13:14:00	2010-03-27 13:22:00	B1.8		POINT(26 28)	28	26	381.0	555.0
19750	2010-03-27 18:23:00	2010-03-27 18:29:00	2010-03-27 18:33:00	C3.8	11057.0	POINT(-21 14)	14	-21	-354.0	347.0
19760	2010-03-28 03:27:00	2010-03-28 03:34:00	2010-03-28 03:39:00	B3.8	11057.0	POINT(-16 20)	20	-16	-251.0	440.0
19770	2010-03-28 05:39:00	2010-03-28 05:44:00	2010-03-28 05:48:00	B4.0		POINT(-16 22)	22	-16	-257.0	473.0
19780	2010-03-28 09:32:00	2010-03-28 09:37:00	2010-03-28 09:40:00	B3.3	11057.0	POINT(-16 19)	19	-16	-258.0	423.0
19790	2010-03-30 12:35:00	2010-03-30 12:40:00	2010-03-30 12:44:00	B1.3		POINT(15 15)	15	15	252.0	358.0
19800	2010-04-02 23:57:00	2010-04-03 00:02:00	2010-04-03 00:04:00	B1.7	11057.0	POINT(64 18)	18	64	831.0	345.0
19810	2010-04-03 09:04:00	2010-04-03 09:54:00	2010-04-03 10:58:00	B7.4	11059.0	POINT(3 -25)	-25	3	58.0	-312.0
19820	2010-04-05 00:43:00	2010-04-05 00:48:00	2010-04-05 00:53:00	B1.4		POINT(-62 24)	24	-62	-783.0	444.0
19830	2010-04-05 08:45:00	2010-04-05 08:50:00	2010-04-05 08:53:00	B1.1		POINT(-52 21)	21	-52	-720.0	415.0
19840	2010-04-05 11:19:00	2010-04-05 11:23:00	2010-04-05 11:28:00	B1.3		POINT(75 10)	10	75	914.0	201.0
19850	2010-04-05 12:44:00	2010-04-05 12:49:00	2010-04-05 12:54:00	B1.8		POINT(69 10)	10	69	886.0	203.0
19860	2010-04-05 16:52:00	2010-04-05 16:57:00	2010-04-05 17:08:00	B1.1		POINT(7 15)	15	7	113.0	366.0
19870	2010-04-06 03:53:00	2010-04-06 04:02:00	2010-04-06 04:10:00	B1.5	11060.0	POINT(-42 24)	24	-42	-602.0	468.0
19880	2010-04-08 02:30:00	2010-04-08 03:25:00	2010-04-08 03:50:00	B3.7	11060.0	POINT(-16 25)	25	-16	-249.0	497.0
19890	2010-04-13 04:39:00	2010-04-13 04:43:00	2010-04-13 04:49:00	B3.7	11062.0	POINT(8 -17)	-17	8	126.0	-204.0
19900	2010-04-17 04:37:00	2010-04-17 05:57:00	2010-04-17 07:12:00	B2.1		POINT(-87 17)	17	-87	-935.0	289.0
19910	2010-04-17 21:34:00	2010-04-18 02:18:00	2010-04-18 04:16:00	B1.3		POINT(-51 26)	26	-51	-675.0	484.0
19940	2010-04-19 15:00:00	2010-04-19 21:42:00	2010-04-19 22:00:00	A4.9		POINT(20 13)	13	20	331.0	302.0
19950	2010-04-24 22:56:00	2010-04-24 23:01:00	2010-04-24 23:07:00	B1.1		POINT(-16 19)	19	-16	-252.0	394.0
19960	2010-04-30 00:17:00	2010-04-30 00:21:00	2010-04-30 00:27:00	B1.8	11064.0	POINT(-41 16)	16	-41	-605.0	327.0
19970	2010-04-30 19:28:00	2010-04-30 19:34:00	2010-04-30 19:38:00	C2.2	11067.0	POINT(-87 24)	24	-87	-864.0	403.0
19980	2010-05-01 01:34:00	2010-05-01 01:39:00	2010-05-01 01:43:00	C5.7	11067.0	POINT(-77 24)	24	-77	-848.0	407.0
19990	2010-05-01 05:23:00	2010-05-01 05:27:00	2010-05-01 05:31:00	B1.6	11064.0	POINT(-73 24)	24	-73	-833.0	407.0
20000	2010-05-01 09:48:00	2010-05-01 09:52:00	2010-05-01 09:59:00	B1.0	11067.0	POINT(-76 25)	25	-76	-831.0	430.0
20010	2010-05-02 06:03:00	2010-05-02 06:09:00	2010-05-02 06:18:00	B2.9	11067.0	POINT(-61 24)	24	-61	-759.0	430.0
20020	2010-05-02 10:02:00	2010-05-02 10:09:00	2010-05-02 10:15:00	B3.8	11067.0	POINT(-58 24)	24	-58	-735.0	430.0
20030	2010-05-02 15:09:00	2010-05-02 15:14:00	2010-05-02 15:20:00	B1.1		POINT(-88 -17)	-17	-88	-917.0	-296.0
20040	2010-05-02 16:22:00	2010-05-02 16:26:00	2010-05-02 16:29:00	B1.9		POINT(-55 23)	23	-55	-717.0	419.0
20050	2010-05-02 17:55:00	2010-05-02 17:59:00	2010-05-02 18:10:00	B1.2		POINT(-54 25)	25	-54	-695.0	451.0
20060	2010-05-02 20:55:00	2010-05-02 21:00:00	2010-05-02 21:03:00	B1.4		POINT(-51 24)	24	-51	-682.0	427.0
20070	2010-05-02 21:42:00	2010-05-02 21:53:00	2010-05-02 21:58:00	B1.5		POINT(-51 24)	24	-51	-680.0	429.0
20080	2010-05-03 12:52:00	2010-05-03 12:57:00	2010-05-03 13:02:00	B2.0	11063.0	POINT(47 16)	16	47	671.0	317.0
20090	2010-05-03 13:38:00	2010-05-03 13:41:00	2010-05-03 13:43:00	B1.5		POINT(49 17)	17	49	697.0	323.0
20100	2010-05-03 15:00:00	2010-05-03 15:04:00	2010-05-03 15:07:00	B1.4		POINT(-10 -26)	-26	-10	-151.0	-370.0
20110	2010-05-03 21:50:00	2010-05-03 21:53:00	2010-05-03 21:56:00	B1.0	11066.0	POINT(-4 -26)	-26	-4	-64.0	-373.0
20120	2010-05-04 04:42:00	2010-05-04 04:46:00	2010-05-04 04:49:00	B1.7	11068.0	POINT(-75 -19)	-19	-75	-873.0	-295.0
20130	2010-05-04 05:50:00	2010-05-04 06:46:00	2010-05-04 08:15:00	B1.4		POINT(-32 22)	22	-32	-474.0	413.0
20140	2010-05-04 11:00:00	2010-05-04 11:08:00	2010-05-04 11:08:00	B1.9	11069.0	POINT(22 40)	40	22	275.0	668.0
20150	2010-05-04 12:05:00	2010-05-04 12:09:00	2010-05-04 12:12:00	B1.3	11069.0	POINT(23 41)	41	23	285.0	677.0
20160	2010-05-04 12:39:00	2010-05-04 12:44:00	2010-05-04 12:51:00	B1.7	11069.0	POINT(24 40)	40	24	298.0	665.0
20170	2010-05-04 14:13:00	2010-05-04 14:20:00	2010-05-04 14:25:00	B2.4	11069.0	POINT(22 40)	40	22	278.0	666.0
20180	2010-05-04 16:15:00	2010-05-04 16:29:00	2010-05-04 16:34:00	C3.6	11069.0	POINT(23 41)	41	23	288.0	668.0
20190	2010-05-05 00:55:00	2010-05-05 01:05:00	2010-05-05 01:11:00	B1.6	11069.0	POINT(27 41)	41	27	334.0	672.0
20200	2010-05-05 07:09:00	2010-05-05 07:16:00	2010-05-05 07:20:00	C2.3	11069.0	POINT(31 41)	41	31	370.0	671.0
20210	2010-05-05 08:35:00	2010-05-05 08:39:00	2010-05-05 08:41:00	B2.4	11069.0	POINT(32 44)	44	32	363.0	699.0
20220	2010-05-05 11:37:00	2010-05-05 11:52:00	2010-05-05 11:58:00	C8.8	11069.0	POINT(34 41)	41	34	401.0	668.0
20230	2010-05-05 13:00:00	2010-05-05 13:04:00	2010-05-05 13:07:00	B3.4	11069.0	POINT(-57 -18)	-18	-57	-764.0	-278.0
20240	2010-05-05 16:11:00	2010-05-05 16:18:00	2010-05-05 16:29:00	B4.0	11066.0	POINT(79 17)	17	79	893.0	292.0
20250	2010-05-05 17:13:00	2010-05-05 17:19:00	2010-05-05 17:22:00	M1.2	11069.0	POINT(36 42)	42	36	424.0	674.0
20260	2010-05-05 18:38:00	2010-05-05 18:43:00	2010-05-05 18:48:00	B7.3	11069.0	POINT(36 41)	41	36	418.0	672.0
20270	2010-05-05 20:30:00	2010-05-05 21:59:00	2010-05-05 22:45:00	B1.7		POINT(43 47)	47	43	447.0	726.0
20280	2010-05-07 00:30:00	2010-05-07 00:34:00	2010-05-07 00:36:00	B1.1		POINT(52 40)	40	52	571.0	650.0
20290	2010-05-07 05:55:00	2010-05-07 05:58:00	2010-05-07 06:00:00	B1.2	11069.0	POINT(-35 -19)	-19	-35	-524.0	-277.0
20300	2010-05-07 07:29:00	2010-05-07 07:42:00	2010-05-07 08:02:00	C2.0	11069.0	POINT(54 40)	40	54	587.0	642.0
20310	2010-05-07 22:49:00	2010-05-07 22:57:00	2010-05-07 23:03:00	B4.6	11069.0	POINT(62 40)	40	62	636.0	642.0
20320	2010-05-08 00:58:00	2010-05-08 01:04:00	2010-05-08 01:10:00	B2.6		POINT(62 40)	40	62	639.0	639.0
20330	2010-05-08 01:31:00	2010-05-08 01:39:00	2010-05-08 01:46:00	B5.8		POINT(-23 -19)	-19	-23	-356.0	-271.0
20340	2010-05-08 03:18:00	2010-05-08 03:23:00	2010-05-08 03:27:00	B4.3		POINT(60 40)	40	60	633.0	637.0
20350	2010-05-08 04:51:00	2010-05-08 04:59:00	2010-05-08 05:04:00	C9.3	11069.0	POINT(66 40)	40	66	661.0	635.0
20360	2010-05-08 08:37:00	2010-05-08 08:52:00	2010-05-08 08:57:00	B2.1		POINT(69 40)	40	69	671.0	638.0
20370	2010-05-08 09:15:00	2010-05-08 09:20:00	2010-05-08 09:23:00	B2.1		POINT(74 41)	41	74	690.0	636.0
20380	2010-05-08 10:11:00	2010-05-08 10:19:00	2010-05-08 10:23:00	B3.8		POINT(70 42)	42	70	666.0	650.0
20390	2010-05-08 11:40:00	2010-05-08 11:50:00	2010-05-08 11:55:00	C1.8	11069.0	POINT(70 41)	41	70	676.0	639.0
20400	2010-05-08 18:41:00	2010-05-08 18:55:00	2010-05-08 19:14:00	B7.2	11069.0	POINT(77 41)	41	77	699.0	633.0
20410	2010-05-08 20:04:00	2010-05-08 20:11:00	2010-05-08 20:18:00	C2.4	11069.0	POINT(81 41)	41	81	705.0	633.0
20420	2010-05-20 05:43:00	2010-05-20 05:54:00	2010-05-20 06:20:00	A7.0		POINT(-79 12)	12	-79	-910.0	219.0
20430	2010-05-22 21:39:00	2010-05-22 21:47:00	2010-05-22 21:52:00	B1.3	11072.0	POINT(-4 -14)	-14	-4	-74.0	-210.0
20440	2010-05-23 05:09:00	2010-05-23 05:15:00	2010-05-23 05:21:00	B1.4	11072.0	POINT(0 -14)	-14	0	-6.0	-214.0
20450	2010-05-23 16:45:00	2010-05-23 18:43:00	2010-05-23 20:30:00	B1.4		POINT(12 19)	19	12	191.0	336.0
20460	2010-05-23 16:52:00	2010-05-23 18:01:00	2010-05-23 20:08:00	B1.3		POINT(9 -15)	-15	9	143.0	-232.0
20470	2010-05-23 21:34:00	2010-05-23 21:39:00	2010-05-23 21:45:00	B1.1		POINT(8 -13)	-13	8	142.0	-201.0
20480	2010-05-24 13:05:00	2010-05-24 14:46:00	2010-05-24 15:50:00	B1.1		POINT(18 -15)	-15	18	296.0	-231.0
20490	2010-05-25 15:46:00	2010-05-25 15:51:00	2010-05-25 15:55:00	B6.5	11072.0	POINT(33 -15)	-15	33	503.0	-236.0
20500	2010-05-27 23:00:00	2010-05-27 23:15:00	2010-05-27 23:25:00	B1.4	11072.0	POINT(-60 13)	13	-60	-807.0	228.0
20510	2010-05-31 18:30:00	2010-05-31 22:29:00	2010-05-31 23:15:00	A7.1		POINT(33 29)	29	33	454.0	473.0
20520	2010-06-02 18:41:00	2010-06-02 18:45:00	2010-06-02 18:50:00	B1.0	11075.0	POINT(53 -20)	-20	53	714.0	-331.0
20530	2010-06-02 22:49:00	2010-06-02 22:53:00	2010-06-02 23:00:00	B1.2		POINT(56 -20)	-20	56	737.0	-331.0
20540	2010-06-03 11:28:00	2010-06-03 11:31:00	2010-06-03 11:45:00	B1.0		POINT(25 -21)	-21	25	384.0	-338.0
20550	2010-06-03 12:30:00	2010-06-03 12:33:00	2010-06-03 12:36:00	B1.1		POINT(27 -21)	-21	27	407.0	-336.0
20560	2010-06-03 13:32:00	2010-06-03 13:38:00	2010-06-03 13:43:00	B1.1		POINT(29 -19)	-19	29	442.0	-314.0
20570	2010-06-03 13:49:00	2010-06-03 13:55:00	2010-06-03 14:02:00	B1.3		POINT(30 -20)	-20	30	452.0	-322.0
20580	2010-06-06 02:50:00	2010-06-06 02:55:00	2010-06-06 03:01:00	B1.4	11076.0	POINT(64 -19)	-19	64	807.0	-312.0
20590	2010-06-07 06:27:00	2010-06-07 06:30:00	2010-06-07 06:34:00	B2.0	11077.0	POINT(65 20)	20	65	806.0	331.0
20600	2010-06-07 19:15:00	2010-06-07 19:24:00	2010-06-07 19:31:00	B2.0		POINT(-23 15)	15	-23	-358.0	253.0
20610	2010-06-08 11:28:00	2010-06-08 11:33:00	2010-06-08 11:43:00	B1.4	11078.0	POINT(40 -19)	-19	40	591.0	-321.0
20620	2010-06-08 12:49:00	2010-06-08 12:56:00	2010-06-08 12:58:00	B1.2	11078.0	POINT(45 -13)	-13	45	655.0	-224.0
20630	2010-06-08 13:43:00	2010-06-08 13:50:00	2010-06-08 13:56:00	B1.4	11078.0	POINT(89 12)	12	89	948.0	204.0
20640	2010-06-09 00:07:00	2010-06-09 01:02:00	2010-06-09 01:07:00	B2.3	11078.0	POINT(47 -19)	-19	47	656.0	-322.0
20650	2010-06-09 03:18:00	2010-06-09 03:37:00	2010-06-09 04:05:00	B1.9		POINT(25 -26)	-26	25	370.0	-421.0
20660	2010-06-09 04:31:00	2010-06-09 04:41:00	2010-06-09 04:50:00	B1.8		POINT(-4 15)	15	-4	-68.0	255.0
20670	2010-06-09 04:36:00	2010-06-09 05:15:00	2010-06-09 05:36:00	B5.1	11078.0	POINT(48 -22)	-22	48	649.0	-371.0
20680	2010-06-09 08:39:00	2010-06-09 08:46:00	2010-06-09 08:53:00	B2.5	11078.0	POINT(52 -24)	-24	52	687.0	-397.0
20690	2010-06-09 13:28:00	2010-06-09 13:32:00	2010-06-09 13:34:00	B1.1	11078.0	POINT(54 -23)	-23	54	708.0	-385.0
20700	2010-06-09 13:35:00	2010-06-09 13:43:00	2010-06-09 13:50:00	B2.1	11078.0	POINT(51 -22)	-22	51	685.0	-367.0
20710	2010-06-09 19:41:00	2010-06-09 19:48:00	2010-06-09 19:54:00	B2.7	11078.0	POINT(59 -21)	-21	59	760.0	-352.0
20720	2010-06-09 20:02:00	2010-06-09 20:07:00	2010-06-09 20:12:00	B1.9		POINT(59 -21)	-21	59	757.0	-349.0
20730	2010-06-09 20:15:00	2010-06-09 20:24:00	2010-06-09 20:30:00	B3.5	11078.0	POINT(59 -16)	-16	59	779.0	-273.0
20740	2010-06-09 20:53:00	2010-06-09 20:59:00	2010-06-09 21:02:00	B3.2	11078.0	POINT(56 -22)	-22	56	727.0	-373.0
20750	2010-06-09 22:31:00	2010-06-09 22:50:00	2010-06-09 23:12:00	B1.2	11078.0	POINT(5 15)	15	5	99.0	249.0
20760	2010-06-11 10:51:00	2010-06-11 10:55:00	2010-06-11 10:58:00	B1.4	11081.0	POINT(36 22)	22	36	517.0	359.0
20770	2010-06-11 11:58:00	2010-06-11 12:02:00	2010-06-11 12:04:00	B3.0	11081.0	POINT(-89 23)	23	-89	-880.0	374.0
20780	2010-06-11 20:34:00	2010-06-11 20:46:00	2010-06-11 20:54:00	B4.5	11081.0	POINT(46 23)	23	46	627.0	368.0
20790	2010-06-11 23:56:00	2010-06-12 00:02:00	2010-06-12 00:04:00	B6.3		POINT(47 22)	22	47	642.0	355.0
20800	2010-06-12 00:30:00	2010-06-12 00:57:00	2010-06-12 01:02:00	M2.0	11081.0	POINT(47 23)	23	47	639.0	372.0
20810	2010-06-12 02:53:00	2010-06-12 02:58:00	2010-06-12 03:03:00	B3.8	11080.0	POINT(67 -24)	-24	67	799.0	-392.0
20820	2010-06-12 03:57:00	2010-06-12 04:06:00	2010-06-12 04:17:00	C1.0	11080.0	POINT(50 23)	23	50	673.0	371.0
20830	2010-06-12 08:06:00	2010-06-12 08:09:00	2010-06-12 08:14:00	B2.4		POINT(52 22)	22	52	696.0	357.0
20840	2010-06-12 09:02:00	2010-06-12 09:17:00	2010-06-12 09:22:00	C6.1	11081.0	POINT(52 24)	24	52	683.0	380.0
20850	2010-06-12 23:43:00	2010-06-12 23:54:00	2010-06-12 23:59:00	B3.0	11081.0	POINT(84 -25)	-25	84	852.0	-401.0
20860	2010-06-13 00:06:00	2010-06-13 00:14:00	2010-06-13 00:26:00	B8.8	11081.0	POINT(89 -26)	-26	89	870.0	-441.0
20870	2010-06-13 02:28:00	2010-06-13 02:31:00	2010-06-13 02:35:00	B4.6	11079.0	POINT(89 -25)	-25	89	858.0	-403.0
20880	2010-06-13 05:30:00	2010-06-13 05:39:00	2010-06-13 05:44:00	M1.0	11079.0	POINT(82 -24)	-24	82	851.0	-397.0
20890	2010-06-13 06:08:00	2010-06-13 06:11:00	2010-06-13 06:13:00	C1.2	11081.0	POINT(64 23)	23	64	787.0	366.0
20900	2010-06-13 06:55:00	2010-06-13 06:58:00	2010-06-13 07:00:00	B5.3	11081.0	POINT(63 22)	22	63	779.0	360.0
20910	2010-06-13 07:05:00	2010-06-13 07:08:00	2010-06-13 07:10:00	C1.2	11080.0	POINT(68 -24)	-24	68	800.0	-403.0
20920	2010-06-13 07:31:00	2010-06-13 07:34:00	2010-06-13 07:38:00	C1.2	11081.0	POINT(89 -23)	-23	89	886.0	-391.0
20930	2010-06-13 08:06:00	2010-06-13 08:13:00	2010-06-13 08:16:00	C1.2	11081.0	POINT(65 22)	22	65	795.0	364.0
20940	2010-06-13 09:41:00	2010-06-13 09:46:00	2010-06-13 09:48:00	C1.7	11081.0	POINT(66 23)	23	66	797.0	365.0
20950	2010-06-13 10:47:00	2010-06-13 10:53:00	2010-06-13 10:55:00	C1.5	11081.0	POINT(66 22)	22	66	799.0	361.0
20960	2010-06-13 12:24:00	2010-06-13 12:27:00	2010-06-13 12:29:00	B4.3		POINT(67 21)	21	67	810.0	345.0
20970	2010-06-13 13:20:00	2010-06-13 13:23:00	2010-06-13 13:26:00	B2.5		POINT(68 22)	22	68	808.0	363.0
20980	2010-06-13 14:24:00	2010-06-13 14:27:00	2010-06-13 14:30:00	B2.4		POINT(69 22)	22	69	813.0	364.0
20990	2010-06-13 15:45:00	2010-06-13 15:52:00	2010-06-13 15:59:00	B4.2		POINT(64 26)	26	64	766.0	414.0
21000	2010-06-13 18:10:00	2010-06-13 18:13:00	2010-06-13 18:17:00	B1.8		POINT(70 23)	23	70	815.0	374.0
21010	2010-06-14 00:33:00	2010-06-14 00:38:00	2010-06-14 00:40:00	B2.3		POINT(70 26)	26	70	809.0	420.0
21020	2010-06-14 00:44:00	2010-06-14 00:51:00	2010-06-14 00:51:00	C1.5	11081.0	POINT(70 26)	26	70	809.0	420.0
21030	2010-06-14 04:26:00	2010-06-14 04:30:00	2010-06-14 04:30:00	B1.7		POINT(88 -23)	-23	88	866.0	-376.0
21040	2010-06-14 12:49:00	2010-06-14 12:54:00	2010-06-14 12:58:00	B2.9		POINT(89 -23)	-23	89	868.0	-382.0
21050	2010-06-16 01:25:00	2010-06-16 03:45:00	2010-06-16 04:00:00	A6.9		POINT(89 -25)	-25	89	865.0	-417.0
21060	2010-06-17 10:23:00	2010-06-17 10:33:00	2010-06-17 10:47:00	B5.0	11082.0	POINT(-42 29)	29	-42	-561.0	449.0
21070	2010-06-17 17:33:00	2010-06-17 17:42:00	2010-06-17 17:58:00	B1.1	11082.0	POINT(-9 22)	22	-9	-143.0	339.0
21080	2010-06-17 18:44:00	2010-06-17 18:49:00	2010-06-17 18:49:00	B1.2	11082.0	POINT(-39 30)	30	-39	-521.0	463.0
21090	2010-06-18 11:58:00	2010-06-18 12:04:00	2010-06-18 12:07:00	B1.8	11082.0	POINT(-28 29)	29	-28	-394.0	449.0
21100	2010-06-18 17:49:00	2010-06-18 17:54:00	2010-06-18 17:54:00	B1.1	11082.0	POINT(-25 29)	29	-25	-357.0	452.0
21110	2010-06-18 22:15:00	2010-06-18 23:00:00	2010-06-19 00:30:00	A6.2		POINT(-89 24)	24	-89	-888.0	400.0
21120	2010-06-19 23:05:00	2010-06-20 02:41:00	2010-06-20 02:45:00	A6.4		POINT(-89 29)	29	-89	-837.0	467.0
21130	2010-06-21 08:57:00	2010-06-21 09:22:00	2010-06-21 10:00:00	A9.2		POINT(-89 13)	13	-89	-929.0	225.0
21140	2010-06-21 19:08:00	2010-06-21 19:12:00	2010-06-21 19:14:00	B1.3	11082.0	POINT(24 24)	24	24	359.0	362.0
21150	2010-06-22 09:01:00	2010-06-22 09:04:00	2010-06-22 09:06:00	B1.0	11082.0	POINT(22 28)	28	22	312.0	430.0
21160	2010-06-22 09:33:00	2010-06-22 09:38:00	2010-06-22 09:41:00	B2.1	11082.0	POINT(21 28)	28	21	306.0	431.0
21170	2010-06-23 11:00:00	2010-06-23 11:03:00	2010-06-23 11:05:00	B1.6		POINT(44 25)	25	44	602.0	387.0
21180	2010-06-23 12:17:00	2010-06-23 12:20:00	2010-06-23 12:22:00	B1.1		POINT(44 25)	25	44	599.0	388.0
21190	2010-06-23 14:30:00	2010-06-23 18:05:00	2010-06-23 19:00:00	A8.2		POINT(-88 35)	35	-88	-774.0	557.0
21200	2010-06-24 15:02:00	2010-06-24 15:22:00	2010-06-24 15:56:00	A8.6		POINT(51 28)	28	51	647.0	434.0
21210	2010-06-25 10:17:00	2010-06-25 10:21:00	2010-06-25 10:25:00	B3.4	11082.0	POINT(63 31)	31	63	722.0	474.0
21220	2010-06-25 22:42:00	2010-06-25 22:46:00	2010-06-25 22:49:00	B1.5		POINT(44 16)	16	44	630.0	250.0
21230	2010-06-25 23:12:00	2010-06-25 23:17:00	2010-06-25 23:28:00	B1.8		POINT(-88 -20)	-20	-88	-884.0	-337.0
21240	2010-06-26 02:45:00	2010-06-26 02:50:00	2010-06-26 02:52:00	B1.0		POINT(-88 -20)	-20	-88	-885.0	-329.0
21250	2010-06-27 03:14:00	2010-06-27 03:17:00	2010-06-27 03:20:00	B1.5		POINT(-70 -21)	-21	-70	-827.0	-363.0
21260	2010-06-29 04:57:00	2010-06-29 05:01:00	2010-06-29 05:04:00	B1.4		POINT(13 15)	15	13	216.0	210.0
21270	2010-06-29 15:23:00	2010-06-29 15:53:00	2010-06-29 16:05:00	B1.3		POINT(18 16)	16	18	288.0	230.0
21280	2010-07-01 20:54:00	2010-07-01 20:58:00	2010-07-01 21:01:00	B1.0	11084.0	POINT(49 -22)	-22	49	665.0	-389.0
21290	2010-07-02 18:15:00	2010-07-02 21:47:00	2010-07-03 02:45:00	A6.4		POINT(59 -25)	-25	59	735.0	-429.0
21300	2010-07-05 14:30:00	2010-07-05 18:44:00	2010-07-05 18:45:00	A6.4		POINT(83 -60)	-60	83	469.0	-826.0
21310	2010-07-05 18:00:00	2010-07-05 21:25:00	2010-07-05 22:00:00	B1.1		POINT(-86 -39)	-39	-86	-735.0	-616.0
21320	2010-07-05 18:36:00	2010-07-06 00:24:00	2010-07-06 03:12:00	B1.2		POINT(54 18)	18	54	729.0	269.0
21330	2010-07-06 10:02:00	2010-07-06 10:11:00	2010-07-06 10:16:00	B1.0	11086.0	POINT(55 18)	18	55	739.0	265.0
21340	2010-07-07 17:35:00	2010-07-07 17:46:00	2010-07-07 17:55:00	B1.6		POINT(79 17)	17	79	886.0	267.0
21350	2010-07-07 20:41:00	2010-07-07 20:45:00	2010-07-07 20:48:00	B2.2	11087.0	POINT(-88 20)	20	-88	-898.0	339.0
21360	2010-07-07 21:39:00	2010-07-07 21:45:00	2010-07-07 21:51:00	B1.6	11087.0	POINT(-89 18)	18	-89	-905.0	309.0
21370	2010-07-07 22:27:00	2010-07-07 22:32:00	2010-07-07 22:37:00	B2.9	11087.0	POINT(-88 20)	20	-88	-893.0	325.0
21380	2010-07-08 01:19:00	2010-07-08 01:27:00	2010-07-08 01:35:00	B4.1	11087.0	POINT(-89 18)	18	-89	-909.0	306.0
21390	2010-07-08 02:53:00	2010-07-08 02:59:00	2010-07-08 03:08:00	B6.3	11087.0	POINT(-89 19)	19	-89	-897.0	316.0
21400	2010-07-08 22:03:00	2010-07-08 22:16:00	2010-07-08 22:24:00	C1.2	11087.0	POINT(-88 24)	24	-88	-878.0	398.0
21410	2010-07-08 23:57:00	2010-07-09 00:02:00	2010-07-09 00:06:00	B3.3	11087.0	POINT(42 18)	18	42	610.0	258.0
21420	2010-07-09 01:44:00	2010-07-09 01:49:00	2010-07-09 01:58:00	B3.0	11087.0	POINT(-88 22)	22	-88	-874.0	370.0
21430	2010-07-09 03:08:00	2010-07-09 03:18:00	2010-07-09 03:43:00	B2.1		POINT(-88 21)	21	-88	-885.0	351.0
21440	2010-07-09 04:50:00	2010-07-09 05:25:00	2010-07-09 06:29:00	B3.2		POINT(-88 23)	23	-88	-870.0	387.0
21450	2010-07-09 08:53:00	2010-07-09 09:01:00	2010-07-09 09:01:00	C1.8	11087.0	POINT(-86 21)	21	-86	-874.0	344.0
21460	2010-07-09 12:36:00	2010-07-09 12:42:00	2010-07-09 12:59:00	B5.3	11087.0	POINT(-73 17)	17	-73	-864.0	260.0
21470	2010-07-09 15:00:00	2010-07-09 15:14:00	2010-07-09 15:14:00	B7.7	11087.0	POINT(-84 21)	21	-84	-873.0	339.0
21480	2010-07-09 19:26:00	2010-07-09 19:43:00	2010-07-09 19:44:00	C3.3	11087.0	POINT(-77 22)	22	-77	-852.0	349.0
21490	2010-07-09 22:19:00	2010-07-09 22:22:00	2010-07-09 22:26:00	B6.9	11087.0	POINT(-75 21)	21	-75	-849.0	332.0
21500	2010-07-10 03:47:00	2010-07-10 06:30:00	2010-07-10 10:23:00	B5.2		POINT(-60 16)	16	-60	-789.0	233.0
21510	2010-07-10 08:25:00	2010-07-10 09:07:00	2010-07-10 11:15:00	B4.1		POINT(-75 19)	19	-75	-861.0	295.0
21520	2010-07-10 20:06:00	2010-07-10 20:13:00	2010-07-10 20:24:00	B3.0	11087.0	POINT(-68 21)	21	-68	-820.0	320.0
21530	2010-07-10 22:34:00	2010-07-10 22:49:00	2010-07-10 22:49:00	B7.2	11087.0	POINT(-65 21)	21	-65	-798.0	317.0
21540	2010-07-11 00:42:00	2010-07-11 00:48:00	2010-07-11 00:48:00	B2.9	11087.0	POINT(-58 22)	22	-58	-744.0	328.0
21550	2010-07-11 15:58:00	2010-07-11 16:02:00	2010-07-11 16:08:00	B4.2	11087.0	POINT(-53 22)	22	-53	-699.0	331.0
21560	2010-07-11 17:19:00	2010-07-11 17:28:00	2010-07-11 17:40:00	B4.5	11087.0	POINT(-54 20)	20	-54	-731.0	293.0
21570	2010-07-11 20:44:00	2010-07-11 21:26:00	2010-07-11 22:45:00	B3.9		POINT(-52 21)	21	-52	-700.0	309.0
21580	2010-07-12 05:11:00	2010-07-12 05:20:00	2010-07-12 05:33:00	B3.9	11087.0	POINT(-44 21)	21	-44	-610.0	306.0
21590	2010-07-12 05:54:00	2010-07-12 06:06:00	2010-07-12 06:06:00	B3.4	11087.0	POINT(-41 21)	21	-41	-582.0	302.0
21600	2010-07-12 11:34:00	2010-07-12 11:39:00	2010-07-12 11:44:00	B2.1	11087.0	POINT(-39 21)	21	-39	-564.0	300.0
21610	2010-07-12 13:22:00	2010-07-12 13:36:00	2010-07-12 13:50:00	B4.0	11087.0	POINT(56 16)	16	56	752.0	237.0
21620	2010-07-13 02:59:00	2010-07-13 03:01:00	2010-07-13 03:03:00	B1.6	11087.0	POINT(-29 19)	19	-29	-437.0	252.0
21630	2010-07-13 08:31:00	2010-07-13 08:35:00	2010-07-13 08:37:00	B2.9	11087.0	POINT(-27 19)	19	-27	-411.0	253.0
21640	2010-07-13 10:07:00	2010-07-13 10:13:00	2010-07-13 10:16:00	B3.3	11087.0	POINT(-26 20)	20	-26	-392.0	265.0
21650	2010-07-13 10:43:00	2010-07-13 10:51:00	2010-07-13 10:51:00	C2.6	11087.0	POINT(-25 19)	19	-25	-387.0	258.0
21660	2010-07-13 14:32:00	2010-07-13 15:08:00	2010-07-13 16:45:00	B2.3		POINT(-20 -20)	-20	-20	-308.0	-396.0
21670	2010-07-14 04:18:00	2010-07-14 04:23:00	2010-07-14 04:30:00	B2.4		POINT(-17 19)	19	-17	-267.0	255.0
21680	2010-07-14 10:56:00	2010-07-14 11:00:00	2010-07-14 11:02:00	B1.7		POINT(-13 20)	20	-13	-207.0	261.0
21690	2010-07-14 12:11:00	2010-07-14 12:30:00	2010-07-14 12:30:00	C1.4		POINT(-8 21)	21	-8	-132.0	285.0
21700	2010-07-14 20:31:00	2010-07-14 20:47:00	2010-07-14 21:22:00	C3.6		POINT(0 17)	17	0	-13.0	220.0
21710	2010-07-15 13:19:00	2010-07-15 13:22:00	2010-07-15 13:26:00	B1.2		POINT(4 19)	19	4	66.0	246.0
21720	2010-07-15 20:27:00	2010-07-15 20:39:00	2010-07-15 22:25:00	B1.2		POINT(12 14)	14	12	204.0	166.0
21730	2010-07-16 01:40:00	2010-07-16 01:49:00	2010-07-16 01:49:00	B3.1	11087.0	POINT(12 21)	21	12	184.0	283.0
21740	2010-07-16 23:29:00	2010-07-16 23:33:00	2010-07-16 23:36:00	B1.4	11087.0	POINT(-88 -18)	-18	-88	-910.0	-313.0
21750	2010-07-17 00:17:00	2010-07-17 00:20:00	2010-07-17 00:20:00	B1.3	11087.0	POINT(22 22)	22	22	338.0	300.0
21760	2010-07-17 17:27:00	2010-07-17 18:01:00	2010-07-17 18:01:00	C2.4	11087.0	POINT(36 19)	19	36	538.0	250.0
21770	2010-07-18 01:04:00	2010-07-18 01:29:00	2010-07-18 02:38:00	B1.9		POINT(-87 -24)	-24	-87	-869.0	-402.0
21780	2010-07-18 19:24:00	2010-07-18 19:27:00	2010-07-18 19:30:00	B2.1	11087.0	POINT(49 15)	15	49	692.0	201.0
21790	2010-07-19 02:03:00	2010-07-19 02:08:00	2010-07-19 02:11:00	B2.5		POINT(-87 -24)	-24	-87	-860.0	-402.0
21800	2010-07-19 04:45:00	2010-07-19 04:51:00	2010-07-19 04:54:00	B4.5		POINT(-87 -22)	-22	-87	-876.0	-368.0
21810	2010-07-19 06:21:00	2010-07-19 06:24:00	2010-07-19 06:29:00	B2.5		POINT(-80 -22)	-22	-80	-860.0	-370.0
21820	2010-07-19 07:27:00	2010-07-19 07:52:00	2010-07-19 08:36:00	B5.5	11087.0	POINT(54 20)	20	54	720.0	287.0
21830	2010-07-19 16:55:00	2010-07-19 16:58:00	2010-07-19 17:00:00	B2.8	11089.0	POINT(-74 -22)	-22	-74	-842.0	-373.0
21840	2010-07-20 04:08:00	2010-07-20 04:12:00	2010-07-20 04:15:00	B2.2	11089.0	POINT(-72 -23)	-23	-72	-827.0	-398.0
21850	2010-07-20 05:02:00	2010-07-20 05:08:00	2010-07-20 05:08:00	B3.1	11089.0	POINT(-71 -21)	-21	-71	-833.0	-369.0
21860	2010-07-20 09:16:00	2010-07-20 09:42:00	2010-07-20 10:03:00	B8.0	11089.0	POINT(-69 -23)	-23	-69	-815.0	-395.0
21870	2010-07-20 11:23:00	2010-07-20 11:30:00	2010-07-20 11:39:00	B5.6		POINT(-68 -22)	-22	-68	-815.0	-385.0
21880	2010-07-20 12:34:00	2010-07-20 12:39:00	2010-07-20 12:51:00	B5.6		POINT(-67 -23)	-23	-67	-797.0	-405.0
21890	2010-07-20 13:38:00	2010-07-20 13:45:00	2010-07-20 13:50:00	C1.4	11089.0	POINT(-66 -21)	-21	-66	-804.0	-379.0
21900	2010-07-20 18:52:00	2010-07-20 18:55:00	2010-07-20 18:59:00	B8.0	11089.0	POINT(79 14)	14	79	897.0	229.0
21910	2010-07-21 02:43:00	2010-07-21 02:46:00	2010-07-21 02:49:00	B3.2	11089.0	POINT(82 18)	18	82	888.0	290.0
21920	2010-07-21 04:34:00	2010-07-21 04:37:00	2010-07-21 04:40:00	B4.6	11087.0	POINT(85 16)	16	85	903.0	254.0
21930	2010-07-21 07:24:00	2010-07-21 07:29:00	2010-07-21 07:37:00	B5.7	11089.0	POINT(89 15)	15	89	908.0	257.0
21940	2010-07-21 09:07:00	2010-07-21 09:18:00	2010-07-21 09:25:00	B5.9	11087.0	POINT(88 22)	22	88	874.0	371.0
21950	2010-07-21 12:27:00	2010-07-21 12:30:00	2010-07-21 12:33:00	B3.9	11087.0	POINT(88 15)	15	88	911.0	261.0
21960	2010-07-21 14:24:00	2010-07-21 14:37:00	2010-07-21 14:49:00	B8.5	11087.0	POINT(89 13)	13	89	918.0	218.0
21970	2010-07-21 16:41:00	2010-07-21 16:45:00	2010-07-21 16:47:00	B4.6	11089.0	POINT(-50 -26)	-26	-50	-648.0	-468.0
21980	2010-07-21 18:45:00	2010-07-21 18:51:00	2010-07-21 18:55:00	B8.5	11089.0	POINT(-48 -25)	-25	-48	-636.0	-456.0
21990	2010-07-22 02:00:00	2010-07-22 02:04:00	2010-07-22 02:09:00	B5.7	11087.0	POINT(88 15)	15	88	930.0	258.0
22000	2010-07-22 06:28:00	2010-07-22 06:32:00	2010-07-22 06:36:00	B6.9	11089.0	POINT(-41 -26)	-26	-41	-560.0	-480.0
22010	2010-07-22 06:57:00	2010-07-22 07:03:00	2010-07-22 07:19:00	B3.7		POINT(88 15)	15	88	921.0	255.0
22020	2010-07-22 07:28:00	2010-07-22 07:35:00	2010-07-22 07:41:00	B5.7	11089.0	POINT(88 21)	21	88	885.0	348.0
22030	2010-07-22 12:07:00	2010-07-22 12:15:00	2010-07-22 12:26:00	B8.4	11089.0	POINT(-43 -24)	-24	-43	-591.0	-439.0
22040	2010-07-22 15:10:00	2010-07-22 15:16:00	2010-07-22 15:21:00	B5.9	11089.0	POINT(-37 -23)	-23	-37	-533.0	-429.0
22050	2010-07-22 15:52:00	2010-07-22 16:01:00	2010-07-22 16:15:00	B5.3	11087.0	POINT(88 16)	16	88	917.0	273.0
22060	2010-07-22 17:19:00	2010-07-22 17:23:00	2010-07-22 17:30:00	B3.8	11089.0	POINT(-34 -20)	-20	-34	-501.0	-400.0
22070	2010-07-22 21:30:00	2010-07-22 21:38:00	2010-07-22 21:45:00	B9.8	11089.0	POINT(-36 -23)	-23	-36	-518.0	-436.0
22080	2010-07-23 00:19:00	2010-07-23 00:24:00	2010-07-23 00:26:00	B5.2	11089.0	POINT(-33 -24)	-24	-33	-478.0	-450.0
22090	2010-07-23 01:30:00	2010-07-23 01:38:00	2010-07-23 01:38:00	B3.6	11089.0	POINT(-35 -24)	-24	-35	-503.0	-458.0
22100	2010-07-23 08:48:00	2010-07-23 08:56:00	2010-07-23 08:56:00	B3.6	11089.0	POINT(-30 -23)	-23	-30	-444.0	-440.0
22110	2010-07-23 15:16:00	2010-07-23 15:23:00	2010-07-23 15:23:00	B9.3	11089.0	POINT(-23 -25)	-25	-23	-333.0	-481.0
22120	2010-07-24 03:05:00	2010-07-24 03:09:00	2010-07-24 03:13:00	B3.0		POINT(-17 -21)	-21	-17	-261.0	-420.0
22130	2010-07-24 04:30:00	2010-07-24 04:34:00	2010-07-24 04:34:00	B3.1		POINT(-66 22)	22	-66	-799.0	328.0
22140	2010-07-24 20:33:00	2010-07-24 20:37:00	2010-07-24 20:41:00	B1.9		POINT(-55 20)	20	-55	-731.0	290.0
22150	2010-07-25 07:51:00	2010-07-25 07:54:00	2010-07-25 07:57:00	B1.4		POINT(2 -22)	-22	2	33.0	-446.0
22160	2010-07-25 21:54:00	2010-07-25 22:00:00	2010-07-25 22:00:00	B1.8	11089.0	POINT(4 -21)	-21	4	65.0	-429.0
22170	2010-07-26 00:32:00	2010-07-26 00:36:00	2010-07-26 00:38:00	B2.7	11089.0	POINT(12 -19)	-19	12	198.0	-399.0
22180	2010-07-26 04:11:00	2010-07-26 04:15:00	2010-07-26 04:18:00	B3.8	11091.0	POINT(62 12)	12	62	819.0	165.0
22190	2010-07-26 04:54:00	2010-07-26 04:57:00	2010-07-26 04:59:00	B2.3	11091.0	POINT(61 12)	12	61	815.0	161.0
22200	2010-07-26 06:10:00	2010-07-26 06:14:00	2010-07-26 06:21:00	B2.1	11089.0	POINT(11 -24)	-24	11	179.0	-471.0
22210	2010-07-26 11:37:00	2010-07-26 11:41:00	2010-07-26 11:45:00	B3.3	11089.0	POINT(14 -23)	-23	14	217.0	-459.0
22220	2010-07-26 15:06:00	2010-07-26 15:10:00	2010-07-26 15:15:00	B3.1	11089.0	POINT(16 -23)	-23	16	249.0	-456.0
22230	2010-07-26 16:25:00	2010-07-26 16:32:00	2010-07-26 16:37:00	B4.7	11089.0	POINT(16 -23)	-23	16	246.0	-448.0
22240	2010-07-26 18:24:00	2010-07-26 18:29:00	2010-07-26 18:33:00	B5.8	11089.0	POINT(18 -23)	-23	18	269.0	-459.0
22250	2010-07-27 01:00:00	2010-07-27 01:07:00	2010-07-27 01:18:00	B5.5	11089.0	POINT(21 -22)	-22	21	314.0	-443.0
22260	2010-07-27 03:48:00	2010-07-27 03:57:00	2010-07-27 04:09:00	B8.0	11089.0	POINT(24 -23)	-23	24	356.0	-443.0
22270	2010-07-27 04:12:00	2010-07-27 04:24:00	2010-07-27 04:34:00	C2.2	11089.0	POINT(24 -23)	-23	24	360.0	-450.0
22280	2010-07-27 09:45:00	2010-07-27 09:54:00	2010-07-27 10:29:00	B4.2		POINT(-88 20)	20	-88	-899.0	334.0
22290	2010-07-27 19:14:00	2010-07-27 19:31:00	2010-07-27 19:39:00	B6.0	11089.0	POINT(32 -22)	-22	32	474.0	-435.0
22300	2010-07-27 23:54:00	2010-07-27 23:58:00	2010-07-28 00:01:00	B3.8		POINT(32 -25)	-25	32	460.0	-480.0
22310	2010-07-28 09:55:00	2010-07-28 10:02:00	2010-07-28 10:11:00	B5.3		POINT(39 -24)	-24	39	549.0	-453.0
22320	2010-07-28 12:52:00	2010-07-28 13:07:00	2010-07-28 13:15:00	B8.1	11089.0	POINT(41 -23)	-23	41	569.0	-444.0
22330	2010-07-28 20:33:00	2010-07-28 20:42:00	2010-07-28 20:49:00	C2.8	11089.0	POINT(45 -23)	-23	45	619.0	-436.0
22340	2010-07-29 00:50:00	2010-07-29 01:38:00	2010-07-29 01:57:00	B6.0	11092.0	POINT(47 -24)	-24	47	641.0	-442.0
22350	2010-07-29 18:27:00	2010-07-29 18:36:00	2010-07-29 18:36:00	B7.2	11092.0	POINT(-69 17)	17	-69	-846.0	252.0
22360	2010-07-30 01:06:00	2010-07-30 01:09:00	2010-07-30 01:12:00	B2.7		POINT(-65 18)	18	-65	-818.0	260.0
22370	2010-07-30 02:21:00	2010-07-30 02:27:00	2010-07-30 02:56:00	B9.0	11092.0	POINT(-64 17)	17	-64	-813.0	243.0
22380	2010-07-30 07:21:00	2010-07-30 08:50:00	2010-07-30 11:45:00	B8.3		POINT(-64 21)	21	-64	-799.0	303.0
22390	2010-07-30 08:11:00	2010-07-30 09:18:00	2010-07-30 10:12:00	B8.1	11092.0	POINT(-65 21)	21	-65	-800.0	316.0
22400	2010-07-30 20:21:00	2010-07-30 20:25:00	2010-07-30 20:25:00	B4.7	11092.0	POINT(-49 13)	13	-49	-704.0	164.0
22410	2010-07-30 22:32:00	2010-07-30 22:37:00	2010-07-30 22:42:00	B4.1	11092.0	POINT(70 -26)	-26	70	799.0	-448.0
22420	2010-07-31 03:40:00	2010-07-31 04:00:00	2010-07-31 04:19:00	B4.7	11089.0	POINT(87 -21)	-21	87	879.0	-354.0
22430	2010-07-31 05:15:00	2010-07-31 05:29:00	2010-07-31 05:32:00	B4.8	11092.0	POINT(-41 11)	11	-41	-610.0	114.0
22440	2010-07-31 08:32:00	2010-07-31 08:40:00	2010-07-31 08:56:00	B3.1	11092.0	POINT(-47 17)	17	-47	-663.0	217.0
22450	2010-07-31 13:01:00	2010-07-31 13:07:00	2010-07-31 13:17:00	B2.8	11089.0	POINT(-40 16)	16	-40	-591.0	194.0
22460	2010-07-31 18:32:00	2010-07-31 19:09:00	2010-07-31 19:26:00	B7.4	11092.0	POINT(-41 17)	17	-41	-599.0	218.0
22470	2010-08-01 03:38:00	2010-08-01 03:50:00	2010-08-01 03:50:00	B4.5		POINT(-14 14)	14	-14	-230.0	147.0
22480	2010-08-01 07:24:00	2010-08-01 08:56:00	2010-08-01 10:25:00	C3.2		POINT(-35 20)	20	-35	-511.0	254.0
22490	2010-08-01 07:55:00	2010-08-01 08:26:00	2010-08-01 09:35:00	C3.2	11092.0	POINT(-87 -17)	-17	-87	-915.0	-293.0
22500	2010-08-02 04:19:00	2010-08-02 04:26:00	2010-08-02 04:38:00	B8.9		POINT(-88 -15)	-15	-88	-914.0	-261.0
22510	2010-08-02 17:21:00	2010-08-02 17:25:00	2010-08-02 17:30:00	B1.8	11092.0	POINT(-8 13)	13	-8	-134.0	123.0
22520	2010-08-02 19:28:00	2010-08-02 20:24:00	2010-08-02 21:22:00	B1.8	11092.0	POINT(-15 22)	22	-15	-231.0	279.0
22530	2010-08-03 10:07:00	2010-08-03 10:23:00	2010-08-03 10:46:00	B2.0		POINT(-7 20)	20	-7	-114.0	237.0
22540	2010-08-03 11:40:00	2010-08-03 11:49:00	2010-08-03 11:55:00	B5.2		POINT(-89 9)	9	-89	-941.0	153.0
22550	2010-08-03 12:02:00	2010-08-03 12:06:00	2010-08-03 12:12:00	B3.4		POINT(-89 8)	8	-89	-940.0	140.0
22560	2010-08-03 12:27:00	2010-08-03 12:34:00	2010-08-03 12:40:00	B2.5		POINT(-89 9)	9	-89	-945.0	152.0
22570	2010-08-03 14:17:00	2010-08-03 14:25:00	2010-08-03 14:28:00	B2.4		POINT(-89 9)	9	-89	-938.0	160.0
22580	2010-08-03 16:57:00	2010-08-03 17:00:00	2010-08-03 17:04:00	B3.7		POINT(15 26)	26	15	232.0	337.0
22590	2010-08-03 20:45:00	2010-08-03 20:48:00	2010-08-03 20:51:00	B1.5		POINT(-85 9)	9	-85	-930.0	141.0
22600	2010-08-04 02:36:00	2010-08-04 02:39:00	2010-08-04 02:42:00	B2.0		POINT(-82 9)	9	-82	-924.0	147.0
22610	2010-08-04 02:51:00	2010-08-04 02:54:00	2010-08-04 02:58:00	B6.6	11093.0	POINT(-79 9)	9	-79	-917.0	135.0
22620	2010-08-04 09:13:00	2010-08-04 09:20:00	2010-08-04 09:20:00	B6.5	11093.0	POINT(-83 13)	13	-83	-914.0	209.0
22630	2010-08-04 19:02:00	2010-08-04 19:06:00	2010-08-04 19:09:00	B4.9	11093.0	POINT(-63 -16)	-16	-63	-812.0	-311.0
22640	2010-08-04 22:15:00	2010-08-04 22:20:00	2010-08-04 22:23:00	B2.3		POINT(-61 -16)	-16	-61	-798.0	-317.0
22650	2010-08-05 00:16:00	2010-08-05 00:26:00	2010-08-05 00:26:00	B2.8	11092.0	POINT(17 20)	20	17	274.0	234.0
22660	2010-08-05 20:39:00	2010-08-05 21:35:00	2010-08-05 22:03:00	C1.3	11093.0	POINT(-73 18)	18	-73	-860.0	269.0
22670	2010-08-05 22:23:00	2010-08-05 22:27:00	2010-08-05 22:30:00	B5.7	11094.0	POINT(57 23)	23	57	731.0	321.0
22680	2010-08-06 01:14:00	2010-08-06 01:36:00	2010-08-06 01:57:00	B5.6	11093.0	POINT(-67 20)	20	-67	-819.0	287.0
22690	2010-08-06 02:03:00	2010-08-06 02:07:00	2010-08-06 02:09:00	B4.5	11093.0	POINT(-64 20)	20	-64	-801.0	296.0
22700	2010-08-06 06:10:00	2010-08-06 06:33:00	2010-08-06 07:45:00	B2.8		POINT(-49 9)	9	-49	-714.0	98.0
22710	2010-08-06 15:21:00	2010-08-06 15:27:00	2010-08-06 15:35:00	B3.5		POINT(-60 16)	16	-60	-792.0	215.0
22720	2010-08-07 02:30:00	2010-08-07 02:44:00	2010-08-07 02:56:00	B3.0	11094.0	POINT(-23 -14)	-14	-23	-373.0	-321.0
22730	2010-08-07 05:09:00	2010-08-07 05:13:00	2010-08-07 05:15:00	B1.7		POINT(49 13)	13	49	704.0	150.0
22740	2010-08-07 17:55:00	2010-08-07 18:24:00	2010-08-07 18:24:00	M1.0	11093.0	POINT(-37 14)	14	-37	-555.0	161.0
22750	2010-08-07 22:40:00	2010-08-07 22:43:00	2010-08-07 22:46:00	B2.9		POINT(80 25)	25	80	843.0	389.0
22760	2010-08-08 07:43:00	2010-08-08 07:51:00	2010-08-08 08:28:00	B2.1	11093.0	POINT(81 -51)	-51	81	1019.0	1286.0
22770	2010-08-08 14:13:00	2010-08-08 14:17:00	2010-08-08 14:23:00	B2.3	11093.0	POINT(81 -52)	-52	81	995.0	1341.0
22780	2010-08-09 02:14:00	2010-08-09 02:25:00	2010-08-09 02:37:00	B1.8	11093.0	POINT(-68 49)	49	-68	-567.0	695.0
22790	2010-08-09 19:50:00	2010-08-09 19:54:00	2010-08-09 19:56:00	B1.6	11095.0	POINT(81 -52)	-52	81	981.0	1296.0
22800	2010-08-10 04:45:00	2010-08-10 04:51:00	2010-08-10 04:55:00	B1.9	11096.0	POINT(22 21)	21	22	339.0	255.0
22810	2010-08-10 08:48:00	2010-08-10 09:12:00	2010-08-10 09:25:00	B1.9	11096.0	POINT(24 24)	24	24	361.0	299.0
22820	2010-08-10 16:41:00	2010-08-10 17:01:00	2010-08-10 17:01:00	B8.1	11097.0	POINT(27 21)	21	27	414.0	256.0
22830	2010-08-11 07:57:00	2010-08-11 08:01:00	2010-08-11 08:05:00	B2.6	11098.0	POINT(-37 13)	13	-37	-556.0	140.0
22840	2010-08-11 10:56:00	2010-08-11 11:03:00	2010-08-11 11:07:00	B1.8		POINT(-55 28)	28	-55	-684.0	395.0
22850	2010-08-11 11:42:00	2010-08-11 11:46:00	2010-08-11 11:49:00	B1.9		POINT(18 8)	8	18	303.0	45.0
22860	2010-08-11 12:02:00	2010-08-11 12:06:00	2010-08-11 12:09:00	B3.9		POINT(20 8)	8	20	323.0	42.0
22870	2010-08-11 13:38:00	2010-08-11 13:48:00	2010-08-11 13:54:00	B3.8	11098.0	POINT(-33 13)	13	-33	-515.0	137.0
22880	2010-08-11 18:43:00	2010-08-11 18:46:00	2010-08-11 18:48:00	B1.7	11098.0	POINT(-59 29)	29	-59	-707.0	423.0
22890	2010-08-12 00:30:00	2010-08-12 00:35:00	2010-08-12 00:44:00	B2.5	11098.0	POINT(52 23)	23	52	690.0	309.0
22900	2010-08-12 04:16:00	2010-08-12 04:21:00	2010-08-12 04:25:00	B1.4	11098.0	POINT(-25 14)	14	-25	-398.0	138.0
22910	2010-08-13 15:28:00	2010-08-13 15:44:00	2010-08-13 16:31:00	B1.7	11093.0	POINT(-87 -18)	-18	-87	-908.0	-306.0
22920	2010-08-13 21:48:00	2010-08-13 21:55:00	2010-08-13 22:01:00	B3.4	11099.0	POINT(43 19)	19	43	612.0	239.0
22930	2010-08-13 23:27:00	2010-08-13 23:41:00	2010-08-13 23:45:00	B1.5	11099.0	POINT(45 17)	17	45	642.0	212.0
22940	2010-08-13 23:53:00	2010-08-14 00:22:00	2010-08-14 00:27:00	B2.2	11099.0	POINT(45 19)	19	45	644.0	237.0
22950	2010-08-14 01:02:00	2010-08-14 01:06:00	2010-08-14 01:12:00	B2.7	11099.0	POINT(74 21)	21	74	852.0	317.0
22960	2010-08-14 03:52:00	2010-08-14 04:01:00	2010-08-14 04:14:00	B2.5	11099.0	POINT(-87 -21)	-21	-87	-887.0	-359.0
22970	2010-08-14 09:38:00	2010-08-14 10:05:00	2010-08-14 10:31:00	C4.4	11099.0	POINT(56 12)	12	56	770.0	149.0
22980	2010-08-14 17:09:00	2010-08-14 17:14:00	2010-08-14 17:16:00	B9.7	11099.0	POINT(52 16)	16	52	721.0	207.0
22990	2010-08-14 18:03:00	2010-08-14 18:08:00	2010-08-14 18:10:00	C1.6	11099.0	POINT(52 19)	19	52	710.0	254.0
23000	2010-08-15 00:59:00	2010-08-15 01:04:00	2010-08-15 01:06:00	B3.9	11099.0	POINT(56 17)	17	56	755.0	221.0
23010	2010-08-15 05:44:00	2010-08-15 06:29:00	2010-08-15 07:10:00	B6.7		POINT(-86 -24)	-24	-86	-866.0	-399.0
23020	2010-08-15 08:16:00	2010-08-15 08:20:00	2010-08-15 08:23:00	B4.9	11099.0	POINT(-87 -21)	-21	-87	-883.0	-354.0
23030	2010-08-15 12:43:00	2010-08-15 12:49:00	2010-08-15 12:55:00	B7.8	11099.0	POINT(67 16)	16	67	840.0	232.0
23040	2010-08-15 16:04:00	2010-08-15 16:09:00	2010-08-15 16:17:00	B5.3	11099.0	POINT(69 16)	16	69	849.0	229.0
23050	2010-08-15 18:23:00	2010-08-15 18:30:00	2010-08-15 18:37:00	C5.4	11099.0	POINT(71 15)	15	71	867.0	224.0
23060	2010-08-15 18:52:00	2010-08-15 18:57:00	2010-08-15 19:06:00	B6.4	11099.0	POINT(72 14)	14	72	871.0	210.0
23070	2010-08-15 22:31:00	2010-08-15 22:36:00	2010-08-15 22:38:00	B3.0	11099.0	POINT(71 17)	17	71	857.0	246.0
23080	2010-08-16 01:23:00	2010-08-16 01:29:00	2010-08-16 01:33:00	B2.1	11099.0	POINT(75 13)	13	75	892.0	195.0
23090	2010-08-16 01:46:00	2010-08-16 01:49:00	2010-08-16 01:52:00	B3.5	11099.0	POINT(75 16)	16	75	878.0	243.0
23100	2010-08-16 01:53:00	2010-08-16 01:55:00	2010-08-16 01:58:00	B4.5	11099.0	POINT(73 16)	16	73	870.0	245.0
23110	2010-08-16 02:20:00	2010-08-16 02:37:00	2010-08-16 02:49:00	B3.5	11098.0	POINT(83 13)	13	83	916.0	200.0
23120	2010-08-16 11:34:00	2010-08-16 11:42:00	2010-08-16 11:51:00	B5.6	11099.0	POINT(81 16)	16	81	900.0	245.0
23130	2010-08-16 13:58:00	2010-08-16 14:05:00	2010-08-16 14:10:00	B3.8	11099.0	POINT(78 18)	18	78	879.0	279.0
23140	2010-08-16 15:16:00	2010-08-16 15:21:00	2010-08-16 15:28:00	B7.6	11099.0	POINT(80 17)	17	80	894.0	261.0
23150	2010-08-16 16:34:00	2010-08-16 16:39:00	2010-08-16 16:51:00	C1.4	11099.0	POINT(80 18)	18	80	886.0	278.0
23160	2010-08-16 18:07:00	2010-08-16 18:15:00	2010-08-16 18:21:00	B3.9	11099.0	POINT(80 17)	17	80	892.0	261.0
23170	2010-08-17 00:17:00	2010-08-17 00:30:00	2010-08-17 00:39:00	B5.7	11099.0	POINT(87 16)	16	87	906.0	266.0
23180	2010-08-17 03:40:00	2010-08-17 03:52:00	2010-08-17 04:08:00	B3.0	11099.0	POINT(88 18)	18	88	906.0	305.0
23190	2010-08-17 04:42:00	2010-08-17 04:46:00	2010-08-17 04:49:00	B2.3	11099.0	POINT(82 17)	17	82	894.0	273.0
23200	2010-08-17 06:09:00	2010-08-17 06:37:00	2010-08-17 06:44:00	B2.9	11099.0	POINT(46 13)	13	46	674.0	149.0
23210	2010-08-17 08:16:00	2010-08-17 08:23:00	2010-08-17 08:30:00	B3.1	11099.0	POINT(88 17)	17	88	908.0	285.0
23220	2010-08-17 10:44:00	2010-08-17 10:50:00	2010-08-17 10:50:00	B5.1	11099.0	POINT(-85 -32)	-32	-85	-815.0	-531.0
23230	2010-08-17 15:44:00	2010-08-17 15:51:00	2010-08-17 15:52:00	B7.0	11099.0	POINT(-52 -22)	-22	-52	-699.0	-422.0
23240	2010-08-17 23:05:00	2010-08-18 00:01:00	2010-08-18 00:22:00	C1.5	11099.0	POINT(88 17)	17	88	911.0	295.0
23250	2010-08-18 04:45:00	2010-08-18 05:48:00	2010-08-18 06:51:00	C4.5	11099.0	POINT(88 18)	18	88	908.0	304.0
23260	2010-08-18 22:17:00	2010-08-18 22:27:00	2010-08-18 22:27:00	B3.3	11100.0	POINT(-57 -19)	-19	-57	-753.0	-375.0
23270	2010-08-26 10:47:00	2010-08-26 10:53:00	2010-08-26 11:02:00	B2.6	11101.0	POINT(72 -20)	-20	72	847.0	-362.0
23280	2010-08-26 17:31:00	2010-08-26 17:34:00	2010-08-26 17:36:00	B1.5	11100.0	POINT(74 -20)	-20	74	855.0	-364.0
23290	2010-08-26 23:50:00	2010-08-26 23:54:00	2010-08-26 23:59:00	B1.7		POINT(83 -21)	-21	83	876.0	-359.0
23300	2010-08-27 00:26:00	2010-08-27 00:33:00	2010-08-27 00:39:00	B2.2		POINT(86 -21)	-21	86	884.0	-356.0
23310	2010-08-27 00:56:00	2010-08-27 01:00:00	2010-08-27 01:07:00	B1.6	11100.0	POINT(83 -20)	-20	83	882.0	-344.0
23320	2010-08-27 03:18:00	2010-08-27 03:33:00	2010-08-27 03:43:00	B2.3		POINT(87 -20)	-20	87	893.0	-332.0
23330	2010-08-27 04:36:00	2010-08-27 04:39:00	2010-08-27 04:46:00	B4.7	11100.0	POINT(28 -31)	-31	28	387.0	-584.0
23340	2010-08-27 05:10:00	2010-08-27 05:14:00	2010-08-27 05:18:00	B2.2		POINT(86 -21)	-21	86	888.0	-346.0
23350	2010-08-27 09:19:00	2010-08-27 10:55:00	2010-08-27 12:45:00	B2.4		POINT(85 -28)	-28	85	835.0	-464.0
23360	2010-08-27 16:36:00	2010-08-27 16:40:00	2010-08-27 16:44:00	B1.9		POINT(-47 16)	16	-47	-667.0	193.0
23370	2010-08-27 19:55:00	2010-08-27 19:58:00	2010-08-27 19:58:00	B1.3		POINT(-44 17)	17	-44	-633.0	208.0
23380	2010-08-27 22:17:00	2010-08-27 22:21:00	2010-08-27 22:26:00	B1.1		POINT(-43 16)	16	-43	-629.0	185.0
23390	2010-08-27 22:55:00	2010-08-27 22:59:00	2010-08-27 23:01:00	B1.1		POINT(87 -20)	-20	87	904.0	-336.0
23400	2010-08-28 00:44:00	2010-08-28 00:50:00	2010-08-28 00:56:00	B1.0	11101.0	POINT(-41 16)	16	-41	-610.0	185.0
23410	2010-08-30 09:20:00	2010-08-30 12:21:00	2010-08-30 12:45:00	B1.7		POINT(21 27)	27	21	309.0	341.0
23420	2010-08-30 15:15:00	2010-08-30 15:18:00	2010-08-30 15:22:00	B1.4	11102.0	POINT(-88 18)	18	-88	-901.0	294.0
23430	2010-08-31 21:50:00	2010-08-31 21:53:00	2010-08-31 21:56:00	B1.4	11102.0	POINT(37 26)	26	37	519.0	341.0
23440	2010-08-31 22:43:00	2010-08-31 22:47:00	2010-08-31 22:49:00	B1.8	11102.0	POINT(37 26)	26	37	519.0	342.0
23450	2010-09-03 14:38:00	2010-09-03 15:18:00	2010-09-03 15:51:00	B2.8	11105.0	POINT(19 19)	19	19	301.0	213.0
23460	2010-09-03 22:03:00	2010-09-03 22:06:00	2010-09-03 22:09:00	B1.2	11105.0	POINT(22 20)	20	22	338.0	221.0
23470	2010-09-04 01:22:00	2010-09-04 01:25:00	2010-09-04 01:31:00	B1.0		POINT(22 20)	20	22	348.0	224.0
23480	2010-09-04 03:17:00	2010-09-04 04:07:00	2010-09-04 04:52:00	B2.5	11105.0	POINT(63 26)	26	63	761.0	372.0
23490	2010-09-04 07:00:00	2010-09-04 07:03:00	2010-09-04 07:06:00	B6.0	11103.0	POINT(66 25)	25	66	786.0	368.0
23500	2010-09-04 07:19:00	2010-09-04 07:24:00	2010-09-04 07:30:00	B1.6		POINT(29 17)	17	29	453.0	193.0
23510	2010-09-04 07:51:00	2010-09-04 07:55:00	2010-09-04 07:55:00	B1.8		POINT(85 23)	23	85	870.0	364.0
23520	2010-09-04 14:31:00	2010-09-04 14:35:00	2010-09-04 14:38:00	B2.5	11101.0	POINT(87 22)	22	87	881.0	369.0
23530	2010-09-04 15:55:00	2010-09-04 16:00:00	2010-09-04 16:02:00	B4.3	11101.0	POINT(73 25)	25	73	821.0	381.0
23540	2010-09-04 17:14:00	2010-09-04 17:27:00	2010-09-04 17:38:00	B2.5	11105.0	POINT(35 18)	18	35	521.0	212.0
23550	2010-09-04 22:04:00	2010-09-04 22:08:00	2010-09-04 22:11:00	B3.1	11105.0	POINT(38 18)	18	38	558.0	209.0
23560	2010-09-04 23:26:00	2010-09-04 23:29:00	2010-09-04 23:31:00	B2.1		POINT(38 18)	18	38	563.0	215.0
23570	2010-09-05 01:19:00	2010-09-05 01:23:00	2010-09-05 01:27:00	B3.4	11105.0	POINT(40 18)	18	40	581.0	216.0
23580	2010-09-05 02:11:00	2010-09-05 02:16:00	2010-09-05 02:21:00	B3.7	11105.0	POINT(40 18)	18	40	589.0	216.0
23590	2010-09-05 02:56:00	2010-09-05 03:00:00	2010-09-05 03:06:00	B3.5	11101.0	POINT(71 11)	11	71	882.0	156.0
23600	2010-09-05 07:00:00	2010-09-05 07:15:00	2010-09-05 07:22:00	B2.5	11105.0	POINT(43 18)	18	43	618.0	216.0
23610	2010-09-05 12:16:00	2010-09-05 12:23:00	2010-09-05 12:23:00	B3.3		POINT(84 25)	25	84	851.0	402.0
23620	2010-09-05 14:48:00	2010-09-05 14:58:00	2010-09-05 14:58:00	B5.6	11105.0	POINT(46 18)	18	46	660.0	215.0
23630	2010-09-05 21:43:00	2010-09-05 21:48:00	2010-09-05 21:52:00	B2.4		POINT(51 19)	19	51	704.0	239.0
23640	2010-09-05 22:26:00	2010-09-05 22:32:00	2010-09-05 22:37:00	B1.8		POINT(51 18)	18	51	711.0	225.0
23650	2010-09-06 00:26:00	2010-09-06 00:34:00	2010-09-06 00:42:00	B2.1		POINT(52 18)	18	52	721.0	231.0
23660	2010-09-06 02:49:00	2010-09-06 02:52:00	2010-09-06 02:57:00	B1.5		POINT(52 18)	18	52	721.0	229.0
23670	2010-09-06 05:10:00	2010-09-06 05:15:00	2010-09-06 05:15:00	B2.5		POINT(56 19)	19	56	747.0	250.0
23680	2010-09-06 06:32:00	2010-09-06 09:22:00	2010-09-06 09:34:00	B5.0		POINT(57 19)	19	57	758.0	261.0
23690	2010-09-06 09:09:00	2010-09-06 09:22:00	2010-09-06 09:30:00	B5.3		POINT(57 20)	20	57	753.0	262.0
23700	2010-09-06 14:54:00	2010-09-06 14:59:00	2010-09-06 15:01:00	C2.5	11105.0	POINT(59 17)	17	59	786.0	218.0
23710	2010-09-06 16:05:00	2010-09-06 16:27:00	2010-09-06 16:27:00	B3.5	11105.0	POINT(62 19)	19	62	797.0	263.0
23720	2010-09-07 04:27:00	2010-09-07 04:35:00	2010-09-07 04:42:00	B1.3		POINT(86 28)	28	86	843.0	456.0
23730	2010-09-07 05:20:00	2010-09-07 05:28:00	2010-09-07 05:28:00	B4.4		POINT(68 18)	18	68	842.0	258.0
23740	2010-09-07 08:52:00	2010-09-07 08:57:00	2010-09-07 09:00:00	B2.1		POINT(13 18)	18	13	204.0	183.0
23750	2010-09-07 13:30:00	2010-09-07 15:02:00	2010-09-07 15:27:00	B1.1		POINT(39 -15)	-15	39	578.0	-345.0
23760	2010-09-08 00:36:00	2010-09-08 00:48:00	2010-09-08 00:57:00	B2.3	11105.0	POINT(85 18)	18	85	897.0	297.0
23770	2010-09-08 23:05:00	2010-09-08 23:28:00	2010-09-08 23:33:00	C3.3	11105.0	POINT(87 21)	21	87	896.0	350.0
23780	2010-09-10 00:36:00	2010-09-10 00:52:00	2010-09-10 00:56:00	B2.3	11105.0	POINT(-86 -21)	-21	-86	-917.0	-364.0
23790	2010-09-10 02:52:00	2010-09-10 03:02:00	2010-09-10 03:18:00	B3.2		POINT(-88 -12)	-12	-88	-975.0	-227.0
23800	2010-09-10 05:32:00	2010-09-10 05:36:00	2010-09-10 05:43:00	B2.0		POINT(-87 -15)	-15	-87	-929.0	-265.0
23810	2010-09-10 06:11:00	2010-09-10 06:17:00	2010-09-10 06:19:00	B2.1		POINT(-86 -22)	-22	-86	-899.0	-368.0
23820	2010-09-10 07:15:00	2010-09-10 07:23:00	2010-09-10 07:27:00	B4.2	11105.0	POINT(-86 -21)	-21	-86	-890.0	-346.0
23830	2010-09-10 15:19:00	2010-09-10 15:23:00	2010-09-10 15:23:00	B2.4	11106.0	POINT(-87 -18)	-18	-87	-965.0	-318.0
23840	2010-09-10 16:15:00	2010-09-10 16:19:00	2010-09-10 16:22:00	B2.9	11106.0	POINT(-87 -19)	-19	-87	-904.0	-332.0
23850	2010-09-10 21:15:00	2010-09-10 21:18:00	2010-09-10 21:21:00	B4.2	11106.0	POINT(-86 -22)	-22	-86	-888.0	-366.0
23860	2010-09-10 23:09:00	2010-09-10 23:25:00	2010-09-10 23:46:00	B5.5	11106.0	POINT(22 21)	21	22	347.0	242.0
23870	2010-09-11 01:11:00	2010-09-11 01:15:00	2010-09-11 01:17:00	B3.1	11106.0	POINT(-87 -20)	-20	-87	-897.0	-335.0
23880	2010-09-11 03:20:00	2010-09-11 03:28:00	2010-09-11 03:37:00	B4.3	11106.0	POINT(-86 -20)	-20	-86	-898.0	-338.0
23890	2010-09-11 08:10:00	2010-09-11 08:14:00	2010-09-11 08:18:00	B5.0	11106.0	POINT(-87 -19)	-19	-87	-902.0	-326.0
23900	2010-09-11 10:30:00	2010-09-11 10:33:00	2010-09-11 10:39:00	B2.1	11106.0	POINT(-86 -21)	-21	-86	-887.0	-349.0
23910	2010-09-11 18:01:00	2010-09-11 18:05:00	2010-09-11 18:10:00	B3.6	11106.0	POINT(-86 -20)	-20	-86	-902.0	-340.0
23920	2010-09-12 16:20:00	2010-09-12 16:29:00	2010-09-12 16:33:00	B1.7		POINT(-63 -20)	-20	-63	-804.0	-377.0
23930	2010-09-12 21:10:00	2010-09-12 21:14:00	2010-09-12 21:18:00	B1.9	11106.0	POINT(-60 -20)	-20	-60	-779.0	-384.0
23940	2010-09-13 04:29:00	2010-09-13 04:36:00	2010-09-13 04:39:00	B2.1	11106.0	POINT(-62 30)	30	-62	-725.0	439.0
23950	2010-09-15 04:43:00	2010-09-15 05:08:00	2010-09-15 05:25:00	B5.0	11106.0	POINT(53 -7)	-7	53	762.0	-200.0
23960	2010-09-15 07:21:00	2010-09-15 07:24:00	2010-09-15 07:27:00	B2.8	11107.0	POINT(-34 31)	31	-34	-467.0	405.0
23970	2010-09-15 08:32:00	2010-09-15 08:42:00	2010-09-15 08:52:00	B2.8	11106.0	POINT(-28 -20)	-20	-28	-425.0	-430.0
23980	2010-09-15 17:08:00	2010-09-15 17:15:00	2010-09-15 17:21:00	B9.1	11108.0	POINT(-85 -29)	-29	-85	-840.0	-477.0
23990	2010-09-15 21:56:00	2010-09-15 22:01:00	2010-09-15 22:08:00	B3.4	11106.0	POINT(-85 -28)	-28	-85	-849.0	-464.0
24000	2010-09-15 22:20:00	2010-09-15 22:25:00	2010-09-15 22:31:00	B5.3	11106.0	POINT(-85 -29)	-29	-85	-835.0	-476.0
24010	2010-09-16 06:21:00	2010-09-16 07:36:00	2010-09-16 07:37:00	B1.9		POINT(-81 -29)	-29	-81	-816.0	-489.0
24020	2010-09-16 09:09:00	2010-09-16 09:12:00	2010-09-16 09:14:00	B3.1		POINT(-49 -20)	-20	-49	-684.0	-404.0
24030	2010-09-16 11:04:00	2010-09-16 11:09:00	2010-09-16 11:21:00	B4.6	11106.0	POINT(-12 -20)	-20	-12	-192.0	-446.0
24040	2010-09-16 13:52:00	2010-09-16 14:00:00	2010-09-16 14:04:00	B3.6	11108.0	POINT(-86 -26)	-26	-86	-870.0	-431.0
24050	2010-09-16 18:58:00	2010-09-16 19:03:00	2010-09-16 19:06:00	B3.7	11108.0	POINT(-85 -30)	-30	-85	-822.0	-487.0
24060	2010-09-16 22:29:00	2010-09-16 22:34:00	2010-09-16 22:34:00	B4.6	11106.0	POINT(-76 -27)	-27	-76	-819.0	-468.0
24070	2010-09-17 00:14:00	2010-09-17 00:17:00	2010-09-17 00:17:00	B5.7	11108.0	POINT(2 -21)	-21	2	35.0	-461.0
24080	2010-09-17 01:17:00	2010-09-17 01:22:00	2010-09-17 01:25:00	C1.3	11108.0	POINT(-75 -31)	-31	-75	-788.0	-518.0
24090	2010-09-17 04:18:00	2010-09-17 04:21:00	2010-09-17 04:23:00	B2.5	11106.0	POINT(-74 -27)	-27	-74	-815.0	-467.0
24100	2010-09-17 17:32:00	2010-09-17 17:36:00	2010-09-17 17:36:00	B2.7	11106.0	POINT(0 -19)	-19	0	-14.0	-434.0
24110	2010-09-17 21:17:00	2010-09-17 21:55:00	2010-09-17 22:55:00	B2.8		POINT(-63 -28)	-28	-63	-752.0	-495.0
24120	2010-09-18 06:18:00	2010-09-18 07:39:00	2010-09-18 07:40:00	B1.8	11108.0	POINT(-60 -28)	-28	-60	-730.0	-506.0
24130	2010-09-18 12:44:00	2010-09-18 12:48:00	2010-09-18 12:51:00	B2.3	11108.0	POINT(-64 -28)	-28	-64	-752.0	-503.0
24140	2010-09-19 02:47:00	2010-09-19 02:56:00	2010-09-19 03:05:00	B2.4	11106.0	POINT(10 18)	18	10	168.0	189.0
24150	2010-09-19 06:38:00	2010-09-19 07:16:00	2010-09-19 08:04:00	B3.6	11108.0	POINT(48 -62)	-62	48	329.0	-876.0
24160	2010-09-20 18:11:00	2010-09-20 18:14:00	2010-09-20 18:16:00	B3.7	11109.0	POINT(-87 21)	21	-87	-907.0	361.0
24170	2010-09-20 19:34:00	2010-09-20 19:45:00	2010-09-20 19:45:00	C2.1	11109.0	POINT(-87 19)	19	-87	-911.0	331.0
24180	2010-09-20 20:59:00	2010-09-20 21:03:00	2010-09-20 21:05:00	C1.2	11109.0	POINT(-87 20)	20	-87	-903.0	340.0
24190	2010-09-20 22:19:00	2010-09-20 22:25:00	2010-09-20 22:27:00	C1.0	11109.0	POINT(-87 20)	20	-87	-905.0	333.0
24200	2010-09-20 23:38:00	2010-09-20 23:43:00	2010-09-20 23:45:00	B8.2	11109.0	POINT(-87 19)	19	-87	-897.0	328.0
24210	2010-09-21 00:25:00	2010-09-21 01:30:00	2010-09-21 03:30:00	B7.1		POINT(-86 25)	25	-86	-890.0	437.0
24220	2010-09-21 05:57:00	2010-09-21 06:08:00	2010-09-21 06:08:00	B9.0	11109.0	POINT(-87 19)	19	-87	-909.0	326.0
24230	2010-09-21 07:38:00	2010-09-21 07:53:00	2010-09-21 08:09:00	C1.4	11109.0	POINT(-87 23)	23	-87	-876.0	388.0
24240	2010-09-21 17:55:00	2010-09-21 18:01:00	2010-09-21 18:10:00	B4.4	11109.0	POINT(-87 23)	23	-87	-941.0	404.0
24250	2010-09-22 03:50:00	2010-09-22 03:53:00	2010-09-22 03:57:00	B2.7	11109.0	POINT(-78 20)	20	-78	-878.0	305.0
24260	2010-09-22 04:26:00	2010-09-22 05:09:00	2010-09-22 05:37:00	B8.5	11109.0	POINT(-87 21)	21	-87	-901.0	351.0
24270	2010-09-22 14:34:00	2010-09-22 14:42:00	2010-09-22 14:56:00	B2.7	11106.0	POINT(71 -23)	-23	71	828.0	-414.0
24280	2010-09-23 04:56:00	2010-09-23 05:00:00	2010-09-23 05:05:00	B2.6	11109.0	POINT(-66 20)	20	-66	-825.0	284.0
24290	2010-09-24 01:20:00	2010-09-24 01:25:00	2010-09-24 01:25:00	B2.9	11109.0	POINT(-52 18)	18	-52	-722.0	239.0
24300	2010-09-24 06:16:00	2010-09-24 07:32:00	2010-09-24 07:32:00	B1.6		POINT(15 -27)	-27	15	229.0	-539.0
24310	2010-09-24 09:52:00	2010-09-24 09:55:00	2010-09-24 09:58:00	B1.9	11109.0	POINT(-49 20)	20	-49	-687.0	257.0
24320	2010-09-25 01:38:00	2010-09-25 02:23:00	2010-09-25 02:43:00	B4.0	11109.0	POINT(26 -28)	-28	26	376.0	-547.0
24330	2010-09-25 06:15:00	2010-09-25 07:37:00	2010-09-25 07:37:00	B1.4		POINT(29 -26)	-26	29	418.0	-519.0
24340	2010-09-25 09:38:00	2010-09-25 09:51:00	2010-09-25 10:04:00	B2.8	11109.0	POINT(86 -21)	-21	86	899.0	-366.0
24350	2010-09-25 17:02:00	2010-09-25 17:16:00	2010-09-25 17:33:00	B2.5		POINT(40 -32)	-32	40	521.0	-588.0
24360	2010-09-26 02:45:00	2010-09-26 02:49:00	2010-09-26 02:51:00	B2.0	11109.0	POINT(-24 20)	20	-24	-380.0	231.0
24370	2010-09-26 03:43:00	2010-09-26 03:47:00	2010-09-26 03:47:00	B2.2	11109.0	POINT(-25 21)	21	-25	-386.0	249.0
24380	2010-09-26 04:44:00	2010-09-26 04:49:00	2010-09-26 04:49:00	B3.0	11109.0	POINT(-24 20)	20	-24	-374.0	230.0
24390	2010-09-26 05:38:00	2010-09-26 05:42:00	2010-09-26 05:42:00	B2.5	11109.0	POINT(-25 21)	21	-25	-381.0	256.0
24400	2010-09-26 06:31:00	2010-09-26 06:36:00	2010-09-26 06:40:00	B1.9	11109.0	POINT(8 -50)	-50	8	88.0	-807.0
24410	2010-09-26 07:00:00	2010-09-26 07:04:00	2010-09-26 07:12:00	B2.6		POINT(-6 -82)	-82	-6	-14.0	1076.0
24420	2010-09-26 09:18:00	2010-09-26 09:26:00	2010-09-26 09:26:00	B5.3	11109.0	POINT(-20 20)	20	-20	-321.0	225.0
24430	2010-09-26 12:42:00	2010-09-26 12:53:00	2010-09-26 12:53:00	B7.3	11109.0	POINT(-19 20)	20	-19	-296.0	228.0
24440	2010-09-26 14:11:00	2010-09-26 14:16:00	2010-09-26 14:16:00	B3.3	11110.0	POINT(-2 21)	21	-2	-41.0	236.0
24450	2010-09-26 18:00:00	2010-09-26 18:10:00	2010-09-26 18:21:00	B2.8	11109.0	POINT(0 20)	20	0	-6.0	230.0
24460	2010-09-26 18:45:00	2010-09-26 18:48:00	2010-09-26 18:51:00	B2.2	11109.0	POINT(-16 19)	19	-16	-251.0	220.0
24470	2010-09-26 20:23:00	2010-09-26 20:26:00	2010-09-26 20:33:00	B1.9	11109.0	POINT(50 -32)	-32	50	620.0	-573.0
24480	2010-09-26 20:41:00	2010-09-26 20:45:00	2010-09-26 20:50:00	B2.5	11109.0	POINT(-16 20)	20	-16	-255.0	225.0
24490	2010-09-26 21:24:00	2010-09-26 21:32:00	2010-09-26 21:42:00	B3.3	11109.0	POINT(-15 19)	19	-15	-236.0	221.0
24500	2010-09-27 00:14:00	2010-09-27 00:18:00	2010-09-27 00:21:00	B3.3	11110.0	POINT(3 20)	20	3	48.0	229.0
24510	2010-09-27 14:41:00	2010-09-27 14:44:00	2010-09-27 14:44:00	B1.6	11109.0	POINT(-8 21)	21	-8	-124.0	249.0
24520	2010-09-27 21:36:00	2010-09-27 21:39:00	2010-09-27 21:42:00	B1.9		POINT(-87 22)	22	-87	-890.0	363.0
24530	2010-09-27 21:46:00	2010-09-27 21:49:00	2010-09-27 21:52:00	B3.9	11109.0	POINT(-4 20)	20	-4	-77.0	228.0
24540	2010-09-27 21:52:00	2010-09-27 21:58:00	2010-09-27 22:02:00	B6.1	11109.0	POINT(-3 19)	19	-3	-56.0	217.0
24550	2010-09-28 02:37:00	2010-09-28 02:41:00	2010-09-28 02:43:00	B2.3	11108.0	POINT(57 -33)	-33	57	674.0	-573.0
24560	2010-09-28 02:44:00	2010-09-28 02:47:00	2010-09-28 02:47:00	B2.1	11108.0	POINT(57 -32)	-32	57	680.0	-563.0
24570	2010-09-28 06:39:00	2010-09-28 06:42:00	2010-09-28 06:45:00	B1.4		POINT(-3 -82)	-82	-3	-9.0	1077.0
24580	2010-09-28 09:38:00	2010-09-28 09:48:00	2010-09-28 09:48:00	C1.7	11110.0	POINT(21 19)	19	21	329.0	221.0
24590	2010-09-28 14:13:00	2010-09-28 14:22:00	2010-09-28 14:30:00	B2.8	11109.0	POINT(7 21)	21	7	114.0	251.0
24600	2010-09-28 14:43:00	2010-09-28 15:05:00	2010-09-28 15:11:00	B5.2	11110.0	POINT(25 19)	19	25	387.0	213.0
24610	2010-09-28 18:38:00	2010-09-28 18:46:00	2010-09-28 18:52:00	B2.4		POINT(7 20)	20	7	117.0	225.0
24620	2010-09-28 21:07:00	2010-09-28 21:12:00	2010-09-28 21:18:00	B6.1	11110.0	POINT(29 19)	19	29	446.0	222.0
24630	2010-09-28 22:05:00	2010-09-28 22:11:00	2010-09-28 22:15:00	C2.0	11110.0	POINT(30 19)	19	30	459.0	218.0
24640	2010-09-28 22:36:00	2010-09-28 22:42:00	2010-09-28 22:50:00	B2.5		POINT(9 20)	20	9	151.0	236.0
24650	2010-09-29 00:08:00	2010-09-29 00:12:00	2010-09-29 00:12:00	B2.2		POINT(13 20)	20	13	217.0	228.0
24660	2010-09-29 01:21:00	2010-09-29 01:26:00	2010-09-29 01:29:00	B6.6	11110.0	POINT(32 18)	18	32	483.0	218.0
24670	2010-09-29 07:03:00	2010-09-29 07:11:00	2010-09-29 07:13:00	B2.7		POINT(85 -30)	-30	85	837.0	-497.0
24680	2010-09-29 09:34:00	2010-09-29 09:37:00	2010-09-29 09:37:00	B4.5	11110.0	POINT(14 21)	21	14	224.0	243.0
24690	2010-09-29 13:11:00	2010-09-29 13:15:00	2010-09-29 13:18:00	B2.5		POINT(88 14)	14	88	932.0	243.0
24700	2010-09-30 04:59:00	2010-09-30 05:03:00	2010-09-30 05:07:00	B5.7	11109.0	POINT(24 21)	21	24	374.0	246.0
24710	2010-09-30 05:47:00	2010-09-30 05:58:00	2010-09-30 05:58:00	B7.0		POINT(32 18)	18	32	486.0	213.0
24720	2010-09-30 08:10:00	2010-09-30 08:16:00	2010-09-30 08:22:00	B3.7		POINT(49 18)	18	49	689.0	237.0
24730	2010-09-30 09:44:00	2010-09-30 09:59:00	2010-09-30 09:59:00	B5.8	11109.0	POINT(28 21)	21	28	434.0	250.0
24740	2010-09-30 23:16:00	2010-09-30 23:20:00	2010-09-30 23:23:00	B2.8	11109.0	POINT(36 20)	20	36	534.0	253.0
24750	2010-10-01 04:52:00	2010-10-01 04:56:00	2010-10-01 04:58:00	B2.4	11109.0	POINT(39 20)	20	39	565.0	260.0
24760	2010-10-01 06:16:00	2010-10-01 07:59:00	2010-10-01 08:02:00	B3.7	11109.0	POINT(41 20)	20	41	593.0	259.0
24770	2010-10-01 09:22:00	2010-10-01 10:01:00	2010-10-01 11:25:00	B5.3	11110.0	POINT(61 18)	18	61	800.0	254.0
24780	2010-10-02 08:39:00	2010-10-02 08:51:00	2010-10-02 08:51:00	B5.0	11109.0	POINT(56 20)	20	56	752.0	276.0
24790	2010-10-02 23:31:00	2010-10-02 23:37:00	2010-10-02 23:37:00	B1.9	11109.0	POINT(65 20)	20	65	813.0	296.0
24800	2010-10-03 04:09:00	2010-10-03 04:38:00	2010-10-03 05:03:00	B2.3	11110.0	POINT(87 19)	19	87	903.0	310.0
24810	2010-10-03 19:20:00	2010-10-03 19:23:00	2010-10-03 19:25:00	B1.2	11111.0	POINT(73 21)	21	73	856.0	325.0
24820	2010-10-03 21:43:00	2010-10-03 21:46:00	2010-10-03 21:46:00	B1.7	11111.0	POINT(72 23)	23	72	837.0	348.0
24830	2010-10-04 05:43:00	2010-10-04 05:47:00	2010-10-04 05:47:00	B1.4	11109.0	POINT(-5 25)	25	-5	-78.0	305.0
24840	2010-10-04 09:35:00	2010-10-04 09:40:00	2010-10-04 09:40:00	B3.8	11109.0	POINT(82 22)	22	82	877.0	356.0
24850	2010-10-04 15:07:00	2010-10-04 15:10:00	2010-10-04 15:10:00	B1.2	11111.0	POINT(0 24)	24	0	0.0	303.0
24860	2010-10-04 16:28:00	2010-10-04 16:35:00	2010-10-04 16:35:00	C2.3	11109.0	POINT(87 22)	22	87	882.0	365.0
24870	2010-10-05 07:50:00	2010-10-05 07:54:00	2010-10-05 07:54:00	B1.4	11111.0	POINT(87 24)	24	87	875.0	385.0
24880	2010-10-05 08:40:00	2010-10-05 08:43:00	2010-10-05 08:46:00	B5.0	11109.0	POINT(87 23)	23	87	878.0	378.0
24890	2010-10-05 08:51:00	2010-10-05 08:54:00	2010-10-05 08:57:00	B2.2	11111.0	POINT(87 22)	22	87	885.0	375.0
24900	2010-10-05 10:44:00	2010-10-05 10:47:00	2010-10-05 10:47:00	B1.1	11109.0	POINT(88 25)	25	88	867.0	403.0
24910	2010-10-05 11:16:00	2010-10-05 11:24:00	2010-10-05 11:24:00	B2.3	11109.0	POINT(87 22)	22	87	883.0	363.0
24920	2010-10-05 12:19:00	2010-10-05 12:27:00	2010-10-05 12:27:00	B2.5	11109.0	POINT(87 23)	23	87	891.0	383.0
24930	2010-10-05 19:01:00	2010-10-05 19:12:00	2010-10-05 19:12:00	B1.0		POINT(87 21)	21	87	904.0	354.0
24940	2010-10-06 04:40:00	2010-10-06 06:10:00	2010-10-06 06:15:00	B1.4		POINT(-87 -17)	-17	-87	-947.0	-301.0
24950	2010-10-06 15:09:00	2010-10-06 16:20:00	2010-10-06 18:01:00	B1.2		POINT(30 22)	22	30	449.0	274.0
24960	2010-10-07 18:41:00	2010-10-07 18:51:00	2010-10-07 18:51:00	B1.2		POINT(23 21)	21	23	356.0	254.0
24970	2010-10-07 23:40:00	2010-10-07 23:45:00	2010-10-07 23:45:00	B1.5		POINT(-87 -20)	-20	-87	-909.0	-345.0
24980	2010-10-08 04:56:00	2010-10-08 05:01:00	2010-10-08 05:08:00	B1.6		POINT(-87 -22)	-22	-87	-892.0	-368.0
24990	2010-10-09 17:55:00	2010-10-09 17:58:00	2010-10-09 18:03:00	B3.2		POINT(-66 -22)	-22	-66	-813.0	-404.0
25000	2010-10-10 06:40:00	2010-10-10 06:48:00	2010-10-10 06:55:00	B2.3	11112.0	POINT(-62 -21)	-21	-62	-796.0	-387.0
25010	2010-10-10 07:57:00	2010-10-10 08:04:00	2010-10-10 08:08:00	B1.2		POINT(-61 -21)	-21	-61	-785.0	-394.0
25020	2010-10-10 08:39:00	2010-10-10 08:44:00	2010-10-10 08:48:00	B1.8	11112.0	POINT(-61 -20)	-20	-61	-793.0	-378.0
25030	2010-10-10 09:35:00	2010-10-10 09:42:00	2010-10-10 09:47:00	B5.5	11112.0	POINT(-61 -21)	-21	-61	-791.0	-390.0
25040	2010-10-10 16:35:00	2010-10-10 16:39:00	2010-10-10 16:39:00	B1.2		POINT(-52 -19)	-19	-52	-716.0	-386.0
25050	2010-10-10 17:32:00	2010-10-10 17:35:00	2010-10-10 17:35:00	B1.1		POINT(-57 -21)	-21	-57	-752.0	-404.0
25060	2010-10-10 19:00:00	2010-10-10 20:03:00	2010-10-11 01:30:00	A9.4		POINT(-33 -15)	-15	-33	-511.0	-338.0
25070	2010-10-13 11:40:00	2010-10-13 11:45:00	2010-10-13 11:45:00	B2.0	11113.0	POINT(-88 18)	18	-88	-921.0	304.0
25080	2010-10-13 11:59:00	2010-10-13 12:03:00	2010-10-13 12:06:00	B1.3	11113.0	POINT(-88 15)	15	-88	-933.0	262.0
25090	2010-10-13 14:48:00	2010-10-13 14:58:00	2010-10-13 14:58:00	B2.1	11113.0	POINT(-28 30)	30	-28	-389.0	417.0
25100	2010-10-13 16:00:00	2010-10-13 16:27:00	2010-10-13 16:27:00	B4.0	11113.0	POINT(-83 18)	18	-83	-906.0	290.0
25110	2010-10-13 22:07:00	2010-10-13 22:10:00	2010-10-13 22:13:00	B1.1	11113.0	POINT(-80 17)	17	-80	-906.0	270.0
25120	2010-10-14 12:14:00	2010-10-14 12:17:00	2010-10-14 12:21:00	B3.9	11112.0	POINT(-7 -19)	-19	-7	-119.0	-408.0
25130	2010-10-14 13:54:00	2010-10-14 13:59:00	2010-10-14 13:59:00	B3.4	11112.0	POINT(-71 19)	19	-71	-863.0	282.0
25140	2010-10-14 14:19:00	2010-10-14 14:26:00	2010-10-14 14:28:00	B3.9	11112.0	POINT(-6 -19)	-19	-6	-98.0	-407.0
25150	2010-10-14 16:58:00	2010-10-14 17:03:00	2010-10-14 17:08:00	B2.1	11113.0	POINT(-66 14)	14	-66	-853.0	205.0
25160	2010-10-15 07:48:00	2010-10-15 07:52:00	2010-10-15 07:55:00	B1.0	11115.0	POINT(-83 -33)	-33	-83	-795.0	-538.0
25170	2010-10-15 08:13:00	2010-10-15 08:17:00	2010-10-15 08:21:00	B1.2	11113.0	POINT(4 -19)	-19	4	69.0	-408.0
25180	2010-10-15 13:03:00	2010-10-15 13:07:00	2010-10-15 13:13:00	B1.0	11113.0	POINT(-58 17)	17	-58	-783.0	239.0
25190	2010-10-15 13:42:00	2010-10-15 14:05:00	2010-10-15 15:15:00	B1.4		POINT(2 -9)	-9	2	41.0	-249.0
25200	2010-10-15 22:54:00	2010-10-15 22:57:00	2010-10-15 23:06:00	B1.2	11112.0	POINT(12 -19)	-19	12	191.0	-404.0
25210	2010-10-16 00:05:00	2010-10-16 00:33:00	2010-10-16 00:51:00	B1.9		POINT(11 -19)	-19	11	183.0	-418.0
25220	2010-10-16 01:41:00	2010-10-16 01:46:00	2010-10-16 01:55:00	B2.6	11112.0	POINT(12 -19)	-19	12	194.0	-417.0
25230	2010-10-16 16:53:00	2010-10-16 17:03:00	2010-10-16 17:06:00	B7.2	11112.0	POINT(25 -19)	-19	25	387.0	-410.0
25240	2010-10-16 19:07:00	2010-10-16 19:12:00	2010-10-16 19:12:00	M2.9	11112.0	POINT(26 -20)	-20	26	404.0	-413.0
25250	2010-10-17 00:08:00	2010-10-17 00:11:00	2010-10-17 00:13:00	B1.5	11112.0	POINT(-34 16)	16	-34	-530.0	197.0
25260	2010-10-17 00:26:00	2010-10-17 00:34:00	2010-10-17 00:38:00	B4.5	11112.0	POINT(27 -18)	-18	27	428.0	-378.0
25270	2010-10-17 03:55:00	2010-10-17 04:19:00	2010-10-17 04:40:00	B3.4		POINT(30 -18)	-18	30	467.0	-382.0
25280	2010-10-17 08:26:00	2010-10-17 08:30:00	2010-10-17 08:33:00	B1.7	11112.0	POINT(30 -19)	-19	30	455.0	-398.0
25290	2010-10-17 08:52:00	2010-10-17 08:59:00	2010-10-17 08:59:00	C1.7	11112.0	POINT(33 -18)	-18	33	505.0	-374.0
25300	2010-10-17 10:26:00	2010-10-17 10:58:00	2010-10-17 11:05:00	B7.7	11112.0	POINT(32 -19)	-19	32	495.0	-390.0
25310	2010-10-17 13:23:00	2010-10-17 13:28:00	2010-10-17 13:28:00	B2.3	11112.0	POINT(35 -19)	-19	35	524.0	-391.0
25320	2010-10-17 17:30:00	2010-10-17 17:39:00	2010-10-17 17:44:00	C1.6	11112.0	POINT(35 -19)	-19	35	531.0	-386.0
25330	2010-10-18 05:42:00	2010-10-18 05:51:00	2010-10-18 05:51:00	B4.4	11112.0	POINT(52 -24)	-24	52	698.0	-449.0
25340	2010-10-18 11:25:00	2010-10-18 11:40:00	2010-10-18 11:40:00	C1.2	11112.0	POINT(32 -32)	-32	32	430.0	-590.0
25350	2010-10-18 13:02:00	2010-10-18 13:11:00	2010-10-18 13:11:00	B4.5	11112.0	POINT(56 -20)	-20	56	748.0	-390.0
25360	2010-10-18 15:26:00	2010-10-18 16:43:00	2010-10-18 17:00:00	C2.5	11112.0	POINT(60 -23)	-23	60	769.0	-419.0
25370	2010-10-18 21:25:00	2010-10-18 21:39:00	2010-10-18 21:39:00	C1.2		POINT(62 -22)	-22	62	789.0	-401.0
25380	2010-10-19 02:37:00	2010-10-19 02:44:00	2010-10-19 03:04:00	B7.3	11112.0	POINT(63 -21)	-21	63	807.0	-385.0
25390	2010-10-19 06:45:00	2010-10-19 06:51:00	2010-10-19 06:57:00	C1.3	11112.0	POINT(57 -18)	-18	57	773.0	-350.0
25400	2010-10-19 09:24:00	2010-10-19 10:14:00	2010-10-19 10:51:00	C1.1	11112.0	POINT(69 -19)	-19	69	852.0	-349.0
25410	2010-10-19 12:40:00	2010-10-19 12:43:00	2010-10-19 12:45:00	B2.6	11115.0	POINT(58 -17)	-17	58	785.0	-339.0
25420	2010-10-19 13:19:00	2010-10-19 13:24:00	2010-10-19 13:29:00	B5.1	11113.0	POINT(-5 18)	18	-5	-88.0	212.0
25430	2010-10-19 14:41:00	2010-10-19 14:51:00	2010-10-19 15:09:00	B5.8	11112.0	POINT(72 -20)	-20	72	860.0	-368.0
25440	2010-10-19 15:57:00	2010-10-19 16:04:00	2010-10-19 16:08:00	B3.2	11112.0	POINT(64 -17)	-17	64	830.0	-333.0
25450	2010-10-19 18:20:00	2010-10-19 18:26:00	2010-10-19 18:34:00	B2.2	11112.0	POINT(71 -19)	-19	71	862.0	-347.0
25460	2010-10-19 22:58:00	2010-10-19 23:05:00	2010-10-19 23:10:00	B2.9	11112.0	POINT(66 -18)	-18	66	840.0	-339.0
25470	2010-10-20 00:09:00	2010-10-20 00:12:00	2010-10-20 00:16:00	B1.6	11112.0	POINT(72 -19)	-19	72	865.0	-347.0
25480	2010-10-20 00:55:00	2010-10-20 01:03:00	2010-10-20 01:07:00	B3.3	11112.0	POINT(67 -17)	-17	67	847.0	-328.0
25490	2010-10-20 11:42:00	2010-10-20 11:50:00	2010-10-20 11:54:00	C1.5	11112.0	POINT(75 -18)	-18	75	884.0	-329.0
25500	2010-10-20 17:09:00	2010-10-20 17:12:00	2010-10-20 17:12:00	B1.4	11112.0	POINT(77 -19)	-19	77	887.0	-339.0
25510	2010-10-20 21:12:00	2010-10-20 21:15:00	2010-10-20 21:17:00	B1.2		POINT(83 -18)	-18	83	904.0	-322.0
25520	2010-10-21 05:23:00	2010-10-21 05:27:00	2010-10-21 05:27:00	B1.6	11117.0	POINT(-59 26)	26	-59	-745.0	381.0
25530	2010-10-21 08:34:00	2010-10-21 08:52:00	2010-10-21 08:57:00	B2.3	11117.0	POINT(-59 27)	27	-59	-738.0	396.0
25540	2010-10-21 08:46:00	2010-10-21 08:52:00	2010-10-21 08:52:00	B2.3	11117.0	POINT(-58 29)	29	-58	-715.0	428.0
25550	2010-10-21 17:28:00	2010-10-21 17:40:00	2010-10-21 17:48:00	B2.0	11112.0	POINT(87 -19)	-19	87	921.0	-327.0
25560	2010-10-21 19:00:00	2010-10-21 19:11:00	2010-10-21 19:11:00	B3.1		POINT(-54 27)	27	-54	-692.0	402.0
25570	2010-10-21 20:35:00	2010-10-21 20:40:00	2010-10-21 20:40:00	B1.7		POINT(-32 -6)	-6	-32	-518.0	-178.0
25580	2010-10-21 23:08:00	2010-10-21 23:17:00	2010-10-21 23:40:00	B2.6		POINT(-84 20)	20	-84	-900.0	321.0
25590	2010-10-22 00:35:00	2010-10-22 01:55:00	2010-10-22 04:10:00	B2.2		POINT(-88 22)	22	-88	-904.0	378.0
25600	2010-10-22 07:54:00	2010-10-22 07:59:00	2010-10-22 08:07:00	B1.4	11117.0	POINT(-49 21)	21	-49	-681.0	290.0
25610	2010-10-22 13:30:00	2010-10-22 13:33:00	2010-10-22 13:33:00	B1.0		POINT(-38 23)	23	-38	-551.0	326.0
25620	2010-10-22 21:23:00	2010-10-22 21:31:00	2010-10-22 21:36:00	B1.6	11115.0	POINT(24 -26)	-26	24	361.0	-503.0
25630	2010-10-22 22:41:00	2010-10-22 22:49:00	2010-10-22 22:55:00	B1.8	11115.0	POINT(24 -27)	-27	24	356.0	-514.0
25640	2010-10-23 00:20:00	2010-10-23 00:23:00	2010-10-23 00:27:00	B1.0		POINT(-40 20)	20	-40	-593.0	274.0
25650	2010-10-23 13:14:00	2010-10-23 13:18:00	2010-10-23 13:21:00	B1.4	11117.0	POINT(-31 21)	21	-31	-470.0	276.0
25660	2010-10-23 17:29:00	2010-10-23 17:38:00	2010-10-23 17:38:00	B3.6	11115.0	POINT(35 -26)	-26	35	502.0	-497.0
25670	2010-10-23 19:41:00	2010-10-23 20:11:00	2010-10-23 20:35:00	B4.7	11117.0	POINT(-30 23)	23	-30	-455.0	314.0
25680	2010-10-24 09:22:00	2010-10-24 09:26:00	2010-10-24 09:35:00	B2.4	11117.0	POINT(-20 20)	20	-20	-313.0	265.0
25690	2010-10-24 10:46:00	2010-10-24 10:51:00	2010-10-24 11:05:00	B2.5	11117.0	POINT(-20 20)	20	-20	-316.0	265.0
25700	2010-10-24 11:44:00	2010-10-24 12:02:00	2010-10-24 12:02:00	B4.1	11117.0	POINT(-18 20)	20	-18	-288.0	265.0
25710	2010-10-24 12:17:00	2010-10-24 12:20:00	2010-10-24 12:23:00	B4.0	11117.0	POINT(-15 21)	21	-15	-245.0	272.0
25720	2010-10-24 12:54:00	2010-10-24 13:05:00	2010-10-24 13:25:00	B3.3	11117.0	POINT(-17 20)	20	-17	-273.0	254.0
25730	2010-10-24 13:55:00	2010-10-24 14:01:00	2010-10-24 14:04:00	B3.8	11117.0	POINT(-17 20)	20	-17	-270.0	267.0
25740	2010-10-24 14:27:00	2010-10-24 14:30:00	2010-10-24 14:33:00	B1.9	11117.0	POINT(-17 20)	20	-17	-276.0	266.0
25750	2010-10-24 16:39:00	2010-10-24 16:45:00	2010-10-24 16:47:00	B1.4		POINT(-16 19)	19	-16	-260.0	249.0
25760	2010-10-24 17:25:00	2010-10-24 17:29:00	2010-10-24 17:32:00	B1.9	11117.0	POINT(-15 20)	20	-15	-248.0	265.0
25770	2010-10-24 19:37:00	2010-10-24 19:40:00	2010-10-24 19:43:00	B1.4	11117.0	POINT(-11 21)	21	-11	-178.0	270.0
25780	2010-10-24 21:40:00	2010-10-24 21:46:00	2010-10-24 21:53:00	B3.0	11117.0	POINT(-12 21)	21	-12	-196.0	276.0
25790	2010-10-25 03:44:00	2010-10-25 04:06:00	2010-10-25 04:33:00	B1.7	11117.0	POINT(14 24)	24	14	224.0	324.0
25800	2010-10-25 05:55:00	2010-10-25 05:58:00	2010-10-25 06:00:00	B2.1	11117.0	POINT(-10 20)	20	-10	-170.0	255.0
25810	2010-10-25 08:06:00	2010-10-25 08:13:00	2010-10-25 08:17:00	B3.1	11117.0	POINT(-8 19)	19	-8	-129.0	248.0
25820	2010-10-25 11:52:00	2010-10-25 12:17:00	2010-10-25 12:35:00	B6.4	11117.0	POINT(-5 21)	21	-5	-90.0	270.0
25830	2010-10-25 13:14:00	2010-10-25 13:18:00	2010-10-25 13:22:00	B2.7	11117.0	POINT(-3 20)	20	-3	-50.0	265.0
25840	2010-10-25 13:33:00	2010-10-25 13:36:00	2010-10-25 13:39:00	B3.0	11117.0	POINT(-3 19)	19	-3	-54.0	249.0
25850	2010-10-25 21:46:00	2010-10-25 21:53:00	2010-10-25 21:53:00	B6.9	11117.0	POINT(0 19)	19	0	8.0	246.0
25860	2010-10-25 22:06:00	2010-10-25 22:12:00	2010-10-25 22:18:00	C2.3	11117.0	POINT(1 22)	22	1	21.0	285.0
25870	2010-10-26 00:04:00	2010-10-26 00:09:00	2010-10-26 00:11:00	B5.2		POINT(1 19)	19	1	31.0	249.0
25880	2010-10-26 01:06:00	2010-10-26 01:13:00	2010-10-26 01:19:00	C1.1		POINT(2 19)	19	2	32.0	249.0
25890	2010-10-26 02:14:00	2010-10-26 02:17:00	2010-10-26 02:19:00	B3.8	11117.0	POINT(2 19)	19	2	33.0	243.0
25900	2010-10-26 03:11:00	2010-10-26 03:16:00	2010-10-26 03:19:00	B6.3	11115.0	POINT(36 23)	23	36	527.0	319.0
25910	2010-10-26 04:25:00	2010-10-26 04:29:00	2010-10-26 04:32:00	B5.6	11119.0	POINT(37 22)	22	37	537.0	315.0
25920	2010-10-26 05:29:00	2010-10-26 05:33:00	2010-10-26 05:37:00	B6.0	11119.0	POINT(37 22)	22	37	548.0	315.0
25930	2010-10-26 06:34:00	2010-10-26 06:38:00	2010-10-26 06:44:00	B2.8	11117.0	POINT(5 19)	19	5	90.0	248.0
25940	2010-10-26 07:24:00	2010-10-26 07:29:00	2010-10-26 07:29:00	B4.8	11117.0	POINT(4 19)	19	4	78.0	248.0
25950	2010-10-26 08:09:00	2010-10-26 08:14:00	2010-10-26 08:16:00	C1.0	11119.0	POINT(39 23)	23	39	566.0	317.0
25960	2010-10-26 08:26:00	2010-10-26 08:30:00	2010-10-26 08:35:00	B3.3	11117.0	POINT(40 23)	23	40	581.0	324.0
25970	2010-10-26 11:29:00	2010-10-26 11:32:00	2010-10-26 11:34:00	B2.1		POINT(2 20)	20	2	38.0	257.0
25980	2010-10-26 14:48:00	2010-10-26 14:53:00	2010-10-26 14:56:00	B2.1	11119.0	POINT(10 21)	21	10	157.0	275.0
25990	2010-10-26 22:34:00	2010-10-26 22:40:00	2010-10-26 22:48:00	B1.6	11119.0	POINT(9 21)	21	9	150.0	273.0
26000	2010-10-26 23:07:00	2010-10-26 23:12:00	2010-10-26 23:15:00	B2.2	11117.0	POINT(13 19)	19	13	220.0	247.0
26010	2010-10-27 05:47:00	2010-10-27 05:50:00	2010-10-27 05:57:00	B2.5	11115.0	POINT(17 19)	19	17	279.0	247.0
26020	2010-10-27 06:02:00	2010-10-27 06:13:00	2010-10-27 06:18:00	B7.0	11117.0	POINT(17 19)	19	17	281.0	248.0
26030	2010-10-27 09:20:00	2010-10-27 09:26:00	2010-10-27 09:26:00	B1.9	11117.0	POINT(20 19)	19	20	325.0	252.0
26040	2010-10-27 09:49:00	2010-10-27 09:54:00	2010-10-27 09:57:00	B2.9	11117.0	POINT(20 19)	19	20	314.0	252.0
26050	2010-10-27 11:00:00	2010-10-27 11:07:00	2010-10-27 11:11:00	B2.0	11117.0	POINT(21 19)	19	21	327.0	250.0
26060	2010-10-27 13:09:00	2010-10-27 13:12:00	2010-10-27 13:17:00	B1.5	11117.0	POINT(39 -21)	-21	39	571.0	-409.0
26070	2010-10-27 13:55:00	2010-10-27 14:07:00	2010-10-27 14:51:00	B2.1		POINT(87 -27)	-27	87	864.0	-456.0
26080	2010-10-27 16:59:00	2010-10-27 17:04:00	2010-10-27 17:08:00	C1.2	11117.0	POINT(24 19)	19	24	386.0	245.0
26090	2010-10-27 21:53:00	2010-10-27 21:59:00	2010-10-27 22:01:00	B1.8	11117.0	POINT(28 18)	18	28	433.0	244.0
26100	2010-10-28 10:12:00	2010-10-28 10:15:00	2010-10-28 10:15:00	B2.0		POINT(34 18)	18	34	523.0	248.0
26110	2010-10-29 01:29:00	2010-10-29 01:37:00	2010-10-29 01:37:00	B3.2	11117.0	POINT(43 17)	17	43	630.0	240.0
26120	2010-10-29 04:31:00	2010-10-29 04:34:00	2010-10-29 04:37:00	B1.5	11117.0	POINT(46 18)	18	46	666.0	259.0
26130	2010-10-29 04:46:00	2010-10-29 04:51:00	2010-10-29 04:51:00	B1.9	11117.0	POINT(16 37)	37	16	224.0	521.0
26140	2010-10-29 05:32:00	2010-10-29 05:38:00	2010-10-29 05:38:00	B3.9	11117.0	POINT(45 18)	18	45	650.0	258.0
26150	2010-10-29 06:34:00	2010-10-29 06:39:00	2010-10-29 06:46:00	B1.8	11117.0	POINT(45 17)	17	45	662.0	241.0
26160	2010-10-29 11:38:00	2010-10-29 11:43:00	2010-10-29 11:48:00	B1.4	11117.0	POINT(47 17)	17	47	675.0	242.0
26170	2010-10-29 16:14:00	2010-10-29 16:19:00	2010-10-29 16:22:00	B1.8	11117.0	POINT(51 19)	19	51	711.0	270.0
26180	2010-10-29 17:28:00	2010-10-29 17:32:00	2010-10-29 17:32:00	B4.0	11117.0	POINT(50 17)	17	50	708.0	243.0
26190	2010-10-30 03:41:00	2010-10-30 03:48:00	2010-10-30 03:54:00	B3.1	11117.0	POINT(57 19)	19	57	767.0	286.0
26200	2010-10-30 04:13:00	2010-10-30 04:16:00	2010-10-30 04:18:00	B3.4	11117.0	POINT(57 19)	19	57	771.0	278.0
26210	2010-10-30 04:41:00	2010-10-30 04:45:00	2010-10-30 04:50:00	B1.7		POINT(-82 37)	37	-82	-761.0	576.0
26220	2010-10-30 05:34:00	2010-10-30 05:39:00	2010-10-30 05:42:00	B6.5	11117.0	POINT(57 21)	21	57	756.0	315.0
26230	2010-10-30 07:14:00	2010-10-30 07:28:00	2010-10-30 07:33:00	B2.1	11120.0	POINT(-78 39)	39	-78	-727.0	603.0
26240	2010-10-30 10:03:00	2010-10-30 10:06:00	2010-10-30 10:06:00	B1.7		POINT(58 20)	20	58	778.0	295.0
26250	2010-10-30 13:30:00	2010-10-30 13:33:00	2010-10-30 13:33:00	B1.8	11117.0	POINT(-74 36)	36	-74	-746.0	561.0
26260	2010-10-31 01:12:00	2010-10-31 01:16:00	2010-10-31 01:16:00	B5.1	11117.0	POINT(66 18)	18	66	843.0	279.0
26270	2010-10-31 03:13:00	2010-10-31 03:18:00	2010-10-31 03:21:00	C1.8	11117.0	POINT(70 21)	21	70	848.0	324.0
26280	2010-10-31 04:15:00	2010-10-31 04:18:00	2010-10-31 04:21:00	B2.8	11117.0	POINT(69 22)	22	69	836.0	344.0
26290	2010-10-31 04:26:00	2010-10-31 04:31:00	2010-10-31 04:31:00	C5.7	11117.0	POINT(71 21)	21	71	852.0	328.0
26300	2010-10-31 09:07:00	2010-10-31 09:11:00	2010-10-31 09:15:00	B1.9	11117.0	POINT(-68 37)	37	-68	-713.0	564.0
26310	2010-10-31 18:04:00	2010-10-31 18:08:00	2010-10-31 18:08:00	B1.6		POINT(47 37)	37	47	572.0	545.0
26320	2010-10-31 20:09:00	2010-10-31 20:21:00	2010-10-31 20:28:00	B1.6		POINT(49 37)	37	49	584.0	547.0
26330	2010-10-31 21:12:00	2010-10-31 21:16:00	2010-10-31 21:19:00	B1.6	11117.0	POINT(-60 39)	39	-60	-651.0	583.0
26340	2010-10-31 22:01:00	2010-10-31 22:08:00	2010-10-31 22:08:00	B4.6	11117.0	POINT(89 17)	17	89	921.0	288.0
26350	2010-10-31 22:32:00	2010-10-31 22:36:00	2010-10-31 22:36:00	B1.7	11117.0	POINT(80 19)	19	80	900.0	304.0
26360	2010-11-01 03:24:00	2010-11-01 03:28:00	2010-11-01 03:36:00	B1.5		POINT(85 17)	17	85	920.0	279.0
26370	2010-11-01 04:36:00	2010-11-01 04:43:00	2010-11-01 04:50:00	C1.1	11117.0	POINT(88 17)	17	88	926.0	290.0
26380	2010-11-01 09:30:00	2010-11-01 09:34:00	2010-11-01 09:36:00	B1.4		POINT(-54 38)	38	-54	-615.0	566.0
26390	2010-11-01 15:54:00	2010-11-01 15:57:00	2010-11-01 15:57:00	B1.4		POINT(88 19)	19	88	920.0	327.0
26400	2010-11-02 07:26:00	2010-11-02 07:31:00	2010-11-02 07:36:00	B1.9	11117.0	POINT(85 19)	19	85	907.0	321.0
26410	2010-11-02 10:00:00	2010-11-02 10:05:00	2010-11-02 10:08:00	B3.3	11117.0	POINT(-41 39)	39	-41	-495.0	569.0
26420	2010-11-03 00:47:00	2010-11-03 02:09:00	2010-11-03 02:29:00	B2.9		POINT(-36 38)	38	-36	-447.0	561.0
26430	2010-11-03 05:54:00	2010-11-03 06:11:00	2010-11-03 06:11:00	C3.8		POINT(-88 -19)	-19	-88	-923.0	-334.0
26440	2010-11-03 12:07:00	2010-11-03 12:21:00	2010-11-03 12:21:00	C4.9		POINT(-88 -21)	-21	-88	-920.0	-357.0
26450	2010-11-03 12:43:00	2010-11-03 13:08:00	2010-11-03 13:51:00	C3.4	11121.0	POINT(-88 -18)	-18	-88	-936.0	-311.0
26460	2010-11-03 20:41:00	2010-11-03 21:33:00	2010-11-03 22:21:00	B6.5	11121.0	POINT(-88 -17)	-17	-88	1028.0	-324.0
26470	2010-11-04 02:34:00	2010-11-04 02:53:00	2010-11-04 03:10:00	C1.0	11121.0	POINT(-88 -20)	-20	-88	-910.0	-345.0
26480	2010-11-04 15:56:00	2010-11-04 16:03:00	2010-11-04 16:03:00	B6.5	11121.0	POINT(-88 -19)	-19	-88	-924.0	-324.0
26490	2010-11-04 18:01:00	2010-11-04 18:10:00	2010-11-04 18:10:00	B2.5	11121.0	POINT(-57 9)	9	-57	-802.0	122.0
26500	2010-11-04 19:09:00	2010-11-04 19:12:00	2010-11-04 19:12:00	B2.9	11121.0	POINT(-86 41)	41	-86	-784.0	695.0
26510	2010-11-04 20:55:00	2010-11-04 21:14:00	2010-11-04 21:14:00	B5.5	11120.0	POINT(-22 -85)	-85	-22	-33.0	1086.0
26520	2010-11-04 21:58:00	2010-11-04 22:10:00	2010-11-04 22:15:00	B5.8	11121.0	POINT(18 13)	13	18	297.0	158.0
26530	2010-11-04 23:30:00	2010-11-04 23:58:00	2010-11-05 00:12:00	M1.6	11121.0	POINT(-88 -20)	-20	-88	-905.0	-342.0
26540	2010-11-05 00:48:00	2010-11-05 00:56:00	2010-11-05 01:02:00	C9.7	11121.0	POINT(-88 -20)	-20	-88	-903.0	-344.0
26550	2010-11-05 03:15:00	2010-11-05 03:21:00	2010-11-05 03:21:00	B9.4	11121.0	POINT(-88 -18)	-18	-88	-920.0	-306.0
26560	2010-11-05 06:27:00	2010-11-05 06:32:00	2010-11-05 06:38:00	B4.4	11121.0	POINT(-73 -19)	-19	-73	-876.0	-340.0
26570	2010-11-05 08:03:00	2010-11-05 08:06:00	2010-11-05 08:09:00	B2.9	11121.0	POINT(-73 -19)	-19	-73	-872.0	-347.0
26580	2010-11-05 08:51:00	2010-11-05 08:54:00	2010-11-05 08:56:00	B2.4	11121.0	POINT(-76 -20)	-20	-76	-883.0	-347.0
26590	2010-11-05 10:21:00	2010-11-05 10:25:00	2010-11-05 10:30:00	B3.1	11121.0	POINT(-3 38)	38	-3	-42.0	547.0
26600	2010-11-05 11:09:00	2010-11-05 11:12:00	2010-11-05 11:16:00	B2.3	11121.0	POINT(-75 -20)	-20	-75	-880.0	-347.0
26610	2010-11-05 12:43:00	2010-11-05 13:29:00	2010-11-05 14:06:00	M1.0	11121.0	POINT(-75 -20)	-20	-75	-878.0	-351.0
26620	2010-11-05 18:37:00	2010-11-05 18:42:00	2010-11-05 18:48:00	B2.5	11121.0	POINT(-65 -20)	-20	-65	-826.0	-357.0
26630	2010-11-05 20:08:00	2010-11-05 20:14:00	2010-11-05 20:19:00	B6.2	11121.0	POINT(-68 -20)	-20	-68	-840.0	-364.0
26640	2010-11-05 23:26:00	2010-11-05 23:29:00	2010-11-05 23:32:00	B8.4	11121.0	POINT(-64 -20)	-20	-64	-822.0	-363.0
26650	2010-11-06 02:16:00	2010-11-06 02:38:00	2010-11-06 02:50:00	C2.0	11121.0	POINT(-15 -85)	-85	-15	-21.0	1087.0
26660	2010-11-06 04:12:00	2010-11-06 04:21:00	2010-11-06 04:31:00	B6.0	11121.0	POINT(-65 -17)	-17	-65	-837.0	-320.0
26670	2010-11-06 04:38:00	2010-11-06 04:47:00	2010-11-06 04:57:00	C4.5	11121.0	POINT(-65 -23)	-23	-65	-807.0	-411.0
26680	2010-11-06 07:56:00	2010-11-06 08:01:00	2010-11-06 08:07:00	B6.8	11121.0	POINT(-63 -21)	-21	-63	-810.0	-379.0
26690	2010-11-06 08:21:00	2010-11-06 08:32:00	2010-11-06 09:04:00	C1.6	11121.0	POINT(-61 -16)	-16	-61	-815.0	-305.0
26700	2010-11-06 15:27:00	2010-11-06 15:36:00	2010-11-06 15:44:00	M5.4	11121.0	POINT(-58 -20)	-20	-58	-777.0	-365.0
26710	2010-11-06 19:06:00	2010-11-06 19:11:00	2010-11-06 19:17:00	C1.4	11121.0	POINT(-66 -27)	-27	-66	-788.0	-471.0
26720	2010-11-06 23:49:00	2010-11-07 00:05:00	2010-11-07 00:33:00	B8.5	11121.0	POINT(-42 -15)	-15	-42	-633.0	-311.0
26730	2010-11-07 01:31:00	2010-11-07 01:41:00	2010-11-07 01:41:00	C5.4	11121.0	POINT(-54 -21)	-21	-54	-734.0	-383.0
26740	2010-11-07 13:12:00	2010-11-07 13:58:00	2010-11-07 14:28:00	B5.2	11121.0	POINT(-46 -20)	-20	-46	-660.0	-375.0
26750	2010-11-07 16:28:00	2010-11-07 16:31:00	2010-11-07 16:38:00	B2.0	11121.0	POINT(-45 -18)	-18	-45	-656.0	-350.0
26760	2010-11-07 18:21:00	2010-11-07 18:29:00	2010-11-07 18:29:00	B3.3	11121.0	POINT(-42 -20)	-20	-42	-616.0	-375.0
26770	2010-11-07 23:55:00	2010-11-07 23:58:00	2010-11-08 00:00:00	B1.7	11121.0	POINT(-38 -19)	-19	-38	-567.0	-374.0
26780	2010-11-08 02:36:00	2010-11-08 02:39:00	2010-11-08 02:42:00	B1.8	11121.0	POINT(-38 -20)	-20	-38	-561.0	-379.0
26790	2010-11-09 01:25:00	2010-11-09 01:28:00	2010-11-09 01:31:00	B1.6	11121.0	POINT(-43 -23)	-23	-43	-617.0	-425.0
26800	2010-11-09 05:10:00	2010-11-09 05:15:00	2010-11-09 05:19:00	B1.5	11121.0	POINT(-27 -20)	-20	-27	-414.0	-386.0
26810	2010-11-09 13:55:00	2010-11-09 14:00:00	2010-11-09 14:03:00	B3.0	11121.0	POINT(-16 -21)	-21	-16	-256.0	-412.0
26820	2010-11-10 01:42:00	2010-11-10 01:49:00	2010-11-10 01:49:00	B2.1	11121.0	POINT(-11 -21)	-21	-11	-180.0	-402.0
26830	2010-11-10 02:43:00	2010-11-10 02:46:00	2010-11-10 02:46:00	B1.5	11121.0	POINT(-7 -21)	-21	-7	-120.0	-403.0
26840	2010-11-10 03:39:00	2010-11-10 04:06:00	2010-11-10 04:42:00	B6.5	11121.0	POINT(-7 -20)	-20	-7	-126.0	-396.0
26850	2010-11-10 12:15:00	2010-11-10 12:31:00	2010-11-10 12:31:00	B8.9	11123.0	POINT(-24 -23)	-23	-24	-363.0	-430.0
26860	2010-11-10 14:11:00	2010-11-10 14:16:00	2010-11-10 14:23:00	B6.0	11123.0	POINT(-21 -21)	-21	-21	-338.0	-398.0
26870	2010-11-10 16:34:00	2010-11-10 16:39:00	2010-11-10 16:39:00	B9.0	11123.0	POINT(-20 -21)	-21	-20	-314.0	-404.0
26880	2010-11-10 17:43:00	2010-11-10 17:46:00	2010-11-10 17:49:00	B2.6	11123.0	POINT(-20 -22)	-22	-20	-310.0	-416.0
26890	2010-11-10 21:59:00	2010-11-10 22:09:00	2010-11-10 22:09:00	B2.8	11123.0	POINT(-17 -21)	-21	-17	-266.0	-406.0
26900	2010-11-10 22:47:00	2010-11-10 22:55:00	2010-11-10 22:55:00	B6.0	11123.0	POINT(-17 -22)	-22	-17	-267.0	-421.0
26910	2010-11-11 02:06:00	2010-11-11 02:14:00	2010-11-11 02:14:00	C2.9	11123.0	POINT(-16 -24)	-24	-16	-254.0	-444.0
26920	2010-11-11 04:38:00	2010-11-11 04:55:00	2010-11-11 05:01:00	B5.3	11121.0	POINT(-13 -22)	-22	-13	-212.0	-419.0
26930	2010-11-11 05:10:00	2010-11-11 05:24:00	2010-11-11 05:24:00	C1.1	11121.0	POINT(-2 -22)	-22	-2	-41.0	-424.0
26940	2010-11-11 07:15:00	2010-11-11 07:24:00	2010-11-11 07:28:00	C4.7	11123.0	POINT(-12 -24)	-24	-12	-184.0	-448.0
26950	2010-11-11 09:51:00	2010-11-11 10:00:00	2010-11-11 10:00:00	B2.2	11123.0	POINT(-11 -21)	-21	-11	-185.0	-410.0
26960	2010-11-11 10:12:00	2010-11-11 10:16:00	2010-11-11 10:22:00	B4.3	11123.0	POINT(-12 -23)	-23	-12	-197.0	-434.0
26970	2010-11-11 12:42:00	2010-11-11 12:46:00	2010-11-11 12:46:00	B1.7		POINT(-7 -23)	-23	-7	-117.0	-440.0
26980	2010-11-11 12:58:00	2010-11-11 13:07:00	2010-11-11 13:07:00	C2.2	11123.0	POINT(-8 -24)	-24	-8	-137.0	-451.0
26990	2010-11-11 15:54:00	2010-11-11 16:16:00	2010-11-11 16:16:00	C4.3	11123.0	POINT(-8 -22)	-22	-8	-132.0	-422.0
27000	2010-11-11 18:52:00	2010-11-11 19:01:00	2010-11-11 19:05:00	B9.4	11124.0	POINT(-27 12)	12	-27	-443.0	169.0
27010	2010-11-11 19:23:00	2010-11-11 19:30:00	2010-11-11 19:35:00	C1.1	11123.0	POINT(-5 -24)	-24	-5	-84.0	-449.0
27020	2010-11-11 20:47:00	2010-11-11 20:53:00	2010-11-11 20:57:00	B9.0	11124.0	POINT(-26 12)	12	-26	-426.0	168.0
27030	2010-11-11 23:57:00	2010-11-12 00:13:00	2010-11-12 00:23:00	B6.0		POINT(-4 -22)	-22	-4	-65.0	-421.0
27040	2010-11-12 01:28:00	2010-11-12 01:34:00	2010-11-12 01:38:00	C4.6	11123.0	POINT(-2 -25)	-25	-2	-32.0	-463.0
27050	2010-11-12 03:44:00	2010-11-12 03:53:00	2010-11-12 04:08:00	C1.0	11123.0	POINT(-2 -21)	-21	-2	-33.0	-402.0
27060	2010-11-12 05:12:00	2010-11-12 05:21:00	2010-11-12 05:36:00	C1.1	11123.0	POINT(-1 -22)	-22	-1	-16.0	-425.0
27070	2010-11-12 07:59:00	2010-11-12 08:11:00	2010-11-12 08:20:00	C1.5	11123.0	POINT(0 -22)	-22	0	0.0	-419.0
27080	2010-11-12 08:53:00	2010-11-12 09:01:00	2010-11-12 09:06:00	B4.0	11123.0	POINT(2 -22)	-22	2	35.0	-419.0
27090	2010-11-12 11:03:00	2010-11-12 11:23:00	2010-11-12 11:31:00	B2.1	11123.0	POINT(1 -21)	-21	1	25.0	-405.0
27100	2010-11-12 11:43:00	2010-11-12 11:57:00	2010-11-12 12:05:00	B2.2	11123.0	POINT(3 -24)	-24	3	58.0	-457.0
27110	2010-11-12 13:40:00	2010-11-12 13:52:00	2010-11-12 14:04:00	C1.5	11123.0	POINT(2 -22)	-22	2	45.0	-419.0
27120	2010-11-13 06:11:00	2010-11-13 06:15:00	2010-11-13 06:21:00	B1.5		POINT(15 -21)	-21	15	249.0	-404.0
27130	2010-11-13 10:24:00	2010-11-13 10:29:00	2010-11-13 10:34:00	B4.3		POINT(14 -23)	-23	14	230.0	-428.0
27140	2010-11-13 11:28:00	2010-11-13 11:39:00	2010-11-13 11:49:00	C1.3	11123.0	POINT(14 -21)	-21	14	225.0	-408.0
27150	2010-11-13 16:01:00	2010-11-13 16:06:00	2010-11-13 16:13:00	B2.0	11124.0	POINT(-2 12)	12	-2	-41.0	157.0
27160	2010-11-13 17:04:00	2010-11-13 17:27:00	2010-11-13 17:36:00	B5.7	11125.0	POINT(-13 17)	17	-13	-210.0	237.0
27170	2010-11-13 17:46:00	2010-11-13 17:50:00	2010-11-13 17:54:00	B2.8	11125.0	POINT(-13 18)	18	-13	-222.0	254.0
27180	2010-11-13 23:00:00	2010-11-13 23:06:00	2010-11-13 23:06:00	B1.6		POINT(-10 18)	18	-10	-170.0	256.0
27190	2010-11-13 23:50:00	2010-11-14 00:01:00	2010-11-14 00:10:00	C1.1	11123.0	POINT(25 -23)	-23	25	383.0	-423.0
27200	2010-11-14 03:08:00	2010-11-14 03:38:00	2010-11-14 03:42:00	B2.0	11123.0	POINT(25 -22)	-22	25	389.0	-407.0
27210	2010-11-14 05:39:00	2010-11-14 05:42:00	2010-11-14 05:42:00	B1.8	11124.0	POINT(5 13)	13	5	96.0	173.0
27220	2010-11-14 08:52:00	2010-11-14 08:55:00	2010-11-14 08:55:00	B2.2	11124.0	POINT(7 13)	13	7	125.0	177.0
27230	2010-11-14 09:08:00	2010-11-14 09:22:00	2010-11-14 09:22:00	B2.6	11124.0	POINT(8 12)	12	8	138.0	158.0
27240	2010-11-14 10:26:00	2010-11-14 10:30:00	2010-11-14 10:41:00	B3.7	11124.0	POINT(9 12)	12	9	158.0	165.0
27250	2010-11-14 12:44:00	2010-11-14 12:48:00	2010-11-14 12:51:00	B2.4	11124.0	POINT(9 13)	13	9	152.0	175.0
27260	2010-11-15 03:03:00	2010-11-15 03:34:00	2010-11-15 03:50:00	B9.3	11124.0	POINT(19 12)	12	19	309.0	170.0
27270	2010-11-15 07:28:00	2010-11-15 07:49:00	2010-11-15 07:49:00	C2.3	11124.0	POINT(21 12)	12	21	354.0	170.0
27280	2010-11-15 10:32:00	2010-11-15 10:36:00	2010-11-15 10:39:00	B3.1	11124.0	POINT(22 13)	13	22	360.0	179.0
27290	2010-11-15 11:17:00	2010-11-15 11:54:00	2010-11-15 12:18:00	B9.5	11124.0	POINT(21 12)	12	21	353.0	174.0
27300	2010-11-15 14:36:00	2010-11-15 14:42:00	2010-11-15 14:48:00	B7.6	11123.0	POINT(43 -22)	-22	43	614.0	-402.0
27310	2010-11-15 20:55:00	2010-11-15 20:59:00	2010-11-15 21:02:00	B4.5	11126.0	POINT(-38 -33)	-33	-38	-501.0	-567.0
27320	2010-11-15 22:25:00	2010-11-15 22:30:00	2010-11-15 22:34:00	B8.3	11126.0	POINT(-37 -33)	-33	-37	-494.0	-566.0
27330	2010-11-16 00:33:00	2010-11-16 00:38:00	2010-11-16 00:38:00	B4.5	11126.0	POINT(-36 -33)	-33	-36	-478.0	-566.0
27340	2010-11-16 02:58:00	2010-11-16 03:02:00	2010-11-16 03:04:00	B3.8	11123.0	POINT(50 -22)	-22	50	692.0	-392.0
27350	2010-11-16 07:10:00	2010-11-16 07:15:00	2010-11-16 07:20:00	B3.6	11126.0	POINT(-32 -33)	-33	-32	-438.0	-572.0
27360	2010-11-16 22:41:00	2010-11-16 22:55:00	2010-11-16 23:00:00	B3.0		POINT(41 13)	13	41	625.0	195.0
27370	2010-11-16 23:32:00	2010-11-16 23:45:00	2010-11-16 23:53:00	B3.0	11127.0	POINT(-74 26)	26	-74	-837.0	425.0
27380	2010-11-17 00:28:00	2010-11-17 00:40:00	2010-11-17 00:47:00	B2.5	11124.0	POINT(-21 -33)	-33	-21	-302.0	-574.0
27390	2010-11-17 04:35:00	2010-11-17 04:38:00	2010-11-17 04:40:00	B7.8	11126.0	POINT(-20 -34)	-34	-20	-286.0	-579.0
27400	2010-11-17 08:07:00	2010-11-17 08:12:00	2010-11-17 08:16:00	B3.4	11123.0	POINT(71 -23)	-23	71	845.0	-401.0
27410	2010-11-17 14:55:00	2010-11-17 16:29:00	2010-11-17 18:00:00	B3.3		POINT(88 -24)	-24	88	896.0	-413.0
27420	2010-11-18 02:55:00	2010-11-18 02:58:00	2010-11-18 02:58:00	B1.8		POINT(58 13)	13	58	809.0	208.0
27430	2010-11-18 06:48:00	2010-11-18 06:53:00	2010-11-18 06:57:00	B4.0	11124.0	POINT(56 16)	16	56	773.0	258.0
27440	2010-11-18 10:07:00	2010-11-18 10:10:00	2010-11-18 10:13:00	B2.0	11124.0	POINT(64 13)	13	64	849.0	207.0
27450	2010-11-18 11:37:00	2010-11-18 11:40:00	2010-11-18 11:42:00	B3.3	11124.0	POINT(-5 -32)	-32	-5	-74.0	-558.0
27460	2010-11-18 13:03:00	2010-11-18 13:07:00	2010-11-18 13:07:00	B2.4	11126.0	POINT(66 13)	13	66	866.0	210.0
27470	2010-11-18 20:47:00	2010-11-18 20:51:00	2010-11-18 20:51:00	B2.5		POINT(70 14)	14	70	888.0	221.0
27480	2010-11-19 06:52:00	2010-11-19 06:57:00	2010-11-19 07:01:00	B2.0		POINT(-4 -37)	-37	-4	-57.0	-630.0
27490	2010-11-19 11:52:00	2010-11-19 11:55:00	2010-11-19 11:57:00	B2.0		POINT(81 12)	12	81	936.0	203.0
27500	2010-11-20 04:21:00	2010-11-20 04:28:00	2010-11-20 04:28:00	B2.8	11124.0	POINT(89 14)	14	89	947.0	248.0
27510	2010-11-20 11:30:00	2010-11-20 11:34:00	2010-11-20 11:40:00	B1.8	11124.0	POINT(89 13)	13	89	945.0	233.0
27520	2010-11-21 20:47:00	2010-11-21 20:52:00	2010-11-21 20:52:00	B2.2	11124.0	POINT(89 -14)	-14	89	944.0	-250.0
27530	2010-11-21 21:50:00	2010-11-21 21:53:00	2010-11-21 21:53:00	B1.5		POINT(-17 -32)	-32	-17	-254.0	-549.0
27540	2010-11-23 03:05:00	2010-11-23 03:09:00	2010-11-23 03:09:00	B1.1		POINT(-89 -14)	-14	-89	-965.0	-246.0
27550	2010-11-23 07:36:00	2010-11-23 07:45:00	2010-11-23 07:54:00	B1.1		POINT(42 6)	6	42	651.0	92.0
27560	2010-11-23 08:59:00	2010-11-23 09:20:00	2010-11-23 09:35:00	B1.3	11127.0	POINT(9 22)	22	9	156.0	340.0
27570	2010-11-25 00:27:00	2010-11-25 00:31:00	2010-11-25 00:31:00	B1.1	11128.0	POINT(27 23)	23	27	414.0	373.0
27580	2010-11-25 00:46:00	2010-11-25 00:50:00	2010-11-25 00:50:00	B1.4	11128.0	POINT(-78 -15)	-15	-78	-915.0	-269.0
27590	2010-11-25 18:14:00	2010-11-25 19:02:00	2010-11-25 19:23:00	B2.0	11127.0	POINT(36 23)	23	36	531.0	372.0
27600	2010-11-25 20:59:00	2010-11-25 21:03:00	2010-11-25 21:05:00	B1.2	11127.0	POINT(45 24)	24	45	629.0	383.0
27610	2010-11-25 21:15:00	2010-11-25 21:30:00	2010-11-25 21:30:00	B2.9	11126.0	POINT(-67 -14)	-14	-67	-869.0	-258.0
27620	2010-11-25 22:32:00	2010-11-25 22:57:00	2010-11-25 23:16:00	B1.9	11126.0	POINT(36 26)	26	36	524.0	413.0
27630	2010-11-27 22:02:00	2010-11-27 22:17:00	2010-11-27 22:58:00	A9.3		POINT(63 -25)	-25	63	789.0	-423.0
27640	2010-11-28 04:05:00	2010-11-28 04:08:00	2010-11-28 04:10:00	B1.3	11129.0	POINT(-12 13)	13	-12	-199.0	205.0
27650	2010-11-28 07:55:00	2010-11-28 08:31:00	2010-11-28 09:21:00	B1.1		POINT(-9 11)	11	-9	-161.0	179.0
27660	2010-11-28 17:19:00	2010-11-28 17:54:00	2010-11-28 18:01:00	B2.5	11130.0	POINT(82 24)	24	82	880.0	393.0
27670	2010-11-29 04:29:00	2010-11-29 04:33:00	2010-11-29 04:33:00	B1.2	11130.0	POINT(1 12)	12	1	21.0	191.0
27680	2010-11-29 05:25:00	2010-11-29 05:30:00	2010-11-29 05:38:00	B2.4	11130.0	POINT(2 13)	13	2	41.0	202.0
27690	2010-11-29 09:20:00	2010-11-29 09:23:00	2010-11-29 09:28:00	B1.6	11130.0	POINT(5 13)	13	5	87.0	206.0
27700	2010-11-29 10:59:00	2010-11-29 11:03:00	2010-11-29 11:03:00	B1.6	11130.0	POINT(3 12)	12	3	51.0	197.0
27710	2010-11-29 13:27:00	2010-11-29 13:39:00	2010-11-29 14:04:00	B1.9	11130.0	POINT(89 -25)	-25	89	890.0	-434.0
27720	2010-11-29 14:36:00	2010-11-29 14:47:00	2010-11-29 14:52:00	B2.6	11130.0	POINT(8 12)	12	8	139.0	195.0
27730	2010-11-29 15:26:00	2010-11-29 15:30:00	2010-11-29 15:30:00	B1.9	11130.0	POINT(5 13)	13	5	89.0	213.0
27740	2010-11-30 01:29:00	2010-11-30 01:34:00	2010-11-30 01:37:00	B3.3		POINT(-50 13)	13	-50	-725.0	224.0
27750	2010-11-30 04:51:00	2010-11-30 04:54:00	2010-11-30 04:58:00	B1.8	11130.0	POINT(13 13)	13	13	225.0	217.0
27760	2010-11-30 05:29:00	2010-11-30 05:33:00	2010-11-30 05:35:00	B1.8	11130.0	POINT(13 14)	14	13	215.0	220.0
27770	2010-11-30 08:16:00	2010-11-30 08:38:00	2010-11-30 08:43:00	B2.1	11130.0	POINT(17 14)	14	17	287.0	222.0
27780	2010-11-30 20:16:00	2010-11-30 20:23:00	2010-11-30 20:29:00	B2.7	11130.0	POINT(22 14)	14	22	356.0	228.0
27790	2010-11-30 20:36:00	2010-11-30 20:45:00	2010-11-30 20:55:00	B8.1	11130.0	POINT(21 13)	13	21	353.0	218.0
27800	2010-12-01 00:12:00	2010-12-01 00:16:00	2010-12-01 00:19:00	B2.7	11130.0	POINT(25 13)	13	25	404.0	211.0
27810	2010-12-01 00:37:00	2010-12-01 00:40:00	2010-12-01 00:43:00	B2.3		POINT(26 13)	13	26	428.0	210.0
27820	2010-12-01 02:41:00	2010-12-01 02:44:00	2010-12-01 02:44:00	B2.4	11130.0	POINT(-86 29)	29	-86	-843.0	480.0
27830	2010-12-01 04:53:00	2010-12-01 05:00:00	2010-12-01 05:17:00	B2.6	11130.0	POINT(-89 33)	33	-89	-821.0	536.0
27840	2010-12-01 06:15:00	2010-12-01 06:22:00	2010-12-01 06:22:00	C1.0	11130.0	POINT(26 14)	14	26	429.0	223.0
27850	2010-12-01 09:15:00	2010-12-01 09:18:00	2010-12-01 09:21:00	B1.9	11130.0	POINT(26 14)	14	26	427.0	224.0
27860	2010-12-01 09:51:00	2010-12-01 09:56:00	2010-12-01 09:56:00	B3.7	11130.0	POINT(30 13)	13	30	488.0	222.0
27870	2010-12-01 11:34:00	2010-12-01 11:48:00	2010-12-01 11:48:00	B3.9	11130.0	POINT(30 14)	14	30	475.0	225.0
27880	2010-12-01 15:51:00	2010-12-01 15:57:00	2010-12-01 15:57:00	B2.8		POINT(33 13)	13	33	521.0	222.0
27890	2010-12-01 17:45:00	2010-12-01 17:54:00	2010-12-01 17:54:00	B3.6	11130.0	POINT(-89 31)	31	-89	-831.0	513.0
27900	2010-12-01 18:36:00	2010-12-01 18:45:00	2010-12-01 18:45:00	B6.1	11130.0	POINT(32 14)	14	32	513.0	237.0
27910	2010-12-02 02:14:00	2010-12-02 02:16:00	2010-12-02 02:17:00	B2.3	11131.0	POINT(-84 32)	32	-84	-812.0	528.0
27920	2010-12-02 02:56:00	2010-12-02 03:06:00	2010-12-02 03:13:00	B1.7	11130.0	POINT(-89 26)	26	-89	-871.0	440.0
27930	2010-12-02 12:20:00	2010-12-02 12:24:00	2010-12-02 12:24:00	B2.1	11130.0	POINT(44 13)	13	44	669.0	221.0
27940	2010-12-02 12:55:00	2010-12-02 12:58:00	2010-12-02 13:03:00	B1.7		POINT(-74 33)	33	-74	-780.0	539.0
27950	2010-12-02 13:05:00	2010-12-02 13:08:00	2010-12-02 13:10:00	B2.7		POINT(-75 28)	28	-75	-830.0	459.0
27960	2010-12-02 22:24:00	2010-12-02 22:28:00	2010-12-02 22:30:00	B2.6		POINT(53 11)	11	53	767.0	185.0
27970	2010-12-03 06:51:00	2010-12-03 06:58:00	2010-12-03 07:04:00	B5.3	11131.0	POINT(57 10)	10	57	808.0	180.0
27980	2010-12-03 09:00:00	2010-12-03 09:03:00	2010-12-03 09:05:00	B1.9		POINT(-60 33)	33	-60	-708.0	531.0
27990	2010-12-04 05:01:00	2010-12-04 05:05:00	2010-12-04 05:10:00	B3.1		POINT(-54 25)	25	-54	-716.0	410.0
28000	2010-12-04 13:56:00	2010-12-04 14:01:00	2010-12-04 14:01:00	B1.9	11132.0	POINT(-4 11)	11	-4	-66.0	183.0
28010	2010-12-04 21:11:00	2010-12-04 21:18:00	2010-12-04 21:21:00	B5.6	11132.0	POINT(0 11)	11	0	0.0	185.0
28020	2010-12-05 02:05:00	2010-12-05 02:08:00	2010-12-05 02:11:00	B2.5	11132.0	POINT(2 10)	10	2	49.0	167.0
28030	2010-12-05 04:38:00	2010-12-05 04:41:00	2010-12-05 04:45:00	B1.9		POINT(80 12)	12	80	938.0	206.0
28040	2010-12-05 05:03:00	2010-12-05 05:06:00	2010-12-05 05:06:00	B2.3	11131.0	POINT(-40 30)	30	-40	-545.0	489.0
28050	2010-12-05 05:24:00	2010-12-05 05:30:00	2010-12-05 05:41:00	B4.2	11130.0	POINT(82 9)	9	82	950.0	167.0
28060	2010-12-05 06:37:00	2010-12-05 06:41:00	2010-12-05 06:45:00	B2.7	11130.0	POINT(89 9)	9	89	965.0	156.0
28070	2010-12-05 08:28:00	2010-12-05 08:32:00	2010-12-05 08:35:00	B2.0		POINT(-38 30)	30	-38	-528.0	491.0
28080	2010-12-05 10:57:00	2010-12-05 11:03:00	2010-12-05 11:21:00	B3.0	11130.0	POINT(89 9)	9	89	975.0	171.0
28090	2010-12-05 13:02:00	2010-12-05 13:06:00	2010-12-05 13:08:00	B2.2	11131.0	POINT(89 12)	12	89	957.0	212.0
28100	2010-12-06 14:00:00	2010-12-07 00:22:00	2010-12-07 04:00:00	B2.3		POINT(-19 -19)	-19	-19	-312.0	-330.0
28110	2010-12-07 07:19:00	2010-12-07 07:39:00	2010-12-07 07:42:00	B1.9	11133.0	POINT(-46 14)	14	-46	-681.0	242.0
28120	2010-12-07 20:17:00	2010-12-07 20:20:00	2010-12-07 20:23:00	B1.3		POINT(-9 30)	30	-9	-140.0	493.0
28130	2010-12-08 05:05:00	2010-12-08 05:08:00	2010-12-08 05:12:00	B1.4	11131.0	POINT(-1 33)	33	-1	-16.0	540.0
28140	2010-12-09 03:17:00	2010-12-09 03:20:00	2010-12-09 03:24:00	B1.3	11131.0	POINT(8 29)	29	8	128.0	486.0
28150	2010-12-10 19:09:00	2010-12-10 19:12:00	2010-12-10 19:16:00	B2.4	11132.0	POINT(77 9)	9	77	938.0	164.0
28160	2010-12-11 11:14:00	2010-12-11 11:17:00	2010-12-11 11:20:00	B4.0	11131.0	POINT(39 34)	34	39	513.0	555.0
28170	2010-12-11 17:38:00	2010-12-11 17:49:00	2010-12-11 18:15:00	B2.3		POINT(89 11)	11	89	961.0	187.0
28180	2010-12-12 00:21:00	2010-12-12 00:35:00	2010-12-12 01:45:00	B2.0		POINT(-89 18)	18	-89	-929.0	307.0
28190	2010-12-12 03:37:00	2010-12-12 06:28:00	2010-12-12 09:06:00	B4.1		POINT(62 -24)	-24	62	786.0	-396.0
28200	2010-12-12 18:43:00	2010-12-12 18:49:00	2010-12-12 18:54:00	B5.9	11135.0	POINT(-77 19)	19	-77	-896.0	331.0
28210	2010-12-12 21:26:00	2010-12-12 21:30:00	2010-12-12 21:30:00	B2.4		POINT(56 29)	29	56	701.0	492.0
28220	2010-12-13 13:24:00	2010-12-13 13:30:00	2010-12-13 13:30:00	B2.7	11135.0	POINT(-66 20)	20	-66	-840.0	339.0
28230	2010-12-13 22:40:00	2010-12-13 22:45:00	2010-12-13 22:47:00	B1.8		POINT(75 31)	31	75	806.0	510.0
28240	2010-12-14 14:45:00	2010-12-14 15:54:00	2010-12-14 17:00:00	C2.3	11133.0	POINT(55 19)	19	55	756.0	339.0
28250	2010-12-14 15:03:00	2010-12-14 15:50:00	2010-12-14 16:55:00	C2.3	11133.0	POINT(55 19)	19	55	755.0	339.0
28260	2010-12-15 04:27:00	2010-12-15 04:35:00	2010-12-15 04:41:00	B5.0	11135.0	POINT(-44 20)	20	-44	-639.0	352.0
28270	2010-12-15 06:27:00	2010-12-15 06:39:00	2010-12-15 06:39:00	C5.3	11135.0	POINT(-42 20)	20	-42	-620.0	345.0
28280	2010-12-15 12:05:00	2010-12-15 12:10:00	2010-12-15 12:16:00	B5.8	11135.0	POINT(-40 19)	19	-40	-593.0	339.0
28290	2010-12-15 14:37:00	2010-12-15 14:40:00	2010-12-15 14:42:00	B2.2	11134.0	POINT(58 19)	19	58	779.0	340.0
28300	2010-12-15 22:20:00	2010-12-15 22:25:00	2010-12-15 22:25:00	B1.6	11135.0	POINT(-34 20)	20	-34	-521.0	356.0
28310	2010-12-15 23:23:00	2010-12-15 23:29:00	2010-12-15 23:35:00	B3.6	11135.0	POINT(-34 21)	21	-34	-513.0	377.0
28320	2010-12-16 04:00:00	2010-12-16 04:13:00	2010-12-16 04:13:00	B5.2		POINT(-32 21)	21	-32	-486.0	379.0
28330	2010-12-16 22:25:00	2010-12-16 22:30:00	2010-12-16 22:37:00	B4.9		POINT(-89 6)	6	-89	-969.0	105.0
28340	2010-12-16 23:54:00	2010-12-17 00:02:00	2010-12-17 00:09:00	B4.0		POINT(-83 5)	5	-83	-962.0	102.0
28350	2010-12-17 00:21:00	2010-12-17 00:25:00	2010-12-17 00:28:00	B1.8		POINT(-17 19)	19	-17	-278.0	349.0
28360	2010-12-17 04:06:00	2010-12-17 04:12:00	2010-12-17 04:19:00	B3.3		POINT(-79 5)	5	-79	-953.0	99.0
28370	2010-12-17 07:17:00	2010-12-17 07:44:00	2010-12-17 07:44:00	B4.9	11135.0	POINT(-16 19)	19	-16	-261.0	352.0
28380	2010-12-17 09:02:00	2010-12-17 09:06:00	2010-12-17 09:06:00	B2.1	11135.0	POINT(-10 19)	19	-10	-168.0	344.0
28390	2010-12-17 11:31:00	2010-12-17 11:37:00	2010-12-17 11:37:00	B1.3		POINT(-78 4)	4	-78	-953.0	81.0
28400	2010-12-17 21:53:00	2010-12-17 22:53:00	2010-12-17 23:21:00	B2.4	11135.0	POINT(-4 18)	18	-4	-71.0	338.0
28410	2010-12-27 12:37:00	2010-12-27 12:39:00	2010-12-27 12:41:00	B1.0	11138.0	POINT(-6 22)	22	-6	-101.0	406.0
28420	2010-12-27 17:14:00	2010-12-27 17:17:00	2010-12-27 17:19:00	B1.5	11138.0	POINT(-48 20)	20	-48	-690.0	369.0
28430	2010-12-27 18:35:00	2010-12-27 18:39:00	2010-12-27 18:45:00	B1.2	11138.0	POINT(-79 -29)	-29	-79	-835.0	-472.0
28440	2010-12-29 14:03:00	2010-12-29 14:30:00	2010-12-29 14:47:00	B1.2		POINT(-79 -28)	-28	-79	-844.0	-455.0
28450	2010-12-29 17:37:00	2010-12-29 18:04:00	2010-12-29 18:12:00	B2.1		POINT(-79 34)	34	-79	-793.0	553.0
28460	2010-12-31 04:18:00	2010-12-31 04:25:00	2010-12-31 04:32:00	C1.3	11138.0	POINT(57 12)	12	57	804.0	242.0
28470	2010-12-31 07:33:00	2010-12-31 07:36:00	2010-12-31 07:38:00	B1.5		POINT(-74 29)	29	-74	-824.0	484.0
28480	2010-12-31 09:41:00	2010-12-31 09:44:00	2010-12-31 09:49:00	B1.5		POINT(2 34)	34	2	41.0	591.0
28490	2011-01-01 00:17:00	2011-01-01 00:22:00	2011-01-01 00:30:00	B2.3		POINT(-48 -13)	-13	-48	-717.0	-197.0
28500	2011-01-01 00:49:00	2011-01-01 00:53:00	2011-01-01 00:57:00	B2.2	11140.0	POINT(-69 30)	30	-69	-791.0	504.0
28510	2011-01-01 18:11:00	2011-01-01 18:14:00	2011-01-01 18:20:00	B2.1		POINT(-58 31)	31	-58	-713.0	528.0
28520	2011-01-01 19:37:00	2011-01-01 19:44:00	2011-01-01 19:51:00	B3.1	11140.0	POINT(-54 34)	34	-54	-654.0	583.0
28530	2011-01-01 21:52:00	2011-01-01 21:59:00	2011-01-01 22:06:00	B8.3	11140.0	POINT(-58 30)	30	-58	-724.0	511.0
28540	2011-01-02 09:03:00	2011-01-02 09:10:00	2011-01-02 09:22:00	B4.6	11140.0	POINT(-47 34)	34	-47	-593.0	588.0
28550	2011-01-02 16:01:00	2011-01-02 16:07:00	2011-01-02 16:10:00	B3.0	11140.0	POINT(-50 26)	26	-50	-672.0	467.0
28560	2011-01-02 19:06:00	2011-01-02 19:15:00	2011-01-02 19:24:00	B1.5	11140.0	POINT(-41 36)	36	-41	-519.0	612.0
28570	2011-01-02 20:09:00	2011-01-02 20:12:00	2011-01-02 20:16:00	B2.3	11140.0	POINT(-42 34)	34	-42	-545.0	583.0
28580	2011-01-03 04:36:00	2011-01-03 04:41:00	2011-01-03 04:46:00	B1.4		POINT(38 35)	35	38	500.0	601.0
28590	2011-01-03 13:19:00	2011-01-03 13:25:00	2011-01-03 13:33:00	B2.6	11141.0	POINT(42 35)	35	42	536.0	600.0
28600	2011-01-03 13:44:00	2011-01-03 13:53:00	2011-01-03 14:11:00	B4.2	11141.0	POINT(42 36)	36	42	528.0	617.0
28610	2011-01-03 15:33:00	2011-01-03 15:41:00	2011-01-03 15:45:00	B3.3	11141.0	POINT(43 34)	34	43	556.0	587.0
28620	2011-01-03 22:01:00	2011-01-03 22:22:00	2011-01-03 22:31:00	B3.6	11142.0	POINT(-7 -15)	-15	-7	-123.0	-200.0
28630	2011-01-03 23:26:00	2011-01-03 23:35:00	2011-01-03 23:46:00	C1.1	11142.0	POINT(-6 -14)	-14	-6	-100.0	-193.0
28640	2011-01-04 02:22:00	2011-01-04 02:25:00	2011-01-04 02:27:00	B2.9	11141.0	POINT(49 35)	35	49	603.0	593.0
28650	2011-01-04 03:19:00	2011-01-04 03:25:00	2011-01-04 03:27:00	C1.9	11141.0	POINT(48 35)	35	48	603.0	590.0
28660	2011-01-04 05:57:00	2011-01-04 06:02:00	2011-01-04 06:05:00	B9.4	11141.0	POINT(49 34)	34	49	610.0	588.0
28670	2011-01-04 07:56:00	2011-01-04 08:01:00	2011-01-04 08:08:00	B3.3	11141.0	POINT(51 34)	34	51	625.0	587.0
28680	2011-01-04 09:35:00	2011-01-04 09:39:00	2011-01-04 09:41:00	B3.6		POINT(51 34)	34	51	635.0	576.0
28690	2011-01-04 09:43:00	2011-01-04 09:47:00	2011-01-04 09:49:00	B6.4	11141.0	POINT(53 34)	34	53	647.0	587.0
28700	2011-01-04 19:42:00	2011-01-04 19:45:00	2011-01-04 19:48:00	B1.9	11141.0	POINT(60 33)	33	60	710.0	556.0
28710	2011-01-04 23:39:00	2011-01-04 23:45:00	2011-01-04 23:45:00	B4.2	11140.0	POINT(-13 35)	35	-13	-183.0	620.0
28720	2011-01-05 23:23:00	2011-01-05 23:27:00	2011-01-05 23:29:00	B4.0	11141.0	POINT(-44 -22)	-22	-44	-636.0	-330.0
28730	2011-01-05 23:50:00	2011-01-05 23:58:00	2011-01-06 00:05:00	B1.8	11140.0	POINT(-1 34)	34	-1	-24.0	605.0
28740	2011-01-07 00:01:00	2011-01-07 00:06:00	2011-01-07 00:09:00	B1.2	11139.0	POINT(56 -28)	-28	56	710.0	-438.0
28750	2011-01-07 06:59:00	2011-01-07 07:05:00	2011-01-07 07:14:00	B1.7	11141.0	POINT(86 37)	37	86	782.0	602.0
28760	2011-01-07 15:12:00	2011-01-07 15:20:00	2011-01-07 15:20:00	B5.1		POINT(18 34)	34	18	251.0	605.0
28770	2011-01-08 09:18:00	2011-01-08 09:23:00	2011-01-08 09:27:00	B2.5	11139.0	POINT(76 -28)	-28	76	834.0	-446.0
28780	2011-01-09 13:46:00	2011-01-09 13:51:00	2011-01-09 13:56:00	B1.3	11140.0	POINT(45 33)	33	45	574.0	583.0
28790	2011-01-10 08:45:00	2011-01-10 08:49:00	2011-01-10 08:52:00	B2.0	11145.0	POINT(53 35)	35	53	642.0	598.0
28800	2011-01-10 08:58:00	2011-01-10 09:04:00	2011-01-10 09:06:00	B2.5		POINT(80 -12)	-12	80	937.0	-204.0
28810	2011-01-10 10:00:00	2011-01-10 10:13:00	2011-01-10 10:13:00	B2.8		POINT(58 35)	35	58	681.0	591.0
28820	2011-01-10 13:43:00	2011-01-10 13:47:00	2011-01-10 13:49:00	B2.3	11140.0	POINT(54 34)	34	54	654.0	581.0
28830	2011-01-10 19:16:00	2011-01-10 19:21:00	2011-01-10 19:27:00	B1.7	11140.0	POINT(59 35)	35	59	683.0	593.0
28840	2011-01-10 20:42:00	2011-01-10 21:06:00	2011-01-10 21:12:00	B2.5	11140.0	POINT(60 34)	34	60	698.0	579.0
28850	2011-01-11 06:06:00	2011-01-11 06:15:00	2011-01-11 06:22:00	B1.4	11146.0	POINT(64 36)	36	64	710.0	598.0
28860	2011-01-11 11:15:00	2011-01-11 11:21:00	2011-01-11 11:28:00	B1.4		POINT(-20 16)	16	-20	-335.0	338.0
28870	2011-01-11 17:43:00	2011-01-11 17:50:00	2011-01-11 17:50:00	B3.1	11142.0	POINT(89 -16)	-16	89	939.0	-281.0
28880	2011-01-11 18:46:00	2011-01-11 18:52:00	2011-01-11 18:52:00	B1.6	11142.0	POINT(89 -17)	-17	89	960.0	-296.0
28890	2011-01-12 00:39:00	2011-01-12 00:42:00	2011-01-12 00:44:00	B1.1	11145.0	POINT(-11 15)	15	-11	-183.0	328.0
28900	2011-01-12 03:23:00	2011-01-12 03:27:00	2011-01-12 03:27:00	B1.0	11145.0	POINT(78 35)	35	78	781.0	570.0
28910	2011-01-12 21:19:00	2011-01-12 21:41:00	2011-01-12 22:05:00	B1.6	11140.0	POINT(52 -23)	-23	52	711.0	-340.0
28920	2011-01-12 23:40:00	2011-01-12 23:55:00	2011-01-13 00:14:00	B2.2	11140.0	POINT(86 32)	32	86	818.0	533.0
28930	2011-01-13 07:48:00	2011-01-13 07:52:00	2011-01-13 07:52:00	B1.4		POINT(86 34)	34	86	813.0	560.0
28940	2011-01-13 09:09:00	2011-01-13 09:19:00	2011-01-13 09:19:00	B3.7	11140.0	POINT(86 33)	33	86	815.0	549.0
28950	2011-01-13 09:49:00	2011-01-13 11:42:00	2011-01-13 12:13:00	B2.8		POINT(-87 24)	24	-87	-901.0	413.0
28960	2011-01-13 12:53:00	2011-01-13 13:07:00	2011-01-13 13:15:00	B2.2	11140.0	POINT(-14 22)	22	-14	-227.0	438.0
28970	2011-01-13 14:36:00	2011-01-13 15:02:00	2011-01-13 15:14:00	B1.9	11140.0	POINT(86 34)	34	86	830.0	563.0
28980	2011-01-13 23:47:00	2011-01-14 00:06:00	2011-01-14 00:22:00	B2.3		POINT(-87 21)	21	-87	-954.0	386.0
28990	2011-01-14 01:28:00	2011-01-14 03:30:00	2011-01-14 04:38:00	C1.6		POINT(-87 23)	23	-87	-908.0	396.0
29000	2011-01-14 12:52:00	2011-01-14 13:07:00	2011-01-14 13:25:00	C1.0		POINT(-87 24)	24	-87	-923.0	416.0
29010	2011-01-14 15:41:00	2011-01-14 15:51:00	2011-01-14 15:57:00	B2.2		POINT(25 14)	14	25	405.0	318.0
29020	2011-01-14 17:03:00	2011-01-14 17:09:00	2011-01-14 17:09:00	B2.2		POINT(-20 25)	25	-20	-306.0	482.0
29030	2011-01-14 18:18:00	2011-01-14 18:24:00	2011-01-14 18:27:00	B1.8		POINT(1 22)	22	1	25.0	446.0
29040	2011-01-14 22:37:00	2011-01-14 22:58:00	2011-01-14 23:18:00	B1.8		POINT(-87 23)	23	-87	-908.0	393.0
29050	2011-01-15 00:04:00	2011-01-15 00:07:00	2011-01-15 00:07:00	B2.3		POINT(-87 21)	21	-87	-905.0	364.0
29060	2011-01-15 05:57:00	2011-01-15 06:01:00	2011-01-15 06:05:00	B2.3		POINT(-87 23)	23	-87	-902.0	395.0
29070	2011-01-15 06:12:00	2011-01-15 06:16:00	2011-01-15 06:18:00	B2.6		POINT(-87 24)	24	-87	-890.0	399.0
29080	2011-01-15 06:37:00	2011-01-15 06:41:00	2011-01-15 06:44:00	B4.1		POINT(-87 23)	23	-87	-904.0	390.0
29090	2011-01-15 08:02:00	2011-01-15 08:06:00	2011-01-15 08:06:00	B3.0		POINT(-87 23)	23	-87	-900.0	399.0
29100	2011-01-15 09:36:00	2011-01-15 09:39:00	2011-01-15 09:42:00	B3.7		POINT(-84 22)	22	-84	-893.0	386.0
29110	2011-01-15 10:25:00	2011-01-15 10:28:00	2011-01-15 10:32:00	B2.8		POINT(-87 23)	23	-87	-904.0	387.0
29120	2011-01-15 12:22:00	2011-01-15 12:25:00	2011-01-15 12:25:00	B2.2		POINT(-87 24)	24	-87	-896.0	402.0
29130	2011-01-15 13:28:00	2011-01-15 13:36:00	2011-01-15 13:39:00	B2.3		POINT(-87 23)	23	-87	-894.0	399.0
29140	2011-01-15 14:13:00	2011-01-15 14:19:00	2011-01-15 14:23:00	C1.1		POINT(-87 24)	24	-87	-891.0	403.0
29150	2011-01-15 17:44:00	2011-01-15 18:09:00	2011-01-15 18:22:00	B1.7		POINT(-81 22)	22	-81	-891.0	380.0
29160	2011-01-15 21:09:00	2011-01-15 21:15:00	2011-01-15 21:15:00	B2.7	11147.0	POINT(-80 22)	22	-80	-890.0	382.0
29170	2011-01-15 22:32:00	2011-01-15 22:38:00	2011-01-15 22:38:00	B3.3	11147.0	POINT(-82 26)	26	-82	-863.0	446.0
29180	2011-01-15 23:43:00	2011-01-15 23:48:00	2011-01-15 23:52:00	B5.7	11147.0	POINT(-78 22)	22	-78	-883.0	384.0
29190	2011-01-16 10:39:00	2011-01-16 10:48:00	2011-01-16 11:11:00	B1.4	11147.0	POINT(-73 22)	22	-73	-864.0	390.0
29200	2011-01-16 12:37:00	2011-01-16 12:41:00	2011-01-16 12:41:00	B1.5	11147.0	POINT(-72 24)	24	-72	-848.0	425.0
29210	2011-01-16 15:41:00	2011-01-16 15:44:00	2011-01-16 15:46:00	B2.4	11147.0	POINT(-67 21)	21	-67	-841.0	384.0
29220	2011-01-16 18:41:00	2011-01-16 18:45:00	2011-01-16 18:45:00	B1.6	11147.0	POINT(-70 24)	24	-70	-836.0	429.0
29230	2011-01-17 03:26:00	2011-01-17 03:29:00	2011-01-17 03:32:00	B1.1	11147.0	POINT(-65 24)	24	-65	-808.0	438.0
29240	2011-01-17 06:26:00	2011-01-17 06:34:00	2011-01-17 06:34:00	B4.1	11147.0	POINT(-63 24)	24	-63	-793.0	438.0
29250	2011-01-17 09:40:00	2011-01-17 09:44:00	2011-01-17 09:44:00	B1.5	11147.0	POINT(-56 23)	23	-56	-752.0	422.0
29260	2011-01-17 11:53:00	2011-01-17 12:00:00	2011-01-17 12:00:00	B3.4	11147.0	POINT(-57 23)	23	-57	-752.0	432.0
29270	2011-01-17 12:49:00	2011-01-17 12:55:00	2011-01-17 12:55:00	B2.9	11147.0	POINT(-58 24)	24	-58	-758.0	443.0
29280	2011-01-17 13:15:00	2011-01-17 13:19:00	2011-01-17 13:21:00	B2.6	11147.0	POINT(-58 24)	24	-58	-756.0	440.0
29290	2011-01-17 17:09:00	2011-01-17 17:19:00	2011-01-17 17:20:00	B2.2	11147.0	POINT(27 -27)	-27	27	399.0	-387.0
29300	2011-01-17 20:26:00	2011-01-17 20:29:00	2011-01-17 20:32:00	B1.4	11147.0	POINT(-55 26)	26	-55	-723.0	473.0
29310	2011-01-17 21:45:00	2011-01-17 21:51:00	2011-01-17 22:00:00	B5.9	11147.0	POINT(-55 24)	24	-55	-728.0	449.0
29320	2011-01-17 23:24:00	2011-01-17 23:29:00	2011-01-17 23:32:00	B1.1		POINT(-51 24)	24	-51	-694.0	444.0
29330	2011-01-18 01:27:00	2011-01-18 01:29:00	2011-01-18 01:30:00	B1.4	11147.0	POINT(-52 24)	24	-52	-707.0	454.0
29340	2011-01-18 02:25:00	2011-01-18 02:28:00	2011-01-18 02:31:00	B1.9	11147.0	POINT(-50 23)	23	-50	-692.0	431.0
29350	2011-01-18 03:12:00	2011-01-18 03:56:00	2011-01-18 04:35:00	B1.9	11147.0	POINT(-52 31)	31	-52	-663.0	545.0
29360	2011-01-19 01:09:00	2011-01-19 01:21:00	2011-01-19 01:27:00	B1.1	11147.0	POINT(-53 -35)	-35	-53	-638.0	-519.0
29370	2011-01-19 02:17:00	2011-01-19 02:23:00	2011-01-19 02:23:00	B1.4	11147.0	POINT(-38 24)	24	-38	-558.0	464.0
29380	2011-01-19 08:44:00	2011-01-19 08:47:00	2011-01-19 08:47:00	B1.0	11147.0	POINT(-32 25)	25	-32	-479.0	477.0
29390	2011-01-19 23:36:00	2011-01-19 23:43:00	2011-01-19 23:47:00	B2.5	11147.0	POINT(-25 25)	25	-25	-379.0	485.0
29400	2011-01-20 14:50:00	2011-01-20 14:57:00	2011-01-20 15:01:00	B4.2	11147.0	POINT(-20 24)	24	-20	-305.0	484.0
29410	2011-01-20 20:21:00	2011-01-20 20:27:00	2011-01-20 20:31:00	B1.1	11147.0	POINT(-11 18)	18	-11	-189.0	392.0
29420	2011-01-20 22:57:00	2011-01-20 23:03:00	2011-01-20 23:06:00	B2.9	11149.0	POINT(-9 18)	18	-9	-158.0	387.0
29430	2011-01-20 23:49:00	2011-01-20 23:55:00	2011-01-20 23:58:00	B2.4	11149.0	POINT(-8 17)	17	-8	-143.0	377.0
29440	2011-01-21 02:32:00	2011-01-21 02:38:00	2011-01-21 02:38:00	B2.7	11149.0	POINT(-7 17)	17	-7	-114.0	383.0
29450	2011-01-21 04:12:00	2011-01-21 04:17:00	2011-01-21 04:20:00	C3.3	11149.0	POINT(-6 18)	18	-6	-107.0	385.0
29460	2011-01-21 06:50:00	2011-01-21 07:01:00	2011-01-21 07:10:00	B9.5	11149.0	POINT(-4 17)	17	-4	-66.0	371.0
29470	2011-01-21 09:51:00	2011-01-21 09:57:00	2011-01-21 09:57:00	B4.5	11149.0	POINT(-2 18)	18	-2	-44.0	385.0
29480	2011-01-21 10:44:00	2011-01-21 10:55:00	2011-01-21 10:55:00	B4.5	11149.0	POINT(-2 21)	21	-2	-44.0	431.0
29490	2011-01-21 11:50:00	2011-01-21 11:53:00	2011-01-21 11:55:00	B3.9	11149.0	POINT(0 17)	17	0	-11.0	369.0
29500	2011-01-21 12:05:00	2011-01-21 12:15:00	2011-01-21 12:20:00	C1.0	11149.0	POINT(-1 18)	18	-1	-28.0	385.0
29510	2011-01-21 14:24:00	2011-01-21 14:38:00	2011-01-21 14:38:00	C1.4	11149.0	POINT(0 18)	18	0	5.0	386.0
29520	2011-01-21 15:17:00	2011-01-21 15:21:00	2011-01-21 15:25:00	C1.1	11147.0	POINT(-6 24)	24	-6	-104.0	482.0
29530	2011-01-21 16:38:00	2011-01-21 17:12:00	2011-01-21 17:17:00	C2.2	11149.0	POINT(-10 -85)	-85	-10	-16.0	1094.0
29540	2011-01-21 18:57:00	2011-01-21 19:10:00	2011-01-21 19:30:00	C1.1		POINT(-9 -85)	-85	-9	-15.0	1094.0
29550	2011-01-21 20:14:00	2011-01-21 20:18:00	2011-01-21 20:18:00	B5.9	11149.0	POINT(3 16)	16	3	54.0	368.0
29560	2011-01-21 23:26:00	2011-01-21 23:36:00	2011-01-21 23:40:00	B3.2	11149.0	POINT(3 17)	17	3	50.0	383.0
29570	2011-01-22 01:09:00	2011-01-22 01:14:00	2011-01-22 01:26:00	B1.7	11149.0	POINT(89 -27)	-27	89	867.0	-442.0
29580	2011-01-22 01:56:00	2011-01-22 02:00:00	2011-01-22 02:06:00	B1.5	11149.0	POINT(7 17)	17	7	119.0	369.0
29590	2011-01-22 06:25:00	2011-01-22 06:28:00	2011-01-22 06:28:00	B1.4		POINT(9 16)	16	9	156.0	366.0
29600	2011-01-22 08:01:00	2011-01-22 08:28:00	2011-01-22 08:48:00	C2.4	11149.0	POINT(9 16)	16	9	161.0	366.0
29610	2011-01-22 11:32:00	2011-01-22 11:38:00	2011-01-22 11:38:00	B3.7	11149.0	POINT(11 16)	16	11	182.0	366.0
29620	2011-01-22 13:13:00	2011-01-22 13:21:00	2011-01-22 13:33:00	B4.3	11149.0	POINT(12 15)	15	12	197.0	351.0
29630	2011-01-22 19:07:00	2011-01-22 19:10:00	2011-01-22 19:17:00	B1.7	11149.0	POINT(15 17)	17	15	247.0	375.0
29640	2011-01-22 22:14:00	2011-01-22 22:26:00	2011-01-22 22:40:00	B2.3	11149.0	POINT(16 17)	17	16	273.0	368.0
29650	2011-01-23 01:10:00	2011-01-23 01:13:00	2011-01-23 01:15:00	B2.3	11149.0	POINT(23 24)	24	23	349.0	479.0
29660	2011-01-23 09:40:00	2011-01-23 09:53:00	2011-01-23 09:53:00	B2.6	11149.0	POINT(22 17)	17	22	357.0	366.0
29670	2011-01-23 11:50:00	2011-01-23 11:53:00	2011-01-23 12:00:00	B2.0	11149.0	POINT(21 17)	17	21	344.0	379.0
29680	2011-01-23 12:25:00	2011-01-23 12:29:00	2011-01-23 12:32:00	B1.4	11149.0	POINT(24 16)	16	24	384.0	362.0
29690	2011-01-23 18:09:00	2011-01-23 18:20:00	2011-01-23 18:33:00	B2.8	11149.0	POINT(55 23)	23	55	736.0	431.0
29700	2011-01-23 23:45:00	2011-01-23 23:50:00	2011-01-23 23:54:00	B1.6	11147.0	POINT(27 25)	25	27	414.0	486.0
29710	2011-01-24 00:49:00	2011-01-24 00:53:00	2011-01-24 00:57:00	B2.2	11147.0	POINT(25 25)	25	25	374.0	497.0
29720	2011-01-24 01:30:00	2011-01-24 01:33:00	2011-01-24 01:35:00	B1.0		POINT(30 18)	18	30	470.0	384.0
29730	2011-01-24 03:30:00	2011-01-24 03:35:00	2011-01-24 03:41:00	B2.1	11147.0	POINT(31 17)	17	31	491.0	368.0
29740	2011-01-24 05:56:00	2011-01-24 06:15:00	2011-01-24 06:32:00	C1.4	11149.0	POINT(38 17)	17	38	573.0	368.0
29750	2011-01-24 09:51:00	2011-01-24 09:54:00	2011-01-24 09:54:00	B2.3	11149.0	POINT(36 17)	17	36	555.0	356.0
29760	2011-01-24 10:56:00	2011-01-24 11:07:00	2011-01-24 11:13:00	B1.4		POINT(29 23)	23	29	440.0	456.0
29770	2011-01-25 03:25:00	2011-01-25 03:28:00	2011-01-25 03:31:00	B1.0	11149.0	POINT(47 16)	16	47	684.0	341.0
29780	2011-01-26 00:31:00	2011-01-26 00:37:00	2011-01-26 00:37:00	B1.5	11149.0	POINT(58 17)	17	58	795.0	332.0
29790	2011-01-26 02:07:00	2011-01-26 02:11:00	2011-01-26 02:14:00	B3.2	11149.0	POINT(58 16)	16	58	799.0	328.0
29800	2011-01-26 04:02:00	2011-01-26 04:06:00	2011-01-26 04:06:00	B2.3	11149.0	POINT(60 17)	17	60	809.0	329.0
29810	2011-01-26 06:51:00	2011-01-26 06:57:00	2011-01-26 06:57:00	B1.8	11149.0	POINT(61 16)	16	61	822.0	324.0
29820	2011-01-26 08:54:00	2011-01-26 08:57:00	2011-01-26 08:57:00	B1.1	11149.0	POINT(65 16)	16	65	852.0	316.0
29830	2011-01-26 15:14:00	2011-01-26 15:18:00	2011-01-26 15:21:00	B2.0	11149.0	POINT(72 14)	14	72	901.0	263.0
29840	2011-01-26 17:01:00	2011-01-26 17:03:00	2011-01-26 17:06:00	A9.5	11149.0	POINT(-88 -19)	-19	-88	-929.0	-336.0
29850	2011-01-26 19:14:00	2011-01-26 19:18:00	2011-01-26 19:18:00	B1.3	11149.0	POINT(-87 -22)	-22	-87	-910.0	-378.0
29860	2011-01-26 21:19:00	2011-01-26 21:22:00	2011-01-26 21:24:00	B1.0		POINT(-88 -19)	-19	-88	-924.0	-326.0
29870	2011-01-26 21:43:00	2011-01-26 21:47:00	2011-01-26 21:47:00	B2.7	11149.0	POINT(74 11)	11	74	921.0	210.0
29880	2011-01-26 22:02:00	2011-01-26 22:09:00	2011-01-26 22:12:00	B3.2	11149.0	POINT(76 14)	14	76	918.0	264.0
29890	2011-01-27 02:00:00	2011-01-27 02:13:00	2011-01-27 02:26:00	B4.3	11149.0	POINT(75 17)	17	75	897.0	320.0
29900	2011-01-27 06:45:00	2011-01-27 06:48:00	2011-01-27 06:53:00	B1.1	11149.0	POINT(88 15)	15	88	944.0	259.0
29910	2011-01-27 08:40:00	2011-01-27 08:50:00	2011-01-27 08:53:00	B6.6	11149.0	POINT(84 10)	10	84	953.0	185.0
29920	2011-01-27 11:05:00	2011-01-27 11:16:00	2011-01-27 11:22:00	B1.6	11149.0	POINT(84 14)	14	84	939.0	248.0
29930	2011-01-27 11:53:00	2011-01-27 12:01:00	2011-01-27 12:05:00	C1.2	11149.0	POINT(87 12)	12	87	948.0	220.0
29940	2011-01-27 12:13:00	2011-01-27 12:18:00	2011-01-27 12:18:00	B1.9	11149.0	POINT(88 15)	15	88	942.0	270.0
29950	2011-01-28 00:44:00	2011-01-28 01:03:00	2011-01-28 02:45:00	M1.4	11149.0	POINT(88 16)	16	88	936.0	278.0
29960	2011-01-28 03:31:00	2011-01-28 03:36:00	2011-01-28 03:36:00	B5.2		POINT(-73 -21)	-21	-73	-872.0	-330.0
29970	2011-01-28 04:02:00	2011-01-28 04:04:00	2011-01-28 04:07:00	B3.4		POINT(-88 -18)	-18	-88	-932.0	-308.0
29980	2011-01-28 10:05:00	2011-01-28 10:22:00	2011-01-28 10:30:00	C1.5	11149.0	POINT(-81 -20)	-20	-81	-903.0	-322.0
29990	2011-01-28 13:44:00	2011-01-28 13:48:00	2011-01-28 13:48:00	B1.6		POINT(-71 -20)	-20	-71	-866.0	-307.0
30000	2011-01-28 16:09:00	2011-01-28 16:14:00	2011-01-28 16:14:00	B2.4	11150.0	POINT(-68 -21)	-21	-68	-846.0	-317.0
30010	2011-01-28 17:52:00	2011-01-28 17:57:00	2011-01-28 17:57:00	B6.2	11150.0	POINT(-67 -20)	-20	-67	-842.0	-311.0
30020	2011-01-29 03:28:00	2011-01-29 03:36:00	2011-01-29 03:36:00	B6.7	11150.0	POINT(-63 -20)	-20	-63	-822.0	-293.0
30030	2011-01-29 07:58:00	2011-01-29 08:03:00	2011-01-29 08:07:00	B1.4	11150.0	POINT(-73 34)	34	-73	-772.0	566.0
30040	2011-01-29 11:47:00	2011-01-29 11:57:00	2011-01-29 11:57:00	B7.3	11150.0	POINT(-59 -20)	-20	-59	-788.0	-294.0
30050	2011-01-29 16:27:00	2011-01-29 16:32:00	2011-01-29 16:36:00	B1.8	11150.0	POINT(-55 -20)	-20	-55	-756.0	-285.0
30060	2011-01-29 16:53:00	2011-01-29 16:58:00	2011-01-29 17:00:00	B2.8	11150.0	POINT(-55 -20)	-20	-55	-753.0	-290.0
30070	2011-01-30 12:01:00	2011-01-30 12:58:00	2011-01-30 13:31:00	B1.3	11150.0	POINT(88 10)	10	88	960.0	187.0
30080	2011-01-30 17:55:00	2011-01-30 18:36:00	2011-01-30 19:09:00	B2.3		POINT(-62 32)	32	-62	-733.0	554.0
30090	2011-01-31 02:10:00	2011-01-31 02:14:00	2011-01-31 02:14:00	B1.0	11150.0	POINT(-40 -22)	-22	-40	-583.0	-306.0
30100	2011-01-31 06:12:00	2011-01-31 06:19:00	2011-01-31 06:19:00	B1.3	11150.0	POINT(-35 -22)	-22	-35	-528.0	-290.0
30110	2011-01-31 13:51:00	2011-01-31 13:59:00	2011-01-31 14:01:00	B1.7		POINT(-33 -21)	-21	-33	-506.0	-281.0
30120	2011-01-31 19:01:00	2011-01-31 19:05:00	2011-01-31 19:08:00	B1.0	11150.0	POINT(-27 -19)	-19	-27	-422.0	-239.0
30130	2011-01-31 19:57:00	2011-01-31 20:01:00	2011-01-31 20:04:00	B1.5	11150.0	POINT(-27 -19)	-19	-27	-422.0	-243.0
30140	2011-02-01 00:09:00	2011-02-01 00:13:00	2011-02-01 00:17:00	B3.0	11150.0	POINT(-25 -20)	-20	-25	-395.0	-254.0
30150	2011-02-01 05:48:00	2011-02-01 05:54:00	2011-02-01 05:54:00	B1.8	11150.0	POINT(-23 -20)	-20	-23	-359.0	-255.0
30160	2011-02-01 12:27:00	2011-02-01 12:31:00	2011-02-01 12:33:00	B1.4	11150.0	POINT(-22 -24)	-24	-22	-336.0	-311.0
30170	2011-02-01 23:06:00	2011-02-01 23:42:00	2011-02-01 23:58:00	B4.5	11150.0	POINT(-10 -19)	-19	-10	-173.0	-234.0
30180	2011-02-02 00:27:00	2011-02-02 00:35:00	2011-02-02 00:35:00	B4.1	11150.0	POINT(-10 -19)	-19	-10	-171.0	-234.0
30190	2011-02-02 02:44:00	2011-02-02 02:48:00	2011-02-02 03:15:00	B1.1	11150.0	POINT(-7 -17)	-17	-7	-122.0	-192.0
30200	2011-02-02 06:14:00	2011-02-02 06:20:00	2011-02-02 06:28:00	B4.1	11150.0	POINT(-9 -21)	-21	-9	-151.0	-255.0
30210	2011-02-02 10:20:00	2011-02-02 10:29:00	2011-02-02 10:29:00	B2.0	11150.0	POINT(-7 -20)	-20	-7	-111.0	-251.0
30220	2011-02-03 05:51:00	2011-02-03 05:56:00	2011-02-03 06:02:00	B2.6	11150.0	POINT(7 -19)	-19	7	125.0	-224.0
30230	2011-02-03 17:28:00	2011-02-03 17:35:00	2011-02-03 17:35:00	B2.0	11152.0	POINT(-13 -17)	-17	-13	-217.0	-200.0
30240	2011-02-04 01:37:00	2011-02-04 01:43:00	2011-02-04 01:43:00	B2.0	11152.0	POINT(-9 -17)	-17	-9	-156.0	-197.0
30250	2011-02-04 03:59:00	2011-02-04 04:10:00	2011-02-04 04:15:00	B1.1	11152.0	POINT(-7 -18)	-18	-7	-122.0	-204.0
30260	2011-02-04 07:29:00	2011-02-04 07:40:00	2011-02-04 07:49:00	B2.7	11152.0	POINT(-5 -18)	-18	-5	-91.0	-203.0
30270	2011-02-04 12:13:00	2011-02-04 12:20:00	2011-02-04 12:26:00	B9.5	11152.0	POINT(-3 -18)	-18	-3	-49.0	-203.0
30280	2011-02-04 17:30:00	2011-02-04 17:36:00	2011-02-04 17:36:00	B1.3	11152.0	POINT(0 -18)	-18	0	-11.0	-202.0
30290	2011-02-04 19:30:00	2011-02-04 19:39:00	2011-02-04 19:39:00	B6.9	11152.0	POINT(1 -17)	-17	1	18.0	-198.0
30300	2011-02-05 00:03:00	2011-02-05 00:07:00	2011-02-05 00:07:00	B3.6	11152.0	POINT(2 -18)	-18	2	42.0	-204.0
30310	2011-02-07 10:17:00	2011-02-07 10:20:00	2011-02-07 10:22:00	B1.0	11153.0	POINT(52 16)	16	52	736.0	344.0
30320	2011-02-07 13:31:00	2011-02-07 13:35:00	2011-02-07 13:37:00	B1.9	11153.0	POINT(52 16)	16	52	741.0	336.0
30330	2011-02-07 21:24:00	2011-02-07 21:29:00	2011-02-07 21:29:00	B1.3	11153.0	POINT(59 16)	16	59	804.0	323.0
30340	2011-02-08 01:55:00	2011-02-08 01:59:00	2011-02-08 02:01:00	B2.0	11153.0	POINT(61 15)	15	61	821.0	316.0
30350	2011-02-08 06:48:00	2011-02-08 06:57:00	2011-02-08 06:57:00	B1.9	11153.0	POINT(59 16)	16	59	805.0	321.0
30360	2011-02-08 08:17:00	2011-02-08 08:19:00	2011-02-08 08:22:00	B1.9	11153.0	POINT(-89 5)	5	-89	-980.0	95.0
30370	2011-02-08 09:10:00	2011-02-08 09:15:00	2011-02-08 09:17:00	B2.4	11150.0	POINT(64 16)	16	64	840.0	324.0
30380	2011-02-08 10:28:00	2011-02-08 10:29:00	2011-02-08 10:31:00	B1.6	11153.0	POINT(-89 5)	5	-89	-979.0	94.0
30390	2011-02-08 11:34:00	2011-02-08 11:39:00	2011-02-08 11:40:00	B1.9	11153.0	POINT(67 13)	13	67	874.0	263.0
30400	2011-02-08 14:44:00	2011-02-08 14:49:00	2011-02-08 14:52:00	B5.0	11153.0	POINT(67 16)	16	67	859.0	321.0
30410	2011-02-08 18:46:00	2011-02-08 18:54:00	2011-02-08 18:56:00	C1.0	11153.0	POINT(66 16)	16	66	856.0	320.0
30420	2011-02-08 21:06:00	2011-02-08 21:09:00	2011-02-08 21:12:00	C4.0	11153.0	POINT(67 16)	16	67	867.0	307.0
30430	2011-02-09 00:08:00	2011-02-09 00:13:00	2011-02-09 00:13:00	C1.1	11153.0	POINT(69 16)	16	69	875.0	305.0
30440	2011-02-09 01:23:00	2011-02-09 01:31:00	2011-02-09 01:35:00	M1.9	11153.0	POINT(70 16)	16	70	880.0	308.0
30450	2011-02-09 05:42:00	2011-02-09 05:47:00	2011-02-09 05:47:00	B4.3	11157.0	POINT(-34 21)	21	-34	-512.0	447.0
30460	2011-02-09 07:23:00	2011-02-09 07:28:00	2011-02-09 07:30:00	B3.2	11153.0	POINT(75 16)	16	75	904.0	299.0
30470	2011-02-09 10:15:00	2011-02-09 10:19:00	2011-02-09 10:23:00	B5.4	11153.0	POINT(-31 21)	21	-31	-471.0	440.0
30480	2011-02-09 16:19:00	2011-02-09 16:27:00	2011-02-09 16:27:00	B8.6	11153.0	POINT(82 17)	17	82	921.0	299.0
30490	2011-02-09 18:59:00	2011-02-09 19:05:00	2011-02-09 19:08:00	B2.6	11153.0	POINT(85 17)	17	85	923.0	299.0
30500	2011-02-09 19:57:00	2011-02-09 20:04:00	2011-02-09 20:11:00	B2.9	11157.0	POINT(-24 20)	20	-24	-378.0	428.0
30510	2011-02-09 22:07:00	2011-02-09 22:11:00	2011-02-09 22:13:00	B3.3	11153.0	POINT(80 16)	16	80	920.0	291.0
30520	2011-02-09 22:54:00	2011-02-09 23:03:00	2011-02-09 23:03:00	B7.9	11153.0	POINT(85 16)	16	85	927.0	288.0
30530	2011-02-10 00:00:00	2011-02-10 00:11:00	2011-02-10 00:16:00	B6.3	11153.0	POINT(79 16)	16	79	918.0	288.0
30540	2011-02-10 03:29:00	2011-02-10 03:32:00	2011-02-10 03:36:00	B5.4	11153.0	POINT(88 13)	13	88	946.0	237.0
30550	2011-02-10 04:39:00	2011-02-10 04:43:00	2011-02-10 04:48:00	B6.0	11153.0	POINT(87 21)	21	87	902.0	362.0
30560	2011-02-10 06:20:00	2011-02-10 06:40:00	2011-02-10 06:46:00	C1.9	11153.0	POINT(87 16)	16	87	935.0	285.0
30570	2011-02-10 06:55:00	2011-02-10 06:58:00	2011-02-10 07:25:00	C2.1	11153.0	POINT(87 18)	18	87	927.0	313.0
30580	2011-02-10 09:24:00	2011-02-10 09:28:00	2011-02-10 09:33:00	B4.4	11153.0	POINT(-17 -19)	-19	-17	-281.0	-226.0
30590	2011-02-10 12:28:00	2011-02-10 12:30:00	2011-02-10 12:34:00	C4.7	11153.0	POINT(87 18)	18	87	931.0	314.0
30600	2011-02-10 13:33:00	2011-02-10 13:52:00	2011-02-10 14:05:00	C2.6	11153.0	POINT(87 16)	16	87	942.0	282.0
30610	2011-02-10 14:38:00	2011-02-10 14:42:00	2011-02-10 14:47:00	B6.7	11156.0	POINT(87 16)	16	87	936.0	281.0
30620	2011-02-10 20:49:00	2011-02-10 20:53:00	2011-02-10 20:57:00	B5.3	11156.0	POINT(-9 -20)	-20	-9	-153.0	-243.0
30630	2011-02-11 03:56:00	2011-02-11 04:01:00	2011-02-11 04:07:00	B3.1		POINT(87 17)	17	87	930.0	297.0
30640	2011-02-11 07:58:00	2011-02-11 08:00:00	2011-02-11 08:13:00	B9.0	11153.0	POINT(87 17)	17	87	930.0	296.0
30650	2011-02-11 21:31:00	2011-02-11 21:57:00	2011-02-11 21:57:00	B8.2		POINT(-88 12)	12	-88	-966.0	225.0
30660	2011-02-11 23:05:00	2011-02-11 23:12:00	2011-02-11 23:19:00	B9.6		POINT(-30 -21)	-21	-30	-459.0	-270.0
30670	2011-02-12 00:59:00	2011-02-12 01:00:00	2011-02-12 01:10:00	B8.6		POINT(-86 25)	25	-86	-878.0	429.0
30680	2011-02-12 02:39:00	2011-02-12 02:45:00	2011-02-12 02:46:00	B5.2		POINT(-88 9)	9	-88	-982.0	159.0
30690	2011-02-12 04:13:00	2011-02-12 04:16:00	2011-02-12 04:21:00	B3.8		POINT(3 20)	20	3	63.0	447.0
30700	2011-02-12 06:42:00	2011-02-12 06:45:00	2011-02-12 06:47:00	B3.0		POINT(-24 18)	18	-24	-390.0	404.0
30710	2011-02-12 10:47:00	2011-02-12 10:51:00	2011-02-12 10:59:00	B2.3		POINT(8 20)	20	8	132.0	449.0
30720	2011-02-12 11:46:00	2011-02-12 12:22:00	2011-02-12 13:11:00	B2.1		POINT(-88 11)	11	-88	-964.0	206.0
30730	2011-02-12 11:47:00	2011-02-12 11:54:00	2011-02-12 11:57:00	B1.0		POINT(-88 12)	12	-88	-960.0	215.0
30740	2011-02-12 14:30:00	2011-02-12 15:00:00	2011-02-12 15:06:00	C2.6	11159.0	POINT(-20 18)	18	-20	-329.0	409.0
30750	2011-02-12 16:17:00	2011-02-12 16:20:00	2011-02-12 16:22:00	B1.2		POINT(10 19)	19	10	171.0	421.0
30760	2011-02-12 17:26:00	2011-02-12 17:33:00	2011-02-12 17:41:00	B5.6	11160.0	POINT(-88 11)	11	-88	-957.0	202.0
30770	2011-02-12 18:21:00	2011-02-12 18:26:00	2011-02-12 18:26:00	B4.7		POINT(-19 19)	19	-19	-306.0	419.0
30780	2011-02-12 19:13:00	2011-02-12 19:17:00	2011-02-12 19:21:00	B5.8	11160.0	POINT(-18 18)	18	-18	-293.0	417.0
30790	2011-02-12 19:55:00	2011-02-12 19:58:00	2011-02-12 20:02:00	B1.7		POINT(-88 12)	12	-88	-954.0	215.0
30800	2011-02-12 20:23:00	2011-02-12 20:36:00	2011-02-12 20:50:00	B8.9	11160.0	POINT(-88 11)	11	-88	-956.0	192.0
30810	2011-02-13 00:36:00	2011-02-13 00:42:00	2011-02-13 00:47:00	B8.5	11158.0	POINT(-14 18)	18	-14	-236.0	416.0
30820	2011-02-13 03:27:00	2011-02-13 03:31:00	2011-02-13 03:37:00	B5.6		POINT(-10 -17)	-17	-10	-163.0	-181.0
30830	2011-02-13 05:59:00	2011-02-13 06:10:00	2011-02-13 06:40:00	B3.2	11160.0	POINT(-11 18)	18	-11	-182.0	416.0
30840	2011-02-13 07:25:00	2011-02-13 07:29:00	2011-02-13 07:32:00	C1.4	11160.0	POINT(-83 11)	11	-83	-947.0	200.0
30850	2011-02-13 11:48:00	2011-02-13 11:53:00	2011-02-13 11:57:00	B5.4		POINT(-6 -20)	-20	-6	-95.0	-234.0
30860	2011-02-13 12:29:00	2011-02-13 12:36:00	2011-02-13 12:46:00	C1.1	11158.0	POINT(-6 -20)	-20	-6	-101.0	-240.0
30870	2011-02-13 13:44:00	2011-02-13 13:56:00	2011-02-13 14:11:00	C4.7	11158.0	POINT(-7 -20)	-20	-7	-113.0	-230.0
30880	2011-02-13 17:28:00	2011-02-13 17:30:00	2011-02-13 17:38:00	M6.6	11158.0	POINT(-5 -20)	-20	-5	-86.0	-231.0
30890	2011-02-13 20:42:00	2011-02-13 20:45:00	2011-02-13 20:47:00	B4.8		POINT(-6 17)	17	-6	-97.0	405.0
30900	2011-02-13 21:17:00	2011-02-13 21:20:00	2011-02-13 21:22:00	C1.1		POINT(0 -19)	-19	0	-2.0	-218.0
30910	2011-02-13 21:26:00	2011-02-13 21:29:00	2011-02-13 21:31:00	B5.1		POINT(-7 -20)	-20	-7	-113.0	-228.0
30920	2011-02-14 01:31:00	2011-02-14 01:37:00	2011-02-14 01:48:00	B9.3		POINT(0 -20)	-20	0	-7.0	-225.0
30930	2011-02-14 02:35:00	2011-02-14 02:42:00	2011-02-14 02:46:00	C1.6	11158.0	POINT(-4 -20)	-20	-4	-66.0	-233.0
30940	2011-02-14 03:24:00	2011-02-14 04:48:00	2011-02-14 05:08:00	C7.1		POINT(0 -20)	-20	0	14.0	-227.0
30950	2011-02-14 04:29:00	2011-02-14 04:49:00	2011-02-14 05:09:00	C8.3	11158.0	POINT(0 -20)	-20	0	13.0	-227.0
30960	2011-02-14 06:51:00	2011-02-14 06:58:00	2011-02-14 07:03:00	C6.6	11158.0	POINT(-1 -20)	-20	-1	-28.0	-231.0
30970	2011-02-14 08:39:00	2011-02-14 08:49:00	2011-02-14 09:04:00	C1.8	11158.0	POINT(1 -20)	-20	1	31.0	-223.0
30980	2011-02-14 11:51:00	2011-02-14 12:00:00	2011-02-14 12:26:00	C1.7	11158.0	POINT(0 -20)	-20	0	11.0	-236.0
30990	2011-02-14 12:41:00	2011-02-14 12:45:00	2011-02-14 12:58:00	C9.4	11158.0	POINT(1 -20)	-20	1	24.0	-236.0
31000	2011-02-14 13:47:00	2011-02-14 14:27:00	2011-02-14 14:42:00	C7.0	11158.0	POINT(6 -20)	-20	6	96.0	-228.0
31010	2011-02-14 16:48:00	2011-02-14 16:53:00	2011-02-14 16:57:00	B7.9		POINT(4 -20)	-20	4	77.0	-227.0
31020	2011-02-14 17:20:00	2011-02-14 17:26:00	2011-02-14 17:32:00	M2.2	11158.0	POINT(4 -20)	-20	4	71.0	-228.0
31030	2011-02-14 19:23:00	2011-02-14 19:30:00	2011-02-14 19:36:00	C6.6	11158.0	POINT(4 -20)	-20	4	68.0	-230.0
31040	2011-02-14 23:14:00	2011-02-14 23:19:00	2011-02-14 23:26:00	C1.2	11158.0	POINT(13 -19)	-19	13	222.0	-213.0
31050	2011-02-14 23:40:00	2011-02-14 23:46:00	2011-02-14 23:57:00	C2.7	11158.0	POINT(14 -18)	-18	14	227.0	-209.0
31060	2011-02-15 00:31:00	2011-02-15 00:38:00	2011-02-15 00:48:00	C2.7		POINT(6 -21)	-21	6	108.0	-241.0
31070	2011-02-15 01:44:00	2011-02-15 01:45:00	2011-02-15 01:56:00	X2.2	11158.0	POINT(10 -20)	-20	10	171.0	-239.0
31080	2011-02-15 04:27:00	2011-02-15 04:32:00	2011-02-15 04:37:00	C4.8		POINT(8 -20)	-20	8	138.0	-237.0
31090	2011-02-15 10:02:00	2011-02-15 10:07:00	2011-02-15 10:16:00	C1.0		POINT(15 -21)	-21	15	246.0	-244.0
31100	2011-02-15 14:32:00	2011-02-15 14:44:00	2011-02-15 14:51:00	C4.8	11158.0	POINT(16 -20)	-20	16	261.0	-229.0
31110	2011-02-15 18:07:00	2011-02-15 18:44:00	2011-02-15 18:57:00	C1.7	11158.0	POINT(20 -20)	-20	20	324.0	-242.0
31120	2011-02-15 19:30:00	2011-02-15 20:33:00	2011-02-15 20:53:00	C6.6	11158.0	POINT(21 -20)	-20	21	339.0	-245.0
31130	2011-02-15 22:49:00	2011-02-15 22:54:00	2011-02-15 22:56:00	C1.3	11158.0	POINT(20 -21)	-21	20	318.0	-248.0
31140	2011-02-16 00:58:00	2011-02-16 01:00:00	2011-02-16 01:10:00	C2.0		POINT(23 -22)	-22	23	354.0	-270.0
31150	2011-02-16 01:32:00	2011-02-16 01:39:00	2011-02-16 01:46:00	M1.0		POINT(24 -20)	-20	24	380.0	-233.0
31160	2011-02-16 01:56:00	2011-02-16 02:00:00	2011-02-16 02:05:00	C2.2	11158.0	POINT(-4 -83)	-83	-4	-9.0	1091.0
31170	2011-02-16 05:40:00	2011-02-16 05:45:00	2011-02-16 05:45:00	C5.9		POINT(26 -20)	-20	26	413.0	-235.0
31180	2011-02-16 06:18:00	2011-02-16 06:22:00	2011-02-16 06:29:00	C2.2		POINT(27 -19)	-19	27	428.0	-233.0
31190	2011-02-16 07:35:00	2011-02-16 07:44:00	2011-02-16 07:44:00	M1.1	11161.0	POINT(29 -19)	-19	29	458.0	-233.0
31200	2011-02-16 09:02:00	2011-02-16 09:11:00	2011-02-16 09:19:00	C9.9	11158.0	POINT(28 -20)	-20	28	437.0	-238.0
31210	2011-02-16 10:25:00	2011-02-16 10:32:00	2011-02-16 10:39:00	C3.2	11158.0	POINT(30 -20)	-20	30	458.0	-244.0
31220	2011-02-16 11:58:00	2011-02-16 12:02:00	2011-02-16 12:05:00	C1.0	11158.0	POINT(30 -20)	-20	30	458.0	-245.0
31230	2011-02-16 14:19:00	2011-02-16 14:25:00	2011-02-16 14:29:00	M1.6	11158.0	POINT(30 -21)	-21	30	460.0	-252.0
31240	2011-02-16 15:27:00	2011-02-16 15:32:00	2011-02-16 15:37:00	C7.7	11158.0	POINT(32 -20)	-20	32	487.0	-248.0
31250	2011-02-16 19:29:00	2011-02-16 19:36:00	2011-02-16 19:43:00	C1.3	11158.0	POINT(35 -20)	-20	35	528.0	-249.0
31260	2011-02-16 20:11:00	2011-02-16 20:15:00	2011-02-16 20:19:00	C1.1	11158.0	POINT(36 -20)	-20	36	538.0	-242.0
31270	2011-02-16 21:06:00	2011-02-16 21:11:00	2011-02-16 21:14:00	C4.2	11158.0	POINT(35 -20)	-20	35	531.0	-254.0
31280	2011-02-16 23:02:00	2011-02-16 23:11:00	2011-02-16 23:11:00	C1.5	11158.0	POINT(35 -20)	-20	35	530.0	-257.0
31290	2011-02-17 01:41:00	2011-02-17 01:46:00	2011-02-17 01:50:00	C6.1	11158.0	POINT(37 -20)	-20	37	552.0	-259.0
31300	2011-02-17 02:46:00	2011-02-17 02:52:00	2011-02-17 03:08:00	C2.3	11158.0	POINT(-26 13)	13	-26	-426.0	324.0
31310	2011-02-17 04:09:00	2011-02-17 04:15:00	2011-02-17 04:22:00	C1.5	11158.0	POINT(37 -21)	-21	37	557.0	-263.0
31320	2011-02-17 05:33:00	2011-02-17 05:36:00	2011-02-17 05:40:00	C1.0	11158.0	POINT(41 -20)	-20	41	611.0	-251.0
31330	2011-02-17 06:44:00	2011-02-17 06:47:00	2011-02-17 06:51:00	C1.2	11158.0	POINT(42 -19)	-19	42	624.0	-242.0
31340	2011-02-17 08:09:00	2011-02-17 08:13:00	2011-02-17 08:18:00	C1.2	11158.0	POINT(43 -19)	-19	43	633.0	-244.0
31350	2011-02-17 09:24:00	2011-02-17 09:30:00	2011-02-17 09:35:00	C1.9	11158.0	POINT(40 -20)	-20	40	594.0	-260.0
31360	2011-02-17 10:25:00	2011-02-17 10:28:00	2011-02-17 10:32:00	C2.6	11158.0	POINT(41 -21)	-21	41	602.0	-268.0
31370	2011-02-17 10:38:00	2011-02-17 10:44:00	2011-02-17 10:49:00	C2.2		POINT(43 -20)	-20	43	629.0	-266.0
31380	2011-02-17 12:33:00	2011-02-17 12:36:00	2011-02-17 12:39:00	C2.4	11158.0	POINT(46 -19)	-19	46	671.0	-240.0
31390	2011-02-17 15:49:00	2011-02-17 15:54:00	2011-02-17 16:04:00	C1.3	11158.0	POINT(50 -20)	-20	50	704.0	-271.0
31400	2011-02-17 21:30:00	2011-02-17 21:35:00	2011-02-17 21:40:00	C1.1	11158.0	POINT(45 -18)	-18	45	662.0	-234.0
31410	2011-02-18 01:02:00	2011-02-18 01:08:00	2011-02-18 01:14:00	C1.7	11158.0	POINT(54 -16)	-16	54	761.0	-207.0
31420	2011-02-18 03:20:00	2011-02-18 03:29:00	2011-02-18 03:40:00	C2.0	11161.0	POINT(-5 19)	19	-5	-90.0	433.0
31430	2011-02-18 04:44:00	2011-02-18 04:51:00	2011-02-18 05:01:00	C4.0	11161.0	POINT(-4 19)	19	-4	-72.0	434.0
31440	2011-02-18 06:27:00	2011-02-18 06:33:00	2011-02-18 06:39:00	C8.5	11158.0	POINT(52 -20)	-20	52	726.0	-265.0
31450	2011-02-18 07:13:00	2011-02-18 07:24:00	2011-02-18 07:38:00	C7.6	11162.0	POINT(-4 18)	18	-4	-65.0	417.0
31460	2011-02-18 09:03:00	2011-02-18 09:11:00	2011-02-18 09:19:00	C4.2	11162.0	POINT(-2 19)	19	-2	-34.0	432.0
31470	2011-02-18 09:55:00	2011-02-18 10:00:00	2011-02-18 10:11:00	M6.6	11158.0	POINT(55 -21)	-21	55	744.0	-285.0
31480	2011-02-18 10:23:00	2011-02-18 10:26:00	2011-02-18 10:37:00	M1.0	11162.0	POINT(-2 18)	18	-2	-41.0	419.0
31490	2011-02-18 12:16:00	2011-02-18 12:20:00	2011-02-18 12:24:00	C3.0	11162.0	POINT(57 -20)	-20	57	768.0	-275.0
31500	2011-02-18 12:59:00	2011-02-18 13:03:00	2011-02-18 13:06:00	M1.4	11158.0	POINT(55 -21)	-21	55	751.0	-287.0
31510	2011-02-18 14:00:00	2011-02-18 14:08:00	2011-02-18 14:15:00	M1.0	11162.0	POINT(0 19)	19	0	9.0	437.0
31520	2011-02-18 14:27:00	2011-02-18 14:32:00	2011-02-18 14:35:00	C4.0	11158.0	POINT(-7 -83)	-83	-7	-17.0	1090.0
31530	2011-02-18 14:57:00	2011-02-18 15:05:00	2011-02-18 15:09:00	C5.0	11158.0	POINT(59 -20)	-20	59	782.0	-282.0
31540	2011-02-18 15:48:00	2011-02-18 15:55:00	2011-02-18 15:59:00	C5.5	11162.0	POINT(58 -20)	-20	58	774.0	-288.0
31550	2011-02-18 16:36:00	2011-02-18 16:39:00	2011-02-18 16:41:00	C2.3	11162.0	POINT(4 20)	20	4	63.0	443.0
31560	2011-02-18 16:42:00	2011-02-18 16:45:00	2011-02-18 16:53:00	C2.1	11162.0	POINT(2 19)	19	2	34.0	426.0
31570	2011-02-18 17:48:00	2011-02-18 17:53:00	2011-02-18 18:02:00	C3.8	11162.0	POINT(59 -20)	-20	59	785.0	-288.0
31580	2011-02-18 18:13:00	2011-02-18 18:21:00	2011-02-18 18:25:00	C3.2	11158.0	POINT(62 -17)	-17	62	821.0	-240.0
31590	2011-02-18 19:02:00	2011-02-18 19:06:00	2011-02-18 19:18:00	C7.0	11161.0	POINT(3 19)	19	3	59.0	433.0
31600	2011-02-18 20:56:00	2011-02-18 21:04:00	2011-02-18 21:14:00	M1.3	11162.0	POINT(3 18)	18	3	59.0	412.0
31610	2011-02-19 01:33:00	2011-02-19 01:37:00	2011-02-19 01:41:00	C1.3	11158.0	POINT(65 -20)	-20	65	824.0	-299.0
31620	2011-02-19 02:21:00	2011-02-19 02:25:00	2011-02-19 02:30:00	C1.8	11158.0	POINT(70 -16)	-16	70	876.0	-239.0
31630	2011-02-19 02:56:00	2011-02-19 03:03:00	2011-02-19 03:11:00	C3.4	11161.0	POINT(7 18)	18	7	121.0	419.0
31640	2011-02-19 06:57:00	2011-02-19 07:05:00	2011-02-19 07:14:00	C2.6	11162.0	POINT(9 17)	17	9	155.0	409.0
31650	2011-02-19 07:40:00	2011-02-19 07:44:00	2011-02-19 07:47:00	C1.9	11158.0	POINT(68 -21)	-21	68	841.0	-306.0
31660	2011-02-19 08:00:00	2011-02-19 08:04:00	2011-02-19 08:12:00	C8.5	11162.0	POINT(11 18)	18	11	182.0	415.0
31670	2011-02-19 12:20:00	2011-02-19 12:24:00	2011-02-19 12:34:00	C1.1	11162.0	POINT(-15 -83)	-83	-15	-34.0	1089.0
31680	2011-02-19 14:50:00	2011-02-19 14:53:00	2011-02-19 14:55:00	C1.0	11162.0	POINT(76 -17)	-17	76	903.0	-260.0
31690	2011-02-19 15:24:00	2011-02-19 15:29:00	2011-02-19 15:41:00	C1.5	11158.0	POINT(15 17)	17	15	245.0	406.0
31700	2011-02-19 16:26:00	2011-02-19 16:30:00	2011-02-19 16:32:00	C1.9	11158.0	POINT(-14 -83)	-83	-14	-33.0	1089.0
31710	2011-02-19 16:39:00	2011-02-19 16:43:00	2011-02-19 16:45:00	C6.1	11158.0	POINT(72 -20)	-20	72	870.0	-302.0
31720	2011-02-19 21:07:00	2011-02-19 21:13:00	2011-02-19 21:17:00	C1.9	11158.0	POINT(77 -20)	-20	77	888.0	-310.0
31730	2011-02-20 00:46:00	2011-02-20 01:23:00	2011-02-20 01:45:00	C1.2	11161.0	POINT(17 14)	14	17	276.0	345.0
31740	2011-02-20 02:45:00	2011-02-20 03:19:00	2011-02-20 03:31:00	C1.4	11162.0	POINT(14 16)	16	14	233.0	386.0
31750	2011-02-20 03:54:00	2011-02-20 03:57:00	2011-02-20 03:59:00	C1.7	11161.0	POINT(16 16)	16	16	269.0	387.0
31760	2011-02-20 06:25:00	2011-02-20 06:28:00	2011-02-20 06:30:00	B7.9		POINT(12 11)	11	12	205.0	303.0
31770	2011-02-20 17:46:00	2011-02-20 18:37:00	2011-02-20 19:09:00	B6.2	11161.0	POINT(22 15)	15	22	353.0	366.0
31780	2011-02-20 19:40:00	2011-02-20 19:52:00	2011-02-20 20:02:00	B6.8	11161.0	POINT(87 -21)	-21	87	908.0	-353.0
31790	2011-02-20 23:00:00	2011-02-20 23:03:00	2011-02-20 23:06:00	B3.2	11161.0	POINT(87 -20)	-20	87	909.0	-343.0
31800	2011-02-20 23:31:00	2011-02-20 23:36:00	2011-02-20 23:49:00	B5.2	11161.0	POINT(28 14)	14	28	456.0	339.0
31810	2011-02-21 01:41:00	2011-02-21 01:46:00	2011-02-21 01:50:00	B8.8	11161.0	POINT(87 -20)	-20	87	915.0	-345.0
31820	2011-02-21 02:13:00	2011-02-21 02:24:00	2011-02-21 02:27:00	C4.6	11158.0	POINT(87 -20)	-20	87	918.0	-348.0
31830	2011-02-21 03:10:00	2011-02-21 03:15:00	2011-02-21 03:18:00	C1.8	11158.0	POINT(87 -20)	-20	87	920.0	-347.0
31840	2011-02-21 04:04:00	2011-02-21 04:10:00	2011-02-21 04:13:00	C1.5	11158.0	POINT(87 -20)	-20	87	911.0	-347.0
31850	2011-02-21 05:00:00	2011-02-21 05:06:00	2011-02-21 05:08:00	C4.1	11158.0	POINT(87 -20)	-20	87	910.0	-347.0
31860	2011-02-21 06:02:00	2011-02-21 06:10:00	2011-02-21 06:14:00	C4.3		POINT(87 -20)	-20	87	909.0	-346.0
31870	2011-02-21 09:01:00	2011-02-21 09:06:00	2011-02-21 09:09:00	C2.7	11158.0	POINT(87 -20)	-20	87	912.0	-348.0
31880	2011-02-21 10:00:00	2011-02-21 10:04:00	2011-02-21 10:07:00	C1.8	11158.0	POINT(87 -21)	-21	87	903.0	-352.0
31890	2011-02-21 10:08:00	2011-02-21 10:12:00	2011-02-21 10:15:00	C7.8	11158.0	POINT(87 -21)	-21	87	919.0	-358.0
31900	2011-02-21 15:39:00	2011-02-21 15:44:00	2011-02-21 15:55:00	C1.5	11158.0	POINT(87 -21)	-21	87	907.0	-354.0
31910	2011-02-21 18:25:00	2011-02-21 18:35:00	2011-02-21 18:47:00	C1.4	11161.0	POINT(87 -21)	-21	87	914.0	-362.0
31920	2011-02-22 10:33:00	2011-02-22 10:48:00	2011-02-22 11:12:00	B6.5	11161.0	POINT(86 -30)	-30	86	843.0	-495.0
31930	2011-02-22 12:15:00	2011-02-22 12:19:00	2011-02-22 12:22:00	B3.5	11161.0	POINT(50 18)	18	50	716.0	375.0
31940	2011-02-22 14:34:00	2011-02-22 14:38:00	2011-02-22 14:42:00	B2.7	11161.0	POINT(51 11)	11	51	743.0	263.0
31950	2011-02-23 09:35:00	2011-02-23 09:39:00	2011-02-23 09:47:00	B3.1	11161.0	POINT(63 17)	17	63	831.0	341.0
31960	2011-02-23 10:24:00	2011-02-23 10:28:00	2011-02-23 10:33:00	B3.7	11161.0	POINT(66 18)	18	66	843.0	353.0
31970	2011-02-23 11:10:00	2011-02-23 11:18:00	2011-02-23 11:25:00	B6.1	11161.0	POINT(66 18)	18	66	843.0	357.0
31980	2011-02-23 12:15:00	2011-02-23 12:23:00	2011-02-23 12:29:00	C1.2	11161.0	POINT(62 12)	12	62	842.0	263.0
31990	2011-02-23 18:35:00	2011-02-23 18:45:00	2011-02-23 19:10:00	B9.9		POINT(66 11)	11	66	869.0	245.0
32000	2011-02-24 02:49:00	2011-02-24 02:53:00	2011-02-24 02:57:00	B3.9	11161.0	POINT(75 19)	19	75	882.0	354.0
32010	2011-02-24 07:23:00	2011-02-24 07:35:00	2011-02-24 07:42:00	M3.5	11163.0	POINT(-87 15)	15	-87	-937.0	267.0
32020	2011-02-24 13:47:00	2011-02-24 13:53:00	2011-02-24 13:56:00	C1.8	11163.0	POINT(-84 16)	16	-84	-925.0	283.0
32030	2011-02-24 17:12:00	2011-02-24 17:40:00	2011-02-24 17:51:00	B8.5	11163.0	POINT(79 11)	11	79	935.0	207.0
32040	2011-02-24 18:20:00	2011-02-24 18:23:00	2011-02-24 18:41:00	B5.9		POINT(-87 14)	14	-87	-940.0	253.0
32050	2011-02-24 18:56:00	2011-02-24 19:00:00	2011-02-24 19:08:00	B9.1		POINT(-83 21)	21	-83	-899.0	357.0
32060	2011-02-24 19:34:00	2011-02-24 19:38:00	2011-02-24 19:43:00	C2.7	11163.0	POINT(-1 -83)	-83	-1	-4.0	1089.0
32070	2011-02-24 19:50:00	2011-02-24 19:53:00	2011-02-24 19:58:00	B9.2	11163.0	POINT(82 12)	12	82	938.0	225.0
32080	2011-02-25 01:38:00	2011-02-25 01:42:00	2011-02-25 01:45:00	B4.8	11163.0	POINT(-74 16)	16	-74	-896.0	308.0
32090	2011-02-25 03:22:00	2011-02-25 03:25:00	2011-02-25 03:33:00	B4.2	11163.0	POINT(-73 17)	17	-73	-884.0	326.0
32100	2011-02-25 05:15:00	2011-02-25 05:18:00	2011-02-25 05:22:00	C1.4	11163.0	POINT(-14 -82)	-82	-14	-33.0	1088.0
32110	2011-02-25 05:40:00	2011-02-25 05:44:00	2011-02-25 05:46:00	C1.6	11163.0	POINT(-85 27)	27	-85	-858.0	456.0
32120	2011-02-25 10:53:00	2011-02-25 10:58:00	2011-02-25 11:07:00	B6.2	11164.0	POINT(-86 25)	25	-86	-876.0	416.0
32130	2011-02-25 17:18:00	2011-02-25 17:29:00	2011-02-25 17:37:00	C1.1	11164.0	POINT(-79 24)	24	-79	-864.0	423.0
32140	2011-02-25 18:57:00	2011-02-25 19:01:00	2011-02-25 19:04:00	B4.5		POINT(-79 26)	26	-79	-849.0	454.0
32150	2011-02-25 22:29:00	2011-02-25 22:33:00	2011-02-25 22:46:00	B5.2	11163.0	POINT(-82 28)	28	-82	-844.0	471.0
32160	2011-02-26 00:07:00	2011-02-26 00:10:00	2011-02-26 00:12:00	B4.3	11164.0	POINT(-76 28)	28	-76	-828.0	483.0
32170	2011-02-26 00:54:00	2011-02-26 00:59:00	2011-02-26 01:03:00	B9.0	11163.0	POINT(-79 27)	27	-79	-846.0	459.0
32180	2011-02-26 01:18:00	2011-02-26 01:21:00	2011-02-26 01:23:00	B4.6	11164.0	POINT(-73 26)	26	-73	-826.0	467.0
32190	2011-02-26 05:03:00	2011-02-26 05:10:00	2011-02-26 05:20:00	B8.9	11164.0	POINT(-75 27)	27	-75	-829.0	477.0
32200	2011-02-26 06:16:00	2011-02-26 06:19:00	2011-02-26 06:34:00	B7.0		POINT(-72 25)	25	-72	-833.0	450.0
32210	2011-02-26 07:32:00	2011-02-26 07:35:00	2011-02-26 07:38:00	B4.5	11164.0	POINT(-58 16)	16	-58	-791.0	336.0
32220	2011-02-26 08:09:00	2011-02-26 08:13:00	2011-02-26 08:15:00	C1.3	11164.0	POINT(-70 27)	27	-70	-810.0	477.0
32230	2011-02-26 09:35:00	2011-02-26 09:39:00	2011-02-26 09:43:00	B3.7	11164.0	POINT(-67 25)	25	-67	-809.0	451.0
32240	2011-02-26 14:33:00	2011-02-26 15:15:00	2011-02-26 15:50:00	B7.1	11163.0	POINT(-52 14)	14	-52	-744.0	320.0
32250	2011-02-26 14:34:00	2011-02-26 16:15:00	2011-02-26 16:42:00	B8.3	11163.0	POINT(-65 16)	16	-65	-845.0	316.0
32260	2011-02-26 19:20:00	2011-02-26 19:24:00	2011-02-26 19:26:00	B3.9	11164.0	POINT(-66 24)	24	-66	-807.0	447.0
32270	2011-02-26 20:46:00	2011-02-26 20:50:00	2011-02-26 20:52:00	B4.3	11163.0	POINT(-52 16)	16	-52	-742.0	342.0
32280	2011-02-26 23:23:00	2011-02-26 23:30:00	2011-02-26 23:41:00	B5.7	11164.0	POINT(-62 23)	23	-62	-783.0	442.0
32290	2011-02-27 00:41:00	2011-02-27 00:59:00	2011-02-27 01:14:00	B7.3	11164.0	POINT(-86 21)	21	-86	-915.0	358.0
32300	2011-02-27 03:49:00	2011-02-27 03:55:00	2011-02-27 03:58:00	C4.2	11164.0	POINT(-58 26)	26	-58	-735.0	491.0
32310	2011-02-27 05:04:00	2011-02-27 05:11:00	2011-02-27 05:15:00	B2.7	11164.0	POINT(-64 28)	28	-64	-768.0	503.0
32320	2011-02-27 06:21:00	2011-02-27 06:28:00	2011-02-27 06:28:00	B1.9		POINT(-40 -22)	-22	-40	-585.0	-284.0
32330	2011-02-27 07:55:00	2011-02-27 07:57:00	2011-02-27 08:00:00	B2.8	11164.0	POINT(-64 29)	29	-64	-757.0	525.0
32340	2011-02-27 14:30:00	2011-02-27 14:42:00	2011-02-27 14:49:00	B6.1	11164.0	POINT(-52 24)	24	-52	-701.0	472.0
32350	2011-02-27 15:47:00	2011-02-27 15:53:00	2011-02-27 15:59:00	B7.2	11164.0	POINT(-52 24)	24	-52	-697.0	467.0
32360	2011-02-27 17:14:00	2011-02-27 17:18:00	2011-02-27 17:22:00	B2.9	11164.0	POINT(-54 23)	23	-54	-723.0	455.0
32370	2011-02-27 21:17:00	2011-02-27 21:34:00	2011-02-27 21:43:00	B7.7	11164.0	POINT(-52 26)	26	-52	-686.0	496.0
32380	2011-02-27 22:21:00	2011-02-27 22:24:00	2011-02-27 22:26:00	B6.8	11164.0	POINT(-49 27)	27	-49	-653.0	519.0
32390	2011-02-28 01:44:00	2011-02-28 01:50:00	2011-02-28 01:55:00	B5.0	11164.0	POINT(-50 27)	27	-50	-663.0	510.0
32400	2011-02-28 02:10:00	2011-02-28 02:14:00	2011-02-28 02:18:00	B5.0	11164.0	POINT(-49 27)	27	-49	-659.0	507.0
32410	2011-02-28 04:17:00	2011-02-28 04:28:00	2011-02-28 04:34:00	B7.9	11164.0	POINT(-49 27)	27	-49	-651.0	515.0
32420	2011-02-28 05:24:00	2011-02-28 05:33:00	2011-02-28 05:40:00	C1.7	11164.0	POINT(-48 27)	27	-48	-643.0	515.0
32430	2011-02-28 06:30:00	2011-02-28 06:38:00	2011-02-28 06:49:00	C1.1	11164.0	POINT(-48 27)	27	-48	-639.0	520.0
32440	2011-02-28 07:01:00	2011-02-28 07:10:00	2011-02-28 07:16:00	C2.0	11164.0	POINT(-46 27)	27	-46	-621.0	519.0
32450	2011-02-28 07:34:00	2011-02-28 07:38:00	2011-02-28 07:40:00	C2.4	11164.0	POINT(-45 24)	24	-45	-630.0	470.0
32460	2011-02-28 09:38:00	2011-02-28 09:52:00	2011-02-28 10:03:00	C1.5	11164.0	POINT(-46 27)	27	-46	-620.0	519.0
32470	2011-02-28 10:25:00	2011-02-28 10:29:00	2011-02-28 10:37:00	B5.5	11164.0	POINT(-46 27)	27	-46	-621.0	515.0
32480	2011-02-28 12:02:00	2011-02-28 12:07:00	2011-02-28 12:18:00	C1.2	11164.0	POINT(-44 27)	27	-44	-603.0	519.0
32490	2011-02-28 12:38:00	2011-02-28 12:52:00	2011-02-28 13:03:00	M1.1	11164.0	POINT(-41 26)	26	-41	-570.0	518.0
32500	2011-02-28 15:44:00	2011-02-28 15:45:00	2011-02-28 15:52:00	C1.0	11164.0	POINT(-47 30)	30	-47	-618.0	557.0
32510	2011-02-28 20:11:00	2011-02-28 20:16:00	2011-02-28 20:19:00	B7.3		POINT(-41 27)	27	-41	-570.0	525.0
32520	2011-02-28 21:15:00	2011-02-28 21:31:00	2011-02-28 21:46:00	C1.7	11164.0	POINT(-33 25)	25	-33	-479.0	501.0
32530	2011-02-28 23:11:00	2011-03-01 00:05:00	2011-03-01 00:27:00	C1.6		POINT(-67 24)	24	-67	-812.0	446.0
32540	2011-03-01 02:30:00	2011-03-01 04:13:00	2011-03-01 04:40:00	C6.0	11164.0	POINT(-31 26)	26	-31	-458.0	526.0
32550	2011-03-01 08:52:00	2011-03-01 09:18:00	2011-03-01 09:34:00	C2.9	11164.0	POINT(-35 32)	32	-35	-475.0	596.0
32560	2011-03-01 14:35:00	2011-03-01 14:38:00	2011-03-01 14:40:00	C1.1	11164.0	POINT(-30 26)	26	-30	-437.0	528.0
32570	2011-03-01 16:25:00	2011-03-01 16:47:00	2011-03-01 16:59:00	C1.0	11164.0	POINT(-28 26)	26	-28	-410.0	530.0
32580	2011-03-01 17:42:00	2011-03-01 17:47:00	2011-03-01 17:54:00	C1.3	11164.0	POINT(-21 24)	24	-21	-324.0	499.0
32590	2011-03-01 18:06:00	2011-03-01 18:19:00	2011-03-01 18:26:00	C1.0	11164.0	POINT(-34 28)	28	-34	-485.0	547.0
32600	2011-03-01 18:51:00	2011-03-01 18:55:00	2011-03-01 18:58:00	B9.8	11164.0	POINT(-23 24)	24	-23	-356.0	504.0
32610	2011-03-01 19:34:00	2011-03-01 19:57:00	2011-03-01 20:17:00	C1.6		POINT(-8 -22)	-22	-8	-140.0	-258.0
32620	2011-03-02 10:02:00	2011-03-02 10:06:00	2011-03-02 10:10:00	B8.8		POINT(-15 24)	24	-15	-239.0	504.0
32630	2011-03-02 13:11:00	2011-03-02 13:18:00	2011-03-02 13:21:00	C1.4	11164.0	POINT(-14 24)	24	-14	-217.0	510.0
32640	2011-03-03 11:29:00	2011-03-03 11:34:00	2011-03-03 11:43:00	C1.2		POINT(-79 7)	7	-79	-944.0	146.0
32650	2011-03-03 14:12:00	2011-03-03 14:20:00	2011-03-03 14:31:00	C5.4	11164.0	POINT(-1 22)	22	-1	-15.0	477.0
32660	2011-03-03 19:24:00	2011-03-03 19:36:00	2011-03-03 19:44:00	C1.2	11164.0	POINT(1 22)	22	1	15.0	484.0
32670	2011-03-03 20:27:00	2011-03-03 20:30:00	2011-03-03 20:32:00	C1.3	11164.0	POINT(-22 -82)	-82	-22	-53.0	1086.0
32680	2011-03-03 23:24:00	2011-03-03 23:34:00	2011-03-03 23:46:00	C2.0	11164.0	POINT(6 21)	21	6	96.0	461.0
32690	2011-03-03 23:53:00	2011-03-03 23:58:00	2011-03-04 00:04:00	C2.1	11164.0	POINT(5 22)	22	5	79.0	475.0
32700	2011-03-04 13:57:00	2011-03-04 14:00:00	2011-03-04 14:03:00	C1.7	11164.0	POINT(15 23)	23	15	236.0	498.0
32710	2011-03-04 17:15:00	2011-03-04 17:19:00	2011-03-04 17:23:00	C1.0	11163.0	POINT(30 18)	18	30	469.0	399.0
32720	2011-03-05 00:00:00	2011-03-05 00:04:00	2011-03-05 00:06:00	B7.7		POINT(41 -18)	-18	41	613.0	-221.0
32730	2011-03-05 01:05:00	2011-03-05 01:10:00	2011-03-05 01:12:00	C2.2	11165.0	POINT(43 -17)	-17	43	632.0	-204.0
32740	2011-03-05 02:40:00	2011-03-05 02:44:00	2011-03-05 02:49:00	C1.6	11165.0	POINT(44 -18)	-18	44	643.0	-219.0
32750	2011-03-05 05:19:00	2011-03-05 05:22:00	2011-03-05 05:24:00	C1.2	11165.0	POINT(22 23)	23	22	343.0	483.0
32760	2011-03-05 05:41:00	2011-03-05 06:39:00	2011-03-05 06:39:00	B6.3		POINT(47 -19)	-19	47	669.0	-240.0
32770	2011-03-05 09:01:00	2011-03-05 09:08:00	2011-03-05 09:15:00	C2.2	11165.0	POINT(48 -18)	-18	48	686.0	-222.0
32780	2011-03-05 10:13:00	2011-03-05 10:17:00	2011-03-05 10:21:00	C1.4	11165.0	POINT(48 -18)	-18	48	690.0	-228.0
32790	2011-03-05 11:42:00	2011-03-05 11:49:00	2011-03-05 11:58:00	C1.6	11165.0	POINT(49 -17)	-17	49	705.0	-221.0
32800	2011-03-05 12:06:00	2011-03-05 12:10:00	2011-03-05 12:14:00	C1.2	11165.0	POINT(50 -18)	-18	50	713.0	-236.0
32810	2011-03-05 12:24:00	2011-03-05 12:26:00	2011-03-05 12:29:00	C1.0	11165.0	POINT(-86 21)	21	-86	-897.0	358.0
32820	2011-03-05 12:40:00	2011-03-05 12:41:00	2011-03-05 12:42:00	C1.0	11163.0	POINT(50 -18)	-18	50	707.0	-225.0
32830	2011-03-05 12:46:00	2011-03-05 12:48:00	2011-03-05 12:53:00	C1.1	11163.0	POINT(50 -18)	-18	50	708.0	-225.0
32840	2011-03-05 13:30:00	2011-03-05 13:41:00	2011-03-05 13:52:00	C1.3	11165.0	POINT(-51 13)	13	-51	-741.0	293.0
32850	2011-03-05 14:22:00	2011-03-05 14:25:00	2011-03-05 14:30:00	C1.0	11165.0	POINT(53 -18)	-18	53	735.0	-237.0
32860	2011-03-05 20:05:00	2011-03-05 20:10:00	2011-03-05 20:16:00	C1.4	11164.0	POINT(29 22)	22	29	435.0	470.0
32870	2011-03-05 20:51:00	2011-03-05 21:44:00	2011-03-05 21:53:00	C2.9	11169.0	POINT(-76 23)	23	-76	-861.0	410.0
32880	2011-03-06 00:23:00	2011-03-06 00:26:00	2011-03-06 00:29:00	C1.6		POINT(33 24)	24	33	490.0	496.0
32890	2011-03-06 01:29:00	2011-03-06 01:33:00	2011-03-06 01:37:00	C1.8	11164.0	POINT(34 25)	25	34	492.0	510.0
32900	2011-03-06 02:03:00	2011-03-06 02:08:00	2011-03-06 02:11:00	C2.1	11165.0	POINT(57 -18)	-18	57	770.0	-244.0
32910	2011-03-06 03:37:00	2011-03-06 03:41:00	2011-03-06 03:51:00	C3.7	11165.0	POINT(57 -18)	-18	57	773.0	-240.0
32920	2011-03-06 04:07:00	2011-03-06 04:15:00	2011-03-06 04:20:00	C1.8	11164.0	POINT(35 25)	25	35	516.0	497.0
32930	2011-03-06 04:33:00	2011-03-06 04:44:00	2011-03-06 04:48:00	C1.7	11164.0	POINT(62 -18)	-18	62	815.0	-245.0
32940	2011-03-06 05:28:00	2011-03-06 05:32:00	2011-03-06 05:36:00	C4.6	11164.0	POINT(34 22)	22	34	504.0	461.0
32950	2011-03-06 06:59:00	2011-03-06 07:01:00	2011-03-06 07:07:00	C2.8	11164.0	POINT(38 23)	23	38	546.0	479.0
32960	2011-03-06 07:30:00	2011-03-06 07:33:00	2011-03-06 07:35:00	C2.4	11164.0	POINT(33 22)	22	33	500.0	457.0
32970	2011-03-06 08:30:00	2011-03-06 08:33:00	2011-03-06 08:37:00	C1.6	11165.0	POINT(34 25)	25	34	500.0	506.0
32980	2011-03-06 08:49:00	2011-03-06 08:56:00	2011-03-06 09:07:00	C2.6	11165.0	POINT(61 -18)	-18	61	809.0	-248.0
32990	2011-03-06 09:54:00	2011-03-06 10:01:00	2011-03-06 10:06:00	C3.1	11164.0	POINT(35 22)	22	35	523.0	453.0
33000	2011-03-06 10:31:00	2011-03-06 10:40:00	2011-03-06 10:55:00	C7.5	11165.0	POINT(62 -18)	-18	62	816.0	-248.0
33010	2011-03-06 11:56:00	2011-03-06 12:09:00	2011-03-06 12:12:00	C5.1	11166.0	POINT(36 22)	22	36	537.0	454.0
33020	2011-03-06 13:31:00	2011-03-06 13:50:00	2011-03-06 14:16:00	C6.0	11169.0	POINT(-66 20)	20	-66	-828.0	383.0
33030	2011-03-06 14:41:00	2011-03-06 14:44:00	2011-03-06 14:47:00	C8.6	11164.0	POINT(39 22)	22	39	567.0	461.0
33040	2011-03-06 15:21:00	2011-03-06 15:27:00	2011-03-06 15:30:00	C3.9	11166.0	POINT(-36 6)	6	-36	-577.0	206.0
33050	2011-03-06 16:02:00	2011-03-06 16:19:00	2011-03-06 16:22:00	C4.7	11164.0	POINT(38 22)	22	38	562.0	451.0
33060	2011-03-06 16:25:00	2011-03-06 16:30:00	2011-03-06 16:33:00	C6.9	11164.0	POINT(39 22)	22	39	574.0	455.0
33070	2011-03-06 19:32:00	2011-03-06 19:37:00	2011-03-06 19:41:00	C2.3	11164.0	POINT(40 22)	22	40	588.0	447.0
33080	2011-03-06 21:17:00	2011-03-06 21:21:00	2011-03-06 21:25:00	C1.4		POINT(43 22)	22	43	612.0	455.0
33090	2011-03-06 21:51:00	2011-03-06 21:57:00	2011-03-06 22:05:00	C1.4	11165.0	POINT(70 -18)	-18	70	866.0	-266.0
33100	2011-03-06 23:33:00	2011-03-06 23:35:00	2011-03-06 23:37:00	C2.2	11165.0	POINT(69 -18)	-18	69	860.0	-268.0
33110	2011-03-07 02:02:00	2011-03-07 02:12:00	2011-03-07 02:22:00	C3.0	11165.0	POINT(72 -17)	-17	72	877.0	-257.0
33120	2011-03-07 04:20:00	2011-03-07 04:30:00	2011-03-07 04:39:00	C5.0	11165.0	POINT(70 -18)	-18	70	863.0	-269.0
33130	2011-03-07 05:00:00	2011-03-07 05:13:00	2011-03-07 05:19:00	M1.2	11164.0	POINT(47 23)	23	47	654.0	456.0
33140	2011-03-07 07:11:00	2011-03-07 07:18:00	2011-03-07 07:30:00	C3.6	11165.0	POINT(76 -17)	-17	76	899.0	-254.0
33150	2011-03-07 07:49:00	2011-03-07 07:54:00	2011-03-07 07:59:00	M1.6	11165.0	POINT(75 -18)	-18	75	890.0	-270.0
33160	2011-03-07 07:59:00	2011-03-07 08:07:00	2011-03-07 08:15:00	M1.4	11164.0	POINT(46 27)	27	46	626.0	516.0
33170	2011-03-07 09:14:00	2011-03-07 09:15:00	2011-03-07 09:20:00	M1.8	11164.0	POINT(77 -17)	-17	77	900.0	-262.0
33180	2011-03-07 10:16:00	2011-03-07 10:21:00	2011-03-07 10:27:00	C4.9	11164.0	POINT(49 26)	26	49	659.0	497.0
33190	2011-03-07 13:45:00	2011-03-07 14:00:00	2011-03-07 14:11:00	M1.7	11165.0	POINT(-21 11)	11	-21	-344.0	301.0
33200	2011-03-07 16:05:00	2011-03-07 16:09:00	2011-03-07 16:12:00	C5.1	11165.0	POINT(78 -16)	-16	78	909.0	-252.0
33210	2011-03-07 18:18:00	2011-03-07 18:23:00	2011-03-07 18:23:00	C7.6	11165.0	POINT(79 -17)	-17	79	904.0	-275.0
33220	2011-03-07 19:43:00	2011-03-07 20:01:00	2011-03-07 20:12:00	M3.7	11164.0	POINT(48 30)	30	48	624.0	554.0
33230	2011-03-07 21:45:00	2011-03-07 21:50:00	2011-03-07 21:55:00	M1.5	11165.0	POINT(82 -17)	-17	82	912.0	-280.0
33240	2011-03-08 00:14:00	2011-03-08 00:15:00	2011-03-08 00:19:00	C4.7	11165.0	POINT(84 -18)	-18	84	914.0	-288.0
33250	2011-03-08 02:24:00	2011-03-08 02:29:00	2011-03-08 02:32:00	M1.3	11165.0	POINT(80 -18)	-18	80	904.0	-282.0
33260	2011-03-08 03:37:00	2011-03-08 03:45:00	2011-03-08 03:58:00	M1.5	11171.0	POINT(-72 -21)	-21	-72	-856.0	-319.0
33270	2011-03-08 05:04:00	2011-03-08 05:08:00	2011-03-08 05:12:00	C5.5	11165.0	POINT(77 -18)	-18	77	897.0	-277.0
33280	2011-03-08 09:32:00	2011-03-08 09:35:00	2011-03-08 09:39:00	C4.7	11170.0	POINT(60 -27)	-27	60	745.0	-395.0
33290	2011-03-08 10:35:00	2011-03-08 10:44:00	2011-03-08 10:44:00	M5.3	11165.0	POINT(88 -17)	-17	88	924.0	-285.0
33300	2011-03-08 18:08:00	2011-03-08 18:28:00	2011-03-08 18:28:00	M4.4	11165.0	POINT(88 -17)	-17	88	929.0	-291.0
33310	2011-03-08 19:35:00	2011-03-08 20:16:00	2011-03-08 21:35:00	M1.5	11165.0	POINT(87 -19)	-19	87	940.0	-333.0
33320	2011-03-08 23:10:00	2011-03-08 23:14:00	2011-03-08 23:19:00	C7.7	11166.0	POINT(-2 7)	7	-2	-38.0	252.0
33330	2011-03-08 23:32:00	2011-03-08 23:37:00	2011-03-08 23:40:00	C8.8	11165.0	POINT(87 -18)	-18	87	928.0	-304.0
33340	2011-03-09 01:52:00	2011-03-09 01:58:00	2011-03-09 02:07:00	C5.6	11164.0	POINT(87 -17)	-17	87	936.0	-303.0
33350	2011-03-09 02:30:00	2011-03-09 02:31:00	2011-03-09 02:36:00	C6.4	11171.0	POINT(70 -26)	-26	70	813.0	-391.0
33360	2011-03-09 08:23:00	2011-03-09 08:31:00	2011-03-09 08:41:00	C4.0	11171.0	POINT(71 27)	27	71	812.0	479.0
33370	2011-03-09 10:35:00	2011-03-09 10:43:00	2011-03-09 10:55:00	C7.3	11171.0	POINT(11 8)	8	11	183.0	267.0
33380	2011-03-09 13:17:00	2011-03-09 13:30:00	2011-03-09 13:30:00	C7.6	11171.0	POINT(78 -26)	-26	78	847.0	-405.0
33390	2011-03-09 15:42:00	2011-03-09 15:43:00	2011-03-09 15:53:00	C2.6	11170.0	POINT(81 24)	24	81	870.0	411.0
33400	2011-03-09 16:42:00	2011-03-09 16:45:00	2011-03-09 16:53:00	C2.7	11169.0	POINT(81 24)	24	81	867.0	417.0
33410	2011-03-09 21:03:00	2011-03-09 21:10:00	2011-03-09 21:22:00	C5.0	11165.0	POINT(-21 20)	20	-21	-330.0	442.0
33420	2011-03-09 21:35:00	2011-03-09 21:42:00	2011-03-09 21:45:00	C2.9	11170.0	POINT(80 -26)	-26	80	853.0	-411.0
33430	2011-03-09 22:03:00	2011-03-09 22:12:00	2011-03-09 22:14:00	C9.4	11166.0	POINT(4 7)	7	4	69.0	252.0
33440	2011-03-09 23:13:00	2011-03-09 23:16:00	2011-03-09 23:23:00	X1.5	11166.0	POINT(11 8)	8	11	196.0	252.0
33450	2011-03-10 03:50:00	2011-03-10 03:58:00	2011-03-10 03:58:00	C2.9	11166.0	POINT(12 8)	8	12	204.0	255.0
33460	2011-03-10 09:07:00	2011-03-10 09:13:00	2011-03-10 09:27:00	C2.4	11170.0	POINT(86 -25)	-25	86	869.0	-424.0
33470	2011-03-10 13:19:00	2011-03-10 13:25:00	2011-03-10 13:34:00	C4.2	11166.0	POINT(86 -26)	-26	86	871.0	-432.0
33480	2011-03-10 13:42:00	2011-03-10 13:45:00	2011-03-10 13:50:00	C4.7	11166.0	POINT(19 12)	12	19	318.0	326.0
33490	2011-03-10 14:21:00	2011-03-10 14:24:00	2011-03-10 14:28:00	C2.0	11166.0	POINT(20 8)	8	20	332.0	259.0
33500	2011-03-10 19:00:00	2011-03-10 19:07:00	2011-03-10 19:17:00	C4.0		POINT(21 6)	6	21	351.0	225.0
33510	2011-03-10 22:34:00	2011-03-10 22:41:00	2011-03-10 22:49:00	M1.1		POINT(25 8)	8	25	407.0	250.0
33520	2011-03-11 00:29:00	2011-03-11 00:30:00	2011-03-11 00:33:00	C1.4		POINT(22 7)	7	22	370.0	229.0
33530	2011-03-11 01:46:00	2011-03-11 01:50:00	2011-03-11 01:57:00	C1.1		POINT(26 7)	7	26	423.0	238.0
33540	2011-03-11 02:24:00	2011-03-11 02:29:00	2011-03-11 02:36:00	C2.8	11166.0	POINT(26 13)	13	26	424.0	329.0
33550	2011-03-11 04:15:00	2011-03-11 04:16:00	2011-03-11 04:32:00	C5.5	11166.0	POINT(26 10)	10	26	425.0	288.0
33560	2011-03-11 07:22:00	2011-03-11 07:27:00	2011-03-11 07:32:00	C4.3	11166.0	POINT(29 12)	12	29	466.0	306.0
33570	2011-03-11 08:13:00	2011-03-11 08:15:00	2011-03-11 08:18:00	C1.1		POINT(26 7)	7	26	436.0	227.0
33580	2011-03-11 11:10:00	2011-03-11 11:15:00	2011-03-11 11:22:00	C2.0	11166.0	POINT(32 8)	8	32	520.0	237.0
33590	2011-03-11 11:43:00	2011-03-11 11:46:00	2011-03-11 11:49:00	C3.6	11166.0	POINT(30 7)	7	30	493.0	228.0
33600	2011-03-11 16:04:00	2011-03-11 16:07:00	2011-03-11 16:10:00	C1.1	11166.0	POINT(36 10)	10	36	570.0	278.0
33610	2011-03-12 04:33:00	2011-03-12 04:43:00	2011-03-12 04:48:00	M1.3	11166.0	POINT(35 7)	7	35	553.0	216.0
33620	2011-03-12 09:04:00	2011-03-12 09:07:00	2011-03-12 09:09:00	B9.3	11169.0	POINT(4 23)	23	4	73.0	494.0
33630	2011-03-12 10:21:00	2011-03-12 10:27:00	2011-03-12 10:31:00	C2.2	11169.0	POINT(17 15)	15	17	281.0	375.0
33640	2011-03-12 12:22:00	2011-03-12 12:29:00	2011-03-12 12:37:00	C2.2	11166.0	POINT(46 8)	8	46	697.0	221.0
33650	2011-03-12 12:53:00	2011-03-12 13:00:00	2011-03-12 13:06:00	C7.0	11166.0	POINT(46 8)	8	46	699.0	221.0
33660	2011-03-12 15:19:00	2011-03-12 15:29:00	2011-03-12 15:34:00	C9.6	11166.0	POINT(41 6)	6	41	638.0	195.0
33670	2011-03-12 17:32:00	2011-03-12 17:38:00	2011-03-12 17:44:00	C1.2	11169.0	POINT(20 15)	15	20	322.0	372.0
33680	2011-03-12 17:58:00	2011-03-12 18:00:00	2011-03-12 18:04:00	C1.0	11166.0	POINT(46 8)	8	46	696.0	221.0
33690	2011-03-12 21:42:00	2011-03-12 21:45:00	2011-03-12 21:51:00	B9.0	11166.0	POINT(50 8)	8	50	734.0	218.0
33700	2011-03-12 22:20:00	2011-03-12 22:23:00	2011-03-12 22:25:00	C1.4	11169.0	POINT(24 15)	15	24	385.0	371.0
33710	2011-03-12 22:42:00	2011-03-12 22:45:00	2011-03-12 22:51:00	C2.2	11169.0	POINT(49 4)	4	49	728.0	162.0
33720	2011-03-13 01:42:00	2011-03-13 01:45:00	2011-03-13 01:52:00	B7.5	11169.0	POINT(24 17)	17	24	384.0	392.0
33730	2011-03-13 13:25:00	2011-03-13 13:30:00	2011-03-13 13:33:00	C6.7	11166.0	POINT(55 5)	5	55	789.0	167.0
33740	2011-03-13 14:36:00	2011-03-13 14:42:00	2011-03-13 14:44:00	C6.4	11166.0	POINT(60 11)	11	60	821.0	249.0
33750	2011-03-13 19:40:00	2011-03-13 19:44:00	2011-03-13 19:48:00	B7.1	11166.0	POINT(59 7)	7	59	829.0	189.0
33760	2011-03-13 21:50:00	2011-03-13 21:59:00	2011-03-13 21:59:00	C1.7	11169.0	POINT(34 17)	17	34	530.0	377.0
33770	2011-03-14 00:13:00	2011-03-14 00:15:00	2011-03-14 00:20:00	C4.0	11166.0	POINT(63 8)	8	63	853.0	203.0
33780	2011-03-14 01:33:00	2011-03-14 01:38:00	2011-03-14 01:42:00	B8.5	11166.0	POINT(66 11)	11	66	869.0	237.0
33790	2011-03-14 02:43:00	2011-03-14 02:45:00	2011-03-14 02:50:00	B6.3	11166.0	POINT(65 8)	8	65	866.0	197.0
33800	2011-03-14 05:04:00	2011-03-14 05:08:00	2011-03-14 05:13:00	C1.0	11169.0	POINT(42 15)	15	42	625.0	336.0
33810	2011-03-14 07:05:00	2011-03-14 07:11:00	2011-03-14 07:18:00	B9.9	11172.0	POINT(-24 9)	9	-24	-399.0	265.0
33820	2011-03-14 08:07:00	2011-03-14 08:15:00	2011-03-14 08:15:00	C1.4	11172.0	POINT(40 17)	17	40	604.0	372.0
33830	2011-03-14 10:36:00	2011-03-14 10:42:00	2011-03-14 10:51:00	B8.7	11169.0	POINT(45 15)	15	45	662.0	336.0
33840	2011-03-14 13:39:00	2011-03-14 13:42:00	2011-03-14 13:46:00	B9.7	11169.0	POINT(48 15)	15	48	699.0	336.0
33850	2011-03-14 16:02:00	2011-03-14 16:09:00	2011-03-14 16:17:00	C2.2	11169.0	POINT(45 17)	17	45	655.0	368.0
33860	2011-03-14 18:42:00	2011-03-14 18:45:00	2011-03-14 18:49:00	B7.6	11169.0	POINT(75 8)	8	75	922.0	173.0
33870	2011-03-14 19:14:00	2011-03-14 19:16:00	2011-03-14 19:23:00	B6.6	11169.0	POINT(75 9)	9	75	923.0	180.0
33880	2011-03-14 19:30:00	2011-03-14 19:38:00	2011-03-14 19:52:00	M4.2	11169.0	POINT(49 16)	16	49	708.0	341.0
33890	2011-03-14 22:55:00	2011-03-14 22:59:00	2011-03-14 22:59:00	B7.4	11169.0	POINT(50 15)	15	50	717.0	332.0
33900	2011-03-14 23:17:00	2011-03-14 23:24:00	2011-03-14 23:37:00	C5.2	11169.0	POINT(-38 13)	13	-38	-588.0	309.0
33910	2011-03-15 00:18:00	2011-03-15 00:22:00	2011-03-15 00:24:00	M1.0	11169.0	POINT(83 11)	11	83	938.0	210.0
33920	2011-03-15 03:06:00	2011-03-15 03:09:00	2011-03-15 03:12:00	B8.9	11169.0	POINT(56 14)	14	56	779.0	311.0
33930	2011-03-15 04:15:00	2011-03-15 04:16:00	2011-03-15 04:20:00	B7.5	11169.0	POINT(80 8)	8	80	941.0	167.0
33940	2011-03-15 05:04:00	2011-03-15 05:12:00	2011-03-15 05:18:00	C2.1	11166.0	POINT(-10 -82)	-82	-10	-24.0	1084.0
33950	2011-03-15 06:52:00	2011-03-15 06:57:00	2011-03-15 07:07:00	C1.4	11169.0	POINT(-10 -83)	-83	-10	-23.0	1084.0
33960	2011-03-15 08:07:00	2011-03-15 08:11:00	2011-03-15 08:14:00	B6.9	11172.0	POINT(87 14)	14	87	935.0	244.0
33970	2011-03-15 08:46:00	2011-03-15 08:52:00	2011-03-15 08:52:00	C1.5	11169.0	POINT(54 16)	16	54	755.0	338.0
33980	2011-03-15 09:09:00	2011-03-15 09:42:00	2011-03-15 10:20:00	C2.6	11169.0	POINT(53 15)	15	53	743.0	332.0
33990	2011-03-15 11:21:00	2011-03-15 11:25:00	2011-03-15 11:27:00	C1.1	11169.0	POINT(60 17)	17	60	801.0	338.0
34000	2011-03-15 13:11:00	2011-03-15 13:15:00	2011-03-15 13:17:00	B5.6	11169.0	POINT(56 17)	17	56	770.0	345.0
34010	2011-03-15 17:28:00	2011-03-15 17:30:00	2011-03-15 17:39:00	C2.9	11169.0	POINT(88 9)	9	88	957.0	164.0
34020	2011-03-15 18:58:00	2011-03-15 19:00:00	2011-03-15 19:04:00	B5.6	11169.0	POINT(88 8)	8	88	961.0	153.0
34030	2011-03-15 21:55:00	2011-03-15 21:59:00	2011-03-15 22:01:00	B5.3	11169.0	POINT(62 15)	15	62	825.0	312.0
34040	2011-03-15 22:13:00	2011-03-15 22:16:00	2011-03-15 22:19:00	B6.1	11169.0	POINT(67 16)	16	67	857.0	312.0
34050	2011-03-16 03:37:00	2011-03-16 03:40:00	2011-03-16 03:44:00	B7.5	11169.0	POINT(66 15)	15	66	854.0	308.0
34060	2011-03-16 04:58:00	2011-03-16 05:02:00	2011-03-16 05:06:00	B8.3	11169.0	POINT(67 15)	15	67	860.0	300.0
34070	2011-03-16 08:35:00	2011-03-16 08:47:00	2011-03-16 08:49:00	C1.3	11169.0	POINT(-48 -27)	-27	-48	-640.0	-379.0
34080	2011-03-16 09:19:00	2011-03-16 09:30:00	2011-03-16 09:36:00	B7.8		POINT(-50 -28)	-28	-50	-658.0	-393.0
34090	2011-03-16 13:47:00	2011-03-16 13:51:00	2011-03-16 13:54:00	C1.4	11169.0	POINT(71 15)	15	71	880.0	297.0
34100	2011-03-16 17:52:00	2011-03-16 20:34:00	2011-03-16 23:24:00	C3.7	11169.0	POINT(86 23)	23	86	909.0	396.0
34110	2011-03-17 11:50:00	2011-03-17 11:53:00	2011-03-17 11:58:00	B4.6	11169.0	POINT(83 16)	16	83	917.0	287.0
34120	2011-03-18 02:15:00	2011-03-18 02:18:00	2011-03-18 02:22:00	B2.8		POINT(63 -19)	-19	63	816.0	-273.0
34130	2011-03-18 03:50:00	2011-03-18 03:56:00	2011-03-18 04:05:00	B5.4		POINT(83 -25)	-25	83	863.0	-404.0
34140	2011-03-18 11:40:00	2011-03-18 11:45:00	2011-03-18 11:50:00	B3.3	11173.0	POINT(3 11)	11	3	60.0	308.0
34150	2011-03-19 16:21:00	2011-03-19 16:34:00	2011-03-19 16:52:00	B2.7	11172.0	POINT(60 22)	22	60	777.0	416.0
34160	2011-03-19 20:13:00	2011-03-19 20:16:00	2011-03-19 20:19:00	B3.4	11172.0	POINT(0 -29)	-29	0	-5.0	-372.0
34170	2011-03-19 21:39:00	2011-03-19 21:44:00	2011-03-19 21:47:00	B2.9	11172.0	POINT(29 13)	13	29	461.0	327.0
34180	2011-03-20 01:16:00	2011-03-20 02:58:00	2011-03-20 04:37:00	B4.7		POINT(36 12)	12	36	556.0	308.0
34190	2011-03-20 07:25:00	2011-03-20 07:33:00	2011-03-20 07:47:00	B7.1	11175.0	POINT(-36 33)	33	-36	-474.0	611.0
34200	2011-03-20 13:30:00	2011-03-20 14:48:00	2011-03-20 15:55:00	B6.6		POINT(-87 -19)	-19	-87	-926.0	-336.0
34210	2011-03-21 11:45:00	2011-03-21 11:47:00	2011-03-21 11:50:00	C2.6		POINT(87 20)	20	87	906.0	347.0
34220	2011-03-21 11:52:00	2011-03-21 11:57:00	2011-03-21 12:03:00	C1.0		POINT(-87 -21)	-21	-87	-909.0	-356.0
34230	2011-03-21 15:23:00	2011-03-21 16:30:00	2011-03-21 17:15:00	C3.3		POINT(-87 -20)	-20	-87	-973.0	-358.0
34240	2011-03-22 03:20:00	2011-03-22 03:25:00	2011-03-22 03:29:00	C1.9		POINT(-80 19)	19	-80	-897.0	330.0
34250	2011-03-22 03:31:00	2011-03-22 03:37:00	2011-03-22 03:40:00	C3.9	11176.0	POINT(-87 -19)	-19	-87	-909.0	-327.0
34260	2011-03-22 15:42:00	2011-03-22 15:46:00	2011-03-22 15:50:00	C2.5		POINT(-88 -19)	-19	-88	-904.0	-324.0
34270	2011-03-22 21:19:00	2011-03-22 22:12:00	2011-03-22 22:34:00	C1.6	11176.0	POINT(-88 -15)	-15	-88	-945.0	-269.0
34280	2011-03-23 02:03:00	2011-03-23 02:17:00	2011-03-23 02:24:00	M1.4	11176.0	POINT(-70 -18)	-18	-70	-865.0	-263.0
34290	2011-03-23 15:47:00	2011-03-23 15:50:00	2011-03-23 15:53:00	B5.7	11176.0	POINT(-59 19)	19	-59	-777.0	383.0
34300	2011-03-23 17:06:00	2011-03-23 17:10:00	2011-03-23 17:13:00	C1.1	11176.0	POINT(-64 -18)	-18	-64	-825.0	-251.0
34310	2011-03-24 00:52:00	2011-03-24 00:56:00	2011-03-24 00:58:00	B5.7	11176.0	POINT(-59 -18)	-18	-59	-786.0	-254.0
34320	2011-03-24 02:52:00	2011-03-24 02:55:00	2011-03-24 02:58:00	B6.2	11176.0	POINT(-58 -19)	-19	-58	-771.0	-267.0
34330	2011-03-24 11:08:00	2011-03-24 11:20:00	2011-03-24 11:25:00	B5.8	11176.0	POINT(60 -27)	-27	60	737.0	-397.0
34340	2011-03-24 12:01:00	2011-03-24 12:07:00	2011-03-24 12:11:00	M1.0	11176.0	POINT(-43 -15)	-15	-43	-645.0	-169.0
34350	2011-03-24 15:31:00	2011-03-24 15:37:00	2011-03-24 15:42:00	C1.6	11176.0	POINT(-41 -14)	-14	-41	-620.0	-157.0
34360	2011-03-24 16:55:00	2011-03-24 16:58:00	2011-03-24 17:00:00	B6.6	11176.0	POINT(-41 -13)	-13	-41	-627.0	-137.0
34370	2011-03-24 17:01:00	2011-03-24 17:06:00	2011-03-24 17:10:00	C9.1	11176.0	POINT(-40 -14)	-14	-40	-608.0	-154.0
34380	2011-03-24 17:15:00	2011-03-24 17:19:00	2011-03-24 17:21:00	B9.6	11176.0	POINT(-50 -19)	-19	-50	-703.0	-255.0
34390	2011-03-24 18:23:00	2011-03-24 18:27:00	2011-03-24 18:29:00	B8.4	11176.0	POINT(-40 -14)	-14	-40	-602.0	-155.0
34400	2011-03-24 18:51:00	2011-03-24 18:57:00	2011-03-24 19:14:00	C1.3	11176.0	POINT(-39 -14)	-14	-39	-597.0	-154.0
34410	2011-03-24 20:20:00	2011-03-24 20:24:00	2011-03-24 20:27:00	B6.8	11176.0	POINT(-39 -14)	-14	-39	-594.0	-146.0
34420	2011-03-24 20:53:00	2011-03-24 20:57:00	2011-03-24 21:00:00	C1.4	11176.0	POINT(-38 -13)	-13	-38	-589.0	-130.0
34430	2011-03-25 00:38:00	2011-03-25 00:42:00	2011-03-25 00:45:00	C1.0	11176.0	POINT(-36 -13)	-13	-36	-555.0	-140.0
34440	2011-03-25 00:57:00	2011-03-25 01:01:00	2011-03-25 01:04:00	C1.0	11176.0	POINT(-43 -18)	-18	-43	-630.0	-221.0
34450	2011-03-25 02:54:00	2011-03-25 02:59:00	2011-03-25 03:01:00	B9.5	11176.0	POINT(-35 -15)	-15	-35	-535.0	-166.0
34460	2011-03-25 16:47:00	2011-03-25 17:13:00	2011-03-25 17:22:00	C1.0	11176.0	POINT(-28 -11)	-11	-28	-456.0	-99.0
34470	2011-03-25 19:25:00	2011-03-25 19:42:00	2011-03-25 20:00:00	B5.4		POINT(-40 22)	22	-40	-575.0	450.0
34480	2011-03-25 23:08:00	2011-03-25 23:22:00	2011-03-25 23:30:00	M1.0	11176.0	POINT(-26 -12)	-12	-26	-416.0	-101.0
34490	2011-03-26 00:55:00	2011-03-26 00:58:00	2011-03-26 01:02:00	C1.0	11176.0	POINT(-26 -13)	-13	-26	-425.0	-121.0
34500	2011-03-26 14:42:00	2011-03-26 14:45:00	2011-03-26 14:47:00	B6.6	11176.0	POINT(-23 -17)	-17	-23	-366.0	-184.0
34510	2011-03-27 00:06:00	2011-03-27 00:14:00	2011-03-27 00:20:00	C3.1	11176.0	POINT(-11 -11)	-11	-11	-188.0	-78.0
34520	2011-03-27 12:53:00	2011-03-27 12:57:00	2011-03-27 12:59:00	B7.6	11176.0	POINT(68 8)	8	68	886.0	183.0
34530	2011-03-27 13:57:00	2011-03-27 14:00:00	2011-03-27 14:03:00	B5.9	11176.0	POINT(-2 -15)	-15	-2	-43.0	-154.0
34540	2011-03-27 15:54:00	2011-03-27 15:57:00	2011-03-27 15:59:00	B7.4		POINT(-12 -18)	-18	-12	-193.0	-203.0
34550	2011-03-27 16:58:00	2011-03-27 17:03:00	2011-03-27 17:05:00	C1.1		POINT(-10 -18)	-18	-10	-161.0	-203.0
34560	2011-03-27 18:09:00	2011-03-27 18:13:00	2011-03-27 18:18:00	B7.1		POINT(-1 -12)	-12	-1	-28.0	-95.0
34570	2011-03-27 23:18:00	2011-03-27 23:26:00	2011-03-27 23:34:00	C1.0	11181.0	POINT(-48 -29)	-29	-48	-624.0	-410.0
34580	2011-03-28 00:28:00	2011-03-28 00:33:00	2011-03-28 00:39:00	B5.7		POINT(-6 -18)	-18	-6	-103.0	-201.0
34590	2011-03-28 11:30:00	2011-03-28 11:39:00	2011-03-28 11:46:00	C1.4	11176.0	POINT(5 -13)	-13	5	95.0	-110.0
34600	2011-03-28 16:31:00	2011-03-28 16:46:00	2011-03-28 16:53:00	B7.1		POINT(-61 16)	16	-61	-806.0	330.0
34610	2011-03-28 17:02:00	2011-03-28 17:22:00	2011-03-28 17:45:00	B7.7		POINT(-62 17)	17	-62	-814.0	341.0
34620	2011-03-28 18:52:00	2011-03-28 18:56:00	2011-03-28 19:02:00	B9.0	11176.0	POINT(0 -19)	-19	0	-3.0	-209.0
34630	2011-03-29 00:27:00	2011-03-29 00:32:00	2011-03-29 00:34:00	B8.6	11176.0	POINT(3 -19)	-19	3	48.0	-210.0
34640	2011-03-29 05:11:00	2011-03-29 05:15:00	2011-03-29 05:24:00	C1.1	11183.0	POINT(-55 15)	15	-55	-764.0	311.0
34650	2011-03-29 19:20:00	2011-03-29 21:14:00	2011-03-29 21:20:00	B6.0		POINT(-46 14)	14	-46	-671.0	318.0
34660	2011-03-29 21:21:00	2011-03-29 21:29:00	2011-03-29 21:59:00	C1.2	11183.0	POINT(-44 17)	17	-44	-646.0	360.0
34670	2011-03-30 06:53:00	2011-03-30 07:01:00	2011-03-30 07:14:00	B9.6	11183.0	POINT(39 -34)	-34	39	504.0	-467.0
34680	2011-03-30 11:38:00	2011-03-30 11:45:00	2011-03-30 11:49:00	B9.0	11176.0	POINT(25 -16)	-16	25	401.0	-169.0
34690	2011-03-30 19:42:00	2011-03-30 20:05:00	2011-03-30 20:13:00	C1.9	11183.0	POINT(-34 15)	15	-34	-519.0	346.0
34700	2011-03-30 22:06:00	2011-03-30 22:10:00	2011-03-30 22:20:00	B5.0	11176.0	POINT(31 -16)	-16	31	483.0	-175.0
34710	2011-03-31 01:57:00	2011-03-31 02:02:00	2011-03-31 02:07:00	C1.2	11183.0	POINT(-29 15)	15	-29	-452.0	347.0
34720	2011-03-31 15:26:00	2011-03-31 15:35:00	2011-03-31 15:46:00	C2.6	11176.0	POINT(36 -18)	-18	36	542.0	-218.0
34730	2011-03-31 21:35:00	2011-03-31 21:39:00	2011-03-31 21:47:00	B7.0	11176.0	POINT(40 -18)	-18	40	597.0	-218.0
34740	2011-03-31 22:07:00	2011-03-31 22:21:00	2011-03-31 22:32:00	C1.6	11178.0	POINT(21 -17)	-17	21	342.0	-183.0
34750	2011-04-01 01:46:00	2011-04-01 01:56:00	2011-04-01 02:07:00	C3.4	11176.0	POINT(-14 15)	15	-14	-239.0	363.0
34760	2011-04-01 03:48:00	2011-04-01 03:54:00	2011-04-01 03:59:00	C3.1	11176.0	POINT(48 -18)	-18	48	689.0	-230.0
34770	2011-04-01 22:19:00	2011-04-01 22:23:00	2011-04-01 22:26:00	B6.8	11183.0	POINT(-9 17)	17	-9	-147.0	396.0
34780	2011-04-02 03:22:00	2011-04-02 03:26:00	2011-04-02 03:29:00	B4.6	11183.0	POINT(-6 17)	17	-6	-104.0	390.0
34790	2011-04-02 14:33:00	2011-04-02 14:38:00	2011-04-02 14:42:00	B4.1	11183.0	POINT(27 25)	25	27	398.0	504.0
34800	2011-04-02 22:34:00	2011-04-02 23:01:00	2011-04-02 23:32:00	B7.4	11183.0	POINT(78 -13)	-13	78	914.0	-198.0
34810	2011-04-03 05:01:00	2011-04-03 05:19:00	2011-04-03 05:28:00	C1.2	11183.0	POINT(15 15)	15	15	240.0	356.0
34820	2011-04-04 03:07:00	2011-04-04 04:47:00	2011-04-04 05:17:00	B8.6	11180.0	POINT(63 25)	25	63	776.0	452.0
34830	2011-04-04 17:10:00	2011-04-04 17:13:00	2011-04-04 17:15:00	B5.5	11183.0	POINT(40 14)	14	40	609.0	311.0
34840	2011-04-04 23:19:00	2011-04-04 23:25:00	2011-04-04 23:39:00	B5.2	11185.0	POINT(-87 20)	20	-87	-903.0	349.0
34850	2011-04-05 05:17:00	2011-04-05 05:23:00	2011-04-05 05:29:00	B7.4	11185.0	POINT(-87 21)	21	-87	-897.0	365.0
34860	2011-04-06 15:46:00	2011-04-06 15:49:00	2011-04-06 15:52:00	B9.6	11185.0	POINT(-50 18)	18	-50	-707.0	365.0
34870	2011-04-06 16:14:00	2011-04-06 16:23:00	2011-04-06 16:35:00	C1.2		POINT(-88 11)	11	-88	-954.0	203.0
34880	2011-04-06 17:12:00	2011-04-06 17:20:00	2011-04-06 17:30:00	B9.4	11185.0	POINT(-42 23)	23	-42	-594.0	454.0
34890	2011-04-06 17:52:00	2011-04-06 18:00:00	2011-04-06 18:07:00	C1.9		POINT(-88 13)	13	-88	-942.0	231.0
34900	2011-04-06 21:35:00	2011-04-06 21:45:00	2011-04-06 21:54:00	C1.4		POINT(-88 12)	12	-88	-947.0	210.0
34910	2011-04-07 04:19:00	2011-04-07 04:30:00	2011-04-07 04:35:00	C1.8		POINT(-88 12)	12	-88	-947.0	212.0
34920	2011-04-07 04:54:00	2011-04-07 04:59:00	2011-04-07 05:03:00	C1.5		POINT(-88 12)	12	-88	-940.0	212.0
34930	2011-04-07 16:25:00	2011-04-07 16:30:00	2011-04-07 16:39:00	C1.5		POINT(-88 13)	13	-88	-940.0	219.0
34940	2011-04-08 18:16:00	2011-04-08 18:24:00	2011-04-08 18:32:00	B7.4	11185.0	POINT(-21 16)	16	-21	-342.0	363.0
34950	2011-04-09 00:40:00	2011-04-09 00:45:00	2011-04-09 00:50:00	B8.0	11185.0	POINT(-18 16)	16	-18	-294.0	364.0
34960	2011-04-09 01:57:00	2011-04-09 02:02:00	2011-04-09 02:06:00	B4.2	11184.0	POINT(68 15)	15	68	858.0	294.0
34970	2011-04-09 03:57:00	2011-04-09 04:00:00	2011-04-09 04:03:00	B4.4	11184.0	POINT(67 15)	15	67	854.0	296.0
34980	2011-04-09 14:48:00	2011-04-09 15:45:00	2011-04-09 15:58:00	C1.3	11184.0	POINT(73 15)	15	73	885.0	275.0
34990	2011-04-09 23:01:00	2011-04-09 23:04:00	2011-04-09 23:08:00	B5.0	11186.0	POINT(-19 22)	22	-19	-294.0	449.0
35000	2011-04-10 00:06:00	2011-04-10 00:10:00	2011-04-10 00:16:00	B4.3	11186.0	POINT(-20 22)	22	-20	-305.0	446.0
35010	2011-04-10 16:06:00	2011-04-10 16:12:00	2011-04-10 16:24:00	B5.1	11186.0	POINT(-14 22)	22	-14	-221.0	456.0
35020	2011-04-10 17:53:00	2011-04-10 17:58:00	2011-04-10 18:03:00	B4.4	11186.0	POINT(-10 21)	21	-10	-165.0	445.0
35030	2011-04-11 09:09:00	2011-04-11 09:15:00	2011-04-11 09:21:00	B9.2		POINT(-88 6)	6	-88	-962.0	117.0
35040	2011-04-11 12:49:00	2011-04-11 13:00:00	2011-04-11 13:10:00	B7.2		POINT(-32 12)	12	-32	-508.0	294.0
35050	2011-04-11 15:53:00	2011-04-11 16:02:00	2011-04-11 16:19:00	C1.2	11190.0	POINT(-31 12)	12	-31	-495.0	288.0
35060	2011-04-11 20:25:00	2011-04-11 20:30:00	2011-04-11 20:30:00	C1.8	11190.0	POINT(-29 12)	12	-29	-465.0	289.0
35070	2011-04-11 23:40:00	2011-04-11 23:45:00	2011-04-11 23:47:00	C1.0		POINT(-24 12)	12	-24	-396.0	293.0
35080	2011-04-12 03:40:00	2011-04-12 03:46:00	2011-04-12 03:52:00	C1.7	11190.0	POINT(-25 11)	11	-25	-403.0	284.0
35090	2011-04-12 05:46:00	2011-04-12 06:07:00	2011-04-12 06:11:00	C3.1	11190.0	POINT(-88 9)	9	-88	-953.0	161.0
35100	2011-04-12 12:21:00	2011-04-12 12:25:00	2011-04-12 12:32:00	C1.8	11191.0	POINT(-88 9)	9	-88	-947.0	165.0
35110	2011-04-12 17:52:00	2011-04-12 17:58:00	2011-04-12 18:02:00	B9.7	11191.0	POINT(-88 11)	11	-88	-938.0	186.0
35120	2011-04-13 03:21:00	2011-04-13 03:30:00	2011-04-13 03:36:00	C1.9	11191.0	POINT(-76 9)	9	-76	-916.0	185.0
35130	2011-04-13 06:25:00	2011-04-13 06:28:00	2011-04-13 06:32:00	C2.2		POINT(-79 15)	15	-79	-909.0	264.0
35140	2011-04-13 07:55:00	2011-04-13 07:59:00	2011-04-13 08:03:00	C1.2	11191.0	POINT(-87 17)	17	-87	-918.0	299.0
35150	2011-04-13 08:29:00	2011-04-13 08:32:00	2011-04-13 08:36:00	C1.0	11193.0	POINT(-7 14)	14	-7	-121.0	324.0
35160	2011-04-13 10:37:00	2011-04-13 10:41:00	2011-04-13 10:45:00	C1.4	11185.0	POINT(-78 14)	14	-78	-907.0	258.0
35170	2011-04-13 13:12:00	2011-04-13 13:15:00	2011-04-13 13:21:00	C1.2		POINT(-82 15)	15	-82	-912.0	273.0
35180	2011-04-13 14:37:00	2011-04-13 14:47:00	2011-04-13 14:57:00	C1.2	11193.0	POINT(-6 13)	13	-6	-98.0	309.0
35190	2011-04-13 16:02:00	2011-04-13 16:07:00	2011-04-13 16:11:00	C1.1	11190.0	POINT(-4 13)	13	-4	-78.0	309.0
35200	2011-04-14 05:20:00	2011-04-14 05:27:00	2011-04-14 05:33:00	C4.9	11193.0	POINT(-70 15)	15	-70	-867.0	287.0
35210	2011-04-14 06:15:00	2011-04-14 06:18:00	2011-04-14 06:20:00	B8.5	11193.0	POINT(5 11)	11	5	93.0	288.0
35220	2011-04-14 06:56:00	2011-04-14 07:00:00	2011-04-14 07:00:00	C1.6	11190.0	POINT(-72 17)	17	-72	-869.0	315.0
35230	2011-04-14 09:38:00	2011-04-14 09:44:00	2011-04-14 09:49:00	C2.3	11190.0	POINT(5 12)	12	5	90.0	305.0
35240	2011-04-14 12:26:00	2011-04-14 12:29:00	2011-04-14 12:32:00	C1.6	11185.0	POINT(56 14)	14	56	775.0	293.0
35250	2011-04-14 15:21:00	2011-04-14 15:27:00	2011-04-14 15:34:00	C2.4	11190.0	POINT(7 13)	13	7	122.0	309.0
35260	2011-04-14 17:07:00	2011-04-14 17:10:00	2011-04-14 17:10:00	C1.1	11190.0	POINT(6 15)	15	6	96.0	342.0
35270	2011-04-14 18:37:00	2011-04-14 18:40:00	2011-04-14 18:43:00	B9.8	11190.0	POINT(6 16)	16	6	104.0	357.0
35280	2011-04-14 18:56:00	2011-04-14 18:59:00	2011-04-14 19:01:00	B8.2	11186.0	POINT(11 12)	12	11	191.0	294.0
35290	2011-04-14 19:57:00	2011-04-14 20:00:00	2011-04-14 20:02:00	B8.0	11193.0	POINT(13 11)	11	13	212.0	287.0
35300	2011-04-14 20:17:00	2011-04-14 20:20:00	2011-04-14 20:22:00	B9.3	11190.0	POINT(12 12)	12	12	200.0	297.0
35310	2011-04-14 21:11:00	2011-04-14 21:18:00	2011-04-14 21:27:00	C1.1	11190.0	POINT(12 13)	13	12	209.0	308.0
35320	2011-04-15 02:43:00	2011-04-15 02:47:00	2011-04-15 02:52:00	B8.8	11190.0	POINT(13 13)	13	13	224.0	313.0
35330	2011-04-15 03:43:00	2011-04-15 03:45:00	2011-04-15 03:55:00	C1.8	11190.0	POINT(17 12)	12	17	276.0	293.0
35340	2011-04-15 04:37:00	2011-04-15 04:41:00	2011-04-15 04:44:00	C1.3	11190.0	POINT(17 12)	12	17	282.0	288.0
35350	2011-04-15 08:09:00	2011-04-15 08:11:00	2011-04-15 08:12:00	C1.1		POINT(20 12)	12	20	332.0	289.0
35360	2011-04-15 09:10:00	2011-04-15 09:15:00	2011-04-15 09:19:00	C1.3	11190.0	POINT(19 12)	12	19	315.0	299.0
35370	2011-04-15 11:29:00	2011-04-15 11:30:00	2011-04-15 11:36:00	C1.9	11193.0	POINT(22 12)	12	22	362.0	285.0
35380	2011-04-15 13:47:00	2011-04-15 13:50:00	2011-04-15 13:54:00	C2.8	11190.0	POINT(23 11)	11	23	380.0	281.0
35390	2011-04-15 14:42:00	2011-04-15 14:45:00	2011-04-15 14:49:00	C2.0	11190.0	POINT(24 13)	13	24	387.0	299.0
35400	2011-04-15 16:08:00	2011-04-15 16:14:00	2011-04-15 16:19:00	C1.6	11190.0	POINT(25 12)	12	25	404.0	287.0
35410	2011-04-15 17:02:00	2011-04-15 17:12:00	2011-04-15 17:12:00	M1.3	11190.0	POINT(24 13)	13	24	387.0	299.0
35420	2011-04-15 22:33:00	2011-04-15 22:36:00	2011-04-15 22:39:00	C1.8	11190.0	POINT(29 12)	12	29	455.0	284.0
35430	2011-04-16 00:34:00	2011-04-16 00:45:00	2011-04-16 00:57:00	C5.2	11190.0	POINT(29 13)	13	29	457.0	301.0
35440	2011-04-16 01:54:00	2011-04-16 02:01:00	2011-04-16 02:07:00	C1.4	11193.0	POINT(-44 17)	17	-44	-641.0	355.0
35450	2011-04-16 02:31:00	2011-04-16 02:38:00	2011-04-16 02:38:00	C1.6	11193.0	POINT(31 13)	13	31	484.0	294.0
35460	2011-04-16 04:01:00	2011-04-16 04:08:00	2011-04-16 04:17:00	C1.4	11185.0	POINT(79 14)	14	79	909.0	256.0
35470	2011-04-16 05:26:00	2011-04-16 05:30:00	2011-04-16 05:38:00	C3.5	11190.0	POINT(32 12)	12	32	507.0	290.0
35480	2011-04-16 06:06:00	2011-04-16 06:15:00	2011-04-16 06:24:00	C1.7		POINT(83 17)	17	83	906.0	294.0
35490	2011-04-16 09:00:00	2011-04-16 09:07:00	2011-04-16 09:12:00	C1.8	11185.0	POINT(87 18)	18	87	911.0	298.0
35500	2011-04-16 10:32:00	2011-04-16 10:36:00	2011-04-16 10:40:00	B9.4	11185.0	POINT(87 17)	17	87	909.0	293.0
35510	2011-04-16 13:51:00	2011-04-16 14:00:00	2011-04-16 14:03:00	C5.0	11190.0	POINT(35 13)	13	35	545.0	302.0
35520	2011-04-16 16:11:00	2011-04-16 16:14:00	2011-04-16 16:17:00	B6.8		POINT(-24 6)	6	-24	-388.0	185.0
35530	2011-04-16 16:34:00	2011-04-16 16:38:00	2011-04-16 16:53:00	C3.7	11185.0	POINT(87 19)	19	87	903.0	314.0
35540	2011-04-16 19:59:00	2011-04-16 20:17:00	2011-04-16 20:28:00	C1.0	11185.0	POINT(87 17)	17	87	919.0	294.0
35550	2011-04-16 20:52:00	2011-04-16 21:02:00	2011-04-16 21:26:00	B9.0	11193.0	POINT(-33 14)	14	-33	-512.0	306.0
35560	2011-04-16 23:16:00	2011-04-16 23:25:00	2011-04-16 23:30:00	C1.7	11185.0	POINT(87 17)	17	87	923.0	291.0
35570	2011-04-17 05:38:00	2011-04-17 05:41:00	2011-04-17 05:43:00	B7.1	11190.0	POINT(46 12)	12	46	681.0	261.0
35580	2011-04-17 08:02:00	2011-04-17 08:06:00	2011-04-17 08:11:00	B8.0	11185.0	POINT(87 17)	17	87	918.0	293.0
35590	2011-04-17 14:08:00	2011-04-17 14:15:00	2011-04-17 14:23:00	C1.4	11185.0	POINT(87 18)	18	87	919.0	301.0
35600	2011-04-17 15:29:00	2011-04-17 15:40:00	2011-04-17 16:01:00	B7.4		POINT(88 16)	16	88	927.0	276.0
35610	2011-04-17 16:29:00	2011-04-17 16:49:00	2011-04-17 17:00:00	B7.2		POINT(88 16)	16	88	924.0	279.0
35620	2011-04-17 19:00:00	2011-04-17 19:18:00	2011-04-17 19:33:00	C1.3		POINT(-88 -19)	-19	-88	-918.0	-318.0
35630	2011-04-18 02:35:00	2011-04-18 02:43:00	2011-04-18 02:47:00	C1.8	11193.0	POINT(-12 13)	13	-12	-194.0	316.0
35640	2011-04-18 03:18:00	2011-04-18 04:03:00	2011-04-18 04:45:00	C1.8		POINT(87 26)	26	87	877.0	434.0
35650	2011-04-18 10:52:00	2011-04-18 10:56:00	2011-04-18 11:02:00	B6.6		POINT(-16 16)	16	-16	-258.0	350.0
35660	2011-04-18 15:56:00	2011-04-18 16:02:00	2011-04-18 16:06:00	B9.7	11193.0	POINT(-13 16)	16	-13	-210.0	350.0
35670	2011-04-18 18:55:00	2011-04-18 19:02:00	2011-04-18 19:08:00	C1.5	11193.0	POINT(-11 16)	16	-11	-186.0	353.0
35680	2011-04-18 19:17:00	2011-04-18 19:24:00	2011-04-18 19:31:00	C1.0	11195.0	POINT(-88 -15)	-15	-88	-925.0	-249.0
35690	2011-04-18 23:12:00	2011-04-18 23:15:00	2011-04-18 23:15:00	B7.6	11190.0	POINT(65 11)	11	65	855.0	223.0
35700	2011-04-19 02:34:00	2011-04-19 02:37:00	2011-04-19 02:40:00	B7.8		POINT(67 10)	10	67	868.0	213.0
35710	2011-04-19 05:08:00	2011-04-19 05:12:00	2011-04-19 05:17:00	C1.0	11195.0	POINT(0 18)	18	0	15.0	393.0
35720	2011-04-19 11:16:00	2011-04-19 11:20:00	2011-04-19 11:24:00	B9.0	11193.0	POINT(0 17)	17	0	-2.0	368.0
35730	2011-04-20 03:46:00	2011-04-20 04:31:00	2011-04-20 04:49:00	C1.0	11195.0	POINT(-69 -15)	-15	-69	-862.0	-221.0
35740	2011-04-20 09:24:00	2011-04-20 09:28:00	2011-04-20 09:32:00	B6.7	11193.0	POINT(18 17)	17	18	290.0	368.0
35750	2011-04-20 13:07:00	2011-04-20 13:11:00	2011-04-20 13:13:00	B8.5	11195.0	POINT(-61 -15)	-15	-61	-809.0	-220.0
35760	2011-04-20 17:38:00	2011-04-20 18:36:00	2011-04-20 19:06:00	C1.5		POINT(13 18)	18	13	215.0	389.0
35770	2011-04-20 19:30:00	2011-04-20 19:31:00	2011-04-20 19:39:00	C4.0	11195.0	POINT(-82 -23)	-23	-82	-865.0	-375.0
35780	2011-04-20 23:02:00	2011-04-20 23:07:00	2011-04-20 23:21:00	B8.9	11195.0	POINT(88 12)	12	88	947.0	215.0
35790	2011-04-21 06:24:00	2011-04-21 06:39:00	2011-04-21 06:44:00	B8.3	11195.0	POINT(-50 -18)	-18	-50	-702.0	-246.0
35800	2011-04-21 08:31:00	2011-04-21 08:38:00	2011-04-21 08:38:00	C1.0	11195.0	POINT(-50 -15)	-15	-50	-713.0	-210.0
35810	2011-04-21 09:38:00	2011-04-21 09:48:00	2011-04-21 09:58:00	C8.5	11195.0	POINT(-51 -16)	-16	-51	-723.0	-218.0
35820	2011-04-21 14:37:00	2011-04-21 14:45:00	2011-04-21 14:51:00	C4.9	11195.0	POINT(-50 -17)	-17	-50	-706.0	-236.0
35830	2011-04-21 21:51:00	2011-04-21 22:00:00	2011-04-21 22:07:00	C4.5	11195.0	POINT(-44 -16)	-16	-44	-648.0	-215.0
35840	2011-04-22 00:13:00	2011-04-22 00:20:00	2011-04-22 00:26:00	C1.5	11195.0	POINT(-41 -15)	-15	-41	-613.0	-190.0
35850	2011-04-22 01:00:00	2011-04-22 01:38:00	2011-04-22 02:55:00	C3.3		POINT(-44 -17)	-17	-44	-638.0	-228.0
35860	2011-04-22 04:35:00	2011-04-22 04:45:00	2011-04-22 04:57:00	M1.8	11195.0	POINT(-42 -17)	-17	-42	-614.0	-228.0
35870	2011-04-22 07:08:00	2011-04-22 07:11:00	2011-04-22 07:18:00	C1.7	11195.0	POINT(-40 -16)	-16	-40	-595.0	-210.0
35880	2011-04-22 08:04:00	2011-04-22 08:09:00	2011-04-22 08:12:00	C2.5	11195.0	POINT(-37 -16)	-16	-37	-564.0	-204.0
35890	2011-04-22 09:40:00	2011-04-22 09:46:00	2011-04-22 09:59:00	C2.6	11195.0	POINT(-37 -16)	-16	-37	-564.0	-212.0
35900	2011-04-22 11:07:00	2011-04-22 11:15:00	2011-04-22 11:25:00	C7.7	11195.0	POINT(-37 -17)	-17	-37	-561.0	-221.0
35910	2011-04-22 12:29:00	2011-04-22 12:30:00	2011-04-22 12:36:00	C3.0	11195.0	POINT(-36 -16)	-16	-36	-548.0	-207.0
35920	2011-04-22 14:04:00	2011-04-22 14:07:00	2011-04-22 14:09:00	C1.3	11195.0	POINT(-34 -15)	-15	-34	-521.0	-191.0
35930	2011-04-22 14:42:00	2011-04-22 14:47:00	2011-04-22 14:49:00	C1.3	11195.0	POINT(-33 -17)	-17	-33	-509.0	-213.0
35940	2011-04-22 14:55:00	2011-04-22 14:59:00	2011-04-22 15:02:00	C1.4	11195.0	POINT(-34 -17)	-17	-34	-515.0	-216.0
35950	2011-04-22 15:47:00	2011-04-22 15:53:00	2011-04-22 15:53:00	M1.2	11195.0	POINT(-36 -18)	-18	-36	-540.0	-236.0
35960	2011-04-22 16:56:00	2011-04-22 17:00:00	2011-04-22 17:07:00	C5.5	11195.0	POINT(-32 -17)	-17	-32	-488.0	-214.0
35970	2011-04-22 17:41:00	2011-04-22 17:45:00	2011-04-22 17:54:00	C4.2	11195.0	POINT(-34 -17)	-17	-34	-516.0	-218.0
35980	2011-04-22 19:30:00	2011-04-22 19:35:00	2011-04-22 19:40:00	C3.6	11195.0	POINT(-32 -16)	-16	-32	-485.0	-210.0
35990	2011-04-22 20:54:00	2011-04-22 20:57:00	2011-04-22 21:01:00	B9.5	11195.0	POINT(-30 -15)	-15	-30	-462.0	-191.0
36000	2011-04-22 21:47:00	2011-04-22 21:59:00	2011-04-22 21:59:00	C2.7	11195.0	POINT(-30 -16)	-16	-30	-460.0	-198.0
36010	2011-04-22 22:39:00	2011-04-22 22:46:00	2011-04-22 22:54:00	C2.4	11195.0	POINT(48 17)	17	48	678.0	339.0
36020	2011-04-22 22:55:00	2011-04-22 23:00:00	2011-04-22 23:00:00	C2.9	11195.0	POINT(-28 -15)	-15	-28	-434.0	-190.0
36030	2011-04-23 01:52:00	2011-04-23 02:00:00	2011-04-23 02:07:00	C1.3	11195.0	POINT(-28 -17)	-17	-28	-442.0	-213.0
36040	2011-04-23 02:43:00	2011-04-23 02:47:00	2011-04-23 02:50:00	B8.6	11195.0	POINT(-27 -15)	-15	-27	-420.0	-190.0
36050	2011-04-23 03:09:00	2011-04-23 03:13:00	2011-04-23 03:13:00	B6.1	11195.0	POINT(-27 -16)	-16	-27	-419.0	-204.0
36060	2011-04-23 03:39:00	2011-04-23 03:45:00	2011-04-23 03:53:00	C1.9	11195.0	POINT(-26 -15)	-15	-26	-413.0	-191.0
36070	2011-04-23 04:14:00	2011-04-23 04:15:00	2011-04-23 04:21:00	C1.1	11195.0	POINT(-26 -17)	-17	-26	-410.0	-209.0
36080	2011-04-23 04:51:00	2011-04-23 04:59:00	2011-04-23 05:04:00	C1.2	11195.0	POINT(-27 -16)	-16	-27	-426.0	-196.0
36090	2011-04-23 07:30:00	2011-04-23 07:34:00	2011-04-23 07:38:00	C2.4	11195.0	POINT(-24 -16)	-16	-24	-380.0	-191.0
36100	2011-04-23 10:28:00	2011-04-23 10:32:00	2011-04-23 10:36:00	B5.5	11195.0	POINT(-23 -16)	-16	-23	-364.0	-203.0
36110	2011-04-23 12:43:00	2011-04-23 12:45:00	2011-04-23 12:52:00	B8.1	11193.0	POINT(53 13)	13	53	749.0	277.0
36120	2011-04-23 14:09:00	2011-04-23 14:16:00	2011-04-23 14:22:00	C1.0	11195.0	POINT(-22 -17)	-17	-22	-351.0	-213.0
36130	2011-04-23 16:04:00	2011-04-23 16:07:00	2011-04-23 16:11:00	B6.2	11193.0	POINT(63 16)	16	63	817.0	312.0
36140	2011-04-23 18:58:00	2011-04-23 19:03:00	2011-04-23 19:08:00	B6.7	11193.0	POINT(64 16)	16	64	824.0	303.0
36150	2011-04-24 07:51:00	2011-04-24 09:00:00	2011-04-24 09:50:00	B9.1		POINT(-74 20)	20	-74	-857.0	359.0
36160	2011-04-24 19:13:00	2011-04-24 19:15:00	2011-04-24 19:26:00	C2.4		POINT(70 18)	18	70	855.0	327.0
36170	2011-04-24 19:50:00	2011-04-24 20:07:00	2011-04-24 20:15:00	C1.7		POINT(-88 16)	16	-88	-930.0	270.0
36180	2011-04-25 02:33:00	2011-04-25 03:22:00	2011-04-25 03:56:00	B8.7	11193.0	POINT(88 19)	19	88	927.0	330.0
36190	2011-04-25 16:01:00	2011-04-25 16:06:00	2011-04-25 16:08:00	B8.1	11195.0	POINT(13 -15)	-15	13	216.0	-185.0
36200	2011-04-25 22:12:00	2011-04-25 22:15:00	2011-04-25 22:19:00	B9.3	11193.0	POINT(87 20)	20	87	896.0	332.0
36210	2011-04-26 22:10:00	2011-04-26 22:16:00	2011-04-26 22:22:00	B4.4		POINT(20 20)	20	20	315.0	396.0
36220	2011-04-27 02:26:00	2011-04-27 02:33:00	2011-04-27 03:01:00	C2.0	11201.0	POINT(-57 17)	17	-57	-767.0	326.0
36230	2011-04-27 06:13:00	2011-04-27 06:17:00	2011-04-27 06:27:00	B8.7	11199.0	POINT(25 21)	21	25	377.0	420.0
36240	2011-04-27 13:57:00	2011-04-27 14:00:00	2011-04-27 14:03:00	B4.5	11195.0	POINT(29 -17)	-17	29	453.0	-228.0
36250	2011-04-27 22:54:00	2011-04-27 23:04:00	2011-04-27 23:23:00	B8.0	11196.0	POINT(12 -26)	-26	12	191.0	-354.0
36260	2011-04-28 02:32:00	2011-04-28 02:40:00	2011-04-28 02:46:00	C1.0	11196.0	POINT(12 -28)	-28	12	189.0	-386.0
36270	2011-04-28 08:59:00	2011-04-28 09:03:00	2011-04-28 09:12:00	B4.4	11202.0	POINT(29 15)	15	29	459.0	319.0
36280	2011-04-28 09:15:00	2011-04-28 09:22:00	2011-04-28 09:22:00	B6.7	11202.0	POINT(29 16)	16	29	449.0	332.0
36290	2011-04-28 10:02:00	2011-04-28 10:19:00	2011-04-28 10:28:00	B8.3	11199.0	POINT(42 20)	20	42	600.0	386.0
36300	2011-04-28 10:41:00	2011-04-28 10:47:00	2011-04-28 10:52:00	B8.0	11196.0	POINT(41 20)	20	41	594.0	385.0
36310	2011-04-28 11:51:00	2011-04-28 11:58:00	2011-04-28 12:03:00	C2.4	11199.0	POINT(42 20)	20	42	606.0	385.0
36320	2011-04-28 12:39:00	2011-04-28 12:47:00	2011-04-28 12:51:00	C1.1		POINT(43 20)	20	43	610.0	389.0
36330	2011-04-28 21:06:00	2011-04-28 21:12:00	2011-04-28 21:18:00	B8.2	11199.0	POINT(46 20)	20	46	655.0	375.0
36340	2011-04-29 00:17:00	2011-04-29 00:26:00	2011-04-29 00:33:00	C3.8	11203.0	POINT(-88 17)	17	-88	-911.0	288.0
36350	2011-04-29 01:26:00	2011-04-29 01:29:00	2011-04-29 01:31:00	B8.9	11199.0	POINT(49 21)	21	49	681.0	387.0
36360	2011-04-29 08:51:00	2011-04-29 08:54:00	2011-04-29 08:59:00	B4.9		POINT(87 -29)	-29	87	833.0	-470.0
36370	2011-04-29 12:44:00	2011-04-29 12:48:00	2011-04-29 12:56:00	B6.6	11200.0	POINT(-10 -16)	-16	-10	-172.0	-210.0
36380	2011-04-29 20:40:00	2011-04-29 20:48:00	2011-04-29 20:58:00	C1.8	11195.0	POINT(69 -16)	-16	69	855.0	-243.0
36390	2011-04-29 22:49:00	2011-04-29 22:55:00	2011-04-29 23:00:00	C1.5	11195.0	POINT(71 -14)	-14	71	874.0	-220.0
36400	2011-04-30 04:14:00	2011-04-30 04:16:00	2011-04-30 04:20:00	B7.6	11199.0	POINT(63 20)	20	63	800.0	367.0
36410	2011-04-30 05:05:00	2011-04-30 05:08:00	2011-04-30 05:11:00	B6.8		POINT(74 -13)	-13	74	893.0	-207.0
36420	2011-04-30 08:11:00	2011-04-30 08:15:00	2011-04-30 08:19:00	C1.5	11199.0	POINT(66 19)	19	66	822.0	348.0
36430	2011-04-30 08:55:00	2011-04-30 09:00:00	2011-04-30 09:08:00	C1.7	11199.0	POINT(64 20)	20	64	807.0	360.0
36440	2011-04-30 11:32:00	2011-04-30 11:46:00	2011-04-30 11:51:00	C3.2	11195.0	POINT(79 -16)	-16	79	897.0	-263.0
36450	2011-04-30 12:19:00	2011-04-30 12:28:00	2011-04-30 12:42:00	C1.0	11195.0	POINT(68 20)	20	68	831.0	356.0
36460	2011-04-30 13:08:00	2011-04-30 13:15:00	2011-04-30 13:26:00	C3.2	11195.0	POINT(71 -17)	-17	71	865.0	-262.0
36470	2011-04-30 21:54:00	2011-04-30 21:57:00	2011-04-30 22:00:00	B6.4	11196.0	POINT(55 -24)	-24	55	714.0	-359.0
36480	2011-04-30 22:09:00	2011-04-30 22:12:00	2011-04-30 22:15:00	B6.6	11199.0	POINT(73 20)	20	73	855.0	349.0
36490	2011-05-01 07:51:00	2011-05-01 08:14:00	2011-05-01 08:42:00	C1.6	11195.0	POINT(88 -17)	-17	88	908.0	-285.0
36500	2011-05-01 09:49:00	2011-05-01 09:57:00	2011-05-01 10:04:00	B9.9	11196.0	POINT(57 -26)	-26	57	718.0	-396.0
36510	2011-05-01 11:58:00	2011-05-01 12:01:00	2011-05-01 12:06:00	B6.6	11195.0	POINT(-64 17)	17	-64	-821.0	319.0
36520	2011-05-01 12:37:00	2011-05-01 12:50:00	2011-05-01 13:06:00	B5.8	11203.0	POINT(88 -17)	-17	88	925.0	-285.0
36530	2011-05-01 23:25:00	2011-05-01 23:32:00	2011-05-01 23:39:00	C6.5	11199.0	POINT(88 21)	21	88	887.0	354.0
36540	2011-05-02 07:13:00	2011-05-02 07:16:00	2011-05-02 07:22:00	B4.7		POINT(8 18)	18	8	134.0	366.0
36550	2011-05-02 09:50:00	2011-05-02 09:57:00	2011-05-02 10:03:00	B5.8	11195.0	POINT(88 -19)	-19	88	903.0	-321.0
36560	2011-05-02 13:49:00	2011-05-02 13:52:00	2011-05-02 13:55:00	B6.0	11195.0	POINT(89 -13)	-13	89	950.0	-230.0
36570	2011-05-02 14:01:00	2011-05-02 14:05:00	2011-05-02 14:07:00	C1.2	11199.0	POINT(3 -86)	-86	3	4.0	1071.0
36580	2011-05-02 22:00:00	2011-05-02 22:04:00	2011-05-02 22:11:00	B6.1	11200.0	POINT(35 -17)	-17	35	533.0	-227.0
36590	2011-05-03 00:12:00	2011-05-03 00:16:00	2011-05-03 00:19:00	B7.0		POINT(37 -17)	-17	37	555.0	-228.0
36600	2011-05-03 03:54:00	2011-05-03 03:59:00	2011-05-03 04:08:00	B9.2	11200.0	POINT(37 -17)	-17	37	550.0	-242.0
36610	2011-05-03 06:20:00	2011-05-03 06:25:00	2011-05-03 06:35:00	B6.3	11200.0	POINT(40 -17)	-17	40	590.0	-234.0
36620	2011-05-03 10:47:00	2011-05-03 10:52:00	2011-05-03 10:56:00	C1.3	11204.0	POINT(-45 14)	14	-45	-656.0	285.0
36630	2011-05-03 18:44:00	2011-05-03 18:48:00	2011-05-03 18:57:00	B4.1	11204.0	POINT(-30 16)	16	-30	-468.0	331.0
36640	2011-05-04 01:44:00	2011-05-04 01:45:00	2011-05-04 01:51:00	B9.3	11204.0	POINT(-32 16)	16	-32	-489.0	330.0
36650	2011-05-04 10:56:00	2011-05-04 10:59:00	2011-05-04 11:04:00	B4.5	11204.0	POINT(-18 21)	21	-18	-276.0	402.0
36660	2011-05-04 16:55:00	2011-05-04 17:38:00	2011-05-04 18:25:00	B6.8		POINT(-35 23)	23	-35	-505.0	420.0
36670	2011-05-05 08:42:00	2011-05-05 08:45:00	2011-05-05 08:48:00	B3.0		POINT(64 13)	13	64	836.0	249.0
36680	2011-05-05 17:42:00	2011-05-05 17:46:00	2011-05-05 17:50:00	B2.9		POINT(-4 18)	18	-4	-74.0	353.0
36690	2011-05-05 17:51:00	2011-05-05 17:56:00	2011-05-05 17:56:00	B8.0		POINT(-5 18)	18	-5	-84.0	354.0
36700	2011-05-05 20:37:00	2011-05-05 20:43:00	2011-05-05 20:51:00	B4.2	11204.0	POINT(-3 18)	18	-3	-50.0	354.0
36710	2011-05-06 03:08:00	2011-05-06 03:12:00	2011-05-06 03:15:00	B3.9	11206.0	POINT(45 23)	23	45	620.0	414.0
36720	2011-05-06 08:50:00	2011-05-06 08:53:00	2011-05-06 08:55:00	B2.9		POINT(6 16)	16	6	104.0	330.0
36730	2011-05-06 22:19:00	2011-05-06 22:22:00	2011-05-06 22:26:00	B2.6		POINT(13 16)	16	13	215.0	329.0
36740	2011-05-07 15:30:00	2011-05-07 15:38:00	2011-05-07 15:49:00	B3.3	11203.0	POINT(22 15)	15	22	349.0	311.0
36750	2011-05-08 10:01:00	2011-05-08 10:08:00	2011-05-08 10:13:00	B4.4	11203.0	POINT(38 19)	19	38	560.0	354.0
36760	2011-05-09 04:26:00	2011-05-09 04:30:00	2011-05-09 04:30:00	B5.6	11210.0	POINT(-19 19)	19	-19	-306.0	369.0
36770	2011-05-09 05:11:00	2011-05-09 05:16:00	2011-05-09 05:18:00	C1.4	11210.0	POINT(-20 20)	20	-20	-306.0	384.0
36780	2011-05-09 13:19:00	2011-05-09 13:25:00	2011-05-09 13:25:00	B7.1	11210.0	POINT(-14 19)	19	-14	-227.0	372.0
36790	2011-05-09 17:31:00	2011-05-09 17:41:00	2011-05-09 17:48:00	C1.5	11210.0	POINT(-11 20)	20	-11	-184.0	376.0
36800	2011-05-09 20:42:00	2011-05-09 20:59:00	2011-05-09 20:59:00	C5.4		POINT(-88 16)	16	-88	-936.0	274.0
36810	2011-05-11 02:23:00	2011-05-11 02:30:00	2011-05-11 02:43:00	B8.1	11204.0	POINT(51 19)	19	51	705.0	344.0
36820	2011-05-11 20:28:00	2011-05-11 20:30:00	2011-05-11 20:36:00	B3.2	11210.0	POINT(88 19)	19	88	899.0	321.0
36830	2011-05-12 12:11:00	2011-05-12 12:15:00	2011-05-12 12:29:00	C1.8		POINT(-61 20)	20	-61	-782.0	350.0
36840	2011-05-13 13:48:00	2011-05-13 13:55:00	2011-05-13 14:00:00	B2.2		POINT(38 22)	22	38	543.0	399.0
36850	2011-05-13 21:35:00	2011-05-13 21:40:00	2011-05-13 21:50:00	B2.2	11210.0	POINT(43 21)	21	43	605.0	386.0
36860	2011-05-14 00:57:00	2011-05-14 00:58:00	2011-05-14 01:00:00	B2.1	11213.0	POINT(69 -20)	-20	69	834.0	-319.0
36870	2011-05-14 11:43:00	2011-05-14 11:47:00	2011-05-14 11:52:00	B1.8	11210.0	POINT(50 21)	21	50	684.0	377.0
36880	2011-05-15 04:38:00	2011-05-15 04:42:00	2011-05-15 04:46:00	B1.9		POINT(-10 -25)	-25	-10	-150.0	-368.0
36890	2011-05-15 07:35:00	2011-05-15 07:39:00	2011-05-15 07:42:00	B2.5		POINT(43 10)	10	43	649.0	201.0
36900	2011-05-15 13:04:00	2011-05-15 13:08:00	2011-05-15 13:12:00	B3.0	11214.0	POINT(47 10)	10	47	687.0	204.0
36910	2011-05-15 14:11:00	2011-05-15 14:14:00	2011-05-15 14:25:00	C1.3	11208.0	POINT(47 9)	9	47	686.0	194.0
36920	2011-05-15 16:16:00	2011-05-15 16:20:00	2011-05-15 16:22:00	B5.6	11208.0	POINT(50 10)	10	50	726.0	195.0
36930	2011-05-15 17:39:00	2011-05-15 17:43:00	2011-05-15 17:45:00	B8.4	11208.0	POINT(51 9)	9	51	732.0	189.0
36940	2011-05-15 23:25:00	2011-05-15 23:30:00	2011-05-15 23:41:00	C4.8	11208.0	POINT(46 11)	11	46	677.0	214.0
36950	2011-05-16 10:31:00	2011-05-16 10:40:00	2011-05-16 10:49:00	B5.7	11208.0	POINT(51 10)	10	51	733.0	204.0
36960	2011-05-16 22:11:00	2011-05-16 22:19:00	2011-05-16 22:27:00	B3.5	11214.0	POINT(59 11)	11	59	801.0	215.0
36970	2011-05-16 23:19:00	2011-05-16 23:23:00	2011-05-16 23:27:00	B3.0	11214.0	POINT(14 -24)	-24	14	219.0	-360.0
36980	2011-05-17 01:04:00	2011-05-17 01:09:00	2011-05-17 01:12:00	B3.5	11214.0	POINT(16 -24)	-24	16	245.0	-351.0
36990	2011-05-17 01:40:00	2011-05-17 01:43:00	2011-05-17 01:48:00	B2.6	11208.0	POINT(63 9)	9	63	840.0	174.0
37000	2011-05-17 02:35:00	2011-05-17 02:43:00	2011-05-17 02:48:00	B4.1	11214.0	POINT(17 -24)	-24	17	261.0	-351.0
37010	2011-05-17 08:58:00	2011-05-17 09:05:00	2011-05-17 09:09:00	B2.2		POINT(-89 -16)	-16	-89	-924.0	-266.0
37020	2011-05-17 11:27:00	2011-05-17 11:44:00	2011-05-17 12:02:00	B2.7		POINT(-80 22)	22	-80	-866.0	367.0
37030	2011-05-17 20:15:00	2011-05-17 20:23:00	2011-05-17 20:38:00	B5.3	11217.0	POINT(16 -25)	-25	16	249.0	-373.0
37040	2011-05-18 00:56:00	2011-05-18 01:00:00	2011-05-18 01:05:00	B2.4	11208.0	POINT(76 9)	9	76	911.0	163.0
37050	2011-05-18 05:25:00	2011-05-18 05:33:00	2011-05-18 05:44:00	B2.7	11218.0	POINT(-89 -15)	-15	-89	-915.0	-258.0
37060	2011-05-18 11:57:00	2011-05-18 12:01:00	2011-05-18 12:03:00	B2.3	11218.0	POINT(-79 -15)	-15	-79	-896.0	-254.0
37070	2011-05-18 12:48:00	2011-05-18 12:59:00	2011-05-18 13:07:00	C1.2	11218.0	POINT(-80 -16)	-16	-80	-899.0	-255.0
37080	2011-05-18 16:33:00	2011-05-18 16:37:00	2011-05-18 16:41:00	B2.0	11208.0	POINT(85 11)	11	85	927.0	186.0
37090	2011-05-18 18:02:00	2011-05-18 18:30:00	2011-05-18 19:00:00	C2.1		POINT(89 13)	13	89	954.0	222.0
37100	2011-05-19 01:59:00	2011-05-19 02:03:00	2011-05-19 02:05:00	B2.0		POINT(89 10)	10	89	950.0	177.0
37110	2011-05-19 02:09:00	2011-05-19 02:13:00	2011-05-19 02:15:00	B3.5	11208.0	POINT(87 9)	9	87	934.0	155.0
37120	2011-05-19 03:49:00	2011-05-19 04:36:00	2011-05-19 05:40:00	B3.0		POINT(33 18)	18	33	501.0	332.0
37130	2011-05-19 09:38:00	2011-05-19 09:39:00	2011-05-19 09:40:00	B2.2	11218.0	POINT(-66 -15)	-15	-66	-839.0	-245.0
37140	2011-05-21 07:35:00	2011-05-21 07:42:00	2011-05-21 07:49:00	B1.6	11214.0	POINT(67 -24)	-24	67	797.0	-381.0
37150	2011-05-21 16:06:00	2011-05-21 16:21:00	2011-05-21 16:30:00	B1.1		POINT(-75 -22)	-22	-75	-845.0	-361.0
37160	2011-05-21 19:25:00	2011-05-21 19:30:00	2011-05-21 19:30:00	B2.7	11214.0	POINT(78 -24)	-24	78	848.0	-384.0
37170	2011-05-21 22:56:00	2011-05-21 23:00:00	2011-05-21 23:02:00	B1.5		POINT(-70 8)	8	-70	-887.0	147.0
37180	2011-05-22 09:41:00	2011-05-22 10:28:00	2011-05-22 11:08:00	B1.3		POINT(-8 22)	22	-8	-134.0	395.0
37190	2011-05-22 20:04:00	2011-05-22 20:07:00	2011-05-22 20:09:00	B1.2		POINT(62 12)	12	62	821.0	215.0
37200	2011-05-23 02:37:00	2011-05-23 02:41:00	2011-05-23 02:50:00	B1.9		POINT(65 12)	12	65	843.0	222.0
37210	2011-05-23 21:16:00	2011-05-23 21:49:00	2011-05-23 22:40:00	B1.5		POINT(-5 -18)	-18	-5	-84.0	-269.0
37220	2011-05-24 06:58:00	2011-05-24 07:12:00	2011-05-24 07:55:00	B1.4		POINT(0 -17)	-17	0	11.0	-255.0
37230	2011-05-24 21:58:00	2011-05-24 22:44:00	2011-05-25 00:35:00	B2.1		POINT(89 22)	22	89	890.0	372.0
37240	2011-05-24 22:11:00	2011-05-24 22:37:00	2011-05-24 23:30:00	B2.0	11220.0	POINT(89 22)	22	89	892.0	371.0
37250	2011-05-25 03:39:00	2011-05-25 04:39:00	2011-05-25 05:30:00	B1.9	11223.0	POINT(13 -16)	-16	13	207.0	-249.0
37260	2011-05-25 03:41:00	2011-05-25 04:30:00	2011-05-25 04:57:00	B1.9	11218.0	POINT(12 -17)	-17	12	201.0	-261.0
37270	2011-05-25 20:09:00	2011-05-25 20:14:00	2011-05-25 20:18:00	B4.1	11223.0	POINT(-32 -15)	-15	-32	-491.0	-236.0
37280	2011-05-25 20:56:00	2011-05-25 21:03:00	2011-05-25 21:12:00	C1.1	11223.0	POINT(-31 -15)	-15	-31	-473.0	-234.0
37290	2011-05-25 21:50:00	2011-05-25 21:58:00	2011-05-25 22:03:00	C1.4	11223.0	POINT(-31 -15)	-15	-31	-472.0	-233.0
37300	2011-05-25 22:25:00	2011-05-25 22:31:00	2011-05-25 22:39:00	B3.0	11223.0	POINT(-30 -15)	-15	-30	-459.0	-240.0
37310	2011-05-26 00:21:00	2011-05-26 00:25:00	2011-05-26 00:28:00	B1.3	11218.0	POINT(-31 -16)	-16	-31	-471.0	-244.0
37320	2011-05-26 01:01:00	2011-05-26 01:10:00	2011-05-26 01:15:00	B4.4	11223.0	POINT(-30 -15)	-15	-30	-468.0	-234.0
37330	2011-05-26 01:44:00	2011-05-26 02:02:00	2011-05-26 02:35:00	B3.2		POINT(-29 -15)	-15	-29	-445.0	-227.0
37340	2011-05-26 16:46:00	2011-05-26 16:54:00	2011-05-26 16:54:00	B1.9	11226.0	POINT(-89 -21)	-21	-89	-900.0	-350.0
37350	2011-05-27 09:50:00	2011-05-27 09:53:00	2011-05-27 09:59:00	B4.4	11223.0	POINT(-9 -15)	-15	-9	-143.0	-245.0
37360	2011-05-27 11:58:00	2011-05-27 12:15:00	2011-05-27 12:38:00	B7.7	11226.0	POINT(-89 -21)	-21	-89	-884.0	-339.0
37370	2011-05-27 14:41:00	2011-05-27 14:46:00	2011-05-27 14:53:00	C2.1	11226.0	POINT(-89 -21)	-21	-89	-890.0	-347.0
37380	2011-05-27 15:57:00	2011-05-27 16:01:00	2011-05-27 16:15:00	B3.9		POINT(-89 13)	13	-89	-931.0	229.0
37390	2011-05-27 16:38:00	2011-05-27 16:43:00	2011-05-27 16:47:00	C5.6	11226.0	POINT(-89 -20)	-20	-89	-888.0	-338.0
37400	2011-05-27 17:53:00	2011-05-27 18:04:00	2011-05-27 18:10:00	C1.1	11226.0	POINT(-89 -21)	-21	-89	-890.0	-343.0
37410	2011-05-27 19:33:00	2011-05-27 19:43:00	2011-05-27 19:58:00	C1.4	11226.0	POINT(-89 -21)	-21	-89	-890.0	-352.0
37420	2011-05-27 20:58:00	2011-05-27 21:01:00	2011-05-27 21:05:00	B9.3	11226.0	POINT(-89 -21)	-21	-89	-890.0	-342.0
37430	2011-05-27 22:32:00	2011-05-27 22:46:00	2011-05-27 22:46:00	C1.2	11226.0	POINT(-89 -21)	-21	-89	-890.0	-351.0
37440	2011-05-28 00:27:00	2011-05-28 00:30:00	2011-05-28 00:35:00	C1.4	11226.0	POINT(-89 -23)	-23	-89	-872.0	-381.0
37450	2011-05-28 02:22:00	2011-05-28 02:32:00	2011-05-28 02:51:00	C1.6	11226.0	POINT(-82 -21)	-21	-82	-873.0	-342.0
37460	2011-05-28 03:04:00	2011-05-28 03:15:00	2011-05-28 03:31:00	C8.3	11226.0	POINT(-84 -21)	-21	-84	-875.0	-348.0
37470	2011-05-28 06:15:00	2011-05-28 06:19:00	2011-05-28 06:23:00	C1.7	11226.0	POINT(-81 -21)	-21	-81	-869.0	-349.0
37480	2011-05-28 06:51:00	2011-05-28 07:00:00	2011-05-28 07:11:00	C2.1		POINT(-82 -21)	-21	-82	-872.0	-345.0
37490	2011-05-28 08:01:00	2011-05-28 08:06:00	2011-05-28 08:09:00	C4.4	11226.0	POINT(-79 -21)	-21	-79	-866.0	-343.0
37500	2011-05-28 08:43:00	2011-05-28 08:47:00	2011-05-28 08:53:00	C5.6	11226.0	POINT(-78 -21)	-21	-78	-861.0	-349.0
37510	2011-05-28 10:22:00	2011-05-28 10:30:00	2011-05-28 10:30:00	C5.3	11226.0	POINT(-75 -21)	-21	-75	-855.0	-335.0
37520	2011-05-28 12:42:00	2011-05-28 12:45:00	2011-05-28 12:48:00	C1.9	11226.0	POINT(-74 -21)	-21	-74	-849.0	-341.0
37530	2011-05-28 13:11:00	2011-05-28 13:15:00	2011-05-28 13:17:00	C1.4	11226.0	POINT(-78 -20)	-20	-78	-870.0	-329.0
37540	2011-05-28 13:37:00	2011-05-28 13:40:00	2011-05-28 13:43:00	C1.0	11226.0	POINT(-74 -21)	-21	-74	-852.0	-337.0
37550	2011-05-28 15:20:00	2011-05-28 15:25:00	2011-05-28 15:29:00	C1.2		POINT(-75 -21)	-21	-75	-852.0	-340.0
37560	2011-05-28 15:39:00	2011-05-28 15:43:00	2011-05-28 15:47:00	C1.0	11226.0	POINT(-89 14)	14	-89	-924.0	244.0
37570	2011-05-28 17:20:00	2011-05-28 17:23:00	2011-05-28 17:26:00	C1.9	11226.0	POINT(-72 -21)	-21	-72	-842.0	-342.0
37580	2011-05-28 18:42:00	2011-05-28 18:46:00	2011-05-28 18:50:00	C2.2	11226.0	POINT(-74 -21)	-21	-74	-850.0	-335.0
37590	2011-05-28 19:44:00	2011-05-28 19:45:00	2011-05-28 19:53:00	C1.2		POINT(-74 -21)	-21	-74	-849.0	-343.0
37600	2011-05-28 21:09:00	2011-05-28 21:15:00	2011-05-28 21:24:00	C9.3	11226.0	POINT(-70 -21)	-21	-70	-834.0	-337.0
37610	2011-05-28 22:57:00	2011-05-28 23:00:00	2011-05-28 23:05:00	C2.4		POINT(-70 -21)	-21	-70	-833.0	-334.0
37620	2011-05-28 23:41:00	2011-05-28 23:46:00	2011-05-28 23:53:00	C1.4		POINT(-70 -21)	-21	-70	-832.0	-341.0
37630	2011-05-29 00:09:00	2011-05-29 00:14:00	2011-05-29 00:21:00	C2.1		POINT(-71 -21)	-21	-71	-839.0	-335.0
37640	2011-05-29 01:33:00	2011-05-29 01:42:00	2011-05-29 01:45:00	C4.6	11216.0	POINT(-70 -21)	-21	-70	-833.0	-339.0
37650	2011-05-29 01:54:00	2011-05-29 01:59:00	2011-05-29 01:59:00	C5.9	11224.0	POINT(-68 -20)	-20	-68	-824.0	-324.0
37660	2011-05-29 05:26:00	2011-05-29 05:31:00	2011-05-29 05:35:00	C1.0	11216.0	POINT(-68 -20)	-20	-68	-823.0	-331.0
37670	2011-05-29 06:12:00	2011-05-29 06:17:00	2011-05-29 06:22:00	C1.8		POINT(-67 -21)	-21	-67	-814.0	-338.0
37680	2011-05-29 07:13:00	2011-05-29 07:16:00	2011-05-29 07:19:00	B9.4		POINT(-69 -22)	-22	-69	-821.0	-351.0
37690	2011-05-29 07:25:00	2011-05-29 07:30:00	2011-05-29 07:35:00	C2.6	11226.0	POINT(-66 -20)	-20	-66	-815.0	-327.0
37700	2011-05-29 08:07:00	2011-05-29 08:15:00	2011-05-29 08:22:00	C2.1		POINT(-65 -21)	-21	-65	-803.0	-339.0
37710	2011-05-29 08:57:00	2011-05-29 09:00:00	2011-05-29 09:02:00	C1.6		POINT(-67 -21)	-21	-67	-815.0	-334.0
37720	2011-05-29 09:16:00	2011-05-29 09:24:00	2011-05-29 09:27:00	C3.7	11226.0	POINT(-66 -21)	-21	-66	-807.0	-338.0
37730	2011-05-29 09:44:00	2011-05-29 09:47:00	2011-05-29 09:49:00	C3.0	11226.0	POINT(-67 -21)	-21	-67	-812.0	-338.0
37740	2011-05-29 10:08:00	2011-05-29 10:33:00	2011-05-29 11:08:00	M1.4	11226.0	POINT(-64 -20)	-20	-64	-804.0	-322.0
37750	2011-05-29 11:36:00	2011-05-29 11:39:00	2011-05-29 11:42:00	C7.7	11226.0	POINT(-63 -21)	-21	-63	-790.0	-338.0
37760	2011-05-29 21:04:00	2011-05-29 21:15:00	2011-05-29 21:22:00	C8.7	11216.0	POINT(-72 -19)	-19	-72	-852.0	-308.0
37770	2011-05-30 02:47:00	2011-05-30 02:52:00	2011-05-30 02:55:00	C3.2	11224.0	POINT(-56 -20)	-20	-56	-735.0	-329.0
37780	2011-05-30 05:46:00	2011-05-30 05:49:00	2011-05-30 05:51:00	C3.5	11226.0	POINT(-53 -21)	-21	-53	-714.0	-335.0
37790	2011-05-30 05:59:00	2011-05-30 06:00:00	2011-05-30 06:07:00	C7.0	11226.0	POINT(-70 -20)	-20	-70	-838.0	-320.0
37800	2011-05-30 10:48:00	2011-05-30 11:01:00	2011-05-30 11:22:00	C2.8	11227.0	POINT(-59 -17)	-17	-59	-782.0	-270.0
37810	2011-05-30 20:03:00	2011-05-30 20:07:00	2011-05-30 20:09:00	B6.7		POINT(-46 -20)	-20	-46	-647.0	-326.0
37820	2011-05-31 04:34:00	2011-05-31 04:43:00	2011-05-31 04:49:00	C1.8	11227.0	POINT(-52 -20)	-20	-52	-701.0	-329.0
37830	2011-05-31 05:29:00	2011-05-31 05:53:00	2011-05-31 06:20:00	C1.7	11226.0	POINT(-41 -24)	-24	-41	-579.0	-377.0
37840	2011-05-31 17:08:00	2011-05-31 17:12:00	2011-05-31 17:14:00	B6.9	11226.0	POINT(-33 -21)	-21	-33	-480.0	-341.0
37850	2011-06-01 02:37:00	2011-06-01 02:53:00	2011-06-01 03:06:00	C2.6	11228.0	POINT(-48 16)	16	-48	-680.0	281.0
37860	2011-06-01 05:01:00	2011-06-01 05:05:00	2011-06-01 05:09:00	B7.3	11229.0	POINT(-18 18)	18	-18	-289.0	315.0
37870	2011-06-01 08:45:00	2011-06-01 09:33:00	2011-06-01 10:45:00	B7.5		POINT(-23 -20)	-20	-23	-360.0	-324.0
37880	2011-06-01 16:09:00	2011-06-01 16:16:00	2011-06-01 16:21:00	C1.6	11226.0	POINT(-20 -21)	-21	-20	-308.0	-338.0
37890	2011-06-01 16:25:00	2011-06-01 16:31:00	2011-06-01 16:39:00	C2.9	11226.0	POINT(-20 -21)	-21	-20	-310.0	-335.0
37900	2011-06-01 16:51:00	2011-06-01 17:00:00	2011-06-01 17:08:00	C4.1	11226.0	POINT(-16 -18)	-18	-16	-263.0	-291.0
37910	2011-06-02 02:39:00	2011-06-02 02:44:00	2011-06-02 02:49:00	C1.2	11226.0	POINT(-15 -22)	-22	-15	-239.0	-362.0
37920	2011-06-02 06:30:00	2011-06-02 06:31:00	2011-06-02 06:36:00	C1.4	11227.0	POINT(-12 -26)	-26	-12	-191.0	-408.0
37930	2011-06-02 07:22:00	2011-06-02 07:31:00	2011-06-02 07:31:00	C2.2	11227.0	POINT(-22 -19)	-19	-22	-341.0	-301.0
37940	2011-06-02 09:44:00	2011-06-02 09:47:00	2011-06-02 09:50:00	C2.7	11226.0	POINT(-10 -21)	-21	-10	-158.0	-347.0
37950	2011-06-02 10:22:00	2011-06-02 10:28:00	2011-06-02 10:33:00	C1.8	11232.0	POINT(-73 9)	9	-73	-895.0	161.0
37960	2011-06-03 09:58:00	2011-06-03 10:02:00	2011-06-03 10:06:00	B5.6	11232.0	POINT(-59 10)	10	-59	-802.0	180.0
37970	2011-06-03 13:45:00	2011-06-03 13:48:00	2011-06-03 13:50:00	B4.0	11226.0	POINT(6 -24)	-24	6	92.0	-381.0
37980	2011-06-03 15:58:00	2011-06-03 16:17:00	2011-06-03 16:30:00	C2.5	11226.0	POINT(4 -23)	-23	4	72.0	-373.0
37990	2011-06-03 18:49:00	2011-06-03 18:53:00	2011-06-03 18:59:00	B4.3	11226.0	POINT(11 -24)	-24	11	167.0	-390.0
38000	2011-06-03 22:19:00	2011-06-03 22:42:00	2011-06-03 22:58:00	C1.6	11226.0	POINT(8 -22)	-22	8	125.0	-362.0
38010	2011-06-04 15:45:00	2011-06-04 15:46:00	2011-06-04 15:53:00	B6.2	11226.0	POINT(17 -23)	-23	17	267.0	-371.0
38020	2011-06-04 16:32:00	2011-06-04 16:47:00	2011-06-04 17:00:00	B7.8	11228.0	POINT(3 19)	19	3	51.0	324.0
38030	2011-06-05 02:11:00	2011-06-05 02:14:00	2011-06-05 02:17:00	B3.5	11226.0	POINT(23 -23)	-23	23	348.0	-380.0
38040	2011-06-06 00:40:00	2011-06-06 00:48:00	2011-06-06 01:05:00	B4.8		POINT(41 -19)	-19	41	587.0	-313.0
38050	2011-06-06 01:28:00	2011-06-06 01:30:00	2011-06-06 01:41:00	C1.2	11226.0	POINT(41 -19)	-19	41	590.0	-310.0
38060	2011-06-06 05:24:00	2011-06-06 06:00:00	2011-06-06 06:25:00	B6.7	11228.0	POINT(25 19)	19	25	383.0	322.0
38070	2011-06-06 08:51:00	2011-06-06 08:58:00	2011-06-06 09:03:00	B3.6	11226.0	POINT(43 -20)	-20	43	607.0	-336.0
38080	2011-06-06 09:42:00	2011-06-06 09:46:00	2011-06-06 09:54:00	C1.0	11226.0	POINT(40 -23)	-23	40	565.0	-380.0
38090	2011-06-06 13:15:00	2011-06-06 13:20:00	2011-06-06 13:28:00	B6.7	11228.0	POINT(27 19)	19	27	416.0	315.0
38100	2011-06-06 14:28:00	2011-06-06 14:30:00	2011-06-06 14:36:00	B8.8	11228.0	POINT(29 19)	19	29	440.0	313.0
38110	2011-06-06 15:02:00	2011-06-06 15:06:00	2011-06-06 15:10:00	B6.1	11228.0	POINT(29 19)	19	29	445.0	319.0
38120	2011-06-06 19:23:00	2011-06-06 19:26:00	2011-06-06 19:30:00	B3.1	11226.0	POINT(46 -24)	-24	46	624.0	-389.0
38130	2011-06-06 21:12:00	2011-06-06 21:15:00	2011-06-06 21:19:00	B3.7	11226.0	POINT(47 -24)	-24	47	635.0	-396.0
38140	2011-06-07 06:16:00	2011-06-07 06:30:00	2011-06-07 06:41:00	M2.5	11226.0	POINT(53 -22)	-22	53	708.0	-356.0
38150	2011-06-08 13:48:00	2011-06-08 13:53:00	2011-06-08 13:58:00	B3.0		POINT(71 -24)	-24	71	816.0	-389.0
38160	2011-06-08 16:37:00	2011-06-08 16:45:00	2011-06-08 16:51:00	B6.9	11226.0	POINT(73 -26)	-26	73	813.0	-417.0
38170	2011-06-09 03:07:00	2011-06-09 03:15:00	2011-06-09 03:21:00	C1.8	11226.0	POINT(81 -24)	-24	81	848.0	-399.0
38180	2011-06-09 03:40:00	2011-06-09 03:48:00	2011-06-09 03:58:00	C4.1	11226.0	POINT(83 -26)	-26	83	840.0	-419.0
38190	2011-06-09 10:20:00	2011-06-09 10:28:00	2011-06-09 10:31:00	C1.0	11234.0	POINT(-69 -16)	-16	-69	-850.0	-265.0
38200	2011-06-09 20:02:00	2011-06-09 21:00:00	2011-06-09 21:25:00	B4.2		POINT(77 20)	20	77	862.0	337.0
38210	2011-06-10 03:24:00	2011-06-10 03:28:00	2011-06-10 03:32:00	B2.0	11234.0	POINT(-61 -16)	-16	-61	-801.0	-270.0
38220	2011-06-10 15:39:00	2011-06-10 15:44:00	2011-06-10 15:47:00	B2.3	11228.0	POINT(78 18)	18	78	879.0	300.0
38230	2011-06-10 17:39:00	2011-06-10 17:45:00	2011-06-10 17:51:00	C2.9	11226.0	POINT(89 -25)	-25	89	868.0	-406.0
38240	2011-06-10 22:19:00	2011-06-10 22:28:00	2011-06-10 22:35:00	B4.1		POINT(81 21)	21	81	870.0	342.0
38250	2011-06-11 07:15:00	2011-06-11 07:20:00	2011-06-11 07:23:00	B2.8	11234.0	POINT(-44 -17)	-17	-44	-628.0	-293.0
38260	2011-06-11 08:39:00	2011-06-11 08:45:00	2011-06-11 08:49:00	B2.9	11234.0	POINT(89 20)	20	89	887.0	329.0
38270	2011-06-11 15:53:00	2011-06-11 16:31:00	2011-06-11 17:25:00	B2.6		POINT(89 18)	18	89	951.0	314.0
38280	2011-06-11 19:13:00	2011-06-11 19:15:00	2011-06-11 19:23:00	B4.0		POINT(89 19)	19	89	900.0	311.0
38290	2011-06-11 22:49:00	2011-06-11 22:53:00	2011-06-11 23:00:00	B3.4	11234.0	POINT(-33 -15)	-15	-33	-502.0	-257.0
38300	2011-06-12 00:40:00	2011-06-12 01:15:00	2011-06-12 01:49:00	B4.6	11232.0	POINT(59 10)	10	59	798.0	174.0
38310	2011-06-12 02:28:00	2011-06-12 02:52:00	2011-06-12 03:25:00	B2.2		POINT(59 14)	14	59	786.0	230.0
38320	2011-06-12 04:00:00	2011-06-12 04:26:00	2011-06-12 05:05:00	B3.1		POINT(-89 17)	17	-89	-912.0	296.0
38330	2011-06-12 05:58:00	2011-06-12 06:37:00	2011-06-12 07:10:00	B2.4		POINT(-89 22)	22	-89	-895.0	372.0
38340	2011-06-12 17:03:00	2011-06-12 17:14:00	2011-06-12 17:22:00	B8.6	11232.0	POINT(-89 16)	16	-89	-917.0	273.0
38350	2011-06-13 00:49:00	2011-06-13 00:55:00	2011-06-13 01:03:00	C1.2	11236.0	POINT(-89 17)	17	-89	-909.0	291.0
38360	2011-06-13 03:17:00	2011-06-13 04:04:00	2011-06-13 04:40:00	B6.4		POINT(-89 14)	14	-89	-992.0	254.0
38370	2011-06-13 05:25:00	2011-06-13 05:45:00	2011-06-13 06:15:00	B8.7		POINT(-89 14)	14	-89	-927.0	239.0
38380	2011-06-13 06:12:00	2011-06-13 06:16:00	2011-06-13 06:18:00	B9.7	11234.0	POINT(-89 17)	17	-89	-908.0	284.0
38390	2011-06-13 14:42:00	2011-06-13 14:45:00	2011-06-13 14:49:00	B5.4	11234.0	POINT(-89 17)	17	-89	-905.0	283.0
38400	2011-06-13 15:44:00	2011-06-13 15:47:00	2011-06-13 15:55:00	B4.7	11234.0	POINT(-89 16)	16	-89	-909.0	275.0
38410	2011-06-13 19:33:00	2011-06-13 19:37:00	2011-06-13 19:41:00	B5.3	11235.0	POINT(-86 15)	15	-86	-909.0	248.0
38420	2011-06-13 20:16:00	2011-06-13 20:19:00	2011-06-13 20:23:00	B5.9		POINT(-82 17)	17	-82	-894.0	281.0
38430	2011-06-13 22:11:00	2011-06-13 22:16:00	2011-06-13 22:19:00	B7.1	11236.0	POINT(-86 19)	19	-86	-890.0	307.0
38440	2011-06-14 00:12:00	2011-06-14 00:16:00	2011-06-14 00:22:00	B4.6		POINT(-89 16)	16	-89	-910.0	263.0
38450	2011-06-14 00:32:00	2011-06-14 00:41:00	2011-06-14 00:49:00	C1.8	11236.0	POINT(-89 15)	15	-89	-923.0	248.0
38460	2011-06-14 02:04:00	2011-06-14 02:12:00	2011-06-14 02:20:00	B5.7	11234.0	POINT(-89 16)	16	-89	-906.0	270.0
38470	2011-06-14 07:37:00	2011-06-14 07:45:00	2011-06-14 07:51:00	B3.0		POINT(-89 14)	14	-89	-918.0	240.0
38480	2011-06-14 08:25:00	2011-06-14 08:34:00	2011-06-14 08:50:00	B5.0		POINT(-89 14)	14	-89	-919.0	237.0
38490	2011-06-14 11:13:00	2011-06-14 11:29:00	2011-06-14 11:36:00	C2.2	11236.0	POINT(-89 15)	15	-89	-911.0	249.0
38500	2011-06-14 13:19:00	2011-06-14 13:26:00	2011-06-14 13:32:00	B7.8	11236.0	POINT(-84 14)	14	-84	-909.0	237.0
38510	2011-06-14 21:36:00	2011-06-14 21:47:00	2011-06-14 22:10:00	M1.3	11236.0	POINT(-78 14)	14	-78	-894.0	238.0
38520	2011-06-15 11:41:00	2011-06-15 11:45:00	2011-06-15 11:50:00	C2.6	11236.0	POINT(-71 14)	14	-71	-870.0	224.0
38530	2011-06-15 13:43:00	2011-06-15 13:46:00	2011-06-15 13:50:00	B7.9	11236.0	POINT(-70 13)	13	-70	-869.0	210.0
38540	2011-06-15 14:19:00	2011-06-15 14:32:00	2011-06-15 14:45:00	C3.2	11234.0	POINT(17 -16)	-16	17	266.0	-281.0
38550	2011-06-15 15:19:00	2011-06-15 15:25:00	2011-06-15 15:30:00	B8.3	11234.0	POINT(17 -15)	-15	17	272.0	-272.0
38560	2011-06-15 17:13:00	2011-06-15 17:18:00	2011-06-15 17:27:00	B6.3		POINT(18 -15)	-15	18	290.0	-266.0
38570	2011-06-15 20:58:00	2011-06-15 21:02:00	2011-06-15 21:04:00	B7.5	11234.0	POINT(19 -16)	-16	19	308.0	-277.0
38580	2011-06-16 03:55:00	2011-06-16 04:00:00	2011-06-16 04:07:00	B8.8	11236.0	POINT(-59 14)	14	-59	-789.0	234.0
38590	2011-06-16 06:18:00	2011-06-16 06:23:00	2011-06-16 06:28:00	C1.2		POINT(-89 -18)	-18	-89	-906.0	-311.0
38600	2011-06-16 10:13:00	2011-06-16 10:22:00	2011-06-16 10:29:00	C7.1	11236.0	POINT(-56 15)	15	-56	-759.0	236.0
38610	2011-06-16 11:56:00	2011-06-16 12:00:00	2011-06-16 12:08:00	C1.8		POINT(-89 -18)	-18	-89	-908.0	-303.0
38620	2011-06-16 15:37:00	2011-06-16 15:43:00	2011-06-16 15:48:00	C1.0	11236.0	POINT(-55 12)	12	-55	-757.0	195.0
38630	2011-06-16 23:10:00	2011-06-16 23:16:00	2011-06-16 23:19:00	B6.3	11236.0	POINT(-48 13)	13	-48	-688.0	206.0
38640	2011-06-16 23:24:00	2011-06-16 23:48:00	2011-06-17 00:08:00	B8.6		POINT(-49 16)	16	-49	-687.0	251.0
38650	2011-06-17 02:37:00	2011-06-17 02:41:00	2011-06-17 02:44:00	B6.0	11236.0	POINT(-45 13)	13	-45	-662.0	204.0
38660	2011-06-17 06:41:00	2011-06-17 06:46:00	2011-06-17 06:54:00	B7.4	11237.0	POINT(-83 -19)	-19	-83	-886.0	-309.0
38670	2011-06-17 11:55:00	2011-06-17 12:33:00	2011-06-17 12:45:00	B8.3		POINT(-40 13)	13	-40	-603.0	204.0
38680	2011-06-17 15:10:00	2011-06-17 15:19:00	2011-06-17 15:34:00	B5.8		POINT(43 -14)	-14	43	628.0	-245.0
38690	2011-06-17 16:07:00	2011-06-17 16:10:00	2011-06-17 16:12:00	B5.1	11234.0	POINT(42 -16)	-16	42	616.0	-290.0
38700	2011-06-17 17:05:00	2011-06-17 17:12:00	2011-06-17 17:12:00	B4.7	11237.0	POINT(-77 -19)	-19	-77	-868.0	-321.0
38710	2011-06-17 21:58:00	2011-06-17 22:06:00	2011-06-17 22:25:00	C1.0	11237.0	POINT(46 -16)	-16	46	659.0	-279.0
38720	2011-06-17 22:32:00	2011-06-17 22:35:00	2011-06-17 22:38:00	B7.9	11234.0	POINT(47 -14)	-14	47	673.0	-252.0
38730	2011-06-17 22:59:00	2011-06-17 23:00:00	2011-06-17 23:04:00	B6.7	11237.0	POINT(47 -14)	-14	47	676.0	-257.0
38740	2011-06-17 23:37:00	2011-06-17 23:42:00	2011-06-17 23:49:00	C3.9	11234.0	POINT(48 -14)	-14	48	682.0	-256.0
38750	2011-06-18 00:16:00	2011-06-18 00:21:00	2011-06-18 00:25:00	B8.6	11234.0	POINT(-36 12)	12	-36	-543.0	192.0
38760	2011-06-18 00:54:00	2011-06-18 01:00:00	2011-06-18 01:04:00	B8.8	11234.0	POINT(47 -14)	-14	47	679.0	-254.0
38770	2011-06-18 10:34:00	2011-06-18 10:42:00	2011-06-18 10:42:00	B4.8	11236.0	POINT(-29 15)	15	-29	-448.0	228.0
38780	2011-06-18 22:18:00	2011-06-18 22:22:00	2011-06-18 22:27:00	B4.5	11237.0	POINT(-57 -18)	-18	-57	-758.0	-311.0
38790	2011-06-18 23:16:00	2011-06-18 23:19:00	2011-06-18 23:23:00	B3.1	11237.0	POINT(-55 -17)	-17	-55	-742.0	-302.0
38800	2011-06-19 02:23:00	2011-06-19 02:30:00	2011-06-19 02:34:00	B9.1	11234.0	POINT(-19 15)	15	-19	-308.0	239.0
38810	2011-06-19 13:30:00	2011-06-19 13:36:00	2011-06-19 13:38:00	B8.4	11234.0	POINT(76 -15)	-15	76	884.0	-257.0
38820	2011-06-19 15:17:00	2011-06-19 15:22:00	2011-06-19 15:24:00	C4.7	11234.0	POINT(77 -15)	-15	77	887.0	-261.0
38830	2011-06-19 15:49:00	2011-06-19 16:28:00	2011-06-19 17:10:00	C1.5		POINT(-51 -21)	-21	-51	-692.0	-363.0
38840	2011-06-19 15:54:00	2011-06-19 15:57:00	2011-06-19 16:00:00	B6.5		POINT(-14 12)	12	-14	-225.0	179.0
38850	2011-06-19 16:03:00	2011-06-19 16:37:00	2011-06-19 16:53:00	C1.5	11237.0	POINT(-52 -21)	-21	-52	-692.0	-366.0
38860	2011-06-20 01:24:00	2011-06-20 01:27:00	2011-06-20 01:31:00	B3.5	11234.0	POINT(75 -15)	-15	75	881.0	-252.0
38870	2011-06-20 06:03:00	2011-06-20 06:07:00	2011-06-20 06:10:00	B4.0	11234.0	POINT(81 -16)	-16	81	896.0	-266.0
38880	2011-06-21 01:22:00	2011-06-21 03:25:00	2011-06-21 04:27:00	C7.7	11236.0	POINT(9 14)	14	9	146.0	215.0
38890	2011-06-22 04:53:00	2011-06-22 04:58:00	2011-06-22 05:04:00	B2.8	11239.0	POINT(22 16)	16	22	353.0	249.0
38900	2011-06-23 02:10:00	2011-06-23 02:13:00	2011-06-23 02:17:00	B2.8	11240.0	POINT(-16 -20)	-20	-16	-249.0	-352.0
38910	2011-06-23 12:36:00	2011-06-23 12:40:00	2011-06-23 12:43:00	B5.7	11236.0	POINT(47 16)	16	47	666.0	240.0
38920	2011-06-23 14:01:00	2011-06-23 14:07:00	2011-06-23 14:16:00	B4.3	11236.0	POINT(48 17)	17	48	673.0	270.0
38930	2011-06-23 22:29:00	2011-06-23 22:33:00	2011-06-23 22:37:00	B3.4	11236.0	POINT(52 18)	18	52	709.0	284.0
38940	2011-06-24 15:42:00	2011-06-24 15:49:00	2011-06-24 15:53:00	B4.4	11236.0	POINT(62 16)	16	62	804.0	248.0
38950	2011-06-24 20:42:00	2011-06-24 20:45:00	2011-06-24 20:47:00	B3.1	11236.0	POINT(64 16)	16	64	820.0	256.0
38960	2011-06-25 10:15:00	2011-06-25 10:16:00	2011-06-25 10:20:00	B4.3	11236.0	POINT(66 16)	16	66	831.0	249.0
38970	2011-06-27 06:30:00	2011-06-27 06:33:00	2011-06-27 06:37:00	B7.5	11236.0	POINT(89 19)	19	89	896.0	309.0
38980	2011-06-27 12:13:00	2011-06-27 12:15:00	2011-06-27 12:20:00	B3.2	11241.0	POINT(-89 15)	15	-89	-911.0	255.0
38990	2011-06-27 15:28:00	2011-06-27 15:30:00	2011-06-27 15:42:00	B6.6	11236.0	POINT(-89 15)	15	-89	-911.0	252.0
39000	2011-06-28 00:27:00	2011-06-28 01:07:00	2011-06-28 02:05:00	B6.5	11236.0	POINT(89 22)	22	89	927.0	381.0
39010	2011-06-28 06:44:00	2011-06-28 06:47:00	2011-06-28 06:49:00	B3.2	11243.0	POINT(-77 15)	15	-77	-886.0	248.0
39020	2011-06-28 13:05:00	2011-06-28 13:15:00	2011-06-28 13:21:00	B9.6	11236.0	POINT(89 22)	22	89	888.0	363.0
39030	2011-06-28 18:46:00	2011-06-28 19:10:00	2011-06-28 19:50:00	B3.2	11236.0	POINT(89 23)	23	89	884.0	383.0
39040	2011-06-29 00:20:00	2011-06-29 00:32:00	2011-06-29 00:57:00	B7.3	11240.0	POINT(81 -19)	-19	81	878.0	-326.0
39050	2011-06-29 09:47:00	2011-06-29 09:53:00	2011-06-29 09:59:00	B5.5	11242.0	POINT(69 -18)	-18	69	838.0	-316.0
39060	2011-06-29 17:01:00	2011-06-29 17:05:00	2011-06-29 17:07:00	B2.3	11242.0	POINT(12 17)	17	12	194.0	245.0
39070	2011-06-29 19:48:00	2011-06-29 19:52:00	2011-06-29 20:02:00	B2.5	11240.0	POINT(-57 18)	18	-57	-750.0	281.0
39080	2011-06-30 22:10:00	2011-06-30 22:15:00	2011-06-30 22:20:00	B3.5	11243.0	POINT(-38 15)	15	-38	-565.0	224.0
39090	2011-07-01 06:12:00	2011-07-01 06:15:00	2011-07-01 06:17:00	B2.2		POINT(-33 14)	14	-33	-507.0	196.0
39100	2011-07-01 07:14:00	2011-07-01 07:15:00	2011-07-01 07:21:00	B5.3	11243.0	POINT(-32 15)	15	-32	-488.0	213.0
39110	2011-07-01 08:28:00	2011-07-01 08:30:00	2011-07-01 08:36:00	B3.7	11243.0	POINT(-31 14)	14	-31	-483.0	197.0
39120	2011-07-01 12:34:00	2011-07-01 12:40:00	2011-07-01 12:40:00	B4.1	11244.0	POINT(6 14)	14	6	107.0	186.0
39130	2011-07-01 21:05:00	2011-07-01 21:11:00	2011-07-01 21:17:00	B2.4	11243.0	POINT(-24 14)	14	-24	-387.0	188.0
39140	2011-07-02 11:17:00	2011-07-02 11:21:00	2011-07-02 11:25:00	B1.7	11242.0	POINT(48 17)	17	48	677.0	253.0
39150	2011-07-02 23:06:00	2011-07-02 23:10:00	2011-07-02 23:13:00	B3.7	11244.0	POINT(23 16)	16	23	360.0	218.0
39160	2011-07-03 00:01:00	2011-07-03 00:13:00	2011-07-03 00:24:00	B9.5	11244.0	POINT(26 13)	13	26	412.0	180.0
39170	2011-07-03 05:52:00	2011-07-03 06:31:00	2011-07-03 06:42:00	B2.6	11244.0	POINT(27 17)	17	27	414.0	240.0
39180	2011-07-03 08:01:00	2011-07-03 08:07:00	2011-07-03 08:07:00	B2.0	11244.0	POINT(29 16)	16	29	450.0	225.0
39190	2011-07-03 09:33:00	2011-07-03 09:40:00	2011-07-03 09:47:00	B4.8	11244.0	POINT(28 16)	16	28	433.0	219.0
39200	2011-07-03 10:54:00	2011-07-03 11:00:00	2011-07-03 11:06:00	C2.1	11244.0	POINT(29 16)	16	29	440.0	224.0
39210	2011-07-03 12:34:00	2011-07-03 12:42:00	2011-07-03 12:48:00	B4.8	11244.0	POINT(30 16)	16	30	462.0	225.0
39220	2011-07-03 15:02:00	2011-07-03 15:15:00	2011-07-03 15:18:00	B7.8	11244.0	POINT(31 16)	16	31	473.0	225.0
39230	2011-07-04 12:48:00	2011-07-04 12:52:00	2011-07-04 12:56:00	B2.5	11242.0	POINT(76 16)	16	76	879.0	258.0
39240	2011-07-04 16:53:00	2011-07-04 16:56:00	2011-07-04 16:58:00	B1.7	11242.0	POINT(83 17)	17	83	894.0	279.0
39250	2011-07-04 20:24:00	2011-07-04 20:27:00	2011-07-04 20:29:00	B1.5		POINT(20 16)	16	20	318.0	216.0
39260	2011-07-04 23:12:00	2011-07-04 23:15:00	2011-07-04 23:17:00	B2.7	11243.0	POINT(23 17)	17	23	360.0	230.0
39270	2011-07-05 00:18:00	2011-07-05 00:23:00	2011-07-05 00:26:00	B2.9	11242.0	POINT(85 15)	15	85	903.0	254.0
39280	2011-07-05 00:45:00	2011-07-05 00:48:00	2011-07-05 00:50:00	B1.6	11243.0	POINT(24 16)	16	24	371.0	225.0
39290	2011-07-05 09:56:00	2011-07-05 10:00:00	2011-07-05 10:03:00	B1.8	11242.0	POINT(89 16)	16	89	909.0	270.0
39300	2011-07-05 21:48:00	2011-07-05 21:56:00	2011-07-05 22:20:00	B2.7	11243.0	POINT(30 16)	16	30	464.0	221.0
39310	2011-07-05 23:47:00	2011-07-05 23:58:00	2011-07-06 00:11:00	B1.1		POINT(67 16)	16	67	834.0	245.0
39320	2011-07-07 01:28:00	2011-07-07 01:30:00	2011-07-07 01:39:00	B2.2	11243.0	POINT(46 16)	16	46	654.0	226.0
39330	2011-07-07 01:54:00	2011-07-07 01:59:00	2011-07-07 02:02:00	B3.1	11244.0	POINT(80 17)	17	80	889.0	267.0
39340	2011-07-07 02:31:00	2011-07-07 02:43:00	2011-07-07 02:57:00	C1.0	11243.0	POINT(46 16)	16	46	653.0	235.0
39350	2011-07-07 03:47:00	2011-07-07 03:50:00	2011-07-07 03:52:00	B1.5	11243.0	POINT(89 14)	14	89	916.0	240.0
39360	2011-07-07 05:09:00	2011-07-07 05:12:00	2011-07-07 05:15:00	B2.6	11244.0	POINT(85 15)	15	85	906.0	243.0
39370	2011-07-07 07:34:00	2011-07-07 07:38:00	2011-07-07 07:43:00	B2.2	11243.0	POINT(48 17)	17	48	676.0	240.0
39380	2011-07-07 08:19:00	2011-07-07 08:23:00	2011-07-07 08:27:00	B3.2	11244.0	POINT(83 15)	15	83	903.0	249.0
39390	2011-07-07 09:04:00	2011-07-07 09:08:00	2011-07-07 09:11:00	B1.7	11243.0	POINT(86 16)	16	86	902.0	266.0
39400	2011-07-07 11:05:00	2011-07-07 11:12:00	2011-07-07 11:17:00	B6.3	11245.0	POINT(-67 15)	15	-67	-841.0	227.0
39410	2011-07-07 12:39:00	2011-07-07 12:42:00	2011-07-07 12:44:00	B3.4	11243.0	POINT(54 18)	18	54	729.0	261.0
39420	2011-07-07 14:25:00	2011-07-07 14:30:00	2011-07-07 14:34:00	B7.6		POINT(89 15)	15	89	917.0	253.0
39430	2011-07-07 15:49:00	2011-07-07 15:58:00	2011-07-07 16:01:00	B3.1	11245.0	POINT(89 15)	15	89	913.0	253.0
39440	2011-07-07 16:29:00	2011-07-07 16:30:00	2011-07-07 16:34:00	B2.6		POINT(89 17)	17	89	905.0	283.0
39450	2011-07-07 20:09:00	2011-07-07 20:14:00	2011-07-07 20:17:00	B3.4		POINT(89 17)	17	89	906.0	288.0
39460	2011-07-07 20:24:00	2011-07-07 20:28:00	2011-07-07 20:30:00	B6.4		POINT(89 15)	15	89	917.0	256.0
39470	2011-07-08 02:53:00	2011-07-08 02:57:00	2011-07-08 02:57:00	B3.0	11243.0	POINT(89 18)	18	89	903.0	296.0
39480	2011-07-08 09:39:00	2011-07-08 09:47:00	2011-07-08 09:54:00	C3.0	11247.0	POINT(-19 -19)	-19	-19	-302.0	-368.0
39490	2011-07-08 11:41:00	2011-07-08 11:45:00	2011-07-08 11:51:00	C2.8	11247.0	POINT(-17 -19)	-19	-17	-273.0	-373.0
39500	2011-07-08 13:19:00	2011-07-08 13:31:00	2011-07-08 13:34:00	C3.1	11247.0	POINT(-17 -19)	-19	-17	-269.0	-369.0
39510	2011-07-08 14:56:00	2011-07-08 15:03:00	2011-07-08 15:08:00	C2.3	11247.0	POINT(-17 -19)	-19	-17	-264.0	-372.0
39520	2011-07-08 18:12:00	2011-07-08 18:15:00	2011-07-08 18:20:00	B6.1	11247.0	POINT(-14 -19)	-19	-14	-227.0	-377.0
39530	2011-07-08 23:15:00	2011-07-09 01:08:00	2011-07-09 03:05:00	B4.9		POINT(-19 -18)	-18	-19	-306.0	-350.0
39540	2011-07-08 23:57:00	2011-07-09 00:28:00	2011-07-09 02:09:00	B4.7	11247.0	POINT(-20 -17)	-17	-20	-311.0	-344.0
39550	2011-07-09 09:21:00	2011-07-09 09:25:00	2011-07-09 09:28:00	B4.2	11243.0	POINT(76 15)	15	76	887.0	233.0
39560	2011-07-10 16:32:00	2011-07-10 16:38:00	2011-07-10 16:43:00	B2.7	11247.0	POINT(12 -19)	-19	12	185.0	-375.0
39570	2011-07-11 01:12:00	2011-07-11 01:17:00	2011-07-11 01:20:00	B3.6	11245.0	POINT(13 -18)	-18	13	213.0	-362.0
39580	2011-07-11 10:47:00	2011-07-11 11:03:00	2011-07-11 11:10:00	C2.6	11249.0	POINT(19 -18)	-18	19	296.0	-360.0
39590	2011-07-12 00:25:00	2011-07-12 00:28:00	2011-07-12 00:30:00	B5.1		POINT(-89 14)	14	-89	-917.0	233.0
39600	2011-07-12 14:44:00	2011-07-12 14:49:00	2011-07-12 14:55:00	C2.0	11247.0	POINT(34 -19)	-19	34	509.0	-362.0
39610	2011-07-12 15:25:00	2011-07-12 15:33:00	2011-07-12 15:41:00	B8.0	11247.0	POINT(33 -19)	-19	33	488.0	-364.0
39620	2011-07-12 22:30:00	2011-07-12 23:29:00	2011-07-13 00:00:00	B5.0		POINT(-88 23)	23	-88	-869.0	377.0
39630	2011-07-12 23:29:00	2011-07-12 23:39:00	2011-07-12 23:46:00	B5.0		POINT(-88 25)	25	-88	-863.0	407.0
39640	2011-07-13 00:47:00	2011-07-13 00:50:00	2011-07-13 00:54:00	B3.3		POINT(-23 -28)	-28	-23	-330.0	-508.0
39650	2011-07-13 01:07:00	2011-07-13 01:29:00	2011-07-13 01:42:00	B4.9		POINT(-88 -22)	-22	-88	-896.0	-366.0
39660	2011-07-13 04:21:00	2011-07-13 04:27:00	2011-07-13 04:42:00	B5.1	11247.0	POINT(42 -19)	-19	42	599.0	-358.0
39670	2011-07-13 09:31:00	2011-07-13 09:35:00	2011-07-13 09:39:00	B4.1	11247.0	POINT(44 -19)	-19	44	623.0	-354.0
39680	2011-07-13 17:04:00	2011-07-13 17:08:00	2011-07-13 17:16:00	B3.5		POINT(-87 -23)	-23	-87	-870.0	-371.0
39690	2011-07-13 21:35:00	2011-07-13 21:38:00	2011-07-13 21:41:00	B4.3		POINT(-85 -44)	-44	-85	1229.0	1229.0
39700	2011-07-13 23:21:00	2011-07-13 23:25:00	2011-07-13 23:29:00	B5.7	11254.0	POINT(-79 -22)	-22	-79	-853.0	-378.0
39710	2011-07-14 00:48:00	2011-07-14 00:52:00	2011-07-14 00:56:00	B4.0	11254.0	POINT(-80 -22)	-22	-80	-857.0	-377.0
39720	2011-07-15 15:28:00	2011-07-15 15:32:00	2011-07-15 15:35:00	B2.3		POINT(-55 -23)	-23	-55	-714.0	-408.0
39730	2011-07-15 21:34:00	2011-07-15 21:38:00	2011-07-15 23:41:00	B3.6		POINT(88 -19)	-19	88	894.0	-309.0
39740	2011-07-16 07:47:00	2011-07-16 07:51:00	2011-07-16 07:55:00	B3.6	11249.0	POINT(-47 -24)	-24	-47	-636.0	-430.0
39750	2011-07-16 16:59:00	2011-07-16 17:05:00	2011-07-16 17:11:00	B6.3	11254.0	POINT(-43 -23)	-23	-43	-594.0	-431.0
39760	2011-07-17 07:52:00	2011-07-17 08:22:00	2011-07-17 08:28:00	B4.9	11257.0	POINT(47 20)	20	47	657.0	282.0
39770	2011-07-17 10:26:00	2011-07-17 10:29:00	2011-07-17 10:32:00	B3.5	11257.0	POINT(-32 -22)	-22	-32	-463.0	-420.0
39780	2011-07-17 11:28:00	2011-07-17 11:32:00	2011-07-17 11:36:00	B4.1	11257.0	POINT(-17 16)	16	-17	-278.0	200.0
39790	2011-07-17 18:52:00	2011-07-17 19:26:00	2011-07-17 19:46:00	B7.9	11257.0	POINT(54 20)	20	54	724.0	284.0
39800	2011-07-17 18:53:00	2011-07-17 18:58:00	2011-07-17 19:10:00	B5.3	11257.0	POINT(-26 -22)	-22	-26	-396.0	-422.0
39810	2011-07-17 19:30:00	2011-07-17 19:35:00	2011-07-17 19:45:00	B8.0	11257.0	POINT(56 20)	20	56	741.0	284.0
39820	2011-07-17 19:50:00	2011-07-17 20:05:00	2011-07-17 20:16:00	B8.0		POINT(55 20)	20	55	729.0	293.0
39830	2011-07-18 10:19:00	2011-07-18 10:28:00	2011-07-18 10:38:00	C1.0	11254.0	POINT(-18 -24)	-24	-18	-273.0	-453.0
39840	2011-07-18 15:12:00	2011-07-18 15:17:00	2011-07-18 15:24:00	B4.3	11254.0	POINT(-77 22)	22	-77	-850.0	350.0
39850	2011-07-18 20:44:00	2011-07-18 21:14:00	2011-07-18 21:29:00	B4.4		POINT(-13 -21)	-21	-13	-200.0	-422.0
39860	2011-07-18 23:31:00	2011-07-18 23:40:00	2011-07-18 23:58:00	B4.5	11255.0	POINT(9 20)	20	9	146.0	262.0
39870	2011-07-19 03:07:00	2011-07-19 03:29:00	2011-07-19 03:42:00	B5.4		POINT(74 19)	19	74	862.0	288.0
39880	2011-07-19 05:12:00	2011-07-19 05:30:00	2011-07-19 05:38:00	B4.0		POINT(78 19)	19	78	873.0	293.0
39890	2011-07-19 10:54:00	2011-07-19 11:01:00	2011-07-19 11:09:00	B5.8	11254.0	POINT(-5 -24)	-24	-5	-78.0	-461.0
39900	2011-07-19 11:24:00	2011-07-19 11:27:00	2011-07-19 11:30:00	B7.1	11254.0	POINT(-3 -21)	-21	-3	-59.0	-419.0
39910	2011-07-19 22:30:00	2011-07-19 23:36:00	2011-07-20 00:23:00	B5.3		POINT(2 -26)	-26	2	29.0	-492.0
39920	2011-07-19 22:34:00	2011-07-19 23:30:00	2011-07-20 00:09:00	B5.2	11254.0	POINT(1 -26)	-26	1	28.0	-493.0
39930	2011-07-20 03:15:00	2011-07-20 03:18:00	2011-07-20 03:23:00	B3.2		POINT(83 20)	20	83	876.0	325.0
39940	2011-07-20 09:57:00	2011-07-20 10:00:00	2011-07-20 10:05:00	B7.2	11254.0	POINT(5 -26)	-26	5	84.0	-494.0
39950	2011-07-20 15:45:00	2011-07-20 15:51:00	2011-07-20 15:58:00	B8.3	11254.0	POINT(6 -27)	-27	6	101.0	-503.0
39960	2011-07-20 17:51:00	2011-07-20 17:56:00	2011-07-20 18:01:00	B5.1	11259.0	POINT(-47 25)	25	-47	-633.0	356.0
39970	2011-07-20 19:59:00	2011-07-20 20:00:00	2011-07-20 20:06:00	B4.0		POINT(-48 24)	24	-48	-640.0	345.0
39980	2011-07-20 21:13:00	2011-07-20 21:17:00	2011-07-20 21:21:00	B4.0		POINT(-46 25)	25	-46	-617.0	361.0
39990	2011-07-21 15:00:00	2011-07-21 15:03:00	2011-07-21 15:09:00	B3.0	11254.0	POINT(22 -22)	-22	22	340.0	-433.0
40000	2011-07-22 03:38:00	2011-07-22 03:43:00	2011-07-22 03:46:00	B3.1	11254.0	POINT(29 -24)	-24	29	422.0	-458.0
40010	2011-07-22 04:15:00	2011-07-22 04:16:00	2011-07-22 04:20:00	B5.7	11254.0	POINT(29 -24)	-24	29	428.0	-456.0
40020	2011-07-22 09:51:00	2011-07-22 09:55:00	2011-07-22 09:58:00	B5.0		POINT(85 11)	11	85	922.0	180.0
40030	2011-07-23 13:03:00	2011-07-23 13:09:00	2011-07-23 13:17:00	B4.1	11260.0	POINT(-88 18)	18	-88	-902.0	309.0
40040	2011-07-23 14:45:00	2011-07-23 14:49:00	2011-07-23 14:53:00	B5.4	11260.0	POINT(-89 19)	19	-89	-892.0	306.0
40050	2011-07-24 21:49:00	2011-07-24 21:55:00	2011-07-24 22:03:00	B4.1	11260.0	POINT(-79 18)	18	-79	-880.0	289.0
40060	2011-07-24 22:41:00	2011-07-24 22:45:00	2011-07-24 22:50:00	B7.4	11260.0	POINT(-86 19)	19	-86	-890.0	306.0
40070	2011-07-25 05:14:00	2011-07-25 05:22:00	2011-07-25 05:47:00	B2.7		POINT(-88 16)	16	-88	-927.0	268.0
40080	2011-07-25 10:14:00	2011-07-25 10:20:00	2011-07-25 10:28:00	B4.2		POINT(-88 16)	16	-88	-915.0	276.0
40090	2011-07-25 12:34:00	2011-07-25 12:48:00	2011-07-26 00:05:00	B4.2	11260.0	POINT(-71 19)	19	-71	-843.0	286.0
40100	2011-07-25 13:35:00	2011-07-25 13:41:00	2011-07-25 13:53:00	B3.4		POINT(15 24)	24	15	234.0	310.0
40110	2011-07-25 16:24:00	2011-07-25 16:28:00	2011-07-25 16:30:00	B7.2		POINT(-88 15)	15	-88	-915.0	252.0
40120	2011-07-25 17:58:00	2011-07-25 18:02:00	2011-07-25 18:07:00	B6.1	11260.0	POINT(-88 14)	14	-88	-920.0	246.0
40130	2011-07-26 02:50:00	2011-07-26 02:55:00	2011-07-26 03:02:00	B7.6	11260.0	POINT(-58 17)	17	-58	-767.0	244.0
40140	2011-07-26 03:17:00	2011-07-26 03:39:00	2011-07-26 03:48:00	C1.2	11260.0	POINT(-58 18)	18	-58	-768.0	249.0
40150	2011-07-26 07:38:00	2011-07-26 07:45:00	2011-07-26 07:52:00	B6.5	11260.0	POINT(-56 17)	17	-56	-747.0	244.0
40160	2011-07-26 09:48:00	2011-07-26 09:55:00	2011-07-26 10:01:00	B5.8		POINT(-53 17)	17	-53	-728.0	240.0
40170	2011-07-26 11:12:00	2011-07-26 11:15:00	2011-07-26 11:22:00	B9.4	11261.0	POINT(-87 17)	17	-87	-898.0	282.0
40180	2011-07-26 14:19:00	2011-07-26 14:33:00	2011-07-26 15:02:00	B7.1		POINT(-51 18)	18	-51	-704.0	246.0
40190	2011-07-26 15:53:00	2011-07-26 15:56:00	2011-07-26 16:00:00	B6.9	11261.0	POINT(-53 18)	18	-53	-723.0	246.0
40200	2011-07-26 21:53:00	2011-07-26 22:41:00	2011-07-26 22:53:00	C3.8	11260.0	POINT(-48 18)	18	-48	-672.0	236.0
40210	2011-07-26 23:53:00	2011-07-26 23:59:00	2011-07-27 00:03:00	B8.9		POINT(-45 18)	18	-45	-642.0	242.0
40220	2011-07-27 01:38:00	2011-07-27 02:01:00	2011-07-27 02:35:00	C3.0	11260.0	POINT(-46 17)	17	-46	-648.0	230.0
40230	2011-07-27 05:48:00	2011-07-27 06:12:00	2011-07-27 06:26:00	C1.1		POINT(-46 17)	17	-46	-657.0	223.0
40240	2011-07-27 06:33:00	2011-07-27 06:39:00	2011-07-27 06:46:00	C3.0	11260.0	POINT(-41 18)	18	-41	-600.0	230.0
40250	2011-07-27 08:32:00	2011-07-27 08:47:00	2011-07-27 09:20:00	B8.3		POINT(-74 17)	17	-74	-869.0	252.0
40260	2011-07-27 09:56:00	2011-07-27 10:02:00	2011-07-27 10:12:00	C3.0	11260.0	POINT(-39 18)	18	-39	-573.0	236.0
40270	2011-07-27 11:18:00	2011-07-27 11:31:00	2011-07-27 11:33:00	C3.6	11260.0	POINT(-39 18)	18	-39	-573.0	241.0
40280	2011-07-27 12:47:00	2011-07-27 12:53:00	2011-07-27 13:00:00	C2.0	11260.0	POINT(-39 18)	18	-39	-567.0	239.0
40290	2011-07-27 13:09:00	2011-07-27 13:13:00	2011-07-27 13:25:00	C2.0	11260.0	POINT(-37 18)	18	-37	-544.0	237.0
40300	2011-07-27 15:48:00	2011-07-27 16:00:00	2011-07-27 16:07:00	M1.1	11260.0	POINT(-38 19)	19	-38	-555.0	240.0
40310	2011-07-27 20:10:00	2011-07-27 20:26:00	2011-07-27 20:37:00	C1.0		POINT(-34 18)	18	-34	-509.0	230.0
40320	2011-07-27 20:41:00	2011-07-27 21:00:00	2011-07-27 21:03:00	C1.4	11260.0	POINT(-34 19)	19	-34	-501.0	242.0
40330	2011-07-27 21:48:00	2011-07-27 21:54:00	2011-07-27 22:00:00	C2.5	11260.0	POINT(-33 19)	19	-33	-495.0	237.0
40340	2011-07-27 22:11:00	2011-07-27 22:17:00	2011-07-27 22:21:00	C1.6	11262.0	POINT(-34 19)	19	-34	-501.0	237.0
40350	2011-07-27 23:10:00	2011-07-27 23:52:00	2011-07-28 00:03:00	C2.2	11260.0	POINT(-33 18)	18	-33	-497.0	228.0
40360	2011-07-28 00:16:00	2011-07-28 00:26:00	2011-07-28 00:26:00	C2.5	11260.0	POINT(-33 18)	18	-33	-498.0	222.0
40370	2011-07-28 01:19:00	2011-07-28 01:31:00	2011-07-28 01:36:00	C1.8		POINT(-31 19)	19	-31	-469.0	242.0
40380	2011-07-28 02:19:00	2011-07-28 02:25:00	2011-07-28 02:29:00	C5.2	11260.0	POINT(-31 18)	18	-31	-471.0	231.0
40390	2011-07-28 04:39:00	2011-07-28 04:44:00	2011-07-28 04:44:00	C2.2	11260.0	POINT(-29 19)	19	-29	-445.0	236.0
40400	2011-07-28 05:03:00	2011-07-28 05:08:00	2011-07-28 05:11:00	C1.6	11260.0	POINT(-29 17)	17	-29	-447.0	215.0
40410	2011-07-28 06:25:00	2011-07-28 06:29:00	2011-07-28 06:33:00	B8.5		POINT(-29 19)	19	-29	-438.0	236.0
40420	2011-07-28 06:56:00	2011-07-28 07:00:00	2011-07-28 07:05:00	C1.9	11262.0	POINT(-29 18)	18	-29	-450.0	218.0
40430	2011-07-28 07:28:00	2011-07-28 07:31:00	2011-07-28 07:40:00	C1.7	11260.0	POINT(-26 19)	19	-26	-395.0	237.0
40440	2011-07-28 09:11:00	2011-07-28 09:14:00	2011-07-28 09:16:00	B9.1	11260.0	POINT(-27 18)	18	-27	-419.0	223.0
40450	2011-07-28 10:55:00	2011-07-28 10:59:00	2011-07-28 10:59:00	C1.5	11260.0	POINT(-27 17)	17	-27	-423.0	210.0
40460	2011-07-28 12:03:00	2011-07-28 12:12:00	2011-07-28 12:12:00	C5.3	11260.0	POINT(-25 19)	19	-25	-378.0	233.0
40470	2011-07-28 13:51:00	2011-07-28 13:56:00	2011-07-28 13:56:00	B8.7		POINT(-24 18)	18	-24	-366.0	228.0
40480	2011-07-28 14:43:00	2011-07-28 15:27:00	2011-07-28 15:45:00	C4.1		POINT(-23 18)	18	-23	-364.0	224.0
40490	2011-07-28 16:43:00	2011-07-28 16:45:00	2011-07-28 16:50:00	C2.4	11260.0	POINT(-23 18)	18	-23	-353.0	219.0
40500	2011-07-28 17:59:00	2011-07-28 18:15:00	2011-07-28 18:22:00	C1.6	11261.0	POINT(-51 13)	13	-51	-720.0	161.0
40510	2011-07-28 20:29:00	2011-07-28 20:37:00	2011-07-28 20:40:00	C3.5	11260.0	POINT(-22 18)	18	-22	-339.0	218.0
40520	2011-07-28 21:40:00	2011-07-28 22:28:00	2011-07-28 22:52:00	C1.7		POINT(-19 18)	18	-19	-303.0	222.0
40530	2011-07-29 00:32:00	2011-07-29 00:39:00	2011-07-29 00:46:00	C2.3	11261.0	POINT(-48 13)	13	-48	-685.0	158.0
40540	2011-07-29 00:57:00	2011-07-29 01:00:00	2011-07-29 01:06:00	C4.1	11260.0	POINT(-73 15)	15	-73	-874.0	231.0
40550	2011-07-29 02:20:00	2011-07-29 02:24:00	2011-07-29 02:26:00	C1.0	11261.0	POINT(-45 14)	14	-45	-656.0	173.0
40560	2011-07-29 03:45:00	2011-07-29 03:48:00	2011-07-29 03:52:00	C1.2	11261.0	POINT(-44 14)	14	-44	-641.0	174.0
40570	2011-07-29 04:31:00	2011-07-29 04:35:00	2011-07-29 04:37:00	C1.1	11261.0	POINT(-44 14)	14	-44	-642.0	174.0
40580	2011-07-29 05:20:00	2011-07-29 05:23:00	2011-07-29 05:25:00	B8.9	11261.0	POINT(-44 14)	14	-44	-639.0	173.0
40590	2011-07-29 05:29:00	2011-07-29 05:33:00	2011-07-29 05:36:00	C1.1	11260.0	POINT(-12 19)	19	-12	-197.0	228.0
40600	2011-07-29 06:17:00	2011-07-29 06:20:00	2011-07-29 06:24:00	C1.1	11261.0	POINT(-13 19)	19	-13	-214.0	234.0
40610	2011-07-29 07:10:00	2011-07-29 07:13:00	2011-07-29 07:16:00	B8.0	11261.0	POINT(-43 14)	14	-43	-630.0	170.0
40620	2011-07-29 08:03:00	2011-07-29 08:07:00	2011-07-29 08:10:00	C1.4	11261.0	POINT(-43 13)	13	-43	-630.0	158.0
40630	2011-07-29 08:34:00	2011-07-29 08:37:00	2011-07-29 08:39:00	C1.1	11261.0	POINT(-43 14)	14	-43	-627.0	165.0
40640	2011-07-29 12:13:00	2011-07-29 12:17:00	2011-07-29 12:26:00	C3.9	11261.0	POINT(-41 14)	14	-41	-609.0	176.0
40650	2011-07-29 13:45:00	2011-07-29 13:51:00	2011-07-29 13:54:00	C1.3	11263.0	POINT(-65 17)	17	-65	-823.0	249.0
40660	2011-07-29 16:34:00	2011-07-29 16:40:00	2011-07-29 16:46:00	C6.3	11261.0	POINT(-39 14)	14	-39	-576.0	173.0
40670	2011-07-29 17:56:00	2011-07-29 18:02:00	2011-07-29 18:10:00	C3.2	11261.0	POINT(-38 14)	14	-38	-572.0	173.0
40680	2011-07-29 21:59:00	2011-07-29 22:02:00	2011-07-29 22:04:00	B7.0		POINT(-37 14)	14	-37	-558.0	166.0
40690	2011-07-29 22:35:00	2011-07-29 22:38:00	2011-07-29 22:40:00	B6.9	11260.0	POINT(-35 14)	14	-35	-537.0	165.0
40700	2011-07-30 00:50:00	2011-07-30 00:53:00	2011-07-30 00:56:00	B5.3		POINT(-36 15)	15	-36	-538.0	183.0
40710	2011-07-30 02:04:00	2011-07-30 02:09:00	2011-07-30 02:12:00	M9.3	11261.0	POINT(-35 14)	14	-35	-532.0	164.0
40720	2011-07-30 12:11:00	2011-07-30 12:17:00	2011-07-30 12:27:00	C1.3	11265.0	POINT(33 18)	18	33	490.0	227.0
40730	2011-07-30 15:33:00	2011-07-30 15:38:00	2011-07-30 15:45:00	B5.6	11261.0	POINT(-29 17)	17	-29	-448.0	207.0
40740	2011-07-30 18:10:00	2011-07-30 18:14:00	2011-07-30 18:16:00	B5.3		POINT(-53 15)	15	-53	-733.0	202.0
40750	2011-07-30 18:52:00	2011-07-30 19:01:00	2011-07-30 19:15:00	B4.9	11261.0	POINT(-27 16)	16	-27	-416.0	182.0
40760	2011-07-30 19:37:00	2011-07-30 19:41:00	2011-07-30 19:43:00	B4.6	11261.0	POINT(-52 19)	19	-52	-713.0	255.0
40770	2011-07-31 01:43:00	2011-07-31 01:47:00	2011-07-31 01:49:00	C1.0		POINT(-46 17)	17	-46	-660.0	217.0
40780	2011-07-31 02:12:00	2011-07-31 02:13:00	2011-07-31 02:14:00	B7.5	11263.0	POINT(-46 17)	17	-46	-657.0	226.0
40790	2011-07-31 02:46:00	2011-07-31 02:54:00	2011-07-31 03:02:00	C3.8	11261.0	POINT(-20 14)	14	-20	-314.0	154.0
40800	2011-07-31 06:21:00	2011-07-31 07:02:00	2011-07-31 07:29:00	B8.7		POINT(-20 17)	17	-20	-323.0	192.0
40810	2011-07-31 14:02:00	2011-07-31 14:06:00	2011-07-31 14:11:00	B5.4		POINT(-41 17)	17	-41	-599.0	218.0
40820	2011-07-31 17:57:00	2011-07-31 18:01:00	2011-07-31 18:03:00	C1.1	11263.0	POINT(-42 15)	15	-42	-619.0	180.0
40830	2011-07-31 18:43:00	2011-07-31 18:50:00	2011-07-31 18:52:00	C1.4	11263.0	POINT(-41 15)	15	-41	-600.0	177.0
40840	2011-07-31 19:01:00	2011-07-31 19:09:00	2011-07-31 19:17:00	C1.7	11265.0	POINT(50 18)	18	50	693.0	237.0
40850	2011-07-31 20:41:00	2011-07-31 20:47:00	2011-07-31 20:50:00	C1.9	11263.0	POINT(-7 13)	13	-7	-124.0	128.0
40860	2011-07-31 21:48:00	2011-07-31 21:54:00	2011-07-31 22:04:00	C1.8	11261.0	POINT(-4 14)	14	-4	-73.0	152.0
40870	2011-07-31 22:46:00	2011-07-31 22:54:00	2011-07-31 22:57:00	C1.5		POINT(-38 15)	15	-38	-569.0	176.0
40880	2011-07-31 23:36:00	2011-07-31 23:40:00	2011-07-31 23:44:00	C1.0	11263.0	POINT(-37 15)	15	-37	-556.0	176.0
40890	2011-08-01 00:03:00	2011-08-01 00:07:00	2011-08-01 00:25:00	C1.0		POINT(-37 15)	15	-37	-558.0	174.0
40900	2011-08-01 00:39:00	2011-08-01 00:47:00	2011-08-01 01:11:00	C2.1	11263.0	POINT(-1 15)	15	-1	-16.0	156.0
40910	2011-08-01 01:42:00	2011-08-01 01:45:00	2011-08-01 01:49:00	B9.0		POINT(-6 13)	13	-6	-97.0	128.0
40920	2011-08-01 07:19:00	2011-08-01 07:32:00	2011-08-01 07:44:00	C4.0	11261.0	POINT(-3 14)	14	-3	-50.0	144.0
40930	2011-08-01 08:10:00	2011-08-01 08:14:00	2011-08-01 08:17:00	C1.4		POINT(-32 15)	15	-32	-495.0	174.0
40940	2011-08-01 12:33:00	2011-08-01 12:40:00	2011-08-01 12:45:00	C2.0	11261.0	POINT(1 18)	18	1	28.0	209.0
40950	2011-08-01 15:56:00	2011-08-01 16:00:00	2011-08-01 16:00:00	B9.4	11261.0	POINT(6 15)	15	6	101.0	153.0
40960	2011-08-01 16:51:00	2011-08-01 16:56:00	2011-08-01 16:57:00	C1.2	11263.0	POINT(6 13)	13	6	108.0	134.0
40970	2011-08-01 21:49:00	2011-08-01 22:00:00	2011-08-01 22:01:00	C1.8	11261.0	POINT(9 16)	16	9	147.0	173.0
40980	2011-08-01 22:10:00	2011-08-01 22:13:00	2011-08-01 22:16:00	C3.2	11261.0	POINT(10 14)	14	10	167.0	152.0
40990	2011-08-02 00:50:00	2011-08-02 01:00:00	2011-08-02 01:02:00	B9.9	11261.0	POINT(11 13)	13	11	184.0	128.0
41000	2011-08-02 03:10:00	2011-08-02 03:14:00	2011-08-02 03:16:00	C1.2	11263.0	POINT(-22 14)	14	-22	-353.0	157.0
41010	2011-08-02 03:57:00	2011-08-02 04:00:00	2011-08-02 04:00:00	C1.2	11263.0	POINT(14 14)	14	14	227.0	146.0
41020	2011-08-02 05:19:00	2011-08-02 06:19:00	2011-08-02 06:48:00	M1.4	11261.0	POINT(12 17)	17	12	197.0	192.0
41030	2011-08-02 09:24:00	2011-08-02 09:27:00	2011-08-02 09:29:00	C2.0	11261.0	POINT(14 12)	12	14	230.0	120.0
41040	2011-08-02 11:36:00	2011-08-02 11:39:00	2011-08-02 11:42:00	C2.0	11263.0	POINT(-18 15)	15	-18	-296.0	167.0
41050	2011-08-02 14:08:00	2011-08-02 14:13:00	2011-08-02 14:20:00	B7.0	11261.0	POINT(12 15)	15	12	192.0	154.0
41060	2011-08-02 14:37:00	2011-08-02 14:41:00	2011-08-02 14:43:00	B6.0	11263.0	POINT(-15 19)	19	-15	-233.0	222.0
41070	2011-08-02 17:15:00	2011-08-02 17:23:00	2011-08-02 17:32:00	C1.1	11261.0	POINT(18 16)	16	18	284.0	186.0
41080	2011-08-02 19:31:00	2011-08-02 19:34:00	2011-08-02 19:39:00	B8.5		POINT(-11 16)	16	-11	-179.0	183.0
41090	2011-08-02 23:38:00	2011-08-02 23:42:00	2011-08-02 23:42:00	B8.6	11261.0	POINT(24 14)	14	24	384.0	153.0
41100	2011-08-03 02:35:00	2011-08-03 02:38:00	2011-08-03 02:40:00	C1.2		POINT(25 16)	16	25	392.0	181.0
41110	2011-08-03 03:08:00	2011-08-03 03:37:00	2011-08-03 03:51:00	M1.1	11261.0	POINT(28 15)	15	28	431.0	162.0
41120	2011-08-03 04:29:00	2011-08-03 04:32:00	2011-08-03 04:35:00	M1.7	11263.0	POINT(-10 16)	16	-10	-161.0	168.0
41130	2011-08-03 06:42:00	2011-08-03 06:46:00	2011-08-03 06:49:00	C1.1	11261.0	POINT(24 19)	19	24	372.0	230.0
41140	2011-08-03 07:38:00	2011-08-03 07:45:00	2011-08-03 07:46:00	C3.0	11261.0	POINT(28 15)	15	28	431.0	177.0
41150	2011-08-03 10:01:00	2011-08-03 10:04:00	2011-08-03 10:06:00	C1.0	11261.0	POINT(-5 15)	15	-5	-91.0	159.0
41160	2011-08-03 13:17:00	2011-08-03 13:45:00	2011-08-03 14:30:00	M6.0	11261.0	POINT(30 17)	17	30	453.0	203.0
41170	2011-08-03 18:52:00	2011-08-03 19:00:00	2011-08-03 19:06:00	C2.3	11263.0	POINT(0 15)	15	0	7.0	162.0
41180	2011-08-03 19:23:00	2011-08-03 19:30:00	2011-08-03 19:30:00	C8.5	11261.0	POINT(36 14)	14	36	540.0	164.0
41190	2011-08-04 00:47:00	2011-08-04 00:50:00	2011-08-04 00:50:00	C1.6	11261.0	POINT(37 14)	14	37	563.0	167.0
41200	2011-08-04 02:14:00	2011-08-04 02:15:00	2011-08-04 02:28:00	C3.2	11261.0	POINT(39 15)	15	39	581.0	174.0
41210	2011-08-04 03:41:00	2011-08-04 03:45:00	2011-08-04 03:57:00	M9.3	11261.0	POINT(38 16)	16	38	569.0	193.0
41220	2011-08-04 07:56:00	2011-08-04 08:02:00	2011-08-04 08:06:00	C3.5	11261.0	POINT(42 14)	14	42	623.0	171.0
41230	2011-08-04 09:15:00	2011-08-04 09:20:00	2011-08-04 09:23:00	C2.5	11261.0	POINT(39 19)	19	39	575.0	237.0
41240	2011-08-04 10:06:00	2011-08-04 10:12:00	2011-08-04 10:19:00	C1.6	11261.0	POINT(41 14)	14	41	609.0	171.0
41250	2011-08-04 11:43:00	2011-08-04 11:45:00	2011-08-04 11:49:00	C1.2	11261.0	POINT(44 15)	15	44	640.0	182.0
41260	2011-08-04 13:04:00	2011-08-04 13:07:00	2011-08-04 13:12:00	C2.1	11263.0	POINT(9 16)	16	9	156.0	168.0
41270	2011-08-04 14:09:00	2011-08-04 14:17:00	2011-08-04 14:26:00	C1.0	11261.0	POINT(44 14)	14	44	641.0	168.0
41280	2011-08-04 14:32:00	2011-08-04 14:38:00	2011-08-04 14:44:00	C1.8	11263.0	POINT(10 16)	16	10	160.0	176.0
41290	2011-08-04 18:25:00	2011-08-04 18:28:00	2011-08-04 18:31:00	B6.8	11263.0	POINT(12 16)	16	12	196.0	167.0
41300	2011-08-04 21:07:00	2011-08-04 21:15:00	2011-08-04 21:15:00	C3.2	11261.0	POINT(49 14)	14	49	693.0	170.0
41310	2011-08-04 22:03:00	2011-08-04 22:08:00	2011-08-04 22:13:00	C1.2		POINT(15 16)	16	15	243.0	176.0
41320	2011-08-04 22:54:00	2011-08-04 23:00:00	2011-08-04 23:05:00	C1.7	11261.0	POINT(51 15)	15	51	717.0	185.0
41330	2011-08-04 23:21:00	2011-08-04 23:28:00	2011-08-04 23:32:00	C3.6	11261.0	POINT(50 14)	14	50	707.0	180.0
41340	2011-08-05 03:32:00	2011-08-05 03:41:00	2011-08-05 03:41:00	C1.0	11260.0	POINT(80 15)	15	80	897.0	243.0
41350	2011-08-05 05:56:00	2011-08-05 05:59:00	2011-08-05 06:07:00	C1.3	11267.0	POINT(50 18)	18	50	690.0	237.0
41360	2011-08-05 07:57:00	2011-08-05 08:02:00	2011-08-05 08:07:00	B8.1	11261.0	POINT(51 18)	18	51	702.0	237.0
41370	2011-08-05 09:22:00	2011-08-05 09:25:00	2011-08-05 09:28:00	B8.3	11261.0	POINT(51 18)	18	51	708.0	239.0
41380	2011-08-05 10:23:00	2011-08-05 10:30:00	2011-08-05 10:37:00	C1.0	11261.0	POINT(56 15)	15	56	762.0	194.0
41390	2011-08-05 12:38:00	2011-08-05 12:45:00	2011-08-05 12:45:00	C2.0	11263.0	POINT(24 19)	19	24	368.0	230.0
41400	2011-08-05 17:40:00	2011-08-05 17:47:00	2011-08-05 17:53:00	C1.8	11263.0	POINT(26 18)	18	26	405.0	210.0
41410	2011-08-05 19:41:00	2011-08-05 19:45:00	2011-08-05 19:49:00	C1.4	11261.0	POINT(63 16)	16	63	814.0	221.0
41420	2011-08-05 21:04:00	2011-08-05 21:08:00	2011-08-05 21:12:00	B8.0	11261.0	POINT(60 17)	17	60	789.0	228.0
41430	2011-08-06 08:05:00	2011-08-06 08:11:00	2011-08-06 08:11:00	B9.8	11263.0	POINT(28 18)	18	28	431.0	210.0
41440	2011-08-06 08:37:00	2011-08-06 08:47:00	2011-08-06 08:51:00	C4.1	11267.0	POINT(-22 -16)	-16	-22	-349.0	-358.0
41450	2011-08-06 09:29:00	2011-08-06 09:42:00	2011-08-06 09:50:00	B8.4	11267.0	POINT(29 18)	18	29	445.0	212.0
41460	2011-08-06 11:41:00	2011-08-06 11:46:00	2011-08-06 11:53:00	C1.3	11267.0	POINT(-19 -16)	-16	-19	-308.0	-363.0
41470	2011-08-06 12:16:00	2011-08-06 12:23:00	2011-08-06 12:30:00	C1.4	11263.0	POINT(32 18)	18	32	485.0	222.0
41480	2011-08-06 16:26:00	2011-08-06 16:30:00	2011-08-06 16:36:00	B9.8	11267.0	POINT(-17 -16)	-16	-17	-274.0	-361.0
41490	2011-08-06 16:55:00	2011-08-06 18:07:00	2011-08-06 18:41:00	C1.4		POINT(87 25)	25	87	880.0	420.0
41500	2011-08-06 19:22:00	2011-08-06 19:27:00	2011-08-06 19:32:00	C1.4	11263.0	POINT(34 17)	17	34	515.0	200.0
41510	2011-08-06 22:23:00	2011-08-06 22:46:00	2011-08-06 23:15:00	C1.4	11263.0	POINT(35 17)	17	35	521.0	200.0
41520	2011-08-07 00:17:00	2011-08-07 00:21:00	2011-08-07 00:27:00	B7.6	11263.0	POINT(36 17)	17	36	540.0	204.0
41530	2011-08-07 01:00:00	2011-08-07 01:03:00	2011-08-07 01:06:00	B9.2	11263.0	POINT(88 17)	17	88	913.0	296.0
41540	2011-08-07 02:12:00	2011-08-07 02:15:00	2011-08-07 02:22:00	C1.3	11263.0	POINT(38 17)	17	38	566.0	203.0
41550	2011-08-07 03:04:00	2011-08-07 03:11:00	2011-08-07 03:24:00	C2.1	11263.0	POINT(38 17)	17	38	563.0	205.0
41560	2011-08-07 03:38:00	2011-08-07 03:43:00	2011-08-07 03:48:00	C1.4		POINT(43 18)	18	43	616.0	236.0
41570	2011-08-07 04:04:00	2011-08-07 04:08:00	2011-08-07 04:11:00	C1.6	11263.0	POINT(39 17)	17	39	579.0	207.0
41580	2011-08-07 06:15:00	2011-08-07 06:16:00	2011-08-07 06:23:00	B9.7		POINT(40 17)	17	40	590.0	204.0
41590	2011-08-07 08:24:00	2011-08-07 08:32:00	2011-08-07 08:37:00	C1.6	11267.0	POINT(-8 -16)	-16	-8	-134.0	-366.0
41600	2011-08-07 09:23:00	2011-08-07 09:27:00	2011-08-07 09:29:00	C2.1	11263.0	POINT(45 18)	18	45	644.0	230.0
41610	2011-08-07 12:51:00	2011-08-07 12:54:00	2011-08-07 12:56:00	B7.2	11263.0	POINT(47 17)	17	47	661.0	218.0
41620	2011-08-07 14:02:00	2011-08-07 14:06:00	2011-08-07 14:10:00	C1.3	11263.0	POINT(46 18)	18	46	648.0	235.0
41630	2011-08-07 21:21:00	2011-08-07 22:32:00	2011-08-07 22:56:00	B8.6		POINT(50 17)	17	50	702.0	215.0
41640	2011-08-08 01:19:00	2011-08-08 01:23:00	2011-08-08 01:29:00	B5.7	11263.0	POINT(57 18)	18	57	761.0	245.0
41650	2011-08-08 03:00:00	2011-08-08 03:10:00	2011-08-08 03:14:00	C1.3	11263.0	POINT(58 18)	18	58	768.0	252.0
41660	2011-08-08 06:02:00	2011-08-08 06:10:00	2011-08-08 06:17:00	B7.6	11263.0	POINT(2 -16)	-16	2	44.0	-372.0
41670	2011-08-08 12:14:00	2011-08-08 12:15:00	2011-08-08 12:20:00	B8.0	11263.0	POINT(60 17)	17	60	787.0	231.0
41680	2011-08-08 12:47:00	2011-08-08 12:50:00	2011-08-08 12:52:00	B4.6	11263.0	POINT(59 17)	17	59	780.0	231.0
41690	2011-08-08 15:32:00	2011-08-08 15:38:00	2011-08-08 15:43:00	B8.1	11263.0	POINT(61 16)	16	61	796.0	227.0
41700	2011-08-08 16:30:00	2011-08-08 16:36:00	2011-08-08 16:41:00	C2.2	11263.0	POINT(62 17)	17	62	800.0	234.0
41710	2011-08-08 18:00:00	2011-08-08 18:10:00	2011-08-08 18:18:00	M3.5	11263.0	POINT(62 15)	15	62	806.0	212.0
41720	2011-08-08 20:29:00	2011-08-08 20:33:00	2011-08-08 20:37:00	B9.2	11263.0	POINT(65 17)	17	65	822.0	246.0
41730	2011-08-08 20:50:00	2011-08-08 20:54:00	2011-08-08 20:56:00	B6.9		POINT(63 16)	16	63	816.0	221.0
41740	2011-08-08 22:00:00	2011-08-08 22:09:00	2011-08-08 22:20:00	C7.7	11263.0	POINT(65 17)	17	65	824.0	237.0
41750	2011-08-08 23:02:00	2011-08-08 23:15:00	2011-08-08 23:22:00	C5.3	11263.0	POINT(66 17)	17	66	831.0	237.0
41760	2011-08-09 03:19:00	2011-08-09 03:45:00	2011-08-09 03:54:00	M2.5	11263.0	POINT(69 17)	17	69	848.0	248.0
41770	2011-08-09 07:19:00	2011-08-09 07:23:00	2011-08-09 07:27:00	C1.4	11263.0	POINT(69 15)	15	69	855.0	208.0
41780	2011-08-09 07:48:00	2011-08-09 08:05:00	2011-08-09 08:08:00	X6.9	11263.0	POINT(69 14)	14	69	858.0	208.0
41790	2011-08-09 13:29:00	2011-08-09 13:45:00	2011-08-09 13:45:00	C2.2	11263.0	POINT(78 17)	17	78	882.0	265.0
41800	2011-08-09 15:43:00	2011-08-09 15:45:00	2011-08-09 15:54:00	C2.4	11263.0	POINT(76 15)	15	76	886.0	230.0
41810	2011-08-09 16:58:00	2011-08-09 17:02:00	2011-08-09 17:05:00	B8.6		POINT(76 15)	15	76	887.0	231.0
41820	2011-08-09 18:04:00	2011-08-09 18:11:00	2011-08-09 18:11:00	C2.0		POINT(75 16)	16	75	876.0	243.0
41830	2011-08-09 23:33:00	2011-08-09 23:43:00	2011-08-09 23:49:00	C3.9	11263.0	POINT(80 15)	15	80	898.0	234.0
41840	2011-08-10 08:41:00	2011-08-10 08:45:00	2011-08-10 08:51:00	B4.7		POINT(82 16)	16	82	901.0	246.0
41850	2011-08-10 09:30:00	2011-08-10 09:37:00	2011-08-10 09:43:00	C2.4	11263.0	POINT(82 17)	17	82	894.0	270.0
41860	2011-08-10 10:21:00	2011-08-10 10:30:00	2011-08-10 10:44:00	C6.1	11263.0	POINT(89 15)	15	89	912.0	248.0
41870	2011-08-10 13:26:00	2011-08-10 13:33:00	2011-08-10 13:37:00	B8.1	11263.0	POINT(86 19)	19	86	891.0	303.0
41880	2011-08-10 14:03:00	2011-08-10 14:09:00	2011-08-10 14:11:00	C1.2	11263.0	POINT(84 22)	22	84	871.0	348.0
41890	2011-08-10 14:49:00	2011-08-10 15:24:00	2011-08-10 15:38:00	C1.5		POINT(88 16)	16	88	914.0	279.0
41900	2011-08-10 19:48:00	2011-08-10 20:14:00	2011-08-10 20:14:00	B8.0		POINT(87 24)	24	87	861.0	392.0
41910	2011-08-10 20:35:00	2011-08-10 20:39:00	2011-08-10 20:41:00	C1.1	11263.0	POINT(87 22)	22	87	881.0	371.0
41920	2011-08-11 04:16:00	2011-08-11 04:26:00	2011-08-11 04:26:00	B6.9		POINT(88 17)	17	88	914.0	283.0
41930	2011-08-11 07:39:00	2011-08-11 07:46:00	2011-08-11 07:54:00	C1.3	11263.0	POINT(88 15)	15	88	918.0	261.0
41940	2011-08-11 09:34:00	2011-08-11 10:23:00	2011-08-11 10:36:00	C6.2	11263.0	POINT(88 15)	15	88	917.0	263.0
41950	2011-08-11 22:54:00	2011-08-11 23:09:00	2011-08-11 23:24:00	B6.8	11266.0	POINT(87 20)	20	87	887.0	342.0
41960	2011-08-12 12:19:00	2011-08-12 13:06:00	2011-08-12 13:40:00	B3.7		POINT(87 23)	23	87	873.0	380.0
41970	2011-08-12 20:55:00	2011-08-12 21:00:00	2011-08-12 21:08:00	B1.9	11263.0	POINT(-53 -25)	-25	-53	-683.0	-468.0
41980	2011-08-13 14:25:00	2011-08-13 14:31:00	2011-08-13 14:35:00	B1.6	11269.0	POINT(4 -22)	-22	4	67.0	-467.0
41990	2011-08-13 22:46:00	2011-08-13 22:55:00	2011-08-13 23:11:00	B1.8		POINT(-87 19)	19	-87	-907.0	318.0
42000	2011-08-14 09:40:00	2011-08-14 10:37:00	2011-08-14 11:15:00	B9.2		POINT(-88 17)	17	-88	-920.0	287.0
42010	2011-08-14 19:24:00	2011-08-14 20:00:00	2011-08-14 20:29:00	B4.8		POINT(-88 17)	17	-88	-943.0	294.0
42020	2011-08-14 21:09:00	2011-08-14 21:42:00	2011-08-14 22:09:00	B6.8		POINT(-88 18)	18	-88	-939.0	311.0
42030	2011-08-15 02:57:00	2011-08-15 03:09:00	2011-08-15 03:16:00	B5.4		POINT(-87 -19)	-19	-87	-903.0	-329.0
42040	2011-08-15 04:42:00	2011-08-15 04:45:00	2011-08-15 04:54:00	C1.4	11271.0	POINT(-88 17)	17	-88	-917.0	282.0
42050	2011-08-15 06:24:00	2011-08-15 06:41:00	2011-08-15 07:18:00	B4.6		POINT(-88 16)	16	-88	-921.0	277.0
42060	2011-08-15 11:10:00	2011-08-15 11:15:00	2011-08-15 11:20:00	C3.4	11272.0	POINT(-87 -20)	-20	-87	-912.0	-339.0
42070	2011-08-15 12:35:00	2011-08-15 12:43:00	2011-08-15 12:48:00	B6.5		POINT(-87 -17)	-17	-87	-912.0	-288.0
42080	2011-08-15 13:53:00	2011-08-15 14:00:00	2011-08-15 14:12:00	B8.6	11271.0	POINT(-88 11)	11	-88	-929.0	182.0
42090	2011-08-15 17:21:00	2011-08-15 17:44:00	2011-08-15 18:05:00	B4.9		POINT(-88 15)	15	-88	-924.0	249.0
42100	2011-08-15 19:38:00	2011-08-15 19:43:00	2011-08-15 19:48:00	B7.7		POINT(-87 -20)	-20	-87	-895.0	-339.0
42110	2011-08-15 23:13:00	2011-08-15 23:16:00	2011-08-15 23:20:00	B4.1	11271.0	POINT(-88 16)	16	-88	-918.0	269.0
42120	2011-08-15 23:54:00	2011-08-16 00:25:00	2011-08-16 00:59:00	C1.3	11271.0	POINT(-88 15)	15	-88	-916.0	250.0
42130	2011-08-16 11:04:00	2011-08-16 11:10:00	2011-08-16 11:14:00	B6.4	11272.0	POINT(-87 -21)	-21	-87	-877.0	-356.0
42140	2011-08-16 15:39:00	2011-08-16 15:42:00	2011-08-16 15:48:00	B4.2	11271.0	POINT(-78 -21)	-21	-78	-866.0	-359.0
42150	2011-08-16 17:24:00	2011-08-16 17:28:00	2011-08-16 17:34:00	B3.8	11272.0	POINT(-82 -20)	-20	-82	-876.0	-349.0
42160	2011-08-17 00:06:00	2011-08-17 00:11:00	2011-08-17 00:20:00	B3.8	11271.0	POINT(-77 -20)	-20	-77	-865.0	-353.0
42170	2011-08-17 01:44:00	2011-08-17 01:54:00	2011-08-17 02:54:00	C1.9	11272.0	POINT(-72 -19)	-19	-72	-851.0	-350.0
42180	2011-08-17 04:19:00	2011-08-17 04:29:00	2011-08-17 04:29:00	C2.3	11272.0	POINT(-71 -23)	-23	-71	-827.0	-404.0
42190	2011-08-17 07:52:00	2011-08-17 07:57:00	2011-08-17 08:00:00	B8.3	11272.0	POINT(-69 -20)	-20	-69	-833.0	-363.0
42200	2011-08-17 10:19:00	2011-08-17 10:30:00	2011-08-17 10:42:00	C3.4	11271.0	POINT(-63 17)	17	-63	-809.0	228.0
42210	2011-08-17 15:05:00	2011-08-17 15:12:00	2011-08-17 15:12:00	B6.6	11272.0	POINT(-62 -18)	-18	-62	-796.0	-353.0
42220	2011-08-17 15:36:00	2011-08-17 15:41:00	2011-08-17 15:45:00	B6.8		POINT(-56 15)	15	-56	-761.0	195.0
42230	2011-08-17 16:16:00	2011-08-17 16:31:00	2011-08-17 16:45:00	C2.6	11272.0	POINT(-65 -19)	-19	-65	-815.0	-360.0
42240	2011-08-17 18:31:00	2011-08-17 18:34:00	2011-08-17 18:38:00	B3.7		POINT(-55 20)	20	-55	-731.0	275.0
42250	2011-08-17 18:54:00	2011-08-17 18:58:00	2011-08-17 19:04:00	B5.8	11271.0	POINT(-53 18)	18	-53	-721.0	237.0
42260	2011-08-18 00:23:00	2011-08-18 00:30:00	2011-08-18 00:30:00	C1.6	11271.0	POINT(-55 18)	18	-55	-746.0	233.0
42270	2011-08-18 02:24:00	2011-08-18 02:34:00	2011-08-18 02:45:00	B3.3		POINT(2 -17)	-17	2	39.0	-389.0
42280	2011-08-18 03:45:00	2011-08-18 04:02:00	2011-08-18 04:15:00	B5.7		POINT(-53 18)	18	-53	-725.0	228.0
42290	2011-08-18 04:37:00	2011-08-18 04:43:00	2011-08-18 04:53:00	B3.2		POINT(-50 15)	15	-50	-704.0	186.0
42300	2011-08-18 06:40:00	2011-08-18 06:44:00	2011-08-18 06:44:00	C1.2	11272.0	POINT(-54 -18)	-18	-54	-730.0	-367.0
42310	2011-08-18 11:27:00	2011-08-18 11:32:00	2011-08-18 11:39:00	B5.2		POINT(-44 12)	12	-44	-644.0	129.0
42320	2011-08-18 12:41:00	2011-08-18 13:11:00	2011-08-18 13:19:00	B9.7	11272.0	POINT(-52 -20)	-20	-52	-706.0	-400.0
42330	2011-08-18 14:59:00	2011-08-18 15:15:00	2011-08-18 15:15:00	C1.1	11271.0	POINT(-44 17)	17	-44	-635.0	207.0
42340	2011-08-19 22:35:00	2011-08-19 22:59:00	2011-08-19 23:20:00	B3.2		POINT(-24 13)	13	-24	-388.0	119.0
42350	2011-08-20 01:56:00	2011-08-20 02:11:00	2011-08-20 02:26:00	B4.4		POINT(-25 16)	16	-25	-389.0	175.0
42360	2011-08-20 02:26:00	2011-08-20 02:30:00	2011-08-20 02:41:00	B4.4		POINT(-30 -21)	-21	-30	-446.0	-434.0
42370	2011-08-20 04:29:00	2011-08-20 04:32:00	2011-08-20 04:35:00	B5.5	11272.0	POINT(-29 -20)	-20	-29	-443.0	-429.0
42380	2011-08-20 05:41:00	2011-08-20 06:15:00	2011-08-20 06:43:00	B4.5		POINT(-21 12)	12	-21	-346.0	94.0
42390	2011-08-20 07:52:00	2011-08-20 07:58:00	2011-08-20 08:05:00	B3.9	11271.0	POINT(-17 17)	17	-17	-275.0	174.0
42400	2011-08-20 09:21:00	2011-08-20 09:24:00	2011-08-20 09:26:00	B7.4	11271.0	POINT(-20 16)	16	-20	-326.0	159.0
42410	2011-08-20 11:57:00	2011-08-20 12:01:00	2011-08-20 12:03:00	B5.7		POINT(-16 16)	16	-16	-258.0	155.0
42420	2011-08-20 12:25:00	2011-08-20 12:36:00	2011-08-20 12:50:00	B8.4	11272.0	POINT(-24 -21)	-21	-24	-369.0	-438.0
42430	2011-08-20 18:05:00	2011-08-20 18:08:00	2011-08-20 18:11:00	B3.9	11271.0	POINT(-15 16)	16	-15	-245.0	164.0
42440	2011-08-20 18:39:00	2011-08-20 18:44:00	2011-08-20 18:48:00	B7.1		POINT(-13 16)	16	-13	-207.0	158.0
42450	2011-08-20 20:11:00	2011-08-20 20:16:00	2011-08-20 20:18:00	B8.5	11271.0	POINT(-12 15)	15	-12	-191.0	148.0
42460	2011-08-20 22:54:00	2011-08-20 22:58:00	2011-08-20 23:00:00	C2.9	11271.0	POINT(-10 15)	15	-10	-166.0	149.0
42470	2011-08-21 00:48:00	2011-08-21 00:51:00	2011-08-21 00:57:00	B4.3		POINT(86 13)	13	86	918.0	219.0
42480	2011-08-21 02:29:00	2011-08-21 02:33:00	2011-08-21 02:37:00	B3.7	11272.0	POINT(-13 20)	20	-13	-204.0	225.0
42490	2011-08-21 12:11:00	2011-08-21 12:20:00	2011-08-21 12:30:00	B6.1		POINT(-11 -22)	-22	-11	-179.0	-468.0
42500	2011-08-21 14:42:00	2011-08-21 14:48:00	2011-08-21 14:54:00	B6.1	11272.0	POINT(-10 -20)	-20	-10	-166.0	-435.0
42510	2011-08-21 15:47:00	2011-08-21 15:50:00	2011-08-21 15:53:00	B4.5	11272.0	POINT(-9 -20)	-20	-9	-150.0	-434.0
42520	2011-08-21 16:10:00	2011-08-21 16:16:00	2011-08-21 16:27:00	B5.9	11272.0	POINT(-9 -20)	-20	-9	-149.0	-434.0
42530	2011-08-21 17:04:00	2011-08-21 17:31:00	2011-08-21 17:44:00	B4.9	11272.0	POINT(-9 -20)	-20	-9	-147.0	-435.0
42540	2011-08-21 18:15:00	2011-08-21 18:40:00	2011-08-21 18:46:00	C1.5	11272.0	POINT(-9 -20)	-20	-9	-140.0	-433.0
42550	2011-08-21 20:17:00	2011-08-21 20:20:00	2011-08-21 20:27:00	B3.5	11274.0	POINT(-8 -20)	-20	-8	-130.0	-434.0
42560	2011-08-21 20:38:00	2011-08-21 20:41:00	2011-08-21 20:48:00	B6.3	11272.0	POINT(-7 -20)	-20	-7	-113.0	-438.0
42570	2011-08-21 22:15:00	2011-08-21 22:16:00	2011-08-21 22:28:00	B4.7	11272.0	POINT(-6 -19)	-19	-6	-106.0	-429.0
42580	2011-08-21 23:10:00	2011-08-21 23:16:00	2011-08-21 23:26:00	C1.2	11272.0	POINT(-6 -19)	-19	-6	-99.0	-427.0
42590	2011-08-22 00:49:00	2011-08-22 00:57:00	2011-08-22 01:09:00	B5.1	11271.0	POINT(1 19)	19	1	23.0	209.0
42600	2011-08-22 01:41:00	2011-08-22 01:48:00	2011-08-22 02:01:00	B6.7	11271.0	POINT(3 18)	18	3	59.0	196.0
42610	2011-08-22 09:44:00	2011-08-22 09:45:00	2011-08-22 09:51:00	B9.7	11274.0	POINT(5 19)	19	5	87.0	213.0
42620	2011-08-22 11:52:00	2011-08-22 11:56:00	2011-08-22 11:59:00	B5.6		POINT(6 19)	19	6	104.0	208.0
42630	2011-08-22 12:06:00	2011-08-22 12:10:00	2011-08-22 12:12:00	B6.2		POINT(6 19)	19	6	103.0	208.0
42640	2011-08-22 15:15:00	2011-08-22 16:04:00	2011-08-22 16:38:00	C1.1	11271.0	POINT(12 19)	19	12	201.0	217.0
42650	2011-08-22 18:50:00	2011-08-22 18:54:00	2011-08-22 19:00:00	B5.5		POINT(12 16)	16	12	204.0	165.0
42660	2011-08-22 19:57:00	2011-08-22 20:03:00	2011-08-22 20:10:00	B9.9	11271.0	POINT(12 20)	20	12	185.0	224.0
42670	2011-08-22 21:47:00	2011-08-22 22:09:00	2011-08-22 22:18:00	B5.4		POINT(13 20)	20	13	203.0	230.0
42680	2011-08-22 22:45:00	2011-08-22 22:59:00	2011-08-22 23:05:00	B4.4		POINT(13 20)	20	13	201.0	231.0
42690	2011-08-23 01:01:00	2011-08-23 01:06:00	2011-08-23 01:17:00	B4.7		POINT(14 20)	20	14	229.0	224.0
42700	2011-08-23 02:12:00	2011-08-23 02:32:00	2011-08-23 02:48:00	B5.3		POINT(14 20)	20	14	222.0	227.0
42710	2011-08-23 05:49:00	2011-08-23 05:53:00	2011-08-23 06:00:00	B5.4		POINT(16 21)	21	16	251.0	241.0
42720	2011-08-23 15:48:00	2011-08-23 15:51:00	2011-08-23 15:54:00	B4.0		POINT(22 19)	19	22	343.0	213.0
42730	2011-08-24 10:22:00	2011-08-24 10:25:00	2011-08-24 10:33:00	B4.1	11271.0	POINT(37 14)	14	37	554.0	153.0
42740	2011-08-24 12:30:00	2011-08-24 12:35:00	2011-08-24 12:44:00	B4.0		POINT(38 17)	17	38	563.0	192.0
42750	2011-08-24 12:52:00	2011-08-24 12:53:00	2011-08-24 12:57:00	B5.9		POINT(-88 15)	15	-88	-929.0	251.0
42760	2011-08-24 16:31:00	2011-08-24 16:33:00	2011-08-24 16:34:00	C1.1	11271.0	POINT(37 16)	16	37	552.0	174.0
42770	2011-08-24 16:44:00	2011-08-24 16:45:00	2011-08-24 16:55:00	B5.0	11271.0	POINT(37 17)	17	37	545.0	202.0
42780	2011-08-24 17:32:00	2011-08-24 17:35:00	2011-08-24 17:38:00	B5.5	11271.0	POINT(36 17)	17	36	537.0	194.0
42790	2011-08-24 18:17:00	2011-08-24 18:20:00	2011-08-24 18:22:00	B4.5		POINT(37 18)	18	37	546.0	209.0
42800	2011-08-24 20:12:00	2011-08-24 20:15:00	2011-08-24 20:18:00	B4.3	11271.0	POINT(37 17)	17	37	551.0	193.0
42810	2011-08-25 05:39:00	2011-08-25 05:50:00	2011-08-25 06:05:00	B5.4		POINT(45 20)	20	45	631.0	257.0
42820	2011-08-25 06:54:00	2011-08-25 07:02:00	2011-08-25 07:13:00	B9.5	11277.0	POINT(-88 12)	12	-88	-931.0	200.0
42830	2011-08-25 08:08:00	2011-08-25 08:11:00	2011-08-25 08:14:00	B4.8	11271.0	POINT(51 16)	16	51	713.0	191.0
42840	2011-08-25 08:29:00	2011-08-25 08:32:00	2011-08-25 08:34:00	B5.3	11272.0	POINT(45 19)	19	45	638.0	236.0
42850	2011-08-25 09:35:00	2011-08-25 09:38:00	2011-08-25 09:41:00	B4.4	11271.0	POINT(51 14)	14	51	719.0	166.0
42860	2011-08-25 10:23:00	2011-08-25 10:26:00	2011-08-25 10:34:00	B4.6	11277.0	POINT(-87 13)	13	-87	-923.0	207.0
42870	2011-08-25 16:02:00	2011-08-25 16:14:00	2011-08-25 16:20:00	B4.6	11271.0	POINT(-88 11)	11	-88	-933.0	186.0
42880	2011-08-25 16:45:00	2011-08-25 16:52:00	2011-08-25 17:01:00	B9.6	11279.0	POINT(-88 10)	10	-88	-931.0	180.0
42890	2011-08-25 17:06:00	2011-08-25 17:12:00	2011-08-25 17:18:00	B6.0		POINT(52 16)	16	52	721.0	203.0
42900	2011-08-25 21:56:00	2011-08-25 22:03:00	2011-08-25 22:09:00	B8.9	11271.0	POINT(53 16)	16	53	730.0	207.0
42910	2011-08-26 00:41:00	2011-08-26 00:45:00	2011-08-26 00:55:00	B4.4		POINT(61 17)	17	61	800.0	225.0
42920	2011-08-26 03:29:00	2011-08-26 03:34:00	2011-08-26 03:36:00	C1.0	11271.0	POINT(55 19)	19	55	740.0	251.0
42930	2011-08-26 04:32:00	2011-08-26 04:40:00	2011-08-26 04:44:00	B7.9	11271.0	POINT(57 19)	19	57	753.0	249.0
42940	2011-08-26 06:38:00	2011-08-26 06:43:00	2011-08-26 06:50:00	B6.5		POINT(58 18)	18	58	762.0	248.0
42950	2011-08-26 08:26:00	2011-08-26 08:30:00	2011-08-26 08:34:00	B4.0		POINT(58 19)	19	58	767.0	250.0
42960	2011-08-26 08:58:00	2011-08-26 09:02:00	2011-08-26 09:08:00	B7.6	11271.0	POINT(66 18)	18	66	828.0	256.0
42970	2011-08-26 11:12:00	2011-08-26 11:17:00	2011-08-26 11:23:00	B6.3		POINT(60 18)	18	60	783.0	251.0
42980	2011-08-26 12:11:00	2011-08-26 12:15:00	2011-08-26 12:17:00	B4.4		POINT(61 20)	20	61	782.0	270.0
42990	2011-08-26 13:04:00	2011-08-26 13:13:00	2011-08-26 13:17:00	C2.3	11271.0	POINT(61 18)	18	61	791.0	254.0
43000	2011-08-26 13:30:00	2011-08-26 13:33:00	2011-08-26 13:36:00	B9.0	11279.0	POINT(62 20)	20	62	791.0	272.0
43010	2011-08-26 15:19:00	2011-08-26 15:26:00	2011-08-26 15:34:00	B6.4	11279.0	POINT(-69 13)	13	-69	-863.0	179.0
43020	2011-08-26 16:40:00	2011-08-26 16:57:00	2011-08-26 17:10:00	B6.2		POINT(70 17)	17	70	854.0	251.0
43030	2011-08-26 19:04:00	2011-08-26 19:09:00	2011-08-26 19:19:00	B4.2		POINT(64 18)	18	64	816.0	250.0
43040	2011-08-27 04:42:00	2011-08-27 04:46:00	2011-08-27 04:52:00	B8.7	11275.0	POINT(74 18)	18	74	869.0	266.0
43050	2011-08-27 05:29:00	2011-08-27 05:35:00	2011-08-27 05:45:00	B6.3		POINT(-87 -18)	-18	-87	-911.0	-308.0
43060	2011-08-27 19:17:00	2011-08-27 19:45:00	2011-08-27 20:29:00	B4.7		POINT(88 16)	16	88	943.0	279.0
43070	2011-08-28 04:13:00	2011-08-28 04:22:00	2011-08-28 04:30:00	B5.4	11281.0	POINT(75 22)	22	75	847.0	334.0
43080	2011-08-28 13:56:00	2011-08-28 14:00:00	2011-08-28 14:04:00	B5.4	11281.0	POINT(-76 -20)	-20	-76	-865.0	-352.0
43090	2011-08-28 19:58:00	2011-08-28 20:02:00	2011-08-28 20:06:00	B3.4	11281.0	POINT(-67 -19)	-19	-67	-828.0	-357.0
43100	2011-08-28 20:21:00	2011-08-28 20:43:00	2011-08-28 20:53:00	B3.6		POINT(-1 18)	18	-1	-19.0	188.0
43110	2011-08-28 21:24:00	2011-08-28 21:32:00	2011-08-28 21:54:00	B4.5		POINT(-33 19)	19	-33	-495.0	228.0
43120	2011-08-29 03:20:00	2011-08-29 03:29:00	2011-08-29 04:00:00	B3.7		POINT(2 18)	18	2	36.0	188.0
43130	2011-08-29 07:06:00	2011-08-29 07:21:00	2011-08-29 07:21:00	C3.7		POINT(-88 14)	14	-88	-932.0	239.0
43140	2011-08-29 08:19:00	2011-08-29 08:27:00	2011-08-29 08:32:00	B6.7		POINT(87 22)	22	87	880.0	374.0
43150	2011-08-29 10:15:00	2011-08-29 11:17:00	2011-08-29 11:49:00	C2.9		POINT(-88 13)	13	-88	-933.0	229.0
43160	2011-08-29 12:55:00	2011-08-29 13:31:00	2011-08-29 13:51:00	B9.5		POINT(-88 13)	13	-88	-936.0	230.0
43170	2011-08-29 14:21:00	2011-08-29 14:33:00	2011-08-29 14:45:00	B8.4		POINT(-88 13)	13	-88	-933.0	227.0
43180	2011-08-29 15:13:00	2011-08-29 15:24:00	2011-08-29 15:38:00	B8.0		POINT(86 24)	24	86	862.0	404.0
43190	2011-08-29 15:55:00	2011-08-29 16:00:00	2011-08-29 16:05:00	C1.1		POINT(-88 13)	13	-88	-937.0	219.0
43200	2011-08-29 21:42:00	2011-08-29 21:47:00	2011-08-29 21:50:00	C1.7		POINT(45 17)	17	45	644.0	207.0
43210	2011-08-29 23:03:00	2011-08-29 23:07:00	2011-08-29 23:19:00	B8.2	11274.0	POINT(46 17)	17	46	655.0	207.0
43220	2011-08-30 03:06:00	2011-08-30 03:12:00	2011-08-30 03:16:00	C1.9	11274.0	POINT(48 17)	17	48	681.0	216.0
43230	2011-08-30 05:10:00	2011-08-30 05:14:00	2011-08-30 05:20:00	C1.1	11274.0	POINT(49 17)	17	49	693.0	216.0
43240	2011-08-30 05:36:00	2011-08-30 05:40:00	2011-08-30 05:45:00	B5.6	11274.0	POINT(50 17)	17	50	699.0	203.0
43250	2011-08-30 06:34:00	2011-08-30 06:43:00	2011-08-30 06:55:00	C1.5		POINT(86 24)	24	86	869.0	403.0
43260	2011-08-30 08:33:00	2011-08-30 08:39:00	2011-08-30 08:47:00	B5.0	11274.0	POINT(-88 14)	14	-88	-930.0	242.0
43270	2011-08-30 09:15:00	2011-08-30 09:23:00	2011-08-30 09:34:00	B8.8		POINT(87 24)	24	87	870.0	400.0
43280	2011-08-30 11:56:00	2011-08-30 12:08:00	2011-08-30 12:23:00	B7.5		POINT(86 25)	25	86	862.0	419.0
43290	2011-08-30 13:48:00	2011-08-30 13:59:00	2011-08-30 14:28:00	C1.5		POINT(-89 9)	9	-89	-960.0	168.0
43300	2011-08-30 22:02:00	2011-08-30 22:46:00	2011-08-30 22:53:00	C5.5	11281.0	POINT(-44 -20)	-20	-44	-624.0	-408.0
43310	2011-08-31 01:26:00	2011-08-31 01:30:00	2011-08-31 01:33:00	B3.9		POINT(58 -18)	-18	58	764.0	-365.0
43320	2011-08-31 11:16:00	2011-08-31 11:24:00	2011-08-31 11:31:00	C2.2	11283.0	POINT(-74 14)	14	-74	-887.0	212.0
43330	2011-08-31 12:49:00	2011-08-31 13:22:00	2011-08-31 13:40:00	B9.7		POINT(-34 -19)	-19	-34	-505.0	-409.0
43340	2011-08-31 13:42:00	2011-08-31 13:47:00	2011-08-31 13:51:00	B8.8	11283.0	POINT(-76 15)	15	-76	-889.0	224.0
43350	2011-08-31 14:21:00	2011-08-31 14:26:00	2011-08-31 14:34:00	B5.5		POINT(8 25)	25	8	125.0	299.0
43360	2011-09-01 01:19:00	2011-09-01 01:26:00	2011-09-01 01:34:00	B5.3		POINT(3 13)	13	3	54.0	106.0
43370	2011-09-01 12:42:00	2011-09-01 12:48:00	2011-09-01 12:53:00	C2.0	11283.0	POINT(-59 14)	14	-59	-797.0	184.0
43380	2011-09-01 13:47:00	2011-09-01 13:51:00	2011-09-01 13:55:00	B6.0	11283.0	POINT(-59 13)	13	-59	-798.0	166.0
43390	2011-09-01 15:31:00	2011-09-01 15:41:00	2011-09-01 15:51:00	B3.4		POINT(-18 -19)	-19	-18	-290.0	-416.0
43400	2011-09-01 15:55:00	2011-09-01 16:03:00	2011-09-01 16:09:00	B5.1		POINT(-58 14)	14	-58	-787.0	169.0
43410	2011-09-01 18:13:00	2011-09-01 18:22:00	2011-09-01 18:30:00	C2.0	11283.0	POINT(-57 14)	14	-57	-782.0	173.0
43420	2011-09-02 00:04:00	2011-09-02 00:09:00	2011-09-02 00:15:00	B6.3	11281.0	POINT(87 -19)	-19	87	906.0	-322.0
43430	2011-09-02 06:28:00	2011-09-02 06:32:00	2011-09-02 06:36:00	B6.5	11283.0	POINT(-49 14)	14	-49	-698.0	158.0
43440	2011-09-02 08:06:00	2011-09-02 08:25:00	2011-09-02 08:38:00	B9.0		POINT(-8 -19)	-19	-8	-126.0	-432.0
43450	2011-09-02 08:49:00	2011-09-02 08:52:00	2011-09-02 08:55:00	B8.9	11283.0	POINT(-48 14)	14	-48	-687.0	157.0
43460	2011-09-02 09:16:00	2011-09-02 09:21:00	2011-09-02 09:32:00	B7.6	11283.0	POINT(60 18)	18	60	783.0	250.0
43470	2011-09-02 13:43:00	2011-09-02 13:56:00	2011-09-02 14:01:00	B6.7		POINT(-5 -19)	-19	-5	-81.0	-429.0
43480	2011-09-02 15:09:00	2011-09-02 15:16:00	2011-09-02 15:21:00	C1.8	11281.0	POINT(-8 -18)	-18	-8	-126.0	-416.0
43490	2011-09-02 18:17:00	2011-09-02 18:39:00	2011-09-02 19:00:00	B8.3		POINT(-3 -19)	-19	-3	-47.0	-427.0
43500	2011-09-03 03:19:00	2011-09-03 03:22:00	2011-09-03 03:25:00	C1.0	11286.0	POINT(68 18)	18	68	842.0	253.0
43510	2011-09-03 05:39:00	2011-09-03 06:15:00	2011-09-03 06:24:00	B9.2		POINT(70 18)	18	70	851.0	263.0
43520	2011-09-03 07:47:00	2011-09-03 07:56:00	2011-09-03 08:04:00	C2.4	11281.0	POINT(0 -21)	-21	0	6.0	-456.0
43530	2011-09-03 08:56:00	2011-09-03 08:59:00	2011-09-03 09:05:00	B8.4	11281.0	POINT(2 -18)	-18	2	42.0	-421.0
43540	2011-09-03 13:57:00	2011-09-03 14:12:00	2011-09-03 14:25:00	C1.0	11286.0	POINT(75 18)	18	75	873.0	270.0
43550	2011-09-03 17:32:00	2011-09-03 17:36:00	2011-09-03 17:39:00	C2.5	11286.0	POINT(74 19)	19	74	866.0	280.0
43560	2011-09-03 18:42:00	2011-09-03 18:46:00	2011-09-03 18:49:00	C1.2	11286.0	POINT(78 18)	18	78	882.0	282.0
43570	2011-09-03 20:04:00	2011-09-03 20:10:00	2011-09-03 20:17:00	C1.2	11281.0	POINT(80 19)	19	80	886.0	290.0
43580	2011-09-03 20:28:00	2011-09-03 20:36:00	2011-09-03 20:42:00	C1.2	11281.0	POINT(7 -21)	-21	7	119.0	-456.0
43590	2011-09-03 20:43:00	2011-09-03 20:53:00	2011-09-03 21:10:00	C1.5		POINT(75 18)	18	75	873.0	278.0
43600	2011-09-03 22:08:00	2011-09-03 22:12:00	2011-09-03 22:14:00	C1.6	11287.0	POINT(-69 -29)	-29	-69	-774.0	-506.0
43610	2011-09-03 23:02:00	2011-09-03 23:08:00	2011-09-03 23:11:00	C1.7	11286.0	POINT(78 18)	18	78	882.0	278.0
43620	2011-09-04 01:01:00	2011-09-04 01:07:00	2011-09-04 01:13:00	C8.3	11286.0	POINT(79 18)	18	79	885.0	280.0
43630	2011-09-04 04:36:00	2011-09-04 04:45:00	2011-09-04 05:03:00	C9.0	11286.0	POINT(82 19)	19	82	891.0	296.0
43640	2011-09-04 05:35:00	2011-09-04 05:37:00	2011-09-04 06:28:00	C4.0	11286.0	POINT(87 18)	18	87	903.0	312.0
43650	2011-09-04 11:21:00	2011-09-04 11:45:00	2011-09-04 11:50:00	M3.2	11286.0	POINT(84 18)	18	84	897.0	288.0
43660	2011-09-04 15:21:00	2011-09-04 15:34:00	2011-09-04 15:53:00	C5.8	11286.0	POINT(87 19)	19	87	911.0	318.0
43670	2011-09-04 19:15:00	2011-09-04 19:19:00	2011-09-04 19:21:00	B8.9		POINT(88 16)	16	88	914.0	276.0
43680	2011-09-04 19:30:00	2011-09-04 19:34:00	2011-09-04 19:37:00	B9.5		POINT(87 18)	18	87	903.0	287.0
43690	2011-09-04 19:40:00	2011-09-04 19:47:00	2011-09-04 19:59:00	C1.4		POINT(87 17)	17	87	913.0	288.0
43700	2011-09-04 23:58:00	2011-09-05 00:37:00	2011-09-05 01:25:00	C7.9		POINT(87 19)	19	87	935.0	338.0
43710	2011-09-05 01:12:00	2011-09-05 01:53:00	2011-09-05 03:20:00	C7.6		POINT(87 17)	17	87	918.0	296.0
43720	2011-09-05 04:08:00	2011-09-05 04:28:00	2011-09-05 04:32:00	M1.6	11286.0	POINT(87 18)	18	87	914.0	306.0
43730	2011-09-05 06:50:00	2011-09-05 06:54:00	2011-09-05 06:57:00	C2.8		POINT(87 20)	20	87	903.0	332.0
43740	2011-09-05 07:27:00	2011-09-05 07:58:00	2011-09-05 08:06:00	M1.2	11286.0	POINT(87 18)	18	87	906.0	313.0
43750	2011-09-05 11:07:00	2011-09-05 11:41:00	2011-09-05 12:15:00	C4.6		POINT(87 20)	20	87	906.0	339.0
43760	2011-09-05 13:20:00	2011-09-05 13:47:00	2011-09-05 14:20:00	C4.6		POINT(87 18)	18	87	910.0	307.0
43770	2011-09-06 01:35:00	2011-09-06 01:50:00	2011-09-06 02:05:00	M5.3	11283.0	POINT(7 13)	13	7	120.0	110.0
43780	2011-09-06 03:29:00	2011-09-06 03:45:00	2011-09-06 04:19:00	C3.0		POINT(88 21)	21	88	881.0	356.0
43790	2011-09-06 04:57:00	2011-09-06 06:23:00	2011-09-06 06:51:00	C9.2		POINT(87 23)	23	87	885.0	381.0
43800	2011-09-06 20:42:00	2011-09-06 21:28:00	2011-09-06 22:00:00	C1.4		POINT(17 14)	14	17	279.0	125.0
43810	2011-09-06 22:12:00	2011-09-06 22:20:00	2011-09-06 22:24:00	X2.1	11283.0	POINT(18 14)	14	18	287.0	124.0
43820	2011-09-07 10:36:00	2011-09-07 10:53:00	2011-09-07 11:02:00	B7.7		POINT(25 14)	14	25	392.0	137.0
43830	2011-09-07 11:03:00	2011-09-07 11:10:00	2011-09-07 11:20:00	B8.4		POINT(22 13)	13	22	353.0	117.0
43840	2011-09-07 14:45:00	2011-09-07 14:48:00	2011-09-07 14:51:00	B7.9		POINT(-71 20)	20	-71	-846.0	290.0
43850	2011-09-07 18:24:00	2011-09-07 18:28:00	2011-09-07 18:33:00	B9.1		POINT(-64 20)	20	-64	-807.0	287.0
43860	2011-09-07 19:55:00	2011-09-07 20:06:00	2011-09-07 20:19:00	C3.0		POINT(30 14)	14	30	470.0	138.0
43870	2011-09-07 22:13:00	2011-09-07 22:18:00	2011-09-07 22:26:00	C1.6	11283.0	POINT(28 13)	13	28	445.0	125.0
43880	2011-09-07 22:32:00	2011-09-07 22:38:00	2011-09-07 22:44:00	X1.8	11283.0	POINT(31 14)	14	31	482.0	137.0
43890	2011-09-08 10:40:00	2011-09-08 10:46:00	2011-09-08 10:57:00	C1.7	11283.0	POINT(37 14)	14	37	567.0	144.0
43900	2011-09-08 15:32:00	2011-09-08 15:46:00	2011-09-08 15:52:00	M6.7	11283.0	POINT(41 14)	14	41	609.0	146.0
43910	2011-09-08 18:26:00	2011-09-08 18:46:00	2011-09-08 18:56:00	C2.5	11289.0	POINT(-63 22)	22	-63	-791.0	312.0
43920	2011-09-08 22:52:00	2011-09-08 22:58:00	2011-09-08 23:21:00	C1.1	11283.0	POINT(47 15)	15	47	674.0	166.0
43930	2011-09-08 23:31:00	2011-09-09 00:11:00	2011-09-09 00:32:00	C2.9		POINT(46 14)	14	46	667.0	149.0
43940	2011-09-09 01:46:00	2011-09-09 01:52:00	2011-09-09 02:12:00	C1.2	11283.0	POINT(-2 -31)	-31	-2	-30.0	-597.0
43950	2011-09-09 03:54:00	2011-09-09 04:14:00	2011-09-09 04:19:00	B7.1	11283.0	POINT(50 14)	14	50	711.0	159.0
43960	2011-09-09 06:01:00	2011-09-09 06:11:00	2011-09-09 06:17:00	M2.7	11283.0	POINT(48 14)	14	48	692.0	152.0
43970	2011-09-09 12:39:00	2011-09-09 12:45:00	2011-09-09 12:56:00	M1.2	11283.0	POINT(50 15)	15	50	713.0	171.0
43980	2011-09-09 14:42:00	2011-09-09 14:59:00	2011-09-09 15:24:00	C3.2	11283.0	POINT(56 14)	14	56	768.0	165.0
43990	2011-09-09 20:04:00	2011-09-09 20:08:00	2011-09-09 20:10:00	B8.7	11289.0	POINT(-39 22)	22	-39	-563.0	277.0
44000	2011-09-09 23:05:00	2011-09-09 23:09:00	2011-09-09 23:20:00	C1.1	11283.0	POINT(56 14)	14	56	773.0	168.0
44010	2011-09-10 01:50:00	2011-09-10 01:56:00	2011-09-10 02:09:00	B6.5	11289.0	POINT(-36 21)	21	-36	-524.0	254.0
44020	2011-09-10 07:18:00	2011-09-10 07:40:00	2011-09-10 07:56:00	M1.1	11283.0	POINT(64 14)	14	64	833.0	179.0
44030	2011-09-10 17:16:00	2011-09-10 17:19:00	2011-09-10 17:21:00	B8.1	11291.0	POINT(-31 20)	20	-31	-461.0	236.0
44040	2011-09-10 17:21:00	2011-09-10 17:26:00	2011-09-10 17:31:00	C1.7	11289.0	POINT(-29 21)	21	-29	-440.0	248.0
44050	2011-09-11 08:41:00	2011-09-11 08:51:00	2011-09-11 09:27:00	C6.6	11283.0	POINT(78 14)	14	78	907.0	209.0
44060	2011-09-11 09:40:00	2011-09-11 10:03:00	2011-09-11 10:40:00	C5.4		POINT(82 14)	14	82	915.0	219.0
44070	2011-09-11 13:18:00	2011-09-11 13:26:00	2011-09-11 13:36:00	C1.9	11283.0	POINT(84 14)	14	84	917.0	233.0
44080	2011-09-11 18:21:00	2011-09-11 19:08:00	2011-09-11 19:43:00	C1.1	11283.0	POINT(-23 22)	22	-23	-347.0	266.0
44090	2011-09-11 19:45:00	2011-09-11 19:49:00	2011-09-11 19:52:00	C1.7	11283.0	POINT(82 15)	15	82	910.0	240.0
44100	2011-09-11 20:38:00	2011-09-11 20:42:00	2011-09-11 20:45:00	B9.7	11283.0	POINT(83 15)	15	83	912.0	243.0
44110	2011-09-11 21:19:00	2011-09-11 21:25:00	2011-09-11 21:35:00	C1.1	11283.0	POINT(88 14)	14	88	926.0	236.0
44120	2011-09-12 02:22:00	2011-09-12 02:26:00	2011-09-12 02:30:00	C1.7	11292.0	POINT(-87 20)	20	-87	-893.0	339.0
44130	2011-09-12 03:24:00	2011-09-12 03:29:00	2011-09-12 03:33:00	C2.0	11292.0	POINT(-87 22)	22	-87	-887.0	362.0
44140	2011-09-12 05:05:00	2011-09-12 06:29:00	2011-09-12 07:30:00	C2.3		POINT(88 14)	14	88	942.0	239.0
44150	2011-09-12 12:15:00	2011-09-12 12:29:00	2011-09-12 12:40:00	C2.9	11295.0	POINT(-87 22)	22	-87	-886.0	369.0
44160	2011-09-12 13:19:00	2011-09-12 14:02:00	2011-09-12 14:30:00	C1.3		POINT(-87 24)	24	-87	-899.0	408.0
44170	2011-09-12 16:03:00	2011-09-12 16:26:00	2011-09-12 16:41:00	C1.7	11295.0	POINT(-87 21)	21	-87	-887.0	359.0
44180	2011-09-12 20:30:00	2011-09-12 20:54:00	2011-09-12 21:51:00	C9.9	11295.0	POINT(-87 23)	23	-87	-875.0	368.0
44190	2011-09-13 04:12:00	2011-09-13 04:19:00	2011-09-13 04:32:00	C1.1		POINT(-86 22)	22	-86	-878.0	354.0
44200	2011-09-13 12:03:00	2011-09-13 13:02:00	2011-09-13 13:17:00	C2.7		POINT(87 20)	20	87	920.0	351.0
44210	2011-09-13 17:27:00	2011-09-13 17:57:00	2011-09-13 18:21:00	C1.5		POINT(-81 20)	20	-81	-880.0	319.0
44220	2011-09-13 23:31:00	2011-09-13 23:36:00	2011-09-13 23:50:00	C2.9	11295.0	POINT(-62 24)	24	-62	-769.0	336.0
44230	2011-09-14 04:11:00	2011-09-14 04:18:00	2011-09-14 04:28:00	C1.8	11295.0	POINT(-60 22)	22	-60	-771.0	309.0
44240	2011-09-14 08:29:00	2011-09-14 08:30:00	2011-09-14 08:42:00	C1.9	11297.0	POINT(87 19)	19	87	909.0	321.0
44250	2011-09-14 11:17:00	2011-09-14 11:26:00	2011-09-14 11:33:00	C2.2	11297.0	POINT(43 -17)	-17	43	626.0	-363.0
44260	2011-09-14 11:50:00	2011-09-14 11:53:00	2011-09-14 11:56:00	C1.4	11296.0	POINT(-49 22)	22	-49	-669.0	295.0
44270	2011-09-14 15:00:00	2011-09-14 15:04:00	2011-09-14 15:07:00	B9.6	11296.0	POINT(-47 22)	22	-47	-646.0	291.0
44280	2011-09-14 15:57:00	2011-09-14 16:06:00	2011-09-14 16:14:00	C1.8	11297.0	POINT(47 -17)	-17	47	671.0	-360.0
44290	2011-09-14 16:16:00	2011-09-14 16:26:00	2011-09-14 16:48:00	C4.2	11297.0	POINT(45 -17)	-17	45	648.0	-363.0
44300	2011-09-14 18:50:00	2011-09-14 18:58:00	2011-09-14 19:14:00	C1.1		POINT(-56 16)	16	-56	-764.0	201.0
44310	2011-09-14 19:15:00	2011-09-14 20:04:00	2011-09-14 20:30:00	C2.2	11296.0	POINT(49 -17)	-17	49	690.0	-353.0
44320	2011-09-14 20:42:00	2011-09-14 20:45:00	2011-09-14 20:54:00	C9.2	11297.0	POINT(47 -17)	-17	47	670.0	-362.0
44330	2011-09-14 23:29:00	2011-09-14 23:31:00	2011-09-14 23:41:00	C3.1	11295.0	POINT(-59 25)	25	-59	-746.0	351.0
44340	2011-09-15 00:24:00	2011-09-15 00:29:00	2011-09-15 00:32:00	C4.6	11297.0	POINT(49 -17)	-17	49	693.0	-358.0
44350	2011-09-15 01:59:00	2011-09-15 02:08:00	2011-09-15 02:20:00	C1.5		POINT(79 -26)	-26	79	835.0	-448.0
44360	2011-09-15 02:41:00	2011-09-15 02:46:00	2011-09-15 02:50:00	C2.3	11297.0	POINT(50 -17)	-17	50	699.0	-358.0
44370	2011-09-15 03:04:00	2011-09-15 03:08:00	2011-09-15 03:11:00	C1.9		POINT(77 -27)	-27	77	827.0	-456.0
44380	2011-09-15 04:28:00	2011-09-15 04:32:00	2011-09-15 04:35:00	C1.3		POINT(81 -27)	-27	81	836.0	-452.0
44390	2011-09-15 10:55:00	2011-09-15 10:59:00	2011-09-15 11:02:00	C1.4		POINT(-53 24)	24	-53	-696.0	335.0
44400	2011-09-15 16:18:00	2011-09-15 16:26:00	2011-09-15 16:41:00	C3.0		POINT(-49 24)	24	-49	-664.0	318.0
44410	2011-09-15 18:27:00	2011-09-15 18:32:00	2011-09-15 18:38:00	C1.0	11296.0	POINT(-50 25)	25	-50	-663.0	334.0
44420	2011-09-15 20:32:00	2011-09-15 20:38:00	2011-09-15 20:43:00	C1.3		POINT(-49 25)	25	-49	-654.0	331.0
44430	2011-09-15 21:09:00	2011-09-15 21:14:00	2011-09-15 21:19:00	C2.6	11297.0	POINT(60 -17)	-17	60	793.0	-345.0
44440	2011-09-15 22:46:00	2011-09-15 22:53:00	2011-09-15 22:59:00	C1.7		POINT(-47 24)	24	-47	-638.0	326.0
44450	2011-09-15 23:07:00	2011-09-15 23:25:00	2011-09-15 23:55:00	C1.2		POINT(-48 24)	24	-48	-651.0	317.0
44460	2011-09-16 00:03:00	2011-09-16 00:15:00	2011-09-16 00:27:00	C7.8	11297.0	POINT(63 -17)	-17	63	816.0	-333.0
44470	2011-09-16 02:40:00	2011-09-16 02:57:00	2011-09-16 03:08:00	C4.5	11295.0	POINT(-44 24)	24	-44	-613.0	318.0
44480	2011-09-16 04:32:00	2011-09-16 04:39:00	2011-09-16 05:08:00	C4.7	11297.0	POINT(64 -17)	-17	64	822.0	-336.0
44490	2011-09-16 08:07:00	2011-09-16 08:10:00	2011-09-16 08:12:00	C1.8		POINT(-23 -20)	-20	-23	-364.0	-429.0
44500	2011-09-16 08:42:00	2011-09-16 08:46:00	2011-09-16 08:49:00	C2.2	11297.0	POINT(67 -17)	-17	67	841.0	-333.0
44510	2011-09-16 11:30:00	2011-09-16 11:36:00	2011-09-16 11:39:00	C9.3	11290.0	POINT(61 -12)	-12	61	819.0	-260.0
44520	2011-09-16 15:05:00	2011-09-16 15:08:00	2011-09-16 15:12:00	C2.0	11290.0	POINT(62 -12)	-12	62	830.0	-252.0
44530	2011-09-16 15:28:00	2011-09-16 15:31:00	2011-09-16 15:34:00	C2.0		POINT(70 -17)	-17	70	858.0	-328.0
44540	2011-09-16 17:09:00	2011-09-16 17:15:00	2011-09-16 17:27:00	C2.2	11296.0	POINT(-35 25)	25	-35	-506.0	326.0
44550	2011-09-16 18:00:00	2011-09-16 18:03:00	2011-09-16 18:11:00	C1.4	11290.0	POINT(-17 22)	22	-17	-267.0	252.0
44560	2011-09-16 18:40:00	2011-09-16 18:44:00	2011-09-16 18:47:00	C2.2		POINT(74 -18)	-18	74	873.0	-324.0
44570	2011-09-16 19:26:00	2011-09-16 19:31:00	2011-09-16 19:33:00	C1.5	11297.0	POINT(74 -17)	-17	74	876.0	-320.0
44580	2011-09-16 22:09:00	2011-09-16 22:13:00	2011-09-16 22:13:00	C1.4	11290.0	POINT(67 -12)	-12	67	858.0	-255.0
44590	2011-09-16 23:08:00	2011-09-16 23:46:00	2011-09-17 00:20:00	C2.5	11295.0	POINT(58 20)	20	58	765.0	271.0
44600	2011-09-16 23:09:00	2011-09-16 23:51:00	2011-09-17 00:44:00	C2.6	11289.0	POINT(58 20)	20	58	767.0	271.0
44610	2011-09-17 08:05:00	2011-09-17 08:08:00	2011-09-17 08:10:00	C1.4	11290.0	POINT(73 -11)	-11	73	900.0	-216.0
44620	2011-09-17 10:47:00	2011-09-17 10:50:00	2011-09-17 10:52:00	C1.1		POINT(73 -11)	-11	73	898.0	-220.0
44630	2011-09-17 16:06:00	2011-09-17 17:03:00	2011-09-17 17:46:00	C1.6		POINT(-10 27)	27	-10	-153.0	327.0
44640	2011-09-18 01:26:00	2011-09-18 01:30:00	2011-09-18 01:32:00	C1.6		POINT(-88 14)	14	-88	-947.0	248.0
44650	2011-09-18 03:59:00	2011-09-18 04:02:00	2011-09-18 04:05:00	C1.2		POINT(-19 25)	25	-19	-282.0	299.0
44660	2011-09-18 07:32:00	2011-09-18 07:35:00	2011-09-18 07:37:00	C2.9	11301.0	POINT(-87 19)	19	-87	-903.0	329.0
44670	2011-09-18 09:48:00	2011-09-18 10:57:00	2011-09-18 11:37:00	C3.8	11295.0	POINT(-1 23)	23	-1	-20.0	275.0
44680	2011-09-18 15:48:00	2011-09-18 15:52:00	2011-09-18 15:58:00	C2.0	11295.0	POINT(3 22)	22	3	46.0	259.0
44690	2011-09-18 22:23:00	2011-09-18 22:27:00	2011-09-18 22:29:00	C1.6	11295.0	POINT(8 22)	22	8	126.0	252.0
44700	2011-09-19 01:29:00	2011-09-19 01:35:00	2011-09-19 01:52:00	C1.2		POINT(-80 15)	15	-80	-908.0	234.0
44710	2011-09-19 02:16:00	2011-09-19 02:24:00	2011-09-19 03:00:00	C1.9		POINT(87 18)	18	87	915.0	311.0
44720	2011-09-19 03:09:00	2011-09-19 03:15:00	2011-09-19 03:24:00	C1.3	11301.0	POINT(15 -19)	-19	15	246.0	-418.0
44730	2011-09-19 04:52:00	2011-09-19 04:59:00	2011-09-19 05:14:00	C2.4	11296.0	POINT(0 24)	24	0	-13.0	281.0
44740	2011-09-19 07:19:00	2011-09-19 07:37:00	2011-09-19 09:14:00	C6.2	11296.0	POINT(1 23)	23	1	24.0	277.0
44750	2011-09-19 07:43:00	2011-09-19 07:44:00	2011-09-19 08:28:00	C6.1		POINT(-71 23)	23	-71	-833.0	344.0
44760	2011-09-19 15:35:00	2011-09-19 15:41:00	2011-09-19 15:47:00	C6.9	11301.0	POINT(-67 23)	23	-67	-807.0	336.0
44770	2011-09-19 18:34:00	2011-09-19 18:47:00	2011-09-19 18:54:00	C1.3	11301.0	POINT(-75 21)	21	-75	-861.0	320.0
44780	2011-09-20 00:15:00	2011-09-20 00:19:00	2011-09-20 00:23:00	C1.4	11296.0	POINT(6 24)	24	6	91.0	290.0
44790	2011-09-20 05:00:00	2011-09-20 05:13:00	2011-09-20 05:13:00	C9.5	11296.0	POINT(72 -16)	-16	72	875.0	-299.0
44800	2011-09-20 06:44:00	2011-09-20 06:46:00	2011-09-20 07:00:00	C2.0	11301.0	POINT(-82 -44)	-44	-82	1229.0	1229.0
44810	2011-09-20 11:48:00	2011-09-20 11:52:00	2011-09-20 11:56:00	C1.6	11296.0	POINT(12 26)	26	12	188.0	314.0
44820	2011-09-20 12:15:00	2011-09-20 12:19:00	2011-09-20 12:26:00	C1.7		POINT(27 23)	23	27	405.0	289.0
44830	2011-09-20 12:28:00	2011-09-20 12:34:00	2011-09-20 12:37:00	C1.8	11301.0	POINT(-55 23)	23	-55	-727.0	309.0
44840	2011-09-20 12:44:00	2011-09-20 13:53:00	2011-09-20 14:22:00	C2.5	11301.0	POINT(-79 19)	19	-79	-883.0	303.0
44850	2011-09-20 12:46:00	2011-09-20 13:30:00	2011-09-20 13:50:00	C2.5	11296.0	POINT(-79 19)	19	-79	-884.0	299.0
44860	2011-09-20 15:03:00	2011-09-20 15:07:00	2011-09-20 15:36:00	C1.4	11296.0	POINT(-64 18)	18	-64	-815.0	256.0
44870	2011-09-20 15:45:00	2011-09-20 16:33:00	2011-09-20 16:57:00	C1.5		POINT(-88 14)	14	-88	-941.0	239.0
44880	2011-09-20 17:35:00	2011-09-20 17:42:00	2011-09-20 17:50:00	C1.6	11295.0	POINT(33 22)	22	33	489.0	269.0
44890	2011-09-20 18:20:00	2011-09-20 18:31:00	2011-09-20 18:40:00	C1.3		POINT(32 23)	23	32	465.0	288.0
44900	2011-09-20 19:23:00	2011-09-20 20:00:00	2011-09-20 20:14:00	C2.7	11295.0	POINT(32 23)	23	32	471.0	290.0
44910	2011-09-20 21:38:00	2011-09-20 21:42:00	2011-09-20 21:46:00	C3.0	11295.0	POINT(33 23)	23	33	482.0	293.0
44920	2011-09-21 00:55:00	2011-09-21 01:07:00	2011-09-21 01:14:00	C2.7	11301.0	POINT(-88 11)	11	-88	-950.0	190.0
44930	2011-09-21 07:37:00	2011-09-21 07:41:00	2011-09-21 07:47:00	C1.9	11295.0	POINT(27 24)	24	27	395.0	306.0
44940	2011-09-21 11:17:00	2011-09-21 11:24:00	2011-09-21 11:28:00	C3.9	11301.0	POINT(-51 22)	22	-51	-693.0	297.0
44950	2011-09-21 12:04:00	2011-09-21 12:23:00	2011-09-21 12:45:00	M1.8	11301.0	POINT(-88 15)	15	-88	-932.0	257.0
44960	2011-09-21 14:21:00	2011-09-21 14:23:00	2011-09-21 14:26:00	C2.6	11295.0	POINT(-87 19)	19	-87	-924.0	328.0
44970	2011-09-21 14:37:00	2011-09-21 14:38:00	2011-09-21 14:41:00	C2.7	11295.0	POINT(45 24)	24	45	621.0	314.0
44980	2011-09-21 15:21:00	2011-09-21 15:26:00	2011-09-21 15:30:00	C2.8	11295.0	POINT(-88 10)	10	-88	-950.0	171.0
44990	2011-09-21 16:13:00	2011-09-21 16:16:00	2011-09-21 16:20:00	C2.3		POINT(-88 13)	13	-88	-943.0	221.0
45000	2011-09-21 16:47:00	2011-09-21 16:49:00	2011-09-21 16:51:00	C2.1		POINT(-88 14)	14	-88	-934.0	249.0
45010	2011-09-21 20:31:00	2011-09-21 20:36:00	2011-09-21 20:40:00	C2.0	11295.0	POINT(48 24)	24	48	656.0	320.0
45020	2011-09-21 20:55:00	2011-09-21 21:08:00	2011-09-21 21:36:00	C2.3	11301.0	POINT(-48 21)	21	-48	-668.0	269.0
45030	2011-09-21 22:10:00	2011-09-21 22:44:00	2011-09-21 23:54:00	C2.1	11301.0	POINT(49 24)	24	49	668.0	320.0
45040	2011-09-22 00:53:00	2011-09-22 01:05:00	2011-09-22 01:19:00	C2.4		POINT(-88 14)	14	-88	-933.0	241.0
45050	2011-09-22 01:23:00	2011-09-22 01:26:00	2011-09-22 01:33:00	C2.6		POINT(53 -20)	-20	53	716.0	-404.0
45060	2011-09-22 04:20:00	2011-09-22 04:28:00	2011-09-22 04:41:00	C6.6	11295.0	POINT(53 24)	24	53	697.0	329.0
45070	2011-09-22 08:49:00	2011-09-22 08:54:00	2011-09-22 09:09:00	C8.9	11302.0	POINT(-88 15)	15	-88	-927.0	261.0
45080	2011-09-22 09:53:00	2011-09-22 10:00:00	2011-09-22 10:09:00	M1.1	11302.0	POINT(55 24)	24	55	722.0	329.0
45090	2011-09-22 10:29:00	2011-09-22 11:01:00	2011-09-22 11:44:00	X1.4	11302.0	POINT(-89 9)	9	-89	-950.0	151.0
45100	2011-09-22 15:36:00	2011-09-22 15:55:00	2011-09-22 16:12:00	C8.1		POINT(58 25)	25	58	735.0	347.0
45110	2011-09-22 16:37:00	2011-09-22 16:40:00	2011-09-22 17:00:00	C4.4		POINT(57 22)	22	57	742.0	308.0
45120	2011-09-22 20:14:00	2011-09-22 20:20:00	2011-09-22 20:33:00	C4.0	11295.0	POINT(57 22)	22	57	747.0	312.0
45130	2011-09-22 22:21:00	2011-09-22 22:30:00	2011-09-22 22:36:00	C5.5	11295.0	POINT(61 23)	23	61	773.0	332.0
45140	2011-09-22 23:51:00	2011-09-22 23:56:00	2011-09-23 00:02:00	C4.1	11295.0	POINT(62 23)	23	62	779.0	334.0
45150	2011-09-23 00:29:00	2011-09-23 00:33:00	2011-09-23 00:37:00	C9.6		POINT(-89 9)	9	-89	-948.0	150.0
45160	2011-09-23 01:47:00	2011-09-23 01:59:00	2011-09-23 01:59:00	M1.6	11295.0	POINT(64 24)	24	64	782.0	354.0
45170	2011-09-23 08:13:00	2011-09-23 08:19:00	2011-09-23 08:33:00	C2.7	11295.0	POINT(67 23)	23	67	813.0	330.0
45180	2011-09-23 08:40:00	2011-09-23 08:50:00	2011-09-23 09:20:00	C6.9	11295.0	POINT(-73 14)	14	-73	-890.0	199.0
45190	2011-09-23 12:10:00	2011-09-23 12:23:00	2011-09-23 12:40:00	C3.2	11296.0	POINT(52 28)	28	52	666.0	392.0
45200	2011-09-23 15:01:00	2011-09-23 15:06:00	2011-09-23 15:08:00	C2.1	11302.0	POINT(-72 12)	12	-72	-891.0	178.0
45210	2011-09-23 18:11:00	2011-09-23 18:22:00	2011-09-23 18:35:00	C3.0		POINT(-71 11)	11	-71	-890.0	161.0
45220	2011-09-23 19:06:00	2011-09-23 19:11:00	2011-09-23 19:16:00	C3.4	11302.0	POINT(-68 14)	14	-68	-863.0	191.0
45230	2011-09-23 20:46:00	2011-09-23 20:49:00	2011-09-23 20:52:00	C2.2	11295.0	POINT(70 24)	24	70	822.0	360.0
45240	2011-09-23 21:29:00	2011-09-23 21:43:00	2011-09-23 21:48:00	C9.6	11295.0	POINT(75 24)	24	75	841.0	368.0
45250	2011-09-23 21:54:00	2011-09-23 22:15:00	2011-09-23 22:34:00	M1.6	11295.0	POINT(-56 12)	12	-56	-780.0	145.0
45260	2011-09-24 07:01:00	2011-09-24 07:04:00	2011-09-24 07:08:00	C5.9	11295.0	POINT(-5 -82)	-82	-5	-14.0	1076.0
45270	2011-09-24 07:20:00	2011-09-24 07:23:00	2011-09-24 07:27:00	C3.1		POINT(78 25)	25	78	846.0	383.0
45280	2011-09-24 08:38:00	2011-09-24 08:43:00	2011-09-24 08:43:00	C2.2	11295.0	POINT(78 24)	24	78	851.0	378.0
45290	2011-09-24 09:21:00	2011-09-24 09:40:00	2011-09-24 09:48:00	X1.9	11302.0	POINT(-61 13)	13	-61	-818.0	165.0
45300	2011-09-24 11:25:00	2011-09-24 11:31:00	2011-09-24 11:37:00	C2.7	11302.0	POINT(-45 12)	12	-45	-668.0	132.0
45310	2011-09-24 12:33:00	2011-09-24 13:17:00	2011-09-24 14:10:00	M7.1	11302.0	POINT(-59 15)	15	-59	-797.0	192.0
45320	2011-09-24 16:36:00	2011-09-24 16:59:00	2011-09-24 17:15:00	M1.7	11295.0	POINT(87 23)	23	87	882.0	386.0
45330	2011-09-24 17:19:00	2011-09-24 17:25:00	2011-09-24 17:31:00	M3.1	11302.0	POINT(-54 13)	13	-54	-760.0	157.0
45340	2011-09-24 17:59:00	2011-09-24 18:15:00	2011-09-24 18:24:00	M2.8	11302.0	POINT(-56 13)	13	-56	-777.0	154.0
45350	2011-09-24 19:09:00	2011-09-24 19:21:00	2011-09-24 19:41:00	M3.0	11302.0	POINT(-42 12)	12	-42	-635.0	125.0
45360	2011-09-24 20:29:00	2011-09-24 20:36:00	2011-09-24 20:42:00	M5.8	11302.0	POINT(-52 13)	13	-52	-741.0	155.0
45370	2011-09-24 21:23:00	2011-09-24 21:27:00	2011-09-24 21:32:00	M1.2	11303.0	POINT(64 -28)	-28	64	759.0	-498.0
45380	2011-09-24 23:45:00	2011-09-24 23:58:00	2011-09-25 00:09:00	M1.0	11303.0	POINT(66 -28)	-28	66	770.0	-494.0
45390	2011-09-25 02:27:00	2011-09-25 02:33:00	2011-09-25 02:37:00	M4.4	11302.0	POINT(87 22)	22	87	888.0	373.0
45400	2011-09-25 03:27:00	2011-09-25 03:32:00	2011-09-25 03:38:00	C7.9	11302.0	POINT(-48 13)	13	-48	-699.0	155.0
45410	2011-09-25 04:31:00	2011-09-25 04:50:00	2011-09-25 05:05:00	M7.4	11302.0	POINT(-50 13)	13	-50	-714.0	146.0
45420	2011-09-25 08:46:00	2011-09-25 08:49:00	2011-09-25 08:52:00	M3.1	11302.0	POINT(-45 13)	13	-45	-660.0	140.0
45430	2011-09-25 09:25:00	2011-09-25 09:35:00	2011-09-25 09:53:00	M1.5	11303.0	POINT(71 -28)	-28	71	799.0	-485.0
45440	2011-09-25 11:26:00	2011-09-25 11:29:00	2011-09-25 11:34:00	C5.7	11302.0	POINT(-43 13)	13	-43	-640.0	135.0
45450	2011-09-25 15:26:00	2011-09-25 15:33:00	2011-09-25 15:38:00	M3.7	11302.0	POINT(-44 13)	13	-44	-651.0	134.0
45460	2011-09-25 16:51:00	2011-09-25 16:58:00	2011-09-25 17:09:00	M2.2	11303.0	POINT(-41 12)	12	-41	-619.0	119.0
45470	2011-09-25 22:14:00	2011-09-25 22:19:00	2011-09-25 22:29:00	C8.6		POINT(83 -28)	-28	83	837.0	-460.0
45480	2011-09-25 22:29:00	2011-09-25 22:32:00	2011-09-25 22:36:00	C8.6	11303.0	POINT(85 -29)	-29	85	851.0	-485.0
45490	2011-09-26 00:35:00	2011-09-26 00:47:00	2011-09-26 00:58:00	C5.2	11302.0	POINT(-36 12)	12	-36	-561.0	123.0
45500	2011-09-26 01:39:00	2011-09-26 01:47:00	2011-09-26 01:57:00	C9.5	11303.0	POINT(-36 13)	13	-36	-551.0	131.0
45510	2011-09-26 05:06:00	2011-09-26 05:08:00	2011-09-26 05:13:00	M4.0	11302.0	POINT(-34 13)	13	-34	-527.0	124.0
45520	2011-09-26 07:28:00	2011-09-26 07:32:00	2011-09-26 07:38:00	C4.7	11302.0	POINT(-32 13)	13	-32	-500.0	122.0
45530	2011-09-26 07:45:00	2011-09-26 07:50:00	2011-09-26 07:52:00	C8.8	11302.0	POINT(-32 13)	13	-32	-506.0	131.0
45540	2011-09-26 09:40:00	2011-09-26 09:43:00	2011-09-26 09:46:00	C3.3	11302.0	POINT(-31 13)	13	-31	-491.0	124.0
45550	2011-09-26 09:58:00	2011-09-26 10:01:00	2011-09-26 10:12:00	C3.3		POINT(-31 13)	13	-31	-488.0	126.0
45560	2011-09-26 13:26:00	2011-09-26 13:40:00	2011-09-26 13:57:00	C5.1	11302.0	POINT(-30 12)	12	-30	-473.0	110.0
45570	2011-09-26 14:37:00	2011-09-26 14:46:00	2011-09-26 14:46:00	M2.6	11302.0	POINT(-30 12)	12	-30	-471.0	114.0
45580	2011-09-26 16:43:00	2011-09-26 16:55:00	2011-09-26 17:06:00	C4.8	11302.0	POINT(-28 13)	13	-28	-444.0	129.0
45590	2011-09-26 20:04:00	2011-09-26 20:07:00	2011-09-26 20:09:00	C1.8	11302.0	POINT(87 21)	21	87	899.0	363.0
45600	2011-09-27 01:18:00	2011-09-27 01:21:00	2011-09-27 01:24:00	C1.1		POINT(-23 13)	13	-23	-373.0	122.0
45610	2011-09-27 04:37:00	2011-09-27 05:00:00	2011-09-27 05:09:00	C5.2		POINT(-22 12)	12	-22	-353.0	107.0
45620	2011-09-27 07:40:00	2011-09-27 07:47:00	2011-09-27 07:54:00	C3.3	11302.0	POINT(-14 15)	15	-14	-230.0	146.0
45630	2011-09-27 08:05:00	2011-09-27 08:13:00	2011-09-27 08:21:00	C2.4	11302.0	POINT(-18 10)	10	-18	-293.0	65.0
45640	2011-09-27 10:49:00	2011-09-27 10:54:00	2011-09-27 10:57:00	C1.8		POINT(-17 14)	14	-17	-285.0	125.0
45650	2011-09-27 11:42:00	2011-09-27 11:47:00	2011-09-27 11:51:00	C1.3		POINT(-12 14)	14	-12	-200.0	131.0
45660	2011-09-27 12:36:00	2011-09-27 12:58:00	2011-09-27 13:22:00	B8.9		POINT(-17 15)	15	-17	-280.0	151.0
45670	2011-09-27 15:18:00	2011-09-27 15:35:00	2011-09-27 15:56:00	C1.3		POINT(29 25)	25	29	431.0	325.0
45680	2011-09-27 17:01:00	2011-09-27 17:22:00	2011-09-27 17:31:00	B6.1		POINT(-6 15)	15	-6	-112.0	146.0
45690	2011-09-27 18:05:00	2011-09-27 18:10:00	2011-09-27 18:22:00	C1.1	11302.0	POINT(-12 -82)	-82	-12	-29.0	1076.0
45700	2011-09-27 20:44:00	2011-09-27 20:58:00	2011-09-27 21:11:00	C6.4	11302.0	POINT(-9 10)	10	-9	-160.0	54.0
45710	2011-09-27 22:45:00	2011-09-27 22:46:00	2011-09-27 22:54:00	C1.7		POINT(-6 15)	15	-6	-104.0	139.0
45720	2011-09-28 02:25:00	2011-09-28 02:29:00	2011-09-28 02:32:00	B9.5		POINT(-4 10)	10	-4	-75.0	58.0
45730	2011-09-28 02:36:00	2011-09-28 02:44:00	2011-09-28 02:50:00	C2.0	11302.0	POINT(-6 11)	11	-6	-108.0	82.0
45740	2011-09-28 08:20:00	2011-09-28 08:24:00	2011-09-28 08:27:00	C1.4	11302.0	POINT(-3 12)	12	-3	-63.0	99.0
45750	2011-09-28 10:16:00	2011-09-28 10:22:00	2011-09-28 10:30:00	B9.7	11302.0	POINT(-5 15)	15	-5	-83.0	148.0
45760	2011-09-28 12:26:00	2011-09-28 12:32:00	2011-09-28 12:38:00	C9.3	11302.0	POINT(2 15)	15	2	48.0	147.0
45770	2011-09-28 13:24:00	2011-09-28 13:28:00	2011-09-28 13:30:00	M1.2	11302.0	POINT(0 11)	11	0	-15.0	84.0
45780	2011-09-28 14:07:00	2011-09-28 14:23:00	2011-09-28 14:50:00	C1.2		POINT(-1 9)	9	-1	-29.0	52.0
45790	2011-09-29 00:01:00	2011-09-29 00:05:00	2011-09-29 00:09:00	B7.7		POINT(2 13)	13	2	36.0	111.0
45800	2011-09-29 00:19:00	2011-09-29 00:22:00	2011-09-29 00:28:00	C1.0		POINT(5 11)	11	5	88.0	82.0
45810	2011-09-29 10:19:00	2011-09-29 10:23:00	2011-09-29 10:25:00	C1.3	11305.0	POINT(-21 14)	14	-21	-345.0	134.0
45820	2011-09-29 12:07:00	2011-09-29 12:47:00	2011-09-29 13:17:00	C2.7	11302.0	POINT(12 9)	9	12	198.0	47.0
45830	2011-09-29 17:57:00	2011-09-29 18:09:00	2011-09-29 18:28:00	C5.6		POINT(-16 10)	10	-16	-275.0	68.0
45840	2011-09-30 02:46:00	2011-09-30 02:52:00	2011-09-30 02:58:00	C1.0	11302.0	POINT(31 13)	13	31	488.0	131.0
45850	2011-09-30 03:37:00	2011-09-30 04:00:00	2011-09-30 04:13:00	C7.7	11305.0	POINT(-11 10)	10	-11	-182.0	68.0
45860	2011-09-30 12:32:00	2011-09-30 12:35:00	2011-09-30 12:39:00	B7.3		POINT(-88 17)	17	-88	-944.0	293.0
45870	2011-09-30 13:42:00	2011-09-30 13:49:00	2011-09-30 14:03:00	B7.6		POINT(29 9)	9	29	468.0	59.0
45880	2011-09-30 16:23:00	2011-09-30 16:42:00	2011-09-30 17:00:00	B8.3	11307.0	POINT(-6 8)	8	-6	-108.0	37.0
45890	2011-09-30 18:42:00	2011-09-30 18:47:00	2011-09-30 18:53:00	C3.4	11307.0	POINT(-48 13)	13	-48	-701.0	152.0
45900	2011-09-30 18:55:00	2011-09-30 19:06:00	2011-09-30 19:15:00	M1.0	11305.0	POINT(-3 9)	9	-3	-62.0	44.0
45910	2011-09-30 20:37:00	2011-09-30 20:42:00	2011-09-30 20:48:00	C1.1	11302.0	POINT(30 15)	15	30	466.0	159.0
45920	2011-09-30 21:05:00	2011-09-30 21:52:00	2011-09-30 22:00:00	C2.1		POINT(29 15)	15	29	450.0	166.0
45930	2011-10-01 03:50:00	2011-10-01 03:56:00	2011-10-01 04:04:00	C1.3	11305.0	POINT(3 11)	11	3	51.0	81.0
45940	2011-10-01 04:44:00	2011-10-01 04:50:00	2011-10-01 04:53:00	C4.1	11302.0	POINT(35 11)	11	35	541.0	98.0
45950	2011-10-01 08:48:00	2011-10-01 09:10:00	2011-10-01 09:20:00	C2.8		POINT(45 16)	16	45	655.0	189.0
45960	2011-10-01 08:56:00	2011-10-01 09:59:00	2011-10-01 10:17:00	M1.2	11305.0	POINT(4 9)	9	4	76.0	42.0
45970	2011-10-01 12:35:00	2011-10-01 12:39:00	2011-10-01 12:42:00	C1.0	11302.0	POINT(6 9)	9	6	100.0	50.0
45980	2011-10-02 00:37:00	2011-10-02 00:50:00	2011-10-02 00:59:00	M3.9	11305.0	POINT(14 10)	10	14	230.0	63.0
45990	2011-10-02 03:10:00	2011-10-02 03:49:00	2011-10-02 04:13:00	C1.5	11302.0	POINT(50 8)	8	50	735.0	72.0
46000	2011-10-02 06:26:00	2011-10-02 06:34:00	2011-10-02 06:46:00	C2.4	11302.0	POINT(7 -49)	-49	7	86.0	-798.0
46010	2011-10-02 08:16:00	2011-10-02 08:23:00	2011-10-02 08:32:00	C1.0		POINT(-87 -18)	-18	-87	-917.0	-311.0
46020	2011-10-02 11:01:00	2011-10-02 11:05:00	2011-10-02 11:08:00	B9.1		POINT(57 13)	13	57	782.0	171.0
46030	2011-10-02 15:07:00	2011-10-02 15:11:00	2011-10-02 15:14:00	C2.6	11302.0	POINT(54 10)	10	54	773.0	107.0
46040	2011-10-02 16:24:00	2011-10-02 16:28:00	2011-10-02 16:33:00	B9.8	11302.0	POINT(60 14)	14	60	809.0	179.0
46050	2011-10-02 16:50:00	2011-10-02 16:55:00	2011-10-02 17:00:00	C1.3	11302.0	POINT(54 16)	16	54	751.0	215.0
46060	2011-10-02 17:19:00	2011-10-02 17:23:00	2011-10-02 17:26:00	M1.3	11302.0	POINT(55 10)	10	55	779.0	111.0
46070	2011-10-02 19:13:00	2011-10-02 19:18:00	2011-10-02 19:21:00	B8.4	11305.0	POINT(23 9)	9	23	385.0	58.0
46080	2011-10-02 21:20:00	2011-10-02 21:49:00	2011-10-02 22:05:00	C7.6	11305.0	POINT(26 9)	9	26	419.0	66.0
46090	2011-10-03 00:20:00	2011-10-03 00:30:00	2011-10-03 00:54:00	C7.6	11302.0	POINT(55 14)	14	55	763.0	176.0
46100	2011-10-03 02:34:00	2011-10-03 02:44:00	2011-10-03 02:53:00	C2.1	11302.0	POINT(63 8)	8	63	848.0	94.0
46110	2011-10-03 20:03:00	2011-10-03 20:18:00	2011-10-03 20:30:00	B8.3		POINT(67 13)	13	67	863.0	189.0
46120	2011-10-03 20:33:00	2011-10-03 20:36:00	2011-10-03 20:45:00	B7.3		POINT(-37 -13)	-13	-37	-568.0	-309.0
46130	2011-10-03 21:49:00	2011-10-03 21:57:00	2011-10-03 22:03:00	B7.2		POINT(77 8)	8	77	926.0	125.0
46140	2011-10-03 22:04:00	2011-10-03 22:06:00	2011-10-03 22:15:00	B7.8		POINT(79 9)	9	79	932.0	134.0
46150	2011-10-04 08:06:00	2011-10-04 08:11:00	2011-10-04 08:18:00	B6.5		POINT(78 16)	16	78	902.0	250.0
46160	2011-10-04 08:56:00	2011-10-04 09:23:00	2011-10-04 10:02:00	C7.3	11302.0	POINT(76 15)	15	76	899.0	228.0
46170	2011-10-05 00:11:00	2011-10-05 00:25:00	2011-10-05 01:04:00	C2.3	11302.0	POINT(88 12)	12	88	949.0	209.0
46180	2011-10-05 03:50:00	2011-10-05 03:53:00	2011-10-05 03:59:00	C1.1	11313.0	POINT(-87 -16)	-16	-87	-926.0	-272.0
46190	2011-10-05 07:38:00	2011-10-05 07:43:00	2011-10-05 07:47:00	C2.3	11313.0	POINT(-88 -14)	-14	-88	-930.0	-243.0
46200	2011-10-05 10:43:00	2011-10-05 10:59:00	2011-10-05 11:22:00	C6.1	11313.0	POINT(-81 -15)	-15	-81	-913.0	-275.0
46210	2011-10-05 12:36:00	2011-10-05 12:42:00	2011-10-05 12:56:00	C9.2	11313.0	POINT(-75 -14)	-14	-75	-897.0	-272.0
46220	2011-10-05 22:34:00	2011-10-05 22:37:00	2011-10-05 22:39:00	B8.7		POINT(-67 -15)	-15	-67	-857.0	-291.0
46230	2011-10-06 04:11:00	2011-10-06 04:18:00	2011-10-06 04:25:00	C1.4	11313.0	POINT(-68 -14)	-14	-68	-866.0	-280.0
46240	2011-10-06 09:12:00	2011-10-06 09:44:00	2011-10-06 10:09:00	C1.9		POINT(-34 -13)	-13	-34	-533.0	-312.0
46250	2011-10-06 21:19:00	2011-10-06 21:23:00	2011-10-06 21:25:00	B8.5		POINT(78 13)	13	78	914.0	200.0
46260	2011-10-06 22:06:00	2011-10-06 22:10:00	2011-10-06 22:13:00	C1.2	11305.0	POINT(87 12)	12	87	936.0	195.0
46270	2011-10-06 23:12:00	2011-10-06 23:17:00	2011-10-06 23:19:00	B8.9		POINT(80 13)	13	80	921.0	197.0
46280	2011-10-06 23:31:00	2011-10-06 23:37:00	2011-10-06 23:39:00	B8.7	11305.0	POINT(86 7)	7	86	950.0	118.0
46290	2011-10-07 00:42:00	2011-10-07 00:47:00	2011-10-07 00:49:00	C1.0	11305.0	POINT(86 10)	10	86	940.0	174.0
46300	2011-10-07 01:14:00	2011-10-07 01:21:00	2011-10-07 01:30:00	C1.2	11313.0	POINT(-53 -13)	-13	-53	-753.0	-281.0
46310	2011-10-07 03:55:00	2011-10-07 04:03:00	2011-10-07 04:10:00	C2.5		POINT(86 8)	8	86	948.0	127.0
46320	2011-10-07 05:16:00	2011-10-07 06:36:00	2011-10-07 06:52:00	B8.3		POINT(89 9)	9	89	947.0	161.0
46330	2011-10-07 08:24:00	2011-10-07 08:32:00	2011-10-07 08:48:00	B9.1		POINT(89 7)	7	89	955.0	130.0
46340	2011-10-07 18:53:00	2011-10-07 18:57:00	2011-10-07 19:01:00	C2.6		POINT(-86 29)	29	-86	-855.0	492.0
46350	2011-10-07 19:53:00	2011-10-07 19:56:00	2011-10-07 20:00:00	B6.7		POINT(-86 29)	29	-86	-853.0	490.0
46360	2011-10-07 23:49:00	2011-10-08 00:07:00	2011-10-08 00:35:00	B8.6		POINT(-87 19)	19	-87	-917.0	331.0
46370	2011-10-08 04:13:00	2011-10-08 04:20:00	2011-10-08 04:46:00	C1.1	11309.0	POINT(-5 25)	25	-5	-76.0	323.0
46380	2011-10-08 07:43:00	2011-10-08 08:19:00	2011-10-08 08:36:00	B9.8	11313.0	POINT(-38 -16)	-16	-38	-571.0	-349.0
46390	2011-10-08 09:13:00	2011-10-08 09:17:00	2011-10-08 09:24:00	B7.0	11313.0	POINT(-87 25)	25	-87	-875.0	416.0
46400	2011-10-09 06:45:00	2011-10-09 06:51:00	2011-10-09 06:58:00	B7.5	11314.0	POINT(-86 23)	23	-86	-880.0	372.0
46410	2011-10-09 07:46:00	2011-10-09 07:50:00	2011-10-09 08:17:00	B6.1	11314.0	POINT(-88 16)	16	-88	-933.0	277.0
46420	2011-10-09 13:22:00	2011-10-09 13:27:00	2011-10-09 13:33:00	C1.7	11314.0	POINT(-87 23)	23	-87	-885.0	386.0
46430	2011-10-09 19:44:00	2011-10-09 19:50:00	2011-10-09 19:53:00	B6.0		POINT(-89 7)	7	-89	-959.0	120.0
46440	2011-10-10 04:39:00	2011-10-10 04:45:00	2011-10-10 04:50:00	B8.8	11314.0	POINT(-12 -14)	-14	-12	-199.0	-339.0
46450	2011-10-10 05:06:00	2011-10-10 05:11:00	2011-10-10 05:13:00	B6.5		POINT(-86 6)	6	-86	-951.0	108.0
46460	2011-10-10 07:07:00	2011-10-10 07:19:00	2011-10-10 07:27:00	C3.8	11313.0	POINT(-11 -14)	-14	-11	-182.0	-337.0
46470	2011-10-10 09:10:00	2011-10-10 09:17:00	2011-10-10 09:29:00	C1.0	11313.0	POINT(-10 -14)	-14	-10	-168.0	-333.0
46480	2011-10-10 11:33:00	2011-10-10 11:42:00	2011-10-10 11:53:00	C1.4	11313.0	POINT(-8 -15)	-15	-8	-140.0	-348.0
46490	2011-10-10 13:59:00	2011-10-10 14:02:00	2011-10-10 14:04:00	B5.3		POINT(-66 24)	24	-66	-800.0	359.0
46500	2011-10-10 14:30:00	2011-10-10 14:35:00	2011-10-10 14:37:00	C4.5	11313.0	POINT(-2 -13)	-13	-2	-43.0	-324.0
46510	2011-10-10 17:20:00	2011-10-10 17:48:00	2011-10-10 18:20:00	B7.0		POINT(-5 -13)	-13	-5	-93.0	-326.0
46520	2011-10-10 18:33:00	2011-10-10 18:45:00	2011-10-10 19:10:00	B6.1	11313.0	POINT(-3 -13)	-13	-3	-65.0	-327.0
46530	2011-10-10 19:03:00	2011-10-10 19:14:00	2011-10-10 19:24:00	C1.0	11313.0	POINT(-80 7)	7	-80	-938.0	110.0
46540	2011-10-10 22:20:00	2011-10-10 22:23:00	2011-10-10 22:26:00	B6.2	11315.0	POINT(-10 20)	20	-10	-168.0	234.0
46550	2011-10-11 00:30:00	2011-10-11 00:35:00	2011-10-11 00:37:00	B5.8		POINT(-61 24)	24	-61	-772.0	349.0
46560	2011-10-11 14:40:00	2011-10-11 14:47:00	2011-10-11 15:00:00	B8.9		POINT(-52 24)	24	-52	-692.0	347.0
46570	2011-10-11 19:21:00	2011-10-11 19:25:00	2011-10-11 19:39:00	B6.1	11316.0	POINT(-60 -14)	-14	-60	-816.0	-281.0
46580	2011-10-11 23:19:00	2011-10-11 23:23:00	2011-10-11 23:25:00	C1.1	11316.0	POINT(-57 -14)	-14	-57	-783.0	-288.0
46590	2011-10-12 06:12:00	2011-10-12 06:18:00	2011-10-12 06:23:00	C4.4	11314.0	POINT(-53 9)	9	-53	-765.0	95.0
46600	2011-10-12 07:42:00	2011-10-12 07:57:00	2011-10-12 08:11:00	C1.4	11314.0	POINT(-52 9)	9	-52	-759.0	93.0
46610	2011-10-12 09:46:00	2011-10-12 09:51:00	2011-10-12 09:55:00	C1.7	11316.0	POINT(-53 -11)	-11	-53	-755.0	-255.0
46620	2011-10-12 10:33:00	2011-10-12 10:40:00	2011-10-12 10:48:00	C1.7	11314.0	POINT(-50 9)	9	-50	-737.0	88.0
46630	2011-10-12 11:30:00	2011-10-12 11:37:00	2011-10-12 11:44:00	C5.3	11319.0	POINT(-50 9)	9	-50	-733.0	89.0
46640	2011-10-12 14:13:00	2011-10-12 14:20:00	2011-10-12 14:32:00	C4.3	11319.0	POINT(-48 8)	8	-48	-714.0	83.0
46650	2011-10-12 15:18:00	2011-10-12 15:22:00	2011-10-12 15:24:00	C1.1	11314.0	POINT(-39 24)	24	-39	-551.0	331.0
46660	2011-10-12 16:27:00	2011-10-12 16:31:00	2011-10-12 16:35:00	C1.3	11319.0	POINT(-49 -12)	-12	-49	-711.0	-273.0
46670	2011-10-12 16:37:00	2011-10-12 16:44:00	2011-10-12 16:51:00	C2.7	11319.0	POINT(-47 9)	9	-47	-699.0	86.0
46680	2011-10-12 18:25:00	2011-10-12 18:30:00	2011-10-12 18:37:00	B7.5	11319.0	POINT(-46 9)	9	-46	-689.0	89.0
46690	2011-10-12 18:39:00	2011-10-12 18:46:00	2011-10-12 18:52:00	C1.0	11319.0	POINT(-46 9)	9	-46	-692.0	97.0
46700	2011-10-12 19:43:00	2011-10-12 19:50:00	2011-10-12 20:04:00	C1.4	11314.0	POINT(-45 9)	9	-45	-672.0	87.0
46710	2011-10-12 21:58:00	2011-10-12 22:02:00	2011-10-12 22:07:00	B6.4	11315.0	POINT(16 20)	20	16	263.0	237.0
46720	2011-10-13 00:25:00	2011-10-13 00:31:00	2011-10-13 00:35:00	C2.0	11319.0	POINT(-41 9)	9	-41	-633.0	84.0
46730	2011-10-13 03:00:00	2011-10-13 03:05:00	2011-10-13 03:12:00	C1.3	11319.0	POINT(-40 9)	9	-40	-623.0	81.0
46740	2011-10-13 07:07:00	2011-10-13 07:11:00	2011-10-13 07:14:00	C1.2	11314.0	POINT(-30 23)	23	-30	-449.0	310.0
46750	2011-10-13 09:37:00	2011-10-13 09:46:00	2011-10-13 09:58:00	C1.0	11313.0	POINT(27 -13)	-13	27	431.0	-314.0
46760	2011-10-13 11:29:00	2011-10-13 12:23:00	2011-10-13 12:55:00	C2.2	11313.0	POINT(34 -13)	-13	34	530.0	-312.0
46770	2011-10-13 14:49:00	2011-10-13 14:53:00	2011-10-13 14:55:00	B8.6	11314.0	POINT(-23 25)	25	-23	-353.0	331.0
46780	2011-10-13 15:05:00	2011-10-13 15:18:00	2011-10-13 15:22:00	C1.6		POINT(-33 10)	10	-33	-523.0	89.0
46790	2011-10-13 18:16:00	2011-10-13 18:50:00	2011-10-13 19:00:00	C2.0	11319.0	POINT(-33 9)	9	-33	-531.0	70.0
46800	2011-10-13 23:59:00	2011-10-14 00:03:00	2011-10-14 00:14:00	C1.5		POINT(-26 25)	25	-26	-387.0	332.0
46810	2011-10-14 05:16:00	2011-10-14 05:20:00	2011-10-14 05:22:00	B6.8		POINT(-24 -13)	-13	-24	-396.0	-306.0
46820	2011-10-14 06:26:00	2011-10-14 06:29:00	2011-10-14 06:31:00	C1.0	11316.0	POINT(-24 -13)	-13	-24	-390.0	-310.0
46830	2011-10-14 08:23:00	2011-10-14 08:30:00	2011-10-14 08:32:00	B7.1	11312.0	POINT(47 23)	23	47	648.0	326.0
46840	2011-10-14 08:51:00	2011-10-14 08:55:00	2011-10-14 08:58:00	C1.1	11316.0	POINT(-13 23)	23	-13	-212.0	297.0
46850	2011-10-14 15:09:00	2011-10-14 15:13:00	2011-10-14 15:16:00	C1.1	11316.0	POINT(-20 -13)	-13	-20	-323.0	-311.0
46860	2011-10-14 19:30:00	2011-10-14 19:43:00	2011-10-14 19:54:00	C1.1		POINT(-88 -15)	-15	-88	-937.0	-258.0
46870	2011-10-14 20:39:00	2011-10-14 20:46:00	2011-10-14 20:53:00	C1.3	11319.0	POINT(-17 8)	8	-17	-285.0	56.0
46880	2011-10-14 21:31:00	2011-10-14 21:37:00	2011-10-14 21:43:00	C1.3	11319.0	POINT(-16 9)	9	-16	-275.0	57.0
46890	2011-10-14 23:13:00	2011-10-14 23:16:00	2011-10-14 23:20:00	C1.1	11319.0	POINT(-15 9)	9	-15	-248.0	59.0
46900	2011-10-15 01:07:00	2011-10-15 01:12:00	2011-10-15 01:21:00	C1.3	11319.0	POINT(-14 9)	9	-14	-237.0	58.0
46910	2011-10-15 04:19:00	2011-10-15 04:41:00	2011-10-15 05:20:00	C1.4	11318.0	POINT(35 21)	21	35	520.0	270.0
46920	2011-10-15 11:07:00	2011-10-15 11:24:00	2011-10-15 11:48:00	C1.1	11313.0	POINT(57 -21)	-21	57	753.0	-404.0
46930	2011-10-15 12:36:00	2011-10-15 12:39:00	2011-10-15 12:41:00	C1.6	11314.0	POINT(-8 8)	8	-8	-148.0	44.0
46940	2011-10-15 13:18:00	2011-10-15 13:25:00	2011-10-15 13:33:00	C2.0	11319.0	POINT(-8 8)	8	-8	-132.0	51.0
46950	2011-10-15 13:56:00	2011-10-15 14:13:00	2011-10-15 14:20:00	C5.0	11319.0	POINT(-7 8)	8	-7	-121.0	50.0
46960	2011-10-15 16:10:00	2011-10-15 16:21:00	2011-10-15 16:26:00	C2.3	11319.0	POINT(-6 8)	8	-6	-105.0	51.0
46970	2011-10-15 17:24:00	2011-10-15 17:30:00	2011-10-15 17:43:00	C1.3		POINT(60 -21)	-21	60	779.0	-400.0
46980	2011-10-15 18:13:00	2011-10-15 18:19:00	2011-10-15 18:25:00	C1.5	11316.0	POINT(-7 -11)	-11	-7	-123.0	-284.0
46990	2011-10-15 20:35:00	2011-10-15 20:47:00	2011-10-15 20:56:00	C3.9		POINT(88 13)	13	88	935.0	227.0
47000	2011-10-16 01:35:00	2011-10-16 01:40:00	2011-10-16 01:47:00	C1.8	11319.0	POINT(-3 11)	11	-3	-59.0	92.0
47010	2011-10-16 03:28:00	2011-10-16 03:34:00	2011-10-16 03:39:00	C1.9	11319.0	POINT(-2 11)	11	-2	-49.0	92.0
47020	2011-10-16 04:27:00	2011-10-16 04:41:00	2011-10-16 04:51:00	C1.3	11319.0	POINT(3 11)	11	3	62.0	92.0
47030	2011-10-16 06:46:00	2011-10-16 07:01:00	2011-10-16 07:27:00	C2.8	11319.0	POINT(5 11)	11	5	86.0	92.0
47040	2011-10-16 09:31:00	2011-10-16 09:42:00	2011-10-16 09:54:00	C2.0	11319.0	POINT(5 12)	12	5	97.0	111.0
47050	2011-10-16 11:53:00	2011-10-16 12:19:00	2011-10-16 12:34:00	C1.8		POINT(3 9)	9	3	57.0	69.0
47060	2011-10-16 13:51:00	2011-10-16 13:55:00	2011-10-16 13:57:00	C1.4	11317.0	POINT(-10 -25)	-25	-10	-151.0	-503.0
47070	2011-10-16 14:28:00	2011-10-16 14:35:00	2011-10-16 14:49:00	C3.7	11319.0	POINT(88 14)	14	88	944.0	246.0
47080	2011-10-16 15:04:00	2011-10-16 15:14:00	2011-10-16 15:22:00	C6.3	11319.0	POINT(9 12)	12	9	150.0	107.0
47090	2011-10-16 15:53:00	2011-10-16 15:57:00	2011-10-16 15:59:00	C4.4		POINT(88 14)	14	88	939.0	246.0
47100	2011-10-16 17:28:00	2011-10-16 17:30:00	2011-10-16 17:48:00	C1.9		POINT(-89 10)	10	-89	-960.0	177.0
47110	2011-10-17 01:55:00	2011-10-17 02:23:00	2011-10-17 03:00:00	C1.8	11324.0	POINT(88 16)	16	88	936.0	278.0
47120	2011-10-17 05:40:00	2011-10-17 07:21:00	2011-10-17 08:03:00	C1.6		POINT(13 13)	13	13	221.0	125.0
47130	2011-10-17 08:24:00	2011-10-17 08:28:00	2011-10-17 08:30:00	C2.1		POINT(-89 9)	9	-89	-959.0	161.0
47140	2011-10-17 09:29:00	2011-10-17 09:32:00	2011-10-17 09:34:00	C1.8		POINT(-89 9)	9	-89	-954.0	156.0
47150	2011-10-17 10:58:00	2011-10-17 11:45:00	2011-10-17 12:45:00	C2.2		POINT(-67 23)	23	-67	-818.0	347.0
47160	2011-10-17 13:15:00	2011-10-17 14:24:00	2011-10-17 15:40:00	C2.3		POINT(18 -10)	-10	18	295.0	-262.0
47170	2011-10-17 16:40:00	2011-10-17 16:50:00	2011-10-17 17:41:00	C1.7		POINT(22 27)	27	22	326.0	364.0
47180	2011-10-17 18:05:00	2011-10-17 18:09:00	2011-10-17 18:13:00	C1.9	11324.0	POINT(-89 9)	9	-89	-955.0	158.0
47190	2011-10-18 03:31:00	2011-10-18 03:58:00	2011-10-18 04:08:00	C1.9		POINT(31 12)	12	31	491.0	129.0
47200	2011-10-18 04:09:00	2011-10-18 04:12:00	2011-10-18 04:16:00	C1.8		POINT(-89 10)	10	-89	-947.0	177.0
47210	2011-10-18 06:39:00	2011-10-18 06:43:00	2011-10-18 06:45:00	C2.0		POINT(-78 11)	11	-78	-926.0	170.0
47220	2011-10-19 01:33:00	2011-10-19 01:36:00	2011-10-19 01:40:00	C1.1		POINT(-67 12)	12	-67	-873.0	170.0
47230	2011-10-19 04:49:00	2011-10-19 04:55:00	2011-10-19 05:00:00	C5.5	11324.0	POINT(-65 10)	10	-65	-858.0	143.0
47240	2011-10-19 13:00:00	2011-10-19 13:15:00	2011-10-19 13:25:00	C1.6		POINT(-89 12)	12	-89	-957.0	204.0
47250	2011-10-19 16:31:00	2011-10-19 16:34:00	2011-10-19 16:37:00	C2.4	11324.0	POINT(-58 11)	11	-58	-803.0	140.0
47260	2011-10-19 18:45:00	2011-10-19 18:49:00	2011-10-19 18:51:00	C3.4	11324.0	POINT(-59 11)	11	-59	-816.0	140.0
47270	2011-10-19 19:55:00	2011-10-19 19:58:00	2011-10-19 20:00:00	C1.7	11324.0	POINT(-59 11)	11	-59	-811.0	141.0
47280	2011-10-19 20:31:00	2011-10-19 20:37:00	2011-10-19 20:39:00	C3.5	11314.0	POINT(53 30)	30	53	669.0	446.0
47290	2011-10-20 02:00:00	2011-10-20 02:03:00	2011-10-20 02:05:00	C1.5		POINT(59 7)	7	59	826.0	71.0
47300	2011-10-20 03:10:00	2011-10-20 03:25:00	2011-10-20 03:44:00	M1.6		POINT(88 18)	18	88	920.0	311.0
47310	2011-10-20 15:33:00	2011-10-20 15:39:00	2011-10-20 15:45:00	C5.4	11324.0	POINT(-47 11)	11	-47	-701.0	127.0
47320	2011-10-21 08:53:00	2011-10-21 08:57:00	2011-10-21 09:02:00	C2.4	11324.0	POINT(-37 11)	11	-37	-576.0	116.0
47330	2011-10-21 12:53:00	2011-10-21 13:00:00	2011-10-21 13:08:00	M1.3	11319.0	POINT(79 5)	5	79	944.0	78.0
47340	2011-10-21 13:40:00	2011-10-21 13:44:00	2011-10-21 13:46:00	C1.5	11319.0	POINT(72 9)	9	72	909.0	129.0
47350	2011-10-21 17:00:00	2011-10-21 17:04:00	2011-10-21 17:10:00	C2.7	11319.0	POINT(75 8)	8	75	922.0	120.0
47360	2011-10-22 01:19:00	2011-10-22 01:33:00	2011-10-22 01:55:00	C1.6		POINT(88 -16)	-16	88	933.0	-279.0
47370	2011-10-22 02:11:00	2011-10-22 02:25:00	2011-10-22 02:33:00	C1.7	11325.0	POINT(89 4)	4	89	966.0	84.0
47380	2011-10-22 02:57:00	2011-10-22 03:13:00	2011-10-22 03:33:00	C2.3		POINT(88 -8)	-8	88	965.0	-150.0
47390	2011-10-22 03:35:00	2011-10-22 03:39:00	2011-10-22 03:51:00	C2.5		POINT(-89 4)	4	-89	-962.0	74.0
47400	2011-10-22 10:00:00	2011-10-22 11:10:00	2011-10-22 13:09:00	M1.3	11314.0	POINT(87 27)	27	87	932.0	486.0
47410	2011-10-22 15:14:00	2011-10-22 15:20:00	2011-10-22 15:29:00	C4.1	11324.0	POINT(-24 10)	10	-24	-394.0	100.0
47420	2011-10-22 19:11:00	2011-10-22 19:17:00	2011-10-22 19:23:00	C2.2	11325.0	POINT(-46 16)	16	-46	-672.0	212.0
47430	2011-10-22 20:39:00	2011-10-22 20:43:00	2011-10-22 20:47:00	C1.7	11325.0	POINT(-45 16)	16	-45	-659.0	206.0
47440	2011-10-23 05:28:00	2011-10-23 05:31:00	2011-10-23 05:34:00	C2.1	11330.0	POINT(-40 16)	16	-40	-601.0	213.0
47450	2011-10-23 11:42:00	2011-10-23 11:47:00	2011-10-23 11:53:00	C2.5	11324.0	POINT(-11 12)	12	-11	-190.0	122.0
47460	2011-10-23 22:26:00	2011-10-23 22:37:00	2011-10-23 22:41:00	C1.0	11330.0	POINT(-67 10)	10	-67	-878.0	140.0
47470	2011-10-25 03:36:00	2011-10-25 03:41:00	2011-10-25 03:50:00	B9.5	11321.0	POINT(74 -14)	-14	74	899.0	-267.0
47480	2011-10-25 20:01:00	2011-10-25 20:19:00	2011-10-25 20:35:00	C1.7	11330.0	POINT(-42 15)	15	-42	-634.0	200.0
47490	2011-10-25 22:30:00	2011-10-25 22:35:00	2011-10-25 22:41:00	B7.3		POINT(21 14)	14	21	338.0	164.0
47500	2011-10-26 05:02:00	2011-10-26 05:06:00	2011-10-26 05:12:00	B8.6		POINT(84 8)	8	84	950.0	129.0
47510	2011-10-26 09:08:00	2011-10-26 10:01:00	2011-10-26 10:22:00	C1.2	11324.0	POINT(-26 6)	6	-26	-428.0	39.0
47520	2011-10-27 00:53:00	2011-10-27 01:02:00	2011-10-27 01:10:00	B6.9	11330.0	POINT(36 12)	12	36	569.0	138.0
47530	2011-10-27 10:00:00	2011-10-27 10:06:00	2011-10-27 10:15:00	B4.5		POINT(-10 9)	9	-10	-173.0	86.0
47540	2011-10-27 11:08:00	2011-10-27 11:16:00	2011-10-27 11:24:00	B5.7		POINT(-12 6)	6	-12	-202.0	23.0
47550	2011-10-27 17:11:00	2011-10-27 17:24:00	2011-10-27 17:35:00	B8.8		POINT(-14 15)	15	-14	-227.0	173.0
47560	2011-10-27 18:38:00	2011-10-27 18:44:00	2011-10-27 18:49:00	C2.6	11333.0	POINT(-13 14)	14	-13	-222.0	168.0
47570	2011-10-28 06:07:00	2011-10-28 06:14:00	2011-10-28 06:20:00	C1.0	11333.0	POINT(-7 14)	14	-7	-114.0	167.0
47580	2011-10-28 07:01:00	2011-10-28 07:04:00	2011-10-28 07:07:00	C1.0	11324.0	POINT(53 11)	11	53	764.0	142.0
47590	2011-10-28 08:12:00	2011-10-28 08:16:00	2011-10-28 08:18:00	B9.3	11324.0	POINT(51 11)	11	51	741.0	149.0
47600	2011-10-28 09:19:00	2011-10-28 09:23:00	2011-10-28 09:41:00	B8.7	11324.0	POINT(52 11)	11	52	750.0	140.0
47610	2011-10-28 11:53:00	2011-10-28 12:17:00	2011-10-28 12:43:00	C1.7	11324.0	POINT(59 12)	12	59	812.0	161.0
47620	2011-10-28 16:43:00	2011-10-28 17:28:00	2011-10-28 17:45:00	B8.5		POINT(3 14)	14	3	63.0	159.0
47630	2011-10-29 02:08:00	2011-10-29 02:15:00	2011-10-29 02:28:00	C1.4	11324.0	POINT(62 11)	11	62	843.0	152.0
47640	2011-10-29 09:17:00	2011-10-29 09:22:00	2011-10-29 09:26:00	C1.9	11325.0	POINT(41 17)	17	41	617.0	231.0
47650	2011-10-29 14:23:00	2011-10-29 14:29:00	2011-10-29 14:34:00	C1.0		POINT(-89 11)	11	-89	-956.0	187.0
47660	2011-10-29 14:44:00	2011-10-29 14:52:00	2011-10-29 15:01:00	C3.0	11324.0	POINT(70 10)	10	70	894.0	156.0
47670	2011-10-29 20:42:00	2011-10-29 20:48:00	2011-10-29 20:52:00	C1.2		POINT(-89 10)	10	-89	-950.0	182.0
47680	2011-10-30 03:08:00	2011-10-30 03:24:00	2011-10-30 03:48:00	B8.3		POINT(89 11)	11	89	961.0	194.0
47690	2011-10-30 07:17:00	2011-10-30 07:32:00	2011-10-30 08:00:00	B9.7		POINT(38 -10)	-10	38	588.0	-240.0
47700	2011-10-30 08:36:00	2011-10-30 08:46:00	2011-10-30 09:02:00	B7.7		POINT(30 2)	2	30	491.0	-23.0
47710	2011-10-30 09:11:00	2011-10-30 09:39:00	2011-10-30 10:05:00	C2.5	11330.0	POINT(21 7)	7	21	349.0	53.0
47720	2011-10-30 14:44:00	2011-10-30 14:45:00	2011-10-30 14:57:00	C1.5	11334.0	POINT(86 14)	14	86	935.0	228.0
47730	2011-10-30 17:09:00	2011-10-30 17:12:00	2011-10-30 17:15:00	C1.9	11330.0	POINT(34 7)	7	34	548.0	62.0
47740	2011-10-30 20:46:00	2011-10-30 20:52:00	2011-10-30 21:02:00	C1.5	11334.0	POINT(-27 10)	10	-27	-435.0	117.0
47750	2011-10-30 21:07:00	2011-10-30 21:16:00	2011-10-30 21:31:00	C1.5	11334.0	POINT(-88 21)	21	-88	-912.0	354.0
47760	2011-10-30 21:41:00	2011-10-30 21:43:00	2011-10-30 21:49:00	C1.4	11334.0	POINT(-88 20)	20	-88	-914.0	351.0
47770	2011-10-30 22:33:00	2011-10-30 22:50:00	2011-10-30 23:07:00	C1.2	11334.0	POINT(36 7)	7	36	566.0	65.0
47780	2011-10-31 00:24:00	2011-10-31 01:10:00	2011-10-31 01:50:00	C2.3	11330.0	POINT(37 8)	8	37	581.0	82.0
47790	2011-10-31 00:50:00	2011-10-31 01:10:00	2011-10-31 01:29:00	C2.3	11330.0	POINT(37 8)	8	37	582.0	82.0
47800	2011-10-31 05:14:00	2011-10-31 05:15:00	2011-10-31 05:25:00	C2.7	11334.0	POINT(89 12)	12	89	951.0	209.0
47810	2011-10-31 07:54:00	2011-10-31 07:59:00	2011-10-31 08:10:00	C1.3	11324.0	POINT(-88 -13)	-13	-88	-943.0	-228.0
47820	2011-10-31 14:55:00	2011-10-31 15:08:00	2011-10-31 15:27:00	M1.1		POINT(-88 20)	20	-88	-915.0	341.0
47830	2011-10-31 17:21:00	2011-10-31 18:08:00	2011-10-31 18:50:00	M1.4		POINT(-88 21)	21	-88	-918.0	354.0
47840	2011-10-31 18:29:00	2011-10-31 18:33:00	2011-10-31 18:55:00	M1.2		POINT(-88 20)	20	-88	-935.0	351.0
47850	2011-10-31 23:16:00	2011-10-31 23:22:00	2011-10-31 23:28:00	C5.2	11338.0	POINT(-88 -16)	-16	-88	-935.0	-276.0
47860	2011-11-01 00:22:00	2011-11-01 00:28:00	2011-11-01 00:33:00	C2.7		POINT(-88 19)	19	-88	-920.0	324.0
47870	2011-11-01 01:18:00	2011-11-01 02:20:00	2011-11-01 02:30:00	C3.5		POINT(-88 19)	19	-88	-921.0	333.0
47880	2011-11-01 02:31:00	2011-11-01 02:36:00	2011-11-01 02:45:00	C4.5		POINT(-88 21)	21	-88	-916.0	359.0
47890	2011-11-01 03:34:00	2011-11-01 04:01:00	2011-11-01 04:45:00	C3.2		POINT(-88 19)	19	-88	-930.0	330.0
47900	2011-11-01 06:26:00	2011-11-01 06:29:00	2011-11-01 06:33:00	C1.9	11339.0	POINT(-88 21)	21	-88	-905.0	357.0
47910	2011-11-01 06:49:00	2011-11-01 07:25:00	2011-11-01 07:37:00	C4.1		POINT(-88 20)	20	-88	-927.0	353.0
47920	2011-11-01 10:22:00	2011-11-01 10:32:00	2011-11-01 10:41:00	C4.3	11338.0	POINT(-83 -16)	-16	-83	-923.0	-273.0
47930	2011-11-01 18:20:00	2011-11-01 18:26:00	2011-11-01 18:36:00	C4.1		POINT(56 9)	9	56	794.0	111.0
47940	2011-11-01 19:55:00	2011-11-01 20:00:00	2011-11-01 20:08:00	C2.7		POINT(-88 18)	18	-88	-921.0	317.0
47950	2011-11-01 21:32:00	2011-11-01 21:52:00	2011-11-01 22:23:00	C4.7	11339.0	POINT(-88 23)	23	-88	-912.0	398.0
47960	2011-11-02 02:45:00	2011-11-02 02:52:00	2011-11-02 03:02:00	C5.1		POINT(-88 20)	20	-88	-913.0	345.0
47970	2011-11-02 06:46:00	2011-11-02 06:50:00	2011-11-02 06:59:00	C2.2	11339.0	POINT(-83 18)	18	-83	-912.0	291.0
47980	2011-11-02 08:31:00	2011-11-02 08:43:00	2011-11-02 08:54:00	C3.4	11339.0	POINT(-88 20)	20	-88	-921.0	347.0
47990	2011-11-02 10:39:00	2011-11-02 10:48:00	2011-11-02 10:55:00	C3.2	11339.0	POINT(-88 20)	20	-88	-909.0	342.0
48000	2011-11-02 12:20:00	2011-11-02 12:23:00	2011-11-02 12:25:00	C1.6	11339.0	POINT(-76 20)	20	-76	-878.0	329.0
48010	2011-11-02 15:53:00	2011-11-02 15:56:00	2011-11-02 16:00:00	C2.7	11339.0	POINT(-80 20)	20	-80	-893.0	329.0
48020	2011-11-02 17:10:00	2011-11-02 17:15:00	2011-11-02 17:21:00	C7.8	11339.0	POINT(-81 20)	20	-81	-894.0	328.0
48030	2011-11-02 21:52:00	2011-11-02 22:01:00	2011-11-02 22:19:00	M4.3	11339.0	POINT(-77 20)	20	-77	-884.0	327.0
48040	2011-11-03 00:05:00	2011-11-03 00:18:00	2011-11-03 00:27:00	C4.4	11339.0	POINT(-73 21)	21	-73	-865.0	330.0
48050	2011-11-03 01:24:00	2011-11-03 01:30:00	2011-11-03 01:35:00	C3.4	11339.0	POINT(-71 19)	19	-71	-863.0	301.0
48060	2011-11-03 03:18:00	2011-11-03 03:25:00	2011-11-03 03:36:00	C2.9	11339.0	POINT(-70 20)	20	-70	-854.0	323.0
48070	2011-11-03 07:11:00	2011-11-03 07:15:00	2011-11-03 07:26:00	C3.2	11339.0	POINT(-70 20)	20	-70	-851.0	320.0
48080	2011-11-03 09:38:00	2011-11-03 09:44:00	2011-11-03 09:50:00	C2.1	11339.0	POINT(-54 -16)	-16	-54	-759.0	-309.0
48090	2011-11-03 10:03:00	2011-11-03 10:11:00	2011-11-03 10:17:00	C3.4	11339.0	POINT(-70 20)	20	-70	-850.0	322.0
48100	2011-11-03 10:58:00	2011-11-03 11:11:00	2011-11-03 11:20:00	M2.5	11339.0	POINT(-70 20)	20	-70	-851.0	320.0
48110	2011-11-03 14:03:00	2011-11-03 14:08:00	2011-11-03 14:14:00	C1.5	11339.0	POINT(-68 20)	20	-68	-844.0	317.0
48120	2011-11-03 14:48:00	2011-11-03 14:54:00	2011-11-03 15:00:00	C3.8	11338.0	POINT(-51 -16)	-16	-51	-726.0	-311.0
48130	2011-11-03 17:57:00	2011-11-03 17:59:00	2011-11-03 18:09:00	C2.2		POINT(-67 21)	21	-67	-830.0	330.0
48140	2011-11-03 18:47:00	2011-11-03 18:53:00	2011-11-03 19:00:00	C4.5	11339.0	POINT(-65 21)	21	-65	-820.0	321.0
48150	2011-11-03 20:16:00	2011-11-03 20:27:00	2011-11-03 20:32:00	X1.9	11339.0	POINT(-64 21)	21	-64	-814.0	318.0
48160	2011-11-03 22:12:00	2011-11-03 22:18:00	2011-11-03 22:27:00	C5.4	11339.0	POINT(-63 20)	20	-63	-812.0	302.0
48170	2011-11-03 22:28:00	2011-11-03 22:35:00	2011-11-03 22:44:00	C5.8	11339.0	POINT(-64 20)	20	-64	-821.0	308.0
48180	2011-11-03 22:56:00	2011-11-03 23:00:00	2011-11-03 23:24:00	C9.2	11339.0	POINT(-57 19)	19	-57	-771.0	288.0
48190	2011-11-03 23:28:00	2011-11-03 23:31:00	2011-11-03 23:44:00	M2.1	11339.0	POINT(-62 20)	20	-62	-807.0	307.0
48200	2011-11-04 00:01:00	2011-11-04 00:11:00	2011-11-04 00:16:00	C3.8	11339.0	POINT(-61 21)	21	-61	-795.0	321.0
48210	2011-11-04 00:26:00	2011-11-04 01:01:00	2011-11-04 01:43:00	C5.4		POINT(-88 22)	22	-88	-908.0	375.0
48220	2011-11-04 03:22:00	2011-11-04 03:53:00	2011-11-04 04:16:00	C8.6		POINT(-88 18)	18	-88	-945.0	321.0
48230	2011-11-04 10:50:00	2011-11-04 10:55:00	2011-11-04 11:01:00	C1.8		POINT(-55 21)	21	-55	-746.0	317.0
48240	2011-11-04 19:25:00	2011-11-04 19:33:00	2011-11-04 19:47:00	C2.9	11339.0	POINT(-50 20)	20	-50	-700.0	291.0
48250	2011-11-04 20:31:00	2011-11-04 20:40:00	2011-11-04 20:46:00	M1.0	11339.0	POINT(-47 19)	19	-47	-668.0	282.0
48260	2011-11-04 22:25:00	2011-11-04 22:43:00	2011-11-04 23:06:00	C4.6	11339.0	POINT(-47 19)	19	-47	-677.0	275.0
48270	2011-11-05 00:57:00	2011-11-05 01:00:00	2011-11-05 01:02:00	C1.8	11339.0	POINT(-45 19)	19	-45	-651.0	282.0
48280	2011-11-05 03:08:00	2011-11-05 03:31:00	2011-11-05 03:58:00	M3.7	11339.0	POINT(-47 20)	20	-47	-663.0	301.0
48290	2011-11-05 09:20:00	2011-11-05 09:24:00	2011-11-05 09:30:00	C1.3	11339.0	POINT(-43 21)	21	-43	-621.0	305.0
48300	2011-11-05 10:02:00	2011-11-05 10:09:00	2011-11-05 10:16:00	C1.5	11339.0	POINT(-38 19)	19	-38	-565.0	276.0
48310	2011-11-05 11:10:00	2011-11-05 11:21:00	2011-11-05 11:42:00	M1.1	11339.0	POINT(-41 19)	19	-41	-601.0	278.0
48320	2011-11-05 15:11:00	2011-11-05 15:35:00	2011-11-05 15:54:00	C4.2	11339.0	POINT(-41 22)	22	-41	-593.0	321.0
48330	2011-11-05 16:32:00	2011-11-05 16:38:00	2011-11-05 16:45:00	C1.5	11339.0	POINT(9 11)	11	9	160.0	123.0
48340	2011-11-05 20:31:00	2011-11-05 20:38:00	2011-11-05 20:54:00	M1.8	11339.0	POINT(-37 21)	21	-37	-547.0	303.0
48350	2011-11-05 21:23:00	2011-11-05 21:40:00	2011-11-05 22:42:00	C2.7		POINT(-19 -13)	-13	-19	-321.0	-283.0
48360	2011-11-06 00:08:00	2011-11-06 00:13:00	2011-11-06 00:18:00	C1.5		POINT(-35 20)	20	-35	-531.0	296.0
48370	2011-11-06 00:46:00	2011-11-06 01:03:00	2011-11-06 01:24:00	M1.2	11339.0	POINT(-34 20)	20	-34	-512.0	289.0
48380	2011-11-06 04:21:00	2011-11-06 04:26:00	2011-11-06 04:32:00	C1.6		POINT(-33 20)	20	-33	-503.0	292.0
48390	2011-11-06 06:04:00	2011-11-06 06:07:00	2011-11-06 06:10:00	C1.5		POINT(-30 21)	21	-30	-455.0	300.0
48400	2011-11-06 06:14:00	2011-11-06 06:35:00	2011-11-06 06:41:00	M1.4	11339.0	POINT(-33 21)	21	-33	-494.0	303.0
48410	2011-11-06 08:04:00	2011-11-06 08:16:00	2011-11-06 08:39:00	C2.3	11338.0	POINT(-10 -14)	-14	-10	-167.0	-298.0
48420	2011-11-06 09:52:00	2011-11-06 09:56:00	2011-11-06 09:59:00	C8.8	11339.0	POINT(-29 20)	20	-29	-444.0	291.0
48430	2011-11-06 14:30:00	2011-11-06 14:47:00	2011-11-06 15:03:00	C5.3	11339.0	POINT(-27 20)	20	-27	-416.0	288.0
48440	2011-11-06 16:35:00	2011-11-06 16:40:00	2011-11-06 16:44:00	B9.8	11339.0	POINT(-5 -14)	-14	-5	-88.0	-299.0
48450	2011-11-06 17:17:00	2011-11-06 17:36:00	2011-11-06 17:42:00	C2.0	11338.0	POINT(-6 -12)	-12	-6	-109.0	-277.0
48460	2011-11-06 19:52:00	2011-11-06 19:58:00	2011-11-06 20:30:00	C1.2	11338.0	POINT(-3 -13)	-13	-3	-57.0	-295.0
48470	2011-11-06 21:49:00	2011-11-06 21:53:00	2011-11-06 21:55:00	C1.7	11338.0	POINT(-3 -14)	-14	-3	-55.0	-299.0
48480	2011-11-07 00:13:00	2011-11-07 00:17:00	2011-11-07 00:20:00	C2.3		POINT(-22 21)	21	-22	-351.0	293.0
48490	2011-11-07 03:05:00	2011-11-07 03:10:00	2011-11-07 03:16:00	C3.5	11339.0	POINT(-21 21)	21	-21	-331.0	295.0
48500	2011-11-07 09:28:00	2011-11-07 09:30:00	2011-11-07 09:42:00	C1.4	11339.0	POINT(7 -16)	-16	7	123.0	-328.0
48510	2011-11-07 14:07:00	2011-11-07 14:31:00	2011-11-07 15:26:00	C1.5		POINT(-13 13)	13	-13	-227.0	168.0
48520	2011-11-07 22:39:00	2011-11-07 22:53:00	2011-11-07 23:28:00	C3.2	11339.0	POINT(-9 22)	22	-9	-153.0	321.0
48530	2011-11-08 07:23:00	2011-11-08 08:19:00	2011-11-08 08:45:00	C2.6	11339.0	POINT(-3 22)	22	-3	-51.0	318.0
48540	2011-11-08 19:23:00	2011-11-08 19:28:00	2011-11-08 19:38:00	C1.8	11339.0	POINT(3 21)	21	3	53.0	306.0
48550	2011-11-08 21:00:00	2011-11-08 21:04:00	2011-11-08 21:10:00	C1.2	11342.0	POINT(-41 11)	11	-41	-633.0	149.0
48560	2011-11-09 01:43:00	2011-11-09 02:19:00	2011-11-09 02:51:00	C1.9	11339.0	POINT(9 22)	22	9	141.0	312.0
48570	2011-11-09 13:04:00	2011-11-09 13:35:00	2011-11-09 14:12:00	M1.1	11342.0	POINT(-35 24)	24	-35	-514.0	359.0
48580	2011-11-10 01:40:00	2011-11-10 01:46:00	2011-11-10 01:50:00	C2.1		POINT(-89 18)	18	-89	-927.0	312.0
48590	2011-11-10 04:32:00	2011-11-10 04:54:00	2011-11-10 05:40:00	C1.3		POINT(25 26)	26	25	378.0	386.0
48600	2011-11-10 12:05:00	2011-11-10 12:28:00	2011-11-10 12:50:00	C1.4		POINT(-26 10)	10	-26	-427.0	128.0
48610	2011-11-10 15:48:00	2011-11-10 15:52:00	2011-11-10 15:59:00	C2.2	11341.0	POINT(-19 9)	9	-19	-318.0	98.0
48620	2011-11-10 16:54:00	2011-11-10 17:19:00	2011-11-10 17:58:00	C3.7		POINT(31 20)	20	31	473.0	297.0
48630	2011-11-10 18:20:00	2011-11-10 18:31:00	2011-11-10 18:43:00	C6.0	11339.0	POINT(30 21)	21	30	461.0	308.0
48640	2011-11-11 03:48:00	2011-11-11 04:30:00	2011-11-11 04:52:00	C1.3	11339.0	POINT(36 21)	21	36	541.0	308.0
48650	2011-11-11 06:11:00	2011-11-11 07:05:00	2011-11-11 07:51:00	C4.2	11344.0	POINT(42 -18)	-18	42	620.0	-345.0
48660	2011-11-11 12:25:00	2011-11-11 12:31:00	2011-11-11 12:37:00	C1.6	11339.0	POINT(40 17)	17	40	600.0	250.0
48670	2011-11-11 16:40:00	2011-11-11 17:09:00	2011-11-11 17:33:00	C5.4	11344.0	POINT(47 -16)	-16	47	689.0	-314.0
48680	2011-11-11 23:31:00	2011-11-11 23:34:00	2011-11-11 23:45:00	C1.3	11339.0	POINT(42 -17)	-17	42	627.0	-324.0
48690	2011-11-12 07:42:00	2011-11-12 07:50:00	2011-11-12 08:01:00	C2.5	11339.0	POINT(53 20)	20	53	729.0	306.0
48700	2011-11-12 16:38:00	2011-11-12 16:43:00	2011-11-12 16:48:00	C1.8	11344.0	POINT(56 21)	21	56	753.0	321.0
48710	2011-11-12 18:11:00	2011-11-12 18:51:00	2011-11-12 19:04:00	C1.8		POINT(55 -18)	-18	55	757.0	-335.0
48720	2011-11-12 21:18:00	2011-11-12 21:26:00	2011-11-12 21:40:00	C2.4	11344.0	POINT(57 -18)	-18	57	775.0	-338.0
48730	2011-11-12 22:37:00	2011-11-12 22:43:00	2011-11-12 22:51:00	C2.4	11344.0	POINT(59 -16)	-16	59	804.0	-308.0
48740	2011-11-13 03:50:00	2011-11-13 03:57:00	2011-11-13 04:06:00	C1.7	11344.0	POINT(62 -16)	-16	62	828.0	-294.0
48750	2011-11-13 04:53:00	2011-11-13 04:59:00	2011-11-13 05:07:00	C2.4	11344.0	POINT(61 -18)	-18	61	806.0	-330.0
48760	2011-11-13 06:39:00	2011-11-13 06:44:00	2011-11-13 06:53:00	C1.4	11344.0	POINT(64 -19)	-19	64	827.0	-345.0
48770	2011-11-13 08:11:00	2011-11-13 08:20:00	2011-11-13 08:34:00	C1.9	11344.0	POINT(72 -20)	-20	72	863.0	-357.0
48780	2011-11-13 09:17:00	2011-11-13 09:21:00	2011-11-13 09:29:00	C2.6	11347.0	POINT(-51 7)	7	-51	-749.0	99.0
48790	2011-11-13 14:58:00	2011-11-13 15:00:00	2011-11-13 15:11:00	C1.9	11347.0	POINT(88 -15)	-15	88	939.0	-255.0
48800	2011-11-13 16:44:00	2011-11-13 16:48:00	2011-11-13 17:05:00	C1.2	11341.0	POINT(13 9)	9	13	231.0	108.0
48810	2011-11-13 20:12:00	2011-11-13 20:16:00	2011-11-13 20:24:00	C1.1	11344.0	POINT(79 -20)	-20	79	893.0	-344.0
48820	2011-11-14 06:09:00	2011-11-14 06:12:00	2011-11-14 06:17:00	C1.2	11348.0	POINT(80 21)	21	80	890.0	347.0
48830	2011-11-14 09:18:00	2011-11-14 09:30:00	2011-11-14 09:40:00	C5.2	11348.0	POINT(63 21)	21	63	807.0	330.0
48840	2011-11-14 11:18:00	2011-11-14 11:23:00	2011-11-14 11:27:00	C2.1	11347.0	POINT(-35 7)	7	-35	-557.0	87.0
48850	2011-11-14 15:54:00	2011-11-14 16:36:00	2011-11-14 17:20:00	C4.1		POINT(42 22)	22	42	602.0	338.0
48860	2011-11-14 17:32:00	2011-11-14 18:06:00	2011-11-14 18:26:00	C2.6		POINT(76 17)	17	76	897.0	281.0
48870	2011-11-14 18:26:00	2011-11-14 18:39:00	2011-11-14 18:56:00	C2.7		POINT(72 16)	16	72	885.0	266.0
48880	2011-11-14 19:42:00	2011-11-14 20:13:00	2011-11-14 20:34:00	C1.8		POINT(70 18)	18	70	867.0	296.0
48890	2011-11-14 23:42:00	2011-11-14 23:58:00	2011-11-15 00:07:00	C4.2	11347.0	POINT(72 21)	21	72	862.0	343.0
48900	2011-11-15 08:12:00	2011-11-15 08:16:00	2011-11-15 08:25:00	C1.6		POINT(88 -18)	-18	88	932.0	-312.0
48910	2011-11-15 09:03:00	2011-11-15 09:12:00	2011-11-15 09:23:00	M1.2	11348.0	POINT(72 21)	21	72	864.0	336.0
48920	2011-11-15 10:36:00	2011-11-15 10:50:00	2011-11-15 10:59:00	C1.3		POINT(80 19)	19	80	901.0	320.0
48930	2011-11-15 11:01:00	2011-11-15 11:21:00	2011-11-15 11:35:00	C2.8		POINT(78 19)	19	78	899.0	309.0
48940	2011-11-15 12:30:00	2011-11-15 12:43:00	2011-11-15 12:50:00	M1.9	11346.0	POINT(-32 -19)	-19	-32	-493.0	-356.0
48950	2011-11-15 15:02:00	2011-11-15 15:05:00	2011-11-15 15:09:00	C2.2		POINT(77 19)	19	77	891.0	315.0
48960	2011-11-15 16:27:00	2011-11-15 16:33:00	2011-11-15 16:39:00	C3.3	11348.0	POINT(80 18)	18	80	908.0	300.0
48970	2011-11-15 18:30:00	2011-11-15 18:34:00	2011-11-15 18:45:00	C1.7		POINT(81 19)	19	81	905.0	318.0
48980	2011-11-15 20:23:00	2011-11-15 20:30:00	2011-11-15 20:44:00	C7.8	11348.0	POINT(85 18)	18	85	914.0	310.0
48990	2011-11-15 22:27:00	2011-11-15 22:31:00	2011-11-15 22:42:00	M1.1	11348.0	POINT(81 18)	18	81	910.0	299.0
49000	2011-11-15 23:39:00	2011-11-15 23:44:00	2011-11-15 23:48:00	C2.4		POINT(-26 -18)	-18	-26	-413.0	-353.0
49010	2011-11-16 00:03:00	2011-11-16 00:07:00	2011-11-16 00:12:00	C1.7	11346.0	POINT(87 19)	19	87	915.0	313.0
49020	2011-11-16 02:55:00	2011-11-16 03:01:00	2011-11-16 03:09:00	C2.3	11348.0	POINT(85 21)	21	85	899.0	354.0
49030	2011-11-16 03:26:00	2011-11-16 03:43:00	2011-11-16 03:51:00	C3.0	11348.0	POINT(89 18)	18	89	924.0	314.0
49040	2011-11-16 04:46:00	2011-11-16 04:55:00	2011-11-16 05:02:00	C7.5	11348.0	POINT(89 18)	18	89	921.0	311.0
49050	2011-11-16 06:15:00	2011-11-16 06:17:00	2011-11-16 06:31:00	C4.0	11348.0	POINT(89 18)	18	89	926.0	312.0
49060	2011-11-16 13:28:00	2011-11-16 13:30:00	2011-11-16 13:44:00	C2.8	11346.0	POINT(89 19)	19	89	921.0	330.0
49070	2011-11-16 14:48:00	2011-11-16 15:05:00	2011-11-16 15:26:00	C7.9	11348.0	POINT(89 21)	21	89	918.0	354.0
49080	2011-11-16 18:49:00	2011-11-16 18:54:00	2011-11-16 19:00:00	C2.9	11346.0	POINT(-16 -18)	-18	-16	-267.0	-348.0
49090	2011-11-16 19:47:00	2011-11-16 19:53:00	2011-11-16 19:57:00	C5.2		POINT(-88 -16)	-16	-88	-940.0	-278.0
49100	2011-11-16 21:37:00	2011-11-16 21:43:00	2011-11-16 21:49:00	C1.6	11346.0	POINT(-13 -19)	-19	-13	-219.0	-362.0
49110	2011-11-16 23:40:00	2011-11-16 23:48:00	2011-11-16 23:57:00	C5.0	11346.0	POINT(-12 -18)	-18	-12	-197.0	-356.0
49120	2011-11-17 01:30:00	2011-11-17 01:33:00	2011-11-17 01:35:00	C2.6	11346.0	POINT(-89 8)	8	-89	-965.0	138.0
49130	2011-11-17 05:10:00	2011-11-17 05:15:00	2011-11-17 05:22:00	C1.3		POINT(-88 -16)	-16	-88	-936.0	-280.0
49140	2011-11-17 07:16:00	2011-11-17 07:27:00	2011-11-17 07:30:00	C6.0	11346.0	POINT(-8 -19)	-19	-8	-132.0	-363.0
49150	2011-11-17 10:55:00	2011-11-17 10:59:00	2011-11-17 11:05:00	C1.1		POINT(2 26)	26	2	34.0	388.0
49160	2011-11-17 13:19:00	2011-11-17 13:29:00	2011-11-17 13:46:00	C2.4		POINT(80 22)	22	80	885.0	362.0
49170	2011-11-17 13:53:00	2011-11-17 14:00:00	2011-11-17 14:28:00	C3.1	11352.0	POINT(-81 -17)	-17	-81	-914.0	-299.0
49180	2011-11-17 15:53:00	2011-11-17 15:59:00	2011-11-17 16:16:00	C2.0		POINT(-3 -19)	-19	-3	-60.0	-360.0
49190	2011-11-17 17:52:00	2011-11-17 19:13:00	2011-11-17 19:21:00	C2.7		POINT(-78 -17)	-17	-78	-905.0	-302.0
49200	2011-11-17 19:22:00	2011-11-17 19:28:00	2011-11-17 19:56:00	C3.7		POINT(-63 -23)	-23	-63	-793.0	-409.0
49210	2011-11-17 19:42:00	2011-11-17 19:48:00	2011-11-17 20:02:00	C3.2		POINT(-75 -17)	-17	-75	-897.0	-302.0
49220	2011-11-17 20:04:00	2011-11-17 20:11:00	2011-11-17 20:34:00	C2.4		POINT(-89 13)	13	-89	-956.0	234.0
49230	2011-11-17 20:48:00	2011-11-17 21:45:00	2011-11-17 22:24:00	C2.2		POINT(-89 19)	19	-89	-930.0	321.0
49240	2011-11-17 22:24:00	2011-11-17 22:42:00	2011-11-17 22:55:00	C3.2		POINT(-74 8)	8	-74	-925.0	137.0
49250	2011-11-18 00:00:00	2011-11-18 00:49:00	2011-11-18 01:30:00	C3.7		POINT(-88 -15)	-15	-88	-933.0	-267.0
49260	2011-11-18 02:04:00	2011-11-18 02:30:00	2011-11-18 03:02:00	C2.7	11353.0	POINT(89 24)	24	89	902.0	412.0
49270	2011-11-18 03:28:00	2011-11-18 03:42:00	2011-11-18 03:58:00	C2.6		POINT(-71 -18)	-18	-71	-876.0	-314.0
49280	2011-11-18 06:46:00	2011-11-18 06:53:00	2011-11-18 07:04:00	C2.5		POINT(-89 11)	11	-89	-969.0	195.0
49290	2011-11-18 16:38:00	2011-11-18 16:43:00	2011-11-18 16:50:00	C1.1	11346.0	POINT(10 -16)	-16	10	173.0	-316.0
49300	2011-11-18 17:07:00	2011-11-18 17:23:00	2011-11-18 17:56:00	C2.7	11354.0	POINT(-67 -14)	-14	-67	-870.0	-265.0
49310	2011-11-18 19:04:00	2011-11-18 19:08:00	2011-11-18 19:11:00	C2.0	11353.0	POINT(-62 8)	8	-62	-854.0	123.0
49320	2011-11-18 23:53:00	2011-11-19 00:04:00	2011-11-19 00:10:00	C2.1		POINT(14 -16)	-16	14	232.0	-317.0
49330	2011-11-19 01:21:00	2011-11-19 01:27:00	2011-11-19 01:36:00	C1.0		POINT(89 21)	21	89	912.0	352.0
49340	2011-11-19 07:53:00	2011-11-19 07:57:00	2011-11-19 08:02:00	C1.7	11355.0	POINT(-70 13)	13	-70	-892.0	216.0
49350	2011-11-19 11:19:00	2011-11-19 11:25:00	2011-11-19 11:30:00	C1.4	11354.0	POINT(-54 -13)	-13	-54	-768.0	-251.0
49360	2011-11-19 11:41:00	2011-11-19 11:48:00	2011-11-19 11:59:00	C1.4		POINT(-89 11)	11	-89	-962.0	200.0
49370	2011-11-19 13:50:00	2011-11-19 14:04:00	2011-11-19 14:15:00	C1.1		POINT(-89 20)	20	-89	-926.0	347.0
49380	2011-11-19 14:17:00	2011-11-19 14:36:00	2011-11-19 14:52:00	C2.7		POINT(-89 20)	20	-89	-924.0	341.0
49390	2011-11-19 19:48:00	2011-11-19 19:55:00	2011-11-19 20:03:00	C3.9	11354.0	POINT(-50 -17)	-17	-50	-720.0	-314.0
49400	2011-11-19 20:47:00	2011-11-19 20:52:00	2011-11-19 20:56:00	C1.6	11354.0	POINT(-47 -17)	-17	-47	-680.0	-317.0
49410	2011-11-19 22:19:00	2011-11-19 22:28:00	2011-11-19 22:35:00	C4.5		POINT(-89 19)	19	-89	-924.0	336.0
49420	2011-11-19 23:02:00	2011-11-19 23:07:00	2011-11-19 23:12:00	C1.5		POINT(-49 -18)	-18	-49	-705.0	-326.0
49430	2011-11-20 01:50:00	2011-11-20 02:26:00	2011-11-20 02:54:00	C1.6		POINT(-48 -15)	-15	-48	-704.0	-291.0
49440	2011-11-20 02:57:00	2011-11-20 03:05:00	2011-11-20 03:40:00	C2.1	11354.0	POINT(-46 -17)	-17	-46	-675.0	-311.0
49450	2011-11-20 04:59:00	2011-11-20 05:00:00	2011-11-20 05:16:00	C1.7		POINT(-89 15)	15	-89	-944.0	254.0
49460	2011-11-20 06:05:00	2011-11-20 06:26:00	2011-11-20 06:50:00	C2.1	11354.0	POINT(-45 -16)	-16	-45	-666.0	-305.0
49470	2011-11-20 07:16:00	2011-11-20 07:22:00	2011-11-20 07:27:00	C1.8	11357.0	POINT(7 18)	18	7	125.0	272.0
49480	2011-11-20 07:34:00	2011-11-20 07:41:00	2011-11-20 07:47:00	C4.8	11354.0	POINT(-40 -17)	-17	-40	-610.0	-313.0
49490	2011-11-20 11:45:00	2011-11-20 11:55:00	2011-11-20 12:04:00	C3.0	11354.0	POINT(-41 -13)	-13	-41	-626.0	-259.0
49500	2011-11-20 13:28:00	2011-11-20 13:32:00	2011-11-20 13:35:00	C1.8	11356.0	POINT(-79 16)	16	-79	-915.0	267.0
49510	2011-11-20 15:21:00	2011-11-20 15:27:00	2011-11-20 15:34:00	C1.2		POINT(-53 13)	13	-53	-759.0	212.0
49520	2011-11-20 16:11:00	2011-11-20 16:15:00	2011-11-20 16:19:00	C1.0	11354.0	POINT(-38 -16)	-16	-38	-582.0	-303.0
49530	2011-11-20 16:35:00	2011-11-20 16:47:00	2011-11-20 17:07:00	C6.1	11354.0	POINT(-38 -15)	-15	-38	-584.0	-291.0
49540	2011-11-20 17:54:00	2011-11-20 17:57:00	2011-11-20 18:00:00	C1.4		POINT(-38 -16)	-16	-38	-573.0	-310.0
49550	2011-11-20 18:14:00	2011-11-20 18:37:00	2011-11-20 19:06:00	C1.1		POINT(-78 11)	11	-78	-930.0	191.0
49560	2011-11-20 21:17:00	2011-11-20 21:23:00	2011-11-20 21:35:00	C1.0	11354.0	POINT(-71 12)	12	-71	-897.0	205.0
49570	2011-11-20 22:59:00	2011-11-20 23:00:00	2011-11-20 23:13:00	C2.1	11354.0	POINT(42 -17)	-17	42	623.0	-315.0
49580	2011-11-21 00:03:00	2011-11-21 00:10:00	2011-11-21 00:13:00	C3.1		POINT(-34 -17)	-17	-34	-525.0	-317.0
49590	2011-11-21 04:39:00	2011-11-21 04:42:00	2011-11-21 04:46:00	B8.8		POINT(-32 -16)	-16	-32	-500.0	-306.0
49600	2011-11-21 04:48:00	2011-11-21 04:53:00	2011-11-21 04:58:00	C1.8	11354.0	POINT(-31 -17)	-17	-31	-486.0	-323.0
49610	2011-11-21 06:23:00	2011-11-21 06:27:00	2011-11-21 06:29:00	B9.4		POINT(-71 15)	15	-71	-889.0	249.0
49620	2011-11-21 11:03:00	2011-11-21 11:16:00	2011-11-21 11:29:00	B8.1		POINT(-11 -24)	-24	-11	-172.0	-429.0
49630	2011-11-21 12:36:00	2011-11-21 12:56:00	2011-11-21 13:04:00	B9.1		POINT(-63 12)	12	-63	-853.0	192.0
49640	2011-11-21 13:10:00	2011-11-21 13:16:00	2011-11-21 13:40:00	C1.0		POINT(-57 12)	12	-57	-803.0	187.0
49650	2011-11-21 14:33:00	2011-11-21 14:37:00	2011-11-21 14:56:00	B7.5		POINT(-24 -17)	-17	-24	-392.0	-329.0
49660	2011-11-21 15:20:00	2011-11-21 15:28:00	2011-11-21 15:40:00	B8.1		POINT(-61 13)	13	-61	-834.0	209.0
49670	2011-11-21 15:56:00	2011-11-21 16:00:00	2011-11-21 16:07:00	B8.0	11356.0	POINT(-68 19)	19	-68	-852.0	305.0
49680	2011-11-21 18:19:00	2011-11-21 18:28:00	2011-11-21 18:36:00	C1.3	11356.0	POINT(-59 12)	12	-59	-815.0	194.0
49690	2011-11-22 00:33:00	2011-11-22 00:37:00	2011-11-22 00:39:00	C1.2	11354.0	POINT(-18 -17)	-17	-18	-294.0	-326.0
49700	2011-11-22 01:42:00	2011-11-22 01:45:00	2011-11-22 01:47:00	B7.3	11357.0	POINT(55 -20)	-20	55	749.0	-358.0
49710	2011-11-22 03:59:00	2011-11-22 04:01:00	2011-11-22 04:07:00	C4.9	11356.0	POINT(63 -17)	-17	63	834.0	-299.0
49720	2011-11-22 03:59:00	2011-11-22 04:04:00	2011-11-22 04:07:00	C4.9	11356.0	POINT(-49 12)	12	-49	-718.0	191.0
49730	2011-11-22 07:25:00	2011-11-22 07:29:00	2011-11-22 07:32:00	C1.9	11356.0	POINT(-47 11)	11	-47	-696.0	179.0
49740	2011-11-22 09:49:00	2011-11-22 09:54:00	2011-11-22 09:56:00	C3.2	11356.0	POINT(-45 12)	12	-45	-678.0	189.0
49750	2011-11-22 11:12:00	2011-11-22 12:42:00	2011-11-22 13:40:00	C1.5		POINT(-48 12)	12	-48	-716.0	191.0
49760	2011-11-22 14:50:00	2011-11-22 14:53:00	2011-11-22 14:55:00	C1.0	11356.0	POINT(-42 12)	12	-42	-647.0	185.0
49770	2011-11-22 17:06:00	2011-11-22 17:12:00	2011-11-22 17:19:00	C1.6	11356.0	POINT(-40 12)	12	-40	-624.0	177.0
49780	2011-11-22 17:45:00	2011-11-22 18:34:00	2011-11-22 18:50:00	C3.4		POINT(-51 14)	14	-51	-738.0	230.0
49790	2011-11-22 21:34:00	2011-11-22 21:38:00	2011-11-22 21:41:00	C1.0	11356.0	POINT(-38 12)	12	-38	-591.0	185.0
49800	2011-11-22 23:11:00	2011-11-22 23:39:00	2011-11-22 23:47:00	C1.9	11356.0	POINT(-47 16)	16	-47	-691.0	263.0
49810	2011-11-23 01:55:00	2011-11-23 02:08:00	2011-11-23 02:30:00	B9.6		POINT(-44 14)	14	-44	-665.0	227.0
49820	2011-11-23 03:04:00	2011-11-23 03:11:00	2011-11-23 03:16:00	C2.0	11356.0	POINT(-35 12)	12	-35	-547.0	177.0
49830	2011-11-23 05:23:00	2011-11-23 05:28:00	2011-11-23 05:35:00	C1.0	11357.0	POINT(45 17)	17	45	660.0	266.0
49840	2011-11-23 06:04:00	2011-11-23 06:09:00	2011-11-23 06:17:00	B9.1	11357.0	POINT(45 17)	17	45	666.0	271.0
49850	2011-11-23 07:20:00	2011-11-23 07:23:00	2011-11-23 07:28:00	C2.3	11358.0	POINT(-82 22)	22	-82	-891.0	361.0
49860	2011-11-23 13:23:00	2011-11-23 13:28:00	2011-11-23 13:30:00	C2.6	11346.0	POINT(80 -16)	-16	80	915.0	-287.0
49870	2011-11-23 13:52:00	2011-11-23 13:56:00	2011-11-23 14:01:00	B7.9		POINT(-77 22)	22	-77	-876.0	366.0
49880	2011-11-23 19:39:00	2011-11-23 19:43:00	2011-11-23 19:52:00	B7.8		POINT(83 -17)	-17	83	918.0	-302.0
49890	2011-11-24 02:48:00	2011-11-24 02:51:00	2011-11-24 02:55:00	B7.1		POINT(58 18)	18	58	786.0	293.0
49900	2011-11-24 18:53:00	2011-11-24 18:56:00	2011-11-24 19:00:00	B5.3	11358.0	POINT(-25 19)	19	-25	-400.0	296.0
49910	2011-11-24 20:12:00	2011-11-24 20:21:00	2011-11-24 20:39:00	C1.2	11357.0	POINT(50 15)	15	50	728.0	245.0
49920	2011-11-24 21:14:00	2011-11-24 21:18:00	2011-11-24 21:21:00	C1.2		POINT(-55 19)	19	-55	-760.0	309.0
49930	2011-11-24 23:08:00	2011-11-24 23:15:00	2011-11-24 23:29:00	C1.9		POINT(52 15)	15	52	746.0	247.0
49940	2011-11-25 00:04:00	2011-11-25 00:42:00	2011-11-25 01:50:00	C1.5		POINT(21 -20)	-20	21	334.0	-359.0
49950	2011-11-25 03:38:00	2011-11-25 03:45:00	2011-11-25 03:49:00	C3.3	11359.0	POINT(55 15)	15	55	770.0	242.0
49960	2011-11-25 17:14:00	2011-11-25 17:15:00	2011-11-25 17:25:00	C1.1	11356.0	POINT(80 17)	17	80	913.0	293.0
49970	2011-11-25 21:49:00	2011-11-25 21:58:00	2011-11-25 22:08:00	C2.4	11359.0	POINT(61 16)	16	61	819.0	269.0
49980	2011-11-26 06:09:00	2011-11-26 07:10:00	2011-11-26 07:56:00	C1.2	11353.0	POINT(47 11)	11	47	704.0	175.0
49990	2011-11-26 08:00:00	2011-11-26 08:24:00	2011-11-26 08:47:00	C4.9	11353.0	POINT(-6 18)	18	-6	-105.0	285.0
50000	2011-11-26 15:00:00	2011-11-26 15:15:00	2011-11-26 15:31:00	C1.3	11357.0	POINT(89 22)	22	89	918.0	389.0
50010	2011-11-26 16:14:00	2011-11-26 16:15:00	2011-11-26 16:17:00	C1.1	11354.0	POINT(56 -23)	-23	56	747.0	-400.0
50020	2011-11-26 17:12:00	2011-11-26 17:19:00	2011-11-26 17:34:00	C1.0	11358.0	POINT(-32 18)	18	-32	-496.0	293.0
50030	2011-11-27 09:42:00	2011-11-27 11:02:00	2011-11-27 11:35:00	C1.4	11356.0	POINT(4 16)	16	4	77.0	258.0
50040	2011-11-27 11:59:00	2011-11-27 12:03:00	2011-11-27 12:06:00	C1.1	11358.0	POINT(-20 19)	19	-20	-317.0	309.0
50050	2011-11-27 17:31:00	2011-11-27 17:35:00	2011-11-27 17:37:00	B9.6	11361.0	POINT(-39 19)	19	-39	-578.0	310.0
50060	2011-11-27 19:12:00	2011-11-27 19:16:00	2011-11-27 19:24:00	B9.3		POINT(-84 8)	8	-84	-957.0	136.0
50070	2011-11-28 00:05:00	2011-11-28 00:12:00	2011-11-28 00:18:00	C1.0		POINT(-81 8)	8	-81	-951.0	138.0
50080	2011-11-28 01:13:00	2011-11-28 01:17:00	2011-11-28 01:29:00	B8.7	11362.0	POINT(-73 6)	6	-73	-927.0	106.0
50090	2011-11-28 03:04:00	2011-11-28 03:11:00	2011-11-28 03:18:00	C1.5		POINT(-89 -21)	-21	-89	-920.0	-353.0
50100	2011-11-28 13:20:00	2011-11-28 13:26:00	2011-11-28 13:32:00	C2.2		POINT(-27 19)	19	-27	-432.0	303.0
50110	2011-11-28 14:12:00	2011-11-28 14:15:00	2011-11-28 14:18:00	B9.8		POINT(-27 18)	18	-27	-431.0	297.0
50120	2011-11-28 14:56:00	2011-11-28 15:00:00	2011-11-28 15:07:00	C1.2		POINT(-89 -20)	-20	-89	-923.0	-339.0
50130	2011-11-28 18:22:00	2011-11-28 18:30:00	2011-11-28 18:39:00	C3.2	11361.0	POINT(-24 19)	19	-24	-386.0	301.0
50140	2011-11-28 21:41:00	2011-11-28 21:47:00	2011-11-28 21:53:00	C1.2	11356.0	POINT(27 18)	18	27	427.0	289.0
50150	2011-11-28 22:56:00	2011-11-28 23:09:00	2011-11-28 23:22:00	C1.4	11362.0	POINT(-66 9)	9	-66	-884.0	146.0
50160	2011-11-29 01:11:00	2011-11-29 01:15:00	2011-11-29 01:25:00	C1.1	11356.0	POINT(44 19)	19	44	651.0	303.0
50170	2011-11-29 03:25:00	2011-11-29 03:32:00	2011-11-29 03:41:00	C2.1	11361.0	POINT(-19 19)	19	-19	-303.0	306.0
50180	2011-11-29 08:54:00	2011-11-29 09:00:00	2011-11-29 09:06:00	C2.5	11362.0	POINT(-55 8)	8	-55	-797.0	135.0
50190	2011-11-29 15:42:00	2011-11-29 15:46:00	2011-11-29 15:48:00	B9.6	11362.0	POINT(-60 7)	7	-60	-844.0	113.0
50200	2011-11-29 21:57:00	2011-11-29 22:00:00	2011-11-29 22:03:00	B8.0	11363.0	POINT(-76 -23)	-23	-76	-869.0	-384.0
50210	2011-11-29 22:22:00	2011-11-29 22:26:00	2011-11-29 22:29:00	C1.1	11363.0	POINT(-75 -23)	-23	-75	-865.0	-386.0
50220	2011-11-30 00:04:00	2011-11-30 00:11:00	2011-11-30 00:14:00	C2.0	11363.0	POINT(-66 -21)	-21	-66	-833.0	-359.0
50230	2011-11-30 01:54:00	2011-11-30 01:59:00	2011-11-30 02:18:00	C1.2	11362.0	POINT(-51 8)	8	-51	-754.0	140.0
50240	2011-11-30 09:11:00	2011-11-30 09:17:00	2011-11-30 09:34:00	C1.1	11363.0	POINT(-69 -23)	-23	-69	-835.0	-397.0
50250	2011-11-30 20:20:00	2011-11-30 20:28:00	2011-11-30 20:39:00	C3.8	11364.0	POINT(-67 21)	21	-67	-834.0	352.0
50260	2011-11-30 21:53:00	2011-11-30 22:32:00	2011-11-30 22:48:00	C3.6	11356.0	POINT(67 13)	13	67	876.0	222.0
50270	2011-12-01 10:38:00	2011-12-01 10:45:00	2011-12-01 11:17:00	C1.4		POINT(-58 21)	21	-58	-771.0	351.0
50280	2011-12-01 20:27:00	2011-12-01 20:32:00	2011-12-01 20:37:00	C1.1	11361.0	POINT(16 17)	17	16	265.0	286.0
50290	2011-12-02 04:01:00	2011-12-02 04:04:00	2011-12-02 04:06:00	B9.6		POINT(84 15)	15	84	934.0	254.0
50300	2011-12-02 04:44:00	2011-12-02 04:53:00	2011-12-02 05:03:00	C1.2		POINT(-49 21)	21	-49	-689.0	345.0
50310	2011-12-02 10:06:00	2011-12-02 10:16:00	2011-12-02 10:20:00	C1.1		POINT(89 16)	16	89	935.0	269.0
50320	2011-12-02 16:32:00	2011-12-02 16:42:00	2011-12-02 17:05:00	C1.7		POINT(-38 -20)	-20	-38	-565.0	-353.0
50330	2011-12-02 22:00:00	2011-12-02 22:05:00	2011-12-02 22:10:00	C1.7		POINT(89 14)	14	89	948.0	248.0
50340	2011-12-03 03:31:00	2011-12-03 04:11:00	2011-12-03 04:55:00	C1.5		POINT(-9 9)	9	-9	-157.0	150.0
50350	2011-12-03 05:48:00	2011-12-03 05:52:00	2011-12-03 05:57:00	C1.2	11363.0	POINT(-29 -23)	-23	-29	-444.0	-393.0
50360	2011-12-03 10:40:00	2011-12-03 11:22:00	2011-12-03 12:30:00	C1.6		POINT(89 21)	21	89	920.0	356.0
50370	2011-12-03 21:15:00	2011-12-03 21:19:00	2011-12-03 21:24:00	C1.3	11363.0	POINT(-19 -21)	-21	-19	-297.0	-370.0
50380	2011-12-04 08:30:00	2011-12-04 08:37:00	2011-12-04 08:45:00	C1.2		POINT(47 18)	18	47	687.0	299.0
50390	2011-12-04 13:21:00	2011-12-04 13:57:00	2011-12-04 14:24:00	C1.7		POINT(12 8)	8	12	201.0	137.0
50400	2011-12-04 16:05:00	2011-12-04 16:15:00	2011-12-04 16:22:00	C4.8	11362.0	POINT(11 10)	10	11	195.0	167.0
50410	2011-12-04 19:37:00	2011-12-04 19:49:00	2011-12-04 20:03:00	C1.3	11367.0	POINT(-69 -15)	-15	-69	-877.0	-270.0
50420	2011-12-05 03:09:00	2011-12-05 03:16:00	2011-12-05 03:32:00	C1.9	11366.0	POINT(-55 20)	20	-55	-752.0	333.0
50430	2011-12-05 04:47:00	2011-12-05 04:52:00	2011-12-05 04:57:00	C1.2	11367.0	POINT(-67 -15)	-15	-67	-867.0	-268.0
50440	2011-12-05 06:35:00	2011-12-05 06:42:00	2011-12-05 06:54:00	C1.4	11362.0	POINT(20 8)	8	20	339.0	131.0
50450	2011-12-05 07:49:00	2011-12-05 07:53:00	2011-12-05 07:56:00	C2.9	11368.0	POINT(-66 -15)	-15	-66	-860.0	-270.0
50460	2011-12-05 12:35:00	2011-12-05 12:39:00	2011-12-05 12:42:00	B8.9		POINT(0 -20)	-20	0	-10.0	-355.0
50470	2011-12-05 13:40:00	2011-12-05 13:45:00	2011-12-05 13:49:00	C3.7	11362.0	POINT(23 7)	7	23	390.0	125.0
50480	2011-12-05 15:14:00	2011-12-05 15:18:00	2011-12-05 15:20:00	C4.7	11363.0	POINT(0 -20)	-20	0	13.0	-351.0
50490	2011-12-05 18:06:00	2011-12-05 18:09:00	2011-12-05 18:12:00	B9.6	11361.0	POINT(2 -21)	-21	2	32.0	-357.0
50500	2011-12-05 19:04:00	2011-12-05 19:07:00	2011-12-05 19:11:00	C2.5	11363.0	POINT(2 -20)	-20	2	39.0	-345.0
50510	2011-12-05 23:20:00	2011-12-05 23:25:00	2011-12-05 23:34:00	C6.9	11363.0	POINT(5 -20)	-20	5	84.0	-354.0
50520	2011-12-06 08:40:00	2011-12-06 08:53:00	2011-12-06 09:02:00	B7.9		POINT(89 16)	16	89	948.0	272.0
50530	2011-12-06 11:45:00	2011-12-06 12:17:00	2011-12-06 12:45:00	B7.7		POINT(-15 -18)	-18	-15	-253.0	-320.0
50540	2011-12-06 23:55:00	2011-12-07 00:12:00	2011-12-07 00:45:00	B8.3		POINT(-89 7)	7	-89	-977.0	132.0
50550	2011-12-07 05:55:00	2011-12-07 06:05:00	2011-12-07 06:20:00	C1.9		POINT(89 19)	19	89	927.0	331.0
50560	2011-12-07 09:06:00	2011-12-07 09:12:00	2011-12-07 09:17:00	B8.8		POINT(-89 -16)	-16	-89	-944.0	-283.0
50570	2011-12-07 15:34:00	2011-12-07 15:39:00	2011-12-07 15:45:00	C1.3	11364.0	POINT(23 17)	17	23	372.0	297.0
50580	2011-12-07 20:07:00	2011-12-07 20:13:00	2011-12-07 20:18:00	C2.7	11375.0	POINT(-89 7)	7	-89	-976.0	130.0
50590	2011-12-08 00:05:00	2011-12-08 00:10:00	2011-12-08 00:18:00	C1.0	11374.0	POINT(-89 -14)	-14	-89	-944.0	-240.0
50600	2011-12-08 01:54:00	2011-12-08 01:59:00	2011-12-08 02:05:00	C1.2	11375.0	POINT(-89 7)	7	-89	-971.0	134.0
50610	2011-12-09 00:35:00	2011-12-09 00:39:00	2011-12-09 00:46:00	B5.8		POINT(43 -23)	-23	43	618.0	-390.0
50620	2011-12-09 01:12:00	2011-12-09 01:14:00	2011-12-09 01:22:00	B5.4		POINT(78 16)	16	78	914.0	281.0
50630	2011-12-09 02:01:00	2011-12-09 02:19:00	2011-12-09 02:32:00	B5.9		POINT(52 -20)	-20	52	722.0	-336.0
50640	2011-12-09 03:12:00	2011-12-09 03:16:00	2011-12-09 03:20:00	B5.5		POINT(-67 -19)	-19	-67	-848.0	-330.0
50650	2011-12-09 04:11:00	2011-12-09 04:17:00	2011-12-09 04:21:00	B4.9		POINT(-67 -15)	-15	-67	-867.0	-263.0
50660	2011-12-09 04:30:00	2011-12-09 04:39:00	2011-12-09 04:45:00	B5.8		POINT(-15 7)	7	-15	-255.0	137.0
50670	2011-12-09 05:42:00	2011-12-09 06:00:00	2011-12-09 06:10:00	B6.0		POINT(-89 17)	17	-89	-939.0	303.0
50680	2011-12-09 13:05:00	2011-12-09 13:20:00	2011-12-09 13:31:00	C3.1	11374.0	POINT(-67 -18)	-18	-67	-853.0	-303.0
50690	2011-12-09 15:09:00	2011-12-09 15:46:00	2011-12-09 16:20:00	B8.3		POINT(61 -19)	-19	61	805.0	-321.0
50700	2011-12-09 17:27:00	2011-12-09 18:05:00	2011-12-09 18:54:00	B7.8		POINT(-57 8)	8	-57	-811.0	139.0
50710	2011-12-09 19:04:00	2011-12-09 19:07:00	2011-12-09 19:18:00	B6.5		POINT(78 18)	18	78	906.0	311.0
50720	2011-12-09 23:10:00	2011-12-09 23:47:00	2011-12-10 00:15:00	B6.4		POINT(29 -26)	-26	29	423.0	-438.0
50730	2011-12-10 06:24:00	2011-12-10 06:31:00	2011-12-10 06:43:00	C1.2	11375.0	POINT(-50 8)	8	-50	-747.0	153.0
50740	2011-12-10 18:38:00	2011-12-10 18:58:00	2011-12-10 20:30:00	C1.2	11374.0	POINT(-42 8)	8	-42	-654.0	146.0
50750	2011-12-10 22:35:00	2011-12-10 22:38:00	2011-12-10 22:42:00	B8.6		POINT(-44 -16)	-16	-44	-654.0	-265.0
50760	2011-12-10 23:00:00	2011-12-10 23:04:00	2011-12-10 23:08:00	C1.0	11374.0	POINT(-44 -15)	-15	-44	-656.0	-257.0
50770	2011-12-10 23:57:00	2011-12-11 00:02:00	2011-12-11 00:07:00	C1.6	11374.0	POINT(-43 -15)	-15	-43	-645.0	-261.0
50780	2011-12-11 03:20:00	2011-12-11 03:23:00	2011-12-11 03:27:00	B8.6	11374.0	POINT(-38 -18)	-18	-38	-579.0	-302.0
50790	2011-12-11 08:00:00	2011-12-11 08:27:00	2011-12-11 09:00:00	B9.2		POINT(-84 21)	21	-84	-902.0	356.0
50800	2011-12-11 11:29:00	2011-12-11 11:32:00	2011-12-11 11:46:00	B9.7	11366.0	POINT(36 27)	27	36	516.0	449.0
50810	2011-12-11 15:43:00	2011-12-11 15:46:00	2011-12-11 15:49:00	B7.9		POINT(-35 -16)	-16	-35	-547.0	-270.0
50820	2011-12-12 03:41:00	2011-12-12 04:07:00	2011-12-12 04:17:00	B7.9		POINT(-24 -19)	-19	-24	-389.0	-311.0
50830	2011-12-12 08:30:00	2011-12-12 08:37:00	2011-12-12 08:47:00	C1.2	11374.0	POINT(-25 -14)	-14	-25	-408.0	-243.0
50840	2011-12-12 10:08:00	2011-12-12 10:13:00	2011-12-12 10:17:00	B9.2		POINT(65 -19)	-19	65	837.0	-314.0
50850	2011-12-12 13:35:00	2011-12-12 13:40:00	2011-12-12 13:45:00	B8.0		POINT(67 -19)	-19	67	849.0	-315.0
50860	2011-12-12 18:55:00	2011-12-12 18:59:00	2011-12-12 19:02:00	B9.3		POINT(-16 -18)	-18	-16	-269.0	-307.0
50870	2011-12-12 20:36:00	2011-12-12 20:42:00	2011-12-12 20:54:00	B8.6		POINT(89 -21)	-21	89	918.0	-354.0
50880	2011-12-12 23:31:00	2011-12-12 23:39:00	2011-12-12 23:52:00	C1.7	11367.0	POINT(89 -21)	-21	89	920.0	-356.0
50890	2011-12-13 01:20:00	2011-12-13 01:24:00	2011-12-13 01:30:00	B8.1		POINT(75 -19)	-19	75	891.0	-315.0
50900	2011-12-13 02:24:00	2011-12-13 02:30:00	2011-12-13 02:37:00	B7.4		POINT(89 -20)	-20	89	926.0	-354.0
50910	2011-12-13 03:07:00	2011-12-13 03:12:00	2011-12-13 03:16:00	B8.2		POINT(-11 -16)	-16	-11	-189.0	-274.0
50920	2011-12-13 03:32:00	2011-12-13 03:45:00	2011-12-13 03:54:00	B7.4		POINT(-71 21)	21	-71	-858.0	367.0
50930	2011-12-13 04:20:00	2011-12-13 04:24:00	2011-12-13 04:42:00	B7.7		POINT(-12 -19)	-19	-12	-195.0	-310.0
50940	2011-12-13 07:46:00	2011-12-13 08:00:00	2011-12-13 08:07:00	C1.4	11367.0	POINT(78 -18)	-18	78	902.0	-314.0
50950	2011-12-13 14:11:00	2011-12-13 14:14:00	2011-12-13 14:17:00	C1.1	11367.0	POINT(89 -19)	-19	89	924.0	-321.0
50960	2011-12-13 15:02:00	2011-12-13 15:16:00	2011-12-13 15:32:00	B7.3		POINT(89 -18)	-18	89	931.0	-303.0
50970	2011-12-13 16:04:00	2011-12-13 16:21:00	2011-12-13 16:32:00	C1.2		POINT(89 -18)	-18	89	922.0	-312.0
50980	2011-12-13 21:59:00	2011-12-13 22:02:00	2011-12-13 22:04:00	C1.0	11376.0	POINT(89 -17)	-17	89	935.0	-293.0
50990	2011-12-13 22:55:00	2011-12-13 23:27:00	2011-12-13 23:28:00	C2.4		POINT(89 -18)	-18	89	927.0	-315.0
51000	2011-12-13 23:31:00	2011-12-13 23:36:00	2011-12-13 23:46:00	C4.8	11367.0	POINT(89 -18)	-18	89	926.0	-311.0
51010	2011-12-13 23:53:00	2011-12-13 23:57:00	2011-12-14 00:00:00	C3.1	11367.0	POINT(89 -18)	-18	89	924.0	-309.0
51020	2011-12-14 01:10:00	2011-12-14 01:14:00	2011-12-14 01:19:00	C1.9	11367.0	POINT(89 -18)	-18	89	926.0	-316.0
51030	2011-12-14 01:47:00	2011-12-14 01:51:00	2011-12-14 01:59:00	C1.9	11367.0	POINT(89 -18)	-18	89	935.0	-318.0
51040	2011-12-14 03:01:00	2011-12-14 03:15:00	2011-12-14 03:15:00	C3.5	11367.0	POINT(89 -18)	-18	89	928.0	-318.0
51050	2011-12-14 04:50:00	2011-12-14 04:56:00	2011-12-14 04:59:00	C3.3	11367.0	POINT(89 -18)	-18	89	932.0	-316.0
51060	2011-12-14 05:12:00	2011-12-14 05:17:00	2011-12-14 05:25:00	C2.9	11367.0	POINT(89 -18)	-18	89	927.0	-318.0
51070	2011-12-14 06:18:00	2011-12-14 06:22:00	2011-12-14 06:25:00	C1.6	11367.0	POINT(89 -18)	-18	89	935.0	-316.0
51080	2011-12-14 09:13:00	2011-12-14 09:15:00	2011-12-14 09:24:00	C2.3		POINT(89 -18)	-18	89	935.0	-306.0
51090	2011-12-14 13:18:00	2011-12-14 13:27:00	2011-12-14 13:30:00	C5.8	11367.0	POINT(89 -19)	-19	89	926.0	-320.0
51100	2011-12-14 14:51:00	2011-12-14 14:59:00	2011-12-14 15:01:00	C7.5		POINT(89 -19)	-19	89	924.0	-318.0
51110	2011-12-14 16:01:00	2011-12-14 16:06:00	2011-12-14 16:12:00	C1.5	11367.0	POINT(89 -17)	-17	89	941.0	-297.0
51120	2011-12-14 16:43:00	2011-12-14 16:47:00	2011-12-14 16:49:00	C2.5	11367.0	POINT(89 -19)	-19	89	933.0	-321.0
51130	2011-12-14 19:36:00	2011-12-14 19:46:00	2011-12-14 19:56:00	C7.0	11367.0	POINT(89 -17)	-17	89	938.0	-303.0
51140	2011-12-14 22:38:00	2011-12-14 22:47:00	2011-12-14 22:56:00	C1.9	11367.0	POINT(89 -17)	-17	89	942.0	-301.0
51150	2011-12-14 23:36:00	2011-12-14 23:59:00	2011-12-15 00:30:00	C3.4		POINT(89 -18)	-18	89	938.0	-312.0
51160	2011-12-15 02:03:00	2011-12-15 02:48:00	2011-12-15 03:39:00	C1.2		POINT(89 -17)	-17	89	938.0	-302.0
51170	2011-12-15 05:31:00	2011-12-15 06:36:00	2011-12-15 07:00:00	C1.3		POINT(89 -17)	-17	89	938.0	-304.0
51180	2011-12-16 08:14:00	2011-12-16 08:15:00	2011-12-16 08:27:00	B5.0	11377.0	POINT(-21 19)	19	-21	-342.0	342.0
51190	2011-12-16 20:52:00	2011-12-16 20:58:00	2011-12-16 21:04:00	B4.5		POINT(-67 13)	13	-67	-874.0	233.0
51200	2011-12-16 23:13:00	2011-12-16 23:15:00	2011-12-16 23:17:00	B3.9		POINT(-89 -20)	-20	-89	-921.0	-349.0
51210	2011-12-17 04:49:00	2011-12-17 05:01:00	2011-12-17 05:08:00	C1.2	11376.0	POINT(-15 27)	27	-15	-230.0	461.0
51220	2011-12-17 21:35:00	2011-12-17 21:38:00	2011-12-17 21:40:00	B4.3		POINT(2 18)	18	2	46.0	335.0
51230	2011-12-17 22:47:00	2011-12-17 22:55:00	2011-12-17 22:58:00	C3.2	11376.0	POINT(2 19)	19	2	43.0	343.0
51240	2011-12-17 23:37:00	2011-12-17 23:44:00	2011-12-17 23:49:00	C1.2	11381.0	POINT(-38 -19)	-19	-38	-567.0	-314.0
51250	2011-12-18 01:21:00	2011-12-18 01:26:00	2011-12-18 01:32:00	B7.5	11381.0	POINT(-36 -19)	-19	-36	-545.0	-313.0
51260	2011-12-18 02:00:00	2011-12-18 02:05:00	2011-12-18 02:08:00	C1.9	11376.0	POINT(3 19)	19	3	63.0	346.0
51270	2011-12-18 03:18:00	2011-12-18 03:22:00	2011-12-18 03:29:00	B4.9	11381.0	POINT(-35 -19)	-19	-35	-533.0	-314.0
51280	2011-12-18 04:59:00	2011-12-18 05:00:00	2011-12-18 05:07:00	C1.8	11376.0	POINT(-71 -21)	-21	-71	-865.0	-344.0
51290	2011-12-18 07:08:00	2011-12-18 07:13:00	2011-12-18 07:20:00	B5.5		POINT(-63 14)	14	-63	-844.0	256.0
51300	2011-12-18 07:43:00	2011-12-18 07:47:00	2011-12-18 07:52:00	B7.0	11376.0	POINT(8 19)	19	8	136.0	341.0
51310	2011-12-18 11:38:00	2011-12-18 11:45:00	2011-12-18 11:53:00	B7.8	11376.0	POINT(15 21)	21	15	236.0	375.0
51320	2011-12-18 13:35:00	2011-12-18 13:38:00	2011-12-18 13:40:00	B5.4	11376.0	POINT(11 18)	18	11	189.0	335.0
51330	2011-12-19 14:05:00	2011-12-19 14:13:00	2011-12-19 14:15:00	B8.1	11376.0	POINT(28 18)	18	28	444.0	333.0
51340	2011-12-19 21:23:00	2011-12-19 21:26:00	2011-12-19 21:32:00	B6.2		POINT(22 24)	24	22	333.0	431.0
51350	2011-12-20 00:38:00	2011-12-20 00:44:00	2011-12-20 00:50:00	C1.5	11381.0	POINT(-12 -16)	-16	-12	-200.0	-254.0
51360	2011-12-20 03:27:00	2011-12-20 03:36:00	2011-12-20 03:53:00	B9.8	11376.0	POINT(38 18)	18	38	576.0	332.0
51370	2011-12-20 08:43:00	2011-12-20 08:45:00	2011-12-20 08:56:00	B9.0	11376.0	POINT(36 18)	18	36	555.0	328.0
51380	2011-12-20 11:47:00	2011-12-20 11:52:00	2011-12-20 11:54:00	C2.1	11376.0	POINT(39 19)	19	39	588.0	338.0
51390	2011-12-20 17:19:00	2011-12-20 17:26:00	2011-12-20 17:53:00	C1.2		POINT(41 18)	18	41	612.0	335.0
51400	2011-12-20 18:17:00	2011-12-20 18:21:00	2011-12-20 18:28:00	C1.4		POINT(43 18)	18	43	637.0	331.0
51410	2011-12-20 20:04:00	2011-12-20 20:36:00	2011-12-20 20:58:00	C2.9	11376.0	POINT(43 18)	18	43	642.0	333.0
51420	2011-12-20 21:55:00	2011-12-20 22:02:00	2011-12-20 22:06:00	C2.3		POINT(45 18)	18	45	663.0	328.0
51430	2011-12-20 22:38:00	2011-12-20 22:46:00	2011-12-20 22:50:00	C6.2	11376.0	POINT(44 18)	18	44	651.0	330.0
51440	2011-12-21 00:54:00	2011-12-21 00:59:00	2011-12-21 01:03:00	C1.5	11376.0	POINT(44 19)	19	44	646.0	336.0
51450	2011-12-21 02:57:00	2011-12-21 03:00:00	2011-12-21 03:16:00	C3.1	11382.0	POINT(-65 12)	12	-65	-866.0	224.0
51460	2011-12-21 04:48:00	2011-12-21 04:55:00	2011-12-21 04:59:00	C4.3	11382.0	POINT(-2 -19)	-19	-2	-32.0	-303.0
51470	2011-12-21 06:22:00	2011-12-21 06:27:00	2011-12-21 06:33:00	C3.6	11382.0	POINT(-1 -19)	-19	-1	-21.0	-302.0
51480	2011-12-21 06:56:00	2011-12-21 06:59:00	2011-12-21 07:03:00	C2.0	11384.0	POINT(-62 11)	11	-62	-852.0	203.0
51490	2011-12-21 07:35:00	2011-12-21 07:40:00	2011-12-21 07:43:00	C3.9	11382.0	POINT(0 -19)	-19	0	-13.0	-303.0
51500	2011-12-21 09:03:00	2011-12-21 09:09:00	2011-12-21 09:15:00	C2.2	11382.0	POINT(0 -19)	-19	0	0.0	-302.0
51510	2011-12-21 10:34:00	2011-12-21 10:38:00	2011-12-21 10:41:00	C2.5	11384.0	POINT(-59 11)	11	-59	-827.0	206.0
51520	2011-12-21 11:02:00	2011-12-21 11:05:00	2011-12-21 11:07:00	C2.1	11384.0	POINT(1 -19)	-19	1	20.0	-302.0
51530	2011-12-21 12:31:00	2011-12-21 12:35:00	2011-12-21 12:37:00	C1.3	11384.0	POINT(1 -19)	-19	1	31.0	-302.0
51540	2011-12-21 13:02:00	2011-12-21 13:07:00	2011-12-21 13:09:00	C2.0	11384.0	POINT(1 -19)	-19	1	31.0	-299.0
51550	2011-12-21 15:25:00	2011-12-21 15:28:00	2011-12-21 15:30:00	C2.5	11382.0	POINT(4 -20)	-20	4	70.0	-315.0
51560	2011-12-21 18:07:00	2011-12-21 18:12:00	2011-12-21 18:17:00	C1.9	11376.0	POINT(59 21)	21	59	779.0	378.0
51570	2011-12-21 19:03:00	2011-12-21 19:06:00	2011-12-21 19:09:00	C1.7	11376.0	POINT(51 18)	18	51	719.0	334.0
51580	2011-12-21 20:08:00	2011-12-21 20:11:00	2011-12-21 20:13:00	C1.5	11376.0	POINT(52 19)	19	52	729.0	339.0
51590	2011-12-21 22:37:00	2011-12-21 22:43:00	2011-12-21 22:47:00	C2.0	11376.0	POINT(47 24)	24	47	659.0	416.0
51600	2011-12-22 01:56:00	2011-12-22 02:08:00	2011-12-22 02:20:00	C5.4	11381.0	POINT(18 -18)	-18	18	302.0	-278.0
51610	2011-12-22 05:08:00	2011-12-22 05:56:00	2011-12-22 06:40:00	C1.5		POINT(-51 13)	13	-51	-748.0	248.0
51620	2011-12-22 07:21:00	2011-12-22 08:01:00	2011-12-22 08:17:00	C2.0		POINT(13 -19)	-19	13	211.0	-297.0
51630	2011-12-22 13:04:00	2011-12-22 13:20:00	2011-12-22 13:41:00	C1.9	11281.0	POINT(-48 11)	11	-48	-717.0	211.0
51640	2011-12-23 04:10:00	2011-12-23 04:15:00	2011-12-23 04:15:00	C1.8		POINT(74 22)	22	74	872.0	375.0
51650	2011-12-23 10:09:00	2011-12-23 10:14:00	2011-12-23 10:17:00	C1.5	11384.0	POINT(-32 12)	12	-32	-509.0	236.0
51660	2011-12-23 19:12:00	2011-12-23 19:18:00	2011-12-23 19:25:00	C3.4	11376.0	POINT(80 22)	22	80	891.0	370.0
51670	2011-12-23 21:35:00	2011-12-23 21:39:00	2011-12-23 21:43:00	C1.6	11382.0	POINT(43 -18)	-18	43	643.0	-288.0
51680	2011-12-24 04:04:00	2011-12-24 04:34:00	2011-12-24 04:50:00	B9.0		POINT(88 20)	20	88	923.0	352.0
51690	2011-12-24 08:27:00	2011-12-24 08:31:00	2011-12-24 08:48:00	C5.2	11386.0	POINT(-70 -18)	-18	-70	-874.0	-299.0
51700	2011-12-24 11:04:00	2011-12-24 11:16:00	2011-12-24 11:22:00	C1.1	11386.0	POINT(-71 -17)	-17	-71	-882.0	-288.0
51710	2011-12-24 11:25:00	2011-12-24 12:36:00	2011-12-24 13:16:00	C4.9	11376.0	POINT(89 14)	14	89	969.0	251.0
51720	2011-12-24 19:10:00	2011-12-24 19:19:00	2011-12-24 19:44:00	C1.5		POINT(89 18)	18	89	941.0	314.0
51730	2011-12-25 04:47:00	2011-12-25 04:52:00	2011-12-25 04:55:00	C1.6	11387.0	POINT(16 -23)	-23	16	258.0	-350.0
51740	2011-12-25 08:49:00	2011-12-25 08:55:00	2011-12-25 09:01:00	C5.5	11387.0	POINT(18 -21)	-21	18	288.0	-333.0
51750	2011-12-25 11:20:00	2011-12-25 11:26:00	2011-12-25 11:31:00	C8.4	11387.0	POINT(22 -23)	-23	22	346.0	-352.0
51760	2011-12-25 16:55:00	2011-12-25 17:01:00	2011-12-25 17:08:00	C2.2		POINT(22 -22)	-22	22	345.0	-335.0
51770	2011-12-25 18:11:00	2011-12-25 18:16:00	2011-12-25 18:20:00	M4.0	11387.0	POINT(26 -22)	-22	26	395.0	-349.0
51780	2011-12-25 20:23:00	2011-12-25 20:29:00	2011-12-25 20:33:00	C7.7	11387.0	POINT(24 -22)	-22	24	371.0	-335.0
51790	2011-12-26 02:13:00	2011-12-26 02:27:00	2011-12-26 02:36:00	M1.5	11387.0	POINT(33 -21)	-21	33	505.0	-323.0
51800	2011-12-26 09:38:00	2011-12-26 09:48:00	2011-12-26 09:56:00	C2.8	11387.0	POINT(35 -22)	-22	35	521.0	-344.0
51810	2011-12-26 11:23:00	2011-12-26 11:50:00	2011-12-26 12:18:00	C5.7	11384.0	POINT(1 20)	20	1	28.0	374.0
51820	2011-12-26 20:12:00	2011-12-26 20:30:00	2011-12-26 20:36:00	M2.3	11387.0	POINT(44 -21)	-21	44	633.0	-330.0
51830	2011-12-27 04:11:00	2011-12-27 04:22:00	2011-12-27 04:31:00	C8.9	11386.0	POINT(-32 -16)	-16	-32	-506.0	-245.0
51840	2011-12-27 08:11:00	2011-12-27 08:22:00	2011-12-27 08:32:00	C3.8	11387.0	POINT(-89 -20)	-20	-89	-931.0	-342.0
51850	2011-12-27 09:17:00	2011-12-27 09:23:00	2011-12-27 09:26:00	C4.0	11387.0	POINT(45 -21)	-21	45	650.0	-329.0
51860	2011-12-27 11:59:00	2011-12-27 12:07:00	2011-12-27 12:34:00	C6.2	11387.0	POINT(53 -21)	-21	53	728.0	-334.0
51870	2011-12-27 17:25:00	2011-12-27 17:30:00	2011-12-27 17:35:00	C1.5		POINT(54 -21)	-21	54	743.0	-332.0
51880	2011-12-27 18:31:00	2011-12-27 18:36:00	2011-12-27 18:43:00	C2.5	11387.0	POINT(51 -21)	-21	51	711.0	-335.0
51890	2011-12-27 19:32:00	2011-12-27 19:36:00	2011-12-27 19:40:00	C1.7		POINT(-89 -23)	-23	-89	-910.0	-390.0
51900	2011-12-27 21:46:00	2011-12-27 22:26:00	2011-12-27 22:49:00	C6.7		POINT(-89 -23)	-23	-89	-920.0	-393.0
51910	2011-12-28 00:14:00	2011-12-28 00:30:00	2011-12-28 00:40:00	C2.3	11387.0	POINT(54 -21)	-21	54	736.0	-339.0
51920	2011-12-28 01:54:00	2011-12-28 02:08:00	2011-12-28 02:16:00	C2.1	11389.0	POINT(-89 -23)	-23	-89	-923.0	-399.0
51930	2011-12-28 03:30:00	2011-12-28 03:50:00	2011-12-28 04:10:00	C4.5	11389.0	POINT(-89 -22)	-22	-89	-931.0	-392.0
51940	2011-12-28 05:19:00	2011-12-28 05:28:00	2011-12-28 05:35:00	C2.6	11389.0	POINT(-89 -23)	-23	-89	-908.0	-400.0
51950	2011-12-28 10:48:00	2011-12-28 10:52:00	2011-12-28 10:58:00	B9.6		POINT(-89 -23)	-23	-89	-900.0	-390.0
51960	2011-12-28 11:49:00	2011-12-28 11:53:00	2011-12-28 11:57:00	C1.1		POINT(-89 -23)	-23	-89	-897.0	-389.0
51970	2011-12-28 12:09:00	2011-12-28 12:13:00	2011-12-28 12:18:00	B8.7		POINT(-17 -18)	-18	-17	-282.0	-272.0
51980	2011-12-28 13:05:00	2011-12-28 13:10:00	2011-12-28 13:16:00	C2.0		POINT(-89 -23)	-23	-89	-897.0	-389.0
51990	2011-12-28 14:17:00	2011-12-28 14:25:00	2011-12-28 14:28:00	C7.2	11389.0	POINT(-88 -23)	-23	-88	-894.0	-386.0
52000	2011-12-28 16:03:00	2011-12-28 16:10:00	2011-12-28 16:25:00	C3.1		POINT(-87 -23)	-23	-87	-892.0	-388.0
52010	2011-12-28 16:36:00	2011-12-28 16:40:00	2011-12-28 16:44:00	C6.4	11387.0	POINT(70 -21)	-21	70	853.0	-345.0
52020	2011-12-28 19:46:00	2011-12-28 19:51:00	2011-12-28 19:55:00	C1.3		POINT(-84 -23)	-23	-84	-888.0	-388.0
52030	2011-12-28 20:18:00	2011-12-28 20:31:00	2011-12-28 20:40:00	C4.0	11386.0	POINT(-7 -18)	-18	-7	-117.0	-270.0
52040	2011-12-28 20:53:00	2011-12-28 20:57:00	2011-12-28 21:10:00	C2.3	11384.0	POINT(-83 -23)	-23	-83	-887.0	-388.0
52050	2011-12-28 21:21:00	2011-12-28 21:29:00	2011-12-28 21:36:00	C6.2	11389.0	POINT(-83 -23)	-23	-83	-886.0	-390.0
52060	2011-12-28 22:55:00	2011-12-28 22:58:00	2011-12-28 23:02:00	B8.6		POINT(-83 -23)	-23	-83	-887.0	-386.0
52070	2011-12-29 03:16:00	2011-12-29 03:19:00	2011-12-29 03:26:00	C1.2		POINT(-81 -26)	-26	-81	-867.0	-422.0
52080	2011-12-29 03:58:00	2011-12-29 04:00:00	2011-12-29 04:11:00	C3.0	11389.0	POINT(-79 -25)	-25	-79	-862.0	-418.0
52090	2011-12-29 05:16:00	2011-12-29 05:21:00	2011-12-29 05:32:00	C1.2		POINT(-77 -23)	-23	-77	-872.0	-386.0
52100	2011-12-29 06:15:00	2011-12-29 06:16:00	2011-12-29 06:28:00	C3.0	11389.0	POINT(-77 -25)	-25	-77	-856.0	-415.0
52110	2011-12-29 07:12:00	2011-12-29 07:18:00	2011-12-29 07:22:00	C7.3	11389.0	POINT(-75 -23)	-23	-75	-865.0	-383.0
52120	2011-12-29 08:40:00	2011-12-29 08:43:00	2011-12-29 08:51:00	C5.4	11389.0	POINT(-78 -26)	-26	-78	-854.0	-432.0
52130	2011-12-29 09:42:00	2011-12-29 09:49:00	2011-12-29 09:54:00	C1.5	11389.0	POINT(-75 -23)	-23	-75	-863.0	-383.0
52140	2011-12-29 10:50:00	2011-12-29 10:54:00	2011-12-29 11:03:00	B8.9		POINT(-72 -25)	-25	-72	-840.0	-411.0
52150	2011-12-29 11:37:00	2011-12-29 11:41:00	2011-12-29 11:46:00	C1.0		POINT(-73 -23)	-23	-73	-857.0	-382.0
52160	2011-12-29 13:40:00	2011-12-29 13:50:00	2011-12-29 14:01:00	M1.9	11389.0	POINT(-70 -25)	-25	-70	-834.0	-402.0
52170	2011-12-29 16:14:00	2011-12-29 16:21:00	2011-12-29 16:34:00	C2.8	11389.0	POINT(-71 -26)	-26	-71	-831.0	-417.0
52180	2011-12-29 17:27:00	2011-12-29 17:32:00	2011-12-29 17:46:00	C2.9	11389.0	POINT(-70 -26)	-26	-70	-827.0	-418.0
52190	2011-12-29 18:13:00	2011-12-29 18:17:00	2011-12-29 18:23:00	C1.5		POINT(-69 -25)	-25	-69	-825.0	-410.0
52200	2011-12-29 19:18:00	2011-12-29 19:25:00	2011-12-29 19:32:00	C2.3	11389.0	POINT(-69 -25)	-25	-69	-823.0	-410.0
52210	2011-12-29 20:25:00	2011-12-29 20:32:00	2011-12-29 20:39:00	C2.3	11389.0	POINT(-69 -26)	-26	-69	-820.0	-413.0
52220	2011-12-29 20:53:00	2011-12-29 21:01:00	2011-12-29 21:14:00	C2.5	11389.0	POINT(-70 -23)	-23	-70	-840.0	-381.0
52230	2011-12-29 21:43:00	2011-12-29 21:51:00	2011-12-29 21:59:00	M2.0	11389.0	POINT(-67 -25)	-25	-67	-813.0	-405.0
52240	2011-12-29 23:41:00	2011-12-29 23:45:00	2011-12-29 23:52:00	C1.0		POINT(-66 -25)	-25	-66	-806.0	-408.0
52250	2011-12-30 03:03:00	2011-12-30 03:09:00	2011-12-30 03:13:00	M1.2	11389.0	POINT(-65 -25)	-25	-65	-796.0	-408.0
52260	2011-12-30 03:50:00	2011-12-30 03:57:00	2011-12-30 04:02:00	C1.1		POINT(89 -21)	-21	89	912.0	-364.0
52270	2011-12-30 04:04:00	2011-12-30 04:19:00	2011-12-30 04:45:00	C1.9		POINT(89 -21)	-21	89	924.0	-356.0
52280	2011-12-30 05:03:00	2011-12-30 05:07:00	2011-12-30 05:11:00	C1.8		POINT(-63 -24)	-24	-63	-795.0	-383.0
52290	2011-12-30 08:19:00	2011-12-30 08:25:00	2011-12-30 08:30:00	C3.4	11389.0	POINT(-62 -26)	-26	-62	-776.0	-408.0
52300	2011-12-30 09:59:00	2011-12-30 10:00:00	2011-12-30 10:10:00	C1.6	11389.0	POINT(-53 -18)	-18	-53	-742.0	-276.0
52310	2011-12-30 10:27:00	2011-12-30 10:32:00	2011-12-30 10:37:00	C8.4	11389.0	POINT(-60 -25)	-25	-60	-764.0	-404.0
52320	2011-12-30 11:52:00	2011-12-30 11:56:00	2011-12-30 11:56:00	C1.3		POINT(-60 -26)	-26	-60	-761.0	-417.0
52330	2011-12-30 13:36:00	2011-12-30 13:41:00	2011-12-30 13:49:00	C1.8	11389.0	POINT(-57 -24)	-24	-57	-752.0	-384.0
52340	2011-12-31 13:09:00	2011-12-31 13:15:00	2011-12-31 13:19:00	M2.4	11389.0	POINT(-46 -25)	-25	-46	-633.0	-396.0
52350	2011-12-31 15:50:00	2011-12-31 15:53:00	2011-12-31 15:57:00	B7.2	11389.0	POINT(-42 -25)	-25	-42	-599.0	-389.0
52360	2011-12-31 16:16:00	2011-12-31 16:26:00	2011-12-31 16:34:00	M1.5	11389.0	POINT(-42 -25)	-25	-42	-598.0	-392.0
52370	2011-12-31 17:17:00	2011-12-31 17:31:00	2011-12-31 17:48:00	C1.2	11386.0	POINT(30 -18)	-18	30	464.0	-275.0
52380	2012-01-01 04:45:00	2012-01-01 04:50:00	2012-01-01 04:57:00	B8.1		POINT(-35 -25)	-25	-35	-509.0	-387.0
52390	2012-01-01 07:24:00	2012-01-01 07:34:00	2012-01-01 07:44:00	C3.2	11389.0	POINT(-34 -25)	-25	-34	-498.0	-388.0
52400	2012-01-01 13:22:00	2012-01-01 13:26:00	2012-01-01 13:33:00	B8.0		POINT(88 14)	14	88	953.0	252.0
52410	2012-01-01 18:54:00	2012-01-01 18:59:00	2012-01-01 19:06:00	B8.9		POINT(89 8)	8	89	977.0	150.0
52420	2012-01-01 23:28:00	2012-01-01 23:36:00	2012-01-01 23:46:00	C1.3		POINT(-27 -27)	-27	-27	-402.0	-408.0
52430	2012-01-02 02:55:00	2012-01-02 03:00:00	2012-01-02 03:07:00	B7.6		POINT(-89 12)	12	-89	-965.0	212.0
52440	2012-01-02 05:23:00	2012-01-02 05:28:00	2012-01-02 05:34:00	C1.6	11389.0	POINT(-89 11)	11	-89	-966.0	195.0
52450	2012-01-02 07:05:00	2012-01-02 07:24:00	2012-01-02 07:32:00	C1.5	11389.0	POINT(-22 -27)	-27	-22	-326.0	-408.0
52460	2012-01-02 07:56:00	2012-01-02 08:02:00	2012-01-02 08:09:00	B8.4		POINT(-89 12)	12	-89	-965.0	208.0
52470	2012-01-02 09:27:00	2012-01-02 09:30:00	2012-01-02 09:32:00	B6.1	11389.0	POINT(-21 -26)	-26	-21	-326.0	-389.0
52480	2012-01-02 11:11:00	2012-01-02 11:18:00	2012-01-02 11:26:00	B8.2		POINT(-89 11)	11	-89	-966.0	200.0
52490	2012-01-02 14:31:00	2012-01-02 15:24:00	2012-01-02 16:04:00	C2.4		POINT(89 7)	7	89	980.0	122.0
52500	2012-01-03 01:35:00	2012-01-03 01:54:00	2012-01-03 02:20:00	B9.3		POINT(62 -19)	-19	62	814.0	-305.0
52510	2012-01-03 03:31:00	2012-01-03 03:34:00	2012-01-03 03:38:00	B6.7	11389.0	POINT(-11 -24)	-24	-11	-177.0	-364.0
52520	2012-01-03 04:14:00	2012-01-03 04:19:00	2012-01-03 04:27:00	B8.0	11391.0	POINT(-85 12)	12	-85	-949.0	213.0
52530	2012-01-03 20:50:00	2012-01-03 20:53:00	2012-01-03 20:55:00	B7.7	11389.0	POINT(40 10)	10	40	630.0	212.0
52540	2012-01-04 02:19:00	2012-01-04 02:22:00	2012-01-04 02:26:00	B6.4	11390.0	POINT(-67 11)	11	-67	-883.0	220.0
52550	2012-01-04 08:57:00	2012-01-04 09:02:00	2012-01-04 09:05:00	C1.5	11392.0	POINT(-20 18)	18	-20	-329.0	354.0
52560	2012-01-04 10:59:00	2012-01-04 11:00:00	2012-01-04 11:14:00	C1.3	11386.0	POINT(13 -18)	-18	13	224.0	-258.0
52570	2012-01-05 07:01:00	2012-01-05 07:22:00	2012-01-05 07:43:00	C1.9	11390.0	POINT(72 7)	7	72	922.0	150.0
52580	2012-01-05 11:51:00	2012-01-05 12:38:00	2012-01-05 13:15:00	C2.2	11392.0	POINT(16 27)	27	16	248.0	500.0
52590	2012-01-06 06:04:00	2012-01-06 06:08:00	2012-01-06 06:11:00	C1.4	11389.0	POINT(41 -17)	-17	41	616.0	-255.0
52600	2012-01-06 11:14:00	2012-01-06 11:25:00	2012-01-06 11:35:00	C2.2	11392.0	POINT(26 21)	21	26	405.0	405.0
52610	2012-01-06 17:03:00	2012-01-06 17:06:00	2012-01-06 17:09:00	B6.8		POINT(82 7)	7	82	959.0	128.0
52620	2012-01-06 17:16:00	2012-01-06 17:19:00	2012-01-06 17:22:00	C1.4	11390.0	POINT(83 9)	9	83	956.0	163.0
52630	2012-01-06 23:54:00	2012-01-07 00:09:00	2012-01-07 00:23:00	C2.7	11392.0	POINT(32 22)	22	32	489.0	418.0
52640	2012-01-07 02:20:00	2012-01-07 02:30:00	2012-01-07 02:38:00	C1.1		POINT(76 -21)	-21	76	885.0	-341.0
52650	2012-01-07 04:39:00	2012-01-07 04:53:00	2012-01-07 05:07:00	C1.6		POINT(42 -26)	-26	42	585.0	-401.0
52660	2012-01-07 10:39:00	2012-01-07 10:42:00	2012-01-07 10:47:00	B9.9	11390.0	POINT(88 15)	15	88	1008.0	281.0
52670	2012-01-07 17:12:00	2012-01-07 17:40:00	2012-01-07 18:10:00	C1.3		POINT(26 15)	15	26	424.0	314.0
52680	2012-01-08 02:09:00	2012-01-08 02:27:00	2012-01-08 02:46:00	C4.9		POINT(88 -20)	-20	88	939.0	-351.0
52690	2012-01-08 03:21:00	2012-01-08 03:25:00	2012-01-08 03:29:00	C2.9	11393.0	POINT(31 18)	18	31	490.0	355.0
52700	2012-01-08 04:33:00	2012-01-08 04:38:00	2012-01-08 04:49:00	C1.2		POINT(32 18)	18	32	500.0	359.0
52710	2012-01-08 06:08:00	2012-01-08 06:13:00	2012-01-08 06:16:00	C1.9	11393.0	POINT(33 18)	18	33	515.0	357.0
52720	2012-01-08 13:13:00	2012-01-08 13:15:00	2012-01-08 13:25:00	C1.8	11389.0	POINT(60 -27)	-27	60	752.0	-422.0
52730	2012-01-08 14:56:00	2012-01-08 15:00:00	2012-01-08 15:02:00	C1.3	11389.0	POINT(39 17)	17	39	594.0	345.0
52740	2012-01-08 17:20:00	2012-01-08 17:26:00	2012-01-08 17:33:00	C1.4	11389.0	POINT(64 -27)	-27	64	779.0	-428.0
52750	2012-01-08 19:14:00	2012-01-08 19:18:00	2012-01-08 19:26:00	B9.2	11393.0	POINT(39 17)	17	39	589.0	342.0
52760	2012-01-08 20:17:00	2012-01-08 20:22:00	2012-01-08 20:38:00	B7.6		POINT(40 17)	17	40	606.0	339.0
52770	2012-01-09 08:30:00	2012-01-09 08:45:00	2012-01-09 09:15:00	B8.3		POINT(-13 17)	17	-13	-209.0	363.0
52780	2012-01-09 10:31:00	2012-01-09 10:42:00	2012-01-09 10:47:00	C1.1	11393.0	POINT(48 17)	17	48	704.0	327.0
52790	2012-01-09 14:51:00	2012-01-09 14:56:00	2012-01-09 14:58:00	C1.4	11391.0	POINT(3 14)	14	3	54.0	301.0
52800	2012-01-09 17:15:00	2012-01-09 17:18:00	2012-01-09 17:21:00	C1.3	11391.0	POINT(3 14)	14	3	63.0	307.0
52810	2012-01-09 18:30:00	2012-01-09 18:35:00	2012-01-09 18:45:00	B9.5		POINT(5 13)	13	5	91.0	287.0
52820	2012-01-09 19:02:00	2012-01-09 19:11:00	2012-01-09 19:24:00	B9.8		POINT(5 13)	13	5	90.0	292.0
52830	2012-01-09 20:01:00	2012-01-09 20:13:00	2012-01-09 20:28:00	C2.6	11395.0	POINT(-53 17)	17	-53	-747.0	333.0
52840	2012-01-10 01:49:00	2012-01-10 01:53:00	2012-01-10 01:56:00	C1.0	11393.0	POINT(57 15)	15	57	795.0	298.0
52850	2012-01-10 04:14:00	2012-01-10 04:18:00	2012-01-10 04:24:00	B7.1	11391.0	POINT(9 14)	14	9	164.0	311.0
52860	2012-01-10 17:26:00	2012-01-10 17:45:00	2012-01-10 18:26:00	B9.7		POINT(88 21)	21	88	925.0	362.0
52870	2012-01-10 22:34:00	2012-01-10 23:01:00	2012-01-10 23:12:00	C1.7	11391.0	POINT(88 20)	20	88	928.0	347.0
52880	2012-01-11 00:01:00	2012-01-11 00:11:00	2012-01-11 00:23:00	C2.2	11393.0	POINT(85 20)	20	85	913.0	338.0
52890	2012-01-11 01:40:00	2012-01-11 01:47:00	2012-01-11 01:55:00	C1.6	11395.0	POINT(88 19)	19	88	924.0	331.0
52900	2012-01-11 04:31:00	2012-01-11 04:46:00	2012-01-11 05:09:00	C3.7	11393.0	POINT(71 18)	18	71	882.0	321.0
52910	2012-01-11 11:04:00	2012-01-11 11:12:00	2012-01-11 11:19:00	C1.6	11395.0	POINT(-27 19)	19	-27	-428.0	378.0
52920	2012-01-11 13:06:00	2012-01-11 13:11:00	2012-01-11 13:29:00	B7.6	11393.0	POINT(88 18)	18	88	930.0	321.0
52930	2012-01-11 13:45:00	2012-01-11 13:58:00	2012-01-11 14:10:00	B8.1		POINT(-80 -16)	-16	-80	-921.0	-270.0
52940	2012-01-11 14:26:00	2012-01-11 14:51:00	2012-01-11 15:30:00	C1.2	11395.0	POINT(-58 12)	12	-58	-812.0	249.0
52950	2012-01-11 15:42:00	2012-01-11 16:22:00	2012-01-11 16:40:00	C1.3		POINT(83 17)	17	83	921.0	307.0
52960	2012-01-11 20:45:00	2012-01-11 20:50:00	2012-01-11 20:54:00	C1.2	11393.0	POINT(85 17)	17	85	926.0	301.0
52970	2012-01-12 00:49:00	2012-01-12 00:58:00	2012-01-12 01:06:00	C1.5	11395.0	POINT(-19 18)	18	-19	-309.0	380.0
52980	2012-01-12 02:12:00	2012-01-12 02:16:00	2012-01-12 02:28:00	B8.9	11393.0	POINT(88 17)	17	88	941.0	293.0
52990	2012-01-12 04:19:00	2012-01-12 04:23:00	2012-01-12 04:27:00	B9.0	11393.0	POINT(88 16)	16	88	945.0	287.0
53000	2012-01-12 07:47:00	2012-01-12 09:00:00	2012-01-12 10:00:00	C2.3		POINT(88 18)	18	88	953.0	312.0
53010	2012-01-12 07:54:00	2012-01-12 10:01:00	2012-01-12 12:16:00	C2.5		POINT(-87 30)	30	-87	-857.0	506.0
53020	2012-01-12 13:11:00	2012-01-12 13:15:00	2012-01-12 13:33:00	C3.3	11393.0	POINT(88 16)	16	88	945.0	287.0
53030	2012-01-13 01:44:00	2012-01-13 02:27:00	2012-01-13 03:30:00	C1.3		POINT(-88 16)	16	-88	-951.0	281.0
53040	2012-01-13 06:01:00	2012-01-13 06:05:00	2012-01-13 06:08:00	C2.2	11391.0	POINT(57 9)	9	57	814.0	201.0
53050	2012-01-13 09:19:00	2012-01-13 09:23:00	2012-01-13 09:26:00	B8.2		POINT(-84 -21)	-21	-84	-906.0	-343.0
53060	2012-01-14 03:19:00	2012-01-14 03:35:00	2012-01-14 04:03:00	C2.1	11396.0	POINT(-18 25)	25	-18	-275.0	489.0
53070	2012-01-14 12:00:00	2012-01-14 12:09:00	2012-01-14 12:20:00	C4.1	11401.0	POINT(-88 17)	17	-88	-944.0	294.0
53080	2012-01-14 12:33:00	2012-01-14 13:12:00	2012-01-14 13:14:00	C5.8		POINT(-88 19)	19	-88	-963.0	339.0
53090	2012-01-14 13:14:00	2012-01-14 13:18:00	2012-01-14 13:20:00	M1.4	11401.0	POINT(-88 14)	14	-88	-952.0	255.0
53100	2012-01-14 18:35:00	2012-01-14 18:40:00	2012-01-14 18:43:00	C2.8	11401.0	POINT(-88 15)	15	-88	-949.0	261.0
53110	2012-01-14 21:41:00	2012-01-14 21:54:00	2012-01-14 22:10:00	C2.1	11401.0	POINT(-87 21)	21	-87	-923.0	360.0
53120	2012-01-14 23:21:00	2012-01-14 23:25:00	2012-01-14 23:30:00	C1.1	11401.0	POINT(-88 15)	15	-88	-942.0	267.0
53130	2012-01-15 01:23:00	2012-01-15 01:30:00	2012-01-15 01:38:00	C1.5		POINT(-88 17)	17	-88	-929.0	300.0
53140	2012-01-15 02:06:00	2012-01-15 02:09:00	2012-01-15 02:13:00	C2.3	11391.0	POINT(88 9)	9	88	965.0	170.0
53150	2012-01-15 02:48:00	2012-01-15 02:52:00	2012-01-15 02:59:00	C2.1	11401.0	POINT(-88 15)	15	-88	-938.0	269.0
53160	2012-01-15 10:57:00	2012-01-15 11:01:00	2012-01-15 11:03:00	C1.0		POINT(85 8)	8	85	961.0	152.0
53170	2012-01-15 23:56:00	2012-01-15 23:59:00	2012-01-16 00:05:00	C1.1		POINT(-73 19)	19	-73	-882.0	340.0
53180	2012-01-16 00:14:00	2012-01-16 00:18:00	2012-01-16 00:22:00	C2.5	11401.0	POINT(-71 19)	19	-71	-875.0	341.0
53190	2012-01-16 00:25:00	2012-01-16 00:48:00	2012-01-16 01:30:00	C4.1		POINT(-88 19)	19	-88	-926.0	336.0
53200	2012-01-16 02:28:00	2012-01-16 04:00:00	2012-01-16 04:20:00	C6.2		POINT(-86 34)	34	-86	-853.0	593.0
53210	2012-01-16 02:36:00	2012-01-16 04:44:00	2012-01-16 06:46:00	C6.5	11402.0	POINT(-86 34)	34	-86	-873.0	595.0
53220	2012-01-16 08:08:00	2012-01-16 08:12:00	2012-01-16 08:18:00	C3.9	11401.0	POINT(-67 19)	19	-67	-852.0	350.0
53230	2012-01-16 10:31:00	2012-01-16 10:38:00	2012-01-16 10:38:00	C5.5	11401.0	POINT(-64 18)	18	-64	-833.0	338.0
53240	2012-01-16 15:46:00	2012-01-16 16:06:00	2012-01-16 16:44:00	C3.0		POINT(-62 18)	18	-62	-819.0	346.0
53250	2012-01-16 22:50:00	2012-01-16 23:16:00	2012-01-17 00:10:00	C3.9	11401.0	POINT(-57 18)	18	-57	-779.0	352.0
53260	2012-01-17 04:41:00	2012-01-17 04:53:00	2012-01-17 05:07:00	M1.0	11401.0	POINT(-53 18)	18	-53	-749.0	353.0
53270	2012-01-17 17:19:00	2012-01-17 17:23:00	2012-01-17 17:25:00	C1.4	11401.0	POINT(-58 16)	16	-58	-795.0	323.0
53280	2012-01-17 18:32:00	2012-01-17 18:37:00	2012-01-17 18:40:00	C2.2	11401.0	POINT(-41 19)	19	-41	-608.0	375.0
53290	2012-01-17 23:53:00	2012-01-17 23:57:00	2012-01-18 00:03:00	C1.0	11401.0	POINT(-37 19)	19	-37	-568.0	378.0
53300	2012-01-18 01:17:00	2012-01-18 01:21:00	2012-01-18 01:26:00	B8.5	11403.0	POINT(-1 -18)	-18	-1	-23.0	-231.0
53310	2012-01-18 08:09:00	2012-01-18 08:14:00	2012-01-18 08:18:00	B9.7	11401.0	POINT(-38 18)	18	-38	-578.0	377.0
53320	2012-01-18 09:05:00	2012-01-18 09:10:00	2012-01-18 09:17:00	B8.6	11401.0	POINT(-40 28)	28	-40	-558.0	525.0
53330	2012-01-18 09:51:00	2012-01-18 09:54:00	2012-01-18 09:56:00	C1.0	11401.0	POINT(-32 18)	18	-32	-504.0	372.0
53340	2012-01-18 10:16:00	2012-01-18 10:30:00	2012-01-18 10:45:00	C2.4	11401.0	POINT(-38 19)	19	-38	-572.0	383.0
53350	2012-01-18 12:10:00	2012-01-18 12:30:00	2012-01-18 12:33:00	B9.6	11399.0	POINT(-37 27)	27	-37	-522.0	514.0
53360	2012-01-18 19:04:00	2012-01-18 19:12:00	2012-01-18 19:27:00	M1.7	11401.0	POINT(-32 17)	17	-32	-500.0	363.0
53370	2012-01-18 22:57:00	2012-01-18 23:20:00	2012-01-18 23:33:00	C5.1	11396.0	POINT(44 25)	25	44	624.0	468.0
53380	2012-01-19 01:15:00	2012-01-19 02:12:00	2012-01-19 03:00:00	C1.1		POINT(-29 18)	18	-29	-456.0	382.0
53390	2012-01-19 03:52:00	2012-01-19 03:55:00	2012-01-19 03:57:00	C1.2		POINT(-28 29)	29	-28	-399.0	546.0
53400	2012-01-19 10:22:00	2012-01-19 10:26:00	2012-01-19 10:31:00	B8.9	11402.0	POINT(-27 30)	30	-27	-384.0	557.0
53410	2012-01-19 12:41:00	2012-01-19 12:50:00	2012-01-19 13:00:00	C3.2	11396.0	POINT(51 26)	26	51	686.0	476.0
53420	2012-01-19 13:43:00	2012-01-19 15:30:00	2012-01-19 16:30:00	M2.6	11402.0	POINT(-27 32)	32	-27	-381.0	590.0
53430	2012-01-19 13:44:00	2012-01-19 16:05:00	2012-01-19 17:50:00	M3.2	11402.0	POINT(-27 32)	32	-27	-378.0	588.0
53440	2012-01-20 14:58:00	2012-01-20 15:01:00	2012-01-20 15:04:00	B9.1		POINT(-8 18)	18	-8	-135.0	396.0
53450	2012-01-20 21:01:00	2012-01-20 21:12:00	2012-01-20 21:22:00	C1.3	11396.0	POINT(71 25)	25	71	835.0	445.0
53460	2012-01-20 21:48:00	2012-01-20 23:33:00	2012-01-21 00:36:00	C1.4		POINT(4 14)	14	4	81.0	319.0
53470	2012-01-20 21:50:00	2012-01-20 23:15:00	2012-01-21 00:00:00	C1.5		POINT(4 13)	13	4	77.0	317.0
53480	2012-01-21 04:34:00	2012-01-21 04:57:00	2012-01-21 05:30:00	C1.2		POINT(-2 27)	27	-2	-32.0	526.0
53490	2012-01-21 13:35:00	2012-01-21 13:42:00	2012-01-21 13:47:00	C2.4		POINT(82 25)	25	82	874.0	423.0
53500	2012-01-21 20:44:00	2012-01-21 21:20:00	2012-01-21 21:43:00	C1.3	11402.0	POINT(10 17)	17	10	168.0	378.0
53510	2012-01-22 02:32:00	2012-01-22 02:57:00	2012-01-22 03:06:00	C7.1		POINT(13 17)	17	13	218.0	379.0
53520	2012-01-22 03:36:00	2012-01-22 04:00:00	2012-01-22 05:10:00	C3.4		POINT(11 21)	21	11	184.0	437.0
53530	2012-01-22 08:47:00	2012-01-22 08:54:00	2012-01-22 09:01:00	C2.2	11401.0	POINT(14 18)	18	14	230.0	395.0
53540	2012-01-22 12:38:00	2012-01-22 12:55:00	2012-01-22 13:47:00	C3.7	11401.0	POINT(17 18)	18	17	272.0	389.0
53550	2012-01-22 19:15:00	2012-01-22 19:18:00	2012-01-22 19:20:00	B9.5		POINT(21 29)	29	21	307.0	551.0
53560	2012-01-22 20:22:00	2012-01-22 20:26:00	2012-01-22 20:31:00	B9.8	11402.0	POINT(17 32)	32	17	252.0	594.0
53570	2012-01-22 20:47:00	2012-01-22 20:53:00	2012-01-22 20:59:00	C2.0	11401.0	POINT(21 19)	19	21	338.0	396.0
53580	2012-01-23 00:39:00	2012-01-23 01:30:00	2012-01-23 02:30:00	C1.9		POINT(21 29)	29	21	314.0	551.0
53590	2012-01-23 03:38:00	2012-01-23 03:59:00	2012-01-23 03:59:00	M8.7	11402.0	POINT(21 33)	33	21	301.0	611.0
53600	2012-01-23 19:40:00	2012-01-23 20:11:00	2012-01-23 20:26:00	C1.4	11401.0	POINT(35 17)	17	35	545.0	363.0
53610	2012-01-24 04:29:00	2012-01-24 04:33:00	2012-01-24 04:37:00	C1.0		POINT(33 30)	30	33	466.0	554.0
53620	2012-01-24 05:08:00	2012-01-24 05:12:00	2012-01-24 05:18:00	B8.6		POINT(34 29)	29	34	474.0	550.0
53630	2012-01-24 09:46:00	2012-01-24 09:53:00	2012-01-24 09:59:00	C2.5	11402.0	POINT(39 31)	31	39	527.0	575.0
53640	2012-01-24 16:57:00	2012-01-24 17:00:00	2012-01-24 17:10:00	C1.3	11401.0	POINT(40 32)	32	40	538.0	576.0
53650	2012-01-24 17:24:00	2012-01-24 18:13:00	2012-01-24 19:04:00	C1.8		POINT(54 18)	18	54	752.0	356.0
53660	2012-01-25 01:48:00	2012-01-25 01:57:00	2012-01-25 02:10:00	B9.5		POINT(51 18)	18	51	729.0	355.0
53670	2012-01-25 05:05:00	2012-01-25 05:15:00	2012-01-25 05:25:00	B7.3		POINT(52 27)	27	52	693.0	491.0
53680	2012-01-25 18:52:00	2012-01-25 19:02:00	2012-01-25 19:10:00	B8.0		POINT(57 33)	33	57	689.0	574.0
53690	2012-01-26 00:00:00	2012-01-26 00:05:00	2012-01-26 00:10:00	C1.5	11402.0	POINT(60 33)	33	60	712.0	570.0
53700	2012-01-26 00:26:00	2012-01-26 00:36:00	2012-01-26 00:59:00	C5.8	11402.0	POINT(56 30)	30	56	703.0	536.0
53710	2012-01-26 01:40:00	2012-01-26 01:45:00	2012-01-26 02:00:00	C7.9	11402.0	POINT(59 32)	32	59	714.0	555.0
53720	2012-01-26 03:56:00	2012-01-26 05:15:00	2012-01-26 06:30:00	C5.2		POINT(78 41)	41	78	713.0	658.0
53730	2012-01-26 03:58:00	2012-01-26 05:42:00	2012-01-26 07:03:00	C6.4	11402.0	POINT(84 41)	41	84	743.0	669.0
53740	2012-01-26 10:01:00	2012-01-26 10:11:00	2012-01-26 10:21:00	C2.7		POINT(65 32)	32	65	749.0	555.0
53750	2012-01-26 20:38:00	2012-01-26 20:44:00	2012-01-26 20:51:00	C2.8	11402.0	POINT(72 32)	32	72	779.0	552.0
53760	2012-01-26 21:55:00	2012-01-26 22:02:00	2012-01-26 22:10:00	C1.8		POINT(73 33)	33	73	780.0	557.0
53770	2012-01-27 01:11:00	2012-01-27 01:24:00	2012-01-27 01:32:00	C1.7		POINT(73 33)	33	73	783.0	552.0
53780	2012-01-27 04:01:00	2012-01-27 04:10:00	2012-01-27 04:26:00	C2.1		POINT(80 18)	18	80	910.0	327.0
53790	2012-01-27 06:24:00	2012-01-27 06:42:00	2012-01-27 06:53:00	C5.5	11402.0	POINT(80 33)	33	80	801.0	548.0
53800	2012-01-27 11:58:00	2012-01-27 12:00:00	2012-01-27 12:16:00	C1.4		POINT(87 19)	19	87	920.0	328.0
53810	2012-01-27 13:02:00	2012-01-27 13:05:00	2012-01-27 13:09:00	C1.0		POINT(24 13)	13	24	386.0	316.0
53820	2012-01-27 17:37:00	2012-01-27 18:37:00	2012-01-27 18:56:00	X1.7	11402.0	POINT(85 33)	33	85	833.0	551.0
53830	2012-01-28 15:30:00	2012-01-28 15:34:00	2012-01-28 15:40:00	C1.0	11410.0	POINT(-54 8)	8	-54	-783.0	198.0
53840	2012-01-29 04:39:00	2012-01-29 05:01:00	2012-01-29 05:24:00	B5.9		POINT(-54 17)	17	-54	-761.0	346.0
53850	2012-01-29 05:33:00	2012-01-29 06:04:00	2012-01-29 06:33:00	B7.9		POINT(-54 19)	19	-54	-752.0	375.0
53860	2012-01-30 00:43:00	2012-01-30 00:54:00	2012-01-30 01:05:00	B5.2		POINT(88 10)	10	88	962.0	179.0
53870	2012-01-30 03:15:00	2012-01-30 03:23:00	2012-01-30 03:30:00	B5.1	11410.0	POINT(88 10)	10	88	968.0	174.0
53880	2012-01-30 04:35:00	2012-01-30 04:40:00	2012-01-30 04:43:00	C1.3	11410.0	POINT(88 10)	10	88	966.0	173.0
53890	2012-01-30 18:08:00	2012-01-30 19:01:00	2012-01-30 19:18:00	B4.2		POINT(13 -25)	-25	13	203.0	-325.0
53900	2012-01-30 21:43:00	2012-01-30 21:48:00	2012-01-30 21:54:00	B4.9		POINT(-24 6)	6	-24	-398.0	209.0
53910	2012-01-31 06:16:00	2012-01-31 06:24:00	2012-01-31 06:41:00	B6.7	11408.0	POINT(50 14)	14	50	733.0	298.0
53920	2012-01-31 14:04:00	2012-01-31 14:15:00	2012-01-31 14:28:00	B9.9	11408.0	POINT(54 13)	13	54	775.0	281.0
53930	2012-01-31 22:08:00	2012-01-31 23:22:00	2012-01-31 23:44:00	B4.9		POINT(-11 21)	21	-11	-185.0	446.0
53940	2012-02-01 01:44:00	2012-02-01 02:28:00	2012-02-01 02:48:00	B4.5		POINT(26 -28)	-28	26	388.0	-376.0
53950	2012-02-01 04:13:00	2012-02-01 04:41:00	2012-02-01 05:07:00	C1.0	11408.0	POINT(69 11)	11	69	891.0	236.0
53960	2012-02-01 08:50:00	2012-02-01 09:16:00	2012-02-01 09:37:00	B6.4	11408.0	POINT(69 11)	11	69	894.0	230.0
53970	2012-02-01 09:58:00	2012-02-01 10:17:00	2012-02-01 10:38:00	B5.9		POINT(72 11)	11	72	910.0	227.0
53980	2012-02-02 03:30:00	2012-02-02 03:41:00	2012-02-02 03:55:00	B5.4		POINT(77 16)	16	77	909.0	299.0
53990	2012-02-02 08:57:00	2012-02-02 09:00:00	2012-02-02 09:17:00	B7.8	11408.0	POINT(82 12)	12	82	940.0	230.0
54000	2012-02-02 11:51:00	2012-02-02 11:54:00	2012-02-02 11:56:00	B5.0		POINT(12 8)	8	12	213.0	235.0
54010	2012-02-02 18:06:00	2012-02-02 18:15:00	2012-02-02 18:21:00	B8.9	11413.0	POINT(16 7)	7	16	276.0	228.0
54020	2012-02-03 04:39:00	2012-02-03 04:47:00	2012-02-03 04:52:00	B7.4	11410.0	POINT(18 20)	20	18	290.0	436.0
54030	2012-02-05 07:25:00	2012-02-05 07:29:00	2012-02-05 07:34:00	B3.1	11410.0	POINT(46 21)	21	46	659.0	416.0
54040	2012-02-05 12:43:00	2012-02-05 12:47:00	2012-02-05 12:51:00	B2.4	11410.0	POINT(48 19)	19	48	690.0	394.0
54050	2012-02-05 22:24:00	2012-02-05 22:31:00	2012-02-05 23:00:00	B3.7		POINT(49 19)	19	49	701.0	387.0
54060	2012-02-06 01:06:00	2012-02-06 01:25:00	2012-02-06 01:42:00	B5.5		POINT(55 19)	19	55	756.0	374.0
54070	2012-02-06 04:28:00	2012-02-06 04:49:00	2012-02-06 05:20:00	B6.6	11410.0	POINT(-55 -8)	-8	-55	-791.0	-76.0
54080	2012-02-06 07:23:00	2012-02-06 07:33:00	2012-02-06 07:46:00	B9.3	11410.0	POINT(56 19)	19	56	768.0	372.0
54090	2012-02-06 11:20:00	2012-02-06 11:23:00	2012-02-06 11:30:00	B3.9		POINT(53 18)	18	53	744.0	371.0
54100	2012-02-06 13:10:00	2012-02-06 13:14:00	2012-02-06 13:19:00	B6.8		POINT(55 19)	19	55	754.0	379.0
54110	2012-02-06 14:42:00	2012-02-06 14:47:00	2012-02-06 14:52:00	B7.9	11410.0	POINT(56 19)	19	56	769.0	375.0
54120	2012-02-06 15:15:00	2012-02-06 15:18:00	2012-02-06 15:21:00	B5.2		POINT(65 19)	19	65	833.0	366.0
54130	2012-02-06 16:18:00	2012-02-06 16:23:00	2012-02-06 16:26:00	B6.2		POINT(61 19)	19	61	806.0	375.0
54140	2012-02-06 16:49:00	2012-02-06 16:54:00	2012-02-06 17:12:00	B6.6		POINT(62 18)	18	62	818.0	359.0
54150	2012-02-06 17:20:00	2012-02-06 17:27:00	2012-02-06 17:37:00	C1.2	11410.0	POINT(58 19)	19	58	782.0	375.0
54160	2012-02-06 18:43:00	2012-02-06 19:46:00	2012-02-06 20:00:00	C7.2		POINT(62 20)	20	62	811.0	379.0
54170	2012-02-06 19:31:00	2012-02-06 20:00:00	2012-02-06 20:17:00	M1.0	11410.0	POINT(62 19)	19	62	812.0	371.0
54180	2012-02-07 01:15:00	2012-02-07 01:23:00	2012-02-07 01:30:00	C3.5	11410.0	POINT(62 19)	19	62	815.0	373.0
54190	2012-02-07 02:32:00	2012-02-07 02:37:00	2012-02-07 02:42:00	B4.0	11410.0	POINT(73 16)	16	73	893.0	306.0
54200	2012-02-07 04:17:00	2012-02-07 04:24:00	2012-02-07 04:24:00	C1.7	11410.0	POINT(63 19)	19	63	820.0	374.0
54210	2012-02-07 10:34:00	2012-02-07 10:39:00	2012-02-07 10:42:00	B8.0	11410.0	POINT(72 17)	17	72	887.0	320.0
54220	2012-02-07 10:56:00	2012-02-07 11:01:00	2012-02-07 11:11:00	C5.1	11410.0	POINT(67 20)	20	67	842.0	374.0
54230	2012-02-07 10:56:00	2012-02-07 11:03:00	2012-02-07 11:11:00	C5.1	11410.0	POINT(66 20)	20	66	839.0	375.0
54240	2012-02-07 12:33:00	2012-02-07 12:38:00	2012-02-07 12:52:00	B5.2		POINT(68 18)	18	68	860.0	344.0
54250	2012-02-07 16:11:00	2012-02-07 17:34:00	2012-02-07 17:42:00	C6.8		POINT(70 20)	20	70	858.0	372.0
54260	2012-02-07 20:15:00	2012-02-07 22:15:00	2012-02-07 22:45:00	C7.2		POINT(87 18)	18	87	969.0	329.0
54270	2012-02-07 20:18:00	2012-02-07 22:19:00	2012-02-07 23:21:00	C7.3	11410.0	POINT(87 18)	18	87	990.0	324.0
54280	2012-02-08 02:20:00	2012-02-08 02:43:00	2012-02-08 03:15:00	C1.5		POINT(87 17)	17	87	929.0	296.0
54290	2012-02-08 03:36:00	2012-02-08 04:17:00	2012-02-08 04:40:00	C2.6		POINT(50 9)	9	50	737.0	231.0
54300	2012-02-08 07:07:00	2012-02-08 07:14:00	2012-02-08 07:22:00	B8.1		POINT(52 10)	10	52	763.0	240.0
54310	2012-02-08 21:48:00	2012-02-08 22:17:00	2012-02-08 22:28:00	C2.9	11415.0	POINT(59 10)	10	59	828.0	238.0
54320	2012-02-09 03:00:00	2012-02-09 03:06:00	2012-02-09 03:20:00	B4.7		POINT(-35 -18)	-18	-35	-539.0	-214.0
54330	2012-02-09 04:59:00	2012-02-09 05:00:00	2012-02-09 05:14:00	B9.3	11416.0	POINT(-34 -18)	-18	-34	-531.0	-216.0
54340	2012-02-09 09:20:00	2012-02-09 09:33:00	2012-02-09 09:50:00	C1.1	11415.0	POINT(64 12)	12	64	862.0	249.0
54350	2012-02-09 12:00:00	2012-02-09 12:16:00	2012-02-09 12:27:00	C1.0	11416.0	POINT(-30 -18)	-18	-30	-476.0	-216.0
54360	2012-02-09 18:00:00	2012-02-09 21:14:00	2012-02-09 22:00:00	B3.7		POINT(-78 26)	26	-78	-851.0	454.0
54370	2012-02-09 22:01:00	2012-02-09 22:07:00	2012-02-09 22:17:00	B7.5		POINT(73 10)	10	73	918.0	205.0
54380	2012-02-10 00:06:00	2012-02-10 00:27:00	2012-02-10 00:47:00	B7.7	11416.0	POINT(-24 -19)	-19	-24	-378.0	-230.0
54390	2012-02-10 01:10:00	2012-02-10 01:16:00	2012-02-10 01:26:00	B6.2		POINT(-24 -18)	-18	-24	-383.0	-206.0
54400	2012-02-10 01:34:00	2012-02-10 01:53:00	2012-02-10 02:00:00	B6.3		POINT(-23 -18)	-18	-23	-367.0	-203.0
54410	2012-02-10 02:46:00	2012-02-10 02:56:00	2012-02-10 03:08:00	B5.0		POINT(-23 -17)	-17	-23	-365.0	-200.0
54420	2012-02-10 04:34:00	2012-02-10 04:35:00	2012-02-10 04:37:00	B8.8	11416.0	POINT(-23 -18)	-18	-23	-369.0	-216.0
54430	2012-02-10 08:10:00	2012-02-10 08:13:00	2012-02-10 08:15:00	B3.2		POINT(-21 -18)	-18	-21	-343.0	-202.0
54440	2012-02-10 12:05:00	2012-02-10 12:12:00	2012-02-10 12:19:00	C1.0	11415.0	POINT(88 11)	11	88	954.0	192.0
54450	2012-02-10 15:20:00	2012-02-10 15:36:00	2012-02-10 16:00:00	C1.1	11415.0	POINT(87 15)	15	87	950.0	265.0
54460	2012-02-10 18:27:00	2012-02-10 18:31:00	2012-02-10 18:33:00	B9.9	11416.0	POINT(-14 -17)	-17	-14	-236.0	-192.0
54470	2012-02-10 20:55:00	2012-02-10 21:00:00	2012-02-10 21:19:00	B8.6		POINT(88 11)	11	88	973.0	194.0
54480	2012-02-10 23:21:00	2012-02-10 23:26:00	2012-02-10 23:30:00	B8.4	11416.0	POINT(-11 -17)	-17	-11	-188.0	-191.0
54490	2012-02-10 23:48:00	2012-02-10 23:52:00	2012-02-10 23:54:00	B7.5	11416.0	POINT(-12 -18)	-18	-12	-200.0	-201.0
54500	2012-02-11 08:03:00	2012-02-11 08:20:00	2012-02-11 08:35:00	B8.4		POINT(-85 29)	29	-85	-856.0	480.0
54510	2012-02-11 08:49:00	2012-02-11 08:55:00	2012-02-11 09:01:00	C1.4		POINT(-86 28)	28	-86	-858.0	475.0
54520	2012-02-11 09:55:00	2012-02-11 10:04:00	2012-02-11 10:11:00	C7.9		POINT(-86 28)	28	-86	-861.0	474.0
54530	2012-02-11 10:41:00	2012-02-11 10:44:00	2012-02-11 10:49:00	C1.5	11416.0	POINT(-86 25)	25	-86	-880.0	432.0
54540	2012-02-11 12:10:00	2012-02-11 12:14:00	2012-02-11 12:18:00	B7.2	11416.0	POINT(-86 28)	28	-86	-854.0	471.0
54550	2012-02-11 15:12:00	2012-02-11 15:26:00	2012-02-11 15:32:00	B6.0	11416.0	POINT(-85 29)	29	-85	-855.0	480.0
54560	2012-02-11 15:55:00	2012-02-11 16:00:00	2012-02-11 16:09:00	C2.7		POINT(-85 30)	30	-85	-843.0	498.0
54570	2012-02-11 18:47:00	2012-02-11 18:54:00	2012-02-11 19:06:00	C7.7	11419.0	POINT(-85 29)	29	-85	-855.0	483.0
54580	2012-02-11 19:08:00	2012-02-11 19:12:00	2012-02-11 19:20:00	C5.3	11419.0	POINT(-85 29)	29	-85	-860.0	485.0
54590	2012-02-11 20:38:00	2012-02-11 20:44:00	2012-02-11 20:50:00	C2.7	11419.0	POINT(-85 28)	28	-85	-857.0	476.0
54600	2012-02-11 23:26:00	2012-02-11 23:33:00	2012-02-11 23:36:00	C2.7	11419.0	POINT(-85 28)	28	-85	-858.0	480.0
54610	2012-02-12 04:42:00	2012-02-12 04:46:00	2012-02-12 04:51:00	C1.3	11419.0	POINT(-85 29)	29	-85	-853.0	480.0
54620	2012-02-12 06:53:00	2012-02-12 07:01:00	2012-02-12 07:05:00	C1.6	11419.0	POINT(-86 27)	27	-86	-866.0	449.0
54630	2012-02-12 07:32:00	2012-02-12 07:38:00	2012-02-12 07:46:00	B9.7	11419.0	POINT(-85 29)	29	-85	-846.0	484.0
54640	2012-02-12 11:03:00	2012-02-12 11:06:00	2012-02-12 11:08:00	B5.2		POINT(-80 28)	28	-80	-842.0	477.0
54650	2012-02-13 00:18:00	2012-02-13 00:22:00	2012-02-13 00:26:00	B3.7		POINT(-75 31)	31	-75	-803.0	524.0
54660	2012-02-14 10:17:00	2012-02-14 10:23:00	2012-02-14 10:27:00	B2.8	11416.0	POINT(33 -17)	-17	33	512.0	-194.0
54670	2012-02-14 11:31:00	2012-02-14 11:43:00	2012-02-14 11:51:00	B3.3	11419.0	POINT(33 -17)	-17	33	516.0	-196.0
54680	2012-02-14 18:53:00	2012-02-14 18:57:00	2012-02-14 19:00:00	B3.5	11417.0	POINT(-11 18)	18	-11	-182.0	412.0
54690	2012-02-14 22:06:00	2012-02-14 22:27:00	2012-02-14 22:54:00	B2.6		POINT(38 -16)	-16	38	582.0	-192.0
54700	2012-02-14 23:07:00	2012-02-14 23:24:00	2012-02-14 23:37:00	B5.4	11417.0	POINT(-10 26)	26	-10	-164.0	530.0
54710	2012-02-15 01:15:00	2012-02-15 01:26:00	2012-02-15 01:35:00	B3.3		POINT(39 -16)	-16	39	597.0	-194.0
54720	2012-02-15 07:40:00	2012-02-15 07:45:00	2012-02-15 07:51:00	B4.0		POINT(43 -16)	-16	43	638.0	-200.0
54730	2012-02-15 15:18:00	2012-02-15 15:49:00	2012-02-15 16:25:00	B2.4		POINT(-1 17)	17	-1	-26.0	398.0
54740	2012-02-17 03:52:00	2012-02-17 03:58:00	2012-02-17 04:20:00	B2.7		POINT(21 18)	18	21	338.0	407.0
54750	2012-02-17 11:52:00	2012-02-17 12:03:00	2012-02-17 12:18:00	B2.7		POINT(-22 10)	10	-22	-366.0	284.0
54760	2012-02-18 04:48:00	2012-02-18 05:12:00	2012-02-18 05:22:00	B4.0		POINT(35 17)	17	35	539.0	378.0
54770	2012-02-18 09:02:00	2012-02-18 09:24:00	2012-02-18 09:51:00	B2.5		POINT(67 -26)	-26	67	806.0	-384.0
54780	2012-02-18 09:53:00	2012-02-18 10:15:00	2012-02-18 10:40:00	B3.0		POINT(-1 30)	30	-1	-23.0	592.0
54790	2012-02-18 13:12:00	2012-02-18 13:16:00	2012-02-18 13:21:00	B3.7		POINT(-67 15)	15	-67	-865.0	307.0
54800	2012-02-18 18:38:00	2012-02-18 18:46:00	2012-02-18 18:54:00	B2.8		POINT(-66 18)	18	-66	-846.0	347.0
54810	2012-02-18 18:56:00	2012-02-18 19:06:00	2012-02-18 19:18:00	B3.4		POINT(-68 16)	16	-68	-864.0	323.0
54820	2012-02-18 19:24:00	2012-02-18 19:30:00	2012-02-18 19:34:00	B3.2		POINT(-17 15)	15	-17	-278.0	368.0
54830	2012-02-19 02:55:00	2012-02-19 03:13:00	2012-02-19 03:28:00	B4.1		POINT(-62 17)	17	-62	-820.0	344.0
54840	2012-02-19 08:41:00	2012-02-19 08:51:00	2012-02-19 09:00:00	C1.0	11422.0	POINT(-11 17)	17	-11	-192.0	403.0
54850	2012-02-19 18:18:00	2012-02-19 18:21:00	2012-02-19 18:28:00	B3.1	11422.0	POINT(-3 14)	14	-3	-65.0	361.0
54860	2012-02-19 18:56:00	2012-02-19 19:00:00	2012-02-19 19:02:00	B3.6	11422.0	POINT(-4 14)	14	-4	-78.0	357.0
54870	2012-02-19 19:46:00	2012-02-19 19:49:00	2012-02-19 19:55:00	B3.7	11422.0	POINT(-4 13)	13	-4	-66.0	347.0
54880	2012-02-20 01:41:00	2012-02-20 01:45:00	2012-02-20 01:58:00	B7.2	11422.0	POINT(86 -24)	-24	86	879.0	-396.0
54890	2012-02-20 03:39:00	2012-02-20 03:46:00	2012-02-20 03:52:00	C1.1	11422.0	POINT(1 14)	14	1	20.0	353.0
54900	2012-02-20 04:41:00	2012-02-20 05:09:00	2012-02-20 05:35:00	C4.1	11421.0	POINT(-49 19)	19	-49	-696.0	389.0
54910	2012-02-20 11:20:00	2012-02-20 11:27:00	2012-02-20 11:32:00	C1.1	11422.0	POINT(4 13)	13	4	78.0	338.0
54920	2012-02-20 12:48:00	2012-02-20 13:38:00	2012-02-20 14:00:00	B7.7		POINT(3 14)	14	3	64.0	351.0
54930	2012-02-20 19:11:00	2012-02-20 19:44:00	2012-02-20 20:15:00	B4.9		POINT(86 -26)	-26	86	879.0	-450.0
54940	2012-02-20 23:39:00	2012-02-20 23:45:00	2012-02-20 23:53:00	B9.3	11422.0	POINT(10 12)	12	10	176.0	323.0
54950	2012-02-21 03:58:00	2012-02-21 04:22:00	2012-02-21 05:00:00	B4.3		POINT(13 15)	15	13	213.0	372.0
54960	2012-02-21 11:42:00	2012-02-21 11:48:00	2012-02-21 11:55:00	C1.0	11422.0	POINT(16 15)	15	16	264.0	374.0
54970	2012-02-21 19:32:00	2012-02-21 19:37:00	2012-02-21 19:41:00	B5.0	11422.0	POINT(21 14)	14	21	341.0	353.0
54980	2012-02-21 20:37:00	2012-02-21 20:41:00	2012-02-21 20:45:00	B4.5	11422.0	POINT(21 19)	19	21	334.0	424.0
54990	2012-02-21 21:53:00	2012-02-21 22:13:00	2012-02-21 22:45:00	B4.3		POINT(-87 16)	16	-87	-946.0	290.0
55000	2012-02-22 22:50:00	2012-02-22 23:12:00	2012-02-22 23:22:00	B3.3		POINT(36 15)	15	36	561.0	350.0
55010	2012-02-23 07:50:00	2012-02-23 08:50:00	2012-02-23 09:20:00	B6.4		POINT(-79 20)	20	-79	-889.0	365.0
55020	2012-02-23 11:46:00	2012-02-23 11:55:00	2012-02-23 12:04:00	B4.7		POINT(-1 15)	15	-1	-26.0	372.0
55030	2012-02-24 00:45:00	2012-02-24 00:49:00	2012-02-24 00:55:00	B4.5		POINT(-88 10)	10	-88	-962.0	188.0
55040	2012-02-24 13:21:00	2012-02-24 13:24:00	2012-02-24 13:30:00	B4.7		POINT(-88 11)	11	-88	-959.0	201.0
55050	2012-02-24 15:25:00	2012-02-24 15:52:00	2012-02-24 16:20:00	B4.2		POINT(-88 11)	11	-88	-960.0	205.0
55060	2012-02-25 14:20:00	2012-02-25 15:00:00	2012-02-25 15:25:00	B5.9	11424.0	POINT(-87 14)	14	-87	-963.0	257.0
55070	2012-02-25 15:53:00	2012-02-25 15:56:00	2012-02-25 15:58:00	B4.6	11424.0	POINT(72 14)	14	72	893.0	282.0
55080	2012-02-25 20:46:00	2012-02-25 20:50:00	2012-02-25 20:58:00	B4.0		POINT(30 14)	14	30	483.0	340.0
55090	2012-02-25 22:05:00	2012-02-25 22:11:00	2012-02-25 22:16:00	B4.8		POINT(79 18)	18	79	903.0	328.0
55100	2012-02-26 02:11:00	2012-02-26 02:15:00	2012-02-26 02:18:00	B4.2	11422.0	POINT(76 14)	14	76	912.0	266.0
55110	2012-02-26 04:07:00	2012-02-26 04:10:00	2012-02-26 04:14:00	B3.5		POINT(-24 10)	10	-24	-401.0	279.0
55120	2012-02-26 05:03:00	2012-02-26 05:13:00	2012-02-26 05:20:00	B3.8		POINT(-24 10)	10	-24	-392.0	281.0
55130	2012-02-26 05:45:00	2012-02-26 06:44:00	2012-02-26 07:20:00	B6.4		POINT(87 18)	18	87	954.0	330.0
55140	2012-02-26 09:09:00	2012-02-26 09:55:00	2012-02-26 10:33:00	B5.2		POINT(-45 20)	20	-45	-645.0	418.0
55150	2012-02-26 11:19:00	2012-02-26 11:25:00	2012-02-26 11:34:00	C1.3	11421.0	POINT(39 14)	14	39	593.0	336.0
55160	2012-02-26 21:35:00	2012-02-26 21:41:00	2012-02-26 21:49:00	C2.3	11421.0	POINT(45 14)	14	45	668.0	327.0
55170	2012-02-26 23:29:00	2012-02-26 23:33:00	2012-02-26 23:35:00	B7.0	11422.0	POINT(-88 -13)	-13	-88	-950.0	-233.0
55180	2012-02-27 13:40:00	2012-02-27 16:04:00	2012-02-27 16:45:00	B5.3		POINT(87 17)	17	87	960.0	300.0
55190	2012-02-27 18:06:00	2012-02-27 18:13:00	2012-02-27 18:22:00	B9.9		POINT(-43 10)	10	-43	-653.0	260.0
55200	2012-02-28 00:06:00	2012-02-28 00:19:00	2012-02-28 00:32:00	B6.6		POINT(0 12)	12	0	-1.0	320.0
55210	2012-02-28 05:01:00	2012-02-28 05:11:00	2012-02-28 05:23:00	B2.3		POINT(-36 10)	10	-36	-568.0	266.0
55220	2012-02-28 07:57:00	2012-02-28 08:07:00	2012-02-28 08:20:00	B6.7		POINT(-34 9)	9	-34	-539.0	266.0
55230	2012-02-28 14:36:00	2012-02-28 15:17:00	2012-02-28 15:40:00	B2.6		POINT(-31 9)	9	-31	-494.0	265.0
55240	2012-02-28 21:18:00	2012-02-28 23:26:00	2012-02-28 23:40:00	B2.9		POINT(-5 20)	20	-5	-91.0	458.0
55250	2012-02-28 23:43:00	2012-02-28 23:48:00	2012-02-28 23:59:00	B2.7		POINT(43 -15)	-15	43	641.0	-170.0
55260	2012-02-29 07:33:00	2012-02-29 07:38:00	2012-02-29 07:41:00	B5.3		POINT(-25 13)	13	-25	-401.0	336.0
55270	2012-02-29 14:25:00	2012-02-29 14:28:00	2012-02-29 14:34:00	B2.4	11423.0	POINT(6 15)	15	6	101.0	374.0
55280	2012-02-29 15:20:00	2012-02-29 15:25:00	2012-02-29 15:55:00	B4.3		POINT(-20 13)	13	-20	-338.0	334.0
55290	2012-02-29 21:15:00	2012-02-29 21:22:00	2012-02-29 21:28:00	B8.6	11427.0	POINT(-18 14)	14	-18	-299.0	355.0
55300	2012-02-29 22:34:00	2012-02-29 22:40:00	2012-02-29 22:51:00	B9.2	11427.0	POINT(-15 13)	13	-15	-255.0	345.0
55310	2012-03-01 08:52:00	2012-03-01 10:10:00	2012-03-01 11:16:00	B5.5	11427.0	POINT(-10 8)	8	-10	-182.0	258.0
55320	2012-03-01 15:10:00	2012-03-01 15:15:00	2012-03-01 15:26:00	C3.3	11423.0	POINT(12 20)	20	12	192.0	442.0
55330	2012-03-01 20:40:00	2012-03-01 21:44:00	2012-03-01 21:58:00	B5.9		POINT(0 14)	14	0	0.0	363.0
55340	2012-03-02 03:09:00	2012-03-02 03:13:00	2012-03-02 03:21:00	B4.1		POINT(-87 17)	17	-87	-923.0	297.0
55350	2012-03-02 05:24:00	2012-03-02 05:38:00	2012-03-02 06:10:00	B5.8		POINT(-87 17)	17	-87	-932.0	299.0
55360	2012-03-02 17:29:00	2012-03-02 17:46:00	2012-03-02 18:07:00	M3.3	11429.0	POINT(-87 18)	18	-87	-932.0	311.0
55370	2012-03-02 23:37:00	2012-03-02 23:43:00	2012-03-02 23:43:00	B7.7		POINT(-87 18)	18	-87	-925.0	310.0
55380	2012-03-03 00:56:00	2012-03-03 01:02:00	2012-03-03 01:27:00	C1.4		POINT(-87 18)	18	-87	-922.0	320.0
55390	2012-03-03 03:01:00	2012-03-03 03:08:00	2012-03-03 03:11:00	C1.3	11427.0	POINT(17 14)	14	17	282.0	358.0
55400	2012-03-03 05:15:00	2012-03-03 05:20:00	2012-03-03 05:25:00	C1.2		POINT(-87 19)	19	-87	-915.0	321.0
55410	2012-03-03 05:34:00	2012-03-03 06:09:00	2012-03-03 06:37:00	C2.8	11429.0	POINT(-87 19)	19	-87	-929.0	326.0
55420	2012-03-03 15:12:00	2012-03-03 15:15:00	2012-03-03 15:17:00	B3.8		POINT(-57 -18)	-18	-57	-777.0	-237.0
55430	2012-03-03 17:56:00	2012-03-03 18:03:00	2012-03-03 18:05:00	C1.1	11429.0	POINT(-73 17)	17	-73	-882.0	327.0
55440	2012-03-03 18:13:00	2012-03-03 19:48:00	2012-03-03 20:46:00	C1.9	11429.0	POINT(-87 18)	18	-87	-932.0	321.0
55450	2012-03-04 00:30:00	2012-03-04 00:34:00	2012-03-04 00:37:00	B7.0		POINT(-68 16)	16	-68	-862.0	317.0
55460	2012-03-04 01:40:00	2012-03-04 01:45:00	2012-03-04 01:48:00	C1.4	11429.0	POINT(-70 18)	18	-70	-865.0	349.0
55470	2012-03-04 02:05:00	2012-03-04 02:10:00	2012-03-04 02:13:00	B7.2	11429.0	POINT(-70 18)	18	-70	-866.0	348.0
55480	2012-03-04 03:28:00	2012-03-04 03:33:00	2012-03-04 03:38:00	C2.8	11429.0	POINT(-69 18)	18	-69	-861.0	348.0
55490	2012-03-04 06:44:00	2012-03-04 06:45:00	2012-03-04 06:59:00	C1.3	11429.0	POINT(-66 16)	16	-66	-849.0	324.0
55500	2012-03-04 10:29:00	2012-03-04 10:52:00	2012-03-04 12:16:00	M2.0	11429.0	POINT(-65 16)	16	-65	-844.0	324.0
55510	2012-03-04 17:24:00	2012-03-04 17:31:00	2012-03-04 17:35:00	C3.2	11427.0	POINT(39 13)	13	39	597.0	319.0
55520	2012-03-05 00:23:00	2012-03-05 00:36:00	2012-03-05 00:47:00	C3.4	11429.0	POINT(-57 17)	17	-57	-775.0	355.0
55530	2012-03-05 00:58:00	2012-03-05 01:06:00	2012-03-05 01:19:00	C4.7	11430.0	POINT(-57 18)	18	-57	-780.0	359.0
55540	2012-03-05 02:30:00	2012-03-05 04:05:00	2012-03-05 04:43:00	X1.1	11429.0	POINT(-58 19)	19	-58	-780.0	379.0
55550	2012-03-05 10:29:00	2012-03-05 10:32:00	2012-03-05 10:36:00	C2.3	11429.0	POINT(-50 16)	16	-50	-717.0	353.0
55560	2012-03-05 12:05:00	2012-03-05 12:13:00	2012-03-05 12:21:00	C5.8	11429.0	POINT(-49 16)	16	-49	-704.0	352.0
55570	2012-03-05 14:26:00	2012-03-05 14:29:00	2012-03-05 14:33:00	C1.2		POINT(-47 16)	16	-47	-684.0	352.0
55580	2012-03-05 14:54:00	2012-03-05 15:00:00	2012-03-05 15:09:00	C5.4	11429.0	POINT(-47 16)	16	-47	-680.0	359.0
55590	2012-03-05 15:24:00	2012-03-05 15:29:00	2012-03-05 15:33:00	C7.8	11429.0	POINT(-47 16)	16	-47	-683.0	353.0
55600	2012-03-05 16:16:00	2012-03-05 16:22:00	2012-03-05 16:26:00	C9.8	11429.0	POINT(-46 16)	16	-46	-671.0	357.0
55610	2012-03-05 16:44:00	2012-03-05 16:45:00	2012-03-05 16:52:00	C4.6	11429.0	POINT(-46 16)	16	-46	-675.0	359.0
55620	2012-03-05 17:25:00	2012-03-05 17:28:00	2012-03-05 17:38:00	C1.5		POINT(-46 16)	16	-46	-669.0	350.0
55630	2012-03-05 18:33:00	2012-03-05 18:37:00	2012-03-05 18:41:00	C6.8	11429.0	POINT(-45 16)	16	-45	-659.0	356.0
55640	2012-03-05 19:10:00	2012-03-05 19:16:00	2012-03-05 19:21:00	M2.1	11429.0	POINT(-45 16)	16	-45	-660.0	353.0
55650	2012-03-05 19:27:00	2012-03-05 19:30:00	2012-03-05 19:32:00	M1.8	11429.0	POINT(-45 16)	16	-45	-663.0	360.0
55660	2012-03-05 20:10:00	2012-03-05 20:15:00	2012-03-05 20:17:00	C1.7	11429.0	POINT(-43 16)	16	-43	-644.0	360.0
55670	2012-03-05 22:26:00	2012-03-05 22:34:00	2012-03-05 22:42:00	M1.3	11429.0	POINT(-43 16)	16	-43	-638.0	359.0
55680	2012-03-05 22:53:00	2012-03-05 22:56:00	2012-03-05 22:59:00	C2.5	11429.0	POINT(-41 17)	17	-41	-609.0	371.0
55690	2012-03-05 23:17:00	2012-03-05 23:20:00	2012-03-05 23:25:00	C1.6	11429.0	POINT(-40 15)	15	-40	-612.0	348.0
55700	2012-03-05 23:53:00	2012-03-06 00:04:00	2012-03-06 00:09:00	C2.4	11429.0	POINT(-43 17)	17	-43	-641.0	375.0
55710	2012-03-06 00:22:00	2012-03-06 00:28:00	2012-03-06 00:31:00	M1.3	11429.0	POINT(-42 16)	16	-42	-627.0	357.0
55720	2012-03-06 01:13:00	2012-03-06 01:18:00	2012-03-06 01:25:00	C3.5		POINT(-40 16)	16	-40	-608.0	363.0
55730	2012-03-06 01:36:00	2012-03-06 01:44:00	2012-03-06 01:50:00	M1.2	11429.0	POINT(-41 16)	16	-41	-612.0	362.0
55740	2012-03-06 02:26:00	2012-03-06 02:30:00	2012-03-06 02:37:00	C2.4	11429.0	POINT(-42 16)	16	-42	-625.0	365.0
55750	2012-03-06 02:26:00	2012-03-06 02:33:00	2012-03-06 02:37:00	C2.4	11429.0	POINT(-41 16)	16	-41	-620.0	362.0
55760	2012-03-06 03:24:00	2012-03-06 03:28:00	2012-03-06 03:31:00	C9.2	11429.0	POINT(-39 16)	16	-39	-586.0	362.0
55770	2012-03-06 04:01:00	2012-03-06 04:05:00	2012-03-06 04:08:00	M1.0	11429.0	POINT(-39 16)	16	-39	-596.0	360.0
55780	2012-03-06 05:19:00	2012-03-06 05:28:00	2012-03-06 05:31:00	C2.9	11429.0	POINT(-43 20)	20	-43	-624.0	413.0
55790	2012-03-06 05:48:00	2012-03-06 05:52:00	2012-03-06 05:58:00	C3.0		POINT(-24 21)	21	-24	-375.0	450.0
55800	2012-03-06 06:47:00	2012-03-06 06:50:00	2012-03-06 06:53:00	C2.6		POINT(-38 16)	16	-38	-579.0	363.0
55810	2012-03-06 07:31:00	2012-03-06 07:43:00	2012-03-06 07:47:00	C5.3	11429.0	POINT(-37 16)	16	-37	-563.0	364.0
55820	2012-03-06 07:52:00	2012-03-06 07:55:00	2012-03-06 08:00:00	M1.0	11429.0	POINT(-40 17)	17	-40	-597.0	374.0
55830	2012-03-06 11:10:00	2012-03-06 11:17:00	2012-03-06 11:22:00	C2.8	11429.0	POINT(-36 16)	16	-36	-545.0	375.0
55840	2012-03-06 12:23:00	2012-03-06 12:41:00	2012-03-06 12:54:00	M2.1	11429.0	POINT(-40 21)	21	-40	-584.0	436.0
55850	2012-03-06 16:45:00	2012-03-06 16:50:00	2012-03-06 16:54:00	C4.2		POINT(-32 17)	17	-32	-502.0	386.0
55860	2012-03-06 17:17:00	2012-03-06 17:20:00	2012-03-06 17:22:00	C1.5		POINT(-33 16)	16	-33	-514.0	374.0
55870	2012-03-06 19:43:00	2012-03-06 19:46:00	2012-03-06 19:49:00	C2.7		POINT(-17 21)	21	-17	-273.0	458.0
55880	2012-03-06 21:04:00	2012-03-06 21:11:00	2012-03-06 21:14:00	M1.3		POINT(-30 16)	16	-30	-468.0	373.0
55890	2012-03-06 21:52:00	2012-03-06 21:56:00	2012-03-06 22:11:00	C1.8		POINT(-32 17)	17	-32	-498.0	394.0
55900	2012-03-06 22:49:00	2012-03-06 22:53:00	2012-03-06 23:11:00	M1.0	11429.0	POINT(-32 19)	19	-32	-495.0	410.0
55910	2012-03-07 00:02:00	2012-03-07 00:24:00	2012-03-07 00:40:00	X5.4	11429.0	POINT(-31 18)	18	-31	-485.0	397.0
55920	2012-03-07 01:05:00	2012-03-07 01:14:00	2012-03-07 01:23:00	X1.3	11430.0	POINT(-26 15)	15	-26	-419.0	364.0
55930	2012-03-07 04:33:00	2012-03-07 04:43:00	2012-03-07 05:00:00	C8.3		POINT(-11 22)	22	-11	-174.0	481.0
55940	2012-03-07 16:19:00	2012-03-07 16:22:00	2012-03-07 16:26:00	C1.6	11429.0	POINT(-20 16)	16	-20	-323.0	385.0
55950	2012-03-08 02:49:00	2012-03-08 02:53:00	2012-03-08 02:56:00	C7.2	11428.0	POINT(2 -16)	-16	2	48.0	-154.0
55960	2012-03-08 10:19:00	2012-03-08 10:23:00	2012-03-08 10:26:00	C1.7		POINT(3 24)	24	3	58.0	514.0
55970	2012-03-08 16:17:00	2012-03-08 16:23:00	2012-03-08 16:27:00	C1.1	11429.0	POINT(-7 17)	17	-7	-114.0	398.0
55980	2012-03-08 19:28:00	2012-03-08 19:31:00	2012-03-08 19:34:00	C2.0		POINT(-4 16)	16	-4	-74.0	393.0
55990	2012-03-08 19:58:00	2012-03-08 20:22:00	2012-03-08 20:33:00	C1.7		POINT(15 -16)	-16	15	252.0	-166.0
56000	2012-03-08 23:22:00	2012-03-08 23:27:00	2012-03-08 23:31:00	C1.4		POINT(12 21)	21	12	192.0	465.0
56010	2012-03-09 00:34:00	2012-03-09 00:37:00	2012-03-09 00:46:00	C1.0		POINT(-1 17)	17	-1	-20.0	402.0
56020	2012-03-09 01:23:00	2012-03-09 01:28:00	2012-03-09 01:34:00	C2.0		POINT(-1 16)	16	-1	-18.0	393.0
56030	2012-03-09 01:55:00	2012-03-09 02:00:00	2012-03-09 02:06:00	C4.7		POINT(-1 16)	16	-1	-23.0	390.0
56040	2012-03-09 03:01:00	2012-03-09 03:04:00	2012-03-09 03:08:00	C1.2		POINT(-82 15)	15	-82	-920.0	278.0
56050	2012-03-09 03:22:00	2012-03-09 03:53:00	2012-03-09 04:18:00	M6.3	11429.0	POINT(3 15)	15	3	55.0	380.0
56060	2012-03-09 10:20:00	2012-03-09 10:23:00	2012-03-09 10:26:00	C2.7		POINT(78 -28)	-28	78	833.0	-431.0
56070	2012-03-09 16:02:00	2012-03-09 16:06:00	2012-03-09 16:10:00	C1.5		POINT(82 -26)	-26	82	855.0	-419.0
56080	2012-03-09 16:12:00	2012-03-09 16:17:00	2012-03-09 16:26:00	C2.0	11430.0	POINT(21 18)	18	21	343.0	417.0
56090	2012-03-09 18:00:00	2012-03-09 18:03:00	2012-03-09 18:05:00	C1.8		POINT(4 20)	20	4	64.0	448.0
56100	2012-03-09 19:59:00	2012-03-09 20:25:00	2012-03-09 20:49:00	C9.7	11432.0	POINT(-79 17)	17	-79	-905.0	307.0
56110	2012-03-09 21:45:00	2012-03-09 21:50:00	2012-03-09 21:56:00	C5.1	11428.0	POINT(27 -19)	-19	27	422.0	-220.0
56120	2012-03-10 00:19:00	2012-03-10 01:19:00	2012-03-10 01:45:00	C3.8	11432.0	POINT(-68 15)	15	-68	-868.0	302.0
56130	2012-03-10 02:33:00	2012-03-10 02:39:00	2012-03-10 02:45:00	C3.5	11429.0	POINT(13 17)	17	13	213.0	401.0
56140	2012-03-10 04:43:00	2012-03-10 04:46:00	2012-03-10 04:50:00	C1.1		POINT(-65 15)	15	-65	-849.0	300.0
56150	2012-03-10 05:50:00	2012-03-10 05:55:00	2012-03-10 06:01:00	C1.8		POINT(32 -19)	-19	32	494.0	-221.0
56160	2012-03-10 06:53:00	2012-03-10 07:02:00	2012-03-10 07:06:00	C1.9	11428.0	POINT(-13 -62)	-62	-13	-100.0	-800.0
56170	2012-03-10 07:31:00	2012-03-10 07:46:00	2012-03-10 08:01:00	C1.9	11429.0	POINT(18 17)	17	18	288.0	393.0
56180	2012-03-10 08:02:00	2012-03-10 08:05:00	2012-03-10 08:09:00	C2.0		POINT(86 -26)	-26	86	861.0	-440.0
56190	2012-03-10 13:22:00	2012-03-10 13:26:00	2012-03-10 13:29:00	C1.2	11432.0	POINT(-59 15)	15	-59	-807.0	312.0
56200	2012-03-10 14:43:00	2012-03-10 15:52:00	2012-03-10 16:16:00	C8.0	11430.0	POINT(36 18)	18	36	550.0	390.0
56210	2012-03-10 17:15:00	2012-03-10 17:44:00	2012-03-10 18:30:00	M8.4	11429.0	POINT(24 17)	17	24	377.0	390.0
56220	2012-03-11 03:21:00	2012-03-11 03:23:00	2012-03-11 03:26:00	C2.3	11429.0	POINT(23 19)	19	23	356.0	428.0
56230	2012-03-11 04:26:00	2012-03-11 04:28:00	2012-03-11 04:32:00	C1.6	11428.0	POINT(47 -16)	-16	47	680.0	-197.0
56240	2012-03-11 06:38:00	2012-03-11 06:44:00	2012-03-11 06:46:00	C1.2		POINT(16 -47)	-47	16	182.0	-633.0
56250	2012-03-11 07:23:00	2012-03-11 07:28:00	2012-03-11 07:35:00	C1.0		POINT(-13 -82)	-82	-13	-32.0	1085.0
56260	2012-03-11 10:58:00	2012-03-11 11:03:00	2012-03-11 11:13:00	B9.6	11433.0	POINT(-77 15)	15	-77	-906.0	284.0
56270	2012-03-11 13:59:00	2012-03-11 14:02:00	2012-03-11 14:04:00	B8.8		POINT(-71 14)	14	-71	-887.0	270.0
56280	2012-03-12 00:07:00	2012-03-12 00:11:00	2012-03-12 00:14:00	C1.4		POINT(-38 14)	14	-38	-587.0	336.0
56290	2012-03-12 01:34:00	2012-03-12 01:55:00	2012-03-12 02:08:00	C2.3	11430.0	POINT(55 18)	18	55	751.0	374.0
56300	2012-03-12 10:50:00	2012-03-12 10:55:00	2012-03-12 11:01:00	B8.8	11433.0	POINT(-57 12)	12	-57	-795.0	263.0
56310	2012-03-12 11:57:00	2012-03-12 12:09:00	2012-03-12 12:19:00	C1.6	11432.0	POINT(-36 12)	12	-36	-566.0	308.0
56320	2012-03-12 22:20:00	2012-03-12 23:00:00	2012-03-12 23:09:00	C1.5	11430.0	POINT(52 19)	19	52	724.0	384.0
56330	2012-03-13 01:45:00	2012-03-13 01:50:00	2012-03-13 01:56:00	C1.2	11433.0	POINT(-48 11)	11	-48	-710.0	277.0
56340	2012-03-13 06:55:00	2012-03-13 08:00:00	2012-03-13 08:35:00	C3.1	11429.0	POINT(57 20)	20	57	760.0	401.0
56350	2012-03-13 17:12:00	2012-03-13 17:30:00	2012-03-13 17:41:00	M7.9	11429.0	POINT(66 17)	17	66	839.0	342.0
56360	2012-03-14 15:08:00	2012-03-14 15:21:00	2012-03-14 15:36:00	M2.8	11432.0	POINT(-5 13)	13	-5	-86.0	338.0
56370	2012-03-15 01:27:00	2012-03-15 01:34:00	2012-03-15 01:39:00	C1.1	11429.0	POINT(86 21)	21	86	894.0	364.0
56380	2012-03-15 05:01:00	2012-03-15 05:47:00	2012-03-15 06:40:00	B8.1		POINT(87 -17)	-17	87	975.0	-314.0
56390	2012-03-15 07:23:00	2012-03-15 07:52:00	2012-03-15 08:08:00	M1.8	11432.0	POINT(3 14)	14	3	52.0	354.0
56400	2012-03-15 14:04:00	2012-03-15 14:10:00	2012-03-15 14:15:00	C1.1	11429.0	POINT(87 17)	17	87	923.0	300.0
56410	2012-03-15 18:51:00	2012-03-15 18:57:00	2012-03-15 19:00:00	B6.7	11429.0	POINT(86 21)	21	86	900.0	353.0
56420	2012-03-16 02:21:00	2012-03-16 02:31:00	2012-03-16 02:43:00	C1.2	11432.0	POINT(18 14)	14	18	298.0	347.0
56430	2012-03-16 03:03:00	2012-03-16 03:09:00	2012-03-16 03:17:00	B9.2	11433.0	POINT(-6 14)	14	-6	-111.0	354.0
56440	2012-03-16 07:46:00	2012-03-16 07:50:00	2012-03-16 07:53:00	B5.5	11433.0	POINT(-5 14)	14	-5	-89.0	356.0
56450	2012-03-16 08:24:00	2012-03-16 08:28:00	2012-03-16 08:33:00	B6.4		POINT(17 18)	18	17	278.0	414.0
56460	2012-03-16 12:34:00	2012-03-16 12:40:00	2012-03-16 12:45:00	C1.1	11432.0	POINT(18 14)	14	18	302.0	345.0
56470	2012-03-16 13:14:00	2012-03-16 13:18:00	2012-03-16 13:21:00	B8.8		POINT(-69 -12)	-12	-69	-884.0	-161.0
56480	2012-03-16 17:05:00	2012-03-16 17:38:00	2012-03-16 18:00:00	C1.8	11432.0	POINT(26 15)	15	26	417.0	365.0
56490	2012-03-16 20:51:00	2012-03-16 21:08:00	2012-03-16 21:21:00	B6.0		POINT(24 14)	14	24	390.0	338.0
56500	2012-03-17 03:00:00	2012-03-17 03:12:00	2012-03-17 03:18:00	C1.0	11432.0	POINT(31 14)	14	31	494.0	340.0
56510	2012-03-17 08:33:00	2012-03-17 11:20:00	2012-03-17 11:59:00	B3.8		POINT(29 -27)	-27	29	417.0	-353.0
56520	2012-03-17 18:04:00	2012-03-17 18:14:00	2012-03-17 18:25:00	B6.0		POINT(39 14)	14	39	597.0	325.0
56530	2012-03-17 20:32:00	2012-03-17 20:39:00	2012-03-17 20:42:00	M1.3	11434.0	POINT(25 -20)	-20	25	383.0	-236.0
56540	2012-03-17 23:20:00	2012-03-17 23:28:00	2012-03-17 23:41:00	B8.1		POINT(87 19)	19	87	918.0	332.0
56550	2012-03-18 02:28:00	2012-03-18 02:37:00	2012-03-18 02:44:00	C1.9	11434.0	POINT(28 -20)	-20	28	434.0	-241.0
56560	2012-03-18 08:07:00	2012-03-18 08:18:00	2012-03-18 08:32:00	B8.6	11432.0	POINT(48 16)	16	48	690.0	346.0
56570	2012-03-18 19:39:00	2012-03-18 19:42:00	2012-03-18 19:47:00	B4.4	11432.0	POINT(38 -20)	-20	38	557.0	-254.0
56580	2012-03-18 21:35:00	2012-03-18 21:38:00	2012-03-18 21:45:00	B2.9		POINT(37 -19)	-19	37	557.0	-235.0
56590	2012-03-18 22:25:00	2012-03-18 22:28:00	2012-03-18 22:32:00	B3.0	11434.0	POINT(39 -20)	-20	39	578.0	-254.0
56600	2012-03-18 23:35:00	2012-03-18 23:36:00	2012-03-18 23:43:00	B3.4	11434.0	POINT(-88 -14)	-14	-88	-947.0	-243.0
56610	2012-03-19 00:05:00	2012-03-19 00:08:00	2012-03-19 00:10:00	B3.5		POINT(49 -25)	-25	49	663.0	-351.0
56620	2012-03-19 00:24:00	2012-03-19 00:29:00	2012-03-19 00:31:00	B5.7	11434.0	POINT(41 -20)	-20	41	602.0	-251.0
56630	2012-03-19 02:13:00	2012-03-19 02:19:00	2012-03-19 02:23:00	B7.1	11434.0	POINT(42 -20)	-20	42	606.0	-256.0
56640	2012-03-19 02:28:00	2012-03-19 02:31:00	2012-03-19 02:35:00	B5.9	11434.0	POINT(42 -22)	-22	42	606.0	-288.0
56650	2012-03-19 03:41:00	2012-03-19 03:45:00	2012-03-19 03:48:00	B7.0	11434.0	POINT(43 -20)	-20	43	620.0	-260.0
56660	2012-03-19 04:37:00	2012-03-19 04:41:00	2012-03-19 04:44:00	B9.8	11434.0	POINT(43 -20)	-20	43	622.0	-254.0
56670	2012-03-19 08:32:00	2012-03-19 11:02:00	2012-03-19 11:07:00	B3.9		POINT(59 14)	14	59	802.0	305.0
56680	2012-03-19 12:48:00	2012-03-19 13:07:00	2012-03-19 13:15:00	B5.5		POINT(62 15)	15	62	827.0	303.0
56690	2012-03-19 13:41:00	2012-03-19 13:51:00	2012-03-19 13:51:00	C1.2	11432.0	POINT(64 15)	15	64	842.0	303.0
56700	2012-03-19 17:06:00	2012-03-19 17:09:00	2012-03-19 17:11:00	B4.0		POINT(63 14)	14	63	833.0	297.0
56710	2012-03-19 21:55:00	2012-03-19 22:04:00	2012-03-19 22:16:00	C3.5	11434.0	POINT(49 -22)	-22	49	680.0	-290.0
56720	2012-03-20 01:47:00	2012-03-20 01:51:00	2012-03-20 01:54:00	B4.1		POINT(57 -23)	-23	57	745.0	-317.0
56730	2012-03-20 14:50:00	2012-03-20 14:54:00	2012-03-20 14:57:00	B4.3	11438.0	POINT(4 -27)	-27	4	70.0	-330.0
56740	2012-03-20 23:43:00	2012-03-20 23:50:00	2012-03-20 23:50:00	C1.1	11438.0	POINT(87 17)	17	87	924.0	287.0
56750	2012-03-21 03:20:00	2012-03-21 03:25:00	2012-03-21 03:32:00	B5.1	11432.0	POINT(88 13)	13	88	938.0	230.0
56760	2012-03-21 06:25:00	2012-03-21 06:28:00	2012-03-21 06:31:00	B3.7	11434.0	POINT(-10 -83)	-83	-10	-23.0	1082.0
56770	2012-03-21 06:32:00	2012-03-21 06:44:00	2012-03-21 06:52:00	B9.5	11434.0	POINT(-16 -80)	-80	-16	-42.0	-926.0
56780	2012-03-21 09:55:00	2012-03-21 10:03:00	2012-03-21 10:12:00	B9.4		POINT(18 -26)	-26	18	270.0	-335.0
56790	2012-03-21 12:38:00	2012-03-21 12:52:00	2012-03-21 13:01:00	C2.9	11440.0	POINT(20 -26)	-26	20	300.0	-333.0
56800	2012-03-21 13:54:00	2012-03-21 13:59:00	2012-03-21 14:04:00	C1.2	11440.0	POINT(20 -26)	-26	20	301.0	-332.0
56810	2012-03-21 15:42:00	2012-03-21 15:50:00	2012-03-21 15:56:00	C1.1	11440.0	POINT(22 -26)	-26	22	324.0	-338.0
56820	2012-03-21 18:07:00	2012-03-21 18:11:00	2012-03-21 18:17:00	B6.7		POINT(87 -25)	-25	87	870.0	-411.0
56830	2012-03-22 17:39:00	2012-03-22 17:50:00	2012-03-22 17:56:00	C1.1	11440.0	POINT(86 -26)	-26	86	873.0	-431.0
56840	2012-03-23 16:31:00	2012-03-23 16:35:00	2012-03-23 16:43:00	C6.5		POINT(-87 -22)	-22	-87	-894.0	-371.0
56850	2012-03-23 19:34:00	2012-03-23 19:40:00	2012-03-23 19:44:00	M1.0	11445.0	POINT(-87 -23)	-23	-87	-881.0	-374.0
56860	2012-03-23 21:49:00	2012-03-23 21:54:00	2012-03-23 21:58:00	B7.0		POINT(-87 -23)	-23	-87	-885.0	-392.0
56870	2012-03-23 22:26:00	2012-03-23 22:29:00	2012-03-23 22:31:00	B5.8		POINT(69 -29)	-29	69	783.0	-440.0
56880	2012-03-23 23:26:00	2012-03-23 23:29:00	2012-03-23 23:31:00	B3.8		POINT(-87 -23)	-23	-87	-884.0	-380.0
56890	2012-03-24 08:39:00	2012-03-24 09:01:00	2012-03-24 09:35:00	C7.2	11445.0	POINT(-87 -24)	-24	-87	-889.0	-407.0
56900	2012-03-24 19:14:00	2012-03-24 19:17:00	2012-03-24 19:20:00	B3.7		POINT(-73 -22)	-22	-73	-851.0	-342.0
56910	2012-03-24 22:51:00	2012-03-24 22:55:00	2012-03-24 22:58:00	B3.6	11445.0	POINT(-69 -22)	-22	-69	-830.0	-333.0
56920	2012-03-25 00:15:00	2012-03-25 00:28:00	2012-03-25 00:38:00	C3.0	11444.0	POINT(-25 20)	20	-25	-395.0	436.0
56930	2012-03-25 01:38:00	2012-03-25 01:57:00	2012-03-25 02:20:00	C2.5	11445.0	POINT(-78 -24)	-24	-78	-860.0	-372.0
56940	2012-03-25 08:32:00	2012-03-25 08:59:00	2012-03-25 09:22:00	C1.2	11444.0	POINT(-19 19)	19	-19	-305.0	419.0
56950	2012-03-25 11:19:00	2012-03-25 11:57:00	2012-03-25 12:21:00	B9.0	11444.0	POINT(-14 20)	20	-14	-234.0	432.0
56960	2012-03-25 14:37:00	2012-03-25 14:58:00	2012-03-25 15:25:00	B5.8	11438.0	POINT(-52 -23)	-23	-52	-700.0	-318.0
56970	2012-03-26 02:50:00	2012-03-26 02:55:00	2012-03-26 02:58:00	B5.1	11438.0	POINT(0 -13)	-13	0	-15.0	-116.0
56980	2012-03-26 06:23:00	2012-03-26 06:42:00	2012-03-26 07:14:00	C1.4	11442.0	POINT(-33 -10)	-10	-33	-516.0	-87.0
56990	2012-03-26 11:17:00	2012-03-26 11:23:00	2012-03-26 11:37:00	B4.0	11446.0	POINT(-87 -18)	-18	-87	-921.0	-312.0
57000	2012-03-26 13:17:00	2012-03-26 13:20:00	2012-03-26 13:22:00	B4.0	11446.0	POINT(35 24)	24	35	512.0	474.0
57010	2012-03-26 15:30:00	2012-03-26 15:35:00	2012-03-26 15:38:00	B4.3	11442.0	POINT(-6 12)	12	-6	-102.0	310.0
57020	2012-03-26 16:43:00	2012-03-26 16:48:00	2012-03-26 16:55:00	B4.0	11442.0	POINT(-5 11)	11	-5	-90.0	309.0
57030	2012-03-26 23:32:00	2012-03-26 23:38:00	2012-03-26 23:40:00	C2.7	11442.0	POINT(-1 11)	11	-1	-24.0	309.0
57040	2012-03-27 02:50:00	2012-03-27 03:08:00	2012-03-27 03:22:00	C5.3	11444.0	POINT(2 20)	20	2	46.0	436.0
57050	2012-03-27 04:21:00	2012-03-27 04:30:00	2012-03-27 04:41:00	C1.7	11442.0	POINT(2 21)	21	2	38.0	459.0
57060	2012-03-27 06:09:00	2012-03-27 06:12:00	2012-03-27 06:15:00	B3.3	11442.0	POINT(45 -24)	-24	45	627.0	-326.0
57070	2012-03-27 06:27:00	2012-03-27 06:31:00	2012-03-27 06:35:00	B3.8	11444.0	POINT(0 -3)	-3	0	-12.0	62.0
57080	2012-03-27 11:32:00	2012-03-27 11:36:00	2012-03-27 11:39:00	B6.9	11442.0	POINT(5 12)	12	5	98.0	310.0
57090	2012-03-27 23:42:00	2012-03-27 23:45:00	2012-03-27 23:48:00	B5.6	11438.0	POINT(24 -14)	-14	24	389.0	-140.0
57100	2012-03-28 00:18:00	2012-03-28 00:25:00	2012-03-28 00:28:00	B7.9	11438.0	POINT(25 -13)	-13	25	403.0	-121.0
57110	2012-03-28 11:31:00	2012-03-28 11:34:00	2012-03-28 11:36:00	B4.7	11447.0	POINT(61 -28)	-28	61	740.0	-408.0
57120	2012-03-28 19:38:00	2012-03-28 19:42:00	2012-03-28 19:48:00	B6.8	11438.0	POINT(32 -15)	-15	32	500.0	-165.0
57130	2012-03-28 21:42:00	2012-03-28 21:58:00	2012-03-28 22:07:00	C1.4	11444.0	POINT(26 20)	20	26	397.0	431.0
57140	2012-03-29 08:30:00	2012-03-29 09:53:00	2012-03-29 09:55:00	C7.7	11451.0	POINT(-87 19)	19	-87	-911.0	326.0
57150	2012-03-29 11:46:00	2012-03-29 11:51:00	2012-03-29 11:54:00	C1.8	11447.0	POINT(73 -27)	-27	73	818.0	-416.0
57160	2012-03-29 12:36:00	2012-03-29 12:39:00	2012-03-29 12:43:00	C1.1	11451.0	POINT(74 -27)	-27	74	824.0	-407.0
57170	2012-03-29 13:12:00	2012-03-29 13:21:00	2012-03-29 13:23:00	C5.0	11451.0	POINT(-87 19)	19	-87	-914.0	326.0
57180	2012-03-29 16:35:00	2012-03-29 16:40:00	2012-03-29 16:42:00	C1.4	11451.0	POINT(-87 19)	19	-87	-908.0	332.0
57190	2012-03-29 18:23:00	2012-03-29 18:30:00	2012-03-29 18:34:00	B7.6		POINT(-87 20)	20	-87	-908.0	333.0
57200	2012-03-29 23:19:00	2012-03-29 23:23:00	2012-03-29 23:26:00	B6.2	11444.0	POINT(-82 20)	20	-82	-894.0	341.0
57210	2012-03-30 00:58:00	2012-03-30 01:02:00	2012-03-30 01:04:00	B5.9		POINT(-87 20)	20	-87	-897.0	343.0
57220	2012-03-30 02:02:00	2012-03-30 02:05:00	2012-03-30 02:07:00	B7.3		POINT(-87 20)	20	-87	-899.0	346.0
57230	2012-03-30 07:06:00	2012-03-30 07:09:00	2012-03-30 07:11:00	B4.1		POINT(-84 20)	20	-84	-894.0	345.0
57240	2012-03-30 12:54:00	2012-03-30 12:57:00	2012-03-30 12:59:00	B4.1		POINT(-80 19)	19	-80	-893.0	335.0
57250	2012-03-30 14:17:00	2012-03-30 15:10:00	2012-03-30 16:01:00	B6.4		POINT(-70 23)	23	-70	-832.0	407.0
57260	2012-03-30 21:06:00	2012-03-30 21:12:00	2012-03-30 21:16:00	C1.2	11451.0	POINT(-83 20)	20	-83	-891.0	349.0
57270	2012-03-31 21:01:00	2012-03-31 21:09:00	2012-03-31 21:20:00	B8.9	11444.0	POINT(65 22)	22	65	812.0	400.0
57280	2012-04-02 02:28:00	2012-04-02 02:34:00	2012-04-02 02:41:00	B7.9	11451.0	POINT(-45 20)	20	-45	-639.0	402.0
57290	2012-04-02 21:53:00	2012-04-02 22:20:00	2012-04-02 22:53:00	B4.9	11450.0	POINT(-13 21)	21	-13	-204.0	441.0
57300	2012-04-03 12:25:00	2012-04-03 12:28:00	2012-04-03 12:35:00	B4.2	11450.0	POINT(-2 15)	15	-2	-38.0	359.0
57310	2012-04-03 15:16:00	2012-04-03 15:35:00	2012-04-03 15:50:00	B3.7	11451.0	POINT(-22 18)	18	-22	-350.0	402.0
57320	2012-04-03 21:15:00	2012-04-03 21:23:00	2012-04-03 21:38:00	B4.3	11451.0	POINT(5 14)	14	5	81.0	344.0
57330	2012-04-04 00:18:00	2012-04-04 00:35:00	2012-04-04 01:44:00	B3.3		POINT(4 15)	15	4	78.0	351.0
57340	2012-04-04 03:23:00	2012-04-04 03:50:00	2012-04-04 04:03:00	B4.1	11451.0	POINT(-15 17)	17	-15	-246.0	391.0
57350	2012-04-04 05:30:00	2012-04-04 05:57:00	2012-04-04 06:31:00	B7.0	11450.0	POINT(6 15)	15	6	105.0	358.0
57360	2012-04-04 06:14:00	2012-04-04 06:22:00	2012-04-04 06:50:00	B5.4		POINT(5 15)	15	5	90.0	358.0
57370	2012-04-04 16:17:00	2012-04-04 16:27:00	2012-04-04 16:51:00	C1.2	11450.0	POINT(12 15)	15	12	197.0	359.0
57380	2012-04-05 03:21:00	2012-04-05 03:40:00	2012-04-05 04:01:00	B7.2		POINT(18 15)	15	18	296.0	359.0
57390	2012-04-05 10:11:00	2012-04-05 10:30:00	2012-04-05 10:49:00	B6.9	11450.0	POINT(26 13)	13	26	420.0	309.0
57400	2012-04-05 13:18:00	2012-04-05 13:27:00	2012-04-05 13:41:00	B9.8	11450.0	POINT(28 13)	13	28	444.0	310.0
57410	2012-04-05 16:16:00	2012-04-05 16:24:00	2012-04-05 16:32:00	C3.1	11450.0	POINT(30 12)	12	30	473.0	302.0
57420	2012-04-05 20:49:00	2012-04-05 21:10:00	2012-04-05 21:57:00	C1.5	11450.0	POINT(32 18)	18	32	483.0	391.0
57430	2012-04-05 23:50:00	2012-04-06 00:00:00	2012-04-06 00:05:00	C1.1	11450.0	POINT(34 12)	12	34	533.0	297.0
57440	2012-04-06 00:40:00	2012-04-06 01:11:00	2012-04-06 01:50:00	B5.5		POINT(32 12)	12	32	502.0	298.0
57450	2012-04-06 03:58:00	2012-04-06 04:09:00	2012-04-06 04:25:00	B5.7	11450.0	POINT(31 15)	15	31	481.0	342.0
57460	2012-04-07 00:21:00	2012-04-07 00:26:00	2012-04-07 00:35:00	B3.0	11452.0	POINT(6 19)	19	6	102.0	415.0
57470	2012-04-07 08:22:00	2012-04-07 08:27:00	2012-04-07 08:35:00	B2.1	11452.0	POINT(13 18)	18	13	206.0	401.0
57480	2012-04-07 09:27:00	2012-04-07 09:36:00	2012-04-07 09:41:00	B7.4	11450.0	POINT(48 15)	15	48	687.0	324.0
57490	2012-04-07 16:59:00	2012-04-07 17:08:00	2012-04-07 17:15:00	C2.4	11452.0	POINT(29 20)	20	29	450.0	413.0
57500	2012-04-07 19:08:00	2012-04-07 19:55:00	2012-04-07 20:16:00	B6.8	11451.0	POINT(43 14)	14	43	641.0	303.0
57510	2012-04-08 01:01:00	2012-04-08 01:05:00	2012-04-08 01:11:00	B3.7		POINT(56 15)	15	56	773.0	316.0
57520	2012-04-08 02:49:00	2012-04-08 02:54:00	2012-04-08 03:01:00	B3.7	11452.0	POINT(67 12)	12	67	863.0	251.0
57530	2012-04-08 11:26:00	2012-04-08 11:29:00	2012-04-08 11:32:00	B7.1	11450.0	POINT(62 16)	16	62	820.0	311.0
57540	2012-04-08 14:19:00	2012-04-08 14:24:00	2012-04-08 14:27:00	B2.7	11450.0	POINT(64 16)	16	64	829.0	305.0
57550	2012-04-08 14:53:00	2012-04-08 15:47:00	2012-04-08 16:07:00	B7.2	11451.0	POINT(41 20)	20	41	597.0	407.0
57560	2012-04-08 18:46:00	2012-04-08 18:53:00	2012-04-08 19:00:00	B6.8	11451.0	POINT(42 20)	20	42	609.0	405.0
57570	2012-04-08 20:16:00	2012-04-08 20:23:00	2012-04-08 20:29:00	B3.7		POINT(80 12)	12	80	923.0	219.0
57580	2012-04-08 23:34:00	2012-04-08 23:35:00	2012-04-08 23:49:00	B4.1	11451.0	POINT(78 13)	13	78	914.0	242.0
57590	2012-04-09 01:11:00	2012-04-09 01:22:00	2012-04-09 01:31:00	C2.6	11450.0	POINT(84 13)	13	84	927.0	229.0
57600	2012-04-09 06:20:00	2012-04-09 06:24:00	2012-04-09 06:41:00	B2.8		POINT(80 13)	13	80	918.0	240.0
57610	2012-04-09 08:25:00	2012-04-09 08:28:00	2012-04-09 08:33:00	B2.2		POINT(-86 -30)	-30	-86	-832.0	-492.0
57620	2012-04-09 12:12:00	2012-04-09 12:44:00	2012-04-09 12:44:00	C3.9	11451.0	POINT(65 20)	20	65	818.0	368.0
57630	2012-04-10 03:44:00	2012-04-10 03:49:00	2012-04-10 03:54:00	B2.4		POINT(88 11)	11	88	939.0	188.0
57640	2012-04-10 11:19:00	2012-04-10 11:22:00	2012-04-10 11:24:00	B2.1		POINT(-87 -23)	-23	-87	-891.0	-391.0
57650	2012-04-10 11:33:00	2012-04-10 11:37:00	2012-04-10 11:40:00	B6.5		POINT(-87 -23)	-23	-87	-890.0	-383.0
57660	2012-04-11 10:23:00	2012-04-11 10:30:00	2012-04-11 10:39:00	B2.7	11455.0	POINT(-16 6)	6	-16	-273.0	203.0
57670	2012-04-11 22:58:00	2012-04-11 23:29:00	2012-04-11 23:50:00	B2.0		POINT(-8 6)	6	-8	-146.0	209.0
57680	2012-04-12 01:58:00	2012-04-12 02:35:00	2012-04-12 02:42:00	B3.2		POINT(-6 7)	7	-6	-113.0	219.0
57690	2012-04-12 02:43:00	2012-04-12 02:49:00	2012-04-12 03:10:00	B3.4		POINT(-59 -13)	-13	-59	-804.0	-175.0
57700	2012-04-12 05:00:00	2012-04-12 05:35:00	2012-04-12 06:06:00	B3.3		POINT(87 17)	17	87	933.0	288.0
57710	2012-04-12 06:10:00	2012-04-12 06:22:00	2012-04-12 06:40:00	B3.3		POINT(-6 8)	8	-6	-106.0	229.0
57720	2012-04-12 08:09:00	2012-04-12 08:48:00	2012-04-12 09:17:00	B5.1	11455.0	POINT(-6 8)	8	-6	-108.0	242.0
57730	2012-04-12 09:29:00	2012-04-12 09:32:00	2012-04-12 09:34:00	B4.7	11455.0	POINT(-3 7)	7	-3	-63.0	212.0
57740	2012-04-12 23:24:00	2012-04-12 23:28:00	2012-04-12 23:30:00	B3.2		POINT(-57 21)	21	-57	-753.0	392.0
57750	2012-04-13 04:11:00	2012-04-13 04:21:00	2012-04-13 04:39:00	B4.7		POINT(-50 -32)	-32	-50	-621.0	-467.0
57760	2012-04-13 05:02:00	2012-04-13 05:07:00	2012-04-13 05:12:00	B5.6	11455.0	POINT(8 7)	7	8	146.0	211.0
57770	2012-04-13 14:34:00	2012-04-13 14:38:00	2012-04-13 14:47:00	B3.1	11455.0	POINT(12 7)	7	12	201.0	216.0
57780	2012-04-13 23:30:00	2012-04-13 23:33:00	2012-04-13 23:39:00	B3.3		POINT(16 4)	4	16	270.0	173.0
57790	2012-04-14 00:35:00	2012-04-14 00:47:00	2012-04-14 01:02:00	B9.8	11455.0	POINT(18 6)	6	18	303.0	204.0
57800	2012-04-14 08:05:00	2012-04-14 08:11:00	2012-04-14 08:18:00	B5.1	11455.0	POINT(23 6)	6	23	374.0	195.0
57810	2012-04-14 12:45:00	2012-04-14 13:54:00	2012-04-14 14:40:00	B3.4		POINT(-78 6)	6	-78	-932.0	123.0
57820	2012-04-14 19:48:00	2012-04-14 20:06:00	2012-04-14 20:40:00	B2.6		POINT(-88 -17)	-17	-88	-921.0	-294.0
57830	2012-04-14 22:10:00	2012-04-14 22:18:00	2012-04-14 23:06:00	B7.6	11459.0	POINT(-88 -17)	-17	-88	-921.0	-291.0
57840	2012-04-15 00:57:00	2012-04-15 01:40:00	2012-04-15 02:05:00	C2.7		POINT(-88 11)	11	-88	-953.0	188.0
57850	2012-04-15 02:16:00	2012-04-15 02:34:00	2012-04-15 02:45:00	C1.7		POINT(-88 15)	15	-88	-933.0	267.0
57860	2012-04-15 04:07:00	2012-04-15 04:23:00	2012-04-15 04:47:00	B8.3	11459.0	POINT(-88 -16)	-16	-88	-925.0	-278.0
57870	2012-04-15 09:05:00	2012-04-15 09:08:00	2012-04-15 09:10:00	B9.6	11459.0	POINT(-79 -18)	-18	-79	-888.0	-291.0
57880	2012-04-15 22:38:00	2012-04-15 22:41:00	2012-04-15 22:46:00	B3.7		POINT(-72 -16)	-16	-72	-874.0	-250.0
57890	2012-04-16 00:24:00	2012-04-16 00:46:00	2012-04-16 01:08:00	C1.8		POINT(-88 12)	12	-88	-967.0	222.0
57900	2012-04-16 14:35:00	2012-04-16 14:41:00	2012-04-16 14:45:00	B4.9		POINT(-88 9)	9	-88	-947.0	165.0
57910	2012-04-16 17:24:00	2012-04-16 17:40:00	2012-04-16 18:00:00	M1.7	11461.0	POINT(-88 14)	14	-88	-927.0	234.0
57920	2012-04-17 03:06:00	2012-04-17 03:13:00	2012-04-17 03:23:00	B5.3		POINT(66 4)	4	66	875.0	117.0
57930	2012-04-17 06:06:00	2012-04-17 08:09:00	2012-04-17 08:52:00	C1.1	11461.0	POINT(-88 13)	13	-88	-957.0	228.0
57940	2012-04-17 06:08:00	2012-04-17 06:33:00	2012-04-17 06:48:00	B8.0		POINT(-88 13)	13	-88	-963.0	226.0
57950	2012-04-17 06:48:00	2012-04-17 07:12:00	2012-04-17 07:32:00	C1.1	11459.0	POINT(-88 12)	12	-88	-951.0	218.0
57960	2012-04-17 11:15:00	2012-04-17 11:29:00	2012-04-17 11:50:00	B7.6	11455.0	POINT(67 7)	7	67	873.0	165.0
57970	2012-04-17 20:25:00	2012-04-17 20:30:00	2012-04-17 20:32:00	B7.0	11459.0	POINT(-45 -14)	-14	-45	-665.0	-174.0
57980	2012-04-17 22:07:00	2012-04-17 22:25:00	2012-04-17 22:40:00	B9.7	11455.0	POINT(81 5)	5	81	939.0	102.0
57990	2012-04-18 02:59:00	2012-04-18 03:07:00	2012-04-18 03:10:00	C3.1	11463.0	POINT(24 -26)	-26	24	360.0	-356.0
58000	2012-04-18 05:26:00	2012-04-18 05:30:00	2012-04-18 05:33:00	C1.1		POINT(26 -27)	-27	26	382.0	-364.0
58010	2012-04-18 06:40:00	2012-04-18 06:43:00	2012-04-18 06:45:00	B9.0		POINT(26 -27)	-27	26	381.0	-372.0
58020	2012-04-18 07:52:00	2012-04-18 08:01:00	2012-04-18 08:36:00	B7.7	11463.0	POINT(28 -27)	-27	28	401.0	-366.0
58030	2012-04-18 09:38:00	2012-04-18 09:43:00	2012-04-18 09:51:00	B8.9	11462.0	POINT(7 -25)	-25	7	118.0	-325.0
58040	2012-04-18 11:28:00	2012-04-18 11:44:00	2012-04-18 11:54:00	C1.5	11463.0	POINT(30 -27)	-27	30	437.0	-367.0
58050	2012-04-18 12:32:00	2012-04-18 12:39:00	2012-04-18 12:50:00	C8.9	11463.0	POINT(29 -27)	-27	29	420.0	-367.0
58060	2012-04-18 14:16:00	2012-04-18 14:21:00	2012-04-18 14:25:00	B9.7	11463.0	POINT(31 -27)	-27	31	447.0	-377.0
58070	2012-04-18 14:51:00	2012-04-18 15:13:00	2012-04-18 15:18:00	C5.9	11463.0	POINT(32 -27)	-27	32	453.0	-378.0
58080	2012-04-18 16:54:00	2012-04-18 17:06:00	2012-04-18 17:18:00	C5.3	11463.0	POINT(30 -27)	-27	30	434.0	-366.0
58090	2012-04-18 18:12:00	2012-04-18 18:15:00	2012-04-18 18:20:00	C1.3		POINT(-34 -16)	-16	-34	-519.0	-194.0
58100	2012-04-18 22:57:00	2012-04-18 23:01:00	2012-04-18 23:04:00	B9.6		POINT(-31 -16)	-16	-31	-475.0	-191.0
58110	2012-04-19 00:00:00	2012-04-19 00:11:00	2012-04-19 00:18:00	C1.4	11460.0	POINT(-15 15)	15	-15	-245.0	333.0
58120	2012-04-19 02:54:00	2012-04-19 03:01:00	2012-04-19 03:05:00	C2.9	11463.0	POINT(35 -27)	-27	35	491.0	-383.0
58130	2012-04-19 05:01:00	2012-04-19 05:06:00	2012-04-19 05:16:00	C1.1		POINT(88 8)	8	88	958.0	136.0
58140	2012-04-19 06:00:00	2012-04-19 06:39:00	2012-04-19 07:02:00	C1.1		POINT(41 -27)	-27	41	566.0	-386.0
58150	2012-04-19 07:06:00	2012-04-19 07:11:00	2012-04-19 07:20:00	C1.0		POINT(-7 16)	16	-7	-126.0	346.0
58160	2012-04-19 07:46:00	2012-04-19 07:57:00	2012-04-19 08:10:00	B8.6		POINT(41 -26)	-26	41	560.0	-372.0
58170	2012-04-19 08:40:00	2012-04-19 08:52:00	2012-04-19 09:02:00	B9.3		POINT(-7 16)	16	-7	-126.0	351.0
58180	2012-04-19 10:08:00	2012-04-19 10:20:00	2012-04-19 10:45:00	B7.5		POINT(39 -28)	-28	39	540.0	-392.0
58190	2012-04-19 11:05:00	2012-04-19 11:26:00	2012-04-19 11:44:00	C7.0		POINT(89 5)	5	89	962.0	90.0
58200	2012-04-19 14:42:00	2012-04-19 15:15:00	2012-04-19 15:26:00	C1.8		POINT(42 -28)	-28	42	567.0	-399.0
58210	2012-04-20 01:55:00	2012-04-20 02:02:00	2012-04-20 02:09:00	B9.0	11463.0	POINT(52 -27)	-27	52	677.0	-387.0
58220	2012-04-20 03:15:00	2012-04-20 03:22:00	2012-04-20 03:28:00	C1.1	11462.0	POINT(38 -29)	-29	38	519.0	-413.0
58230	2012-04-20 14:49:00	2012-04-20 15:01:00	2012-04-20 15:32:00	C1.6	11465.0	POINT(58 -27)	-27	58	726.0	-399.0
58240	2012-04-20 16:17:00	2012-04-20 16:25:00	2012-04-20 16:29:00	C1.5		POINT(-44 -17)	-17	-44	-641.0	-236.0
58250	2012-04-20 16:46:00	2012-04-20 16:47:00	2012-04-20 16:49:00	C3.3	11465.0	POINT(-46 -17)	-17	-46	-661.0	-230.0
58260	2012-04-20 17:22:00	2012-04-20 17:26:00	2012-04-20 17:36:00	C1.6	11465.0	POINT(-6 -16)	-16	-6	-104.0	-191.0
58270	2012-04-20 20:00:00	2012-04-20 20:07:00	2012-04-20 20:10:00	C1.0	11465.0	POINT(-41 -17)	-17	-41	-608.0	-219.0
58280	2012-04-20 20:44:00	2012-04-20 20:48:00	2012-04-20 20:51:00	C1.6	11465.0	POINT(-41 -16)	-16	-41	-613.0	-213.0
58290	2012-04-20 22:25:00	2012-04-20 22:35:00	2012-04-20 22:44:00	C1.4	11465.0	POINT(-42 -17)	-17	-42	-623.0	-219.0
58300	2012-04-21 01:27:00	2012-04-21 01:32:00	2012-04-21 01:34:00	C2.4	11460.0	POINT(14 17)	17	14	236.0	368.0
58310	2012-04-21 11:00:00	2012-04-21 11:14:00	2012-04-21 11:24:00	C1.0	11462.0	POINT(53 -27)	-27	53	683.0	-395.0
58320	2012-04-21 12:11:00	2012-04-21 12:15:00	2012-04-21 12:22:00	B9.2	11465.0	POINT(-34 -16)	-16	-34	-518.0	-203.0
58330	2012-04-21 20:10:00	2012-04-21 20:14:00	2012-04-21 20:19:00	C1.8	11459.0	POINT(7 -15)	-15	7	128.0	-181.0
58340	2012-04-22 07:05:00	2012-04-22 07:08:00	2012-04-22 07:10:00	C1.3	11465.0	POINT(-24 -14)	-14	-24	-387.0	-163.0
58350	2012-04-22 08:02:00	2012-04-22 08:15:00	2012-04-22 08:29:00	C1.3	11463.0	POINT(31 14)	14	31	485.0	300.0
58360	2012-04-22 09:11:00	2012-04-22 09:15:00	2012-04-22 09:22:00	B9.9	11461.0	POINT(-23 -18)	-18	-23	-368.0	-225.0
58370	2012-04-22 09:26:00	2012-04-22 09:28:00	2012-04-22 09:30:00	C1.0	11461.0	POINT(21 -15)	-15	21	330.0	-180.0
58380	2012-04-22 09:48:00	2012-04-22 09:52:00	2012-04-22 10:00:00	B8.5		POINT(31 14)	14	31	482.0	306.0
58390	2012-04-22 13:59:00	2012-04-22 14:05:00	2012-04-22 14:13:00	C1.8	11463.0	POINT(84 -28)	-28	84	837.0	-439.0
58400	2012-04-22 16:32:00	2012-04-22 16:39:00	2012-04-22 16:48:00	C1.2	11459.0	POINT(22 -14)	-14	22	347.0	-171.0
58410	2012-04-22 17:48:00	2012-04-22 17:54:00	2012-04-22 18:00:00	C1.7	11465.0	POINT(-21 -18)	-18	-21	-327.0	-230.0
58420	2012-04-22 20:52:00	2012-04-22 20:56:00	2012-04-22 21:00:00	C1.9	11459.0	POINT(24 -15)	-15	24	384.0	-179.0
58430	2012-04-22 21:05:00	2012-04-22 21:10:00	2012-04-22 21:17:00	C1.7	11460.0	POINT(23 -15)	-15	23	364.0	-183.0
58440	2012-04-22 21:42:00	2012-04-22 21:48:00	2012-04-22 21:53:00	C2.4	11465.0	POINT(-16 -17)	-17	-16	-258.0	-208.0
58450	2012-04-23 01:58:00	2012-04-23 02:01:00	2012-04-23 02:03:00	C2.0	11465.0	POINT(-16 -17)	-17	-16	-259.0	-213.0
58460	2012-04-23 05:55:00	2012-04-23 05:59:00	2012-04-23 06:03:00	B7.5		POINT(28 -15)	-15	28	447.0	-179.0
58470	2012-04-23 07:18:00	2012-04-23 07:22:00	2012-04-23 07:26:00	B7.9	11465.0	POINT(-13 -17)	-17	-13	-215.0	-219.0
58480	2012-04-23 12:09:00	2012-04-23 12:13:00	2012-04-23 12:15:00	C1.0	11461.0	POINT(-11 -18)	-18	-11	-176.0	-222.0
58490	2012-04-23 15:37:00	2012-04-23 15:41:00	2012-04-23 15:45:00	B8.9	11459.0	POINT(34 -15)	-15	34	524.0	-183.0
58500	2012-04-23 17:38:00	2012-04-23 17:51:00	2012-04-23 18:05:00	C2.0	11461.0	POINT(17 13)	13	17	279.0	299.0
58510	2012-04-24 02:32:00	2012-04-24 02:37:00	2012-04-24 02:42:00	B9.5		POINT(1 -16)	-16	1	27.0	-198.0
58520	2012-04-24 04:26:00	2012-04-24 04:35:00	2012-04-24 04:44:00	C1.1	11469.0	POINT(-88 -17)	-17	-88	-911.0	-293.0
58530	2012-04-24 05:51:00	2012-04-24 06:11:00	2012-04-24 07:04:00	B8.4		POINT(-88 -18)	-18	-88	-906.0	-311.0
58540	2012-04-24 07:38:00	2012-04-24 07:45:00	2012-04-24 07:45:00	C3.7	11467.0	POINT(-83 12)	12	-83	-924.0	216.0
58550	2012-04-24 11:39:00	2012-04-24 11:51:00	2012-04-24 12:02:00	C1.1	11462.0	POINT(88 -23)	-23	88	881.0	-388.0
58560	2012-04-24 13:06:00	2012-04-24 13:10:00	2012-04-24 13:13:00	C1.1	11469.0	POINT(-80 -18)	-18	-80	-890.0	-293.0
58570	2012-04-24 16:35:00	2012-04-24 16:44:00	2012-04-24 16:56:00	C2.6	11469.0	POINT(-78 -20)	-20	-78	-879.0	-311.0
58580	2012-04-24 20:48:00	2012-04-24 20:53:00	2012-04-24 20:58:00	C1.2		POINT(88 -24)	-24	88	875.0	-392.0
58590	2012-04-25 01:56:00	2012-04-25 02:24:00	2012-04-25 02:31:00	C1.3	11459.0	POINT(-69 -19)	-19	-69	-843.0	-293.0
58600	2012-04-25 06:48:00	2012-04-25 06:53:00	2012-04-25 06:56:00	B9.1	11460.0	POINT(67 13)	13	67	858.0	252.0
58610	2012-04-25 08:45:00	2012-04-25 08:49:00	2012-04-25 09:00:00	B9.5	11460.0	POINT(69 14)	14	69	866.0	261.0
58620	2012-04-25 12:07:00	2012-04-25 12:15:00	2012-04-25 12:19:00	C3.7	11460.0	POINT(72 14)	14	72	883.0	252.0
58630	2012-04-25 22:36:00	2012-04-25 22:42:00	2012-04-25 22:50:00	C1.3	11460.0	POINT(84 15)	15	84	916.0	253.0
58640	2012-04-26 17:15:00	2012-04-26 17:23:00	2012-04-26 17:30:00	C1.2	11465.0	POINT(35 -18)	-18	35	529.0	-236.0
58650	2012-04-26 23:56:00	2012-04-27 00:11:00	2012-04-27 00:31:00	C1.8	11466.0	POINT(25 12)	12	25	399.0	275.0
58660	2012-04-27 01:59:00	2012-04-27 02:02:00	2012-04-27 02:05:00	C1.0	11469.0	POINT(-45 -16)	-16	-45	-648.0	-225.0
58670	2012-04-27 03:02:00	2012-04-27 03:07:00	2012-04-27 03:18:00	C1.1	11459.0	POINT(86 -12)	-12	86	928.0	-203.0
58680	2012-04-27 04:54:00	2012-04-27 05:01:00	2012-04-27 05:09:00	B9.5	11466.0	POINT(28 12)	12	28	440.0	272.0
58690	2012-04-27 05:38:00	2012-04-27 05:51:00	2012-04-27 06:05:00	B9.7		POINT(89 -12)	-12	89	932.0	-209.0
58700	2012-04-27 08:15:00	2012-04-27 08:24:00	2012-04-27 08:29:00	M1.0	11466.0	POINT(29 13)	13	29	459.0	279.0
58710	2012-04-27 10:53:00	2012-04-27 11:02:00	2012-04-27 11:08:00	C2.4	11465.0	POINT(47 -17)	-17	47	676.0	-234.0
58720	2012-04-27 13:18:00	2012-04-27 13:22:00	2012-04-27 13:27:00	C2.0	11467.0	POINT(-38 11)	11	-38	-587.0	244.0
58730	2012-04-27 21:01:00	2012-04-27 21:05:00	2012-04-27 21:09:00	C1.6	11459.0	POINT(89 -14)	-14	89	931.0	-236.0
58740	2012-04-27 23:00:00	2012-04-27 23:03:00	2012-04-27 23:06:00	C1.5	11470.0	POINT(-78 -15)	-15	-78	-900.0	-241.0
58750	2012-04-27 23:35:00	2012-04-27 23:39:00	2012-04-27 23:43:00	C2.2		POINT(89 -12)	-12	89	942.0	-210.0
58760	2012-04-28 00:38:00	2012-04-28 00:43:00	2012-04-28 00:53:00	C1.5	11459.0	POINT(89 -14)	-14	89	927.0	-239.0
58770	2012-04-28 01:48:00	2012-04-28 01:54:00	2012-04-28 02:00:00	C1.4	11461.0	POINT(89 -14)	-14	89	928.0	-239.0
58780	2012-04-28 08:54:00	2012-04-28 09:01:00	2012-04-28 09:04:00	C1.7	11469.0	POINT(-26 -20)	-20	-26	-395.0	-270.0
58790	2012-04-28 12:12:00	2012-04-28 12:15:00	2012-04-28 12:18:00	B7.3	11466.0	POINT(41 11)	11	41	620.0	243.0
58800	2012-04-28 13:45:00	2012-04-28 14:14:00	2012-04-28 14:34:00	C1.1	11466.0	POINT(-73 -15)	-15	-73	-881.0	-236.0
58810	2012-04-28 20:10:00	2012-04-28 20:13:00	2012-04-28 20:16:00	C1.1	11467.0	POINT(-22 11)	11	-22	-356.0	254.0
58820	2012-04-28 21:48:00	2012-04-28 22:14:00	2012-04-28 22:24:00	C1.1	11467.0	POINT(-20 11)	11	-20	-324.0	249.0
58830	2012-04-29 00:52:00	2012-04-29 00:55:00	2012-04-29 00:58:00	C1.8	11466.0	POINT(53 10)	10	53	752.0	213.0
58840	2012-04-29 01:16:00	2012-04-29 01:20:00	2012-04-29 01:23:00	B7.5		POINT(53 10)	10	53	756.0	214.0
58850	2012-04-29 05:49:00	2012-04-29 05:52:00	2012-04-29 05:54:00	B9.4	11465.0	POINT(-52 -28)	-28	-52	-663.0	-415.0
58860	2012-04-29 13:58:00	2012-04-29 14:08:00	2012-04-29 14:15:00	C1.0	11471.0	POINT(74 -16)	-16	74	879.0	-256.0
58870	2012-04-29 14:27:00	2012-04-29 14:32:00	2012-04-29 14:38:00	C1.1	11469.0	POINT(-9 -19)	-19	-9	-141.0	-247.0
58880	2012-04-29 15:09:00	2012-04-29 15:17:00	2012-04-29 15:24:00	C1.1	11465.0	POINT(78 -17)	-17	78	893.0	-266.0
58890	2012-04-29 16:29:00	2012-04-29 16:33:00	2012-04-29 16:39:00	C1.1	11465.0	POINT(76 -18)	-18	76	879.0	-278.0
58900	2012-04-29 16:54:00	2012-04-29 16:57:00	2012-04-29 17:00:00	B8.9		POINT(-45 -29)	-29	-45	-596.0	-420.0
58910	2012-04-30 00:29:00	2012-04-30 00:33:00	2012-04-30 00:35:00	B7.6		POINT(-64 -23)	-23	-64	-787.0	-358.0
58920	2012-04-30 02:53:00	2012-04-30 02:59:00	2012-04-30 03:02:00	C2.4	11471.0	POINT(-63 -23)	-23	-63	-780.0	-354.0
58930	2012-04-30 05:05:00	2012-04-30 05:08:00	2012-04-30 05:12:00	B7.4		POINT(-62 -23)	-23	-62	-772.0	-353.0
58940	2012-04-30 06:02:00	2012-04-30 06:06:00	2012-04-30 06:10:00	B8.9	11471.0	POINT(-62 -22)	-22	-62	-776.0	-338.0
58950	2012-04-30 06:56:00	2012-04-30 07:38:00	2012-04-30 08:19:00	C3.9	11465.0	POINT(88 -18)	-18	88	917.0	-309.0
58960	2012-04-30 09:13:00	2012-04-30 09:17:00	2012-04-30 09:21:00	C2.4	11471.0	POINT(-59 -23)	-23	-59	-752.0	-351.0
58970	2012-04-30 10:21:00	2012-04-30 10:26:00	2012-04-30 10:32:00	C5.6	11471.0	POINT(-59 -22)	-22	-59	-758.0	-335.0
58980	2012-04-30 10:37:00	2012-04-30 10:41:00	2012-04-30 10:43:00	C6.0		POINT(-60 -22)	-22	-60	-769.0	-331.0
58990	2012-04-30 14:30:00	2012-04-30 14:36:00	2012-04-30 14:41:00	C1.2	11471.0	POINT(-56 -24)	-24	-56	-724.0	-355.0
59000	2012-05-01 02:13:00	2012-05-01 02:38:00	2012-05-01 03:01:00	C1.1		POINT(88 -17)	-17	88	936.0	-294.0
59010	2012-05-01 04:35:00	2012-05-01 04:43:00	2012-05-01 04:47:00	C3.9	11470.0	POINT(-37 -19)	-19	-37	-553.0	-260.0
59020	2012-05-01 05:15:00	2012-05-01 05:45:00	2012-05-01 05:52:00	C1.2	11465.0	POINT(89 -17)	-17	89	930.0	-289.0
59030	2012-05-01 17:11:00	2012-05-01 17:14:00	2012-05-01 17:17:00	B5.7	11471.0	POINT(-36 -20)	-20	-36	-537.0	-284.0
59040	2012-05-01 18:26:00	2012-05-01 18:31:00	2012-05-01 18:36:00	B8.4		POINT(36 -20)	-20	36	525.0	-289.0
59050	2012-05-01 22:46:00	2012-05-01 22:50:00	2012-05-01 22:52:00	C1.2	11473.0	POINT(86 10)	10	86	934.0	174.0
59060	2012-05-02 01:31:00	2012-05-02 01:33:00	2012-05-02 01:41:00	C1.8	11468.0	POINT(88 10)	10	88	940.0	178.0
59070	2012-05-02 08:12:00	2012-05-02 08:27:00	2012-05-02 08:50:00	B4.9		POINT(44 -20)	-20	44	620.0	-291.0
59080	2012-05-02 09:28:00	2012-05-02 09:42:00	2012-05-02 09:58:00	B4.5		POINT(30 -22)	-22	30	450.0	-315.0
59090	2012-05-02 11:32:00	2012-05-02 11:39:00	2012-05-02 11:46:00	C3.2		POINT(89 9)	9	89	945.0	165.0
59100	2012-05-02 14:35:00	2012-05-02 14:41:00	2012-05-02 14:46:00	B7.5	11469.0	POINT(30 -25)	-25	30	432.0	-361.0
59110	2012-05-02 17:55:00	2012-05-02 18:05:00	2012-05-02 18:13:00	C2.2	11469.0	POINT(31 -27)	-27	31	446.0	-383.0
59120	2012-05-02 18:55:00	2012-05-02 19:02:00	2012-05-02 19:11:00	C2.1	11469.0	POINT(32 -27)	-27	32	453.0	-384.0
59130	2012-05-02 20:38:00	2012-05-02 20:50:00	2012-05-02 21:02:00	C1.9	11469.0	POINT(32 -27)	-27	32	460.0	-386.0
59140	2012-05-03 00:28:00	2012-05-03 01:00:00	2012-05-03 01:18:00	B8.7	11475.0	POINT(-89 3)	3	-89	-956.0	56.0
59150	2012-05-03 05:21:00	2012-05-03 05:26:00	2012-05-03 05:37:00	B7.6	11471.0	POINT(-23 -22)	-22	-23	-348.0	-309.0
59160	2012-05-03 10:42:00	2012-05-03 11:06:00	2012-05-03 11:23:00	C1.0	11469.0	POINT(40 -26)	-26	40	554.0	-387.0
59170	2012-05-03 13:24:00	2012-05-03 14:32:00	2012-05-03 15:11:00	C1.6	11475.0	POINT(-89 9)	9	-89	-942.0	156.0
59180	2012-05-03 16:39:00	2012-05-03 16:56:00	2012-05-03 17:23:00	C2.3	11475.0	POINT(-88 12)	12	-88	-941.0	210.0
59190	2012-05-04 02:50:00	2012-05-04 02:55:00	2012-05-04 02:59:00	B7.6	11469.0	POINT(47 -27)	-27	47	619.0	-404.0
59200	2012-05-04 04:48:00	2012-05-04 04:54:00	2012-05-04 04:58:00	C1.3	11469.0	POINT(55 -21)	-21	55	731.0	-307.0
59210	2012-05-04 07:50:00	2012-05-04 07:54:00	2012-05-04 07:58:00	B7.4		POINT(50 -27)	-27	50	651.0	-397.0
59220	2012-05-04 14:46:00	2012-05-04 14:50:00	2012-05-04 14:57:00	C1.5	11471.0	POINT(-88 11)	11	-88	-947.0	186.0
59230	2012-05-04 15:20:00	2012-05-04 15:47:00	2012-05-04 16:20:00	C1.7		POINT(-88 10)	10	-88	-953.0	185.0
59240	2012-05-04 19:22:00	2012-05-04 19:24:00	2012-05-04 19:32:00	C1.8	11470.0	POINT(-88 11)	11	-88	-947.0	185.0
59250	2012-05-04 19:34:00	2012-05-04 19:37:00	2012-05-04 19:40:00	C2.3		POINT(-88 12)	12	-88	-943.0	202.0
59260	2012-05-04 20:58:00	2012-05-04 21:02:00	2012-05-04 21:04:00	C1.6	11474.0	POINT(-88 12)	12	-88	-942.0	201.0
59270	2012-05-04 23:50:00	2012-05-04 23:56:00	2012-05-05 00:02:00	C1.9	11469.0	POINT(58 -27)	-27	58	722.0	-412.0
59280	2012-05-05 01:00:00	2012-05-05 01:05:00	2012-05-05 01:09:00	C1.6		POINT(-88 13)	13	-88	-935.0	225.0
59290	2012-05-05 02:57:00	2012-05-05 03:02:00	2012-05-05 03:05:00	C1.9	11476.0	POINT(-88 15)	15	-88	-927.0	254.0
59300	2012-05-05 05:19:00	2012-05-05 05:22:00	2012-05-05 05:33:00	C1.0		POINT(-88 13)	13	-88	-935.0	224.0
59310	2012-05-05 05:55:00	2012-05-05 06:39:00	2012-05-05 07:01:00	C2.0	11470.0	POINT(15 -18)	-18	15	236.0	-242.0
59320	2012-05-05 08:31:00	2012-05-05 08:34:00	2012-05-05 08:42:00	C2.1	11476.0	POINT(-88 12)	12	-88	-934.0	210.0
59330	2012-05-05 09:30:00	2012-05-05 09:35:00	2012-05-05 09:40:00	C6.8	11476.0	POINT(-88 14)	14	-88	-928.0	237.0
59340	2012-05-05 10:56:00	2012-05-05 10:59:00	2012-05-05 11:01:00	C2.3		POINT(-77 11)	11	-77	-912.0	196.0
59350	2012-05-05 13:12:00	2012-05-05 13:16:00	2012-05-05 13:18:00	C2.7		POINT(-84 11)	11	-84	-926.0	196.0
59360	2012-05-05 13:19:00	2012-05-05 13:23:00	2012-05-05 13:29:00	M1.4	11476.0	POINT(-78 11)	11	-78	-914.0	204.0
59370	2012-05-05 16:42:00	2012-05-05 16:48:00	2012-05-05 16:51:00	C1.8	11476.0	POINT(-80 11)	11	-80	-917.0	204.0
59380	2012-05-05 17:17:00	2012-05-05 17:21:00	2012-05-05 17:25:00	C2.8		POINT(-83 11)	11	-83	-924.0	203.0
59390	2012-05-05 17:56:00	2012-05-05 18:07:00	2012-05-05 18:16:00	C3.4	11474.0	POINT(-87 12)	12	-87	-926.0	211.0
59400	2012-05-05 18:24:00	2012-05-05 18:28:00	2012-05-05 18:30:00	C3.7	11476.0	POINT(-77 11)	11	-77	-911.0	205.0
59410	2012-05-05 20:37:00	2012-05-05 21:14:00	2012-05-05 21:17:00	C1.2	11471.0	POINT(22 -21)	-21	22	339.0	-294.0
59420	2012-05-05 21:24:00	2012-05-05 21:28:00	2012-05-05 21:31:00	C1.3	11476.0	POINT(-88 14)	14	-88	-927.0	237.0
59430	2012-05-05 22:34:00	2012-05-05 22:38:00	2012-05-05 22:40:00	C1.0		POINT(-76 11)	11	-76	-908.0	202.0
59440	2012-05-05 22:41:00	2012-05-05 22:45:00	2012-05-05 22:49:00	C1.6	11476.0	POINT(-76 11)	11	-76	-906.0	210.0
59450	2012-05-05 22:56:00	2012-05-05 23:01:00	2012-05-05 23:04:00	M1.3	11476.0	POINT(-73 11)	11	-73	-893.0	206.0
59460	2012-05-05 23:28:00	2012-05-05 23:33:00	2012-05-05 23:36:00	C2.0	11476.0	POINT(-77 12)	12	-77	-906.0	215.0
59470	2012-05-06 01:12:00	2012-05-06 01:18:00	2012-05-06 01:30:00	M1.2	11476.0	POINT(-73 11)	11	-73	-894.0	207.0
59480	2012-05-06 02:46:00	2012-05-06 02:50:00	2012-05-06 02:55:00	C1.5	11469.0	POINT(-72 11)	11	-72	-890.0	203.0
59490	2012-05-06 03:13:00	2012-05-06 03:25:00	2012-05-06 03:37:00	C2.9	11470.0	POINT(30 -15)	-15	30	470.0	-203.0
59500	2012-05-06 04:31:00	2012-05-06 04:36:00	2012-05-06 04:43:00	C3.9	11476.0	POINT(-71 11)	11	-71	-885.0	213.0
59510	2012-05-06 05:24:00	2012-05-06 05:30:00	2012-05-06 05:50:00	C1.2	11476.0	POINT(-74 12)	12	-74	-895.0	218.0
59520	2012-05-06 07:01:00	2012-05-06 07:04:00	2012-05-06 07:07:00	C1.7	11476.0	POINT(32 -15)	-15	32	498.0	-198.0
59530	2012-05-06 11:33:00	2012-05-06 11:42:00	2012-05-06 11:47:00	C1.4	11476.0	POINT(-74 10)	10	-74	-900.0	190.0
59540	2012-05-06 13:37:00	2012-05-06 13:42:00	2012-05-06 13:46:00	C1.4	11476.0	POINT(-73 10)	10	-73	-893.0	197.0
59550	2012-05-06 16:14:00	2012-05-06 16:20:00	2012-05-06 16:23:00	C1.1		POINT(-64 11)	11	-64	-841.0	215.0
59560	2012-05-06 16:39:00	2012-05-06 16:53:00	2012-05-06 16:59:00	C3.2	11476.0	POINT(-70 10)	10	-70	-879.0	199.0
59570	2012-05-06 17:05:00	2012-05-06 17:09:00	2012-05-06 17:12:00	C3.0		POINT(-64 11)	11	-64	-839.0	216.0
59580	2012-05-06 17:31:00	2012-05-06 17:35:00	2012-05-06 17:37:00	C2.6	11476.0	POINT(-71 13)	13	-71	-877.0	237.0
59590	2012-05-06 17:41:00	2012-05-06 17:47:00	2012-05-06 17:52:00	M1.3	11476.0	POINT(-63 11)	11	-63	-837.0	215.0
59600	2012-05-06 19:22:00	2012-05-06 19:26:00	2012-05-06 19:32:00	C2.3	11476.0	POINT(-64 11)	11	-64	-843.0	216.0
59610	2012-05-06 20:05:00	2012-05-06 20:15:00	2012-05-06 20:20:00	C4.3	11476.0	POINT(-62 11)	11	-62	-829.0	221.0
59620	2012-05-06 22:27:00	2012-05-06 22:31:00	2012-05-06 22:38:00	C1.1	11476.0	POINT(-63 12)	12	-63	-830.0	227.0
59630	2012-05-06 23:11:00	2012-05-06 23:14:00	2012-05-06 23:21:00	C1.1	11476.0	POINT(-86 -16)	-16	-86	-912.0	-259.0
59640	2012-05-07 00:33:00	2012-05-07 00:36:00	2012-05-07 00:39:00	C1.3	11476.0	POINT(-59 11)	11	-59	-803.0	211.0
59650	2012-05-07 00:46:00	2012-05-07 01:15:00	2012-05-07 01:40:00	C2.0		POINT(35 -18)	-18	35	519.0	-255.0
59660	2012-05-07 02:37:00	2012-05-07 02:50:00	2012-05-07 02:59:00	C7.1	11476.0	POINT(-59 12)	12	-59	-798.0	229.0
59670	2012-05-07 03:20:00	2012-05-07 03:25:00	2012-05-07 03:29:00	C2.7	11476.0	POINT(-68 13)	13	-68	-861.0	248.0
59680	2012-05-07 03:39:00	2012-05-07 03:42:00	2012-05-07 03:45:00	C1.2	11476.0	POINT(-65 12)	12	-65	-842.0	231.0
59690	2012-05-07 03:49:00	2012-05-07 03:52:00	2012-05-07 03:54:00	C1.2	11476.0	POINT(-61 11)	11	-61	-820.0	224.0
59700	2012-05-07 06:09:00	2012-05-07 06:20:00	2012-05-07 06:25:00	C1.3		POINT(41 -20)	-20	41	591.0	-286.0
59710	2012-05-07 06:45:00	2012-05-07 07:03:00	2012-05-07 07:08:00	C4.0	11476.0	POINT(-61 10)	10	-61	-819.0	204.0
59720	2012-05-07 08:26:00	2012-05-07 08:30:00	2012-05-07 08:33:00	C1.4		POINT(-55 12)	12	-55	-770.0	234.0
59730	2012-05-07 10:28:00	2012-05-07 10:33:00	2012-05-07 10:37:00	C1.1	11471.0	POINT(43 -19)	-19	43	615.0	-276.0
59740	2012-05-07 11:02:00	2012-05-07 11:08:00	2012-05-07 11:11:00	C7.9	11476.0	POINT(-60 13)	13	-60	-804.0	243.0
59750	2012-05-07 12:37:00	2012-05-07 12:41:00	2012-05-07 12:45:00	C1.1		POINT(-58 14)	14	-58	-791.0	262.0
59760	2012-05-07 14:03:00	2012-05-07 14:31:00	2012-05-07 14:52:00	M1.9	11471.0	POINT(49 -20)	-20	49	675.0	-297.0
59770	2012-05-07 17:20:00	2012-05-07 17:21:00	2012-05-07 17:30:00	C7.4	11476.0	POINT(-58 12)	12	-58	-792.0	228.0
59780	2012-05-07 21:33:00	2012-05-07 21:36:00	2012-05-07 21:41:00	B7.4		POINT(-53 15)	15	-53	-738.0	281.0
59790	2012-05-08 08:00:00	2012-05-08 08:04:00	2012-05-08 08:07:00	B7.3	11474.0	POINT(-40 8)	8	-40	-614.0	182.0
59800	2012-05-08 08:23:00	2012-05-08 08:36:00	2012-05-08 08:40:00	C1.9	11476.0	POINT(-47 13)	13	-47	-681.0	255.0
59810	2012-05-08 09:21:00	2012-05-08 09:24:00	2012-05-08 09:31:00	C1.7	11476.0	POINT(-40 8)	8	-40	-616.0	190.0
59820	2012-05-08 10:36:00	2012-05-08 10:39:00	2012-05-08 10:42:00	C1.8	11476.0	POINT(-46 12)	12	-46	-670.0	246.0
59830	2012-05-08 13:02:00	2012-05-08 13:08:00	2012-05-08 13:12:00	M1.4	11476.0	POINT(-46 13)	13	-46	-667.0	257.0
59840	2012-05-08 19:32:00	2012-05-08 19:39:00	2012-05-08 19:44:00	C1.5		POINT(-41 14)	14	-41	-604.0	285.0
59850	2012-05-08 21:37:00	2012-05-08 21:41:00	2012-05-08 21:43:00	B5.4		POINT(-33 8)	8	-33	-518.0	190.0
59860	2012-05-09 00:27:00	2012-05-09 00:30:00	2012-05-09 00:32:00	B4.7	11476.0	POINT(-30 7)	7	-30	-482.0	172.0
59870	2012-05-09 02:20:00	2012-05-09 02:23:00	2012-05-09 02:26:00	B5.3	11476.0	POINT(-43 14)	14	-43	-637.0	269.0
59880	2012-05-09 04:10:00	2012-05-09 04:15:00	2012-05-09 04:20:00	B7.4	11476.0	POINT(-30 7)	7	-30	-480.0	178.0
59890	2012-05-09 06:02:00	2012-05-09 06:08:00	2012-05-09 06:15:00	B5.6	11476.0	POINT(-35 12)	12	-35	-536.0	252.0
59900	2012-05-09 07:16:00	2012-05-09 07:20:00	2012-05-09 07:22:00	B8.7	11476.0	POINT(-29 10)	10	-29	-464.0	225.0
59910	2012-05-09 07:35:00	2012-05-09 07:39:00	2012-05-09 07:42:00	B9.3		POINT(-24 6)	6	-24	-399.0	157.0
59920	2012-05-09 08:37:00	2012-05-09 08:41:00	2012-05-09 08:43:00	C1.3		POINT(-28 8)	8	-28	-445.0	193.0
59930	2012-05-09 09:47:00	2012-05-09 09:50:00	2012-05-09 09:52:00	C1.3	11476.0	POINT(-27 11)	11	-27	-432.0	242.0
59940	2012-05-09 10:24:00	2012-05-09 10:27:00	2012-05-09 10:31:00	B6.8		POINT(-35 13)	13	-35	-543.0	266.0
59950	2012-05-09 11:32:00	2012-05-09 11:39:00	2012-05-09 11:39:00	B9.4	11476.0	POINT(-33 12)	12	-33	-509.0	246.0
59960	2012-05-09 12:21:00	2012-05-09 12:32:00	2012-05-09 12:36:00	M4.7	11476.0	POINT(-31 13)	13	-31	-483.0	260.0
59970	2012-05-09 14:02:00	2012-05-09 14:08:00	2012-05-09 14:14:00	M1.8	11476.0	POINT(-22 6)	6	-22	-370.0	149.0
59980	2012-05-09 16:26:00	2012-05-09 16:42:00	2012-05-09 16:45:00	C2.1	11476.0	POINT(-20 6)	6	-20	-335.0	161.0
59990	2012-05-09 17:10:00	2012-05-09 17:14:00	2012-05-09 17:17:00	B7.7		POINT(-23 9)	9	-23	-373.0	198.0
60000	2012-05-09 19:51:00	2012-05-09 19:55:00	2012-05-09 19:58:00	C1.5		POINT(-27 13)	13	-27	-435.0	263.0
60010	2012-05-09 20:45:00	2012-05-09 20:52:00	2012-05-09 20:55:00	C9.1	11476.0	POINT(-32 13)	13	-32	-491.0	273.0
60020	2012-05-09 21:01:00	2012-05-09 21:05:00	2012-05-09 21:09:00	M4.1	11476.0	POINT(-26 12)	12	-26	-419.0	256.0
60030	2012-05-09 22:28:00	2012-05-09 22:32:00	2012-05-09 22:36:00	C1.2		POINT(-21 9)	9	-21	-336.0	210.0
60040	2012-05-09 22:43:00	2012-05-09 22:46:00	2012-05-09 22:49:00	C1.4		POINT(-16 6)	6	-16	-265.0	159.0
60050	2012-05-09 22:58:00	2012-05-09 23:01:00	2012-05-09 23:04:00	C1.0	11476.0	POINT(-26 12)	12	-26	-415.0	259.0
60060	2012-05-09 23:57:00	2012-05-10 00:01:00	2012-05-10 00:04:00	B7.7	11476.0	POINT(-15 6)	6	-15	-260.0	164.0
60070	2012-05-10 00:10:00	2012-05-10 00:14:00	2012-05-10 00:16:00	C1.4	11476.0	POINT(-14 8)	8	-14	-243.0	183.0
60080	2012-05-10 00:48:00	2012-05-10 00:51:00	2012-05-10 00:53:00	B8.5	11474.0	POINT(-20 11)	11	-20	-330.0	241.0
60090	2012-05-10 01:44:00	2012-05-10 01:48:00	2012-05-10 01:52:00	C2.4	11476.0	POINT(-20 12)	12	-20	-325.0	249.0
60100	2012-05-10 01:57:00	2012-05-10 02:00:00	2012-05-10 02:04:00	C1.9		POINT(-20 11)	11	-20	-324.0	242.0
60110	2012-05-10 02:09:00	2012-05-10 02:13:00	2012-05-10 02:16:00	C1.2	11476.0	POINT(-29 14)	14	-29	-453.0	288.0
60120	2012-05-10 04:11:00	2012-05-10 04:18:00	2012-05-10 04:23:00	M5.7	11476.0	POINT(-22 12)	12	-22	-356.0	260.0
60130	2012-05-10 05:04:00	2012-05-10 05:10:00	2012-05-10 05:16:00	C7.9	11476.0	POINT(-17 10)	10	-17	-279.0	220.0
60140	2012-05-10 05:17:00	2012-05-10 05:22:00	2012-05-10 05:25:00	C8.3	11476.0	POINT(-16 11)	11	-16	-263.0	232.0
60150	2012-05-10 05:55:00	2012-05-10 06:01:00	2012-05-10 06:06:00	C3.1	11476.0	POINT(-17 12)	12	-17	-285.0	261.0
60160	2012-05-10 06:19:00	2012-05-10 06:22:00	2012-05-10 06:29:00	C3.6	11476.0	POINT(-17 11)	11	-17	-287.0	243.0
60170	2012-05-10 07:32:00	2012-05-10 07:35:00	2012-05-10 07:38:00	C1.4	11476.0	POINT(-12 6)	6	-12	-207.0	160.0
60180	2012-05-10 08:08:00	2012-05-10 08:11:00	2012-05-10 08:14:00	B8.9	11476.0	POINT(-13 8)	8	-13	-221.0	194.0
60190	2012-05-10 10:22:00	2012-05-10 10:35:00	2012-05-10 10:39:00	C1.0	11476.0	POINT(-15 10)	10	-15	-250.0	230.0
60200	2012-05-10 12:10:00	2012-05-10 12:15:00	2012-05-10 12:21:00	C1.1	11476.0	POINT(-12 9)	9	-12	-207.0	205.0
60210	2012-05-10 12:34:00	2012-05-10 12:37:00	2012-05-10 12:42:00	C2.2	11476.0	POINT(-14 12)	12	-14	-236.0	247.0
60220	2012-05-10 13:10:00	2012-05-10 13:15:00	2012-05-10 13:26:00	C1.9	11476.0	POINT(-9 6)	6	-9	-154.0	156.0
60230	2012-05-10 13:34:00	2012-05-10 13:40:00	2012-05-10 13:44:00	C4.7	11476.0	POINT(-9 7)	7	-9	-157.0	180.0
60240	2012-05-10 13:52:00	2012-05-10 13:57:00	2012-05-10 14:01:00	C4.2	11476.0	POINT(-9 7)	7	-9	-149.0	182.0
60250	2012-05-10 16:55:00	2012-05-10 16:59:00	2012-05-10 17:04:00	C3.3	11476.0	POINT(-7 7)	7	-7	-122.0	180.0
60260	2012-05-10 19:10:00	2012-05-10 19:18:00	2012-05-10 19:28:00	C1.4		POINT(-5 6)	6	-5	-96.0	158.0
60270	2012-05-10 20:20:00	2012-05-10 20:26:00	2012-05-10 20:30:00	M1.7	11476.0	POINT(-12 12)	12	-12	-206.0	260.0
60280	2012-05-11 03:35:00	2012-05-11 03:42:00	2012-05-11 03:46:00	C3.1	11476.0	POINT(-12 14)	14	-12	-207.0	278.0
60290	2012-05-11 04:18:00	2012-05-11 04:21:00	2012-05-11 04:27:00	C1.0		POINT(0 6)	6	0	-8.0	161.0
60300	2012-05-11 04:28:00	2012-05-11 04:35:00	2012-05-11 04:39:00	C1.9	11476.0	POINT(-2 7)	7	-2	-40.0	182.0
60310	2012-05-11 05:24:00	2012-05-11 05:27:00	2012-05-11 05:30:00	C1.1	11476.0	POINT(-88 14)	14	-88	-926.0	248.0
60320	2012-05-11 05:33:00	2012-05-11 05:37:00	2012-05-11 05:41:00	C1.3		POINT(-1 8)	8	-1	-22.0	184.0
60330	2012-05-11 07:00:00	2012-05-11 07:05:00	2012-05-11 07:18:00	C1.2	11476.0	POINT(1 14)	14	1	28.0	281.0
60340	2012-05-11 07:39:00	2012-05-11 07:43:00	2012-05-11 07:45:00	C1.2	11476.0	POINT(0 7)	7	0	6.0	168.0
60350	2012-05-11 08:09:00	2012-05-11 08:16:00	2012-05-11 08:20:00	C1.7	11476.0	POINT(1 7)	7	1	18.0	176.0
60360	2012-05-11 08:29:00	2012-05-11 08:35:00	2012-05-11 08:35:00	C2.8	11476.0	POINT(-5 12)	12	-5	-93.0	263.0
60370	2012-05-11 09:37:00	2012-05-11 09:46:00	2012-05-11 09:52:00	C2.3	11476.0	POINT(2 7)	7	2	36.0	174.0
60380	2012-05-11 10:13:00	2012-05-11 10:16:00	2012-05-11 10:19:00	C1.3		POINT(3 6)	6	3	50.0	165.0
60390	2012-05-11 10:35:00	2012-05-11 10:36:00	2012-05-11 10:42:00	B9.6		POINT(-89 -15)	-15	-89	-920.0	-262.0
60400	2012-05-11 11:02:00	2012-05-11 11:22:00	2012-05-11 11:33:00	C1.2		POINT(2 7)	7	2	48.0	179.0
60410	2012-05-11 12:00:00	2012-05-11 12:03:00	2012-05-11 12:05:00	C1.3		POINT(3 7)	7	3	53.0	173.0
60420	2012-05-11 12:10:00	2012-05-11 12:16:00	2012-05-11 12:25:00	C1.5	11476.0	POINT(2 6)	6	2	42.0	160.0
60430	2012-05-11 12:58:00	2012-05-11 13:05:00	2012-05-11 13:14:00	C4.3	11476.0	POINT(4 6)	6	4	81.0	165.0
60440	2012-05-11 14:18:00	2012-05-11 14:23:00	2012-05-11 14:25:00	C3.5	11476.0	POINT(-6 13)	13	-6	-104.0	275.0
60450	2012-05-11 17:08:00	2012-05-11 17:16:00	2012-05-11 17:20:00	C2.1	11476.0	POINT(-2 13)	13	-2	-33.0	266.0
60460	2012-05-11 17:31:00	2012-05-11 17:38:00	2012-05-11 17:46:00	C6.1	11476.0	POINT(7 7)	7	7	117.0	174.0
60470	2012-05-11 18:52:00	2012-05-11 18:56:00	2012-05-11 19:00:00	C1.6	11476.0	POINT(0 12)	12	0	-7.0	261.0
60480	2012-05-11 19:54:00	2012-05-11 20:16:00	2012-05-11 20:38:00	C4.1	11476.0	POINT(7 5)	5	7	122.0	145.0
60490	2012-05-11 23:02:00	2012-05-11 23:44:00	2012-05-12 00:33:00	C3.2	11476.0	POINT(12 5)	5	12	210.0	145.0
60500	2012-05-12 03:17:00	2012-05-12 03:21:00	2012-05-12 03:26:00	C1.2		POINT(9 11)	11	9	147.0	238.0
60510	2012-05-12 04:36:00	2012-05-12 04:39:00	2012-05-12 04:43:00	C1.3	11476.0	POINT(4 12)	12	4	69.0	257.0
60520	2012-05-12 05:07:00	2012-05-12 05:17:00	2012-05-12 05:23:00	C1.9	11476.0	POINT(14 6)	6	14	240.0	162.0
60530	2012-05-12 06:49:00	2012-05-12 06:55:00	2012-05-12 07:00:00	C1.7	11476.0	POINT(15 7)	7	15	257.0	164.0
60540	2012-05-12 07:11:00	2012-05-12 07:15:00	2012-05-12 07:19:00	C1.5		POINT(16 6)	6	16	261.0	161.0
60550	2012-05-12 09:18:00	2012-05-12 09:24:00	2012-05-12 09:30:00	C1.4	11476.0	POINT(17 7)	7	17	279.0	162.0
60560	2012-05-12 12:37:00	2012-05-12 12:48:00	2012-05-12 12:51:00	C1.4	11476.0	POINT(18 6)	6	18	303.0	158.0
60570	2012-05-12 13:19:00	2012-05-12 13:25:00	2012-05-12 13:37:00	C2.5	11476.0	POINT(15 7)	7	15	249.0	165.0
60580	2012-05-13 01:55:00	2012-05-13 02:02:00	2012-05-13 02:09:00	C1.1	11476.0	POINT(22 7)	7	22	357.0	165.0
60590	2012-05-13 02:51:00	2012-05-13 02:57:00	2012-05-13 03:02:00	B8.7		POINT(22 8)	8	22	362.0	176.0
60600	2012-05-13 04:01:00	2012-05-13 04:08:00	2012-05-13 04:15:00	C4.4	11476.0	POINT(24 8)	8	24	385.0	185.0
60610	2012-05-13 07:21:00	2012-05-13 08:14:00	2012-05-13 08:20:00	C7.0	11476.0	POINT(24 8)	8	24	395.0	180.0
60620	2012-05-13 22:26:00	2012-05-13 22:32:00	2012-05-13 22:43:00	B9.9	11476.0	POINT(33 14)	14	33	511.0	268.0
60630	2012-05-14 00:38:00	2012-05-14 00:45:00	2012-05-14 00:52:00	C1.0	11476.0	POINT(35 8)	8	35	547.0	182.0
60640	2012-05-14 04:24:00	2012-05-14 04:29:00	2012-05-14 04:35:00	B8.0	11476.0	POINT(37 9)	9	37	570.0	188.0
60650	2012-05-14 07:14:00	2012-05-14 07:38:00	2012-05-14 07:43:00	C4.1	11476.0	POINT(39 8)	8	39	595.0	180.0
60660	2012-05-14 09:35:00	2012-05-14 09:39:00	2012-05-14 09:46:00	C2.5	11476.0	POINT(45 7)	7	45	671.0	157.0
60670	2012-05-14 10:25:00	2012-05-14 10:28:00	2012-05-14 10:31:00	B8.2		POINT(39 10)	10	39	601.0	208.0
60680	2012-05-14 13:33:00	2012-05-14 13:38:00	2012-05-14 13:42:00	C1.0	11483.0	POINT(-46 -26)	-26	-46	-623.0	-389.0
60690	2012-05-14 15:42:00	2012-05-14 15:48:00	2012-05-14 15:52:00	B7.0	11476.0	POINT(42 10)	10	42	631.0	207.0
60700	2012-05-14 16:09:00	2012-05-14 16:15:00	2012-05-14 16:20:00	C3.2	11476.0	POINT(43 9)	9	43	644.0	182.0
60710	2012-05-14 18:35:00	2012-05-14 18:45:00	2012-05-14 18:56:00	B9.2	11476.0	POINT(50 6)	6	50	731.0	140.0
60720	2012-05-14 19:22:00	2012-05-14 19:26:00	2012-05-14 19:31:00	C1.7	11483.0	POINT(-43 -26)	-26	-43	-584.0	-392.0
60730	2012-05-14 20:20:00	2012-05-14 20:23:00	2012-05-14 20:28:00	B8.1	11484.0	POINT(-68 9)	9	-68	-873.0	177.0
60740	2012-05-14 22:04:00	2012-05-14 22:09:00	2012-05-14 22:19:00	B9.6	11476.0	POINT(46 8)	8	46	678.0	168.0
60750	2012-05-14 23:51:00	2012-05-15 00:03:00	2012-05-15 00:13:00	C1.5	11476.0	POINT(48 8)	8	48	709.0	169.0
60760	2012-05-15 09:37:00	2012-05-15 09:45:00	2012-05-15 10:04:00	C1.7	11476.0	POINT(52 7)	7	52	743.0	157.0
60770	2012-05-15 11:46:00	2012-05-15 11:50:00	2012-05-15 11:55:00	B8.2		POINT(55 8)	8	55	777.0	162.0
60780	2012-05-15 16:30:00	2012-05-15 17:03:00	2012-05-15 17:20:00	C1.3		POINT(-27 14)	14	-27	-428.0	279.0
60790	2012-05-15 17:24:00	2012-05-15 17:47:00	2012-05-15 18:30:00	C1.6		POINT(-27 15)	15	-27	-431.0	287.0
60800	2012-05-15 19:41:00	2012-05-15 19:45:00	2012-05-15 19:47:00	B9.0	11482.0	POINT(-25 14)	14	-25	-402.0	270.0
60810	2012-05-15 19:54:00	2012-05-15 19:57:00	2012-05-15 19:57:00	C1.0	11476.0	POINT(58 11)	11	58	795.0	206.0
60820	2012-05-15 22:11:00	2012-05-15 22:16:00	2012-05-15 22:18:00	C3.0	11476.0	POINT(61 12)	12	61	811.0	228.0
60830	2012-05-16 00:14:00	2012-05-16 00:18:00	2012-05-16 00:21:00	C1.7	11484.0	POINT(-52 10)	10	-52	-745.0	200.0
60840	2012-05-16 09:10:00	2012-05-16 09:21:00	2012-05-16 09:33:00	C2.5	11476.0	POINT(65 10)	10	65	851.0	187.0
60850	2012-05-16 12:21:00	2012-05-16 12:26:00	2012-05-16 12:30:00	C1.0	11476.0	POINT(69 8)	8	69	878.0	149.0
60860	2012-05-17 01:25:00	2012-05-17 01:47:00	2012-05-17 02:14:00	M5.1	11476.0	POINT(88 7)	7	88	939.0	128.0
60870	2012-05-17 11:50:00	2012-05-17 11:54:00	2012-05-17 12:00:00	C1.1		POINT(89 16)	16	89	916.0	267.0
60880	2012-05-17 18:52:00	2012-05-17 19:02:00	2012-05-17 19:37:00	C1.3	11476.0	POINT(88 17)	17	88	907.0	291.0
60890	2012-05-17 19:47:00	2012-05-17 19:58:00	2012-05-17 20:17:00	C1.4		POINT(89 9)	9	89	939.0	164.0
60900	2012-05-17 21:17:00	2012-05-17 21:32:00	2012-05-17 21:44:00	C1.3	11476.0	POINT(89 16)	16	89	926.0	267.0
60910	2012-05-17 22:45:00	2012-05-17 23:03:00	2012-05-17 23:25:00	C1.3	11476.0	POINT(89 16)	16	89	921.0	266.0
60920	2012-05-18 04:45:00	2012-05-18 04:51:00	2012-05-18 04:55:00	B7.7	11482.0	POINT(10 13)	13	10	161.0	258.0
60930	2012-05-18 07:53:00	2012-05-18 08:23:00	2012-05-18 08:39:00	C3.6	11476.0	POINT(89 15)	15	89	924.0	264.0
60940	2012-05-18 12:52:00	2012-05-18 13:15:00	2012-05-18 13:34:00	C2.0		POINT(89 15)	15	89	938.0	254.0
60950	2012-05-18 13:36:00	2012-05-18 13:47:00	2012-05-18 13:55:00	C2.1		POINT(89 15)	15	89	942.0	260.0
60960	2012-05-18 14:47:00	2012-05-18 14:57:00	2012-05-18 15:11:00	C1.3		POINT(89 15)	15	89	926.0	254.0
60970	2012-05-18 15:44:00	2012-05-18 15:56:00	2012-05-18 16:14:00	C1.9		POINT(89 14)	14	89	929.0	248.0
60980	2012-05-18 18:30:00	2012-05-18 18:59:00	2012-05-18 19:21:00	C1.9		POINT(89 15)	15	89	928.0	253.0
60990	2012-05-18 23:41:00	2012-05-18 23:59:00	2012-05-19 00:22:00	C2.2	11476.0	POINT(89 15)	15	89	930.0	249.0
61000	2012-05-19 01:15:00	2012-05-19 01:23:00	2012-05-19 01:31:00	C1.1	11479.0	POINT(24 16)	16	24	382.0	297.0
61010	2012-05-19 05:26:00	2012-05-19 05:50:00	2012-05-19 06:30:00	B9.6		POINT(89 14)	14	89	926.0	247.0
61020	2012-05-19 12:04:00	2012-05-19 12:18:00	2012-05-19 12:31:00	C1.0	11479.0	POINT(28 12)	12	28	448.0	242.0
61030	2012-05-22 04:00:00	2012-05-22 04:04:00	2012-05-22 04:10:00	B4.8	11485.0	POINT(30 11)	11	30	470.0	209.0
61040	2012-05-22 07:31:00	2012-05-22 07:35:00	2012-05-22 07:38:00	B5.9	11484.0	POINT(32 11)	11	32	495.0	210.0
61050	2012-05-22 23:37:00	2012-05-22 23:50:00	2012-05-23 00:05:00	B5.6		POINT(43 10)	10	43	638.0	193.0
61060	2012-05-23 00:15:00	2012-05-23 00:27:00	2012-05-23 00:35:00	C1.2	11484.0	POINT(42 11)	11	42	627.0	202.0
61070	2012-05-23 01:40:00	2012-05-23 01:45:00	2012-05-23 01:49:00	B9.7	11488.0	POINT(-53 12)	12	-53	-741.0	225.0
61080	2012-05-23 11:02:00	2012-05-23 11:08:00	2012-05-23 11:15:00	B7.1	11484.0	POINT(75 -25)	-25	75	829.0	-403.0
61090	2012-05-24 10:42:00	2012-05-24 11:07:00	2012-05-24 11:26:00	C1.0		POINT(67 11)	11	67	859.0	196.0
61100	2012-05-24 11:33:00	2012-05-24 11:37:00	2012-05-24 11:43:00	C1.1		POINT(89 15)	15	89	923.0	252.0
61110	2012-05-24 14:44:00	2012-05-24 14:55:00	2012-05-24 15:10:00	C1.1		POINT(11 21)	21	11	179.0	372.0
61120	2012-05-24 16:07:00	2012-05-24 16:11:00	2012-05-24 16:15:00	B9.0		POINT(-89 -9)	-9	-89	-946.0	-165.0
61130	2012-05-24 17:33:00	2012-05-24 17:37:00	2012-05-24 17:39:00	B9.8		POINT(-89 -9)	-9	-89	-949.0	-153.0
61140	2012-05-24 18:41:00	2012-05-24 18:45:00	2012-05-24 18:49:00	C1.3		POINT(-89 -11)	-11	-89	-940.0	-185.0
61150	2012-05-24 19:57:00	2012-05-24 20:09:00	2012-05-24 20:14:00	C3.9	11488.0	POINT(-89 -14)	-14	-89	-924.0	-240.0
61160	2012-05-25 01:56:00	2012-05-25 02:01:00	2012-05-25 02:05:00	C1.5		POINT(-89 -10)	-10	-89	-939.0	-180.0
61170	2012-05-25 10:09:00	2012-05-25 10:14:00	2012-05-25 10:22:00	C1.6		POINT(-89 -10)	-10	-89	-929.0	-180.0
61180	2012-05-25 10:54:00	2012-05-25 11:01:00	2012-05-25 11:08:00	C1.2		POINT(-84 -14)	-14	-84	-911.0	-239.0
61190	2012-05-25 11:24:00	2012-05-25 11:27:00	2012-05-25 11:33:00	B9.5		POINT(76 9)	9	76	908.0	165.0
61200	2012-05-25 12:53:00	2012-05-25 13:10:00	2012-05-26 13:25:00	B7.2		POINT(-86 -10)	-10	-86	-928.0	-177.0
61210	2012-05-25 15:49:00	2012-05-25 15:55:00	2012-05-25 16:05:00	C1.4		POINT(-79 -15)	-15	-79	-898.0	-242.0
61220	2012-05-25 19:53:00	2012-05-25 19:58:00	2012-05-25 20:00:00	C2.1	11492.0	POINT(-80 -12)	-12	-80	-911.0	-204.0
61230	2012-05-25 20:02:00	2012-05-25 20:07:00	2012-05-25 20:09:00	C2.0	11492.0	POINT(-82 -12)	-12	-82	-916.0	-203.0
61240	2012-05-25 23:07:00	2012-05-25 23:10:00	2012-05-25 23:12:00	C1.1	11492.0	POINT(-13 11)	11	-13	-217.0	216.0
61250	2012-05-26 01:36:00	2012-05-26 01:39:00	2012-05-26 01:39:00	B8.6		POINT(-76 -12)	-12	-76	-899.0	-198.0
61260	2012-05-26 04:38:00	2012-05-26 04:42:00	2012-05-26 04:44:00	B8.2	11492.0	POINT(-76 -12)	-12	-76	-899.0	-199.0
61270	2012-05-26 05:39:00	2012-05-26 05:42:00	2012-05-26 05:44:00	B5.7		POINT(-75 -13)	-13	-75	-891.0	-221.0
61280	2012-05-26 06:04:00	2012-05-26 06:07:00	2012-05-26 06:09:00	B6.6		POINT(-41 -12)	-12	-41	-615.0	-181.0
61290	2012-05-26 09:05:00	2012-05-26 09:07:00	2012-05-26 09:18:00	C1.5	11492.0	POINT(89 10)	10	89	937.0	174.0
61300	2012-05-26 11:10:00	2012-05-26 11:14:00	2012-05-26 11:18:00	B6.8		POINT(-11 11)	11	-11	-186.0	204.0
61310	2012-05-26 16:04:00	2012-05-26 16:05:00	2012-05-26 16:13:00	C2.7	11492.0	POINT(89 10)	10	89	941.0	172.0
61320	2012-05-26 18:26:00	2012-05-26 18:29:00	2012-05-26 18:32:00	B5.7	11491.0	POINT(40 22)	22	40	565.0	378.0
61330	2012-05-26 18:48:00	2012-05-26 18:56:00	2012-05-26 19:03:00	B6.3		POINT(-62 -13)	-13	-62	-816.0	-219.0
61340	2012-05-26 21:26:00	2012-05-26 21:29:00	2012-05-26 21:32:00	B5.5	11490.0	POINT(-33 -13)	-13	-33	-516.0	-201.0
61350	2012-05-26 22:58:00	2012-05-26 23:01:00	2012-05-26 23:03:00	B5.7		POINT(-66 -13)	-13	-66	-844.0	-210.0
61360	2012-05-27 02:50:00	2012-05-27 02:58:00	2012-05-27 03:05:00	B8.3		POINT(-58 -12)	-12	-58	-792.0	-191.0
61370	2012-05-27 04:35:00	2012-05-27 05:51:00	2012-05-27 07:00:00	C3.1	11492.0	POINT(-60 -11)	-11	-60	-813.0	-174.0
61380	2012-05-27 04:42:00	2012-05-27 05:52:00	2012-05-27 06:32:00	C3.1	11492.0	POINT(-60 -11)	-11	-60	-812.0	-174.0
61390	2012-05-28 05:27:00	2012-05-28 05:32:00	2012-05-28 05:43:00	B5.2	11490.0	POINT(-16 -11)	-11	-16	-266.0	-179.0
61400	2012-05-28 11:44:00	2012-05-28 11:47:00	2012-05-28 11:50:00	B6.1	11490.0	POINT(-9 -10)	-10	-9	-149.0	-158.0
61410	2012-05-28 12:33:00	2012-05-28 12:49:00	2012-05-28 13:10:00	B7.4	11491.0	POINT(64 22)	22	64	791.0	375.0
61420	2012-05-28 14:09:00	2012-05-28 14:19:00	2012-05-28 14:36:00	B6.8	11490.0	POINT(-10 -11)	-11	-10	-176.0	-170.0
61430	2012-05-29 04:51:00	2012-05-29 04:55:00	2012-05-29 05:00:00	B3.5	11492.0	POINT(-31 -14)	-14	-31	-474.0	-231.0
61440	2012-05-30 01:43:00	2012-05-30 02:26:00	2012-05-30 02:54:00	B9.3	11488.0	POINT(46 11)	11	46	671.0	192.0
61450	2012-05-30 08:36:00	2012-05-30 08:50:00	2012-05-30 09:07:00	C1.0	11494.0	POINT(-89 13)	13	-89	-933.0	224.0
61460	2012-05-30 18:56:00	2012-05-30 19:07:00	2012-05-30 19:30:00	B8.7		POINT(-89 11)	11	-89	-939.0	195.0
61470	2012-05-30 21:55:00	2012-05-30 21:59:00	2012-05-30 22:03:00	C1.0	11494.0	POINT(-89 -18)	-18	-89	-905.0	-309.0
61480	2012-05-31 01:03:00	2012-05-31 01:27:00	2012-05-31 01:40:00	C1.5	11493.0	POINT(-78 13)	13	-78	-901.0	228.0
61490	2012-05-31 05:15:00	2012-05-31 05:49:00	2012-05-31 06:20:00	C1.3		POINT(-89 15)	15	-89	-912.0	258.0
61500	2012-05-31 06:35:00	2012-05-31 06:43:00	2012-05-31 06:55:00	C1.2		POINT(-89 11)	11	-89	-939.0	193.0
61510	2012-05-31 13:26:00	2012-05-31 14:32:00	2012-05-31 14:46:00	C2.2	11493.0	POINT(-25 -13)	-13	-25	-399.0	-215.0
61520	2012-05-31 15:30:00	2012-05-31 15:36:00	2012-05-31 15:41:00	C2.5	11493.0	POINT(-89 11)	11	-89	-932.0	194.0
61530	2012-05-31 17:36:00	2012-05-31 17:40:00	2012-05-31 17:42:00	C1.4	11493.0	POINT(-68 15)	15	-68	-848.0	249.0
61540	2012-05-31 22:53:00	2012-05-31 22:56:00	2012-05-31 23:25:00	B6.6		POINT(-89 11)	11	-89	-938.0	186.0
61550	2012-05-31 22:54:00	2012-05-31 23:17:00	2012-05-31 23:22:00	C1.3	11493.0	POINT(-64 13)	13	-64	-828.0	230.0
61560	2012-05-31 23:27:00	2012-05-31 23:36:00	2012-05-31 23:48:00	C1.2	11493.0	POINT(-64 12)	12	-64	-831.0	217.0
61570	2012-06-01 05:26:00	2012-06-01 05:34:00	2012-06-01 05:41:00	C2.1	11496.0	POINT(-84 12)	12	-84	-920.0	201.0
61580	2012-06-01 07:37:00	2012-06-01 07:40:00	2012-06-01 07:43:00	C1.1	11493.0	POINT(-59 15)	15	-59	-792.0	239.0
61590	2012-06-01 17:02:00	2012-06-01 17:10:00	2012-06-01 17:16:00	C2.4	11498.0	POINT(-74 11)	11	-74	-893.0	194.0
61600	2012-06-01 19:37:00	2012-06-01 19:40:00	2012-06-01 19:43:00	C1.8	11488.0	POINT(81 13)	13	81	918.0	182.0
61610	2012-06-01 22:30:00	2012-06-01 22:41:00	2012-06-01 23:02:00	C3.3		POINT(89 12)	12	89	935.0	215.0
61620	2012-06-02 01:01:00	2012-06-02 01:05:00	2012-06-02 01:08:00	C2.2	11498.0	POINT(-70 6)	6	-70	-885.0	108.0
61630	2012-06-02 04:15:00	2012-06-02 04:31:00	2012-06-02 04:55:00	C1.5	11493.0	POINT(-42 16)	16	-42	-613.0	281.0
61640	2012-06-03 12:06:00	2012-06-03 12:09:00	2012-06-03 12:11:00	C1.6	11496.0	POINT(-41 19)	19	-41	-583.0	279.0
61650	2012-06-03 17:48:00	2012-06-03 17:55:00	2012-06-03 17:57:00	M3.3	11496.0	POINT(-38 16)	16	-38	-567.0	275.0
61660	2012-06-04 09:31:00	2012-06-04 09:36:00	2012-06-04 09:38:00	C1.0	11496.0	POINT(-30 18)	18	-30	-467.0	278.0
61670	2012-06-04 15:35:00	2012-06-04 15:42:00	2012-06-04 16:05:00	B9.9	11494.0	POINT(-26 -20)	-20	-26	-415.0	-317.0
61680	2012-06-04 16:46:00	2012-06-04 16:58:00	2012-06-04 17:16:00	C1.1	11499.0	POINT(-36 15)	15	-36	-554.0	228.0
61690	2012-06-05 07:46:00	2012-06-05 07:55:00	2012-06-05 08:08:00	C1.1	11494.0	POINT(-15 -17)	-17	-15	-220.0	-290.0
61700	2012-06-05 11:53:00	2012-06-05 11:57:00	2012-06-05 11:59:00	C1.5	11499.0	POINT(-30 17)	17	-30	-466.0	253.0
61710	2012-06-05 17:56:00	2012-06-05 17:59:00	2012-06-05 18:02:00	B8.3	11499.0	POINT(-27 16)	16	-27	-417.0	260.0
61720	2012-06-05 19:11:00	2012-06-05 19:16:00	2012-06-05 19:28:00	B9.8		POINT(-26 15)	15	-26	0.0	2.0
61730	2012-06-05 20:22:00	2012-06-05 20:23:00	2012-06-05 20:28:00	C1.2		POINT(-23 16)	16	-23	-393.0	258.0
61740	2012-06-05 20:49:00	2012-06-05 20:59:00	2012-06-05 21:09:00	C4.2	11499.0	POINT(-19 16)	16	-19	-322.0	297.0
61750	2012-06-05 21:45:00	2012-06-05 21:54:00	2012-06-05 21:57:00	C1.0	11499.0	POINT(-24 15)	15	-24	-377.0	257.0
61760	2012-06-05 23:06:00	2012-06-05 23:13:00	2012-06-05 23:26:00	C1.0	11498.0	POINT(-14 7)	7	-14	-227.0	112.0
61770	2012-06-06 02:12:00	2012-06-06 02:19:00	2012-06-06 02:26:00	C1.8	11494.0	POINT(73 -13)	-13	73	881.0	-216.0
61780	2012-06-06 13:09:00	2012-06-06 13:30:00	2012-06-06 13:40:00	B8.6		POINT(55 -16)	-16	55	746.0	-274.0
61790	2012-06-06 16:14:00	2012-06-06 16:20:00	2012-06-06 16:32:00	C1.2	11499.0	POINT(-15 16)	16	-15	-219.0	259.0
61800	2012-06-06 17:03:00	2012-06-06 17:06:00	2012-06-06 17:11:00	C1.0	11494.0	POINT(1 -20)	-20	1	23.0	-320.0
61810	2012-06-06 17:55:00	2012-06-06 18:05:00	2012-06-06 18:10:00	C1.0	11492.0	POINT(84 -21)	-21	84	872.0	-351.0
61820	2012-06-06 19:54:00	2012-06-06 20:06:00	2012-06-06 20:13:00	M2.1	11494.0	POINT(5 -19)	-19	5	74.0	-302.0
61830	2012-06-06 21:27:00	2012-06-06 21:33:00	2012-06-06 21:54:00	C1.2	11499.0	POINT(-14 16)	16	-14	-199.0	259.0
61840	2012-06-06 22:29:00	2012-06-06 22:36:00	2012-06-06 22:41:00	C1.1	11499.0	POINT(-12 16)	16	-12	-176.0	260.0
61850	2012-06-06 23:00:00	2012-06-06 23:04:00	2012-06-06 23:11:00	C1.1	11494.0	POINT(5 -18)	-18	5	87.0	-306.0
61860	2012-06-06 23:56:00	2012-06-07 00:00:00	2012-06-07 00:05:00	C1.0	11494.0	POINT(6 -19)	-19	6	96.0	-300.0
61870	2012-06-07 00:06:00	2012-06-07 00:07:00	2012-06-07 00:30:00	C1.6	11498.0	POINT(-1 5)	5	-1	-18.0	93.0
61880	2012-06-07 00:37:00	2012-06-07 00:41:00	2012-06-07 00:44:00	C1.2	11494.0	POINT(89 -13)	-13	89	929.0	-218.0
61890	2012-06-07 01:49:00	2012-06-07 01:58:00	2012-06-07 02:06:00	C1.0	11498.0	POINT(-4 6)	6	-4	-75.0	113.0
61900	2012-06-07 02:23:00	2012-06-07 02:39:00	2012-06-07 02:55:00	C1.2	11498.0	POINT(-6 9)	9	-6	-101.0	152.0
61910	2012-06-07 03:11:00	2012-06-07 03:29:00	2012-06-07 03:36:00	C1.0	11493.0	POINT(89 -20)	-20	89	894.0	-339.0
61920	2012-06-07 05:51:00	2012-06-07 05:56:00	2012-06-07 06:10:00	C1.5	11494.0	POINT(7 -17)	-17	7	165.0	-292.0
61930	2012-06-07 12:06:00	2012-06-07 12:16:00	2012-06-07 12:26:00	C2.0		POINT(2 14)	14	2	42.0	234.0
61940	2012-06-07 13:02:00	2012-06-07 13:03:00	2012-06-07 13:18:00	C1.1	11499.0	POINT(2 14)	14	2	17.0	217.0
61950	2012-06-07 13:40:00	2012-06-07 13:40:00	2012-06-07 13:46:00	C1.1	11499.0	POINT(0 12)	12	0	0.0	0.0
61960	2012-06-07 14:19:00	2012-06-07 14:28:00	2012-06-07 14:37:00	C2.7	11499.0	POINT(2 13)	13	2	44.0	230.0
61970	2012-06-07 15:29:00	2012-06-07 15:43:00	2012-06-07 15:55:00	C9.1	11499.0	POINT(6 13)	13	6	79.0	223.0
61980	2012-06-07 19:27:00	2012-06-07 19:32:00	2012-06-07 19:35:00	C1.1	11493.0	POINT(33 14)	14	33	513.0	216.0
61990	2012-06-07 19:36:00	2012-06-07 19:42:00	2012-06-07 19:45:00	C1.8	11493.0	POINT(34 13)	13	34	519.0	212.0
62000	2012-06-08 02:51:00	2012-06-08 03:07:00	2012-06-08 03:22:00	C7.7	11494.0	POINT(21 -19)	-19	21	325.0	-313.0
62010	2012-06-08 07:11:00	2012-06-08 07:16:00	2012-06-08 07:18:00	C4.8	11493.0	POINT(40 13)	13	40	594.0	213.0
62020	2012-06-09 03:00:00	2012-06-09 03:08:00	2012-06-09 03:20:00	C1.5	11499.0	POINT(21 15)	15	21	303.0	261.0
62030	2012-06-09 10:27:00	2012-06-09 10:32:00	2012-06-09 10:37:00	C1.5	11499.0	POINT(-81 -15)	-15	-81	-899.0	-260.0
62040	2012-06-09 11:20:00	2012-06-09 11:32:00	2012-06-09 11:35:00	M1.9	11504.0	POINT(-80 -15)	-15	-80	-896.0	-259.0
62050	2012-06-09 15:23:00	2012-06-09 15:27:00	2012-06-09 15:31:00	C1.7		POINT(69 -22)	-22	69	816.0	-366.0
62060	2012-06-09 16:45:00	2012-06-09 16:53:00	2012-06-09 16:56:00	M1.8	11504.0	POINT(-74 -17)	-17	-74	-881.0	-264.0
62070	2012-06-09 18:30:00	2012-06-09 18:34:00	2012-06-09 18:36:00	C1.2		POINT(72 -22)	-22	72	831.0	-363.0
62080	2012-06-09 23:11:00	2012-06-09 23:14:00	2012-06-09 23:16:00	B8.7		POINT(73 -23)	-23	73	833.0	-374.0
62090	2012-06-10 00:19:00	2012-06-10 00:26:00	2012-06-10 00:32:00	B8.6		POINT(32 16)	16	32	494.0	263.0
62100	2012-06-10 01:27:00	2012-06-10 02:08:00	2012-06-10 02:20:00	C1.0		POINT(31 16)	16	31	469.0	267.0
62110	2012-06-10 04:39:00	2012-06-10 04:51:00	2012-06-10 04:59:00	C1.1	11504.0	POINT(-70 -16)	-16	-70	-855.0	-266.0
62120	2012-06-10 06:39:00	2012-06-10 06:45:00	2012-06-10 06:50:00	M1.3	11504.0	POINT(-66 -15)	-15	-66	-836.0	-261.0
62130	2012-06-10 18:10:00	2012-06-10 18:15:00	2012-06-10 18:21:00	C1.3	11504.0	POINT(-59 -17)	-17	-59	-792.0	-262.0
62140	2012-06-10 19:42:00	2012-06-10 19:51:00	2012-06-10 19:58:00	C2.3	11504.0	POINT(-59 -17)	-17	-59	-782.0	-266.0
62150	2012-06-10 23:16:00	2012-06-10 23:21:00	2012-06-10 23:25:00	C1.1	11504.0	POINT(-56 -17)	-17	-56	-764.0	-264.0
62160	2012-06-11 04:12:00	2012-06-11 04:27:00	2012-06-11 04:43:00	C1.1	11499.0	POINT(53 14)	14	53	732.0	236.0
62170	2012-06-11 11:25:00	2012-06-11 11:29:00	2012-06-11 11:35:00	C1.1	11507.0	POINT(-21 -24)	-24	-21	-321.0	-408.0
62180	2012-06-11 12:32:00	2012-06-11 12:37:00	2012-06-11 13:06:00	B9.8	11507.0	POINT(-21 -24)	-24	-21	-320.0	-408.0
62190	2012-06-11 14:43:00	2012-06-11 14:47:00	2012-06-11 14:52:00	C1.0	11507.0	POINT(-27 -25)	-25	-27	-392.0	-418.0
62200	2012-06-11 15:35:00	2012-06-11 15:42:00	2012-06-11 15:50:00	C1.5	11507.0	POINT(-19 -25)	-25	-19	-294.0	-407.0
62210	2012-06-11 17:01:00	2012-06-11 17:04:00	2012-06-11 17:08:00	C1.5	11507.0	POINT(-19 -24)	-24	-19	-280.0	-405.0
62220	2012-06-11 18:59:00	2012-06-11 19:03:00	2012-06-11 19:11:00	C1.5	11507.0	POINT(-18 -25)	-25	-18	-266.0	-406.0
62230	2012-06-11 21:01:00	2012-06-11 21:04:00	2012-06-11 21:12:00	C1.5	11499.0	POINT(55 16)	16	55	756.0	250.0
62240	2012-06-12 02:13:00	2012-06-12 02:17:00	2012-06-12 02:20:00	C1.0	11506.0	POINT(-48 10)	10	-48	-700.0	168.0
62250	2012-06-12 02:34:00	2012-06-12 02:38:00	2012-06-12 02:49:00	C1.1	11506.0	POINT(-49 10)	10	-49	-707.0	170.0
62260	2012-06-12 03:11:00	2012-06-12 03:15:00	2012-06-12 03:19:00	C2.1	11506.0	POINT(-49 12)	12	-49	-707.0	190.0
62270	2012-06-12 04:12:00	2012-06-12 04:20:00	2012-06-12 04:22:00	C1.0	11506.0	POINT(-49 11)	11	-49	-699.0	182.0
62280	2012-06-12 05:12:00	2012-06-12 05:16:00	2012-06-12 05:24:00	B8.5	11506.0	POINT(-49 12)	12	-49	-696.0	198.0
62290	2012-06-12 05:31:00	2012-06-12 05:33:00	2012-06-12 05:35:00	C1.0	11506.0	POINT(-48 11)	11	-48	-692.0	188.0
62300	2012-06-12 05:47:00	2012-06-12 05:55:00	2012-06-12 05:59:00	C1.0	11499.0	POINT(-41 -17)	-17	-41	-593.0	-297.0
62310	2012-06-12 06:38:00	2012-06-12 06:43:00	2012-06-12 06:48:00	C2.0	11504.0	POINT(-36 -17)	-17	-36	-532.0	-288.0
62320	2012-06-12 07:10:00	2012-06-12 07:14:00	2012-06-12 07:16:00	C1.3	11504.0	POINT(-47 12)	12	-47	-685.0	193.0
62330	2012-06-12 09:00:00	2012-06-12 09:10:00	2012-06-12 09:15:00	C1.6	11504.0	POINT(-34 -17)	-17	-34	-507.0	-289.0
62340	2012-06-12 12:15:00	2012-06-12 12:18:00	2012-06-12 12:20:00	C1.1	11504.0	POINT(-32 -17)	-17	-32	-486.0	-293.0
62350	2012-06-12 13:17:00	2012-06-12 13:22:00	2012-06-12 13:30:00	B8.0	11499.0	POINT(65 16)	16	65	831.0	249.0
62360	2012-06-12 16:01:00	2012-06-12 17:32:00	2012-06-12 17:42:00	C1.4	11507.0	POINT(-9 -28)	-28	-9	-330.0	-505.0
62370	2012-06-12 19:04:00	2012-06-12 19:09:00	2012-06-12 19:12:00	C1.5	11506.0	POINT(-40 12)	12	-40	-599.0	197.0
62380	2012-06-12 22:50:00	2012-06-12 23:11:00	2012-06-12 23:19:00	C1.3	11499.0	POINT(71 15)	15	71	861.0	253.0
62390	2012-06-12 23:40:00	2012-06-12 23:57:00	2012-06-13 00:05:00	C1.6	11506.0	POINT(-27 -16)	-16	-27	-420.0	-287.0
62400	2012-06-13 00:32:00	2012-06-13 00:36:00	2012-06-13 00:38:00	C1.9	11505.0	POINT(-29 -18)	-18	-29	-437.0	-312.0
62410	2012-06-13 01:38:00	2012-06-13 01:49:00	2012-06-13 01:56:00	C1.1	11499.0	POINT(89 19)	19	89	898.0	314.0
62420	2012-06-13 02:10:00	2012-06-13 02:27:00	2012-06-13 02:35:00	C1.2	11507.0	POINT(89 19)	19	89	891.0	322.0
62430	2012-06-13 03:15:00	2012-06-13 03:20:00	2012-06-13 03:31:00	C2.2	11504.0	POINT(-29 -17)	-17	-29	-437.0	-302.0
62440	2012-06-13 05:29:00	2012-06-13 06:57:00	2012-06-13 07:00:00	C1.3	11504.0	POINT(-25 -17)	-17	-25	-348.0	-280.0
62450	2012-06-13 09:13:00	2012-06-13 09:19:00	2012-06-13 09:24:00	C2.7	11504.0	POINT(-22 -16)	-16	-22	924.0	227.0
62460	2012-06-13 09:36:00	2012-06-13 09:39:00	2012-06-13 09:41:00	C1.3	11504.0	POINT(-26 -17)	-17	-26	-390.0	-302.0
62470	2012-06-13 11:29:00	2012-06-13 13:17:00	2012-06-13 14:31:00	M1.2	11504.0	POINT(-18 -16)	-16	-18	-327.0	-315.0
62480	2012-06-13 14:41:00	2012-06-13 14:48:00	2012-06-13 14:59:00	C7.0	11507.0	POINT(-23 -19)	-19	-23	-353.0	-325.0
62490	2012-06-13 15:25:00	2012-06-13 15:27:00	2012-06-13 15:30:00	C6.2	11507.0	POINT(-20 -19)	-19	-20	-309.0	-323.0
62500	2012-06-13 18:47:00	2012-06-13 18:52:00	2012-06-13 18:57:00	C2.7		POINT(-15 -16)	-16	-15	-238.0	-282.0
62510	2012-06-13 19:17:00	2012-06-13 19:26:00	2012-06-13 19:55:00	C6.8	11504.0	POINT(-20 -20)	-20	-20	-328.0	-327.0
62520	2012-06-13 22:59:00	2012-06-13 23:02:00	2012-06-13 23:05:00	C1.8		POINT(7 -27)	-27	7	113.0	-446.0
62530	2012-06-13 23:25:00	2012-06-14 00:02:00	2012-06-14 00:21:00	C1.2	11508.0	POINT(9 -25)	-25	9	138.0	-416.0
62540	2012-06-14 01:43:00	2012-06-14 01:47:00	2012-06-14 01:50:00	C1.3	11505.0	POINT(-11 -16)	-16	-11	-179.0	-285.0
62550	2012-06-14 02:49:00	2012-06-14 02:52:00	2012-06-14 02:54:00	C1.2		POINT(9 -27)	-27	9	133.0	-453.0
62560	2012-06-14 04:59:00	2012-06-14 05:04:00	2012-06-14 05:09:00	C1.7		POINT(-9 -16)	-16	-9	-151.0	-282.0
62570	2012-06-14 07:25:00	2012-06-14 07:38:00	2012-06-14 07:27:00	C2.0	11504.0	POINT(-12 -16)	-16	-12	-128.0	-273.0
62580	2012-06-14 08:02:00	2012-06-14 08:06:00	2012-06-14 08:10:00	C1.6		POINT(-7 -16)	-16	-7	-125.0	-281.0
62590	2012-06-14 10:45:00	2012-06-14 10:50:00	2012-06-14 10:56:00	C2.5	11504.0	POINT(-10 -17)	-17	-10	-98.0	-278.0
62600	2012-06-14 11:05:00	2012-06-14 11:12:00	2012-06-14 11:22:00	C5.0	11504.0	POINT(-7 -16)	-16	-7	-205.0	-321.0
62610	2012-06-14 12:33:00	2012-06-14 12:37:00	2012-06-14 12:39:00	C2.6	11504.0	POINT(-5 -17)	-17	-5	-89.0	-300.0
62620	2012-06-14 12:52:00	2012-06-14 14:35:00	2012-06-14 15:56:00	M1.9	11504.0	POINT(-6 -19)	-19	-6	-101.0	-324.0
62630	2012-06-14 20:47:00	2012-06-14 20:52:00	2012-06-14 21:02:00	C4.0	11504.0	POINT(-2 -11)	-11	-2	-45.0	-204.0
62640	2012-06-15 00:32:00	2012-06-15 00:52:00	2012-06-15 01:06:00	C3.0	11504.0	POINT(-4 -19)	-19	-4	-62.0	-330.0
62650	2012-06-15 10:08:00	2012-06-15 10:09:00	2012-06-15 10:14:00	C1.3		POINT(4 -15)	-15	4	115.0	-246.0
62660	2012-06-15 10:49:00	2012-06-15 10:51:00	2012-06-15 11:06:00	C2.2		POINT(-2 -18)	-18	-2	16.0	-334.0
62670	2012-06-15 13:07:00	2012-06-15 13:24:00	2012-06-15 13:33:00	C3.4	11504.0	POINT(6 -17)	-17	6	103.0	-306.0
62680	2012-06-15 15:39:00	2012-06-15 15:50:00	2012-06-15 15:54:00	C1.1	11504.0	POINT(8 -14)	-14	8	156.0	-247.0
62690	2012-06-15 18:05:00	2012-06-15 18:16:00	2012-06-15 18:27:00	C2.0	11504.0	POINT(5 -20)	-20	5	79.0	-335.0
62700	2012-06-16 00:43:00	2012-06-16 00:48:00	2012-06-16 00:50:00	C2.4	11504.0	POINT(7 -17)	-17	7	107.0	-305.0
62710	2012-06-16 01:20:00	2012-06-16 01:25:00	2012-06-16 01:34:00	B8.8	11504.0	POINT(14 -16)	-16	14	255.0	-260.0
62720	2012-06-16 02:16:00	2012-06-16 02:25:00	2012-06-16 02:54:00	B6.9		POINT(11 -19)	-19	11	181.0	-332.0
62730	2012-06-16 03:28:00	2012-06-16 03:38:00	2012-06-16 04:00:00	B6.9		POINT(14 -16)	-16	14	223.0	-288.0
62740	2012-06-16 04:47:00	2012-06-16 04:48:00	2012-06-16 04:59:00	C1.2		POINT(14 -18)	-18	14	235.0	-284.0
62750	2012-06-16 06:20:00	2012-06-16 06:29:00	2012-06-16 06:35:00	C1.3		POINT(16 -11)	-11	16	269.0	-214.0
62760	2012-06-16 13:03:00	2012-06-16 13:03:00	2012-06-16 13:06:00	B9.2		POINT(19 -18)	-18	19	308.0	-283.0
62770	2012-06-16 13:24:00	2012-06-16 13:36:00	2012-06-16 13:57:00	C1.2		POINT(41 -29)	-29	41	556.0	-430.0
62780	2012-06-16 14:44:00	2012-06-16 14:53:00	2012-06-16 14:59:00	C1.8	11504.0	POINT(21 -16)	-16	21	315.0	-287.0
62790	2012-06-16 18:31:00	2012-06-16 18:35:00	2012-06-16 18:40:00	C1.0		POINT(45 -28)	-28	45	591.0	-458.0
62800	2012-06-17 17:25:00	2012-06-17 17:28:00	2012-06-17 17:31:00	C1.0	11504.0	POINT(35 -17)	-17	35	508.0	-311.0
62810	2012-06-17 17:36:00	2012-06-17 17:40:00	2012-06-17 17:46:00	C3.9	11504.0	POINT(35 -17)	-17	35	497.0	-314.0
62820	2012-06-17 19:51:00	2012-06-17 19:57:00	2012-06-17 20:02:00	C1.0	11504.0	POINT(34 -18)	-18	34	0.0	0.0
62830	2012-06-17 21:32:00	2012-06-17 21:39:00	2012-06-17 21:47:00	C1.8	11504.0	POINT(37 -18)	-18	37	519.0	-322.0
62840	2012-06-17 22:15:00	2012-06-17 22:18:00	2012-06-17 22:26:00	C1.1	11504.0	POINT(38 -17)	-17	38	548.0	-301.0
62850	2012-06-17 23:03:00	2012-06-17 23:07:00	2012-06-17 23:11:00	C1.2		POINT(63 -24)	-24	63	774.0	-395.0
62860	2012-06-17 23:37:00	2012-06-17 23:42:00	2012-06-17 23:45:00	C1.2	11504.0	POINT(38 -17)	-17	38	537.0	-319.0
62870	2012-06-18 00:52:00	2012-06-18 00:59:00	2012-06-18 01:04:00	C1.6	11504.0	POINT(37 -19)	-19	37	537.0	-332.0
62880	2012-06-18 02:01:00	2012-06-18 02:05:00	2012-06-18 02:08:00	B9.9		POINT(39 -17)	-17	39	580.0	-299.0
62890	2012-06-18 06:41:00	2012-06-18 07:14:00	2012-06-18 08:01:00	C1.0	11508.0	POINT(55 -25)	-25	55	699.0	-484.0
62900	2012-06-18 21:32:00	2012-06-18 21:36:00	2012-06-18 21:39:00	B6.5	11508.0	POINT(68 -29)	-29	68	842.0	-389.0
62910	2012-06-19 04:00:00	2012-06-19 04:45:00	2012-06-19 05:23:00	C1.1	11504.0	POINT(79 -29)	-29	79	810.0	-463.0
62920	2012-06-19 13:27:00	2012-06-19 13:35:00	2012-06-19 14:11:00	C1.2	11504.0	POINT(88 -25)	-25	88	855.0	-416.0
62930	2012-06-19 14:15:00	2012-06-19 14:18:00	2012-06-19 14:28:00	C1.0	11504.0	POINT(88 -24)	-24	88	861.0	-387.0
62940	2012-06-19 18:48:00	2012-06-19 18:52:00	2012-06-19 18:56:00	B6.4		POINT(89 -22)	-22	89	894.0	-380.0
62950	2012-06-20 01:46:00	2012-06-20 02:03:00	2012-06-20 02:23:00	C1.2	11504.0	POINT(88 -26)	-26	88	869.0	-441.0
62960	2012-06-20 04:15:00	2012-06-20 04:21:00	2012-06-20 04:30:00	C1.0	11504.0	POINT(67 -18)	-18	67	824.0	-314.0
62970	2012-06-20 05:49:00	2012-06-20 05:58:00	2012-06-20 06:10:00	C1.3	11504.0	POINT(66 -19)	-19	66	821.0	-319.0
62980	2012-06-20 06:34:00	2012-06-20 06:40:00	2012-06-20 06:45:00	B6.7	11504.0	POINT(70 -17)	-17	70	851.0	-292.0
62990	2012-06-20 10:59:00	2012-06-20 11:08:00	2012-06-20 11:25:00	C1.5	11504.0	POINT(88 -27)	-27	88	852.0	-442.0
63000	2012-06-20 15:45:00	2012-06-20 15:53:00	2012-06-20 16:00:00	B7.8	11504.0	POINT(78 -20)	-20	78	861.0	-320.0
63010	2012-06-20 16:14:00	2012-06-20 16:28:00	2012-06-20 16:37:00	C3.1	11504.0	POINT(88 -27)	-27	88	849.0	-442.0
63020	2012-06-21 17:16:00	2012-06-21 18:14:00	2012-06-21 19:15:00	B7.0	11504.0	POINT(88 -21)	-21	88	920.0	-363.0
63030	2012-06-23 07:02:00	2012-06-23 07:50:00	2012-06-23 08:44:00	C2.7		POINT(89 14)	14	89	938.0	239.0
63040	2012-06-23 17:52:00	2012-06-23 18:03:00	2012-06-23 18:38:00	B2.1		POINT(-88 -27)	-27	-88	-846.0	-440.0
63050	2012-06-24 00:32:00	2012-06-24 01:39:00	2012-06-24 02:10:00	B2.5		POINT(88 -18)	-18	88	912.0	-311.0
63060	2012-06-24 14:55:00	2012-06-24 15:15:00	2012-06-24 15:35:00	B2.0		POINT(-47 -24)	-24	-47	-631.0	-413.0
63070	2012-06-25 11:45:00	2012-06-25 11:50:00	2012-06-25 11:58:00	B3.2	11512.0	POINT(-49 -14)	-14	-49	-675.0	-270.0
63080	2012-06-25 16:41:00	2012-06-25 16:45:00	2012-06-25 16:53:00	B3.1		POINT(-44 -14)	-14	-44	-646.0	-267.0
63090	2012-06-25 18:03:00	2012-06-25 18:14:00	2012-06-25 18:22:00	B5.2		POINT(-89 -14)	-14	-89	-926.0	-242.0
63100	2012-06-25 18:26:00	2012-06-25 18:48:00	2012-06-25 18:45:00	B5.4		POINT(-89 -14)	-14	-89	-927.0	-240.0
63110	2012-06-25 20:40:00	2012-06-25 20:44:00	2012-06-25 20:52:00	B7.5		POINT(-41 -15)	-15	-41	-606.0	-287.0
63120	2012-06-25 20:55:00	2012-06-25 20:59:00	2012-06-25 21:05:00	C1.4	11512.0	POINT(-42 -16)	-16	-42	-593.0	-295.0
63130	2012-06-25 22:15:00	2012-06-25 22:23:00	2012-06-25 22:29:00	B7.0		POINT(-40 -16)	-16	-40	-588.0	-297.0
63140	2012-06-25 23:41:00	2012-06-26 00:07:00	2012-06-26 00:29:00	C1.0	11513.0	POINT(-89 18)	18	-89	-910.0	300.0
63150	2012-06-26 03:42:00	2012-06-26 03:56:00	2012-06-26 04:01:00	B4.1		POINT(-89 18)	18	-89	-902.0	308.0
63160	2012-06-26 09:01:00	2012-06-26 09:12:00	2012-06-26 09:26:00	B6.1	11513.0	POINT(-89 19)	19	-89	-900.0	311.0
63170	2012-06-26 10:06:00	2012-06-26 10:27:00	2012-06-26 10:45:00	B5.6		POINT(-89 19)	19	-89	-908.0	321.0
63180	2012-06-26 12:41:00	2012-06-26 12:55:00	2012-06-26 13:06:00	C1.3	11513.0	POINT(-77 21)	21	-77	-887.0	289.0
63190	2012-06-26 19:33:00	2012-06-26 19:44:00	2012-06-26 19:56:00	C1.2	11512.0	POINT(-29 -17)	-17	-29	-450.0	-314.0
63200	2012-06-27 01:40:00	2012-06-27 01:50:00	2012-06-27 02:00:00	B8.9	11513.0	POINT(-74 12)	12	-74	-887.0	190.0
63210	2012-06-27 02:58:00	2012-06-27 03:03:00	2012-06-27 03:10:00	B7.7		POINT(-89 -16)	-16	-89	-918.0	-264.0
63220	2012-06-27 05:18:00	2012-06-27 05:27:00	2012-06-27 05:35:00	C3.4	11513.0	POINT(-70 16)	16	-70	-869.0	210.0
63230	2012-06-27 07:57:00	2012-06-27 08:08:00	2012-06-27 08:18:00	C3.2	11512.0	POINT(-21 -16)	-16	-21	-345.0	-318.0
63240	2012-06-27 11:00:00	2012-06-27 11:06:00	2012-06-27 11:12:00	C1.6	11513.0	POINT(-68 16)	16	-68	-848.0	209.0
63250	2012-06-27 12:33:00	2012-06-27 12:38:00	2012-06-27 12:40:00	C3.4	11513.0	POINT(-65 17)	17	-65	-830.0	212.0
63260	2012-06-27 19:19:00	2012-06-27 19:23:00	2012-06-27 19:28:00	B8.5	11513.0	POINT(-14 -16)	-16	-14	-220.0	-300.0
63270	2012-06-28 01:46:00	2012-06-28 01:54:00	2012-06-28 02:04:00	C1.0	11512.0	POINT(-10 -16)	-16	-10	-164.0	-302.0
63280	2012-06-28 02:10:00	2012-06-28 02:14:00	2012-06-28 02:16:00	C2.6	11513.0	POINT(-55 16)	16	-55	-747.0	246.0
63290	2012-06-28 03:18:00	2012-06-28 03:23:00	2012-06-28 03:33:00	B6.2	11514.0	POINT(-74 -16)	-16	-74	-871.0	-281.0
63300	2012-06-28 04:45:00	2012-06-28 04:52:00	2012-06-28 04:55:00	C4.2	11512.0	POINT(-9 -16)	-16	-9	-134.0	-315.0
63310	2012-06-28 05:57:00	2012-06-28 06:01:00	2012-06-28 06:04:00	B5.1	11513.0	POINT(-53 17)	17	-53	-727.0	257.0
63320	2012-06-28 09:09:00	2012-06-28 09:23:00	2012-06-28 09:27:00	B8.8	11512.0	POINT(-8 -17)	-17	-8	-106.0	-312.0
63330	2012-06-28 11:12:00	2012-06-28 11:16:00	2012-06-28 11:18:00	B7.2	11513.0	POINT(-62 17)	17	-62	-731.0	207.0
63340	2012-06-28 13:02:00	2012-06-28 13:06:00	2012-06-28 13:08:00	B5.3		POINT(-5 -16)	-16	-5	-80.0	-304.0
63350	2012-06-28 15:59:00	2012-06-28 16:00:00	2012-06-28 16:02:00	B6.4	11513.0	POINT(-46 16)	16	-46	-668.0	221.0
63360	2012-06-28 16:07:00	2012-06-28 16:12:00	2012-06-28 16:15:00	M2.4	11513.0	POINT(-45 16)	16	-45	-654.0	231.0
63370	2012-06-28 19:29:00	2012-06-28 19:31:00	2012-06-28 19:45:00	C2.8		POINT(-2 -16)	-16	-2	0.0	0.0
63380	2012-06-28 19:38:00	2012-06-28 19:42:00	2012-06-28 20:16:00	C1.7	11513.0	POINT(-48 18)	18	-48	-650.0	302.0
63390	2012-06-28 21:41:00	2012-06-28 21:47:00	2012-06-28 21:49:00	C3.4		POINT(-43 15)	15	-43	-631.0	220.0
63400	2012-06-29 00:33:00	2012-06-29 00:38:00	2012-06-29 00:41:00	C1.4	11513.0	POINT(-43 15)	15	-43	-615.0	239.0
63410	2012-06-29 01:18:00	2012-06-29 01:25:00	2012-06-29 01:28:00	C6.7	11513.0	POINT(-42 16)	16	-42	-606.0	226.0
63420	2012-06-29 04:09:00	2012-06-29 04:14:00	2012-06-29 04:16:00	C4.6	11515.0	POINT(-61 -18)	-18	-61	-789.0	-305.0
63430	2012-06-29 05:10:00	2012-06-29 05:14:00	2012-06-29 05:28:00	B6.3	11512.0	POINT(4 -17)	-17	4	81.0	-300.0
63440	2012-06-29 05:55:00	2012-06-29 05:59:00	2012-06-29 06:01:00	C1.3	11513.0	POINT(-38 16)	16	-38	-572.0	226.0
63450	2012-06-29 06:43:00	2012-06-29 06:47:00	2012-06-29 06:50:00	C6.2	11515.0	POINT(-60 -16)	-16	-60	-777.0	-318.0
63460	2012-06-29 08:19:00	2012-06-29 08:22:00	2012-06-29 08:24:00	C2.9	11515.0	POINT(-59 -16)	-16	-59	-759.0	-311.0
63470	2012-06-29 09:13:00	2012-06-29 09:20:00	2012-06-29 09:22:00	M2.2	11513.0	POINT(-37 17)	17	-37	-549.0	222.0
63480	2012-06-29 16:27:00	2012-06-29 16:33:00	2012-06-29 16:43:00	C1.0		POINT(-49 13)	13	-49	-704.0	189.0
63490	2012-06-29 18:35:00	2012-06-29 18:44:00	2012-06-29 18:50:00	C1.1	11512.0	POINT(12 -15)	-15	12	182.0	-304.0
63500	2012-06-29 23:30:00	2012-06-29 23:38:00	2012-06-29 23:49:00	C1.8	11513.0	POINT(-33 18)	18	-33	-497.0	260.0
63510	2012-06-30 04:35:00	2012-06-30 04:38:00	2012-06-30 04:40:00	C1.0	11515.0	POINT(-45 -18)	-18	-45	-636.0	-329.0
63520	2012-06-30 08:22:00	2012-06-30 08:30:00	2012-06-30 08:37:00	C4.4	11514.0	POINT(-24 -13)	-13	-24	-371.0	-267.0
63530	2012-06-30 09:45:00	2012-06-30 09:54:00	2012-06-30 10:01:00	C1.6	11513.0	POINT(-23 16)	16	-23	-363.0	215.0
63540	2012-06-30 10:07:00	2012-06-30 10:10:00	2012-06-30 10:18:00	B8.6	11515.0	POINT(-40 -15)	-15	-40	-586.0	-304.0
63550	2012-06-30 10:48:00	2012-06-30 10:57:00	2012-06-30 11:02:00	C2.7	11514.0	POINT(-22 15)	15	-22	-350.0	213.0
63560	2012-06-30 12:48:00	2012-06-30 12:52:00	2012-06-30 12:54:00	M1.0	11513.0	POINT(-21 17)	17	-21	-331.0	205.0
63570	2012-06-30 16:02:00	2012-06-30 16:12:00	2012-06-30 16:29:00	C1.3		POINT(-58 8)	8	-58	-806.0	86.0
63580	2012-06-30 18:26:00	2012-06-30 18:32:00	2012-06-30 18:34:00	M1.6	11513.0	POINT(-18 14)	14	-18	-284.0	191.0
63590	2012-06-30 21:21:00	2012-06-30 21:25:00	2012-06-30 21:27:00	C1.4		POINT(-16 17)	17	-16	-261.0	245.0
63600	2012-06-30 22:22:00	2012-06-30 22:37:00	2012-06-30 23:22:00	C1.2		POINT(-17 -17)	-17	-17	-279.0	-320.0
63610	2012-07-01 01:02:00	2012-07-01 01:07:00	2012-07-01 01:10:00	C1.3	11513.0	POINT(-17 17)	17	-17	-232.0	192.0
63620	2012-07-01 01:27:00	2012-07-01 01:30:00	2012-07-01 01:32:00	B6.4		POINT(-27 -15)	-15	-27	-427.0	-290.0
63630	2012-07-01 06:53:00	2012-07-01 07:22:00	2012-07-01 07:25:00	C5.4	11513.0	POINT(-30 17)	17	-30	-159.0	216.0
63640	2012-07-01 10:11:00	2012-07-01 10:15:00	2012-07-01 11:05:00	C1.3	11515.0	POINT(-35 21)	21	-35	-513.0	290.0
63650	2012-07-01 15:04:00	2012-07-01 15:47:00	2012-07-01 16:07:00	C2.4	11515.0	POINT(-12 17)	17	-12	-102.0	198.0
63660	2012-07-01 15:41:00	2012-07-01 15:45:00	2012-07-01 15:52:00	C8.2	11515.0	POINT(-21 -18)	-18	-21	-315.0	-337.0
63670	2012-07-01 18:00:00	2012-07-01 18:04:00	2012-07-01 18:06:00	C1.2	11515.0	POINT(-14 -17)	-17	-14	-232.0	-318.0
63680	2012-07-01 18:07:00	2012-07-01 18:12:00	2012-07-01 18:15:00	C2.7		POINT(-15 -16)	-16	-15	-237.0	-308.0
63690	2012-07-01 19:11:00	2012-07-01 19:18:00	2012-07-01 19:21:00	M2.8	11513.0	POINT(-4 14)	14	-4	-71.0	198.0
63700	2012-07-02 00:26:00	2012-07-02 00:35:00	2012-07-02 00:40:00	M1.1	11513.0	POINT(-1 15)	15	-1	-22.0	197.0
63710	2012-07-02 02:38:00	2012-07-02 02:42:00	2012-07-02 02:44:00	C1.5	11513.0	POINT(0 17)	17	0	1.0	231.0
63720	2012-07-02 02:51:00	2012-07-02 02:54:00	2012-07-02 02:57:00	B9.5	11515.0	POINT(-11 -18)	-18	-11	5.0	237.0
63730	2012-07-02 03:56:00	2012-07-02 04:00:00	2012-07-02 04:03:00	B8.4		POINT(-2 -14)	-14	-2	-36.0	-289.0
63740	2012-07-02 04:47:00	2012-07-02 04:51:00	2012-07-02 04:56:00	C1.0	11513.0	POINT(2 17)	17	2	27.0	231.0
63750	2012-07-02 05:01:00	2012-07-02 05:08:00	2012-07-02 05:14:00	C3.5	11515.0	POINT(-10 -17)	-17	-10	-151.0	-342.0
63760	2012-07-02 07:03:00	2012-07-02 07:07:00	2012-07-02 07:10:00	C2.1	11515.0	POINT(-10 -18)	-18	-10	-146.0	-331.0
63770	2012-07-02 08:50:00	2012-07-02 08:55:00	2012-07-02 08:58:00	C2.4	11515.0	POINT(-14 -17)	-17	-14	-128.0	-336.0
63780	2012-07-02 10:33:00	2012-07-02 10:37:00	2012-07-02 10:41:00	C2.9	11514.0	POINT(-7 -18)	-18	-7	-112.0	-341.0
63790	2012-07-02 10:43:00	2012-07-02 10:52:00	2012-07-02 10:57:00	M5.6	11515.0	POINT(-6 -17)	-17	-6	-105.0	-339.0
63800	2012-07-02 12:04:00	2012-07-02 12:51:00	2012-07-02 13:26:00	C1.8	11514.0	POINT(-1 -21)	-21	-1	-311.0	294.0
63810	2012-07-02 14:32:00	2012-07-02 14:46:00	2012-07-02 14:52:00	C1.7	11513.0	POINT(6 14)	14	6	105.0	187.0
63820	2012-07-02 16:37:00	2012-07-02 16:44:00	2012-07-02 16:52:00	C2.0	11515.0	POINT(-3 -17)	-17	-3	-55.0	-326.0
63830	2012-07-02 17:42:00	2012-07-02 17:50:00	2012-07-02 17:54:00	C3.7	11515.0	POINT(-3 -17)	-17	-3	-50.0	-327.0
63840	2012-07-02 18:03:00	2012-07-02 18:12:00	2012-07-02 18:22:00	C4.5	11513.0	POINT(9 14)	14	9	135.0	191.0
63850	2012-07-02 18:45:00	2012-07-02 18:56:00	2012-07-02 19:02:00	C7.4		POINT(-1 -18)	-18	-1	-28.0	-341.0
63860	2012-07-02 19:27:00	2012-07-02 19:31:00	2012-07-02 19:34:00	C1.4		POINT(9 14)	14	9	152.0	191.0
63870	2012-07-02 19:34:00	2012-07-02 19:43:00	2012-07-02 19:47:00	C2.5	11515.0	POINT(-2 -16)	-16	-2	-33.0	-324.0
63880	2012-07-02 19:59:00	2012-07-02 20:07:00	2012-07-02 20:13:00	M3.8	11515.0	POINT(0 -17)	-17	0	-14.0	-336.0
63890	2012-07-02 21:33:00	2012-07-02 21:36:00	2012-07-02 21:38:00	C1.9	11515.0	POINT(-4 -18)	-18	-4	-76.0	-352.0
63900	2012-07-02 21:35:00	2012-07-02 22:12:00	2012-07-02 22:18:00	C3.4	11515.0	POINT(0 -17)	-17	0	-17.0	-341.0
63910	2012-07-02 23:17:00	2012-07-02 23:39:00	2012-07-02 23:46:00	C6.5	11513.0	POINT(11 14)	14	11	184.0	191.0
63920	2012-07-02 23:49:00	2012-07-02 23:56:00	2012-07-03 00:03:00	M2.0	11515.0	POINT(2 -16)	-16	2	41.0	-312.0
63930	2012-07-03 00:42:00	2012-07-03 00:42:00	2012-07-03 00:46:00	C1.9	11515.0	POINT(-6 -17)	-17	-6	48.0	-276.0
63940	2012-07-03 00:52:00	2012-07-03 01:03:00	2012-07-03 01:18:00	C2.6	11515.0	POINT(-6 -17)	-17	-6	3.0	-341.0
63950	2012-07-03 02:38:00	2012-07-03 02:41:00	2012-07-03 02:44:00	C2.7	11515.0	POINT(5 -17)	-17	5	44.0	-333.0
63960	2012-07-03 03:36:00	2012-07-03 03:42:00	2012-07-03 03:48:00	C9.9	11515.0	POINT(5 -17)	-17	5	59.0	-339.0
63970	2012-07-03 04:14:00	2012-07-03 04:18:00	2012-07-03 04:20:00	C2.4	11515.0	POINT(3 -17)	-17	3	48.0	-326.0
63980	2012-07-03 06:05:00	2012-07-03 06:09:00	2012-07-03 06:12:00	C2.8	11515.0	POINT(-3 -17)	-17	-3	57.0	-340.0
63990	2012-07-03 12:12:00	2012-07-03 12:15:00	2012-07-03 12:18:00	C2.0	11515.0	POINT(5 -18)	-18	5	93.0	-343.0
64000	2012-07-03 13:02:00	2012-07-03 13:06:00	2012-07-03 13:09:00	C2.2	11515.0	POINT(5 -18)	-18	5	106.0	-329.0
64010	2012-07-03 13:56:00	2012-07-03 13:59:00	2012-07-03 14:02:00	C4.2	11515.0	POINT(6 -18)	-18	6	107.0	-332.0
64020	2012-07-03 14:29:00	2012-07-03 14:32:00	2012-07-03 15:09:00	C8.2	11513.0	POINT(16 14)	14	16	112.0	-332.0
64030	2012-07-03 15:19:00	2012-07-03 15:22:00	2012-07-03 15:24:00	C4.1	11515.0	POINT(11 -13)	-13	11	121.0	-332.0
64040	2012-07-03 16:58:00	2012-07-03 17:02:00	2012-07-03 17:09:00	C9.0	11515.0	POINT(8 -17)	-17	8	125.0	-336.0
64050	2012-07-03 20:14:00	2012-07-03 20:17:00	2012-07-03 20:19:00	C3.5	11515.0	POINT(15 -13)	-13	15	269.0	-274.0
64060	2012-07-03 20:36:00	2012-07-03 20:45:00	2012-07-03 20:51:00	C9.3	11513.0	POINT(22 14)	14	22	351.0	182.0
64070	2012-07-03 21:47:00	2012-07-03 21:51:00	2012-07-03 21:54:00	C2.9	11515.0	POINT(10 -17)	-17	10	171.0	-336.0
64080	2012-07-03 23:26:00	2012-07-03 23:30:00	2012-07-03 23:36:00	C4.9	11515.0	POINT(11 -17)	-17	11	186.0	-337.0
64090	2012-07-04 01:30:00	2012-07-04 01:43:00	2012-07-04 01:56:00	C5.1	11515.0	POINT(13 -18)	-18	13	214.0	-336.0
64100	2012-07-04 04:03:00	2012-07-04 04:05:00	2012-07-04 04:07:00	C6.1	11514.0	POINT(23 -17)	-17	23	225.0	-337.0
64110	2012-07-04 04:28:00	2012-07-04 04:37:00	2012-07-04 04:45:00	M2.3	11515.0	POINT(18 -17)	-17	18	290.0	-323.0
64120	2012-07-04 09:00:00	2012-07-04 09:06:00	2012-07-04 09:09:00	C6.7	11515.0	POINT(17 -18)	-18	17	276.0	-352.0
64130	2012-07-04 09:47:00	2012-07-04 09:55:00	2012-07-04 09:57:00	M5.3	11515.0	POINT(18 -17)	-17	18	280.0	-330.0
64140	2012-07-04 11:13:00	2012-07-04 11:17:00	2012-07-04 11:19:00	C5.8		POINT(17 -17)	-17	17	278.0	-337.0
64150	2012-07-04 12:07:00	2012-07-04 12:24:00	2012-07-04 12:32:00	M2.3	11515.0	POINT(22 -17)	-17	22	353.0	-324.0
64160	2012-07-04 13:57:00	2012-07-04 14:13:00	2012-07-04 14:26:00	C5.6	11515.0	POINT(18 -19)	-19	18	302.0	-331.0
64170	2012-07-04 14:35:00	2012-07-04 14:39:00	2012-07-04 15:58:00	M1.3	11515.0	POINT(18 -18)	-18	18	308.0	-341.0
64180	2012-07-04 14:45:00	2012-07-04 14:49:00	2012-07-04 14:52:00	C8.2	11515.0	POINT(20 -17)	-17	20	316.0	-340.0
64190	2012-07-04 15:47:00	2012-07-04 15:50:00	2012-07-04 15:52:00	C6.4	11515.0	POINT(23 -17)	-17	23	353.0	-333.0
64200	2012-07-04 16:08:00	2012-07-04 16:12:00	2012-07-04 16:15:00	C6.9	11515.0	POINT(20 -19)	-19	20	324.0	-339.0
64210	2012-07-04 16:33:00	2012-07-04 16:39:00	2012-07-04 16:48:00	M1.8	11513.0	POINT(33 14)	14	33	502.0	191.0
64220	2012-07-04 19:30:00	2012-07-04 19:34:00	2012-07-04 19:37:00	C2.9	11515.0	POINT(29 -15)	-15	29	443.0	-299.0
64230	2012-07-04 21:23:00	2012-07-04 21:27:00	2012-07-04 21:29:00	C9.5	11515.0	POINT(21 -16)	-16	21	332.0	-324.0
64240	2012-07-04 22:03:00	2012-07-04 22:09:00	2012-07-04 22:15:00	M4.6	11515.0	POINT(28 -16)	-16	28	431.0	-316.0
64250	2012-07-04 22:39:00	2012-07-04 22:45:00	2012-07-04 22:47:00	C7.4	11515.0	POINT(25 -18)	-18	25	381.0	-342.0
64260	2012-07-04 23:47:00	2012-07-04 23:55:00	2012-07-05 00:02:00	M1.2	11515.0	POINT(-9 -86)	-86	-9	-11.0	1063.0
64270	2012-07-05 01:05:00	2012-07-05 01:10:00	2012-07-05 01:15:00	M2.4	11515.0	POINT(26 -18)	-18	26	411.0	-335.0
64280	2012-07-05 02:01:00	2012-07-05 02:05:00	2012-07-05 02:32:00	C7.0	11515.0	POINT(28 -18)	-18	28	401.0	-342.0
64290	2012-07-05 02:35:00	2012-07-05 02:42:00	2012-07-05 02:47:00	M2.2	11515.0	POINT(27 -18)	-18	27	413.0	-341.0
64300	2012-07-05 03:25:00	2012-07-05 03:36:00	2012-07-05 03:39:00	M4.7	11515.0	POINT(29 -18)	-18	29	439.0	-343.0
64310	2012-07-05 04:42:00	2012-07-05 04:45:00	2012-07-05 04:49:00	C9.1	11519.0	POINT(29 -18)	-18	29	448.0	-344.0
64320	2012-07-05 06:15:00	2012-07-05 06:35:00	2012-07-05 07:43:00	M1.1	11515.0	POINT(39 -18)	-18	39	449.0	-334.0
64330	2012-07-05 07:40:00	2012-07-05 07:45:00	2012-07-05 07:48:00	M1.3	11519.0	POINT(30 -18)	-18	30	454.0	-340.0
64340	2012-07-05 09:05:00	2012-07-05 09:08:00	2012-07-05 09:11:00	C5.0	11515.0	POINT(32 -19)	-19	32	481.0	-354.0
64350	2012-07-05 09:17:00	2012-07-05 09:20:00	2012-07-05 09:24:00	C5.8	11515.0	POINT(30 -18)	-18	30	461.0	-345.0
64360	2012-07-05 10:44:00	2012-07-05 10:47:00	2012-07-05 11:18:00	M1.8	11515.0	POINT(30 -19)	-19	30	461.0	-338.0
64370	2012-07-05 11:39:00	2012-07-05 11:44:00	2012-07-05 11:49:00	M6.1	11515.0	POINT(32 -20)	-20	32	483.0	-347.0
64380	2012-07-05 13:01:00	2012-07-05 13:13:00	2012-07-05 14:18:00	M1.2	11515.0	POINT(43 -16)	-16	43	618.0	-291.0
64390	2012-07-05 13:37:00	2012-07-05 13:53:00	2012-07-05 14:19:00	C7.4	11515.0	POINT(-66 -22)	-22	-66	-795.0	-432.0
64400	2012-07-05 14:15:00	2012-07-05 14:18:00	2012-07-05 14:20:00	C4.0	11515.0	POINT(35 -18)	-18	35	531.0	-332.0
64410	2012-07-05 14:41:00	2012-07-05 14:45:00	2012-07-05 14:50:00	C8.3	11515.0	POINT(33 -17)	-17	33	497.0	-327.0
64420	2012-07-05 15:56:00	2012-07-05 15:59:00	2012-07-05 16:01:00	C6.2	11515.0	POINT(34 -17)	-17	34	507.0	-327.0
64430	2012-07-05 17:51:00	2012-07-05 17:54:00	2012-07-05 17:57:00	C5.1	11515.0	POINT(30 -18)	-18	30	458.0	-348.0
64440	2012-07-05 18:12:00	2012-07-05 18:20:00	2012-07-05 18:24:00	C6.1	11515.0	POINT(37 -18)	-18	37	530.0	-333.0
64450	2012-07-05 19:39:00	2012-07-05 19:44:00	2012-07-05 19:53:00	C4.8	11515.0	POINT(42 -15)	-15	42	596.0	-299.0
64460	2012-07-05 20:09:00	2012-07-05 20:14:00	2012-07-05 20:28:00	M1.6	11515.0	POINT(37 -18)	-18	37	551.0	-337.0
64470	2012-07-05 21:37:00	2012-07-05 21:45:00	2012-07-05 21:51:00	M1.6	11515.0	POINT(46 -12)	-12	46	662.0	-243.0
64480	2012-07-05 23:34:00	2012-07-05 23:39:00	2012-07-05 23:41:00	C5.0	11515.0	POINT(39 -18)	-18	39	570.0	-334.0
64490	2012-07-06 00:13:00	2012-07-06 00:21:00	2012-07-06 00:24:00	C6.8	11515.0	POINT(37 -17)	-17	37	565.0	-323.0
64500	2012-07-06 01:37:00	2012-07-06 01:40:00	2012-07-06 01:42:00	M2.9	11515.0	POINT(41 -18)	-18	41	578.0	-330.0
64510	2012-07-06 02:28:00	2012-07-06 02:31:00	2012-07-06 02:37:00	C5.0	11515.0	POINT(50 -11)	-11	50	688.0	-236.0
64520	2012-07-06 02:44:00	2012-07-06 02:51:00	2012-07-06 02:58:00	M1.0	11515.0	POINT(48 -12)	-12	48	696.0	-237.0
64530	2012-07-06 04:25:00	2012-07-06 04:33:00	2012-07-06 04:43:00	C5.8	11515.0	POINT(38 -17)	-17	38	595.0	-326.0
64540	2012-07-06 04:52:00	2012-07-06 04:59:00	2012-07-06 05:24:00	C7.7	11515.0	POINT(38 -17)	-17	38	-902.0	-279.0
64550	2012-07-06 06:55:00	2012-07-06 06:57:00	2012-07-06 07:22:00	C7.4	11515.0	POINT(40 -18)	-18	40	625.0	-331.0
64560	2012-07-06 08:07:00	2012-07-06 08:24:00	2012-07-06 09:25:00	M1.5	11515.0	POINT(40 -17)	-17	40	-11.0	1063.0
64570	2012-07-06 09:13:00	2012-07-06 09:18:00	2012-07-06 09:29:00	C3.8	11515.0	POINT(41 -18)	-18	41	600.0	-340.0
64580	2012-07-06 10:24:00	2012-07-06 10:29:00	2012-07-06 10:32:00	M1.8	11515.0	POINT(42 -17)	-17	42	632.0	-321.0
64590	2012-07-06 13:24:00	2012-07-06 13:30:00	2012-07-06 13:55:00	M1.2	11515.0	POINT(45 -20)	-20	45	-899.0	-279.0
64600	2012-07-06 14:50:00	2012-07-06 15:00:00	2012-07-06 15:12:00	C7.8		POINT(-88 -15)	-15	-88	-920.0	-260.0
64610	2012-07-06 16:01:00	2012-07-06 16:04:00	2012-07-06 16:13:00	C5.0	11515.0	POINT(59 -19)	-19	59	771.0	-315.0
64620	2012-07-06 17:07:00	2012-07-06 17:10:00	2012-07-06 17:15:00	C3.4		POINT(44 -17)	-17	44	633.0	-324.0
64630	2012-07-06 17:38:00	2012-07-06 17:43:00	2012-07-06 17:48:00	C7.2	11515.0	POINT(57 -13)	-13	57	777.0	-246.0
64640	2012-07-06 18:48:00	2012-07-06 18:55:00	2012-07-06 19:05:00	M1.3	11515.0	POINT(51 -18)	-18	51	-914.0	-256.0
64650	2012-07-06 19:20:00	2012-07-06 19:24:00	2012-07-06 19:26:00	C9.2		POINT(51 -17)	-17	51	707.0	-324.0
64660	2012-07-06 23:01:00	2012-07-06 23:08:00	2012-07-06 23:14:00	X1.1	11515.0	POINT(59 -13)	-13	59	791.0	-256.0
64670	2012-07-07 03:10:00	2012-07-07 03:15:00	2012-07-07 03:23:00	M1.2	11515.0	POINT(51 -17)	-17	51	745.0	-316.0
64680	2012-07-07 04:02:00	2012-07-07 04:16:00	2012-07-07 04:40:00	C6.7	11515.0	POINT(65 -16)	-16	65	-877.0	-287.0
64690	2012-07-07 08:18:00	2012-07-07 08:28:00	2012-07-07 08:39:00	M1.0	11520.0	POINT(-76 -16)	-16	-76	-879.0	-282.0
64700	2012-07-07 10:36:00	2012-07-07 10:44:00	2012-07-07 10:49:00	C6.4	11515.0	POINT(60 -17)	-17	60	782.0	-314.0
64710	2012-07-07 10:57:00	2012-07-07 11:03:00	2012-07-07 11:07:00	M2.6	11515.0	POINT(58 -19)	-19	58	781.0	-308.0
64720	2012-07-07 12:10:00	2012-07-07 12:13:00	2012-07-07 12:15:00	C2.4		POINT(60 -17)	-17	60	787.0	-313.0
64730	2012-07-07 13:02:00	2012-07-07 13:06:00	2012-07-07 13:09:00	C3.2	11515.0	POINT(61 -17)	-17	61	793.0	-312.0
64740	2012-07-07 13:10:00	2012-07-07 13:14:00	2012-07-07 13:16:00	C3.9	11515.0	POINT(62 -17)	-17	62	795.0	-312.0
64750	2012-07-07 13:45:00	2012-07-07 13:49:00	2012-07-07 13:52:00	C3.7	11515.0	POINT(59 -20)	-20	59	217.0	-228.0
64760	2012-07-07 14:33:00	2012-07-07 14:36:00	2012-07-07 14:41:00	C3.0	11515.0	POINT(66 -15)	-15	66	842.0	-217.0
64770	2012-07-07 14:42:00	2012-07-07 14:47:00	2012-07-07 14:54:00	C3.6		POINT(61 -17)	-17	61	797.0	-303.0
64780	2012-07-07 23:56:00	2012-07-08 00:09:00	2012-07-08 00:16:00	C8.4	11513.0	POINT(76 16)	16	76	834.0	-305.0
64790	2012-07-08 02:03:00	2012-07-08 02:09:00	2012-07-08 02:14:00	C3.6	11515.0	POINT(68 -17)	-17	68	838.0	-301.0
64800	2012-07-08 03:12:00	2012-07-08 03:21:00	2012-07-08 03:48:00	C4.4	11514.0	POINT(78 -13)	-13	78	851.0	-304.0
64810	2012-07-08 04:14:00	2012-07-08 04:19:00	2012-07-08 04:24:00	C6.6	11515.0	POINT(65 -17)	-17	65	840.0	-299.0
64820	2012-07-08 05:28:00	2012-07-08 05:34:00	2012-07-08 05:40:00	C5.9	11515.0	POINT(64 -19)	-19	64	847.0	-297.0
64830	2012-07-08 05:31:00	2012-07-08 05:31:00	2012-07-08 05:54:00	M1.3	11515.0	POINT(65 -17)	-17	65	850.0	-294.0
64840	2012-07-08 06:13:00	2012-07-08 06:24:00	2012-07-08 06:43:00	C6.8	11515.0	POINT(80 -13)	-13	80	846.0	-299.0
64850	2012-07-08 09:44:00	2012-07-08 09:53:00	2012-07-08 09:57:00	M1.1	11515.0	POINT(67 -21)	-21	67	854.0	-294.0
64860	2012-07-08 10:21:00	2012-07-08 10:30:00	2012-07-08 10:39:00	C6.9	11515.0	POINT(74 -19)	-19	74	901.0	-272.0
64870	2012-07-08 10:44:00	2012-07-08 10:45:00	2012-07-08 10:51:00	C5.4	11515.0	POINT(74 -19)	-19	74	914.0	-270.0
64880	2012-07-08 12:05:00	2012-07-08 12:09:00	2012-07-08 12:29:00	M1.4	11515.0	POINT(69 -21)	-21	69	859.0	-292.0
64890	2012-07-08 12:54:00	2012-07-08 13:02:00	2012-07-08 13:13:00	C6.1	11520.0	POINT(-63 -17)	-17	-63	-785.0	-297.0
64900	2012-07-08 14:35:00	2012-07-08 14:43:00	2012-07-08 14:55:00	C6.7	11515.0	POINT(74 -16)	-16	74	874.0	-293.0
64910	2012-07-08 16:23:00	2012-07-08 16:32:00	2012-07-08 16:42:00	M6.9	11515.0	POINT(74 -17)	-17	74	910.0	-244.0
64920	2012-07-08 17:29:00	2012-07-08 17:34:00	2012-07-08 17:47:00	C8.8	11520.0	POINT(-48 -16)	-16	-48	-658.0	-331.0
64930	2012-07-08 17:48:00	2012-07-08 18:03:00	2012-07-08 18:09:00	C9.2	11519.0	POINT(-30 -16)	-16	-30	-474.0	-307.0
64940	2012-07-08 19:21:00	2012-07-08 19:24:00	2012-07-08 19:28:00	C6.6	11520.0	POINT(-46 -16)	-16	-46	-658.0	-309.0
64950	2012-07-09 07:06:00	2012-07-09 07:13:00	2012-07-09 07:22:00	C4.5	11516.0	POINT(63 -16)	-16	63	909.0	-277.0
64960	2012-07-09 08:05:00	2012-07-09 08:30:00	2012-07-09 08:58:00	C7.9	11515.0	POINT(82 -17)	-17	82	-524.0	-301.0
64970	2012-07-09 09:21:00	2012-07-09 09:32:00	2012-07-09 10:05:00	C6.5	11515.0	POINT(88 -19)	-19	88	906.0	-315.0
64980	2012-07-09 19:46:00	2012-07-09 19:52:00	2012-07-09 19:56:00	C5.0	11515.0	POINT(88 -16)	-16	88	915.0	-263.0
64990	2012-07-09 22:07:00	2012-07-09 22:17:00	2012-07-09 22:28:00	C2.2	11520.0	POINT(-38 -22)	-22	-38	-544.0	-404.0
65000	2012-07-09 23:03:00	2012-07-09 23:07:00	2012-07-09 23:11:00	M1.1	11520.0	POINT(-38 -17)	-17	-38	-558.0	-325.0
65010	2012-07-10 03:15:00	2012-07-10 03:16:00	2012-07-10 03:37:00	C3.9	11520.0	POINT(-34 -22)	-22	-34	-505.0	-324.0
65020	2012-07-10 04:31:00	2012-07-10 04:39:00	2012-07-10 04:45:00	C7.0	11521.0	POINT(-34 -16)	-16	-34	-507.0	-326.0
65030	2012-07-10 04:58:00	2012-07-10 05:14:00	2012-07-10 05:31:00	M1.7	11520.0	POINT(-35 -16)	-16	-35	-531.0	-321.0
65040	2012-07-10 06:05:00	2012-07-10 06:27:00	2012-07-10 06:47:00	M2.0	11520.0	POINT(-30 -17)	-17	-30	-467.0	-314.0
65050	2012-07-10 08:12:00	2012-07-10 08:27:00	2012-07-10 09:12:00	C4.5	11519.0	POINT(-7 -16)	-16	-7	-102.0	-360.0
65060	2012-07-10 09:00:00	2012-07-10 09:04:00	2012-07-10 09:08:00	C4.1	11521.0	POINT(-16 -22)	-22	-16	-266.0	-418.0
65070	2012-07-10 12:08:00	2012-07-10 12:24:00	2012-07-10 12:31:00	C5.5	11520.0	POINT(-28 -16)	-16	-28	-433.0	-318.0
65080	2012-07-10 12:37:00	2012-07-10 12:44:00	2012-07-10 12:49:00	C4.6	11520.0	POINT(-30 -17)	-17	-30	-465.0	-334.0
65090	2012-07-10 13:39:00	2012-07-10 13:45:00	2012-07-10 13:49:00	C8.2	11521.0	POINT(-17 -22)	-22	-17	-228.0	-418.0
65100	2012-07-10 15:27:00	2012-07-10 15:45:00	2012-07-10 15:50:00	C5.6	11520.0	POINT(-29 -14)	-14	-29	-444.0	-293.0
65110	2012-07-10 20:07:00	2012-07-10 20:14:00	2012-07-10 20:16:00	C3.2	11520.0	POINT(-24 -16)	-16	-24	-381.0	-324.0
65120	2012-07-10 23:57:00	2012-07-11 00:09:00	2012-07-11 00:23:00	C3.0	11515.0	POINT(88 -19)	-19	88	902.0	-317.0
65130	2012-07-11 05:23:00	2012-07-11 05:32:00	2012-07-11 05:58:00	C3.4	11521.0	POINT(-8 -22)	-22	-8	-96.0	-417.0
65140	2012-07-11 08:24:00	2012-07-11 08:31:00	2012-07-11 08:37:00	C9.9	11521.0	POINT(-5 -22)	-22	-5	-70.0	-425.0
65150	2012-07-11 14:35:00	2012-07-11 14:42:00	2012-07-11 14:49:00	C1.7	11519.0	POINT(9 -18)	-18	9	152.0	-368.0
65160	2012-07-11 15:57:00	2012-07-11 16:02:00	2012-07-11 16:06:00	C1.9	11520.0	POINT(-15 -17)	-17	-15	-221.0	-361.0
65170	2012-07-11 21:24:00	2012-07-11 22:27:00	2012-07-11 22:49:00	C5.6	11520.0	POINT(-12 -18)	-18	-12	-179.0	-425.0
65180	2012-07-12 01:05:00	2012-07-12 01:09:00	2012-07-12 01:17:00	C1.3	11521.0	POINT(3 -20)	-20	3	150.0	-317.0
65190	2012-07-12 01:23:00	2012-07-12 01:36:00	2012-07-12 01:43:00	C4.0	11520.0	POINT(-11 -20)	-20	-11	-164.0	-380.0
65200	2012-07-12 07:23:00	2012-07-12 07:27:00	2012-07-12 07:46:00	C1.0	11521.0	POINT(8 -22)	-22	8	130.0	-430.0
65210	2012-07-12 07:46:00	2012-07-12 08:05:00	2012-07-12 08:21:00	C3.1	11520.0	POINT(-6 -21)	-21	-6	-94.0	-415.0
65220	2012-07-12 15:37:00	2012-07-12 16:49:00	2012-07-12 17:30:00	X1.4	11520.0	POINT(3 -13)	-13	3	62.0	-294.0
65230	2012-07-13 06:23:00	2012-07-13 06:29:00	2012-07-13 06:37:00	C2.4	11521.0	POINT(24 -23)	-23	24	369.0	-407.0
65240	2012-07-13 11:07:00	2012-07-13 11:11:00	2012-07-13 11:13:00	C1.5	11520.0	POINT(8 -16)	-16	8	151.0	-332.0
65250	2012-07-13 12:15:00	2012-07-13 12:19:00	2012-07-13 12:22:00	C1.5	11521.0	POINT(27 -22)	-22	27	419.0	-400.0
65260	2012-07-13 19:00:00	2012-07-13 19:04:00	2012-07-13 19:27:00	C1.3	11520.0	POINT(17 -13)	-13	17	267.0	-277.0
65270	2012-07-13 22:01:00	2012-07-13 22:10:00	2012-07-13 22:19:00	C2.4	11520.0	POINT(18 -13)	-13	18	302.0	-277.0
65280	2012-07-13 22:28:00	2012-07-13 22:35:00	2012-07-13 22:42:00	C2.1	11519.0	POINT(19 -13)	-13	19	307.0	-278.0
65290	2012-07-14 03:44:00	2012-07-14 04:56:00	2012-07-14 05:31:00	C5.0		POINT(22 -17)	-17	22	458.0	-354.0
65300	2012-07-14 04:51:00	2012-07-14 04:58:00	2012-07-14 05:05:00	M1.0	11521.0	POINT(36 -22)	-22	36	291.0	-318.0
65310	2012-07-14 07:18:00	2012-07-14 07:25:00	2012-07-14 07:33:00	C2.0	11521.0	POINT(37 -19)	-19	37	263.0	-249.0
65320	2012-07-14 09:07:00	2012-07-14 09:12:00	2012-07-14 09:16:00	C1.4	11522.0	POINT(39 12)	12	39	576.0	155.0
65330	2012-07-14 10:29:00	2012-07-14 10:39:00	2012-07-14 10:51:00	C3.2	11520.0	POINT(25 -12)	-12	25	420.0	-272.0
65340	2012-07-14 14:08:00	2012-07-14 14:14:00	2012-07-14 14:50:00	C2.4	11520.0	POINT(28 -13)	-13	28	444.0	-279.0
65350	2012-07-14 15:38:00	2012-07-14 15:44:00	2012-07-14 15:49:00	C2.5	11520.0	POINT(25 -16)	-16	25	363.0	-329.0
65360	2012-07-14 21:50:00	2012-07-14 22:19:00	2012-07-14 22:50:00	C1.0		POINT(31 -13)	-13	31	485.0	-278.0
65370	2012-07-15 14:32:00	2012-07-15 14:36:00	2012-07-15 14:40:00	C1.1	11521.0	POINT(57 -21)	-21	57	738.0	-372.0
65380	2012-07-15 17:25:00	2012-07-15 17:30:00	2012-07-15 17:35:00	C1.0		POINT(64 -17)	-17	64	810.0	-311.0
65390	2012-07-15 18:38:00	2012-07-15 18:47:00	2012-07-15 18:49:00	C3.8	11519.0	POINT(65 -17)	-17	65	818.0	-311.0
65400	2012-07-15 19:41:00	2012-07-15 19:48:00	2012-07-15 19:53:00	C2.8	11519.0	POINT(60 -19)	-19	60	825.0	-317.0
65410	2012-07-15 20:27:00	2012-07-15 20:46:00	2012-07-15 20:51:00	C1.2	11519.0	POINT(60 -19)	-19	60	826.0	-312.0
65420	2012-07-15 20:52:00	2012-07-15 20:56:00	2012-07-15 20:58:00	C1.6		POINT(66 -17)	-17	66	825.0	-316.0
65430	2012-07-15 21:43:00	2012-07-15 21:49:00	2012-07-15 21:52:00	C3.5	11520.0	POINT(44 -15)	-15	44	646.0	-288.0
65440	2012-07-15 23:53:00	2012-07-16 00:11:00	2012-07-16 00:31:00	C2.4	11519.0	POINT(63 -17)	-17	63	811.0	-291.0
65450	2012-07-16 01:16:00	2012-07-16 01:19:00	2012-07-16 01:28:00	C1.8	11520.0	POINT(68 -17)	-17	68	843.0	-316.0
65460	2012-07-16 01:40:00	2012-07-16 01:46:00	2012-07-16 01:54:00	C1.4		POINT(64 -15)	-15	64	822.0	-278.0
65470	2012-07-16 02:19:00	2012-07-16 02:31:00	2012-07-16 02:42:00	C1.3		POINT(66 12)	12	66	846.0	178.0
65480	2012-07-16 02:41:00	2012-07-16 03:44:00	2012-07-16 04:07:00	C2.3		POINT(74 -18)	-18	74	860.0	-323.0
65490	2012-07-16 04:52:00	2012-07-16 04:58:00	2012-07-16 05:09:00	C3.0	11522.0	POINT(62 10)	10	62	821.0	178.0
65500	2012-07-16 13:01:00	2012-07-16 13:10:00	2012-07-16 13:19:00	C2.2	11520.0	POINT(81 -18)	-18	81	882.0	-316.0
65510	2012-07-16 15:47:00	2012-07-16 15:48:00	2012-07-16 15:57:00	C1.8	11520.0	POINT(60 -20)	-20	60	867.0	-296.0
65520	2012-07-16 18:29:00	2012-07-16 18:36:00	2012-07-16 18:40:00	C1.8	11520.0	POINT(60 -18)	-18	60	780.0	-329.0
65530	2012-07-16 19:19:00	2012-07-16 20:03:00	2012-07-16 20:43:00	C7.5	11520.0	POINT(68 -15)	-15	68	850.0	-270.0
65540	2012-07-16 21:27:00	2012-07-16 21:41:00	2012-07-16 21:50:00	C3.8	11520.0	POINT(-68 -17)	-17	-68	-835.0	-311.0
65550	2012-07-17 04:03:00	2012-07-17 04:15:00	2012-07-17 04:21:00	C2.4	11521.0	POINT(67 -18)	-18	67	813.0	-336.0
65560	2012-07-17 05:52:00	2012-07-17 06:05:00	2012-07-17 06:10:00	C1.5	11521.0	POINT(84 -19)	-19	84	900.0	-270.0
65570	2012-07-17 12:03:00	2012-07-17 17:15:00	2012-07-17 19:04:00	M1.7	11520.0	POINT(65 -28)	-28	65	931.0	-255.0
65580	2012-07-18 02:57:00	2012-07-18 03:09:00	2012-07-18 03:17:00	C3.9	11520.0	POINT(82 -19)	-19	82	884.0	-317.0
65590	2012-07-18 05:55:00	2012-07-18 06:02:00	2012-07-18 06:09:00	C3.0	11520.0	POINT(88 -14)	-14	88	920.0	-246.0
65600	2012-07-18 22:03:00	2012-07-18 22:18:00	2012-07-18 22:33:00	C4.5	11520.0	POINT(88 -14)	-14	88	930.0	-237.0
65610	2012-07-19 00:00:00	2012-07-19 00:09:00	2012-07-19 00:14:00	C2.4	11524.0	POINT(-38 -16)	-16	-38	-562.0	-333.0
65620	2012-07-19 01:34:00	2012-07-19 01:37:00	2012-07-19 01:39:00	C1.3	11524.0	POINT(-37 -16)	-16	-37	-549.0	-327.0
65630	2012-07-19 04:17:00	2012-07-19 05:58:00	2012-07-19 06:56:00	M7.7	11520.0	POINT(88 -13)	-13	88	974.0	-236.0
65640	2012-07-19 18:32:00	2012-07-19 18:36:00	2012-07-19 18:38:00	C1.5	11525.0	POINT(-25 -23)	-23	-25	-378.0	-429.0
65650	2012-07-19 21:44:00	2012-07-19 21:48:00	2012-07-19 21:51:00	C1.1	11525.0	POINT(-23 -22)	-22	-23	-351.0	-434.0
65660	2012-07-20 18:51:00	2012-07-20 19:13:00	2012-07-20 19:52:00	B4.8		POINT(88 -13)	-13	88	930.0	-233.0
65670	2012-07-20 21:31:00	2012-07-20 21:37:00	2012-07-20 21:45:00	B5.0	11525.0	POINT(-14 -19)	-19	-14	-217.0	-392.0
65680	2012-07-20 22:18:00	2012-07-20 22:22:00	2012-07-20 22:26:00	B4.2	11525.0	POINT(-8 -22)	-22	-8	-136.0	-432.0
65690	2012-07-21 23:19:00	2012-07-21 23:24:00	2012-07-21 23:29:00	C1.4	11526.0	POINT(-51 -16)	-16	-51	-704.0	-321.0
65700	2012-07-22 08:01:00	2012-07-22 08:26:00	2012-07-22 09:45:00	B5.4		POINT(7 -20)	-20	7	116.0	-412.0
65710	2012-07-22 22:19:00	2012-07-22 22:31:00	2012-07-22 22:39:00	B6.1		POINT(-88 14)	14	-88	-917.0	238.0
65720	2012-07-22 23:44:00	2012-07-23 00:32:00	2012-07-23 01:44:00	B4.3		POINT(-88 -16)	-16	-88	-936.0	-285.0
65730	2012-07-23 00:00:00	2012-07-23 00:32:00	2012-07-23 03:00:00	B4.3		POINT(-88 -16)	-16	-88	-933.0	-284.0
65740	2012-07-23 09:48:00	2012-07-23 10:27:00	2012-07-23 10:58:00	B8.2		POINT(-87 -23)	-23	-87	-898.0	-397.0
65750	2012-07-23 11:21:00	2012-07-23 11:27:00	2012-07-23 11:48:00	C2.0	11527.0	POINT(-78 27)	27	-78	-846.0	383.0
65760	2012-07-23 15:29:00	2012-07-23 15:39:00	2012-07-23 15:50:00	B7.3		POINT(-87 -19)	-19	-87	-910.0	-326.0
65770	2012-07-23 16:40:00	2012-07-23 17:00:00	2012-07-23 17:06:00	C1.0	11530.0	POINT(-88 -17)	-17	-88	-926.0	-294.0
65780	2012-07-23 22:15:00	2012-07-23 22:25:00	2012-07-23 22:36:00	B7.9		POINT(-87 -19)	-19	-87	-899.0	-325.0
65790	2012-07-23 23:10:00	2012-07-23 23:25:00	2012-07-23 23:33:00	C1.4	11530.0	POINT(-87 -18)	-18	-87	-934.0	-315.0
65800	2012-07-24 05:33:00	2012-07-24 05:56:00	2012-07-24 06:27:00	C1.4	11530.0	POINT(-87 -19)	-19	-87	-930.0	-336.0
65810	2012-07-24 08:54:00	2012-07-24 09:13:00	2012-07-24 09:32:00	B4.4	11530.0	POINT(-88 -17)	-17	-88	-943.0	-302.0
65820	2012-07-24 10:22:00	2012-07-24 10:31:00	2012-07-24 10:46:00	B8.0	11530.0	POINT(-87 -20)	-20	-87	-887.0	-335.0
65830	2012-07-24 11:28:00	2012-07-24 11:49:00	2012-07-24 12:21:00	C1.6	11530.0	POINT(-87 -19)	-19	-87	-926.0	-324.0
65840	2012-07-24 13:43:00	2012-07-24 13:55:00	2012-07-24 14:15:00	C1.1	11530.0	POINT(-87 -20)	-20	-87	-896.0	-332.0
65850	2012-07-24 16:16:00	2012-07-24 16:21:00	2012-07-24 16:27:00	B6.2		POINT(-18 -19)	-19	-18	-285.0	-387.0
65860	2012-07-24 18:56:00	2012-07-24 19:05:00	2012-07-24 19:17:00	C4.2	11530.0	POINT(-75 -19)	-19	-75	-884.0	-332.0
65870	2012-07-25 05:58:00	2012-07-25 06:02:00	2012-07-25 06:07:00	B5.9	11528.0	POINT(-54 21)	21	-54	-722.0	245.0
65880	2012-07-25 10:35:00	2012-07-25 10:40:00	2012-07-25 10:44:00	B9.9		POINT(-82 -20)	-20	-82	-879.0	-333.0
65890	2012-07-25 16:09:00	2012-07-25 16:33:00	2012-07-25 16:46:00	B5.9		POINT(-87 -22)	-22	-87	-884.0	-368.0
65900	2012-07-25 21:39:00	2012-07-25 21:42:00	2012-07-25 21:47:00	B8.1		POINT(-87 -25)	-25	-87	-872.0	-410.0
65910	2012-07-26 09:59:00	2012-07-26 10:02:00	2012-07-26 10:04:00	B6.8	11528.0	POINT(-32 19)	19	-32	-483.0	200.0
65920	2012-07-26 19:46:00	2012-07-26 19:53:00	2012-07-26 20:09:00	C1.3	11532.0	POINT(-87 -20)	-20	-87	-897.0	-332.0
65930	2012-07-26 23:01:00	2012-07-26 23:05:00	2012-07-26 23:12:00	B9.5	11532.0	POINT(-78 -20)	-20	-78	-866.0	-346.0
65940	2012-07-27 00:17:00	2012-07-27 00:24:00	2012-07-27 00:28:00	C1.3	11531.0	POINT(59 12)	12	59	797.0	166.0
65950	2012-07-27 02:24:00	2012-07-27 02:29:00	2012-07-27 02:31:00	C1.7	11531.0	POINT(61 12)	12	61	807.0	168.0
65960	2012-07-27 03:28:00	2012-07-27 03:36:00	2012-07-27 03:42:00	C1.3	11532.0	POINT(-81 -25)	-25	-81	-845.0	-412.0
65970	2012-07-27 03:58:00	2012-07-27 04:02:00	2012-07-27 04:04:00	C5.0	11528.0	POINT(-22 17)	17	-22	-329.0	195.0
65980	2012-07-27 10:05:00	2012-07-27 10:08:00	2012-07-27 10:11:00	B7.7		POINT(-17 17)	17	-17	-273.0	201.0
65990	2012-07-27 11:44:00	2012-07-27 11:49:00	2012-07-27 11:53:00	C2.5		POINT(-17 16)	16	-17	-267.0	188.0
66000	2012-07-27 12:19:00	2012-07-27 12:22:00	2012-07-27 12:24:00	C1.0		POINT(-17 18)	18	-17	-265.0	221.0
66010	2012-07-27 13:57:00	2012-07-27 14:00:00	2012-07-27 14:17:00	C1.5	11530.0	POINT(-36 -20)	-20	-36	-539.0	-390.0
66020	2012-07-27 16:52:00	2012-07-27 16:52:00	2012-07-27 16:56:00	M2.7	11532.0	POINT(-62 -18)	-18	-62	-816.0	-410.0
66030	2012-07-27 20:18:00	2012-07-27 20:27:00	2012-07-27 20:40:00	C2.1	11530.0	POINT(-34 -20)	-20	-34	-496.0	-401.0
66040	2012-07-28 07:21:00	2012-07-28 07:29:00	2012-07-28 07:42:00	C1.7	11530.0	POINT(-22 -21)	-21	-22	-343.0	-426.0
66050	2012-07-28 13:10:00	2012-07-28 13:19:00	2012-07-28 13:26:00	C1.1		POINT(-88 14)	14	-88	-929.0	242.0
66060	2012-07-28 18:24:00	2012-07-28 18:31:00	2012-07-28 18:40:00	C1.7		POINT(-88 18)	18	-88	-906.0	312.0
66070	2012-07-28 20:44:00	2012-07-28 20:56:00	2012-07-28 21:04:00	M6.1	11532.0	POINT(-54 -25)	-25	-54	-699.0	-427.0
66080	2012-07-29 03:12:00	2012-07-29 03:18:00	2012-07-29 03:30:00	C2.3	11532.0	POINT(-51 -25)	-25	-51	-676.0	-438.0
66090	2012-07-29 05:56:00	2012-07-29 06:00:00	2012-07-29 06:05:00	C1.4	11532.0	POINT(-48 -26)	-26	-48	-651.0	-453.0
66100	2012-07-29 06:15:00	2012-07-29 06:22:00	2012-07-29 06:29:00	M2.3	11532.0	POINT(-49 -22)	-22	-49	-632.0	-438.0
66110	2012-07-29 11:56:00	2012-07-29 12:06:00	2012-07-29 12:14:00	C3.1	11532.0	POINT(-48 -25)	-25	-48	-614.0	-463.0
66120	2012-07-29 14:42:00	2012-07-29 15:07:00	2012-07-29 15:23:00	C2.2	11532.0	POINT(-47 -23)	-23	-47	-461.0	-417.0
66130	2012-07-29 15:14:00	2012-07-29 15:17:00	2012-07-29 15:19:00	C1.9		POINT(-32 -21)	-21	-32	-476.0	-424.0
66140	2012-07-29 21:51:00	2012-07-29 21:57:00	2012-07-29 22:03:00	C1.9		POINT(-84 19)	19	-84	-888.0	299.0
66150	2012-07-30 00:47:00	2012-07-30 00:54:00	2012-07-30 01:01:00	C1.5	11528.0	POINT(16 16)	16	16	265.0	173.0
66160	2012-07-30 01:38:00	2012-07-30 01:47:00	2012-07-30 02:03:00	C1.1	11532.0	POINT(-33 -21)	-21	-33	-378.0	-421.0
66170	2012-07-30 04:16:00	2012-07-30 04:24:00	2012-07-30 04:28:00	C2.4	11528.0	POINT(18 14)	14	18	288.0	150.0
66180	2012-07-30 05:13:00	2012-07-30 05:16:00	2012-07-30 05:23:00	C1.3	11535.0	POINT(-81 20)	20	-81	-887.0	278.0
66190	2012-07-30 06:03:00	2012-07-30 06:12:00	2012-07-30 06:22:00	C4.0	11535.0	POINT(-78 20)	20	-78	-878.0	296.0
66200	2012-07-30 07:06:00	2012-07-30 07:10:00	2012-07-30 07:16:00	C2.4	11535.0	POINT(-76 18)	18	-76	-878.0	288.0
66210	2012-07-30 07:54:00	2012-07-30 07:58:00	2012-07-30 08:01:00	C1.6		POINT(-79 19)	19	-79	-877.0	295.0
66220	2012-07-30 08:21:00	2012-07-30 08:26:00	2012-07-30 08:31:00	C2.1	11528.0	POINT(21 15)	15	21	327.0	174.0
66230	2012-07-30 10:28:00	2012-07-30 10:35:00	2012-07-30 10:41:00	C2.3		POINT(-77 19)	19	-77	-872.0	290.0
66240	2012-07-30 11:04:00	2012-07-30 11:07:00	2012-07-30 11:09:00	C1.5	11532.0	POINT(-21 -21)	-21	-21	-308.0	-429.0
66250	2012-07-30 13:55:00	2012-07-30 14:03:00	2012-07-30 14:05:00	C8.8	11532.0	POINT(-20 -21)	-21	-20	-434.0	-431.0
66260	2012-07-30 15:39:00	2012-07-30 15:48:00	2012-07-30 15:53:00	M1.1	11536.0	POINT(-28 -22)	-22	-28	-417.0	-428.0
66270	2012-07-30 20:19:00	2012-07-30 20:23:00	2012-07-30 20:27:00	B9.4		POINT(-69 17)	17	-69	-844.0	246.0
66280	2012-07-30 23:10:00	2012-07-30 23:18:00	2012-07-30 23:28:00	C1.8	11526.0	POINT(67 -18)	-18	67	810.0	-368.0
66290	2012-07-30 23:50:00	2012-07-30 23:58:00	2012-07-31 00:04:00	C6.3	11538.0	POINT(-87 -24)	-24	-87	-870.0	-396.0
66300	2012-07-31 01:48:00	2012-07-31 01:51:00	2012-07-31 01:54:00	C1.8	11532.0	POINT(-13 -19)	-19	-13	-181.0	-430.0
66310	2012-07-31 03:23:00	2012-07-31 03:25:00	2012-07-31 03:34:00	C1.0	11536.0	POINT(-23 -23)	-23	-23	-816.0	284.0
66320	2012-07-31 09:35:00	2012-07-31 09:40:00	2012-07-31 09:57:00	C1.1	11535.0	POINT(-64 20)	20	-64	-800.0	285.0
66330	2012-07-31 10:46:00	2012-07-31 11:30:00	2012-07-31 12:26:00	C5.7	11535.0	POINT(-59 19)	19	-59	-817.0	232.0
66340	2012-07-31 14:17:00	2012-07-31 14:25:00	2012-07-31 14:30:00	C5.0	11538.0	POINT(-78 -24)	-24	-78	-847.0	-401.0
66350	2012-07-31 15:10:00	2012-07-31 15:15:00	2012-07-31 15:22:00	C1.6	11536.0	POINT(-21 -25)	-25	-21	-320.0	-482.0
66360	2012-07-31 15:54:00	2012-07-31 16:02:00	2012-07-31 16:07:00	C1.3	11538.0	POINT(-78 -24)	-24	-78	-841.0	-408.0
66370	2012-07-31 17:10:00	2012-07-31 17:27:00	2012-07-31 17:32:00	C4.0	11536.0	POINT(-20 -25)	-25	-20	-299.0	-480.0
66380	2012-07-31 19:25:00	2012-07-31 19:30:00	2012-07-31 19:35:00	C1.2	11535.0	POINT(-73 -23)	-23	-73	-828.0	-405.0
66390	2012-07-31 21:59:00	2012-07-31 22:05:00	2012-07-31 22:08:00	C2.4	11528.0	POINT(40 15)	15	40	586.0	185.0
66400	2012-07-31 23:29:00	2012-07-31 23:33:00	2012-07-31 23:36:00	C1.3	11538.0	POINT(-71 -24)	-24	-71	-815.0	-418.0
66410	2012-07-31 23:54:00	2012-07-31 23:59:00	2012-08-01 00:04:00	C1.3	11536.0	POINT(-17 -25)	-25	-17	-254.0	-486.0
66420	2012-08-01 01:20:00	2012-08-01 01:31:00	2012-08-01 01:35:00	C1.0		POINT(-70 -24)	-24	-70	-810.0	-418.0
66430	2012-08-01 03:57:00	2012-08-01 04:02:00	2012-08-01 04:06:00	C2.4	11538.0	POINT(-67 -24)	-24	-67	-797.0	-422.0
66440	2012-08-01 05:26:00	2012-08-01 05:29:00	2012-08-01 05:32:00	C1.0	11538.0	POINT(-65 -23)	-23	-65	-797.0	-402.0
66450	2012-08-01 06:18:00	2012-08-01 06:21:00	2012-08-01 06:28:00	C1.0	11532.0	POINT(-2 -20)	-20	-2	-14.0	-399.0
66460	2012-08-01 09:45:00	2012-08-01 09:50:00	2012-08-01 10:03:00	C1.5	11528.0	POINT(0 -19)	-19	0	9.0	-406.0
66470	2012-08-01 12:47:00	2012-08-01 12:52:00	2012-08-01 12:58:00	C2.3	11535.0	POINT(-45 21)	21	-45	-626.0	238.0
66480	2012-08-01 14:01:00	2012-08-01 14:04:00	2012-08-01 14:09:00	C1.1	11538.0	POINT(-64 -23)	-23	-64	-787.0	-389.0
66490	2012-08-01 14:19:00	2012-08-01 14:23:00	2012-08-01 14:27:00	C1.1	11538.0	POINT(-65 -19)	-19	-65	-783.0	-389.0
66500	2012-08-01 14:46:00	2012-08-01 14:48:00	2012-08-01 14:53:00	B8.6		POINT(-63 -22)	-22	-63	-786.0	-393.0
66510	2012-08-01 18:40:00	2012-08-01 18:46:00	2012-08-01 18:54:00	C1.8	11532.0	POINT(6 -19)	-19	6	90.0	-405.0
66520	2012-08-01 23:39:00	2012-08-01 23:45:00	2012-08-01 23:49:00	C1.2	11535.0	POINT(-38 19)	19	-38	-560.0	236.0
66530	2012-08-02 04:53:00	2012-08-02 04:56:00	2012-08-02 04:59:00	C1.5	11532.0	POINT(15 -20)	-20	15	232.0	-425.0
66540	2012-08-02 12:10:00	2012-08-02 13:10:00	2012-08-02 13:35:00	C1.5		POINT(87 -20)	-20	87	901.0	-342.0
66550	2012-08-02 15:17:00	2012-08-02 15:29:00	2012-08-02 15:35:00	B9.6		POINT(67 13)	13	67	849.0	191.0
66560	2012-08-03 04:52:00	2012-08-03 04:56:00	2012-08-03 05:04:00	B8.7	11538.0	POINT(-46 -20)	-20	-46	-636.0	-407.0
66570	2012-08-03 05:51:00	2012-08-03 06:00:00	2012-08-03 06:08:00	C2.8	11539.0	POINT(-55 -22)	-22	-55	-709.0	-433.0
66580	2012-08-03 07:52:00	2012-08-03 08:11:00	2012-08-03 08:23:00	C1.4	11538.0	POINT(-42 -20)	-20	-42	-584.0	-405.0
66590	2012-08-03 11:52:00	2012-08-03 12:22:00	2012-08-03 13:00:00	C1.3		POINT(27 -20)	-20	27	410.0	-408.0
66600	2012-08-03 16:05:00	2012-08-03 16:27:00	2012-08-03 16:49:00	C1.4	11540.0	POINT(-63 -27)	-27	-63	-765.0	-465.0
66610	2012-08-03 21:20:00	2012-08-03 21:27:00	2012-08-03 21:31:00	C3.0	11535.0	POINT(-14 18)	18	-14	-198.0	191.0
66620	2012-08-04 01:25:00	2012-08-04 01:30:00	2012-08-04 01:34:00	C1.3	11535.0	POINT(-12 18)	18	-12	-201.0	222.0
66630	2012-08-04 04:13:00	2012-08-04 04:18:00	2012-08-04 04:22:00	C2.7	11535.0	POINT(-11 19)	19	-11	-178.0	216.0
66640	2012-08-04 06:03:00	2012-08-04 06:08:00	2012-08-04 06:11:00	C1.3	11535.0	POINT(-12 20)	20	-12	-165.0	222.0
66650	2012-08-04 06:42:00	2012-08-04 08:18:00	2012-08-04 09:01:00	C1.2		POINT(87 -19)	-19	87	940.0	-344.0
66660	2012-08-04 11:04:00	2012-08-04 15:00:00	2012-08-04 16:49:00	C3.5	11539.0	POINT(-56 -21)	-21	-56	-734.0	-402.0
66670	2012-08-05 02:20:00	2012-08-05 02:30:00	2012-08-05 02:33:00	C1.8	11532.0	POINT(51 -19)	-19	51	628.0	-417.0
66680	2012-08-05 05:46:00	2012-08-05 06:25:00	2012-08-05 08:03:00	C1.1	11539.0	POINT(-87 22)	22	-87	-889.0	361.0
66690	2012-08-06 00:39:00	2012-08-06 00:45:00	2012-08-06 00:48:00	C9.4	11542.0	POINT(-88 -14)	-14	-88	-927.0	-234.0
66700	2012-08-06 03:29:00	2012-08-06 03:33:00	2012-08-06 03:37:00	C1.0	11542.0	POINT(-88 -14)	-14	-88	-928.0	-240.0
66710	2012-08-06 04:33:00	2012-08-06 04:38:00	2012-08-06 04:41:00	M1.6	11542.0	POINT(-88 -14)	-14	-88	-923.0	-238.0
66720	2012-08-06 07:09:00	2012-08-06 07:14:00	2012-08-06 07:18:00	C1.1	11542.0	POINT(-88 -12)	-12	-88	-927.0	-207.0
66730	2012-08-06 08:10:00	2012-08-06 08:17:00	2012-08-06 08:21:00	C6.3	11542.0	POINT(-88 -14)	-14	-88	-920.0	-239.0
66740	2012-08-06 08:44:00	2012-08-06 08:48:00	2012-08-06 08:51:00	B9.3	11542.0	POINT(-88 -14)	-14	-88	-923.0	-236.0
66750	2012-08-06 10:16:00	2012-08-06 10:24:00	2012-08-06 10:29:00	C1.7	11542.0	POINT(-88 -14)	-14	-88	-918.0	-243.0
66760	2012-08-06 11:30:00	2012-08-06 11:38:00	2012-08-06 11:43:00	C1.6	11542.0	POINT(-88 -14)	-14	-88	-917.0	-246.0
66770	2012-08-06 14:01:00	2012-08-06 14:08:00	2012-08-06 14:12:00	C2.3	11542.0	POINT(-85 -14)	-14	-85	-912.0	-243.0
66780	2012-08-06 16:51:00	2012-08-06 16:56:00	2012-08-06 17:02:00	C2.8	11542.0	POINT(-83 -14)	-14	-83	-908.0	-222.0
66790	2012-08-06 19:50:00	2012-08-06 19:55:00	2012-08-06 20:00:00	C1.1	11542.0	POINT(-27 -14)	-14	-27	-422.0	-261.0
66800	2012-08-07 01:31:00	2012-08-07 01:34:00	2012-08-07 01:36:00	C1.0	11542.0	POINT(-75 -11)	-11	-75	-900.0	-204.0
66810	2012-08-07 03:08:00	2012-08-07 03:17:00	2012-08-07 03:23:00	C2.0	11542.0	POINT(-68 -13)	-13	-68	-23.0	1063.0
66820	2012-08-07 07:01:00	2012-08-07 07:06:00	2012-08-07 07:10:00	C1.1	11542.0	POINT(-67 -13)	-13	-67	-905.0	315.0
66830	2012-08-07 08:13:00	2012-08-07 08:18:00	2012-08-07 08:24:00	C2.2	11542.0	POINT(-70 -12)	-12	-70	-944.0	-260.0
66840	2012-08-07 10:19:00	2012-08-07 10:25:00	2012-08-07 10:31:00	C1.5	11542.0	POINT(-89 16)	16	-89	-917.0	276.0
66850	2012-08-07 13:22:00	2012-08-07 13:31:00	2012-08-07 13:41:00	C4.1	11542.0	POINT(-68 -12)	-12	-68	-843.0	-267.0
66860	2012-08-07 18:38:00	2012-08-07 18:50:00	2012-08-07 18:54:00	C3.0	11542.0	POINT(-64 -13)	-13	-64	-830.0	-246.0
66870	2012-08-07 21:17:00	2012-08-07 21:37:00	2012-08-07 21:42:00	C1.2	11542.0	POINT(-64 -12)	-12	-64	-837.0	-241.0
66880	2012-08-07 23:14:00	2012-08-07 23:18:00	2012-08-07 23:22:00	C1.1	11542.0	POINT(-63 -12)	-12	-63	-831.0	-245.0
66890	2012-08-07 23:40:00	2012-08-07 23:49:00	2012-08-07 23:54:00	C2.1	11542.0	POINT(-63 -11)	-11	-63	-833.0	-234.0
66900	2012-08-08 03:55:00	2012-08-08 04:07:00	2012-08-08 04:31:00	C1.7	11540.0	POINT(-4 -27)	-27	-4	-48.0	-494.0
66910	2012-08-08 07:26:00	2012-08-08 07:31:00	2012-08-08 07:35:00	C1.3	11542.0	POINT(-56 -16)	-16	-56	-779.0	-300.0
66920	2012-08-08 10:05:00	2012-08-08 10:09:00	2012-08-08 10:12:00	B9.0	11542.0	POINT(-61 -14)	-14	-61	-794.0	-319.0
66930	2012-08-08 11:17:00	2012-08-08 11:32:00	2012-08-08 11:42:00	C4.9	11542.0	POINT(-61 -14)	-14	-61	-799.0	-322.0
66940	2012-08-08 13:59:00	2012-08-08 14:04:00	2012-08-08 14:10:00	C1.3	11536.0	POINT(-59 -16)	-16	-59	-780.0	-322.0
66950	2012-08-08 14:42:00	2012-08-08 14:46:00	2012-08-08 14:50:00	C1.5	11542.0	POINT(-58 -14)	-14	-58	-779.0	-324.0
66960	2012-08-08 16:10:00	2012-08-08 16:21:00	2012-08-08 16:28:00	C1.9	11542.0	POINT(-58 -17)	-17	-58	-774.0	-327.0
66970	2012-08-08 20:07:00	2012-08-08 20:11:00	2012-08-08 20:19:00	B9.5		POINT(-55 -16)	-16	-55	-748.0	-325.0
66980	2012-08-08 21:54:00	2012-08-08 22:21:00	2012-08-08 22:31:00	C1.1	11544.0	POINT(-8 -29)	-29	-8	-128.0	-551.0
66990	2012-08-09 00:08:00	2012-08-09 00:14:00	2012-08-09 00:25:00	C2.7	11544.0	POINT(-6 -29)	-29	-6	-106.0	-546.0
67000	2012-08-09 01:09:00	2012-08-09 02:24:00	2012-08-09 02:58:00	C1.9	11542.0	POINT(-54 -14)	-14	-54	-746.0	-288.0
67010	2012-08-09 05:27:00	2012-08-09 05:33:00	2012-08-09 05:35:00	C3.2	11538.0	POINT(35 -24)	-24	35	480.0	-440.0
67020	2012-08-09 06:26:00	2012-08-09 06:28:00	2012-08-09 06:34:00	B9.6		POINT(-7 -30)	-30	-7	-82.0	-561.0
67030	2012-08-09 07:00:00	2012-08-09 07:10:00	2012-08-09 07:20:00	C1.1	11544.0	POINT(-4 -28)	-28	-4	-47.0	-538.0
67040	2012-08-09 11:14:00	2012-08-09 11:46:00	2012-08-09 12:58:00	C8.4	11542.0	POINT(-49 -15)	-15	-49	-668.0	-351.0
67050	2012-08-09 16:54:00	2012-08-09 16:58:00	2012-08-09 17:01:00	C1.1	11544.0	POINT(0 -29)	-29	0	11.0	-555.0
67060	2012-08-09 19:18:00	2012-08-09 19:21:00	2012-08-09 19:24:00	C1.4	11542.0	POINT(-37 -14)	-14	-37	-564.0	-317.0
67070	2012-08-09 21:26:00	2012-08-09 21:52:00	2012-08-09 22:19:00	C1.1	11538.0	POINT(42 -27)	-27	42	564.0	-510.0
67080	2012-08-09 22:42:00	2012-08-09 22:47:00	2012-08-09 22:55:00	C1.4	11542.0	POINT(-38 -15)	-15	-38	-570.0	-303.0
67090	2012-08-10 04:07:00	2012-08-10 04:16:00	2012-08-10 04:45:00	C4.2	11542.0	POINT(-36 -16)	-16	-36	-551.0	-315.0
67100	2012-08-10 04:58:00	2012-08-10 05:02:00	2012-08-10 05:05:00	C2.4	11542.0	POINT(-36 -17)	-17	-36	-541.0	-358.0
67110	2012-08-10 06:35:00	2012-08-10 06:40:00	2012-08-10 06:54:00	B8.2	11542.0	POINT(-36 -15)	-15	-36	-510.0	-288.0
67120	2012-08-10 15:44:00	2012-08-10 15:47:00	2012-08-10 15:50:00	B8.8	11543.0	POINT(-39 21)	21	-39	-572.0	239.0
67130	2012-08-10 17:32:00	2012-08-10 17:40:00	2012-08-10 17:46:00	C2.7	11544.0	POINT(12 -29)	-29	12	182.0	-549.0
67140	2012-08-10 18:38:00	2012-08-10 19:13:00	2012-08-10 20:04:00	C1.4	11542.0	POINT(-27 -14)	-14	-27	-436.0	-322.0
67150	2012-08-11 01:13:00	2012-08-11 01:19:00	2012-08-11 01:30:00	C1.1	11544.0	POINT(20 -29)	-29	20	237.0	-550.0
67160	2012-08-11 06:35:00	2012-08-11 06:38:00	2012-08-11 06:41:00	B5.5	11542.0	POINT(-23 -13)	-13	-23	785.0	-410.0
67170	2012-08-11 07:18:00	2012-08-11 07:22:00	2012-08-11 07:28:00	B7.2	11542.0	POINT(-21 -15)	-15	-21	-336.0	-342.0
67180	2012-08-11 09:02:00	2012-08-11 09:08:00	2012-08-11 09:14:00	B6.7		POINT(88 18)	18	88	905.0	296.0
67190	2012-08-11 11:55:00	2012-08-11 12:20:00	2012-08-11 12:57:00	M1.0	11540.0	POINT(38 -28)	-28	38	563.0	-481.0
67200	2012-08-11 16:28:00	2012-08-11 16:42:00	2012-08-11 17:03:00	C2.0	11542.0	POINT(-18 -19)	-19	-18	-275.0	-408.0
67210	2012-08-12 13:28:00	2012-08-12 13:34:00	2012-08-12 13:44:00	B8.1	11542.0	POINT(87 20)	20	87	896.0	344.0
67220	2012-08-12 13:46:00	2012-08-12 13:51:00	2012-08-12 13:57:00	B7.9	11542.0	POINT(-5 -14)	-14	-5	-62.0	-344.0
67230	2012-08-13 04:05:00	2012-08-13 04:13:00	2012-08-13 04:27:00	C1.0	11543.0	POINT(-2 24)	24	-2	-14.0	285.0
67240	2012-08-13 09:19:00	2012-08-13 09:30:00	2012-08-13 09:41:00	C1.4	11540.0	POINT(86 -25)	-25	86	863.0	-410.0
67250	2012-08-13 12:33:00	2012-08-13 12:40:00	2012-08-13 12:49:00	C2.8	11543.0	POINT(3 22)	22	3	54.0	266.0
67260	2012-08-13 21:44:00	2012-08-13 21:59:00	2012-08-13 22:08:00	B6.3	11540.0	POINT(87 -19)	-19	87	913.0	-322.0
67270	2012-08-14 00:23:00	2012-08-14 00:31:00	2012-08-14 00:42:00	C3.5	11543.0	POINT(8 23)	23	8	159.0	273.0
67280	2012-08-14 02:18:00	2012-08-14 03:03:00	2012-08-14 04:47:00	C1.1	11542.0	POINT(17 -14)	-14	17	865.0	-418.0
67290	2012-08-14 11:28:00	2012-08-14 11:37:00	2012-08-14 11:43:00	C1.1	11543.0	POINT(16 23)	23	16	253.0	287.0
67300	2012-08-14 18:33:00	2012-08-14 18:41:00	2012-08-14 19:04:00	B3.9		POINT(25 -15)	-15	25	392.0	-347.0
67310	2012-08-14 19:12:00	2012-08-14 20:26:00	2012-08-14 21:43:00	C1.2	11540.0	POINT(15 21)	21	15	235.0	242.0
67320	2012-08-14 22:23:00	2012-08-14 22:28:00	2012-08-14 22:54:00	C1.6	11542.0	POINT(-4 -15)	-15	-4	398.0	-418.0
67330	2012-08-15 03:37:00	2012-08-15 03:46:00	2012-08-15 03:54:00	B8.5	11543.0	POINT(25 23)	23	25	371.0	302.0
67340	2012-08-15 14:48:00	2012-08-15 14:54:00	2012-08-15 15:12:00	B6.8	11542.0	POINT(40 -12)	-12	40	600.0	-268.0
67350	2012-08-16 01:51:00	2012-08-16 02:07:00	2012-08-16 02:22:00	B6.0	11542.0	POINT(42 -20)	-20	42	597.0	-408.0
67360	2012-08-16 06:06:00	2012-08-16 06:11:00	2012-08-16 06:17:00	B3.2	11543.0	POINT(33 19)	19	33	495.0	234.0
67370	2012-08-16 12:41:00	2012-08-16 13:16:00	2012-08-16 13:48:00	C3.6	11543.0	POINT(40 24)	24	40	560.0	321.0
67380	2012-08-17 01:05:00	2012-08-17 01:13:00	2012-08-17 01:18:00	B4.7		POINT(-87 19)	19	-87	-901.0	324.0
67390	2012-08-17 06:49:00	2012-08-17 06:56:00	2012-08-17 07:06:00	B4.2	11543.0	POINT(48 23)	23	48	0.0	0.0
67400	2012-08-17 12:09:00	2012-08-17 12:18:00	2012-08-17 12:30:00	B7.8		POINT(-87 18)	18	-87	-911.0	309.0
67410	2012-08-17 13:12:00	2012-08-17 13:19:00	2012-08-17 13:23:00	M2.4	11548.0	POINT(-88 18)	18	-88	-912.0	307.0
67420	2012-08-17 14:23:00	2012-08-17 14:27:00	2012-08-17 14:29:00	B4.3		POINT(-30 6)	6	-30	-474.0	18.0
67430	2012-08-17 15:21:00	2012-08-17 15:32:00	2012-08-17 15:42:00	C1.3	11543.0	POINT(-87 20)	20	-87	-905.0	332.0
67440	2012-08-17 16:05:00	2012-08-17 16:11:00	2012-08-17 16:15:00	C1.5	11543.0	POINT(-87 18)	18	-87	-911.0	313.0
67450	2012-08-17 17:08:00	2012-08-17 17:20:00	2012-08-17 17:27:00	M1.0	11548.0	POINT(-87 19)	19	-87	-905.0	327.0
67460	2012-08-17 17:53:00	2012-08-17 17:58:00	2012-08-17 18:00:00	C1.3		POINT(-87 18)	18	-87	-911.0	312.0
67470	2012-08-17 21:23:00	2012-08-17 21:27:00	2012-08-17 21:35:00	B3.8		POINT(-87 20)	20	-87	-901.0	333.0
67480	2012-08-17 22:23:00	2012-08-17 22:28:00	2012-08-17 22:36:00	B5.9		POINT(-87 20)	20	-87	-897.0	330.0
67490	2012-08-18 00:24:00	2012-08-18 01:02:00	2012-08-18 01:07:00	M5.5	11548.0	POINT(-86 19)	19	-86	-893.0	318.0
67500	2012-08-18 03:04:00	2012-08-18 03:24:00	2012-08-18 03:41:00	M1.8	11548.0	POINT(-86 19)	19	-86	-899.0	314.0
67510	2012-08-18 06:00:00	2012-08-18 06:13:00	2012-08-18 06:21:00	C6.1	11548.0	POINT(-83 19)	19	-83	-894.0	314.0
67520	2012-08-18 08:30:00	2012-08-18 08:37:00	2012-08-18 08:40:00	C2.6	11548.0	POINT(-89 22)	22	-89	-886.0	294.0
67530	2012-08-18 08:50:00	2012-08-18 08:58:00	2012-08-18 09:04:00	C1.9		POINT(-89 19)	19	-89	-894.0	312.0
67540	2012-08-18 09:38:00	2012-08-18 09:49:00	2012-08-18 09:57:00	C1.0	11548.0	POINT(-85 22)	22	-85	-893.0	311.0
67550	2012-08-18 10:32:00	2012-08-18 10:37:00	2012-08-18 10:39:00	C1.9	11548.0	POINT(-86 22)	22	-86	-891.0	302.0
67560	2012-08-18 11:41:00	2012-08-18 11:45:00	2012-08-18 11:47:00	C1.3	11548.0	POINT(-86 22)	22	-86	-890.0	297.0
67570	2012-08-18 11:49:00	2012-08-18 11:53:00	2012-08-18 11:55:00	C2.4		POINT(-83 20)	20	-83	-880.0	320.0
67580	2012-08-18 12:23:00	2012-08-18 12:26:00	2012-08-18 12:28:00	C1.0		POINT(-83 18)	18	-83	-892.0	288.0
67590	2012-08-18 12:30:00	2012-08-18 12:33:00	2012-08-18 12:36:00	B9.5		POINT(-86 20)	20	-86	-887.0	320.0
67600	2012-08-18 13:29:00	2012-08-18 13:38:00	2012-08-18 13:42:00	C2.1	11548.0	POINT(-81 21)	21	-81	-887.0	295.0
67610	2012-08-18 14:18:00	2012-08-18 14:27:00	2012-08-18 14:30:00	C7.3	11548.0	POINT(-81 20)	20	-81	-886.0	300.0
67620	2012-08-18 14:58:00	2012-08-18 15:07:00	2012-08-18 15:18:00	C1.3	11548.0	POINT(-82 21)	21	-82	-879.0	315.0
67630	2012-08-18 16:02:00	2012-08-18 16:07:00	2012-08-18 16:09:00	M2.0	11548.0	POINT(-80 19)	19	-80	-884.0	293.0
67640	2012-08-18 17:21:00	2012-08-18 17:22:00	2012-08-18 17:23:00	B6.4	11548.0	POINT(-80 20)	20	-80	-887.0	291.0
67650	2012-08-18 17:49:00	2012-08-18 17:52:00	2012-08-18 17:58:00	B5.5		POINT(-76 19)	19	-76	-872.0	285.0
67660	2012-08-18 18:10:00	2012-08-18 18:14:00	2012-08-18 18:17:00	B6.6		POINT(-79 19)	19	-79	-880.0	288.0
67670	2012-08-18 19:06:00	2012-08-18 19:13:00	2012-08-18 19:19:00	C2.5	11548.0	POINT(-78 19)	19	-78	-882.0	288.0
67680	2012-08-18 21:20:00	2012-08-18 21:27:00	2012-08-18 21:33:00	C1.1	11548.0	POINT(-78 19)	19	-78	-886.0	289.0
67690	2012-08-18 22:20:00	2012-08-18 22:23:00	2012-08-18 22:26:00	B4.4		POINT(-77 19)	19	-77	-873.0	294.0
67700	2012-08-18 22:46:00	2012-08-18 22:54:00	2012-08-18 23:00:00	M1.0	11548.0	POINT(-78 19)	19	-78	-878.0	282.0
67710	2012-08-18 23:15:00	2012-08-18 23:22:00	2012-08-18 23:32:00	M1.3	11548.0	POINT(-76 21)	21	-76	-862.0	306.0
67720	2012-08-19 01:27:00	2012-08-19 01:31:00	2012-08-19 01:35:00	B5.5		POINT(-75 19)	19	-75	-863.0	291.0
67730	2012-08-19 02:19:00	2012-08-19 02:23:00	2012-08-19 02:26:00	B6.9	11548.0	POINT(-76 20)	20	-76	-860.0	309.0
67740	2012-08-19 02:31:00	2012-08-19 02:41:00	2012-08-19 02:48:00	C1.9		POINT(-76 20)	20	-76	-863.0	308.0
67750	2012-08-19 03:01:00	2012-08-19 03:05:00	2012-08-19 03:08:00	B8.7		POINT(-73 19)	19	-73	-857.0	280.0
67760	2012-08-19 03:36:00	2012-08-19 04:12:00	2012-08-19 05:10:00	C2.2	11548.0	POINT(-71 20)	20	-71	-855.0	311.0
67770	2012-08-19 05:16:00	2012-08-19 05:43:00	2012-08-19 05:56:00	C2.3	11548.0	POINT(-72 20)	20	-72	-854.0	276.0
67780	2012-08-19 07:04:00	2012-08-19 07:11:00	2012-08-19 07:15:00	B4.0	11548.0	POINT(-69 20)	20	-69	-844.0	276.0
67790	2012-08-19 08:11:00	2012-08-19 08:27:00	2012-08-19 08:32:00	B7.8	11548.0	POINT(-71 23)	23	-71	-839.0	305.0
67800	2012-08-19 16:51:00	2012-08-19 16:55:00	2012-08-19 17:00:00	B2.7		POINT(87 18)	18	87	898.0	307.0
67810	2012-08-19 22:43:00	2012-08-19 23:15:00	2012-08-19 23:38:00	B8.8	11543.0	POINT(89 24)	24	89	863.0	387.0
67820	2012-08-20 06:18:00	2012-08-20 06:43:00	2012-08-20 07:13:00	B6.7	11548.0	POINT(-62 20)	20	-62	-818.0	249.0
67830	2012-08-20 08:59:00	2012-08-20 09:03:00	2012-08-20 09:06:00	B5.4		POINT(87 20)	20	87	889.0	327.0
67840	2012-08-21 02:58:00	2012-08-21 03:07:00	2012-08-21 03:16:00	B3.7		POINT(-53 18)	18	-53	-722.0	226.0
67850	2012-08-21 14:46:00	2012-08-21 14:54:00	2012-08-21 15:08:00	B3.6		POINT(-86 -22)	-22	-86	-896.0	-367.0
67860	2012-08-22 00:22:00	2012-08-22 00:56:00	2012-08-22 01:12:00	B3.4	11558.0	POINT(86 26)	26	86	858.0	435.0
67870	2012-08-22 01:32:00	2012-08-22 01:45:00	2012-08-22 01:56:00	B3.3	11552.0	POINT(-60 -18)	-18	-60	-780.0	-359.0
67880	2012-08-22 15:59:00	2012-08-22 16:04:00	2012-08-22 16:13:00	B3.8		POINT(88 11)	11	88	940.0	194.0
67890	2012-08-22 16:50:00	2012-08-22 16:58:00	2012-08-22 17:08:00	B6.9	11548.0	POINT(-29 20)	20	-29	-453.0	204.0
67900	2012-08-22 19:04:00	2012-08-22 19:07:00	2012-08-22 19:10:00	B3.6		POINT(88 11)	11	88	928.0	197.0
67910	2012-08-22 20:00:00	2012-08-22 20:03:00	2012-08-22 20:07:00	B3.1		POINT(-63 -26)	-26	-63	-761.0	-460.0
67920	2012-08-22 21:06:00	2012-08-22 21:12:00	2012-08-22 21:16:00	B2.5		POINT(42 5)	5	42	639.0	6.0
67930	2012-08-23 03:09:00	2012-08-23 03:15:00	2012-08-23 03:20:00	B3.1		POINT(88 14)	14	88	921.0	239.0
67940	2012-08-23 04:24:00	2012-08-23 04:30:00	2012-08-23 04:33:00	B2.4		POINT(-39 15)	15	-39	-582.0	159.0
67950	2012-08-23 05:18:00	2012-08-23 05:36:00	2012-08-23 05:43:00	B2.8	11548.0	POINT(-24 20)	20	-24	-374.0	229.0
67960	2012-08-25 02:24:00	2012-08-25 02:36:00	2012-08-25 02:55:00	C1.7	11554.0	POINT(-12 16)	16	-12	-184.0	178.0
67970	2012-08-26 01:00:00	2012-08-26 01:06:00	2012-08-26 01:10:00	B5.1	11554.0	POINT(0 19)	19	0	-6.0	198.0
67980	2012-08-26 17:12:00	2012-08-26 18:17:00	2012-08-26 19:14:00	C1.0		POINT(-88 11)	11	-88	-939.0	191.0
67990	2012-08-27 00:05:00	2012-08-27 00:18:00	2012-08-27 00:21:00	B5.5	11558.0	POINT(-88 11)	11	-88	-933.0	182.0
68000	2012-08-27 00:55:00	2012-08-27 01:02:00	2012-08-27 01:08:00	B9.1		POINT(-88 12)	12	-88	-929.0	212.0
68010	2012-08-27 06:05:00	2012-08-27 06:12:00	2012-08-27 06:22:00	B7.8	11554.0	POINT(17 17)	17	17	289.0	200.0
68020	2012-08-27 08:16:00	2012-08-27 08:21:00	2012-08-27 08:24:00	B9.8	11558.0	POINT(-85 12)	12	-85	-922.0	201.0
68030	2012-08-27 09:00:00	2012-08-27 09:24:00	2012-08-27 09:38:00	B6.8		POINT(-88 15)	15	-88	-920.0	257.0
68040	2012-08-27 09:54:00	2012-08-27 10:18:00	2012-08-27 10:38:00	B7.5	11556.0	POINT(77 -14)	-14	77	899.0	-254.0
68050	2012-08-27 15:19:00	2012-08-27 15:22:00	2012-08-27 15:25:00	B4.1	11558.0	POINT(-80 12)	12	-80	-914.0	192.0
68060	2012-08-27 16:13:00	2012-08-27 16:17:00	2012-08-27 16:19:00	B5.6	11558.0	POINT(-79 13)	13	-79	-909.0	192.0
68070	2012-08-27 17:52:00	2012-08-27 17:56:00	2012-08-27 18:02:00	B4.8	11558.0	POINT(-78 13)	13	-78	-906.0	190.0
68080	2012-08-27 19:11:00	2012-08-27 19:15:00	2012-08-27 19:17:00	B3.7	11555.0	POINT(-47 6)	6	-47	-695.0	24.0
68090	2012-08-28 00:11:00	2012-08-28 00:16:00	2012-08-28 00:18:00	B3.9		POINT(-74 13)	13	-74	-892.0	184.0
68100	2012-08-28 03:03:00	2012-08-28 03:07:00	2012-08-28 03:09:00	B6.3	11558.0	POINT(-73 12)	12	-73	-881.0	180.0
68110	2012-08-28 03:15:00	2012-08-28 03:19:00	2012-08-28 03:21:00	B4.8	11558.0	POINT(86 -15)	-15	86	911.0	-264.0
68120	2012-08-28 18:10:00	2012-08-28 18:14:00	2012-08-28 18:18:00	B5.4	11554.0	POINT(36 14)	14	36	551.0	144.0
68130	2012-08-28 19:55:00	2012-08-28 19:58:00	2012-08-28 20:09:00	B3.9	11555.0	POINT(-33 6)	6	-33	-518.0	9.0
68140	2012-08-28 21:04:00	2012-08-28 21:10:00	2012-08-28 21:16:00	B9.5	11555.0	POINT(-34 8)	8	-34	-519.0	15.0
68150	2012-08-28 22:04:00	2012-08-28 22:07:00	2012-08-28 22:16:00	B4.3		POINT(-31 7)	7	-31	-498.0	20.0
68160	2012-08-28 22:43:00	2012-08-28 22:48:00	2012-08-28 23:05:00	B6.4	11555.0	POINT(-32 6)	6	-32	-505.0	14.0
68170	2012-08-28 23:09:00	2012-08-28 23:31:00	2012-08-28 23:49:00	B7.2		POINT(-88 -6)	-6	-88	-973.0	-120.0
68180	2012-08-28 23:50:00	2012-08-28 23:54:00	2012-08-28 23:58:00	B8.3	11555.0	POINT(-31 6)	6	-31	-498.0	12.0
68190	2012-08-29 09:19:00	2012-08-29 09:44:00	2012-08-29 09:52:00	B8.2	11554.0	POINT(-86 -25)	-25	-86	-876.0	-415.0
68200	2012-08-29 11:52:00	2012-08-29 12:05:00	2012-08-29 12:13:00	B6.6		POINT(-86 -25)	-25	-86	-863.0	-425.0
68210	2012-08-29 13:42:00	2012-08-29 13:54:00	2012-08-29 14:01:00	C1.0		POINT(-86 -25)	-25	-86	-863.0	-425.0
68220	2012-08-29 19:23:00	2012-08-29 19:30:00	2012-08-29 19:37:00	B7.9	11555.0	POINT(-19 10)	10	-19	-314.0	53.0
68230	2012-08-29 19:49:00	2012-08-29 19:58:00	2012-08-29 20:03:00	C4.0	11563.0	POINT(-86 -26)	-26	-86	-857.0	-430.0
68240	2012-08-29 23:40:00	2012-08-29 23:44:00	2012-08-29 23:47:00	C1.1	11553.0	POINT(-86 -26)	-26	-86	-858.0	-435.0
68250	2012-08-30 01:37:00	2012-08-30 01:52:00	2012-08-30 01:58:00	C3.4	11554.0	POINT(54 15)	15	54	746.0	189.0
68260	2012-08-30 02:16:00	2012-08-30 02:34:00	2012-08-30 02:45:00	C4.0		POINT(-86 -26)	-26	-86	-857.0	-438.0
68270	2012-08-30 04:31:00	2012-08-30 04:32:00	2012-08-30 04:49:00	B9.8	11554.0	POINT(55 16)	16	55	741.0	186.0
68280	2012-08-30 04:48:00	2012-08-30 04:53:00	2012-08-30 04:59:00	C1.5	11563.0	POINT(-86 -27)	-27	-86	-852.0	-441.0
68290	2012-08-30 06:03:00	2012-08-30 06:10:00	2012-08-30 06:36:00	C1.3		POINT(-67 -25)	-25	-67	-851.0	-441.0
68300	2012-08-30 08:12:00	2012-08-30 08:23:00	2012-08-30 08:30:00	C1.6	11563.0	POINT(-81 -23)	-23	-81	-848.0	-432.0
68310	2012-08-30 08:31:00	2012-08-30 09:12:00	2012-08-30 09:16:00	C7.6	11554.0	POINT(58 14)	14	58	-850.0	-432.0
68320	2012-08-30 12:02:00	2012-08-30 12:11:00	2012-08-30 12:14:00	M1.3	11563.0	POINT(-85 -27)	-27	-85	-843.0	-449.0
68330	2012-08-30 18:59:00	2012-08-30 19:03:00	2012-08-30 19:06:00	C1.6		POINT(-78 -26)	-26	-78	-824.0	-454.0
68340	2012-08-30 19:14:00	2012-08-30 19:20:00	2012-08-30 19:27:00	C2.0		POINT(-80 -27)	-27	-80	-828.0	-458.0
68350	2012-08-30 19:49:00	2012-08-30 19:58:00	2012-08-30 20:11:00	C2.8		POINT(-87 -15)	-15	-87	-932.0	-262.0
68360	2012-08-30 20:35:00	2012-08-30 20:39:00	2012-08-30 20:45:00	C1.6		POINT(-76 -26)	-26	-76	-823.0	-450.0
68370	2012-08-30 21:30:00	2012-08-30 21:31:00	2012-08-30 21:46:00	C3.8	11563.0	POINT(-74 -25)	-25	-74	-821.0	-454.0
68380	2012-08-31 00:16:00	2012-08-31 00:51:00	2012-08-31 01:10:00	C2.1	11560.0	POINT(67 14)	14	67	848.0	194.0
68390	2012-08-31 01:08:00	2012-08-31 01:27:00	2012-08-31 01:45:00	C1.9	11560.0	POINT(72 16)	16	72	869.0	231.0
68400	2012-08-31 04:08:00	2012-08-31 04:12:00	2012-08-31 04:16:00	C1.5	11560.0	POINT(-20 3)	3	-20	-370.0	-63.0
68410	2012-08-31 04:46:00	2012-08-31 04:51:00	2012-08-31 04:55:00	C1.7	11563.0	POINT(-67 -26)	-26	-67	-795.0	-461.0
68420	2012-08-31 07:13:00	2012-08-31 07:21:00	2012-08-31 07:27:00	C2.9	11560.0	POINT(-22 5)	5	-22	-353.0	-65.0
68430	2012-08-31 09:04:00	2012-08-31 10:04:00	2012-08-31 10:19:00	C1.9	11560.0	POINT(-21 5)	5	-21	-927.0	-268.0
68440	2012-08-31 11:23:00	2012-08-31 11:27:00	2012-08-31 11:36:00	C1.3	11563.0	POINT(-63 -21)	-21	-63	-770.0	-462.0
68450	2012-08-31 14:06:00	2012-08-31 14:14:00	2012-08-31 14:23:00	C2.2	11564.0	POINT(-87 -16)	-16	-87	-910.0	-276.0
68460	2012-08-31 16:05:00	2012-08-31 16:12:00	2012-08-31 16:22:00	C2.1	11564.0	POINT(-77 -14)	-14	-77	-897.0	-261.0
68470	2012-08-31 19:45:00	2012-08-31 20:43:00	2012-08-31 21:51:00	C8.4	11562.0	POINT(-42 -19)	-19	-42	-689.0	-469.0
68480	2012-09-01 00:28:00	2012-09-01 00:39:00	2012-09-01 00:49:00	C3.4	11554.0	POINT(82 15)	15	82	915.0	210.0
68490	2012-09-01 17:33:00	2012-09-01 17:37:00	2012-09-01 17:48:00	C1.5	11553.0	POINT(52 -21)	-21	52	-806.0	-330.0
68500	2012-09-01 18:23:00	2012-09-01 18:28:00	2012-09-01 18:34:00	C2.9	11554.0	POINT(88 13)	13	88	932.0	228.0
68510	2012-09-01 18:54:00	2012-09-01 19:02:00	2012-09-01 19:12:00	C2.2	11564.0	POINT(-59 -13)	-13	-59	-804.0	-266.0
68520	2012-09-01 19:23:00	2012-09-01 19:31:00	2012-09-01 19:42:00	C1.9	11553.0	POINT(54 -21)	-21	54	-807.0	-330.0
68530	2012-09-02 01:50:00	2012-09-02 01:58:00	2012-09-02 02:10:00	C2.9	11560.0	POINT(5 3)	3	5	99.0	-53.0
68540	2012-09-02 02:48:00	2012-09-02 03:50:00	2012-09-02 04:20:00	C2.8		POINT(-57 -17)	-17	-57	-769.0	-339.0
68550	2012-09-02 10:15:00	2012-09-02 10:21:00	2012-09-02 10:26:00	C3.1	11553.0	POINT(61 -20)	-20	61	785.0	-389.0
68560	2012-09-02 13:37:00	2012-09-02 13:42:00	2012-09-02 13:48:00	C1.1	11553.0	POINT(65 -21)	-21	65	815.0	-389.0
68570	2012-09-02 18:00:00	2012-09-02 18:10:00	2012-09-02 18:15:00	C5.5	11560.0	POINT(16 7)	7	16	266.0	-24.0
68580	2012-09-02 22:19:00	2012-09-02 22:30:00	2012-09-02 22:44:00	C2.1	11564.0	POINT(-44 -14)	-14	-44	-641.0	-334.0
68590	2012-09-03 00:38:00	2012-09-03 00:47:00	2012-09-03 01:06:00	C1.2	11560.0	POINT(71 -21)	-21	71	842.0	-377.0
68600	2012-09-03 01:46:00	2012-09-03 01:52:00	2012-09-03 01:59:00	C1.8	11564.0	POINT(-41 -15)	-15	-41	-606.0	-333.0
68610	2012-09-03 02:40:00	2012-09-03 02:47:00	2012-09-03 02:52:00	C4.0	11564.0	POINT(-39 -14)	-14	-39	-600.0	-312.0
68620	2012-09-03 09:35:00	2012-09-03 09:42:00	2012-09-03 09:58:00	C1.9	11564.0	POINT(-37 -13)	-13	-37	-550.0	-341.0
68630	2012-09-03 10:29:00	2012-09-03 10:46:00	2012-09-03 10:59:00	C2.6	11564.0	POINT(-39 -14)	-14	-39	-584.0	-387.0
68640	2012-09-03 13:06:00	2012-09-03 13:18:00	2012-09-03 13:31:00	C2.7	11564.0	POINT(-34 -15)	-15	-34	-531.0	-346.0
68650	2012-09-03 16:30:00	2012-09-03 16:35:00	2012-09-03 16:40:00	C1.3	11560.0	POINT(30 8)	8	30	470.0	18.0
68660	2012-09-03 18:25:00	2012-09-03 18:29:00	2012-09-03 18:37:00	B9.6	11560.0	POINT(27 2)	2	27	440.0	-69.0
68670	2012-09-03 20:22:00	2012-09-03 20:27:00	2012-09-03 20:30:00	C1.3	11560.0	POINT(86 -21)	-21	86	882.0	-360.0
68680	2012-09-03 21:57:00	2012-09-03 22:10:00	2012-09-03 22:19:00	C2.3	11564.0	POINT(-30 -15)	-15	-30	-449.0	-338.0
68690	2012-09-03 23:21:00	2012-09-03 23:31:00	2012-09-03 23:42:00	C2.9	11564.0	POINT(-30 -15)	-15	-30	892.0	-364.0
68700	2012-09-04 04:57:00	2012-09-04 05:07:00	2012-09-04 05:14:00	C2.7	11564.0	POINT(-26 -16)	-16	-26	-404.0	-375.0
68710	2012-09-04 06:11:00	2012-09-04 06:38:00	2012-09-04 06:50:00	C1.7	11564.0	POINT(-28 -14)	-14	-28	-402.0	-374.0
68720	2012-09-04 07:09:00	2012-09-04 07:15:00	2012-09-04 07:20:00	C2.3	11565.0	POINT(-20 10)	10	-20	-316.0	59.0
68730	2012-09-04 07:31:00	2012-09-04 07:34:00	2012-09-04 07:38:00	C1.2	11565.0	POINT(86 -21)	-21	86	895.0	-355.0
68740	2012-09-04 09:42:00	2012-09-04 09:47:00	2012-09-04 09:54:00	C1.5	11564.0	POINT(-25 -15)	-15	-25	-362.0	-376.0
68750	2012-09-04 23:10:00	2012-09-05 00:04:00	2012-09-05 00:22:00	C1.3	11553.0	POINT(86 -22)	-22	86	944.0	-388.0
68760	2012-09-05 01:55:00	2012-09-05 02:34:00	2012-09-05 03:13:00	C1.5	11560.0	POINT(86 -20)	-20	86	909.0	-351.0
68770	2012-09-05 03:38:00	2012-09-05 03:47:00	2012-09-05 04:02:00	C6.1	11564.0	POINT(-15 -14)	-14	-15	-209.0	-335.0
68780	2012-09-05 05:30:00	2012-09-05 05:51:00	2012-09-05 06:31:00	C1.9	11564.0	POINT(-11 -15)	-15	-11	-188.0	-361.0
68790	2012-09-05 07:02:00	2012-09-05 08:06:00	2012-09-05 08:33:00	C7.2	11564.0	POINT(-11 -15)	-15	-11	-191.0	-362.0
68800	2012-09-05 16:14:00	2012-09-05 16:18:00	2012-09-05 16:23:00	C1.1	11560.0	POINT(52 3)	3	52	770.0	-35.0
68810	2012-09-05 19:19:00	2012-09-05 19:22:00	2012-09-05 19:25:00	B7.3		POINT(-5 -16)	-16	-5	-90.0	-380.0
68820	2012-09-05 20:00:00	2012-09-05 20:09:00	2012-09-05 20:18:00	C1.1		POINT(57 3)	3	57	800.0	-9.0
68830	2012-09-05 20:28:00	2012-09-05 20:32:00	2012-09-05 20:38:00	C1.0		POINT(56 0)	0	56	793.0	-54.0
68840	2012-09-05 23:50:00	2012-09-05 23:56:00	2012-09-06 00:04:00	C1.1	11560.0	POINT(59 3)	3	59	809.0	-25.0
68850	2012-09-06 01:08:00	2012-09-06 01:14:00	2012-09-06 01:19:00	C1.2	11560.0	POINT(58 1)	1	58	816.0	-45.0
68860	2012-09-06 01:51:00	2012-09-06 02:06:00	2012-09-06 02:15:00	C1.9	11560.0	POINT(61 3)	3	61	833.0	3.0
68870	2012-09-06 02:32:00	2012-09-06 02:41:00	2012-09-06 02:44:00	C2.4	11564.0	POINT(-1 -13)	-13	-1	-2.0	-390.0
68880	2012-09-06 03:11:00	2012-09-06 03:16:00	2012-09-06 03:20:00	C1.8	11560.0	POINT(60 3)	3	60	824.0	-42.0
68890	2012-09-06 04:06:00	2012-09-06 04:13:00	2012-09-06 04:20:00	M1.6	11560.0	POINT(61 4)	4	61	835.0	9.0
68900	2012-09-06 07:40:00	2012-09-06 07:51:00	2012-09-06 08:00:00	C3.0	11564.0	POINT(3 -16)	-16	3	50.0	-382.0
68910	2012-09-06 09:51:00	2012-09-06 09:56:00	2012-09-06 10:08:00	C1.3	11560.0	POINT(65 4)	4	65	866.0	23.0
68920	2012-09-06 11:54:00	2012-09-06 11:58:00	2012-09-06 12:00:00	C1.0	11560.0	POINT(65 0)	0	65	865.0	-35.0
68930	2012-09-06 15:13:00	2012-09-06 15:21:00	2012-09-06 15:30:00	C8.0	11560.0	POINT(68 3)	3	68	882.0	18.0
68940	2012-09-06 17:27:00	2012-09-06 17:31:00	2012-09-06 17:34:00	C1.4	11564.0	POINT(8 -17)	-17	8	126.0	-386.0
68950	2012-09-06 21:41:00	2012-09-06 21:45:00	2012-09-06 21:48:00	B8.4	11560.0	POINT(73 0)	0	73	912.0	-34.0
68960	2012-09-07 00:17:00	2012-09-07 00:28:00	2012-09-07 00:36:00	C1.6	11560.0	POINT(74 3)	3	74	917.0	19.0
68970	2012-09-07 00:36:00	2012-09-07 00:45:00	2012-09-07 00:53:00	C3.7		POINT(74 3)	3	74	917.0	30.0
68980	2012-09-07 17:05:00	2012-09-07 17:11:00	2012-09-07 17:16:00	C1.3	11562.0	POINT(57 -19)	-19	57	761.0	-375.0
68990	2012-09-07 17:52:00	2012-09-07 18:03:00	2012-09-07 18:49:00	C1.2	11562.0	POINT(58 -19)	-19	58	768.0	-372.0
69000	2012-09-07 20:46:00	2012-09-07 20:51:00	2012-09-07 20:58:00	C1.8	11564.0	POINT(25 -13)	-13	25	428.0	-326.0
69010	2012-09-07 22:37:00	2012-09-07 22:50:00	2012-09-07 22:58:00	C2.1	11564.0	POINT(28 -13)	-13	28	443.0	-326.0
69020	2012-09-08 06:36:00	2012-09-08 07:30:00	2012-09-08 08:11:00	C2.8	11564.0	POINT(29 -14)	-14	29	523.0	-324.0
69030	2012-09-08 16:52:00	2012-09-08 16:57:00	2012-09-08 17:07:00	C1.3		POINT(89 4)	4	89	963.0	74.0
69040	2012-09-08 17:35:00	2012-09-08 17:59:00	2012-09-08 18:20:00	M1.4	11564.0	POINT(40 -14)	-14	40	594.0	-325.0
69050	2012-09-08 19:57:00	2012-09-08 20:18:00	2012-09-08 20:27:00	C1.2		POINT(89 4)	4	89	962.0	80.0
69060	2012-09-08 21:04:00	2012-09-08 22:22:00	2012-09-08 22:48:00	C1.8	11564.0	POINT(81 -21)	-21	81	878.0	-359.0
69070	2012-09-09 06:52:00	2012-09-09 07:00:00	2012-09-09 07:08:00	C3.7	11564.0	POINT(47 -15)	-15	47	-7.0	1072.0
69080	2012-09-09 14:51:00	2012-09-09 14:58:00	2012-09-09 15:05:00	C1.7	11568.0	POINT(20 -11)	-11	20	337.0	-277.0
69090	2012-09-09 19:14:00	2012-09-09 19:20:00	2012-09-09 19:28:00	B8.9	11564.0	POINT(53 -14)	-14	53	746.0	-311.0
69100	2012-09-09 21:24:00	2012-09-09 21:28:00	2012-09-09 21:34:00	B8.9	11564.0	POINT(50 -16)	-16	50	707.0	-336.0
69110	2012-09-09 21:50:00	2012-09-09 22:36:00	2012-09-09 22:56:00	M1.2	11564.0	POINT(52 -15)	-15	52	770.0	-310.0
69120	2012-09-10 07:18:00	2012-09-10 07:21:00	2012-09-10 07:24:00	B8.7	11564.0	POINT(56 -18)	-18	56	-23.0	1072.0
69130	2012-09-10 09:22:00	2012-09-10 09:32:00	2012-09-10 09:37:00	C1.9	11564.0	POINT(57 -19)	-19	57	783.0	-326.0
69140	2012-09-10 10:18:00	2012-09-10 10:23:00	2012-09-10 10:31:00	C1.6	11567.0	POINT(-22 16)	16	-22	852.0	-227.0
69150	2012-09-10 12:50:00	2012-09-10 12:55:00	2012-09-10 12:59:00	C3.1	11564.0	POINT(60 -19)	-19	60	799.0	-315.0
69160	2012-09-10 19:56:00	2012-09-10 20:01:00	2012-09-10 20:05:00	B9.3	11569.0	POINT(-70 -14)	-14	-70	-869.0	-267.0
69170	2012-09-10 21:14:00	2012-09-10 21:31:00	2012-09-10 21:35:00	C2.2	11564.0	POINT(70 -13)	-13	70	876.0	-279.0
69180	2012-09-10 23:42:00	2012-09-10 23:56:00	2012-09-11 00:08:00	C6.0	11564.0	POINT(81 -16)	-16	81	905.0	-278.0
69190	2012-09-11 01:00:00	2012-09-11 01:11:00	2012-09-11 01:18:00	C3.5	11569.0	POINT(-66 -13)	-13	-66	-851.0	-273.0
69200	2012-09-11 08:25:00	2012-09-11 09:32:00	2012-09-11 09:41:00	C1.1	11567.0	POINT(-88 -12)	-12	-88	-938.0	-215.0
69210	2012-09-11 09:26:00	2012-09-11 09:32:00	2012-09-11 09:39:00	C1.1	11567.0	POINT(-10 17)	17	-10	-938.0	-215.0
69220	2012-09-11 10:28:00	2012-09-11 11:10:00	2012-09-11 11:43:00	C2.1	11564.0	POINT(87 -15)	-15	87	935.0	-269.0
69230	2012-09-11 14:00:00	2012-09-11 14:04:00	2012-09-11 14:06:00	B8.5		POINT(88 -10)	-10	88	936.0	-183.0
69240	2012-09-11 20:54:00	2012-09-11 20:58:00	2012-09-11 21:01:00	C2.9		POINT(83 -9)	-9	83	933.0	-174.0
69250	2012-09-11 21:43:00	2012-09-11 22:07:00	2012-09-11 22:46:00	C4.1	11564.0	POINT(87 -16)	-16	87	946.0	-277.0
69260	2012-09-12 01:01:00	2012-09-12 01:04:00	2012-09-12 01:06:00	C1.3		POINT(81 -17)	-17	81	899.0	-302.0
69270	2012-09-12 04:33:00	2012-09-12 04:36:00	2012-09-12 04:38:00	B6.4		POINT(-49 -12)	-12	-49	-705.0	-281.0
69280	2012-09-12 10:05:00	2012-09-12 10:31:00	2012-09-12 10:51:00	C1.5	11564.0	POINT(88 -13)	-13	88	969.0	-231.0
69290	2012-09-12 14:10:00	2012-09-12 14:28:00	2012-09-12 14:37:00	C1.0		POINT(88 -12)	-12	88	945.0	-203.0
69300	2012-09-12 17:27:00	2012-09-12 18:03:00	2012-09-12 19:04:00	B9.1	11564.0	POINT(88 -11)	-11	88	948.0	-197.0
69310	2012-09-12 22:38:00	2012-09-12 22:41:00	2012-09-12 22:45:00	B7.4	11569.0	POINT(-80 12)	12	-80	-917.0	183.0
69320	2012-09-12 22:59:00	2012-09-12 23:24:00	2012-09-12 23:37:00	B9.7	11569.0	POINT(88 -12)	-12	88	944.0	-205.0
69330	2012-09-13 01:17:00	2012-09-13 01:21:00	2012-09-13 01:26:00	B6.5	11569.0	POINT(-39 -13)	-13	-39	-596.0	-296.0
69340	2012-09-13 03:08:00	2012-09-13 05:08:00	2012-09-13 05:39:00	C2.6	11564.0	POINT(88 -12)	-12	88	947.0	-204.0
69350	2012-09-13 07:10:00	2012-09-13 07:16:00	2012-09-13 07:20:00	C1.8	11569.0	POINT(-36 -13)	-13	-36	-29.0	1073.0
69360	2012-09-13 07:36:00	2012-09-13 07:46:00	2012-09-13 08:01:00	C1.9		POINT(88 -11)	-11	88	951.0	-199.0
69370	2012-09-13 08:23:00	2012-09-13 08:34:00	2012-09-13 08:57:00	C2.6	11569.0	POINT(88 -11)	-11	88	948.0	-198.0
69380	2012-09-13 09:48:00	2012-09-13 09:52:00	2012-09-13 09:55:00	B8.6	11569.0	POINT(-30 -14)	-14	-30	-471.0	-338.0
69390	2012-09-13 13:02:00	2012-09-13 13:06:00	2012-09-13 13:08:00	C1.8		POINT(-31 -12)	-12	-31	-492.0	-312.0
69400	2012-09-13 14:27:00	2012-09-13 14:32:00	2012-09-13 14:36:00	B7.5	11569.0	POINT(-32 -12)	-12	-32	-498.0	-305.0
69410	2012-09-13 15:56:00	2012-09-13 16:01:00	2012-09-13 16:05:00	C1.7	11569.0	POINT(-31 -12)	-12	-31	-485.0	-307.0
69420	2012-09-13 16:39:00	2012-09-13 16:44:00	2012-09-13 16:47:00	B6.5	11569.0	POINT(-26 -13)	-13	-26	-415.0	-329.0
69430	2012-09-13 17:13:00	2012-09-13 17:18:00	2012-09-13 17:26:00	B5.8	11569.0	POINT(-30 -12)	-12	-30	-473.0	-308.0
69440	2012-09-13 18:17:00	2012-09-13 18:22:00	2012-09-13 18:27:00	C1.3		POINT(-29 -12)	-12	-29	-465.0	-309.0
69450	2012-09-13 22:50:00	2012-09-13 22:56:00	2012-09-13 23:01:00	B6.9	11569.0	POINT(-27 -12)	-12	-27	-428.0	-312.0
69460	2012-09-14 01:40:00	2012-09-14 01:46:00	2012-09-14 01:51:00	B3.8		POINT(-64 12)	12	-64	-842.0	150.0
69470	2012-09-14 13:14:00	2012-09-14 13:23:00	2012-09-14 13:28:00	B3.9	11569.0	POINT(-13 -13)	-13	-13	-218.0	-330.0
69480	2012-09-14 23:24:00	2012-09-14 23:41:00	2012-09-14 23:51:00	B3.0	11566.0	POINT(55 16)	16	55	752.0	204.0
69490	2012-09-15 14:31:00	2012-09-15 14:35:00	2012-09-15 14:37:00	B4.1		POINT(-84 16)	16	-84	-908.0	264.0
69500	2012-09-15 16:54:00	2012-09-15 16:59:00	2012-09-15 17:02:00	B4.8		POINT(-81 17)	17	-81	-900.0	262.0
69510	2012-09-15 18:36:00	2012-09-15 18:41:00	2012-09-15 18:44:00	B2.9		POINT(75 20)	20	75	864.0	306.0
69520	2012-09-15 18:58:00	2012-09-15 19:03:00	2012-09-15 19:06:00	B4.2		POINT(-81 17)	17	-81	-902.0	261.0
69530	2012-09-15 20:07:00	2012-09-15 20:11:00	2012-09-15 20:14:00	B3.1		POINT(-80 17)	17	-80	-897.0	265.0
69540	2012-09-15 21:42:00	2012-09-15 21:47:00	2012-09-15 21:50:00	B9.0	11573.0	POINT(-79 17)	17	-79	-896.0	263.0
69550	2012-09-15 22:41:00	2012-09-15 22:44:00	2012-09-15 22:47:00	B2.9	11573.0	POINT(-76 17)	17	-76	-884.0	260.0
69560	2012-09-15 22:53:00	2012-09-15 22:59:00	2012-09-15 23:05:00	B9.6	11566.0	POINT(78 26)	26	78	840.0	394.0
69570	2012-09-15 23:35:00	2012-09-15 23:41:00	2012-09-15 23:46:00	B4.2	11573.0	POINT(-80 19)	19	-80	-893.0	263.0
69580	2012-09-17 00:54:00	2012-09-17 02:01:00	2012-09-17 02:30:00	B4.0		POINT(83 15)	15	83	915.0	233.0
69590	2012-09-17 06:14:00	2012-09-17 06:49:00	2012-09-17 08:13:00	B5.6	11567.0	POINT(-9 -82)	-82	-9	-22.0	1074.0
69600	2012-09-17 09:04:00	2012-09-17 09:08:00	2012-09-17 09:10:00	C1.1	11567.0	POINT(84 16)	16	84	911.0	254.0
69610	2012-09-17 11:35:00	2012-09-17 11:46:00	2012-09-17 12:01:00	C1.5	11575.0	POINT(-87 -19)	-19	-87	-909.0	-326.0
69620	2012-09-17 13:50:00	2012-09-17 14:06:00	2012-09-17 14:13:00	C2.1	11575.0	POINT(-89 7)	7	-89	-959.0	126.0
69630	2012-09-17 22:06:00	2012-09-17 22:12:00	2012-09-17 22:22:00	B9.4	11575.0	POINT(-87 -20)	-20	-87	-905.0	-343.0
69640	2012-09-18 00:22:00	2012-09-18 00:26:00	2012-09-18 00:37:00	B5.5	11575.0	POINT(-88 10)	10	-88	-948.0	179.0
69650	2012-09-18 08:21:00	2012-09-18 08:28:00	2012-09-18 08:34:00	B6.8	11575.0	POINT(-86 -21)	-21	-86	-899.0	-357.0
69660	2012-09-18 09:43:00	2012-09-18 10:09:00	2012-09-18 10:19:00	C1.3	11575.0	POINT(-88 11)	11	-88	-949.0	197.0
69670	2012-09-19 05:43:00	2012-09-19 05:48:00	2012-09-19 05:51:00	B5.3	11575.0	POINT(-84 13)	13	-84	-935.0	156.0
69680	2012-09-19 10:27:00	2012-09-19 10:31:00	2012-09-19 10:34:00	B3.9		POINT(-77 -21)	-21	-77	-869.0	-368.0
69690	2012-09-19 15:04:00	2012-09-19 15:12:00	2012-09-19 15:21:00	C2.6	11576.0	POINT(-69 -20)	-20	-69	-869.0	-375.0
69700	2012-09-19 16:27:00	2012-09-19 16:31:00	2012-09-19 16:36:00	B4.4		POINT(-87 18)	18	-87	-910.0	299.0
69710	2012-09-19 16:37:00	2012-09-19 16:42:00	2012-09-19 16:52:00	C1.2	11576.0	POINT(-67 -20)	-20	-67	-834.0	-375.0
69720	2012-09-20 01:18:00	2012-09-20 01:25:00	2012-09-20 01:31:00	B6.8		POINT(-83 18)	18	-83	-900.0	288.0
69730	2012-09-20 09:18:00	2012-09-20 09:22:00	2012-09-20 09:26:00	B7.7	11574.0	POINT(63 -23)	-23	63	784.0	-410.0
69740	2012-09-20 11:10:00	2012-09-20 11:28:00	2012-09-20 11:41:00	C1.0	11574.0	POINT(59 -26)	-26	59	783.0	-438.0
69750	2012-09-21 11:56:00	2012-09-21 12:21:00	2012-09-21 12:48:00	B8.7	11573.0	POINT(-5 20)	20	-5	-89.0	227.0
69760	2012-09-21 19:28:00	2012-09-21 19:32:00	2012-09-21 19:38:00	B4.8	11574.0	POINT(86 -24)	-24	86	870.0	-406.0
69770	2012-09-22 19:30:00	2012-09-22 20:10:00	2012-09-22 20:51:00	B9.2		POINT(-88 -10)	-10	-88	-978.0	-177.0
69780	2012-09-23 07:12:00	2012-09-23 07:25:00	2012-09-23 07:31:00	B7.7		POINT(-88 16)	16	-88	-927.0	270.0
69790	2012-09-23 13:10:00	2012-09-23 13:15:00	2012-09-23 13:27:00	B9.5		POINT(-87 19)	19	-87	-912.0	329.0
69800	2012-09-23 15:02:00	2012-09-23 15:56:00	2012-09-23 18:55:00	C1.7		POINT(-88 -7)	-7	-88	-981.0	-134.0
69810	2012-09-24 09:44:00	2012-09-24 09:49:00	2012-09-24 09:54:00	B9.6	11575.0	POINT(-9 9)	9	-9	-173.0	32.0
69820	2012-09-24 15:39:00	2012-09-24 15:42:00	2012-09-24 15:45:00	C1.6	11578.0	POINT(-20 20)	20	-20	-315.0	230.0
69830	2012-09-24 19:23:00	2012-09-24 19:31:00	2012-09-24 19:39:00	C1.9	11580.0	POINT(-88 15)	15	-88	-923.0	263.0
69840	2012-09-25 01:51:00	2012-09-25 01:55:00	2012-09-25 01:59:00	C1.1		POINT(-83 15)	15	-83	-917.0	239.0
69850	2012-09-25 02:40:00	2012-09-25 02:47:00	2012-09-25 02:55:00	C1.7	11575.0	POINT(-1 8)	8	-1	0.0	29.0
69860	2012-09-25 04:24:00	2012-09-25 04:35:00	2012-09-25 04:49:00	C3.6	11577.0	POINT(-20 9)	9	-20	-909.0	242.0
69870	2012-09-25 06:34:00	2012-09-25 06:58:00	2012-09-25 07:24:00	C1.0	11573.0	POINT(-14 -82)	-82	-14	-34.0	1076.0
69880	2012-09-25 09:37:00	2012-09-25 09:43:00	2012-09-25 09:51:00	C1.1		POINT(4 8)	8	4	73.0	30.0
69890	2012-09-25 17:47:00	2012-09-25 17:53:00	2012-09-25 17:56:00	C4.5	11580.0	POINT(-71 20)	20	-71	-873.0	240.0
69900	2012-09-25 22:05:00	2012-09-25 22:08:00	2012-09-25 22:11:00	B9.3	11573.0	POINT(57 15)	15	57	776.0	189.0
69910	2012-09-26 12:14:00	2012-09-26 12:40:00	2012-09-26 13:31:00	C1.2	11582.0	POINT(-83 -18)	-18	-83	-900.0	-314.0
69920	2012-09-27 06:53:00	2012-09-27 06:56:00	2012-09-27 06:59:00	B7.5		POINT(-66 -12)	-12	-66	-859.0	-250.0
69930	2012-09-27 17:04:00	2012-09-27 17:20:00	2012-09-27 17:30:00	C4.4	11579.0	POINT(-39 -18)	-18	-39	-564.0	-449.0
69940	2012-09-27 23:36:00	2012-09-27 23:57:00	2012-09-28 00:34:00	C3.7	11577.0	POINT(34 6)	6	34	509.0	65.0
69950	2012-09-28 21:15:00	2012-09-28 21:18:00	2012-09-28 21:20:00	B8.5	11576.0	POINT(30 10)	10	30	480.0	74.0
69960	2012-09-29 06:17:00	2012-09-29 07:53:00	2012-09-29 07:59:00	C1.2	11577.0	POINT(45 6)	6	45	680.0	46.0
69970	2012-09-29 07:50:00	2012-09-29 07:53:00	2012-09-29 07:56:00	C1.2	11577.0	POINT(66 9)	9	66	677.0	44.0
69980	2012-09-29 08:52:00	2012-09-29 08:57:00	2012-09-29 09:05:00	C1.2	11577.0	POINT(46 10)	10	46	680.0	81.0
69990	2012-09-29 10:24:00	2012-09-29 10:30:00	2012-09-29 10:36:00	C1.2	11580.0	POINT(-25 21)	21	-25	958.0	114.0
70000	2012-09-29 13:23:00	2012-09-29 13:39:00	2012-09-29 13:49:00	C1.1	11577.0	POINT(55 7)	7	55	784.0	54.0
70010	2012-09-29 15:37:00	2012-09-29 15:47:00	2012-09-29 16:01:00	C1.6	11577.0	POINT(89 6)	6	89	954.0	113.0
70020	2012-09-29 17:09:00	2012-09-29 17:19:00	2012-09-29 17:23:00	C1.4	11575.0	POINT(74 10)	10	74	908.0	147.0
70030	2012-09-29 17:34:00	2012-09-29 17:38:00	2012-09-29 17:43:00	C1.2	11575.0	POINT(77 10)	10	77	921.0	142.0
70040	2012-09-29 17:46:00	2012-09-29 18:09:00	2012-09-29 18:21:00	C1.4	11575.0	POINT(80 9)	9	80	930.0	142.0
70050	2012-09-29 18:37:00	2012-09-29 18:47:00	2012-09-29 18:57:00	C1.2	11575.0	POINT(89 9)	9	89	959.0	153.0
70060	2012-09-29 20:55:00	2012-09-29 20:58:00	2012-09-29 21:04:00	C1.3	11577.0	POINT(75 10)	10	75	913.0	151.0
70070	2012-09-30 00:07:00	2012-09-30 00:10:00	2012-09-30 00:12:00	C1.0	11575.0	POINT(77 9)	9	77	927.0	161.0
70080	2012-09-30 00:42:00	2012-09-30 00:45:00	2012-09-30 00:48:00	C1.0	11577.0	POINT(78 10)	10	78	920.0	158.0
70090	2012-09-30 01:08:00	2012-09-30 01:11:00	2012-09-30 01:13:00	B8.5	11583.0	POINT(77 12)	12	77	922.0	164.0
70100	2012-09-30 04:27:00	2012-09-30 04:33:00	2012-09-30 04:42:00	M1.3	11583.0	POINT(81 12)	12	81	926.0	186.0
70110	2012-09-30 06:34:00	2012-09-30 06:37:00	2012-09-30 07:10:00	C2.9	11577.0	POINT(62 4)	4	62	875.0	64.0
70120	2012-09-30 12:29:00	2012-09-30 12:33:00	2012-09-30 12:36:00	C1.0	11584.0	POINT(-9 17)	17	-9	-146.0	186.0
70130	2012-09-30 14:21:00	2012-09-30 14:26:00	2012-09-30 14:33:00	C2.3	11575.0	POINT(81 8)	8	81	945.0	187.0
70140	2012-09-30 15:01:00	2012-09-30 15:10:00	2012-09-30 15:14:00	C2.5	11575.0	POINT(89 9)	9	89	941.0	186.0
70150	2012-09-30 20:04:00	2012-09-30 20:08:00	2012-09-30 20:10:00	C2.3		POINT(-31 -23)	-23	-31	-462.0	-469.0
70160	2012-09-30 20:57:00	2012-09-30 21:01:00	2012-09-30 21:04:00	C1.6		POINT(-33 -23)	-23	-33	-481.0	-467.0
70170	2012-09-30 21:16:00	2012-09-30 21:20:00	2012-09-30 21:23:00	C7.1		POINT(88 11)	11	88	941.0	199.0
70180	2012-09-30 22:01:00	2012-09-30 22:06:00	2012-09-30 22:09:00	C2.8	11575.0	POINT(88 11)	11	88	945.0	197.0
70190	2012-09-30 22:39:00	2012-09-30 22:43:00	2012-09-30 22:47:00	C1.9	11575.0	POINT(88 11)	11	88	946.0	195.0
70200	2012-09-30 23:17:00	2012-09-30 23:39:00	2012-09-30 23:44:00	C9.9	11575.0	POINT(89 9)	9	89	943.0	201.0
70210	2012-10-01 01:29:00	2012-10-01 01:35:00	2012-10-01 01:37:00	C1.7	11575.0	POINT(88 12)	12	88	940.0	207.0
70220	2012-10-01 01:42:00	2012-10-01 01:47:00	2012-10-01 01:50:00	C4.8	11575.0	POINT(88 12)	12	88	936.0	203.0
70230	2012-10-01 03:48:00	2012-10-01 03:51:00	2012-10-01 03:54:00	C1.6	11575.0	POINT(89 9)	9	89	953.0	159.0
70240	2012-10-01 04:58:00	2012-10-01 05:04:00	2012-10-01 05:09:00	C1.8	11575.0	POINT(78 9)	9	78	924.0	135.0
70250	2012-10-01 05:57:00	2012-10-01 06:27:00	2012-10-01 06:50:00	C2.1		POINT(89 9)	9	89	959.0	161.0
70260	2012-10-01 06:17:00	2012-10-01 10:06:00	2012-10-01 11:47:00	C1.8		POINT(89 10)	10	89	959.0	174.0
70270	2012-10-01 08:16:00	2012-10-01 10:06:00	2012-10-01 11:10:00	C1.9		POINT(88 15)	15	88	938.0	255.0
70280	2012-10-01 13:00:00	2012-10-01 13:13:00	2012-10-01 13:26:00	C4.8	11575.0	POINT(89 9)	9	89	957.0	169.0
70290	2012-10-01 15:16:00	2012-10-01 15:22:00	2012-10-01 15:29:00	C2.3	11575.0	POINT(89 9)	9	89	953.0	167.0
70300	2012-10-01 16:12:00	2012-10-01 16:39:00	2012-10-01 17:00:00	C3.4		POINT(89 8)	8	89	962.0	147.0
70310	2012-10-01 17:01:00	2012-10-01 17:26:00	2012-10-01 17:48:00	C3.7		POINT(89 9)	9	89	967.0	163.0
70320	2012-10-02 01:52:00	2012-10-02 01:55:00	2012-10-02 01:58:00	B9.8		POINT(88 15)	15	88	939.0	263.0
70330	2012-10-02 09:00:00	2012-10-02 09:04:00	2012-10-02 09:06:00	C1.1	11582.0	POINT(5 -12)	-12	5	87.0	-315.0
70340	2012-10-03 13:35:00	2012-10-03 13:38:00	2012-10-03 13:41:00	B3.4	11585.0	POINT(-62 -16)	-16	-62	966.0	80.0
70350	2012-10-03 14:18:00	2012-10-03 14:22:00	2012-10-03 14:24:00	B4.3	11585.0	POINT(-59 -15)	-15	-59	-776.0	-317.0
70360	2012-10-04 00:48:00	2012-10-04 00:53:00	2012-10-04 00:58:00	B6.0		POINT(86 3)	3	86	955.0	57.0
70370	2012-10-04 13:49:00	2012-10-04 13:54:00	2012-10-04 13:59:00	B3.0		POINT(89 4)	4	89	968.0	82.0
70380	2012-10-04 15:07:00	2012-10-04 15:09:00	2012-10-04 15:12:00	B3.3		POINT(89 5)	5	89	966.0	91.0
70390	2012-10-04 16:31:00	2012-10-04 16:37:00	2012-10-04 16:42:00	B3.5		POINT(54 -10)	-10	54	767.0	-244.0
70400	2012-10-05 03:17:00	2012-10-05 07:30:00	2012-10-05 10:46:00	B7.8	11584.0	POINT(31 -23)	-23	31	456.0	-464.0
70410	2012-10-06 00:37:00	2012-10-06 00:41:00	2012-10-06 00:45:00	B3.0	11579.0	POINT(78 -13)	-13	78	914.0	-246.0
70420	2012-10-06 02:05:00	2012-10-06 02:10:00	2012-10-06 02:15:00	B3.2	11579.0	POINT(78 -12)	-12	78	917.0	-230.0
70430	2012-10-06 05:23:00	2012-10-06 05:30:00	2012-10-06 05:35:00	B4.0	11585.0	POINT(-24 -20)	-20	-24	-374.0	-424.0
70440	2012-10-06 07:06:00	2012-10-06 07:13:00	2012-10-06 07:17:00	B3.2	11585.0	POINT(-23 -20)	-20	-23	-362.0	-427.0
70450	2012-10-06 11:19:00	2012-10-06 11:24:00	2012-10-06 11:30:00	B5.3	11585.0	POINT(-24 -18)	-18	-24	-331.0	-425.0
70460	2012-10-07 03:16:00	2012-10-07 03:33:00	2012-10-07 03:48:00	B4.5	11585.0	POINT(-86 -25)	-25	-86	-867.0	-422.0
70470	2012-10-07 12:22:00	2012-10-07 12:46:00	2012-10-07 13:12:00	B4.9	11585.0	POINT(-9 -20)	-20	-9	-142.0	-429.0
70480	2012-10-07 20:21:00	2012-10-07 20:46:00	2012-10-07 21:14:00	C1.2		POINT(-87 21)	21	-87	-909.0	363.0
70490	2012-10-08 05:57:00	2012-10-08 07:43:00	2012-10-08 07:51:00	B9.5		POINT(-86 -26)	-26	-86	-872.0	-446.0
70500	2012-10-08 07:37:00	2012-10-08 07:43:00	2012-10-08 07:49:00	B9.9		POINT(-88 15)	15	-88	-937.0	255.0
70510	2012-10-08 08:01:00	2012-10-08 08:06:00	2012-10-08 08:11:00	C1.2		POINT(-88 15)	15	-88	-935.0	260.0
70520	2012-10-08 08:41:00	2012-10-08 09:03:00	2012-10-08 09:12:00	C2.2		POINT(-88 15)	15	-88	-938.0	257.0
70530	2012-10-08 11:05:00	2012-10-08 11:17:00	2012-10-08 11:23:00	M2.3		POINT(-88 15)	15	-88	-939.0	252.0
70540	2012-10-08 13:52:00	2012-10-08 13:55:00	2012-10-08 14:29:00	C1.0		POINT(-86 -29)	-29	-86	-844.0	-483.0
70550	2012-10-08 18:14:00	2012-10-08 18:18:00	2012-10-08 18:28:00	B8.3		POINT(-88 13)	13	-88	-941.0	232.0
70560	2012-10-08 18:41:00	2012-10-08 18:47:00	2012-10-08 18:56:00	B8.8		POINT(-88 14)	14	-88	-948.0	254.0
70570	2012-10-08 23:00:00	2012-10-08 23:10:00	2012-10-08 23:26:00	C2.2		POINT(-86 -26)	-26	-86	-877.0	-435.0
70580	2012-10-09 03:25:00	2012-10-09 03:24:00	2012-10-09 03:29:00	C1.7		POINT(63 -8)	-8	63	-863.0	-453.0
70590	2012-10-09 04:17:00	2012-10-09 04:23:00	2012-10-09 04:33:00	C1.0		POINT(64 -8)	-8	64	-863.0	-456.0
70600	2012-10-09 06:13:00	2012-10-09 06:37:00	2012-10-09 06:48:00	C1.2		POINT(48 8)	8	48	-862.0	-465.0
70610	2012-10-09 11:34:00	2012-10-09 11:51:00	2012-10-09 12:07:00	C1.0		POINT(-86 -30)	-30	-86	-842.0	-491.0
70620	2012-10-09 14:48:00	2012-10-09 15:01:00	2012-10-09 15:11:00	C1.9		POINT(-88 14)	14	-88	-929.0	243.0
70630	2012-10-09 15:17:00	2012-10-09 15:25:00	2012-10-09 15:33:00	C5.9		POINT(-86 -29)	-29	-86	-845.0	-488.0
70640	2012-10-09 20:43:00	2012-10-09 20:50:00	2012-10-09 20:55:00	C3.4		POINT(-86 -28)	-28	-86	-849.0	-474.0
70650	2012-10-09 21:32:00	2012-10-09 21:51:00	2012-10-09 22:03:00	C3.6		POINT(-86 -28)	-28	-86	-852.0	-473.0
70660	2012-10-09 22:14:00	2012-10-09 22:19:00	2012-10-09 22:29:00	C3.0		POINT(-86 -27)	-27	-86	-864.0	-447.0
70670	2012-10-09 23:22:00	2012-10-09 23:31:00	2012-10-09 23:35:00	M1.7		POINT(-86 -29)	-29	-86	-851.0	-479.0
70680	2012-10-10 00:57:00	2012-10-10 01:01:00	2012-10-10 01:06:00	C1.3	11587.0	POINT(75 -7)	-7	75	935.0	-152.0
70690	2012-10-10 01:38:00	2012-10-10 01:44:00	2012-10-10 01:48:00	C2.6		POINT(-86 -28)	-28	-86	-849.0	-473.0
70700	2012-10-10 02:50:00	2012-10-10 03:10:00	2012-10-10 03:19:00	C5.1		POINT(-86 -29)	-29	-86	-849.0	-477.0
70710	2012-10-10 04:51:00	2012-10-10 05:04:00	2012-10-10 05:20:00	M1.0		POINT(-86 -29)	-29	-86	-849.0	-481.0
70720	2012-10-10 06:40:00	2012-10-10 06:44:00	2012-10-10 06:46:00	C2.1		POINT(-86 -28)	-28	-86	-848.0	-465.0
70730	2012-10-10 06:59:00	2012-10-10 07:06:00	2012-10-10 07:10:00	C4.6		POINT(-86 -28)	-28	-86	-854.0	-468.0
70740	2012-10-10 10:44:00	2012-10-10 10:49:00	2012-10-10 10:52:00	B8.4		POINT(34 -17)	-17	34	516.0	-368.0
70750	2012-10-10 10:56:00	2012-10-10 11:00:00	2012-10-10 11:02:00	B8.6		POINT(-86 -29)	-29	-86	-838.0	-481.0
70760	2012-10-10 14:11:00	2012-10-10 14:14:00	2012-10-10 14:16:00	C1.1		POINT(-86 -29)	-29	-86	-839.0	-471.0
70770	2012-10-10 14:25:00	2012-10-10 14:31:00	2012-10-10 14:34:00	C2.1	11585.0	POINT(37 -15)	-15	37	543.0	-365.0
70780	2012-10-10 15:13:00	2012-10-10 15:16:00	2012-10-10 15:19:00	B8.3		POINT(-73 12)	12	-73	-900.0	174.0
70790	2012-10-10 15:34:00	2012-10-10 15:37:00	2012-10-10 15:40:00	B7.9		POINT(-86 -29)	-29	-86	-835.0	-478.0
70800	2012-10-10 18:48:00	2012-10-10 18:53:00	2012-10-10 18:56:00	C1.4	11585.0	POINT(41 -16)	-16	41	1229.0	1229.0
70810	2012-10-10 19:07:00	2012-10-10 19:10:00	2012-10-10 19:13:00	B9.3	11585.0	POINT(-67 13)	13	-67	-864.0	188.0
70820	2012-10-10 21:40:00	2012-10-10 21:45:00	2012-10-10 21:47:00	C1.5	11589.0	POINT(-65 15)	15	-65	588.0	-357.0
70830	2012-10-11 04:23:00	2012-10-11 04:28:00	2012-10-11 04:31:00	C1.2	11585.0	POINT(44 -17)	-17	44	627.0	-344.0
70840	2012-10-11 07:58:00	2012-10-11 08:04:00	2012-10-11 08:08:00	C4.6	11589.0	POINT(-56 13)	13	-56	-791.0	186.0
70850	2012-10-11 09:20:00	2012-10-11 09:24:00	2012-10-11 09:30:00	C1.2		POINT(-72 -30)	-30	-72	-794.0	-506.0
70860	2012-10-11 10:16:00	2012-10-11 10:20:00	2012-10-11 10:22:00	C1.3	11585.0	POINT(46 -19)	-19	46	681.0	-374.0
70870	2012-10-11 22:30:00	2012-10-11 22:46:00	2012-10-11 22:55:00	C2.1	11589.0	POINT(-55 14)	14	-55	-765.0	187.0
70880	2012-10-12 02:52:00	2012-10-12 03:03:00	2012-10-12 03:16:00	C1.0	11590.0	POINT(-63 -28)	-28	-63	-762.0	-479.0
70890	2012-10-12 05:48:00	2012-10-12 06:37:00	2012-10-12 06:45:00	C1.0	11589.0	POINT(-51 13)	13	-51	-728.0	164.0
70900	2012-10-12 07:44:00	2012-10-12 07:54:00	2012-10-12 08:00:00	C1.6	11589.0	POINT(-51 13)	13	-51	-720.0	166.0
70910	2012-10-12 08:08:00	2012-10-12 08:20:00	2012-10-12 08:43:00	C9.0	11589.0	POINT(-47 14)	14	-47	-658.0	160.0
70920	2012-10-12 09:00:00	2012-10-12 09:04:00	2012-10-12 09:07:00	B9.9	11589.0	POINT(-45 13)	13	-45	-676.0	89.0
70930	2012-10-12 12:52:00	2012-10-12 12:54:00	2012-10-12 12:57:00	B7.9		POINT(63 -18)	-18	63	817.0	-349.0
70940	2012-10-12 18:47:00	2012-10-12 18:51:00	2012-10-12 18:57:00	B7.5	11590.0	POINT(-51 -28)	-28	-51	-666.0	-508.0
70950	2012-10-12 19:45:00	2012-10-12 19:49:00	2012-10-12 19:52:00	C1.0	11589.0	POINT(-39 11)	11	-39	-605.0	107.0
70960	2012-10-13 12:11:00	2012-10-13 12:58:00	2012-10-13 13:31:00	B8.2		POINT(-86 -29)	-29	-86	-900.0	-519.0
70970	2012-10-13 23:46:00	2012-10-14 00:00:00	2012-10-14 00:18:00	C1.5	11589.0	POINT(-25 11)	11	-25	-440.0	101.0
70980	2012-10-14 02:15:00	2012-10-14 02:30:00	2012-10-14 03:09:00	C4.8		POINT(-88 13)	13	-88	-947.0	229.0
70990	2012-10-14 06:27:00	2012-10-14 06:32:00	2012-10-14 06:37:00	C1.1	11591.0	POINT(-88 15)	15	-88	-935.0	264.0
71000	2012-10-14 07:53:00	2012-10-14 07:59:00	2012-10-14 08:06:00	C1.0	11591.0	POINT(-88 15)	15	-88	-942.0	256.0
71010	2012-10-14 12:30:00	2012-10-14 12:32:00	2012-10-14 12:36:00	B9.6	11591.0	POINT(-88 13)	13	-88	-946.0	225.0
71020	2012-10-14 12:48:00	2012-10-14 12:52:00	2012-10-14 12:55:00	C1.0	11591.0	POINT(-56 10)	10	-56	-788.0	69.0
71030	2012-10-14 16:35:00	2012-10-14 16:39:00	2012-10-14 16:46:00	B7.2	11590.0	POINT(-26 -31)	-31	-26	-368.0	-581.0
71040	2012-10-14 18:45:00	2012-10-14 18:50:00	2012-10-14 18:59:00	B9.8		POINT(-88 13)	13	-88	-946.0	228.0
71050	2012-10-14 20:28:00	2012-10-14 20:34:00	2012-10-14 20:38:00	C1.5	11591.0	POINT(-52 10)	10	-52	-765.0	66.0
71060	2012-10-14 21:54:00	2012-10-14 21:59:00	2012-10-14 22:06:00	C3.0	11591.0	POINT(-51 10)	10	-51	-758.0	64.0
71070	2012-10-15 02:18:00	2012-10-15 02:22:00	2012-10-15 02:26:00	B8.1	11589.0	POINT(-6 14)	14	-6	-102.0	140.0
71080	2012-10-15 03:26:00	2012-10-15 03:33:00	2012-10-15 03:39:00	C2.2	11593.0	POINT(-88 13)	13	-88	-942.0	224.0
71090	2012-10-15 04:15:00	2012-10-15 04:24:00	2012-10-15 04:32:00	C4.0	11593.0	POINT(-88 13)	13	-88	-944.0	224.0
71100	2012-10-15 08:04:00	2012-10-15 08:09:00	2012-10-15 08:13:00	C1.1	11591.0	POINT(-45 10)	10	-45	-689.0	63.0
71110	2012-10-15 14:55:00	2012-10-15 15:42:00	2012-10-15 16:13:00	C4.4	11593.0	POINT(-88 14)	14	-88	-948.0	243.0
71120	2012-10-15 18:44:00	2012-10-15 18:59:00	2012-10-15 19:06:00	C1.4	11589.0	POINT(-2 13)	13	-2	-35.0	125.0
71130	2012-10-15 22:51:00	2012-10-15 22:57:00	2012-10-15 23:05:00	B9.2	11591.0	POINT(-38 7)	7	-38	-593.0	54.0
71140	2012-10-15 23:56:00	2012-10-15 23:59:00	2012-10-16 00:04:00	B7.5		POINT(-36 8)	8	-36	-561.0	63.0
71150	2012-10-16 01:44:00	2012-10-16 01:48:00	2012-10-16 01:51:00	B8.4		POINT(-36 7)	7	-36	-565.0	51.0
71160	2012-10-16 06:13:00	2012-10-16 06:17:00	2012-10-16 06:21:00	B8.2		POINT(-33 7)	7	-33	-530.0	50.0
71170	2012-10-16 06:46:00	2012-10-16 06:53:00	2012-10-16 06:58:00	C1.8	11591.0	POINT(-32 9)	9	-32	-704.0	-441.0
71180	2012-10-16 16:12:00	2012-10-16 16:27:00	2012-10-16 16:39:00	C3.3	11589.0	POINT(11 13)	13	11	155.0	110.0
71190	2012-10-16 23:06:00	2012-10-16 23:10:00	2012-10-16 23:13:00	C1.0	11594.0	POINT(-50 -29)	-29	-50	-649.0	-527.0
71200	2012-10-17 00:44:00	2012-10-17 00:49:00	2012-10-17 01:02:00	C1.1	11589.0	POINT(17 12)	12	17	284.0	146.0
71210	2012-10-17 05:56:00	2012-10-17 06:05:00	2012-10-17 06:15:00	C1.2		POINT(-89 6)	6	-89	-964.0	116.0
71220	2012-10-17 07:52:00	2012-10-17 08:02:00	2012-10-17 08:16:00	C7.4	11596.0	POINT(-89 6)	6	-89	-969.0	114.0
71230	2012-10-17 12:16:00	2012-10-17 12:21:00	2012-10-17 12:26:00	C1.3	11594.0	POINT(-89 6)	6	-89	-969.0	113.0
71240	2012-10-17 14:27:00	2012-10-17 14:34:00	2012-10-17 14:40:00	C2.0	11596.0	POINT(-89 5)	5	-89	-962.0	99.0
71250	2012-10-17 15:50:00	2012-10-17 15:56:00	2012-10-17 16:03:00	C1.0		POINT(-89 5)	5	-89	-973.0	99.0
71260	2012-10-18 19:59:00	2012-10-18 20:12:00	2012-10-18 20:22:00	B7.3	11596.0	POINT(39 13)	13	39	603.0	147.0
71270	2012-10-18 22:30:00	2012-10-18 22:59:00	2012-10-18 23:21:00	C1.4	11596.0	POINT(-89 11)	11	-89	-944.0	194.0
71280	2012-10-19 01:06:00	2012-10-19 01:15:00	2012-10-19 01:33:00	C1.3	11589.0	POINT(43 12)	12	43	707.0	133.0
71290	2012-10-19 04:37:00	2012-10-19 04:41:00	2012-10-19 04:51:00	B8.6	11597.0	POINT(-33 14)	14	-33	-518.0	171.0
71300	2012-10-19 05:08:00	2012-10-19 05:18:00	2012-10-19 06:18:00	C1.8	11589.0	POINT(46 12)	12	46	-925.0	101.0
71310	2012-10-19 18:42:00	2012-10-19 18:51:00	2012-10-19 19:01:00	C1.7	11594.0	POINT(-15 -25)	-25	-15	-164.0	-474.0
71320	2012-10-19 20:46:00	2012-10-19 20:52:00	2012-10-19 20:55:00	C3.6	11598.0	POINT(-88 -14)	-14	-88	-947.0	-239.0
71330	2012-10-20 14:29:00	2012-10-20 14:48:00	2012-10-20 15:03:00	C1.8	11598.0	POINT(-88 -12)	-12	-88	-956.0	-207.0
71340	2012-10-20 17:18:00	2012-10-20 17:37:00	2012-10-20 17:46:00	C2.4	11598.0	POINT(-88 -12)	-12	-88	-959.0	-209.0
71350	2012-10-20 18:05:00	2012-10-20 18:14:00	2012-10-20 18:19:00	M9.0	11598.0	POINT(-88 -12)	-12	-88	-954.0	-207.0
71360	2012-10-20 20:02:00	2012-10-20 20:10:00	2012-10-20 20:22:00	C2.7	11596.0	POINT(-88 -14)	-14	-88	-944.0	-239.0
71370	2012-10-21 02:54:00	2012-10-21 03:08:00	2012-10-21 03:16:00	C7.8	11598.0	POINT(-88 -12)	-12	-88	-950.0	-213.0
71380	2012-10-21 05:24:00	2012-10-21 05:34:00	2012-10-21 05:46:00	C5.6	11598.0	POINT(-88 -14)	-14	-88	-951.0	-242.0
71390	2012-10-21 11:06:00	2012-10-21 11:09:00	2012-10-21 11:18:00	C1.1	11596.0	POINT(-80 -13)	-13	-80	-925.0	-239.0
71400	2012-10-21 12:58:00	2012-10-21 13:16:00	2012-10-21 13:32:00	C1.8	11596.0	POINT(-88 -13)	-13	-88	-942.0	-231.0
71410	2012-10-21 17:52:00	2012-10-21 18:18:00	2012-10-21 18:31:00	C1.1	11598.0	POINT(-81 -12)	-12	-81	-930.0	-224.0
71420	2012-10-21 18:42:00	2012-10-21 18:45:00	2012-10-21 18:48:00	C1.2	11598.0	POINT(-79 -12)	-12	-79	-926.0	-221.0
71430	2012-10-21 19:46:00	2012-10-21 20:03:00	2012-10-21 20:20:00	M1.3	11598.0	POINT(-76 -10)	-10	-76	-922.0	-234.0
71440	2012-10-21 21:45:00	2012-10-21 21:51:00	2012-10-21 21:59:00	C1.1	11598.0	POINT(-78 -14)	-14	-78	-915.0	-254.0
71450	2012-10-21 22:38:00	2012-10-21 23:00:00	2012-10-21 23:08:00	C1.2	11598.0	POINT(-77 -13)	-13	-77	-914.0	-241.0
71460	2012-10-21 23:39:00	2012-10-21 23:48:00	2012-10-21 23:53:00	C1.2	11598.0	POINT(-76 -14)	-14	-76	-909.0	-252.0
71470	2012-10-22 00:21:00	2012-10-22 00:26:00	2012-10-22 00:36:00	C3.4	11598.0	POINT(-75 -14)	-14	-75	-906.0	-260.0
71480	2012-10-22 01:37:00	2012-10-22 01:40:00	2012-10-22 01:42:00	C1.6	11598.0	POINT(-73 -11)	-11	-73	-903.0	-223.0
71490	2012-10-22 09:04:00	2012-10-22 09:07:00	2012-10-22 09:11:00	B9.4		POINT(-33 3)	3	-33	-533.0	-8.0
71500	2012-10-22 15:52:00	2012-10-22 16:03:00	2012-10-22 16:10:00	C6.3	11593.0	POINT(-66 -13)	-13	-66	-855.0	-267.0
71510	2012-10-22 18:38:00	2012-10-22 18:51:00	2012-10-22 19:01:00	M5.0	11598.0	POINT(-61 -12)	-12	-61	-845.0	-269.0
71520	2012-10-22 22:35:00	2012-10-22 22:39:00	2012-10-22 22:44:00	C1.3	11593.0	POINT(87 -20)	-20	87	908.0	-350.0
71530	2012-10-23 03:13:00	2012-10-23 03:17:00	2012-10-23 03:21:00	X1.8	11598.0	POINT(-58 -13)	-13	-58	-805.0	-266.0
71540	2012-10-23 06:03:00	2012-10-23 06:10:00	2012-10-23 06:15:00	C1.6	11598.0	POINT(-57 -14)	-14	-57	-788.0	-290.0
71550	2012-10-23 07:40:00	2012-10-23 08:21:00	2012-10-23 08:56:00	C3.0	11593.0	POINT(19 11)	11	19	407.0	199.0
71560	2012-10-23 13:10:00	2012-10-23 13:15:00	2012-10-23 13:18:00	C2.3	11598.0	POINT(-53 -14)	-14	-53	-749.0	-296.0
71570	2012-10-23 14:57:00	2012-10-23 15:00:00	2012-10-23 15:05:00	C2.8	11598.0	POINT(-54 -13)	-13	-54	-744.0	-285.0
71580	2012-10-23 18:26:00	2012-10-23 18:39:00	2012-10-23 18:45:00	C1.9	11598.0	POINT(-50 -12)	-12	-50	-731.0	-260.0
71590	2012-10-23 19:54:00	2012-10-23 19:58:00	2012-10-23 20:04:00	C1.1	11598.0	POINT(-46 -11)	-11	-46	-692.0	-251.0
71600	2012-10-24 01:11:00	2012-10-24 01:26:00	2012-10-24 01:52:00	C2.4	11593.0	POINT(34 15)	15	34	524.0	183.0
71610	2012-10-24 05:26:00	2012-10-24 05:38:00	2012-10-24 05:46:00	C4.2	11598.0	POINT(-43 -13)	-13	-43	-643.0	-290.0
71620	2012-10-24 07:05:00	2012-10-24 07:10:00	2012-10-24 07:15:00	C1.7	11598.0	POINT(-41 -13)	-13	-41	-622.0	-285.0
71630	2012-10-24 09:06:00	2012-10-24 09:28:00	2012-10-24 09:34:00	C2.9	11598.0	POINT(-41 -13)	-13	-41	-620.0	-285.0
71640	2012-10-24 13:18:00	2012-10-24 13:23:00	2012-10-24 13:28:00	C1.3	11598.0	POINT(-39 -12)	-12	-39	-599.0	-273.0
71650	2012-10-24 14:14:00	2012-10-24 14:19:00	2012-10-24 14:27:00	C1.4	11598.0	POINT(-38 -12)	-12	-38	-593.0	-281.0
71660	2012-10-24 15:22:00	2012-10-24 15:26:00	2012-10-24 15:36:00	C1.0	11598.0	POINT(-37 -13)	-13	-37	-575.0	-287.0
71670	2012-10-24 18:27:00	2012-10-24 18:32:00	2012-10-24 18:41:00	B8.9		POINT(-36 -13)	-13	-36	-555.0	-286.0
71680	2012-10-24 20:51:00	2012-10-24 20:54:00	2012-10-24 21:00:00	B7.2	11598.0	POINT(-35 -12)	-12	-35	-543.0	-275.0
71690	2012-10-25 03:36:00	2012-10-25 03:42:00	2012-10-25 03:47:00	B9.0	11598.0	POINT(-30 -13)	-13	-30	-478.0	-289.0
71700	2012-10-25 04:04:00	2012-10-25 04:22:00	2012-10-25 04:32:00	C2.5	11593.0	POINT(46 15)	15	46	673.0	205.0
71710	2012-10-25 07:30:00	2012-10-25 07:34:00	2012-10-25 07:37:00	C1.0	11594.0	POINT(64 -24)	-24	64	791.0	-429.0
71720	2012-10-25 09:32:00	2012-10-25 09:35:00	2012-10-25 09:37:00	B7.9	11594.0	POINT(66 -23)	-23	66	810.0	-415.0
71730	2012-10-25 10:14:00	2012-10-25 10:21:00	2012-10-25 10:30:00	B7.4	11598.0	POINT(-28 -11)	-11	-28	-416.0	-300.0
71740	2012-10-25 14:32:00	2012-10-25 14:51:00	2012-10-25 15:11:00	B9.0	11596.0	POINT(14 4)	4	14	242.0	-3.0
71750	2012-10-26 03:54:00	2012-10-26 04:00:00	2012-10-26 04:10:00	C1.3	11596.0	POINT(21 4)	4	21	361.0	-7.0
71760	2012-10-26 06:00:00	2012-10-26 06:04:00	2012-10-26 06:10:00	B7.3		POINT(-14 -10)	-10	-14	-245.0	-257.0
71770	2012-10-26 06:36:00	2012-10-26 06:43:00	2012-10-26 07:03:00	C1.5	11593.0	POINT(66 13)	13	66	859.0	198.0
71780	2012-10-26 10:23:00	2012-10-26 10:32:00	2012-10-26 10:39:00	C1.5	11596.0	POINT(25 4)	4	25	427.0	17.0
71790	2012-10-26 10:50:00	2012-10-26 11:04:00	2012-10-26 11:20:00	C1.8	11593.0	POINT(69 13)	13	69	878.0	197.0
71800	2012-10-26 11:30:00	2012-10-26 11:43:00	2012-10-26 11:55:00	C1.8	11594.0	POINT(79 -27)	-27	79	887.0	-401.0
71810	2012-10-26 12:32:00	2012-10-26 12:33:00	2012-10-26 12:41:00	C1.6	11596.0	POINT(81 -26)	-26	81	876.0	-432.0
71820	2012-10-26 15:49:00	2012-10-26 16:07:00	2012-10-26 16:44:00	C1.1	11598.0	POINT(-13 -14)	-14	-13	-183.0	-339.0
71830	2012-10-26 21:32:00	2012-10-26 21:59:00	2012-10-26 22:34:00	C1.0	11594.0	POINT(87 -24)	-24	87	882.0	-413.0
71840	2012-10-27 03:43:00	2012-10-27 04:11:00	2012-10-27 04:43:00	C1.1	11594.0	POINT(87 -26)	-26	87	882.0	-450.0
71850	2012-10-27 07:25:00	2012-10-27 07:48:00	2012-10-27 08:14:00	B7.2	11594.0	POINT(87 -25)	-25	87	893.0	-431.0
71860	2012-10-27 11:38:00	2012-10-27 12:35:00	2012-10-27 12:56:00	B9.7	11598.0	POINT(-3 -16)	-16	-3	0.0	-339.0
71870	2012-10-27 16:46:00	2012-10-27 16:51:00	2012-10-27 16:57:00	B7.3	11594.0	POINT(87 -25)	-25	87	875.0	-427.0
71880	2012-10-28 06:26:00	2012-10-28 08:05:00	2012-10-28 10:48:00	C1.7		POINT(87 -26)	-26	87	881.0	-449.0
71890	2012-10-29 02:55:00	2012-10-29 03:02:00	2012-10-29 03:05:00	B6.9	11596.0	POINT(64 8)	8	64	863.0	105.0
71900	2012-10-30 01:16:00	2012-10-30 01:37:00	2012-10-30 01:50:00	B8.4	11598.0	POINT(34 -15)	-15	34	525.0	-317.0
71910	2012-10-31 04:59:00	2012-10-31 05:07:00	2012-10-31 05:13:00	C1.2	11596.0	POINT(89 9)	9	89	966.0	164.0
71920	2012-10-31 06:50:00	2012-10-31 06:54:00	2012-10-31 06:56:00	B3.9		POINT(52 -11)	-11	52	754.0	-237.0
71930	2012-10-31 07:13:00	2012-10-31 07:18:00	2012-10-31 07:23:00	B4.8		POINT(52 -11)	-11	52	756.0	-236.0
71940	2012-10-31 11:33:00	2012-10-31 11:39:00	2012-10-31 11:45:00	C1.1	11598.0	POINT(54 -11)	-11	54	776.0	-240.0
71950	2012-10-31 13:06:00	2012-10-31 13:11:00	2012-10-31 13:18:00	B3.9	11598.0	POINT(56 -11)	-11	56	789.0	-225.0
71960	2012-11-01 14:00:00	2012-11-01 14:04:00	2012-11-01 14:12:00	B4.3	11598.0	POINT(70 -11)	-11	70	891.0	-219.0
71970	2012-11-01 14:58:00	2012-11-01 15:05:00	2012-11-01 15:12:00	B7.0	11598.0	POINT(71 -11)	-11	71	900.0	-219.0
71980	2012-11-02 06:58:00	2012-11-02 07:03:00	2012-11-02 07:07:00	B6.9	11598.0	POINT(83 -9)	-9	83	949.0	-159.0
71990	2012-11-02 18:58:00	2012-11-02 19:20:00	2012-11-02 19:28:00	B5.8	11598.0	POINT(88 -11)	-11	88	965.0	-197.0
72000	2012-11-02 23:18:00	2012-11-02 23:25:00	2012-11-02 23:33:00	B5.7	11598.0	POINT(88 -12)	-12	88	962.0	-218.0
72010	2012-11-03 19:20:00	2012-11-03 19:25:00	2012-11-03 19:34:00	B3.2	11599.0	POINT(78 -10)	-10	78	932.0	-191.0
72020	2012-11-04 22:38:00	2012-11-04 22:41:00	2012-11-04 22:43:00	B2.6	11603.0	POINT(32 12)	12	32	504.0	156.0
72030	2012-11-05 10:00:00	2012-11-05 10:06:00	2012-11-05 10:15:00	B4.0		POINT(-88 -14)	-14	-88	-950.0	-242.0
72040	2012-11-05 11:56:00	2012-11-05 12:01:00	2012-11-05 12:09:00	B6.6		POINT(-88 -14)	-14	-88	-950.0	-245.0
72050	2012-11-05 18:30:00	2012-11-05 18:39:00	2012-11-05 18:47:00	C2.3		POINT(-88 -14)	-14	-88	-951.0	-251.0
72060	2012-11-06 00:17:00	2012-11-06 00:21:00	2012-11-06 00:28:00	B3.0	11606.0	POINT(-88 -15)	-15	-88	-945.0	-263.0
72070	2012-11-06 04:52:00	2012-11-06 04:59:00	2012-11-06 05:06:00	B7.6		POINT(-88 -14)	-14	-88	-948.0	-252.0
72080	2012-11-06 05:07:00	2012-11-06 05:11:00	2012-11-06 05:21:00	B7.5		POINT(-88 -15)	-15	-88	-943.0	-254.0
72090	2012-11-07 10:17:00	2012-11-07 10:27:00	2012-11-07 10:39:00	B6.2		POINT(-89 13)	13	-89	-954.0	220.0
72100	2012-11-07 12:29:00	2012-11-07 12:37:00	2012-11-07 12:47:00	B5.1		POINT(-89 13)	13	-89	-950.0	225.0
72110	2012-11-07 17:00:00	2012-11-07 17:05:00	2012-11-07 17:15:00	B3.6		POINT(-89 13)	13	-89	-945.0	221.0
72120	2012-11-08 02:08:00	2012-11-08 02:23:00	2012-11-08 02:55:00	M1.7	11611.0	POINT(-89 13)	13	-89	-945.0	224.0
72130	2012-11-08 22:19:00	2012-11-08 22:38:00	2012-11-08 22:57:00	B6.6	11611.0	POINT(-72 14)	14	-72	-892.0	225.0
72140	2012-11-08 23:34:00	2012-11-08 23:38:00	2012-11-08 23:40:00	B6.2	11610.0	POINT(-68 12)	12	-68	-879.0	196.0
72150	2012-11-09 00:12:00	2012-11-09 01:51:00	2012-11-09 02:41:00	C1.0	11604.0	POINT(19 8)	8	19	323.0	95.0
72160	2012-11-09 10:41:00	2012-11-09 10:54:00	2012-11-09 11:01:00	B5.2		POINT(-89 16)	16	-89	-941.0	275.0
72170	2012-11-09 18:02:00	2012-11-09 18:18:00	2012-11-09 18:27:00	B7.6	11610.0	POINT(-34 -26)	-26	-34	-492.0	-476.0
72180	2012-11-09 23:15:00	2012-11-09 23:53:00	2012-11-10 00:16:00	B7.5	11610.0	POINT(-31 -25)	-25	-31	-464.0	-458.0
72190	2012-11-10 01:22:00	2012-11-10 01:32:00	2012-11-10 01:44:00	C1.0		POINT(-89 14)	14	-89	-952.0	255.0
72200	2012-11-10 04:22:00	2012-11-10 05:04:00	2012-11-10 05:47:00	C2.0	11608.0	POINT(-10 -24)	-24	-10	-158.0	-458.0
72210	2012-11-10 10:53:00	2012-11-10 11:03:00	2012-11-10 11:31:00	C1.3	11611.0	POINT(-89 18)	18	-89	-932.0	306.0
72220	2012-11-10 16:15:00	2012-11-10 16:20:00	2012-11-10 16:25:00	C1.0		POINT(-89 17)	17	-89	-936.0	287.0
72230	2012-11-10 17:15:00	2012-11-10 17:24:00	2012-11-10 17:44:00	C1.0		POINT(-89 16)	16	-89	-947.0	282.0
72240	2012-11-10 20:13:00	2012-11-10 20:19:00	2012-11-10 20:25:00	C1.2	11607.0	POINT(89 15)	15	89	946.0	254.0
72250	2012-11-10 21:30:00	2012-11-10 21:33:00	2012-11-10 21:37:00	C1.5	11607.0	POINT(89 15)	15	89	940.0	262.0
72260	2012-11-10 23:15:00	2012-11-10 23:34:00	2012-11-10 23:51:00	C1.1		POINT(-89 15)	15	-89	-953.0	261.0
72270	2012-11-11 00:45:00	2012-11-11 00:54:00	2012-11-11 01:04:00	C1.3	11614.0	POINT(-89 15)	15	-89	-956.0	259.0
72280	2012-11-11 02:11:00	2012-11-11 02:33:00	2012-11-11 02:52:00	M1.0	11614.0	POINT(-89 15)	15	-89	-945.0	261.0
72290	2012-11-11 05:18:00	2012-11-11 05:30:00	2012-11-11 05:46:00	C1.6		POINT(89 15)	15	89	951.0	257.0
72300	2012-11-11 19:02:00	2012-11-11 19:06:00	2012-11-11 19:09:00	C1.2	11610.0	POINT(-76 15)	15	-76	-909.0	248.0
72310	2012-11-12 08:06:00	2012-11-12 08:10:00	2012-11-12 08:12:00	C1.1	11610.0	POINT(-55 -25)	-25	-55	-724.0	-443.0
72320	2012-11-12 10:17:00	2012-11-12 10:22:00	2012-11-12 10:25:00	C2.9	11610.0	POINT(1 -23)	-23	1	21.0	-441.0
72330	2012-11-12 11:49:00	2012-11-12 12:14:00	2012-11-12 12:23:00	C2.1	11610.0	POINT(6 -23)	-23	6	105.0	-433.0
72340	2012-11-12 14:27:00	2012-11-12 14:33:00	2012-11-12 14:41:00	C1.0	11614.0	POINT(-67 11)	11	-67	-878.0	182.0
72350	2012-11-12 18:43:00	2012-11-12 18:51:00	2012-11-12 18:59:00	C2.0	11613.0	POINT(-47 -21)	-21	-47	-644.0	-436.0
72360	2012-11-12 21:33:00	2012-11-12 21:39:00	2012-11-12 21:41:00	C2.5	11613.0	POINT(-48 -22)	-22	-48	-640.0	-463.0
72370	2012-11-12 22:36:00	2012-11-12 22:41:00	2012-11-12 22:46:00	C1.2	11613.0	POINT(-48 -25)	-25	-48	-650.0	-454.0
72380	2012-11-12 23:13:00	2012-11-12 23:28:00	2012-11-12 23:33:00	M2.0	11613.0	POINT(-47 -25)	-25	-47	-643.0	-449.0
72390	2012-11-13 00:17:00	2012-11-13 00:22:00	2012-11-13 00:25:00	C4.3	11613.0	POINT(-47 -25)	-25	-47	-644.0	-447.0
72400	2012-11-13 01:12:00	2012-11-13 01:18:00	2012-11-13 01:26:00	C3.5	11613.0	POINT(-44 -26)	-26	-44	-614.0	-467.0
72410	2012-11-13 01:58:00	2012-11-13 02:04:00	2012-11-13 02:06:00	M6.0	11613.0	POINT(-46 -25)	-25	-46	-633.0	-451.0
72420	2012-11-13 04:31:00	2012-11-13 04:34:00	2012-11-13 04:40:00	C1.0	11613.0	POINT(-44 -25)	-25	-44	-616.0	-453.0
72430	2012-11-13 05:42:00	2012-11-13 05:50:00	2012-11-13 05:54:00	M2.5	11613.0	POINT(-44 -26)	-26	-44	-611.0	-459.0
72440	2012-11-13 06:51:00	2012-11-13 06:56:00	2012-11-13 07:02:00	C3.4	11613.0	POINT(-42 -26)	-26	-42	-585.0	-472.0
72450	2012-11-13 08:02:00	2012-11-13 08:06:00	2012-11-13 08:10:00	C2.2	11614.0	POINT(-55 16)	16	-55	-768.0	249.0
72460	2012-11-13 10:05:00	2012-11-13 10:12:00	2012-11-13 10:15:00	C3.1	11613.0	POINT(-41 -26)	-26	-41	-579.0	-463.0
72470	2012-11-13 10:53:00	2012-11-13 10:57:00	2012-11-13 11:00:00	B9.5		POINT(-89 17)	17	-89	-929.0	299.0
72480	2012-11-13 17:34:00	2012-11-13 17:43:00	2012-11-13 17:48:00	C1.8	11613.0	POINT(-36 -24)	-24	-36	-502.0	-471.0
72490	2012-11-13 19:54:00	2012-11-13 20:00:00	2012-11-13 20:04:00	C1.1		POINT(-32 -24)	-24	-32	-470.0	-440.0
72500	2012-11-13 20:50:00	2012-11-13 20:54:00	2012-11-13 20:57:00	M2.8	11613.0	POINT(-33 -22)	-22	-33	-463.0	-434.0
72510	2012-11-14 02:14:00	2012-11-14 02:25:00	2012-11-14 02:43:00	C1.6	11614.0	POINT(-32 -26)	-26	-32	-475.0	-464.0
72520	2012-11-14 03:11:00	2012-11-14 03:16:00	2012-11-14 03:19:00	C1.7	11613.0	POINT(-30 -26)	-26	-30	-435.0	-473.0
72530	2012-11-14 03:59:00	2012-11-14 04:04:00	2012-11-14 04:07:00	M1.1	11613.0	POINT(-27 -23)	-23	-27	-415.0	-432.0
72540	2012-11-14 04:56:00	2012-11-14 05:02:00	2012-11-14 05:07:00	C1.0	11613.0	POINT(-31 -27)	-27	-31	-447.0	-480.0
72550	2012-11-14 13:22:00	2012-11-14 13:27:00	2012-11-14 13:33:00	C1.3	11614.0	POINT(-37 18)	18	-37	-600.0	264.0
72560	2012-11-14 13:35:00	2012-11-14 13:45:00	2012-11-14 14:01:00	C4.3	11614.0	POINT(6 11)	11	6	-587.0	280.0
72570	2012-11-14 16:58:00	2012-11-14 17:04:00	2012-11-14 17:10:00	B9.5	11614.0	POINT(-37 14)	14	-37	-570.0	208.0
72580	2012-11-14 18:21:00	2012-11-14 18:29:00	2012-11-14 18:45:00	B9.0	11610.0	POINT(29 -21)	-21	29	450.0	-392.0
72590	2012-11-14 23:33:00	2012-11-14 23:41:00	2012-11-14 23:48:00	C1.3	11613.0	POINT(-18 -23)	-23	-18	-247.0	-441.0
72600	2012-11-15 03:30:00	2012-11-15 03:34:00	2012-11-15 03:44:00	B8.2	11610.0	POINT(16 13)	13	16	276.0	187.0
72610	2012-11-15 04:22:00	2012-11-15 04:37:00	2012-11-15 04:51:00	C6.3	11610.0	POINT(34 -22)	-22	34	506.0	-413.0
72620	2012-11-15 07:56:00	2012-11-15 08:02:00	2012-11-15 08:06:00	C2.8	11613.0	POINT(-29 16)	16	-29	-464.0	242.0
72630	2012-11-15 12:40:00	2012-11-15 12:54:00	2012-11-15 13:10:00	C3.2	11615.0	POINT(-15 10)	10	-15	-249.0	126.0
72640	2012-11-15 14:23:00	2012-11-15 14:30:00	2012-11-15 14:35:00	C2.1	11613.0	POINT(-7 -25)	-25	-7	-116.0	-455.0
72650	2012-11-15 20:14:00	2012-11-15 20:21:00	2012-11-15 20:25:00	C1.0	11613.0	POINT(-9 -24)	-24	-9	-97.0	-452.0
72660	2012-11-15 22:00:00	2012-11-15 22:14:00	2012-11-15 22:47:00	B8.3	11611.0	POINT(29 14)	14	29	457.0	212.0
72670	2012-11-16 06:41:00	2012-11-16 07:51:00	2012-11-16 10:21:00	C1.4	11613.0	POINT(-9 -27)	-27	-9	-135.0	-494.0
72680	2012-11-16 14:44:00	2012-11-16 14:47:00	2012-11-16 15:03:00	B6.8	11614.0	POINT(-22 -25)	-25	-22	-329.0	-453.0
72690	2012-11-16 15:34:00	2012-11-16 15:39:00	2012-11-16 15:42:00	C8.4	11618.0	POINT(-79 8)	8	-79	-944.0	139.0
72700	2012-11-16 19:49:00	2012-11-16 19:55:00	2012-11-16 20:01:00	C1.0	11610.0	POINT(63 -24)	-24	63	789.0	-420.0
72710	2012-11-16 21:55:00	2012-11-16 22:04:00	2012-11-16 22:19:00	C1.4	11614.0	POINT(-5 18)	18	-5	-105.0	259.0
72720	2012-11-17 02:59:00	2012-11-17 03:08:00	2012-11-17 03:23:00	C1.7	11615.0	POINT(7 8)	8	7	106.0	119.0
72730	2012-11-17 04:02:00	2012-11-17 04:08:00	2012-11-17 04:23:00	C1.2	11613.0	POINT(5 -25)	-25	5	90.0	-463.0
72740	2012-11-17 04:55:00	2012-11-17 05:22:00	2012-11-17 05:44:00	B9.1	11610.0	POINT(88 -28)	-28	88	855.0	-460.0
72750	2012-11-17 15:58:00	2012-11-17 16:06:00	2012-11-17 16:15:00	C1.3	11618.0	POINT(-64 9)	9	-64	-868.0	134.0
72760	2012-11-17 18:02:00	2012-11-17 18:10:00	2012-11-17 18:14:00	C2.8	11613.0	POINT(19 -24)	-24	19	294.0	-442.0
72770	2012-11-18 03:55:00	2012-11-18 04:07:00	2012-11-18 04:15:00	C5.7	11615.0	POINT(7 8)	8	7	357.0	94.0
72780	2012-11-18 08:11:00	2012-11-18 08:15:00	2012-11-18 08:18:00	C1.0	11613.0	POINT(27 -24)	-24	27	404.0	-435.0
72790	2012-11-18 11:03:00	2012-11-18 11:07:00	2012-11-18 11:12:00	B7.6	11619.0	POINT(-9 10)	10	-9	-153.0	140.0
72800	2012-11-18 13:03:00	2012-11-18 13:07:00	2012-11-18 13:09:00	C4.3	11619.0	POINT(-7 10)	10	-7	-132.0	142.0
72810	2012-11-18 15:28:00	2012-11-18 15:32:00	2012-11-18 15:37:00	C1.3	11618.0	POINT(-46 7)	7	-46	-698.0	96.0
72820	2012-11-18 19:21:00	2012-11-18 19:26:00	2012-11-18 19:37:00	C1.1		POINT(-88 -20)	-20	-88	-920.0	-344.0
72830	2012-11-18 21:16:00	2012-11-18 21:23:00	2012-11-18 21:30:00	C1.0	11618.0	POINT(-42 7)	7	-42	-649.0	100.0
72840	2012-11-19 00:02:00	2012-11-19 00:12:00	2012-11-19 00:25:00	C1.1	11619.0	POINT(-4 10)	10	-4	-81.0	146.0
72850	2012-11-19 02:20:00	2012-11-19 02:28:00	2012-11-19 02:31:00	C7.0	11618.0	POINT(-39 7)	7	-39	-610.0	97.0
72860	2012-11-19 10:55:00	2012-11-19 11:04:00	2012-11-19 11:15:00	C1.4	11610.0	POINT(88 -26)	-26	88	878.0	-440.0
72870	2012-11-20 01:37:00	2012-11-20 02:07:00	2012-11-20 03:05:00	C3.0	11618.0	POINT(-27 8)	8	-27	-422.0	77.0
72880	2012-11-20 04:04:00	2012-11-20 04:10:00	2012-11-20 04:27:00	C1.3	11618.0	POINT(-25 8)	8	-25	-419.0	69.0
72890	2012-11-20 06:25:00	2012-11-20 06:33:00	2012-11-20 06:44:00	C3.9	11618.0	POINT(-22 9)	9	-22	-399.0	67.0
72900	2012-11-20 12:36:00	2012-11-20 12:41:00	2012-11-20 12:46:00	M1.7		POINT(-20 6)	6	-20	-340.0	68.0
72910	2012-11-20 13:48:00	2012-11-20 13:51:00	2012-11-20 13:54:00	C1.6	11618.0	POINT(-17 8)	8	-17	-285.0	108.0
72920	2012-11-20 15:18:00	2012-11-20 15:29:00	2012-11-20 15:41:00	C3.1	11618.0	POINT(-19 8)	8	-19	-327.0	67.0
72930	2012-11-20 17:40:00	2012-11-20 17:43:00	2012-11-20 17:47:00	B9.9	11618.0	POINT(-22 10)	10	-22	-358.0	83.0
72940	2012-11-20 19:21:00	2012-11-20 19:28:00	2012-11-20 19:32:00	M1.6	11618.0	POINT(-15 7)	7	-15	-270.0	65.0
72950	2012-11-20 22:52:00	2012-11-20 23:07:00	2012-11-20 23:18:00	C3.9		POINT(89 12)	12	89	951.0	203.0
72960	2012-11-21 06:45:00	2012-11-21 06:56:00	2012-11-21 07:08:00	M1.4	11618.0	POINT(-10 6)	6	-10	-108.0	92.0
72970	2012-11-21 08:52:00	2012-11-21 08:57:00	2012-11-21 09:00:00	C1.2	11618.0	POINT(-10 6)	6	-10	-96.0	75.0
72980	2012-11-21 09:17:00	2012-11-21 09:41:00	2012-11-21 09:43:00	C4.1	11618.0	POINT(-10 6)	6	-10	-89.0	71.0
72990	2012-11-21 15:10:00	2012-11-21 15:30:00	2012-11-21 15:38:00	M3.5	11618.0	POINT(-5 5)	5	-5	-99.0	62.0
73000	2012-11-21 20:39:00	2012-11-21 20:43:00	2012-11-21 20:50:00	C1.3		POINT(-1 7)	7	-1	-33.0	101.0
73010	2012-11-21 21:12:00	2012-11-21 21:16:00	2012-11-21 21:21:00	C2.5	11618.0	POINT(-1 7)	7	-1	-33.0	98.0
73020	2012-11-21 23:09:00	2012-11-21 23:12:00	2012-11-21 23:14:00	C1.1	11618.0	POINT(1 6)	6	1	25.0	74.0
73030	2012-11-22 07:49:00	2012-11-22 07:53:00	2012-11-22 07:55:00	B6.3	11618.0	POINT(1 7)	7	1	53.0	102.0
73040	2012-11-22 15:35:00	2012-11-22 15:46:00	2012-11-22 15:57:00	B9.5	11618.0	POINT(3 8)	8	3	62.0	112.0
73050	2012-11-23 12:06:00	2012-11-23 12:12:00	2012-11-23 12:18:00	C1.2	11618.0	POINT(20 9)	9	20	330.0	130.0
73060	2012-11-23 18:29:00	2012-11-23 18:32:00	2012-11-23 18:36:00	B7.6		POINT(24 6)	6	24	395.0	75.0
73070	2012-11-23 19:17:00	2012-11-23 19:21:00	2012-11-23 19:26:00	C1.2	11618.0	POINT(27 7)	7	27	441.0	105.0
73080	2012-11-23 19:27:00	2012-11-23 19:30:00	2012-11-23 19:32:00	C2.5	11618.0	POINT(27 7)	7	27	444.0	104.0
73090	2012-11-23 19:36:00	2012-11-23 19:42:00	2012-11-23 19:44:00	C1.2	11618.0	POINT(27 7)	7	27	444.0	104.0
73100	2012-11-23 19:44:00	2012-11-23 19:47:00	2012-11-23 19:49:00	C1.2	11618.0	POINT(28 9)	9	28	453.0	128.0
73110	2012-11-23 19:53:00	2012-11-23 19:56:00	2012-11-23 19:58:00	C1.7	11618.0	POINT(27 8)	8	27	446.0	111.0
73120	2012-11-23 20:01:00	2012-11-23 20:05:00	2012-11-23 20:07:00	C1.0	11618.0	POINT(23 6)	6	23	390.0	81.0
73130	2012-11-23 20:55:00	2012-11-23 21:00:00	2012-11-23 21:06:00	B8.1		POINT(-89 13)	13	-89	-959.0	225.0
73140	2012-11-23 23:36:00	2012-11-23 23:57:00	2012-11-24 00:13:00	C1.0	11618.0	POINT(29 11)	11	29	474.0	173.0
73150	2012-11-24 13:33:00	2012-11-24 13:40:00	2012-11-24 13:44:00	C3.3	11618.0	POINT(28 6)	6	28	467.0	108.0
73160	2012-11-24 15:31:00	2012-11-24 15:36:00	2012-11-24 15:45:00	B4.5	11621.0	POINT(-84 13)	13	-84	-941.0	224.0
73170	2012-11-25 06:12:00	2012-11-25 06:17:00	2012-11-25 06:22:00	B9.5	11618.0	POINT(43 8)	8	43	670.0	117.0
73180	2012-11-25 20:10:00	2012-11-25 20:14:00	2012-11-25 20:21:00	C1.7	11619.0	POINT(89 17)	17	89	933.0	299.0
73190	2012-11-25 22:13:00	2012-11-25 22:14:00	2012-11-25 22:44:00	C1.4	11620.0	POINT(15 -12)	-12	15	251.0	-246.0
73200	2012-11-26 00:37:00	2012-11-26 00:42:00	2012-11-26 00:45:00	C1.9	11620.0	POINT(17 -13)	-13	17	284.0	-250.0
73210	2012-11-26 02:09:00	2012-11-26 02:13:00	2012-11-26 02:15:00	C1.0	11618.0	POINT(51 9)	9	51	752.0	152.0
73220	2012-11-26 08:46:00	2012-11-26 08:50:00	2012-11-26 09:34:00	C1.5	11620.0	POINT(22 -12)	-12	22	371.0	-230.0
73230	2012-11-26 10:07:00	2012-11-26 10:10:00	2012-11-26 10:14:00	C1.5		POINT(23 -12)	-12	23	386.0	-227.0
73240	2012-11-26 11:39:00	2012-11-26 11:43:00	2012-11-26 11:48:00	C1.8	11620.0	POINT(26 -12)	-12	26	398.0	-227.0
73250	2012-11-26 12:01:00	2012-11-26 12:12:00	2012-11-26 12:20:00	C1.9	11620.0	POINT(21 -13)	-13	21	403.0	-220.0
73260	2012-11-26 12:32:00	2012-11-26 12:37:00	2012-11-26 12:40:00	C1.9	11620.0	POINT(25 -12)	-12	25	406.0	-228.0
73270	2012-11-26 13:11:00	2012-11-26 13:14:00	2012-11-26 13:17:00	B9.9	11620.0	POINT(26 -12)	-12	26	425.0	-233.0
73280	2012-11-26 14:29:00	2012-11-26 14:32:00	2012-11-26 14:34:00	B9.0	11620.0	POINT(26 -11)	-11	26	428.0	-223.0
73290	2012-11-26 14:55:00	2012-11-26 15:06:00	2012-11-26 15:17:00	C1.7	11620.0	POINT(24 -12)	-12	24	398.0	-225.0
73300	2012-11-26 15:22:00	2012-11-26 15:26:00	2012-11-26 15:29:00	C2.3	11620.0	POINT(22 -12)	-12	22	371.0	-234.0
73310	2012-11-26 19:49:00	2012-11-26 19:53:00	2012-11-26 19:56:00	C1.2	11620.0	POINT(25 -13)	-13	25	409.0	-234.0
73320	2012-11-26 20:45:00	2012-11-26 20:54:00	2012-11-26 20:59:00	C1.1		POINT(26 -12)	-12	26	421.0	-228.0
73330	2012-11-26 21:01:00	2012-11-26 21:21:00	2012-11-26 21:57:00	C2.1	11620.0	POINT(27 -13)	-13	27	439.0	-219.0
73340	2012-11-26 22:48:00	2012-11-26 22:53:00	2012-11-26 22:58:00	C1.3	11620.0	POINT(30 -13)	-13	30	447.0	-230.0
73350	2012-11-27 00:06:00	2012-11-27 00:17:00	2012-11-27 00:25:00	B9.8	11620.0	POINT(28 -12)	-12	28	455.0	-237.0
73360	2012-11-27 02:10:00	2012-11-27 02:15:00	2012-11-27 02:20:00	C5.9	11620.0	POINT(29 -12)	-12	29	466.0	-233.0
73370	2012-11-27 04:54:00	2012-11-27 04:58:00	2012-11-27 05:01:00	C1.7	11620.0	POINT(67 9)	9	67	885.0	153.0
73380	2012-11-27 08:01:00	2012-11-27 08:04:00	2012-11-27 08:06:00	C1.0	11620.0	POINT(38 -12)	-12	38	591.0	-222.0
73390	2012-11-27 09:13:00	2012-11-27 09:17:00	2012-11-27 09:21:00	C1.5	11618.0	POINT(-89 11)	11	-89	-968.0	194.0
73400	2012-11-27 11:25:00	2012-11-27 11:31:00	2012-11-27 11:34:00	C1.6	11620.0	POINT(34 -12)	-12	34	543.0	-226.0
73410	2012-11-27 12:14:00	2012-11-27 12:23:00	2012-11-27 12:27:00	B9.4	11623.0	POINT(-89 7)	7	-89	-967.0	132.0
73420	2012-11-27 12:57:00	2012-11-27 13:05:00	2012-11-27 13:10:00	B8.3	11618.0	POINT(37 -13)	-13	37	576.0	-236.0
73430	2012-11-27 13:25:00	2012-11-27 13:32:00	2012-11-27 13:40:00	C1.9	11620.0	POINT(39 -12)	-12	39	599.0	-230.0
73440	2012-11-27 14:32:00	2012-11-27 14:39:00	2012-11-27 14:49:00	C1.1	11623.0	POINT(-89 7)	7	-89	-965.0	129.0
73450	2012-11-27 15:12:00	2012-11-27 15:13:00	2012-11-27 15:23:00	C1.0	11620.0	POINT(38 -14)	-14	38	582.0	-238.0
73460	2012-11-27 15:52:00	2012-11-27 15:57:00	2012-11-27 16:03:00	M1.6	11618.0	POINT(73 5)	5	73	923.0	104.0
73470	2012-11-27 16:58:00	2012-11-27 17:03:00	2012-11-27 17:13:00	C1.3	11620.0	POINT(39 -12)	-12	39	608.0	-229.0
73480	2012-11-27 18:12:00	2012-11-27 18:17:00	2012-11-27 18:19:00	C3.2	11620.0	POINT(44 -12)	-12	44	663.0	-209.0
73490	2012-11-27 20:30:00	2012-11-27 20:36:00	2012-11-27 20:40:00	C1.6	11623.0	POINT(41 -13)	-13	41	632.0	-240.0
73500	2012-11-27 21:05:00	2012-11-27 21:26:00	2012-11-27 21:30:00	M1.0	11620.0	POINT(41 -14)	-14	41	638.0	-239.0
73510	2012-11-27 23:02:00	2012-11-27 23:24:00	2012-11-27 23:37:00	C7.1	11620.0	POINT(42 -13)	-13	42	635.0	-242.0
73520	2012-11-28 01:38:00	2012-11-28 01:48:00	2012-11-28 01:55:00	B7.9	11620.0	POINT(45 -13)	-13	45	672.0	-235.0
73530	2012-11-28 02:46:00	2012-11-28 02:55:00	2012-11-28 02:57:00	C3.1	11623.0	POINT(-77 8)	8	-77	-939.0	135.0
73540	2012-11-28 08:04:00	2012-11-28 08:10:00	2012-11-28 08:21:00	B7.7		POINT(49 -13)	-13	49	717.0	-232.0
73550	2012-11-28 08:53:00	2012-11-28 08:58:00	2012-11-28 09:04:00	B8.1	11620.0	POINT(46 -14)	-14	46	703.0	-234.0
73560	2012-11-28 09:28:00	2012-11-28 09:55:00	2012-11-28 10:02:00	C1.1	11620.0	POINT(49 -13)	-13	49	719.0	-240.0
73570	2012-11-28 11:02:00	2012-11-28 11:12:00	2012-11-28 11:23:00	B8.6	11623.0	POINT(-77 10)	10	-77	-932.0	178.0
73580	2012-11-28 11:32:00	2012-11-28 11:38:00	2012-11-28 12:02:00	C1.1	11620.0	POINT(51 -13)	-13	51	740.0	-234.0
73590	2012-11-28 12:13:00	2012-11-28 12:24:00	2012-11-28 12:33:00	C4.8	11620.0	POINT(50 -13)	-13	50	734.0	-231.0
73600	2012-11-28 15:01:00	2012-11-28 15:04:00	2012-11-28 15:07:00	B8.4		POINT(51 -13)	-13	51	740.0	-233.0
73610	2012-11-28 17:38:00	2012-11-28 17:58:00	2012-11-28 18:06:00	C3.0	11620.0	POINT(56 -13)	-13	56	766.0	-229.0
73620	2012-11-28 21:20:00	2012-11-28 21:36:00	2012-11-28 21:48:00	M2.2	11620.0	POINT(57 -14)	-14	57	807.0	-228.0
73630	2012-11-28 23:07:00	2012-11-28 23:12:00	2012-11-28 23:20:00	C1.1	11620.0	POINT(58 -13)	-13	58	808.0	-229.0
73640	2012-11-29 00:59:00	2012-11-29 01:03:00	2012-11-29 01:06:00	B7.0	11620.0	POINT(59 -16)	-16	59	804.0	-280.0
73650	2012-11-29 01:12:00	2012-11-29 01:16:00	2012-11-29 01:19:00	C1.0	11623.0	POINT(59 -12)	-12	59	814.0	-226.0
73660	2012-11-29 02:27:00	2012-11-29 02:37:00	2012-11-29 02:46:00	C1.9	11623.0	POINT(59 -13)	-13	59	819.0	-230.0
73670	2012-11-29 05:54:00	2012-11-29 05:59:00	2012-11-29 06:07:00	C1.7	11623.0	POINT(-60 12)	12	-60	-843.0	144.0
73680	2012-11-29 07:03:00	2012-11-29 07:10:00	2012-11-29 07:18:00	C3.7	11620.0	POINT(62 -14)	-14	62	849.0	-224.0
73690	2012-11-29 08:45:00	2012-11-29 08:49:00	2012-11-29 08:51:00	C1.1	11620.0	POINT(63 -12)	-12	63	848.0	-217.0
73700	2012-11-29 11:13:00	2012-11-29 11:18:00	2012-11-29 11:23:00	C2.0	11623.0	POINT(-58 14)	14	-58	-807.0	188.0
73710	2012-11-29 11:40:00	2012-11-29 12:05:00	2012-11-29 12:19:00	C5.8	11623.0	POINT(-59 15)	15	-59	-800.0	231.0
73720	2012-11-29 17:47:00	2012-11-29 17:50:00	2012-11-29 17:54:00	B7.3	11625.0	POINT(-55 14)	14	-55	-777.0	234.0
73730	2012-11-29 18:33:00	2012-11-29 18:38:00	2012-11-29 18:43:00	C1.4	11625.0	POINT(-53 14)	14	-53	-771.0	194.0
73740	2012-11-29 18:59:00	2012-11-29 19:06:00	2012-11-29 19:09:00	C2.8	11625.0	POINT(-51 13)	13	-51	-744.0	210.0
73750	2012-11-29 20:35:00	2012-11-29 20:41:00	2012-11-29 20:48:00	C1.3	11625.0	POINT(-51 14)	14	-51	-732.0	204.0
73760	2012-11-29 21:46:00	2012-11-29 21:50:00	2012-11-29 21:54:00	C1.5	11625.0	POINT(-51 14)	14	-51	-732.0	209.0
73770	2012-11-29 22:37:00	2012-11-29 22:44:00	2012-11-29 22:52:00	C1.0	11625.0	POINT(-51 14)	14	-51	906.0	-226.0
73780	2012-11-29 23:52:00	2012-11-30 00:19:00	2012-11-30 00:32:00	C2.5	11625.0	POINT(-50 13)	13	-50	900.0	-243.0
73790	2012-11-30 01:11:00	2012-11-30 01:15:00	2012-11-30 01:19:00	C1.7	11620.0	POINT(71 -13)	-13	71	906.0	-222.0
73800	2012-11-30 04:02:00	2012-11-30 04:16:00	2012-11-30 04:25:00	B8.7	11625.0	POINT(-47 14)	14	-47	-689.0	211.0
73810	2012-11-30 08:41:00	2012-11-30 09:26:00	2012-11-30 09:45:00	C1.2	11625.0	POINT(-45 17)	17	-45	-675.0	224.0
73820	2012-11-30 10:30:00	2012-11-30 10:35:00	2012-11-30 10:45:00	B6.9	11625.0	POINT(-46 12)	12	-46	-685.0	208.0
73830	2012-11-30 14:32:00	2012-11-30 14:37:00	2012-11-30 14:42:00	B7.6	11623.0	POINT(-43 12)	12	-43	-659.0	207.0
73840	2012-11-30 16:56:00	2012-11-30 17:48:00	2012-11-30 18:10:00	C5.4	11620.0	POINT(85 -14)	-14	85	948.0	-220.0
73850	2012-12-01 06:07:00	2012-12-01 06:10:00	2012-12-01 06:12:00	B6.2		POINT(89 -13)	-13	89	953.0	-227.0
73860	2012-12-01 08:31:00	2012-12-01 08:36:00	2012-12-01 08:44:00	C1.3	11625.0	POINT(-33 13)	13	-33	-522.0	203.0
73870	2012-12-01 09:14:00	2012-12-01 09:17:00	2012-12-01 09:20:00	B6.2	11620.0	POINT(87 -15)	-15	87	935.0	-263.0
73880	2012-12-01 10:17:00	2012-12-01 10:30:00	2012-12-01 10:42:00	C1.9	11620.0	POINT(89 -13)	-13	89	959.0	-236.0
73890	2012-12-01 15:26:00	2012-12-01 15:30:00	2012-12-01 15:35:00	B4.4		POINT(89 -13)	-13	89	958.0	-225.0
73900	2012-12-01 15:55:00	2012-12-01 16:01:00	2012-12-01 16:07:00	B7.1	11625.0	POINT(89 -14)	-14	89	954.0	-248.0
73910	2012-12-01 21:27:00	2012-12-01 21:42:00	2012-12-01 21:49:00	C1.1		POINT(89 -13)	-13	89	959.0	-226.0
73920	2012-12-01 22:37:00	2012-12-01 22:59:00	2012-12-01 23:06:00	B9.4	11625.0	POINT(89 -13)	-13	89	959.0	-230.0
73930	2012-12-02 00:18:00	2012-12-02 00:21:00	2012-12-02 00:25:00	B3.4		POINT(89 -13)	-13	89	951.0	-231.0
73940	2012-12-02 13:57:00	2012-12-02 14:01:00	2012-12-02 14:04:00	B2.8	11623.0	POINT(-15 6)	6	-15	-255.0	98.0
73950	2012-12-03 00:23:00	2012-12-03 00:36:00	2012-12-03 00:50:00	C1.1		POINT(-89 11)	11	-89	-970.0	190.0
73960	2012-12-03 03:13:00	2012-12-03 04:00:00	2012-12-03 04:36:00	B3.9		POINT(-89 11)	11	-89	-984.0	201.0
73970	2012-12-03 10:04:00	2012-12-03 10:31:00	2012-12-03 10:42:00	B3.3	11623.0	POINT(-5 9)	9	-5	-100.0	152.0
73980	2012-12-03 11:29:00	2012-12-03 11:38:00	2012-12-03 12:03:00	B3.9	11623.0	POINT(-3 8)	8	-3	-58.0	143.0
73990	2012-12-03 18:51:00	2012-12-03 18:56:00	2012-12-03 19:03:00	B2.7	11623.0	POINT(-89 12)	12	-89	-965.0	222.0
74000	2012-12-03 23:36:00	2012-12-03 23:41:00	2012-12-03 23:48:00	B2.2	11623.0	POINT(-89 10)	10	-89	-970.0	176.0
74010	2012-12-04 01:57:00	2012-12-04 02:12:00	2012-12-04 02:21:00	B7.0	11623.0	POINT(4 8)	8	4	74.0	138.0
74020	2012-12-04 03:10:00	2012-12-04 03:15:00	2012-12-04 03:20:00	B2.1	11623.0	POINT(-89 11)	11	-89	-969.0	191.0
74030	2012-12-04 04:13:00	2012-12-04 04:27:00	2012-12-04 04:31:00	B2.3	11623.0	POINT(3 10)	10	3	60.0	173.0
74040	2012-12-04 04:41:00	2012-12-04 04:49:00	2012-12-04 05:16:00	B3.2	11623.0	POINT(-89 12)	12	-89	-972.0	221.0
74050	2012-12-04 08:10:00	2012-12-04 08:24:00	2012-12-04 08:30:00	B4.8	11623.0	POINT(8 8)	8	8	139.0	135.0
74060	2012-12-04 10:30:00	2012-12-04 10:39:00	2012-12-04 10:47:00	B3.6	11623.0	POINT(6 9)	9	6	107.0	153.0
74070	2012-12-04 14:18:00	2012-12-04 14:23:00	2012-12-04 14:28:00	B2.9	11623.0	POINT(11 8)	8	11	198.0	135.0
74080	2012-12-04 20:42:00	2012-12-04 20:46:00	2012-12-04 20:51:00	B2.6	11628.0	POINT(-89 10)	10	-89	-957.0	174.0
74090	2012-12-05 00:12:00	2012-12-05 00:28:00	2012-12-05 00:50:00	C1.7	11628.0	POINT(-83 14)	14	-83	-938.0	240.0
74100	2012-12-05 05:20:00	2012-12-05 05:56:00	2012-12-05 06:12:00	B4.1		POINT(-70 -29)	-29	-70	-799.0	-479.0
74110	2012-12-05 17:39:00	2012-12-05 17:51:00	2012-12-05 18:05:00	B8.6	11621.0	POINT(67 14)	14	67	875.0	236.0
74120	2012-12-06 03:34:00	2012-12-06 03:37:00	2012-12-06 03:41:00	B2.6	11623.0	POINT(40 7)	7	40	623.0	123.0
74130	2012-12-06 04:11:00	2012-12-06 04:20:00	2012-12-06 04:27:00	B3.3	11623.0	POINT(35 6)	6	35	564.0	107.0
74140	2012-12-06 17:40:00	2012-12-06 17:56:00	2012-12-06 18:08:00	B6.4	11628.0	POINT(-53 9)	9	-53	-777.0	168.0
74150	2012-12-06 21:54:00	2012-12-06 22:23:00	2012-12-06 22:31:00	B2.5	11628.0	POINT(-63 11)	11	-63	-854.0	191.0
74160	2012-12-07 05:13:00	2012-12-07 05:19:00	2012-12-07 05:29:00	B2.0	11621.0	POINT(89 15)	15	89	945.0	253.0
74170	2012-12-07 09:02:00	2012-12-07 10:07:00	2012-12-07 10:48:00	B4.8	11621.0	POINT(89 14)	14	89	962.0	248.0
74180	2012-12-07 14:26:00	2012-12-07 14:32:00	2012-12-07 14:36:00	B2.6	11621.0	POINT(89 14)	14	89	951.0	251.0
74190	2012-12-07 21:13:00	2012-12-07 21:21:00	2012-12-07 21:27:00	C3.9	11621.0	POINT(89 14)	14	89	957.0	243.0
74200	2012-12-08 00:42:00	2012-12-08 00:47:00	2012-12-08 00:51:00	B2.8	11625.0	POINT(60 13)	13	60	825.0	224.0
74210	2012-12-08 04:20:00	2012-12-08 04:25:00	2012-12-08 04:27:00	B9.5	11629.0	POINT(-43 12)	12	-43	-659.0	205.0
74220	2012-12-08 05:16:00	2012-12-08 05:20:00	2012-12-08 05:22:00	B3.1	11629.0	POINT(-69 -20)	-20	-69	-858.0	-339.0
74230	2012-12-08 07:17:00	2012-12-08 07:20:00	2012-12-08 07:40:00	B2.2		POINT(-68 -20)	-20	-68	-850.0	-338.0
74240	2012-12-08 08:59:00	2012-12-08 09:03:00	2012-12-08 09:06:00	B3.6		POINT(-24 18)	18	-24	-387.0	310.0
74250	2012-12-08 10:10:00	2012-12-08 10:14:00	2012-12-08 10:17:00	B2.9		POINT(-31 10)	10	-31	-503.0	182.0
74260	2012-12-08 10:17:00	2012-12-08 10:22:00	2012-12-08 10:24:00	B8.4	11629.0	POINT(-31 10)	10	-31	-503.0	172.0
74270	2012-12-08 11:35:00	2012-12-08 11:38:00	2012-12-08 11:41:00	B3.2	11629.0	POINT(-38 12)	12	-38	-595.0	210.0
74280	2012-12-08 13:23:00	2012-12-08 13:28:00	2012-12-08 13:33:00	B3.7	11629.0	POINT(-37 12)	12	-37	-584.0	212.0
74290	2012-12-08 15:06:00	2012-12-08 15:10:00	2012-12-08 15:12:00	B4.5	11629.0	POINT(-37 13)	13	-37	-923.0	349.0
74300	2012-12-08 17:00:00	2012-12-08 17:03:00	2012-12-08 17:07:00	B2.5	11629.0	POINT(-35 12)	12	-35	-555.0	209.0
74310	2012-12-08 18:33:00	2012-12-08 18:37:00	2012-12-08 18:40:00	B5.2	11629.0	POINT(-35 12)	12	-35	-547.0	213.0
74320	2012-12-09 01:52:00	2012-12-09 01:56:00	2012-12-09 02:00:00	B1.9	11630.0	POINT(-20 -22)	-22	-20	-312.0	-371.0
74330	2012-12-09 10:36:00	2012-12-09 11:37:00	2012-12-09 11:51:00	B6.2		POINT(-8 18)	18	-8	-138.0	318.0
74340	2012-12-09 17:41:00	2012-12-09 17:47:00	2012-12-09 17:52:00	C1.4	11630.0	POINT(-5 18)	18	-5	-87.0	316.0
74350	2012-12-09 19:14:00	2012-12-09 19:18:00	2012-12-09 19:24:00	B3.8	11630.0	POINT(-4 18)	18	-4	-78.0	317.0
74360	2012-12-09 19:55:00	2012-12-09 20:08:00	2012-12-09 20:40:00	B7.4	11630.0	POINT(-5 18)	18	-5	-81.0	316.0
74370	2012-12-09 20:44:00	2012-12-09 20:47:00	2012-12-09 20:50:00	B6.6	11630.0	POINT(-5 19)	19	-5	-92.0	327.0
74380	2012-12-09 20:56:00	2012-12-09 21:00:00	2012-12-09 21:03:00	B7.9	11629.0	POINT(-4 19)	19	-4	-68.0	324.0
74390	2012-12-09 22:06:00	2012-12-09 23:02:00	2012-12-09 23:09:00	B3.7		POINT(89 7)	7	89	965.0	134.0
74400	2012-12-10 00:44:00	2012-12-10 00:52:00	2012-12-10 00:56:00	B6.3	11630.0	POINT(-2 20)	20	-2	-36.0	317.0
74410	2012-12-10 03:32:00	2012-12-10 03:38:00	2012-12-10 03:42:00	B4.7	11630.0	POINT(0 19)	19	0	1.0	317.0
74420	2012-12-10 05:49:00	2012-12-10 05:58:00	2012-12-10 06:01:00	C5.5	11630.0	POINT(1 18)	18	1	23.0	316.0
74430	2012-12-10 09:31:00	2012-12-10 09:35:00	2012-12-10 09:38:00	B3.6	11630.0	POINT(3 18)	18	3	51.0	314.0
74440	2012-12-11 00:40:00	2012-12-11 00:46:00	2012-12-11 00:49:00	B5.7	11630.0	POINT(-3 12)	12	-3	-57.0	215.0
74450	2012-12-11 03:02:00	2012-12-11 03:10:00	2012-12-11 03:15:00	B5.6	11630.0	POINT(12 18)	18	12	186.0	321.0
74460	2012-12-11 23:41:00	2012-12-11 23:46:00	2012-12-11 23:49:00	B5.7	11630.0	POINT(11 11)	11	11	197.0	209.0
74470	2012-12-12 00:02:00	2012-12-12 00:11:00	2012-12-12 00:18:00	B5.7	11630.0	POINT(24 17)	17	24	383.0	299.0
74480	2012-12-12 01:05:00	2012-12-12 01:09:00	2012-12-12 01:12:00	B4.7	11629.0	POINT(12 12)	12	12	207.0	209.0
74490	2012-12-12 03:02:00	2012-12-12 03:06:00	2012-12-12 03:09:00	B3.3		POINT(24 18)	18	24	383.0	325.0
74500	2012-12-12 07:22:00	2012-12-12 07:27:00	2012-12-12 07:30:00	C5.7	11629.0	POINT(16 11)	11	16	264.0	206.0
74510	2012-12-12 12:26:00	2012-12-12 12:39:00	2012-12-12 12:44:00	B5.0		POINT(31 17)	17	31	484.0	303.0
74520	2012-12-12 13:28:00	2012-12-12 13:35:00	2012-12-12 13:46:00	B9.5	11629.0	POINT(19 11)	11	19	315.0	211.0
74530	2012-12-12 18:35:00	2012-12-12 18:47:00	2012-12-12 18:55:00	B7.9	11629.0	POINT(22 12)	12	22	364.0	219.0
74540	2012-12-12 19:43:00	2012-12-12 19:46:00	2012-12-12 19:48:00	B4.3		POINT(80 19)	19	80	906.0	326.0
74550	2012-12-13 11:57:00	2012-12-13 12:02:00	2012-12-13 12:10:00	B4.6	11629.0	POINT(28 9)	9	28	461.0	176.0
74560	2012-12-13 13:38:00	2012-12-13 13:50:00	2012-12-13 13:54:00	B4.5	11629.0	POINT(33 12)	12	33	528.0	215.0
74570	2012-12-13 14:03:00	2012-12-13 14:07:00	2012-12-13 14:15:00	B5.0		POINT(-89 -10)	-10	-89	-974.0	-172.0
74580	2012-12-13 19:11:00	2012-12-13 19:22:00	2012-12-13 19:33:00	C1.2	11632.0	POINT(21 17)	17	21	335.0	300.0
74590	2012-12-14 09:29:00	2012-12-14 09:32:00	2012-12-14 09:36:00	B7.3	11633.0	POINT(-89 -7)	-7	-89	-978.0	-125.0
74600	2012-12-14 12:13:00	2012-12-14 12:17:00	2012-12-14 12:23:00	C1.0	11633.0	POINT(-89 -7)	-7	-89	-981.0	-128.0
74610	2012-12-14 14:06:00	2012-12-14 14:12:00	2012-12-14 14:21:00	B6.7	11633.0	POINT(37 17)	17	37	566.0	307.0
74620	2012-12-14 21:58:00	2012-12-14 22:24:00	2012-12-14 22:42:00	B9.0	11629.0	POINT(49 14)	14	49	713.0	258.0
74630	2012-12-15 09:06:00	2012-12-15 09:11:00	2012-12-15 09:15:00	B7.8	11631.0	POINT(-81 -12)	-12	-81	-941.0	-211.0
74640	2012-12-15 09:52:00	2012-12-15 09:56:00	2012-12-15 09:59:00	B6.2	11633.0	POINT(-85 -10)	-10	-85	-954.0	-181.0
74650	2012-12-15 10:37:00	2012-12-15 10:47:00	2012-12-15 10:52:00	B4.7	11633.0	POINT(-89 -5)	-5	-89	-984.0	-101.0
74660	2012-12-15 11:44:00	2012-12-15 11:51:00	2012-12-15 11:55:00	B5.8	11631.0	POINT(40 19)	19	40	594.0	334.0
74670	2012-12-15 12:14:00	2012-12-15 12:24:00	2012-12-15 12:29:00	B6.2	11631.0	POINT(38 18)	18	38	581.0	320.0
74680	2012-12-15 12:34:00	2012-12-15 12:39:00	2012-12-15 12:42:00	B5.6	11633.0	POINT(-76 -6)	-6	-76	-942.0	-111.0
74690	2012-12-15 12:43:00	2012-12-15 12:44:00	2012-12-15 12:46:00	B5.6	11633.0	POINT(-77 -6)	-6	-77	-946.0	-113.0
74700	2012-12-15 12:57:00	2012-12-15 13:05:00	2012-12-15 13:08:00	B5.5	11629.0	POINT(55 12)	12	55	781.0	225.0
74710	2012-12-15 13:50:00	2012-12-15 13:58:00	2012-12-15 14:06:00	B5.2	11633.0	POINT(57 13)	13	57	799.0	228.0
74720	2012-12-15 14:46:00	2012-12-15 14:52:00	2012-12-15 14:57:00	B4.5	11633.0	POINT(-75 -10)	-10	-75	-927.0	-168.0
74730	2012-12-15 16:18:00	2012-12-15 16:19:00	2012-12-15 16:24:00	B6.6		POINT(54 12)	12	54	779.0	216.0
74740	2012-12-15 19:42:00	2012-12-15 19:47:00	2012-12-15 19:54:00	C1.2	11631.0	POINT(45 18)	18	45	658.0	323.0
74750	2012-12-15 21:09:00	2012-12-15 21:19:00	2012-12-15 21:36:00	B6.5	11633.0	POINT(-74 -6)	-6	-74	-934.0	-97.0
74760	2012-12-15 22:19:00	2012-12-15 22:23:00	2012-12-15 22:26:00	B7.7	11632.0	POINT(56 17)	17	56	775.0	297.0
74770	2012-12-16 01:11:00	2012-12-16 01:15:00	2012-12-16 01:20:00	B5.5	11633.0	POINT(-69 -6)	-6	-69	-907.0	-108.0
74780	2012-12-16 10:44:00	2012-12-16 10:47:00	2012-12-16 10:49:00	B6.4		POINT(62 17)	17	62	826.0	304.0
74790	2012-12-16 14:52:00	2012-12-16 14:55:00	2012-12-16 14:58:00	B5.4	11633.0	POINT(-62 -6)	-6	-62	-861.0	-101.0
74800	2012-12-16 15:18:00	2012-12-16 15:21:00	2012-12-16 15:23:00	B5.3	11631.0	POINT(67 17)	17	67	857.0	308.0
74810	2012-12-16 20:28:00	2012-12-16 21:03:00	2012-12-16 21:32:00	C1.1	11631.0	POINT(67 17)	17	67	857.0	308.0
74820	2012-12-16 22:07:00	2012-12-16 22:10:00	2012-12-16 22:15:00	C1.0	11632.0	POINT(68 17)	17	68	868.0	295.0
74830	2012-12-16 23:20:00	2012-12-16 23:23:00	2012-12-16 23:25:00	B6.5	11632.0	POINT(70 17)	17	70	869.0	291.0
74840	2012-12-17 00:16:00	2012-12-17 00:27:00	2012-12-17 00:29:00	C1.3	11632.0	POINT(70 17)	17	70	884.0	286.0
74850	2012-12-17 01:15:00	2012-12-17 01:21:00	2012-12-17 01:27:00	C1.0	11632.0	POINT(72 17)	17	72	887.0	287.0
74860	2012-12-17 01:32:00	2012-12-17 02:20:00	2012-12-17 04:39:00	C1.3	11629.0	POINT(81 15)	15	81	930.0	260.0
74870	2012-12-17 07:31:00	2012-12-17 07:37:00	2012-12-17 07:43:00	B7.4	11634.0	POINT(-59 -13)	-13	-59	-816.0	-212.0
74880	2012-12-17 08:07:00	2012-12-17 08:12:00	2012-12-17 08:15:00	B6.7	11631.0	POINT(63 18)	18	63	934.0	318.0
74890	2012-12-17 12:16:00	2012-12-17 12:20:00	2012-12-17 12:23:00	B7.5	11631.0	POINT(78 16)	16	78	915.0	284.0
74900	2012-12-17 13:44:00	2012-12-17 13:51:00	2012-12-17 14:06:00	B9.5	11632.0	POINT(89 14)	14	89	944.0	246.0
74910	2012-12-17 14:41:00	2012-12-17 15:02:00	2012-12-17 15:17:00	C1.3	11631.0	POINT(89 17)	17	89	932.0	285.0
74920	2012-12-17 22:19:00	2012-12-17 22:23:00	2012-12-17 22:27:00	B9.1	11631.0	POINT(72 19)	19	72	878.0	332.0
74930	2012-12-18 13:00:00	2012-12-18 13:08:00	2012-12-18 13:12:00	C1.4	11631.0	POINT(89 11)	11	89	966.0	189.0
74940	2012-12-18 16:37:00	2012-12-18 16:42:00	2012-12-18 16:45:00	C1.3	11633.0	POINT(-25 6)	6	-25	-968.0	150.0
74950	2012-12-18 19:59:00	2012-12-18 20:03:00	2012-12-18 20:07:00	B9.5	11634.0	POINT(-44 -12)	-12	-44	-663.0	-194.0
74960	2012-12-19 04:43:00	2012-12-19 04:47:00	2012-12-19 04:53:00	B5.8	11633.0	POINT(-79 8)	8	-79	-949.0	149.0
74970	2012-12-19 22:39:00	2012-12-19 22:42:00	2012-12-19 22:44:00	B4.4	11635.0	POINT(-69 9)	9	-69	-900.0	165.0
74980	2012-12-20 07:19:00	2012-12-20 07:22:00	2012-12-20 07:26:00	B4.1	11635.0	POINT(-60 13)	13	-60	-828.0	245.0
74990	2012-12-20 09:43:00	2012-12-20 09:46:00	2012-12-20 09:49:00	B4.9	11635.0	POINT(-67 6)	6	-67	-897.0	125.0
75000	2012-12-20 16:21:00	2012-12-20 16:34:00	2012-12-20 16:40:00	B4.4	11634.0	POINT(-56 8)	8	-56	-808.0	161.0
75010	2012-12-21 04:50:00	2012-12-21 04:54:00	2012-12-21 04:58:00	B6.0	11635.0	POINT(-48 15)	15	-48	-710.0	257.0
75020	2012-12-21 06:07:00	2012-12-21 06:13:00	2012-12-21 06:18:00	B6.8	11633.0	POINT(-52 14)	14	-52	-746.0	258.0
75030	2012-12-21 12:16:00	2012-12-21 12:20:00	2012-12-21 12:22:00	B4.3	11635.0	POINT(-39 10)	10	-39	-611.0	203.0
75040	2012-12-21 14:08:00	2012-12-21 14:12:00	2012-12-21 14:15:00	B3.8	11635.0	POINT(-38 11)	11	-38	-598.0	212.0
75050	2012-12-21 15:04:00	2012-12-21 15:08:00	2012-12-21 15:15:00	B3.0	11635.0	POINT(-38 10)	10	-38	-596.0	200.0
75060	2012-12-21 17:03:00	2012-12-21 17:08:00	2012-12-21 17:11:00	B5.4	11635.0	POINT(-37 10)	10	-37	-581.0	205.0
75070	2012-12-21 19:29:00	2012-12-21 19:34:00	2012-12-21 19:39:00	B6.5	11635.0	POINT(-36 11)	11	-36	-565.0	209.0
75080	2012-12-21 20:28:00	2012-12-21 20:41:00	2012-12-21 20:59:00	B6.4	11635.0	POINT(-40 9)	9	-40	-634.0	171.0
75090	2012-12-21 22:26:00	2012-12-21 22:33:00	2012-12-21 22:39:00	B5.9	11635.0	POINT(-34 11)	11	-34	-542.0	224.0
75100	2012-12-21 23:52:00	2012-12-21 23:55:00	2012-12-22 00:00:00	C1.9	11635.0	POINT(-33 10)	10	-33	-529.0	206.0
75110	2012-12-22 01:27:00	2012-12-22 01:30:00	2012-12-22 01:32:00	B6.8	11633.0	POINT(-34 11)	11	-34	-539.0	215.0
75120	2012-12-22 03:57:00	2012-12-22 04:05:00	2012-12-22 04:09:00	C1.9	11635.0	POINT(-31 11)	11	-31	-492.0	200.0
75130	2012-12-22 09:24:00	2012-12-22 09:30:00	2012-12-22 09:35:00	B5.2	11635.0	POINT(-28 11)	11	-28	-455.0	219.0
75140	2012-12-22 13:56:00	2012-12-22 14:07:00	2012-12-22 14:25:00	B8.0	11635.0	POINT(-33 8)	8	-33	-534.0	165.0
75150	2012-12-22 17:25:00	2012-12-22 17:26:00	2012-12-22 17:27:00	B8.6	11633.0	POINT(26 -7)	-7	26	433.0	-95.0
75160	2012-12-22 17:31:00	2012-12-22 17:32:00	2012-12-22 17:33:00	C1.4	11633.0	POINT(26 -7)	-7	26	434.0	-93.0
75170	2012-12-22 18:02:00	2012-12-22 18:09:00	2012-12-22 18:17:00	B8.4	11635.0	POINT(-22 11)	11	-22	-367.0	231.0
75180	2012-12-22 20:42:00	2012-12-22 20:47:00	2012-12-22 20:50:00	C1.1	11633.0	POINT(28 -7)	-7	28	464.0	-93.0
75190	2012-12-22 22:15:00	2012-12-22 22:20:00	2012-12-22 22:23:00	C1.9	11633.0	POINT(30 -7)	-7	30	486.0	-98.0
75200	2012-12-22 22:56:00	2012-12-22 23:04:00	2012-12-22 23:09:00	C1.0	11633.0	POINT(29 -6)	-6	29	471.0	-87.0
75210	2012-12-22 23:31:00	2012-12-22 23:34:00	2012-12-22 23:38:00	B7.1		POINT(29 -6)	-6	29	485.0	-82.0
75220	2012-12-23 00:12:00	2012-12-23 00:20:00	2012-12-23 00:24:00	C1.1	11633.0	POINT(25 -13)	-13	25	408.0	-198.0
75230	2012-12-23 02:22:00	2012-12-23 02:30:00	2012-12-23 02:43:00	C1.5	11635.0	POINT(-25 11)	11	-25	-389.0	228.0
75240	2012-12-23 03:04:00	2012-12-23 03:07:00	2012-12-23 03:09:00	B8.2	11633.0	POINT(31 -7)	-7	31	509.0	-88.0
75250	2012-12-23 05:43:00	2012-12-23 05:50:00	2012-12-23 05:52:00	C1.3	11633.0	POINT(33 -8)	-8	33	530.0	-89.0
75260	2012-12-23 12:50:00	2012-12-23 12:56:00	2012-12-23 13:01:00	B4.4	11635.0	POINT(-16 8)	8	-16	-267.0	182.0
75270	2012-12-23 14:23:00	2012-12-23 14:29:00	2012-12-23 14:39:00	B7.5	11635.0	POINT(-15 8)	8	-15	-255.0	182.0
75280	2012-12-23 16:13:00	2012-12-23 16:17:00	2012-12-23 16:38:00	B4.2	11635.0	POINT(-15 13)	13	-15	-253.0	258.0
75290	2012-12-23 20:00:00	2012-12-23 20:44:00	2012-12-23 20:57:00	B9.3	11635.0	POINT(-12 16)	16	-12	-200.0	313.0
75300	2012-12-24 09:40:00	2012-12-24 09:44:00	2012-12-24 09:48:00	B3.9	11635.0	POINT(40 -6)	-6	40	635.0	-89.0
75310	2012-12-24 16:07:00	2012-12-24 16:14:00	2012-12-24 16:22:00	C1.7	11635.0	POINT(-80 12)	12	-80	-938.0	220.0
75320	2012-12-24 22:19:00	2012-12-24 22:26:00	2012-12-24 22:34:00	C1.2	11633.0	POINT(59 -8)	-8	59	833.0	-126.0
75330	2012-12-25 00:43:00	2012-12-25 00:46:00	2012-12-25 00:49:00	B4.6	11635.0	POINT(0 10)	10	0	0.0	207.0
75340	2012-12-25 02:40:00	2012-12-25 02:45:00	2012-12-25 02:52:00	B6.7	11635.0	POINT(2 11)	11	2	38.0	234.0
75350	2012-12-25 03:58:00	2012-12-25 04:01:00	2012-12-25 04:23:00	B4.4	11635.0	POINT(3 10)	10	3	51.0	221.0
75360	2012-12-25 04:59:00	2012-12-25 05:04:00	2012-12-25 05:08:00	C1.1	11635.0	POINT(3 11)	11	3	60.0	234.0
75370	2012-12-25 05:31:00	2012-12-25 05:35:00	2012-12-25 05:40:00	B7.2	11635.0	POINT(3 11)	11	3	53.0	227.0
75380	2012-12-25 06:38:00	2012-12-25 06:43:00	2012-12-25 06:47:00	C1.8	11635.0	POINT(-25 11)	11	-25	174.0	238.0
75390	2012-12-25 09:02:00	2012-12-25 09:05:00	2012-12-25 09:10:00	B5.7	11635.0	POINT(6 11)	11	6	110.0	236.0
75400	2012-12-25 10:26:00	2012-12-25 10:39:00	2012-12-25 10:52:00	C1.1		POINT(-89 -13)	-13	-89	-960.0	-223.0
75410	2012-12-25 12:58:00	2012-12-25 13:04:00	2012-12-25 13:07:00	C4.1	11635.0	POINT(14 11)	11	14	230.0	251.0
75420	2012-12-25 15:47:00	2012-12-25 15:56:00	2012-12-25 16:02:00	B6.6	11636.0	POINT(-89 -16)	-16	-89	-948.0	-280.0
75430	2012-12-25 18:04:00	2012-12-25 18:10:00	2012-12-25 18:15:00	C3.0	11635.0	POINT(17 13)	13	17	278.0	254.0
75440	2012-12-26 04:24:00	2012-12-26 04:30:00	2012-12-26 04:37:00	B9.4	11635.0	POINT(17 11)	11	17	284.0	238.0
75450	2012-12-26 04:48:00	2012-12-26 04:55:00	2012-12-26 04:58:00	C3.9	11635.0	POINT(23 12)	12	23	378.0	242.0
75460	2012-12-26 08:33:00	2012-12-26 09:11:00	2012-12-26 09:35:00	C1.5	11635.0	POINT(24 10)	10	24	402.0	212.0
75470	2012-12-26 11:18:00	2012-12-26 11:25:00	2012-12-26 11:28:00	C1.6	11635.0	POINT(26 12)	12	26	431.0	251.0
75480	2012-12-26 13:48:00	2012-12-26 13:53:00	2012-12-26 14:07:00	C1.0	11635.0	POINT(24 10)	10	24	401.0	211.0
75490	2012-12-26 16:45:00	2012-12-26 16:48:00	2012-12-26 16:50:00	B8.4	11635.0	POINT(25 10)	10	25	421.0	212.0
75500	2012-12-26 16:58:00	2012-12-26 17:14:00	2012-12-26 17:21:00	C1.6	11635.0	POINT(24 12)	12	24	391.0	240.0
75510	2012-12-26 20:42:00	2012-12-26 20:48:00	2012-12-26 20:53:00	C1.2	11635.0	POINT(26 12)	12	26	413.0	233.0
75520	2012-12-26 21:35:00	2012-12-26 21:38:00	2012-12-26 21:40:00	B4.5		POINT(27 12)	12	27	436.0	240.0
75530	2012-12-27 02:17:00	2012-12-27 02:24:00	2012-12-27 02:30:00	C1.6	11635.0	POINT(29 12)	12	29	-948.0	-261.0
75540	2012-12-27 05:26:00	2012-12-27 05:30:00	2012-12-27 05:32:00	B4.4	11633.0	POINT(-89 -15)	-15	-89	-942.0	-257.0
75550	2012-12-27 08:58:00	2012-12-27 09:02:00	2012-12-27 09:05:00	B5.6	11633.0	POINT(89 -14)	-14	89	951.0	-240.0
75560	2012-12-27 13:12:00	2012-12-27 13:20:00	2012-12-27 13:25:00	B9.4	11635.0	POINT(35 10)	10	35	556.0	245.0
75570	2012-12-27 14:29:00	2012-12-27 14:32:00	2012-12-27 14:40:00	B4.5	11633.0	POINT(89 -13)	-13	89	954.0	-236.0
75580	2012-12-27 21:39:00	2012-12-27 21:43:00	2012-12-27 21:47:00	B4.1	11635.0	POINT(39 12)	12	39	607.0	251.0
75590	2012-12-28 11:05:00	2012-12-28 11:10:00	2012-12-28 11:18:00	B3.5	11635.0	POINT(48 12)	12	48	710.0	243.0
75600	2012-12-28 21:38:00	2012-12-28 21:42:00	2012-12-28 21:48:00	B3.7		POINT(-46 -18)	-18	-46	-678.0	-273.0
75610	2012-12-29 12:03:00	2012-12-29 12:09:00	2012-12-29 12:14:00	B6.3	11638.0	POINT(-55 11)	11	-55	-788.0	221.0
75620	2012-12-29 19:27:00	2012-12-29 19:33:00	2012-12-29 19:39:00	C1.5	11638.0	POINT(-51 12)	12	-51	843.0	198.0
75630	2012-12-30 01:57:00	2012-12-30 02:43:00	2012-12-30 02:59:00	B5.4	11635.0	POINT(79 18)	18	79	909.0	321.0
75640	2012-12-30 05:50:00	2012-12-30 05:55:00	2012-12-30 06:02:00	B3.7	11637.0	POINT(-11 13)	13	-11	-197.0	279.0
75650	2012-12-30 19:16:00	2012-12-30 19:21:00	2012-12-30 19:24:00	B7.1		POINT(-88 -24)	-24	-88	-896.0	-408.0
75660	2012-12-31 18:59:00	2012-12-31 19:03:00	2012-12-31 19:06:00	B5.5	11640.0	POINT(-9 26)	26	-9	-140.0	484.0
75670	2012-12-31 22:12:00	2012-12-31 22:17:00	2012-12-31 22:22:00	B8.9	11640.0	POINT(-6 26)	26	-6	-103.0	482.0
75680	2013-01-01 00:58:00	2013-01-01 01:03:00	2013-01-01 01:11:00	B7.8		POINT(-78 -25)	-25	-78	-863.0	-413.0
75690	2013-01-01 08:47:00	2013-01-01 09:06:00	2013-01-01 09:13:00	C1.2	11640.0	POINT(1 25)	25	1	-14.0	480.0
75700	2013-01-01 14:26:00	2013-01-01 14:38:00	2013-01-01 14:56:00	B5.2		POINT(89 9)	9	89	992.0	168.0
75710	2013-01-01 15:53:00	2013-01-01 15:58:00	2013-01-01 16:07:00	B6.2	11640.0	POINT(3 26)	26	3	56.0	479.0
75720	2013-01-01 22:52:00	2013-01-01 22:58:00	2013-01-01 23:01:00	B4.7	11640.0	POINT(7 26)	26	7	114.0	477.0
75730	2013-01-02 09:21:00	2013-01-02 09:25:00	2013-01-02 09:34:00	B5.6	11643.0	POINT(-55 -16)	-16	-55	-778.0	-241.0
75740	2013-01-02 21:08:00	2013-01-02 21:09:00	2013-01-02 21:11:00	B4.2		POINT(20 27)	27	20	311.0	490.0
75750	2013-01-03 04:08:00	2013-01-03 04:15:00	2013-01-03 04:29:00	B5.7	11640.0	POINT(24 30)	30	24	356.0	537.0
75760	2013-01-03 19:16:00	2013-01-03 19:27:00	2013-01-03 19:38:00	B7.9	11644.0	POINT(-89 -14)	-14	-89	-955.0	-251.0
75770	2013-01-03 21:01:00	2013-01-03 21:08:00	2013-01-03 21:17:00	B9.4	11640.0	POINT(35 28)	28	35	498.0	503.0
75780	2013-01-03 21:27:00	2013-01-03 21:38:00	2013-01-03 21:45:00	C1.7	11640.0	POINT(33 27)	27	33	482.0	486.0
75790	2013-01-04 00:45:00	2013-01-04 00:53:00	2013-01-04 01:09:00	C1.2	11640.0	POINT(37 27)	27	37	528.0	496.0
75800	2013-01-04 02:06:00	2013-01-04 02:12:00	2013-01-04 02:17:00	B8.2	11640.0	POINT(-89 -15)	-15	-89	-951.0	-255.0
75810	2013-01-04 08:22:00	2013-01-04 09:18:00	2013-01-04 10:34:00	C1.3	11639.0	POINT(43 27)	27	43	592.0	488.0
75820	2013-01-04 13:03:00	2013-01-04 13:08:00	2013-01-04 13:15:00	C1.2	11650.0	POINT(-88 -26)	-26	-88	-882.0	-444.0
75830	2013-01-04 23:46:00	2013-01-05 00:18:00	2013-01-05 01:19:00	C2.3	11652.0	POINT(-88 21)	21	-88	-999.0	388.0
75840	2013-01-05 03:24:00	2013-01-05 03:28:00	2013-01-05 03:32:00	C1.5	11650.0	POINT(-82 -28)	-28	-82	-852.0	-452.0
75850	2013-01-05 03:50:00	2013-01-05 03:54:00	2013-01-05 03:57:00	C1.6	11650.0	POINT(-78 -28)	-28	-78	-852.0	-449.0
75860	2013-01-05 04:29:00	2013-01-05 04:49:00	2013-01-05 04:52:00	C2.9	11650.0	POINT(-78 -28)	-28	-78	-849.0	-446.0
75870	2013-01-05 05:56:00	2013-01-05 06:03:00	2013-01-05 06:10:00	C1.5	11652.0	POINT(-88 20)	20	-88	-921.0	350.0
75880	2013-01-05 08:08:00	2013-01-05 08:11:00	2013-01-05 08:14:00	C1.4	11650.0	POINT(-75 -27)	-27	-75	-837.0	-441.0
75890	2013-01-05 09:26:00	2013-01-05 09:31:00	2013-01-05 09:34:00	M1.7	11652.0	POINT(-88 20)	20	-88	-921.0	351.0
75900	2013-01-05 16:19:00	2013-01-05 16:22:00	2013-01-05 16:24:00	C1.3	11645.0	POINT(26 -13)	-13	26	-822.0	-444.0
75910	2013-01-05 21:31:00	2013-01-05 21:39:00	2013-01-05 21:49:00	C2.1	11653.0	POINT(-89 8)	8	-89	-965.0	146.0
75920	2013-01-06 02:57:00	2013-01-06 03:03:00	2013-01-06 03:09:00	C3.0	11653.0	POINT(-81 8)	8	-81	-955.0	152.0
75930	2013-01-06 09:15:00	2013-01-06 09:50:00	2013-01-06 10:12:00	C1.9	11653.0	POINT(-78 8)	8	-78	-944.0	155.0
75940	2013-01-06 11:22:00	2013-01-06 11:27:00	2013-01-06 11:32:00	C1.2	11653.0	POINT(-76 19)	19	-76	-898.0	332.0
75950	2013-01-06 12:44:00	2013-01-06 12:54:00	2013-01-06 13:01:00	C1.7	11652.0	POINT(-77 19)	19	-77	-897.0	337.0
75960	2013-01-06 16:58:00	2013-01-06 17:03:00	2013-01-06 17:12:00	C1.2	11653.0	POINT(-72 8)	8	-72	-920.0	162.0
75970	2013-01-06 22:34:00	2013-01-06 22:41:00	2013-01-06 22:50:00	B9.1	11653.0	POINT(-67 8)	8	-67	-895.0	167.0
75980	2013-01-07 00:45:00	2013-01-07 01:02:00	2013-01-07 01:10:00	C1.1	11645.0	POINT(45 -13)	-13	45	680.0	-186.0
75990	2013-01-07 03:50:00	2013-01-07 03:54:00	2013-01-07 04:03:00	C1.0	11653.0	POINT(-64 8)	8	-64	-870.0	165.0
76000	2013-01-07 04:42:00	2013-01-07 04:52:00	2013-01-07 04:57:00	B8.0	11653.0	POINT(-63 8)	8	-63	-866.0	170.0
76010	2013-01-07 06:35:00	2013-01-07 06:39:00	2013-01-07 06:46:00	C1.0	11640.0	POINT(72 30)	30	72	804.0	507.0
76020	2013-01-07 07:39:00	2013-01-07 07:47:00	2013-01-07 07:51:00	C1.3	11653.0	POINT(-62 8)	8	-62	-854.0	174.0
76030	2013-01-07 08:44:00	2013-01-07 08:52:00	2013-01-07 08:57:00	C3.1	11640.0	POINT(72 27)	27	72	811.0	507.0
76040	2013-01-07 09:47:00	2013-01-07 09:54:00	2013-01-07 10:00:00	C1.1	11638.0	POINT(64 13)	13	64	854.0	260.0
76050	2013-01-07 18:14:00	2013-01-07 18:21:00	2013-01-07 18:24:00	C1.2		POINT(-89 7)	7	-89	-978.0	137.0
76060	2013-01-07 23:44:00	2013-01-07 23:57:00	2013-01-08 00:04:00	C2.2	11640.0	POINT(87 31)	31	87	840.0	509.0
76070	2013-01-08 01:17:00	2013-01-08 01:21:00	2013-01-08 01:24:00	C2.1	11654.0	POINT(-89 7)	7	-89	-979.0	135.0
76080	2013-01-08 02:57:00	2013-01-08 03:04:00	2013-01-08 03:07:00	C1.5		POINT(-58 21)	21	-58	-779.0	381.0
76090	2013-01-08 04:53:00	2013-01-08 04:58:00	2013-01-08 05:01:00	C1.2		POINT(-57 20)	20	-57	-773.0	378.0
76100	2013-01-08 05:37:00	2013-01-08 05:42:00	2013-01-08 05:48:00	C1.1	11653.0	POINT(-48 9)	9	-48	-726.0	197.0
76110	2013-01-08 07:18:00	2013-01-08 07:23:00	2013-01-08 07:26:00	C1.8	11652.0	POINT(-56 21)	21	-56	-756.0	389.0
76120	2013-01-08 13:57:00	2013-01-08 14:02:00	2013-01-08 14:04:00	C1.3	11652.0	POINT(-52 21)	21	-52	-723.0	393.0
76130	2013-01-08 14:17:00	2013-01-08 14:21:00	2013-01-08 14:29:00	C1.3		POINT(87 29)	29	87	852.0	489.0
76140	2013-01-08 16:01:00	2013-01-08 16:04:00	2013-01-08 16:07:00	C1.4	11646.0	POINT(-51 21)	21	-51	-711.0	390.0
76150	2013-01-08 19:04:00	2013-01-08 19:12:00	2013-01-08 19:19:00	C4.0	11640.0	POINT(87 29)	29	87	854.0	488.0
76160	2013-01-09 03:45:00	2013-01-09 03:52:00	2013-01-09 04:01:00	C1.0	11650.0	POINT(-79 8)	8	-79	-949.0	153.0
76170	2013-01-09 08:10:00	2013-01-09 08:15:00	2013-01-09 08:21:00	C1.4	11641.0	POINT(85 13)	13	85	946.0	228.0
76180	2013-01-09 09:29:00	2013-01-09 09:56:00	2013-01-09 10:31:00	C2.5	11654.0	POINT(-78 4)	4	-78	-953.0	85.0
76190	2013-01-09 11:17:00	2013-01-09 11:28:00	2013-01-09 11:40:00	C2.4	11654.0	POINT(-70 10)	10	-70	-903.0	198.0
76200	2013-01-10 03:19:00	2013-01-10 03:26:00	2013-01-10 03:32:00	C2.2	11654.0	POINT(-64 7)	7	-64	-875.0	160.0
76210	2013-01-10 04:01:00	2013-01-10 04:04:00	2013-01-10 04:08:00	C1.7	11654.0	POINT(-56 4)	4	-56	-812.0	112.0
76220	2013-01-10 09:24:00	2013-01-10 09:33:00	2013-01-10 09:43:00	C2.3	11654.0	POINT(-56 10)	10	-56	-798.0	218.0
76230	2013-01-10 12:15:00	2013-01-10 12:29:00	2013-01-10 12:45:00	C1.5	11654.0	POINT(-58 6)	6	-58	-831.0	141.0
76240	2013-01-10 15:44:00	2013-01-10 16:02:00	2013-01-10 16:58:00	C3.0	11654.0	POINT(-54 7)	7	-54	-744.0	113.0
76250	2013-01-10 17:33:00	2013-01-10 17:46:00	2013-01-10 17:57:00	C8.0	11654.0	POINT(-56 4)	4	-56	-825.0	106.0
76260	2013-01-10 19:45:00	2013-01-10 19:55:00	2013-01-10 20:18:00	C3.7	11654.0	POINT(-48 10)	10	-48	-723.0	227.0
76270	2013-01-10 21:35:00	2013-01-10 21:38:00	2013-01-10 21:40:00	C1.7	11654.0	POINT(-50 7)	7	-50	-744.0	176.0
76280	2013-01-10 23:18:00	2013-01-10 23:24:00	2013-01-10 23:27:00	C1.4	11654.0	POINT(-40 7)	7	-40	-630.0	182.0
76290	2013-01-10 23:43:00	2013-01-10 23:47:00	2013-01-10 23:49:00	C1.4	11654.0	POINT(-40 6)	6	-40	-629.0	163.0
76300	2013-01-11 00:47:00	2013-01-11 00:51:00	2013-01-11 00:54:00	C1.7	11654.0	POINT(-38 7)	7	-38	-608.0	183.0
76310	2013-01-11 02:43:00	2013-01-11 02:49:00	2013-01-11 02:54:00	C4.3	11654.0	POINT(-39 4)	4	-39	-619.0	136.0
76320	2013-01-11 03:51:00	2013-01-11 04:02:00	2013-01-11 04:16:00	C1.8	11654.0	POINT(-43 11)	11	-43	-662.0	237.0
76330	2013-01-11 05:31:00	2013-01-11 05:36:00	2013-01-11 05:40:00	C3.5	11654.0	POINT(-44 5)	5	-44	-686.0	150.0
76340	2013-01-11 06:07:00	2013-01-11 06:14:00	2013-01-11 06:18:00	C9.2	11654.0	POINT(-45 5)	5	-45	-692.0	138.0
76350	2013-01-11 06:37:00	2013-01-11 06:41:00	2013-01-11 06:48:00	C3.8	11654.0	POINT(-44 5)	5	-44	-688.0	140.0
76360	2013-01-11 08:13:00	2013-01-11 08:16:00	2013-01-11 08:18:00	C1.5	11654.0	POINT(-34 7)	7	-34	-549.0	179.0
76370	2013-01-11 08:43:00	2013-01-11 09:11:00	2013-01-11 09:17:00	M1.2	11654.0	POINT(-36 5)	5	-36	-574.0	149.0
76380	2013-01-11 14:21:00	2013-01-11 14:24:00	2013-01-11 14:27:00	C1.5	11654.0	POINT(-30 8)	8	-30	-486.0	206.0
76390	2013-01-11 14:51:00	2013-01-11 15:07:00	2013-01-11 15:24:00	M1.0	11654.0	POINT(-39 6)	6	-39	-680.0	158.0
76400	2013-01-11 18:42:00	2013-01-11 18:46:00	2013-01-11 18:50:00	C1.6	11654.0	POINT(-43 10)	10	-43	-660.0	227.0
76410	2013-01-11 19:37:00	2013-01-11 19:46:00	2013-01-11 20:15:00	C4.5	11654.0	POINT(12 -29)	-29	12	189.0	-413.0
76420	2013-01-11 21:03:00	2013-01-11 21:08:00	2013-01-11 21:14:00	C2.9	11654.0	POINT(-31 8)	8	-31	-506.0	212.0
76430	2013-01-12 02:10:00	2013-01-12 02:24:00	2013-01-12 02:40:00	C5.3	11654.0	POINT(-30 10)	10	-30	-485.0	239.0
76440	2013-01-12 03:23:00	2013-01-12 03:35:00	2013-01-12 03:46:00	C2.7	11654.0	POINT(-34 8)	8	-34	-552.0	206.0
76450	2013-01-12 04:20:00	2013-01-12 04:25:00	2013-01-12 04:31:00	C2.1	11654.0	POINT(-31 4)	4	-31	-515.0	141.0
76460	2013-01-12 15:43:00	2013-01-12 15:54:00	2013-01-12 16:13:00	C2.0	11654.0	POINT(-23 11)	11	-23	-369.0	240.0
76470	2013-01-12 16:53:00	2013-01-12 17:10:00	2013-01-12 17:27:00	C2.3	11654.0	POINT(-25 11)	11	-25	-504.0	266.0
76480	2013-01-12 17:51:00	2013-01-12 17:52:00	2013-01-12 17:54:00	C1.5	11652.0	POINT(14 18)	18	14	230.0	366.0
76490	2013-01-12 19:26:00	2013-01-12 19:33:00	2013-01-12 19:38:00	C3.9	11654.0	POINT(-17 5)	5	-17	-285.0	139.0
76500	2013-01-12 19:49:00	2013-01-12 19:52:00	2013-01-12 19:55:00	C1.1	11652.0	POINT(15 18)	18	15	247.0	380.0
76510	2013-01-12 21:33:00	2013-01-12 21:39:00	2013-01-12 21:54:00	C2.8	11654.0	POINT(-19 10)	10	-19	-290.0	225.0
76520	2013-01-12 21:57:00	2013-01-12 21:58:00	2013-01-12 22:02:00	C3.1	11652.0	POINT(16 19)	19	16	264.0	378.0
76530	2013-01-13 00:45:00	2013-01-13 00:50:00	2013-01-13 00:52:00	M1.0	11652.0	POINT(18 18)	18	18	291.0	372.0
76540	2013-01-13 01:42:00	2013-01-13 01:48:00	2013-01-13 01:55:00	C1.9	11654.0	POINT(-15 9)	9	-15	-263.0	239.0
76550	2013-01-13 06:53:00	2013-01-13 06:58:00	2013-01-13 07:01:00	C2.7	11652.0	POINT(21 18)	18	21	336.0	371.0
76560	2013-01-13 08:35:00	2013-01-13 08:38:00	2013-01-13 08:40:00	M1.7	11652.0	POINT(22 17)	17	22	350.0	367.0
76570	2013-01-13 11:36:00	2013-01-13 11:39:00	2013-01-13 11:42:00	C1.6	11654.0	POINT(-9 10)	10	-9	-146.0	231.0
76580	2013-01-13 11:49:00	2013-01-13 11:53:00	2013-01-13 11:56:00	C1.7	11654.0	POINT(-9 10)	10	-9	-167.0	250.0
76590	2013-01-13 15:48:00	2013-01-13 15:52:00	2013-01-13 15:55:00	C2.7	11652.0	POINT(25 19)	19	25	399.0	368.0
76600	2013-01-13 16:04:00	2013-01-13 16:06:00	2013-01-13 16:09:00	C2.0	11654.0	POINT(26 17)	17	26	412.0	363.0
76610	2013-01-13 16:19:00	2013-01-13 16:20:00	2013-01-13 16:25:00	C2.0	11652.0	POINT(25 19)	19	25	403.0	368.0
76620	2013-01-13 17:15:00	2013-01-13 17:18:00	2013-01-13 17:23:00	C2.4	11652.0	POINT(26 19)	19	26	420.0	366.0
76630	2013-01-13 17:39:00	2013-01-13 17:42:00	2013-01-13 17:44:00	C2.7	11652.0	POINT(26 19)	19	26	410.0	369.0
76640	2013-01-13 18:30:00	2013-01-13 18:37:00	2013-01-13 18:43:00	C2.3	11652.0	POINT(27 19)	19	27	407.0	361.0
76650	2013-01-14 01:15:00	2013-01-14 01:22:00	2013-01-14 01:25:00	C6.5	11652.0	POINT(31 14)	14	31	480.0	365.0
76660	2013-01-14 04:13:00	2013-01-14 04:17:00	2013-01-14 04:21:00	C1.5	11657.0	POINT(6 -17)	-17	6	105.0	-227.0
76670	2013-01-14 04:50:00	2013-01-14 04:54:00	2013-01-14 04:56:00	C1.8	11657.0	POINT(-5 9)	9	-5	-91.0	230.0
76680	2013-01-14 06:27:00	2013-01-14 06:32:00	2013-01-14 06:36:00	C1.3	11652.0	POINT(-2 9)	9	-2	-39.0	235.0
76690	2013-01-14 07:39:00	2013-01-14 07:43:00	2013-01-14 07:47:00	B8.7	11654.0	POINT(2 5)	5	2	39.0	173.0
76700	2013-01-14 09:44:00	2013-01-14 09:48:00	2013-01-14 09:51:00	B8.1		POINT(-4 7)	7	-4	-74.0	198.0
76710	2013-01-14 15:38:00	2013-01-14 15:46:00	2013-01-14 15:56:00	C3.4	11654.0	POINT(-2 6)	6	-2	3.0	170.0
76720	2013-01-14 17:13:00	2013-01-14 17:20:00	2013-01-14 17:29:00	C1.3	11654.0	POINT(9 3)	3	9	148.0	134.0
76730	2013-01-14 18:45:00	2013-01-14 18:50:00	2013-01-14 18:53:00	B8.0	11650.0	POINT(52 -31)	-31	52	656.0	-474.0
76740	2013-01-15 05:52:00	2013-01-15 05:56:00	2013-01-15 05:59:00	C2.2	11654.0	POINT(11 4)	4	11	182.0	156.0
76750	2013-01-15 06:26:00	2013-01-15 06:59:00	2013-01-15 07:10:00	C1.1	11650.0	POINT(55 -31)	-31	55	687.0	-474.0
76760	2013-01-15 07:17:00	2013-01-15 07:33:00	2013-01-15 07:38:00	C1.0	11650.0	POINT(54 -32)	-32	54	672.0	-478.0
76770	2013-01-15 08:51:00	2013-01-15 09:14:00	2013-01-15 09:28:00	C1.4		POINT(9 5)	5	9	153.0	167.0
76780	2013-01-15 12:00:00	2013-01-15 12:10:00	2013-01-15 12:17:00	C1.2	11654.0	POINT(9 5)	5	9	155.0	176.0
76790	2013-01-15 14:48:00	2013-01-15 14:52:00	2013-01-15 14:57:00	B7.3		POINT(-89 4)	4	-89	-982.0	86.0
76800	2013-01-15 21:50:00	2013-01-15 22:00:00	2013-01-15 22:08:00	B7.8	11655.0	POINT(67 -23)	-23	67	882.0	-339.0
76810	2013-01-15 22:50:00	2013-01-15 22:55:00	2013-01-15 22:59:00	C1.8	11654.0	POINT(17 9)	9	17	289.0	224.0
76820	2013-01-16 02:14:00	2013-01-16 02:18:00	2013-01-16 02:21:00	B7.1	11654.0	POINT(25 6)	6	25	413.0	176.0
76830	2013-01-16 08:56:00	2013-01-16 09:00:00	2013-01-16 09:03:00	B8.9		POINT(23 9)	9	23	383.0	225.0
76840	2013-01-16 18:21:00	2013-01-16 19:23:00	2013-01-16 20:05:00	C2.2	11650.0	POINT(-87 20)	20	-87	-920.0	348.0
76850	2013-01-17 08:32:00	2013-01-17 08:38:00	2013-01-17 08:40:00	B5.1		POINT(87 -31)	-31	87	828.0	-518.0
76860	2013-01-17 23:24:00	2013-01-17 23:27:00	2013-01-17 23:29:00	B5.2		POINT(86 18)	18	86	921.0	315.0
76870	2013-01-18 01:39:00	2013-01-18 01:45:00	2013-01-18 01:50:00	B9.2	11652.0	POINT(88 19)	19	88	923.0	320.0
76880	2013-01-18 04:40:00	2013-01-18 04:45:00	2013-01-18 04:48:00	C1.7	11652.0	POINT(88 18)	18	88	923.0	317.0
76890	2013-01-18 08:15:00	2013-01-18 08:19:00	2013-01-18 08:22:00	B5.1		POINT(88 18)	18	88	923.0	319.0
76900	2013-01-18 09:37:00	2013-01-18 09:43:00	2013-01-18 09:45:00	C2.4	11652.0	POINT(88 18)	18	88	932.0	311.0
76910	2013-01-18 13:09:00	2013-01-18 13:14:00	2013-01-18 13:17:00	C1.0	11654.0	POINT(88 18)	18	88	930.0	318.0
76920	2013-01-18 14:13:00	2013-01-18 14:17:00	2013-01-18 14:25:00	B4.6	11659.0	POINT(-35 14)	14	-35	-552.0	309.0
76930	2013-01-18 16:50:00	2013-01-18 17:07:00	2013-01-18 17:12:00	C5.8	11654.0	POINT(-30 12)	12	-30	-476.0	260.0
76940	2013-01-18 17:41:00	2013-01-18 17:47:00	2013-01-18 17:52:00	C2.3	11654.0	POINT(62 9)	9	62	853.0	201.0
76950	2013-01-18 22:08:00	2013-01-18 22:12:00	2013-01-18 22:24:00	B6.2	11660.0	POINT(-28 11)	11	-28	-458.0	264.0
76960	2013-01-18 23:25:00	2013-01-18 23:33:00	2013-01-18 23:38:00	B9.4	11660.0	POINT(-28 12)	12	-28	-453.0	263.0
76970	2013-01-19 03:44:00	2013-01-19 03:51:00	2013-01-19 03:57:00	C1.1	11660.0	POINT(-25 11)	11	-25	-410.0	264.0
76980	2013-01-19 06:18:00	2013-01-19 06:24:00	2013-01-19 06:28:00	C1.0	11654.0	POINT(69 9)	9	69	903.0	194.0
76990	2013-01-19 08:43:00	2013-01-19 09:00:00	2013-01-19 09:08:00	B6.8	11654.0	POINT(68 11)	11	68	891.0	225.0
77000	2013-01-19 17:07:00	2013-01-19 17:11:00	2013-01-19 17:14:00	B4.6	11654.0	POINT(74 10)	10	74	926.0	195.0
77010	2013-01-19 20:34:00	2013-01-19 20:37:00	2013-01-19 20:39:00	B5.6	11654.0	POINT(71 7)	7	71	918.0	151.0
77020	2013-01-20 14:23:00	2013-01-20 14:32:00	2013-01-20 14:43:00	C1.1	11654.0	POINT(88 9)	9	88	968.0	165.0
77030	2013-01-20 17:05:00	2013-01-20 17:37:00	2013-01-20 17:53:00	B7.0	11654.0	POINT(88 8)	8	88	968.0	151.0
77040	2013-01-20 19:17:00	2013-01-20 19:20:00	2013-01-20 19:23:00	B4.5	11654.0	POINT(-2 12)	12	-2	-48.0	293.0
77050	2013-01-20 21:30:00	2013-01-20 21:33:00	2013-01-20 21:35:00	B3.8	11654.0	POINT(88 9)	9	88	971.0	159.0
77060	2013-01-20 22:53:00	2013-01-20 22:56:00	2013-01-20 22:59:00	B3.6	11654.0	POINT(89 8)	8	89	971.0	137.0
77070	2013-01-21 09:26:00	2013-01-21 09:30:00	2013-01-21 09:32:00	B4.7	11658.0	POINT(38 -12)	-12	38	600.0	-138.0
77080	2013-01-22 10:26:00	2013-01-22 10:33:00	2013-01-22 10:42:00	B7.7	11660.0	POINT(23 11)	11	23	357.0	298.0
77090	2013-01-22 20:47:00	2013-01-22 21:20:00	2013-01-22 21:41:00	B5.8	11660.0	POINT(29 13)	13	29	464.0	308.0
77100	2013-01-23 00:31:00	2013-01-23 00:36:00	2013-01-23 00:41:00	B5.4	11660.0	POINT(28 13)	13	28	455.0	297.0
77110	2013-01-23 01:20:00	2013-01-23 01:27:00	2013-01-23 01:33:00	B6.5	11661.0	POINT(31 12)	12	31	493.0	280.0
77120	2013-01-24 16:16:00	2013-01-24 16:21:00	2013-01-24 16:25:00	B6.6	11661.0	POINT(50 12)	12	50	731.0	272.0
77130	2013-01-25 01:12:00	2013-01-25 01:27:00	2013-01-25 01:32:00	B3.4	11658.0	POINT(56 14)	14	56	785.0	300.0
77140	2013-01-25 08:25:00	2013-01-25 08:28:00	2013-01-25 08:33:00	B2.3	11660.0	POINT(58 10)	10	58	819.0	219.0
77150	2013-01-25 17:59:00	2013-01-25 18:03:00	2013-01-25 18:06:00	B2.3	11661.0	POINT(-24 12)	12	-24	-397.0	287.0
77160	2013-01-25 19:38:00	2013-01-25 19:41:00	2013-01-25 19:45:00	B2.4	11661.0	POINT(-24 14)	14	-24	-386.0	325.0
77170	2013-01-25 20:04:00	2013-01-25 20:31:00	2013-01-25 21:01:00	B5.9	11661.0	POINT(-24 13)	13	-24	-396.0	315.0
77180	2013-01-26 02:57:00	2013-01-26 03:01:00	2013-01-26 03:03:00	B7.1	11660.0	POINT(-59 -10)	-10	-59	-824.0	-137.0
77190	2013-01-26 08:07:00	2013-01-26 08:23:00	2013-01-26 08:34:00	B5.5	11661.0	POINT(-18 13)	13	-18	-297.0	314.0
77200	2013-01-28 05:18:00	2013-01-28 05:33:00	2013-01-28 05:43:00	B9.3	11660.0	POINT(88 9)	9	88	980.0	171.0
77210	2013-01-28 10:47:00	2013-01-28 11:02:00	2013-01-28 11:07:00	B3.9		POINT(-88 9)	9	-88	-977.0	161.0
77220	2013-01-28 17:27:00	2013-01-28 17:34:00	2013-01-28 17:37:00	B3.1		POINT(-88 9)	9	-88	-965.0	171.0
77230	2013-01-28 18:20:00	2013-01-28 18:34:00	2013-01-28 19:06:00	C1.1	11660.0	POINT(88 9)	9	88	974.0	172.0
77240	2013-01-30 09:58:00	2013-01-30 10:02:00	2013-01-30 10:07:00	B1.7	11665.0	POINT(-61 9)	9	-61	-848.0	212.0
77250	2013-01-30 10:20:00	2013-01-30 10:27:00	2013-01-30 10:35:00	B2.3	11665.0	POINT(-65 11)	11	-65	-867.0	239.0
77260	2013-01-30 22:07:00	2013-01-30 22:10:00	2013-01-30 22:12:00	B1.6	11665.0	POINT(-54 11)	11	-54	-778.0	254.0
77270	2013-01-31 03:10:00	2013-01-31 03:14:00	2013-01-31 03:16:00	B1.8		POINT(7 -11)	-11	7	118.0	-92.0
77280	2013-01-31 04:30:00	2013-01-31 04:34:00	2013-01-31 04:37:00	C1.1	11663.0	POINT(7 -10)	-10	7	129.0	-80.0
77290	2013-01-31 05:06:00	2013-01-31 05:10:00	2013-01-31 05:16:00	B3.0	11663.0	POINT(8 -11)	-11	8	139.0	-84.0
77300	2013-01-31 05:36:00	2013-01-31 05:40:00	2013-01-31 05:48:00	B2.1	11663.0	POINT(9 -10)	-10	9	150.0	-86.0
77310	2013-01-31 06:09:00	2013-01-31 06:15:00	2013-01-31 06:18:00	B2.6		POINT(9 -11)	-11	9	150.0	-89.0
77320	2013-01-31 22:27:00	2013-01-31 22:34:00	2013-01-31 22:41:00	B5.8		POINT(-87 23)	23	-87	-895.0	396.0
77330	2013-02-01 03:34:00	2013-02-01 03:42:00	2013-02-01 03:46:00	B6.9	11665.0	POINT(-38 14)	14	-38	-590.0	282.0
77340	2013-02-01 13:45:00	2013-02-01 13:49:00	2013-02-01 13:54:00	B3.6	11665.0	POINT(-32 10)	10	-32	-521.0	268.0
77350	2013-02-02 05:02:00	2013-02-02 05:11:00	2013-02-02 05:15:00	C1.2	11665.0	POINT(-24 10)	10	-24	-404.0	268.0
77360	2013-02-02 09:56:00	2013-02-02 10:00:00	2013-02-02 10:03:00	B4.4	11667.0	POINT(-65 21)	21	-65	-827.0	393.0
77370	2013-02-02 19:48:00	2013-02-02 19:58:00	2013-02-02 20:07:00	C2.9	11667.0	POINT(-61 21)	21	-61	-781.0	399.0
77380	2013-02-03 01:51:00	2013-02-03 01:56:00	2013-02-03 02:03:00	B6.9	11667.0	POINT(-55 22)	22	-55	-759.0	404.0
77390	2013-02-03 02:16:00	2013-02-03 02:24:00	2013-02-03 02:29:00	C2.2	11667.0	POINT(-55 22)	22	-55	-759.0	405.0
77400	2013-02-03 04:27:00	2013-02-03 04:40:00	2013-02-03 05:14:00	B9.3	11667.0	POINT(-53 23)	23	-53	-738.0	410.0
77410	2013-02-03 05:56:00	2013-02-03 06:10:00	2013-02-03 06:15:00	C8.4	11667.0	POINT(-53 23)	23	-53	-721.0	410.0
77420	2013-02-03 07:43:00	2013-02-03 08:18:00	2013-02-03 08:53:00	C1.5	11667.0	POINT(-53 23)	23	-53	-777.0	422.0
77430	2013-02-03 14:39:00	2013-02-03 14:48:00	2013-02-03 14:59:00	B7.5	11667.0	POINT(-47 22)	22	-47	-664.0	438.0
77440	2013-02-04 05:06:00	2013-02-04 05:10:00	2013-02-04 05:13:00	B4.7		POINT(-79 5)	5	-79	-951.0	110.0
77450	2013-02-04 11:22:00	2013-02-04 11:26:00	2013-02-04 11:37:00	B3.4	11669.0	POINT(-76 8)	8	-76	-935.0	168.0
77460	2013-02-04 14:53:00	2013-02-04 14:59:00	2013-02-04 15:03:00	C2.0	11669.0	POINT(-71 9)	9	-71	-930.0	163.0
77470	2013-02-04 20:35:00	2013-02-04 20:42:00	2013-02-04 20:47:00	C1.9	11669.0	POINT(-71 7)	7	-71	-915.0	167.0
77480	2013-02-05 06:07:00	2013-02-05 06:12:00	2013-02-05 06:15:00	B6.6	11669.0	POINT(-63 8)	8	-63	-864.0	187.0
77490	2013-02-05 08:12:00	2013-02-05 08:19:00	2013-02-05 08:22:00	C6.3	11669.0	POINT(-63 9)	9	-63	-871.0	173.0
77500	2013-02-05 10:27:00	2013-02-05 10:31:00	2013-02-05 10:33:00	B7.8	11669.0	POINT(-62 9)	9	-62	-852.0	210.0
77510	2013-02-06 00:04:00	2013-02-06 00:21:00	2013-02-06 00:41:00	C8.7	11667.0	POINT(-19 22)	22	-19	-332.0	449.0
77520	2013-02-06 02:22:00	2013-02-06 03:16:00	2013-02-06 04:25:00	C1.3		POINT(-34 21)	21	-34	-518.0	437.0
77530	2013-02-06 05:53:00	2013-02-06 05:58:00	2013-02-06 06:02:00	C1.0	11669.0	POINT(-51 9)	9	-51	-739.0	200.0
77540	2013-02-06 17:55:00	2013-02-06 17:58:00	2013-02-06 18:01:00	B3.0	11669.0	POINT(-43 8)	8	-43	-663.0	214.0
77550	2013-02-07 02:39:00	2013-02-07 02:48:00	2013-02-07 03:06:00	B6.6	11667.0	POINT(-6 23)	23	-6	-103.0	490.0
77560	2013-02-08 00:52:00	2013-02-08 01:10:00	2013-02-08 01:20:00	B4.0	11667.0	POINT(7 20)	20	7	123.0	446.0
77570	2013-02-08 08:41:00	2013-02-08 08:50:00	2013-02-08 09:22:00	B4.5	11670.0	POINT(-24 16)	16	-24	-386.0	377.0
77580	2013-02-08 15:03:00	2013-02-08 15:08:00	2013-02-08 15:15:00	B4.7	11670.0	POINT(-18 19)	19	-18	-285.0	404.0
77590	2013-02-09 05:30:00	2013-02-09 06:40:00	2013-02-09 07:26:00	C2.4		POINT(7 23)	23	7	117.0	494.0
77600	2013-02-09 19:25:00	2013-02-09 19:29:00	2013-02-09 19:35:00	B5.5	11667.0	POINT(32 25)	25	32	485.0	472.0
77610	2013-02-09 23:48:00	2013-02-09 23:53:00	2013-02-10 00:03:00	B4.2	11667.0	POINT(1 19)	19	1	16.0	423.0
77620	2013-02-10 06:05:00	2013-02-10 06:09:00	2013-02-10 06:12:00	B2.7	11667.0	POINT(5 17)	17	5	88.0	402.0
77630	2013-02-11 06:22:00	2013-02-11 06:25:00	2013-02-11 06:29:00	B5.4	11670.0	POINT(23 16)	16	23	372.0	384.0
77640	2013-02-11 16:04:00	2013-02-11 16:12:00	2013-02-11 16:19:00	B5.8	11670.0	POINT(23 18)	18	23	367.0	401.0
77650	2013-02-11 18:55:00	2013-02-11 19:05:00	2013-02-11 19:15:00	B5.8	11667.0	POINT(56 22)	22	56	752.0	420.0
77660	2013-02-12 17:47:00	2013-02-12 17:55:00	2013-02-12 18:01:00	C1.5	11670.0	POINT(37 19)	19	37	565.0	383.0
77670	2013-02-12 19:52:00	2013-02-12 19:56:00	2013-02-12 19:59:00	B4.3	11670.0	POINT(38 17)	17	38	578.0	381.0
77680	2013-02-13 00:42:00	2013-02-13 00:45:00	2013-02-13 00:50:00	B8.0	11670.0	POINT(41 17)	17	41	615.0	380.0
77690	2013-02-13 10:22:00	2013-02-13 10:46:00	2013-02-13 10:59:00	B4.6	11670.0	POINT(50 18)	18	50	711.0	380.0
77700	2013-02-13 18:04:00	2013-02-13 18:10:00	2013-02-13 18:21:00	B2.7		POINT(-88 -12)	-12	-88	-959.0	-216.0
77710	2013-02-13 18:46:00	2013-02-13 18:54:00	2013-02-13 19:03:00	B3.2	11670.0	POINT(54 19)	19	54	749.0	381.0
77720	2013-02-14 03:57:00	2013-02-14 04:02:00	2013-02-14 04:08:00	B3.2	11670.0	POINT(86 22)	22	86	917.0	377.0
77730	2013-02-14 04:12:00	2013-02-14 04:30:00	2013-02-14 04:38:00	C1.0	11670.0	POINT(87 21)	21	87	917.0	363.0
77740	2013-02-15 01:55:00	2013-02-15 02:01:00	2013-02-15 02:08:00	B5.1	11670.0	POINT(70 19)	19	70	861.0	362.0
77750	2013-02-15 15:36:00	2013-02-15 15:39:00	2013-02-15 15:42:00	B4.7	11673.0	POINT(-80 -8)	-8	-80	-947.0	-120.0
77760	2013-02-16 13:45:00	2013-02-16 13:56:00	2013-02-16 14:00:00	B3.8	11670.0	POINT(87 21)	21	87	911.0	353.0
77770	2013-02-16 22:59:00	2013-02-16 23:02:00	2013-02-16 23:08:00	B4.7	11675.0	POINT(-31 11)	11	-31	-497.0	297.0
77780	2013-02-16 23:37:00	2013-02-16 23:41:00	2013-02-16 23:48:00	B5.3	11675.0	POINT(-32 12)	12	-32	-514.0	308.0
77790	2013-02-17 00:31:00	2013-02-17 00:36:00	2013-02-17 00:38:00	C1.0	11675.0	POINT(-32 13)	13	-32	-497.0	302.0
77800	2013-02-17 04:20:00	2013-02-17 04:31:00	2013-02-17 04:45:00	B5.6	11675.0	POINT(-30 13)	13	-30	-453.0	302.0
77810	2013-02-17 10:34:00	2013-02-17 10:38:00	2013-02-17 10:46:00	B3.8	11675.0	POINT(-22 11)	11	-22	-363.0	297.0
77820	2013-02-17 15:26:00	2013-02-17 15:40:00	2013-02-17 15:43:00	C2.5	11675.0	POINT(-22 12)	12	-22	-348.0	309.0
77830	2013-02-17 15:45:00	2013-02-17 15:50:00	2013-02-17 15:52:00	M1.9	11675.0	POINT(-20 12)	12	-20	-338.0	317.0
77840	2013-02-17 17:59:00	2013-02-17 18:10:00	2013-02-17 18:15:00	B3.7		POINT(-20 11)	11	-20	-338.0	303.0
77850	2013-02-17 19:57:00	2013-02-17 20:00:00	2013-02-17 20:02:00	C1.0	11675.0	POINT(-19 12)	12	-19	-313.0	317.0
77860	2013-02-17 20:17:00	2013-02-17 20:20:00	2013-02-17 20:23:00	B5.5	11675.0	POINT(-17 13)	13	-17	-291.0	327.0
77870	2013-02-17 21:12:00	2013-02-17 21:25:00	2013-02-17 21:32:00	B6.3	11675.0	POINT(-19 12)	12	-19	-302.0	306.0
77880	2013-02-18 02:36:00	2013-02-18 02:41:00	2013-02-18 02:44:00	C1.0	11675.0	POINT(-15 12)	12	-15	-264.0	306.0
77890	2013-02-18 04:23:00	2013-02-18 04:27:00	2013-02-18 04:29:00	B4.0	11673.0	POINT(-44 -8)	-8	-44	-663.0	-69.0
77900	2013-02-19 07:41:00	2013-02-19 07:45:00	2013-02-19 07:47:00	B8.7	11678.0	POINT(30 11)	11	30	486.0	291.0
77910	2013-02-19 10:09:00	2013-02-19 10:51:00	2013-02-19 11:26:00	C2.1	11678.0	POINT(38 12)	12	38	588.0	304.0
77920	2013-02-19 20:03:00	2013-02-19 20:07:00	2013-02-19 20:09:00	B8.8	11678.0	POINT(39 9)	9	39	606.0	248.0
77930	2013-02-20 05:32:00	2013-02-20 05:36:00	2013-02-20 05:40:00	B6.1	11678.0	POINT(42 9)	9	42	652.0	239.0
77940	2013-02-20 10:41:00	2013-02-20 10:44:00	2013-02-20 10:46:00	B5.4		POINT(45 9)	9	45	690.0	234.0
77950	2013-02-20 11:08:00	2013-02-20 11:11:00	2013-02-20 11:13:00	C8.2	11678.0	POINT(44 12)	12	44	697.0	230.0
77960	2013-02-20 13:31:00	2013-02-20 13:35:00	2013-02-20 13:37:00	B5.3	11678.0	POINT(88 10)	10	88	968.0	178.0
77970	2013-02-20 14:15:00	2013-02-20 14:19:00	2013-02-20 14:21:00	B7.2	11678.0	POINT(47 9)	9	47	710.0	232.0
77980	2013-02-20 14:52:00	2013-02-20 14:56:00	2013-02-20 14:58:00	C3.0	11678.0	POINT(47 11)	11	47	713.0	236.0
77990	2013-02-20 17:51:00	2013-02-20 17:56:00	2013-02-20 18:00:00	B5.1	11676.0	POINT(-38 -16)	-16	-38	-577.0	-189.0
78000	2013-02-20 18:53:00	2013-02-20 18:57:00	2013-02-20 19:02:00	B8.1	11678.0	POINT(53 13)	13	53	768.0	242.0
78010	2013-02-20 21:50:00	2013-02-20 21:58:00	2013-02-20 22:12:00	C1.7	11678.0	POINT(54 8)	8	54	779.0	218.0
78020	2013-02-21 03:07:00	2013-02-21 03:10:00	2013-02-21 03:12:00	C1.9	11678.0	POINT(57 10)	10	57	804.0	238.0
78030	2013-02-21 04:01:00	2013-02-21 04:09:00	2013-02-21 04:16:00	C2.0	11678.0	POINT(57 11)	11	57	807.0	249.0
78040	2013-02-21 04:56:00	2013-02-21 05:05:00	2013-02-21 05:17:00	C2.5	11678.0	POINT(57 9)	9	57	818.0	238.0
78050	2013-02-21 08:54:00	2013-02-21 08:59:00	2013-02-21 09:10:00	B9.9	11678.0	POINT(61 11)	11	61	834.0	248.0
78060	2013-02-22 00:16:00	2013-02-22 00:28:00	2013-02-22 00:36:00	B5.6	11678.0	POINT(70 11)	11	70	896.0	237.0
78070	2013-02-22 12:14:00	2013-02-22 12:22:00	2013-02-22 12:33:00	C1.0	11678.0	POINT(80 11)	11	80	938.0	204.0
78080	2013-02-22 17:51:00	2013-02-22 17:55:00	2013-02-22 17:59:00	B8.3	11678.0	POINT(78 10)	10	78	934.0	194.0
78090	2013-02-22 20:53:00	2013-02-22 20:59:00	2013-02-22 21:09:00	B9.0	11678.0	POINT(86 12)	12	86	944.0	216.0
78100	2013-02-23 01:01:00	2013-02-23 01:04:00	2013-02-23 01:10:00	B6.9	11678.0	POINT(81 10)	10	81	943.0	190.0
78110	2013-02-23 07:17:00	2013-02-23 07:21:00	2013-02-23 07:23:00	B5.6	11678.0	POINT(83 8)	8	83	954.0	193.0
78120	2013-02-23 07:49:00	2013-02-23 08:04:00	2013-02-23 08:12:00	B8.0	11678.0	POINT(88 12)	12	88	953.0	209.0
78130	2013-02-23 15:56:00	2013-02-23 16:09:00	2013-02-23 16:20:00	C4.7	11678.0	POINT(88 10)	10	88	965.0	188.0
78140	2013-02-23 18:45:00	2013-02-23 18:56:00	2013-02-23 19:09:00	C2.9	11678.0	POINT(88 9)	9	88	967.0	171.0
78150	2013-02-24 06:07:00	2013-02-24 06:11:00	2013-02-24 06:18:00	B5.4		POINT(-87 15)	15	-87	-945.0	269.0
78160	2013-02-24 07:10:00	2013-02-24 07:19:00	2013-02-24 07:32:00	B8.1	11678.0	POINT(88 9)	9	88	966.0	161.0
78170	2013-02-24 13:17:00	2013-02-24 14:35:00	2013-02-24 14:57:00	C2.6		POINT(88 7)	7	88	973.0	128.0
78180	2013-02-24 20:14:00	2013-02-24 20:20:00	2013-02-24 20:33:00	B9.8	11673.0	POINT(47 -12)	-12	47	693.0	-134.0
78190	2013-02-25 05:15:00	2013-02-25 11:51:00	2013-02-25 15:40:00	B8.9	11678.0	POINT(-43 -28)	-28	-43	-582.0	-386.0
78200	2013-02-26 03:41:00	2013-02-26 03:45:00	2013-02-26 03:50:00	B3.5	11682.0	POINT(-9 -18)	-18	-9	-155.0	-195.0
78210	2013-02-26 14:42:00	2013-02-26 14:54:00	2013-02-26 15:05:00	B6.8	11673.0	POINT(71 -13)	-13	71	897.0	-180.0
78220	2013-02-26 18:22:00	2013-02-26 18:27:00	2013-02-26 18:33:00	B5.6		POINT(-88 -16)	-16	-88	-939.0	-281.0
78230	2013-02-27 00:29:00	2013-02-27 00:36:00	2013-02-27 00:42:00	B6.4	11681.0	POINT(-46 18)	18	-46	-674.0	377.0
78240	2013-02-27 03:25:00	2013-02-27 03:32:00	2013-02-27 03:39:00	B8.3	11682.0	POINT(5 -19)	-19	5	92.0	-185.0
78250	2013-02-28 08:24:00	2013-02-28 08:30:00	2013-02-28 08:34:00	B4.7	11680.0	POINT(-8 -28)	-28	-8	-99.0	-364.0
78260	2013-02-28 11:05:00	2013-02-28 11:09:00	2013-02-28 11:12:00	B5.9	11683.0	POINT(-81 -16)	-16	-81	-917.0	-259.0
78270	2013-02-28 14:31:00	2013-02-28 14:33:00	2013-02-28 14:40:00	B4.9	11683.0	POINT(-77 -14)	-14	-77	-911.0	-260.0
78280	2013-02-28 14:51:00	2013-02-28 14:58:00	2013-02-28 15:07:00	B5.4	11682.0	POINT(25 -16)	-16	25	393.0	-175.0
78290	2013-02-28 15:17:00	2013-02-28 15:22:00	2013-02-28 15:29:00	B5.7	11683.0	POINT(25 -19)	-19	25	390.0	-214.0
78300	2013-02-28 15:53:00	2013-02-28 16:01:00	2013-02-28 16:10:00	B7.9	11682.0	POINT(26 -16)	-16	26	408.0	-176.0
78310	2013-03-01 06:05:00	2013-03-01 06:08:00	2013-03-01 06:12:00	B4.0	11683.0	POINT(-68 -16)	-16	-68	-867.0	-228.0
78320	2013-03-01 10:11:00	2013-03-01 10:14:00	2013-03-01 10:17:00	B6.8	11682.0	POINT(34 -20)	-20	34	522.0	-198.0
78330	2013-03-02 11:48:00	2013-03-02 11:52:00	2013-03-02 12:14:00	B6.0	11681.0	POINT(0 18)	18	0	10.0	420.0
78340	2013-03-02 13:47:00	2013-03-02 14:05:00	2013-03-02 14:22:00	B8.9		POINT(-88 10)	10	-88	-987.0	179.0
78350	2013-03-02 14:59:00	2013-03-02 15:11:00	2013-03-02 15:26:00	C1.9	11687.0	POINT(-88 8)	8	-88	-971.0	146.0
78360	2013-03-02 18:36:00	2013-03-02 18:47:00	2013-03-02 19:01:00	C1.6	11687.0	POINT(-88 8)	8	-88	-970.0	146.0
78370	2013-03-03 00:42:00	2013-03-03 00:46:00	2013-03-03 00:50:00	B5.9		POINT(-87 -21)	-21	-87	-911.0	-360.0
78380	2013-03-04 06:57:00	2013-03-04 07:01:00	2013-03-04 07:05:00	B4.4	11687.0	POINT(-69 8)	8	-69	-896.0	190.0
78390	2013-03-05 01:51:00	2013-03-05 01:54:00	2013-03-05 02:00:00	B5.2	11686.0	POINT(48 -13)	-13	48	704.0	-152.0
78400	2013-03-05 05:18:00	2013-03-05 05:23:00	2013-03-05 05:30:00	B6.8	11686.0	POINT(49 -14)	-14	49	715.0	-156.0
78410	2013-03-05 05:52:00	2013-03-05 05:59:00	2013-03-05 06:13:00	B9.8	11686.0	POINT(50 -14)	-14	50	720.0	-157.0
78420	2013-03-05 07:47:00	2013-03-05 07:54:00	2013-03-05 07:59:00	M1.2	11686.0	POINT(54 -15)	-15	54	767.0	-147.0
78430	2013-03-05 15:50:00	2013-03-05 15:55:00	2013-03-05 16:04:00	B8.3	11686.0	POINT(57 -12)	-12	57	805.0	-155.0
78440	2013-03-05 20:38:00	2013-03-05 20:44:00	2013-03-05 20:48:00	C1.1	11686.0	POINT(61 -13)	-13	61	828.0	-160.0
78450	2013-03-06 02:22:00	2013-03-06 02:26:00	2013-03-06 02:34:00	B4.9	11686.0	POINT(65 -13)	-13	65	853.0	-174.0
78460	2013-03-06 04:39:00	2013-03-06 04:44:00	2013-03-06 04:47:00	B6.5	11686.0	POINT(66 -13)	-13	66	860.0	-176.0
78470	2013-03-06 07:38:00	2013-03-06 07:42:00	2013-03-06 07:46:00	B7.6	11689.0	POINT(67 -13)	-13	67	869.0	-181.0
78480	2013-03-06 10:24:00	2013-03-06 10:30:00	2013-03-06 10:34:00	B8.9	11686.0	POINT(68 -13)	-13	68	878.0	-177.0
78490	2013-03-07 01:18:00	2013-03-07 01:30:00	2013-03-07 01:46:00	B7.3	11689.0	POINT(53 18)	18	53	740.0	369.0
78500	2013-03-07 11:15:00	2013-03-07 11:19:00	2013-03-07 11:23:00	B4.5	11686.0	POINT(80 -13)	-13	80	927.0	-209.0
78510	2013-03-07 16:39:00	2013-03-07 16:44:00	2013-03-07 16:48:00	C1.5	11686.0	POINT(88 -13)	-13	88	941.0	-224.0
78520	2013-03-08 16:36:00	2013-03-08 16:57:00	2013-03-08 17:07:00	B6.8	11684.0	POINT(78 19)	19	78	891.0	347.0
78530	2013-03-10 02:19:00	2013-03-10 03:31:00	2013-03-10 03:53:00	B6.7	11691.0	POINT(-29 11)	11	-29	-468.0	297.0
78540	2013-03-10 05:30:00	2013-03-10 05:38:00	2013-03-10 05:52:00	B4.9	11691.0	POINT(-27 11)	11	-27	-443.0	299.0
78550	2013-03-10 11:22:00	2013-03-10 11:40:00	2013-03-10 12:00:00	B5.1		POINT(25 18)	18	25	400.0	416.0
78560	2013-03-11 10:32:00	2013-03-11 10:35:00	2013-03-11 10:37:00	B3.9		POINT(-88 10)	10	-88	-953.0	182.0
78570	2013-03-11 16:21:00	2013-03-11 16:25:00	2013-03-11 16:27:00	B9.9	11689.0	POINT(24 -20)	-20	24	371.0	-236.0
78580	2013-03-11 16:40:00	2013-03-11 16:55:00	2013-03-11 17:07:00	C1.6	11695.0	POINT(-88 12)	12	-88	-964.0	208.0
78590	2013-03-11 17:53:00	2013-03-11 17:57:00	2013-03-11 17:59:00	B6.8		POINT(-88 11)	11	-88	-948.0	200.0
78600	2013-03-11 23:49:00	2013-03-11 23:53:00	2013-03-11 23:55:00	B6.7	11689.0	POINT(28 -20)	-20	28	432.0	-233.0
78610	2013-03-12 10:17:00	2013-03-12 11:07:00	2013-03-12 12:25:00	C2.0	11690.0	POINT(-1 25)	25	-1	-23.0	531.0
78620	2013-03-12 14:10:00	2013-03-12 14:16:00	2013-03-12 14:24:00	C1.0	11695.0	POINT(-74 11)	11	-74	-911.0	230.0
78630	2013-03-12 22:42:00	2013-03-12 22:46:00	2013-03-12 22:49:00	C3.6	11692.0	POINT(41 -21)	-21	41	-647.0	278.0
78640	2013-03-12 23:16:00	2013-03-13 00:17:00	2013-03-13 01:27:00	C1.8	11692.0	POINT(-41 6)	6	-41	-634.0	203.0
78650	2013-03-13 04:14:00	2013-03-13 04:34:00	2013-03-13 04:39:00	C1.1	11689.0	POINT(-19 4)	4	-19	-317.0	184.0
78660	2013-03-13 16:15:00	2013-03-13 16:20:00	2013-03-13 16:25:00	C1.4	11696.0	POINT(-12 5)	5	-12	-209.0	193.0
78670	2013-03-13 19:32:00	2013-03-13 19:41:00	2013-03-13 19:44:00	B6.5	11689.0	POINT(47 -19)	-19	47	675.0	-237.0
78680	2013-03-13 23:33:00	2013-03-13 23:40:00	2013-03-13 23:50:00	B6.6	11691.0	POINT(26 11)	11	26	415.0	305.0
78690	2013-03-14 05:45:00	2013-03-14 05:54:00	2013-03-14 06:02:00	C2.1	11691.0	POINT(27 13)	13	27	456.0	297.0
78700	2013-03-14 10:26:00	2013-03-14 10:33:00	2013-03-14 10:45:00	B6.7	11691.0	POINT(31 11)	11	31	501.0	291.0
78710	2013-03-14 19:29:00	2013-03-14 19:44:00	2013-03-14 19:52:00	B6.8	11691.0	POINT(37 11)	11	37	578.0	284.0
78720	2013-03-15 04:29:00	2013-03-15 04:32:00	2013-03-15 04:35:00	B5.0	11691.0	POINT(73 -18)	-18	73	877.0	-271.0
78730	2013-03-15 05:46:00	2013-03-15 06:58:00	2013-03-15 08:35:00	M1.1	11692.0	POINT(-12 11)	11	-12	-116.0	283.0
78740	2013-03-15 10:39:00	2013-03-15 10:44:00	2013-03-15 10:46:00	C2.2	11696.0	POINT(68 -19)	-19	68	848.0	-282.0
78750	2013-03-15 15:09:00	2013-03-15 15:17:00	2013-03-15 15:22:00	C1.0	11696.0	POINT(20 7)	7	20	336.0	210.0
78760	2013-03-15 20:09:00	2013-03-15 20:16:00	2013-03-15 20:20:00	B9.2		POINT(7 14)	14	7	125.0	356.0
78770	2013-03-15 21:40:00	2013-03-15 21:44:00	2013-03-15 21:48:00	B6.5		POINT(9 15)	15	9	136.0	353.0
78780	2013-03-16 04:20:00	2013-03-16 04:28:00	2013-03-16 04:32:00	C2.6	11698.0	POINT(48 -20)	-20	48	684.0	-216.0
78790	2013-03-16 04:52:00	2013-03-16 05:39:00	2013-03-16 06:25:00	C2.8	11698.0	POINT(49 -22)	-22	49	685.0	-289.0
78800	2013-03-16 07:14:00	2013-03-16 07:18:00	2013-03-16 07:23:00	C2.0	11698.0	POINT(50 -19)	-19	50	-30.0	1083.0
78810	2013-03-16 08:30:00	2013-03-16 08:36:00	2013-03-16 08:39:00	C1.5	11698.0	POINT(52 -19)	-19	52	723.0	-214.0
78820	2013-03-16 18:50:00	2013-03-16 18:53:00	2013-03-16 18:55:00	B8.0	11692.0	POINT(57 -17)	-17	57	776.0	-224.0
78830	2013-03-17 00:51:00	2013-03-17 00:54:00	2013-03-17 01:02:00	B6.9	11696.0	POINT(35 5)	5	35	564.0	196.0
78840	2013-03-17 01:57:00	2013-03-17 02:04:00	2013-03-17 02:08:00	B7.3	11698.0	POINT(60 -18)	-18	60	797.0	-239.0
78850	2013-03-17 10:19:00	2013-03-17 10:22:00	2013-03-17 10:25:00	B7.9	11698.0	POINT(61 -20)	-20	61	792.0	-284.0
78860	2013-03-17 12:50:00	2013-03-17 12:53:00	2013-03-17 12:56:00	C1.0	11698.0	POINT(70 -18)	-18	70	863.0	-258.0
78870	2013-03-17 14:40:00	2013-03-17 14:49:00	2013-03-17 14:56:00	C1.0	11695.0	POINT(4 8)	8	4	61.0	251.0
78880	2013-03-17 21:01:00	2013-03-17 21:04:00	2013-03-17 21:07:00	B7.4		POINT(73 -17)	-17	73	879.0	-257.0
78890	2013-03-17 21:23:00	2013-03-17 21:26:00	2013-03-17 21:28:00	C1.0	11698.0	POINT(72 -19)	-19	72	864.0	-289.0
78900	2013-03-17 21:59:00	2013-03-17 22:03:00	2013-03-17 22:07:00	B8.8		POINT(75 -19)	-19	75	878.0	-293.0
78910	2013-03-18 01:17:00	2013-03-18 01:32:00	2013-03-18 01:40:00	B9.5	11700.0	POINT(-57 -14)	-14	-57	-785.0	-180.0
78920	2013-03-18 02:14:00	2013-03-18 02:18:00	2013-03-18 02:23:00	C1.4	11698.0	POINT(77 -17)	-17	77	898.0	-260.0
78930	2013-03-18 03:15:00	2013-03-18 03:21:00	2013-03-18 03:25:00	C2.8	11698.0	POINT(77 -19)	-19	77	887.0	-294.0
78940	2013-03-18 05:59:00	2013-03-18 06:05:00	2013-03-18 06:10:00	C1.7		POINT(74 -20)	-20	74	869.0	-305.0
78950	2013-03-18 06:27:00	2013-03-18 06:32:00	2013-03-18 06:41:00	C2.1	11698.0	POINT(-14 -82)	-82	-14	-33.0	1083.0
78960	2013-03-18 06:57:00	2013-03-18 07:00:00	2013-03-18 07:03:00	C1.5	11698.0	POINT(-14 -82)	-82	-14	-33.0	1083.0
78970	2013-03-18 07:49:00	2013-03-18 07:54:00	2013-03-18 07:59:00	C1.2	11698.0	POINT(81 -17)	-17	81	911.0	-270.0
78980	2013-03-18 11:27:00	2013-03-18 11:35:00	2013-03-18 11:40:00	C1.2	11698.0	POINT(81 -17)	-17	81	908.0	-271.0
78990	2013-03-18 12:20:00	2013-03-18 12:27:00	2013-03-18 12:34:00	B8.1	11700.0	POINT(-50 -14)	-14	-50	-720.0	-160.0
79000	2013-03-18 20:54:00	2013-03-18 20:58:00	2013-03-18 21:02:00	C1.3	11698.0	POINT(87 -18)	-18	87	919.0	-315.0
79010	2013-03-18 22:55:00	2013-03-18 23:05:00	2013-03-18 23:25:00	C1.4	11698.0	POINT(87 -18)	-18	87	923.0	-318.0
79020	2013-03-19 00:51:00	2013-03-19 01:17:00	2013-03-19 01:36:00	C4.3	11698.0	POINT(87 -19)	-19	87	920.0	-319.0
79030	2013-03-19 10:52:00	2013-03-19 11:02:00	2013-03-19 11:08:00	B6.2	11698.0	POINT(87 -20)	-20	87	925.0	-339.0
79040	2013-03-19 13:50:00	2013-03-19 14:23:00	2013-03-19 14:42:00	C1.5	11695.0	POINT(27 11)	11	27	749.0	258.0
79050	2013-03-19 16:09:00	2013-03-19 16:18:00	2013-03-19 16:27:00	C1.7	11698.0	POINT(87 -20)	-20	87	908.0	-338.0
79060	2013-03-19 16:45:00	2013-03-19 16:51:00	2013-03-19 16:56:00	C1.2	11692.0	POINT(53 11)	11	53	763.0	256.0
79070	2013-03-19 18:44:00	2013-03-19 18:50:00	2013-03-19 18:57:00	B9.7	11692.0	POINT(54 11)	11	54	774.0	253.0
79080	2013-03-19 20:45:00	2013-03-19 20:51:00	2013-03-19 20:55:00	C1.0	11692.0	POINT(56 11)	11	56	786.0	249.0
79090	2013-03-19 23:02:00	2013-03-19 23:15:00	2013-03-19 23:21:00	B6.3	11692.0	POINT(57 11)	11	57	796.0	253.0
79100	2013-03-20 00:39:00	2013-03-20 01:02:00	2013-03-20 01:25:00	C5.5	11698.0	POINT(87 -20)	-20	87	924.0	-352.0
79110	2013-03-20 06:09:00	2013-03-20 06:15:00	2013-03-20 06:20:00	C1.3	11692.0	POINT(60 11)	11	60	821.0	245.0
79120	2013-03-20 11:38:00	2013-03-20 11:42:00	2013-03-20 11:46:00	B4.5	11692.0	POINT(65 7)	7	65	870.0	179.0
79130	2013-03-20 18:36:00	2013-03-20 18:41:00	2013-03-20 18:46:00	B5.0	11692.0	POINT(67 10)	10	67	878.0	223.0
79140	2013-03-20 19:26:00	2013-03-20 19:32:00	2013-03-20 19:37:00	C1.0	11692.0	POINT(68 10)	10	68	881.0	222.0
79150	2013-03-20 22:14:00	2013-03-20 22:22:00	2013-03-20 22:32:00	B8.4	11692.0	POINT(62 11)	11	62	836.0	250.0
79160	2013-03-21 07:20:00	2013-03-21 07:25:00	2013-03-21 07:28:00	B6.7	11692.0	POINT(-17 -82)	-82	-17	-35.0	-971.0
79170	2013-03-21 10:30:00	2013-03-21 10:34:00	2013-03-21 10:39:00	B4.2	11692.0	POINT(77 7)	7	77	932.0	143.0
79180	2013-03-21 11:37:00	2013-03-21 11:43:00	2013-03-21 11:49:00	B5.7	11692.0	POINT(80 7)	7	80	942.0	144.0
79190	2013-03-21 15:25:00	2013-03-21 15:31:00	2013-03-21 15:45:00	C1.0	11692.0	POINT(85 9)	9	85	947.0	165.0
79200	2013-03-21 16:46:00	2013-03-21 16:57:00	2013-03-21 17:07:00	B6.4	11692.0	POINT(88 9)	9	88	957.0	160.0
79210	2013-03-21 18:10:00	2013-03-21 18:22:00	2013-03-21 18:28:00	C3.5	11692.0	POINT(88 9)	9	88	964.0	155.0
79220	2013-03-21 20:20:00	2013-03-21 20:29:00	2013-03-21 20:40:00	C1.9	11692.0	POINT(88 8)	8	88	960.0	146.0
79230	2013-03-21 21:17:00	2013-03-21 21:21:00	2013-03-21 21:24:00	C1.1		POINT(88 8)	8	88	955.0	146.0
79240	2013-03-21 21:42:00	2013-03-21 22:04:00	2013-03-21 22:36:00	M1.6	11692.0	POINT(88 9)	9	88	968.0	165.0
79250	2013-03-22 00:28:00	2013-03-22 00:31:00	2013-03-22 00:35:00	C1.1		POINT(43 -28)	-28	43	581.0	-381.0
79260	2013-03-22 02:33:00	2013-03-22 02:38:00	2013-03-22 02:45:00	C2.9	11692.0	POINT(88 11)	11	88	951.0	188.0
79270	2013-03-22 03:51:00	2013-03-22 03:56:00	2013-03-22 03:58:00	C1.1	11692.0	POINT(-10 8)	8	-10	962.0	113.0
79280	2013-03-22 06:54:00	2013-03-22 07:02:00	2013-03-22 07:13:00	C1.2		POINT(-4 -83)	-83	-4	-9.0	1082.0
79290	2013-03-22 08:22:00	2013-03-22 08:28:00	2013-03-22 08:31:00	C1.3	11692.0	POINT(88 6)	6	88	962.0	121.0
79300	2013-03-22 10:22:00	2013-03-22 10:27:00	2013-03-22 10:33:00	B9.4	11692.0	POINT(88 7)	7	88	966.0	128.0
79310	2013-03-22 11:33:00	2013-03-22 11:37:00	2013-03-22 11:40:00	B6.3	11692.0	POINT(88 8)	8	88	956.0	147.0
79320	2013-03-22 11:54:00	2013-03-22 12:01:00	2013-03-22 12:13:00	B6.7	11692.0	POINT(88 10)	10	88	956.0	179.0
79330	2013-03-22 12:16:00	2013-03-22 12:20:00	2013-03-22 12:28:00	C1.4	11692.0	POINT(88 6)	6	88	969.0	104.0
79340	2013-03-22 13:42:00	2013-03-22 13:48:00	2013-03-22 13:54:00	B6.5	11695.0	POINT(88 8)	8	88	959.0	145.0
79350	2013-03-22 15:51:00	2013-03-22 15:55:00	2013-03-22 15:58:00	B5.7		POINT(73 9)	9	73	911.0	194.0
79360	2013-03-22 16:31:00	2013-03-22 16:35:00	2013-03-22 16:40:00	B7.9	11692.0	POINT(88 8)	8	88	961.0	143.0
79370	2013-03-22 18:33:00	2013-03-22 18:49:00	2013-03-22 18:53:00	C1.2	11692.0	POINT(88 7)	7	88	966.0	125.0
79380	2013-03-23 01:49:00	2013-03-23 01:58:00	2013-03-23 02:02:00	B5.4	11704.0	POINT(88 6)	6	88	963.0	103.0
79390	2013-03-23 02:04:00	2013-03-23 02:09:00	2013-03-23 02:14:00	B6.8	11704.0	POINT(87 5)	5	87	956.0	104.0
79400	2013-03-23 02:29:00	2013-03-23 02:40:00	2013-03-23 03:28:00	B5.5	11695.0	POINT(88 6)	6	88	983.0	116.0
79410	2013-03-23 12:15:00	2013-03-23 12:22:00	2013-03-23 12:27:00	B6.8	11703.0	POINT(-87 17)	17	-87	-930.0	292.0
79420	2013-03-25 13:04:00	2013-03-25 13:08:00	2013-03-25 13:13:00	B2.6	11704.0	POINT(-55 19)	19	-55	-754.0	352.0
79430	2013-03-25 17:43:00	2013-03-25 17:48:00	2013-03-25 17:54:00	B4.4	11704.0	POINT(-52 18)	18	-52	-737.0	360.0
79440	2013-03-26 03:30:00	2013-03-26 03:33:00	2013-03-26 03:37:00	B2.0		POINT(88 8)	8	88	960.0	140.0
79450	2013-03-26 05:10:00	2013-03-26 05:13:00	2013-03-26 05:17:00	B2.8		POINT(88 8)	8	88	950.0	151.0
79460	2013-03-26 12:18:00	2013-03-26 13:06:00	2013-03-26 13:37:00	B2.7	11700.0	POINT(60 -14)	-14	60	815.0	-184.0
79470	2013-03-27 17:23:00	2013-03-27 17:30:00	2013-03-27 17:37:00	B2.0	11704.0	POINT(-27 13)	13	-27	-440.0	315.0
79480	2013-03-27 18:37:00	2013-03-27 18:47:00	2013-03-27 19:11:00	B2.6	11708.0	POINT(-88 9)	9	-88	-961.0	159.0
79490	2013-03-28 00:34:00	2013-03-28 00:44:00	2013-03-28 00:52:00	B3.2	11708.0	POINT(-88 8)	8	-88	-951.0	147.0
79500	2013-03-28 03:03:00	2013-03-28 03:38:00	2013-03-28 04:24:00	B5.3	11708.0	POINT(-88 9)	9	-88	-957.0	161.0
79510	2013-03-30 10:16:00	2013-03-30 10:24:00	2013-03-30 10:32:00	B8.8	11710.0	POINT(-43 -21)	-21	-43	-618.0	-273.0
79520	2013-03-30 13:06:00	2013-03-30 13:22:00	2013-03-30 13:31:00	B4.8		POINT(-48 10)	10	-48	-706.0	242.0
79530	2013-03-31 02:47:00	2013-03-31 02:51:00	2013-03-31 02:53:00	B8.2	11711.0	POINT(-78 -17)	-17	-78	-896.0	-268.0
79540	2013-04-01 23:43:00	2013-04-01 23:49:00	2013-04-01 23:58:00	B7.4	11704.0	POINT(46 16)	16	46	662.0	350.0
79550	2013-04-02 00:42:00	2013-04-02 00:54:00	2013-04-02 01:12:00	B5.0	11710.0	POINT(-10 -26)	-26	-10	-159.0	-324.0
79560	2013-04-02 02:25:00	2013-04-02 02:29:00	2013-04-02 02:31:00	B5.7	11713.0	POINT(-37 7)	7	-37	-584.0	210.0
79570	2013-04-02 10:15:00	2013-04-02 10:19:00	2013-04-02 10:24:00	B4.9	11704.0	POINT(49 17)	17	49	701.0	349.0
79580	2013-04-02 13:17:00	2013-04-02 13:21:00	2013-04-02 13:24:00	B4.5	11713.0	POINT(-31 9)	9	-31	-501.0	211.0
79590	2013-04-02 14:58:00	2013-04-02 15:14:00	2013-04-02 15:38:00	B9.6	11713.0	POINT(-28 10)	10	-28	-448.0	229.0
79600	2013-04-02 22:02:00	2013-04-02 22:08:00	2013-04-02 22:12:00	B7.9	11708.0	POINT(-4 11)	11	-4	-68.0	293.0
79610	2013-04-03 04:30:00	2013-04-03 04:39:00	2013-04-03 04:48:00	C1.1	11708.0	POINT(0 11)	11	0	-7.0	297.0
79620	2013-04-03 09:36:00	2013-04-03 09:43:00	2013-04-03 09:48:00	C2.7	11708.0	POINT(4 12)	12	4	66.0	315.0
79630	2013-04-03 11:11:00	2013-04-03 11:16:00	2013-04-03 11:18:00	B6.0	11711.0	POINT(-35 -17)	-17	-35	-447.0	-178.0
79640	2013-04-03 17:09:00	2013-04-03 17:17:00	2013-04-03 17:26:00	B9.6	11713.0	POINT(-12 9)	9	-12	-204.0	249.0
79650	2013-04-03 18:34:00	2013-04-03 18:45:00	2013-04-03 18:59:00	C1.7	11711.0	POINT(-31 -23)	-23	-31	-492.0	-283.0
79660	2013-04-04 08:10:00	2013-04-04 08:14:00	2013-04-04 08:19:00	B5.5	11713.0	POINT(-4 10)	10	-4	-82.0	276.0
79670	2013-04-04 09:49:00	2013-04-04 09:57:00	2013-04-04 10:03:00	C1.2	11713.0	POINT(-4 8)	8	-4	-71.0	251.0
79680	2013-04-04 13:03:00	2013-04-04 13:06:00	2013-04-04 13:08:00	B6.2	11704.0	POINT(-1 9)	9	-1	-17.0	258.0
79690	2013-04-05 03:48:00	2013-04-05 03:52:00	2013-04-05 03:54:00	B6.0	11711.0	POINT(8 9)	9	8	133.0	269.0
79700	2013-04-05 06:06:00	2013-04-05 06:50:00	2013-04-05 08:11:00	C2.1	11719.0	POINT(-88 11)	11	-88	-986.0	209.0
79710	2013-04-05 17:34:00	2013-04-05 17:48:00	2013-04-05 18:04:00	M2.2	11719.0	POINT(-88 7)	7	-88	-963.0	122.0
79720	2013-04-06 05:55:00	2013-04-06 06:00:00	2013-04-06 06:04:00	C1.2	11717.0	POINT(-44 20)	20	-44	-629.0	407.0
79730	2013-04-06 06:39:00	2013-04-06 06:46:00	2013-04-06 06:51:00	C1.0	11718.0	POINT(-43 20)	20	-43	-622.0	406.0
79740	2013-04-06 07:58:00	2013-04-06 08:02:00	2013-04-06 08:09:00	B9.7	11718.0	POINT(-40 21)	21	-40	-614.0	404.0
79750	2013-04-06 09:37:00	2013-04-06 09:44:00	2013-04-06 09:48:00	C1.1	11718.0	POINT(-42 20)	20	-42	-606.0	412.0
79760	2013-04-06 11:06:00	2013-04-06 11:11:00	2013-04-06 11:16:00	C1.7	11718.0	POINT(-40 22)	22	-40	95.0	-278.0
79770	2013-04-06 11:53:00	2013-04-06 12:25:00	2013-04-06 12:44:00	C1.4	11718.0	POINT(-39 22)	22	-39	-582.0	406.0
79780	2013-04-06 19:35:00	2013-04-06 19:57:00	2013-04-06 20:12:00	C1.2	11715.0	POINT(-36 20)	20	-36	-539.0	413.0
79790	2013-04-06 21:17:00	2013-04-06 21:30:00	2013-04-06 21:49:00	C1.7	11719.0	POINT(-74 8)	8	-74	-912.0	164.0
79800	2013-04-06 23:31:00	2013-04-06 23:36:00	2013-04-06 23:47:00	C1.0	11718.0	POINT(-34 19)	19	-34	-498.0	411.0
79810	2013-04-07 00:39:00	2013-04-07 01:06:00	2013-04-07 01:40:00	C1.6	11719.0	POINT(-66 5)	5	-66	-913.0	171.0
79820	2013-04-07 07:30:00	2013-04-07 07:44:00	2013-04-07 07:57:00	C1.4		POINT(-29 20)	20	-29	-444.0	422.0
79830	2013-04-07 15:55:00	2013-04-07 16:00:00	2013-04-07 16:04:00	C3.1	11718.0	POINT(-26 20)	20	-26	-360.0	420.0
79840	2013-04-07 16:49:00	2013-04-07 16:58:00	2013-04-07 17:09:00	C1.6	11713.0	POINT(44 12)	12	44	671.0	230.0
79850	2013-04-07 18:57:00	2013-04-07 19:06:00	2013-04-07 19:26:00	B8.3	11718.0	POINT(-23 19)	19	-23	-339.0	420.0
79860	2013-04-08 03:56:00	2013-04-08 04:02:00	2013-04-08 04:25:00	B9.1	11713.0	POINT(52 7)	7	52	753.0	191.0
79870	2013-04-08 14:39:00	2013-04-08 14:42:00	2013-04-08 14:45:00	B8.9	11718.0	POINT(-13 22)	22	-13	-161.0	428.0
79880	2013-04-08 15:42:00	2013-04-08 15:50:00	2013-04-08 16:17:00	C1.6	11714.0	POINT(6 15)	15	6	95.0	354.0
79890	2013-04-08 17:13:00	2013-04-08 17:16:00	2013-04-08 17:18:00	B8.1	11713.0	POINT(-9 20)	20	-9	-152.0	426.0
79900	2013-04-08 17:56:00	2013-04-08 18:00:00	2013-04-08 18:12:00	B9.9	11714.0	POINT(59 8)	8	59	820.0	192.0
79910	2013-04-08 23:45:00	2013-04-08 23:48:00	2013-04-08 23:51:00	C1.5	11713.0	POINT(60 11)	11	60	819.0	237.0
79920	2013-04-09 00:14:00	2013-04-09 00:21:00	2013-04-09 00:30:00	C2.2	11713.0	POINT(62 9)	9	62	854.0	182.0
79930	2013-04-09 07:17:00	2013-04-09 07:24:00	2013-04-09 07:28:00	C2.2	11718.0	POINT(-64 18)	18	-64	-45.0	419.0
79940	2013-04-09 08:30:00	2013-04-09 08:59:00	2013-04-09 09:17:00	C2.9	11718.0	POINT(-2 20)	20	-2	-45.0	422.0
79950	2013-04-09 11:32:00	2013-04-09 11:41:00	2013-04-09 11:58:00	C1.6	11718.0	POINT(-1 23)	23	-1	-12.0	420.0
79960	2013-04-09 13:27:00	2013-04-09 13:32:00	2013-04-09 13:43:00	C1.5	11718.0	POINT(0 20)	20	0	-12.0	422.0
79970	2013-04-09 14:46:00	2013-04-09 14:50:00	2013-04-09 14:54:00	C1.0		POINT(1 23)	23	1	19.0	467.0
79980	2013-04-09 19:51:00	2013-04-09 20:03:00	2013-04-09 20:12:00	C1.5		POINT(3 22)	22	3	53.0	455.0
79990	2013-04-09 20:34:00	2013-04-09 20:38:00	2013-04-09 20:40:00	C1.1	11718.0	POINT(4 20)	20	4	65.0	429.0
80000	2013-04-10 00:07:00	2013-04-10 00:10:00	2013-04-10 00:13:00	B9.2		POINT(57 -17)	-17	57	772.0	-243.0
80010	2013-04-10 01:50:00	2013-04-10 02:16:00	2013-04-10 02:25:00	C1.8	11718.0	POINT(6 20)	20	6	95.0	422.0
80020	2013-04-10 08:44:00	2013-04-10 09:41:00	2013-04-10 09:59:00	C1.2	11718.0	POINT(12 22)	22	12	161.0	477.0
80030	2013-04-10 11:53:00	2013-04-10 11:56:00	2013-04-10 11:58:00	C1.0	11713.0	POINT(84 7)	7	84	-418.0	274.0
80040	2013-04-10 12:54:00	2013-04-10 12:58:00	2013-04-10 13:04:00	C1.2	11721.0	POINT(-53 -17)	-17	-53	-725.0	-257.0
80050	2013-04-10 16:47:00	2013-04-10 16:51:00	2013-04-10 16:54:00	C1.1	11719.0	POINT(88 9)	9	88	948.0	152.0
80060	2013-04-10 17:56:00	2013-04-10 18:01:00	2013-04-10 18:04:00	C3.4	11718.0	POINT(13 23)	23	13	219.0	458.0
80070	2013-04-10 19:02:00	2013-04-10 19:19:00	2013-04-10 19:41:00	C4.2	11713.0	POINT(88 10)	10	88	972.0	183.0
80080	2013-04-10 23:30:00	2013-04-10 23:38:00	2013-04-10 23:48:00	C3.9	11713.0	POINT(88 11)	11	88	947.0	189.0
80090	2013-04-11 00:19:00	2013-04-11 00:28:00	2013-04-11 00:35:00	C1.4	11711.0	POINT(88 10)	10	88	965.0	181.0
80100	2013-04-11 06:55:00	2013-04-11 07:16:00	2013-04-11 07:29:00	M6.5	11719.0	POINT(-12 9)	9	-12	-216.0	221.0
80110	2013-04-11 10:09:00	2013-04-11 10:13:00	2013-04-11 10:15:00	C4.2	11721.0	POINT(-26 -16)	-16	-26	-405.0	-206.0
80120	2013-04-11 10:28:00	2013-04-11 10:46:00	2013-04-11 11:16:00	C6.2		POINT(88 10)	10	88	982.0	175.0
80130	2013-04-11 12:41:00	2013-04-11 12:47:00	2013-04-11 12:53:00	C2.2	11718.0	POINT(26 20)	20	26	400.0	411.0
80140	2013-04-11 16:03:00	2013-04-11 16:11:00	2013-04-11 16:25:00	C1.0		POINT(88 9)	9	88	956.0	164.0
80150	2013-04-11 16:48:00	2013-04-11 16:53:00	2013-04-11 17:07:00	C1.0	11718.0	POINT(27 21)	21	27	413.0	420.0
80160	2013-04-11 22:49:00	2013-04-11 23:02:00	2013-04-11 23:24:00	C4.0		POINT(88 9)	9	88	957.0	164.0
80170	2013-04-12 04:02:00	2013-04-12 04:14:00	2013-04-12 04:22:00	C2.2	11718.0	POINT(33 20)	20	33	494.0	410.0
80180	2013-04-12 17:03:00	2013-04-12 17:24:00	2013-04-12 17:51:00	C1.4	11718.0	POINT(41 19)	19	41	600.0	387.0
80190	2013-04-12 18:00:00	2013-04-12 18:15:00	2013-04-12 18:24:00	C1.1	11719.0	POINT(41 19)	19	41	598.0	380.0
80200	2013-04-12 18:40:00	2013-04-12 18:48:00	2013-04-12 19:01:00	C2.1	11718.0	POINT(42 19)	19	42	608.0	390.0
80210	2013-04-12 19:52:00	2013-04-12 20:38:00	2013-04-12 20:46:00	M3.3	11718.0	POINT(42 21)	21	42	599.0	411.0
80220	2013-04-13 01:24:00	2013-04-13 01:42:00	2013-04-13 01:58:00	C1.5	11719.0	POINT(14 9)	9	14	224.0	235.0
80230	2013-04-13 03:29:00	2013-04-13 03:34:00	2013-04-13 03:36:00	C1.9	11718.0	POINT(48 20)	20	48	672.0	390.0
80240	2013-04-13 09:21:00	2013-04-13 09:28:00	2013-04-13 09:34:00	C1.5	11724.0	POINT(-89 -25)	-25	-89	-865.0	-404.0
80250	2013-04-13 19:46:00	2013-04-13 19:53:00	2013-04-13 20:01:00	C1.4	11718.0	POINT(57 20)	20	57	747.0	381.0
80260	2013-04-13 20:48:00	2013-04-13 21:01:00	2013-04-13 21:08:00	B9.4	11724.0	POINT(-78 -26)	-26	-78	-839.0	-411.0
80270	2013-04-13 21:58:00	2013-04-13 22:02:00	2013-04-13 22:07:00	B6.6		POINT(87 -20)	-20	87	897.0	-323.0
80280	2013-04-14 05:20:00	2013-04-14 05:24:00	2013-04-14 05:27:00	B6.8	11718.0	POINT(62 19)	19	62	801.0	353.0
80290	2013-04-14 20:57:00	2013-04-14 21:01:00	2013-04-14 21:06:00	B7.0	11718.0	POINT(71 19)	19	71	856.0	342.0
80300	2013-04-15 03:12:00	2013-04-15 03:32:00	2013-04-15 04:15:00	B6.3		POINT(88 -19)	-19	88	931.0	-333.0
80310	2013-04-15 06:18:00	2013-04-15 06:23:00	2013-04-15 06:26:00	B7.3		POINT(77 21)	21	77	870.0	362.0
80320	2013-04-15 09:19:00	2013-04-15 09:25:00	2013-04-15 09:29:00	C1.1		POINT(77 20)	20	77	873.0	356.0
80330	2013-04-15 13:58:00	2013-04-15 14:03:00	2013-04-15 14:06:00	C1.2	11723.0	POINT(-28 -16)	-16	-28	-435.0	-188.0
80340	2013-04-15 18:00:00	2013-04-15 18:05:00	2013-04-15 18:10:00	C1.0	11719.0	POINT(49 10)	10	49	714.0	234.0
80350	2013-04-16 04:26:00	2013-04-16 04:30:00	2013-04-16 04:35:00	C1.5	11723.0	POINT(-23 -19)	-19	-23	-342.0	-240.0
80360	2013-04-16 07:30:00	2013-04-16 07:37:00	2013-04-16 07:47:00	C1.3	11723.0	POINT(-18 -16)	-16	-18	-278.0	-205.0
80370	2013-04-16 16:21:00	2013-04-16 16:46:00	2013-04-16 16:55:00	C1.7	11719.0	POINT(62 8)	8	62	873.0	209.0
80380	2013-04-16 18:16:00	2013-04-16 18:24:00	2013-04-16 18:27:00	C1.6	11719.0	POINT(62 11)	11	62	837.0	186.0
80390	2013-04-16 19:35:00	2013-04-16 19:38:00	2013-04-16 19:41:00	B6.4		POINT(63 9)	9	63	843.0	192.0
80400	2013-04-16 21:17:00	2013-04-16 21:32:00	2013-04-16 21:54:00	C3.5	11719.0	POINT(64 8)	8	64	853.0	184.0
80410	2013-04-17 02:57:00	2013-04-17 03:01:00	2013-04-17 03:11:00	B7.2		POINT(67 8)	8	67	875.0	178.0
80420	2013-04-17 04:39:00	2013-04-17 04:43:00	2013-04-17 04:49:00	C1.3	11719.0	POINT(14 9)	9	14	878.0	186.0
80430	2013-04-17 08:37:00	2013-04-17 08:47:00	2013-04-17 08:56:00	B7.7	11719.0	POINT(73 9)	9	73	903.0	184.0
80440	2013-04-17 19:50:00	2013-04-17 20:11:00	2013-04-17 20:29:00	C1.3	11719.0	POINT(88 10)	10	88	954.0	170.0
80450	2013-04-17 20:49:00	2013-04-17 20:52:00	2013-04-17 20:57:00	C1.2	11719.0	POINT(81 9)	9	81	932.0	168.0
80460	2013-04-17 22:03:00	2013-04-17 22:07:00	2013-04-17 22:10:00	B4.8		POINT(51 -20)	-20	51	701.0	-276.0
80470	2013-04-18 02:34:00	2013-04-18 02:39:00	2013-04-18 02:43:00	B6.6		POINT(80 9)	9	80	930.0	170.0
80480	2013-04-18 07:56:00	2013-04-18 08:19:00	2013-04-18 08:38:00	C1.6	11719.0	POINT(79 9)	9	79	947.0	170.0
80490	2013-04-18 17:56:00	2013-04-18 18:23:00	2013-04-18 19:04:00	C6.5	11719.0	POINT(88 11)	11	88	971.0	195.0
80500	2013-04-19 14:37:00	2013-04-19 14:44:00	2013-04-19 14:53:00	C1.1		POINT(-88 -16)	-16	-88	-929.0	-282.0
80510	2013-04-19 22:15:00	2013-04-19 22:21:00	2013-04-19 22:26:00	C1.0		POINT(-88 -17)	-17	-88	-924.0	-290.0
80520	2013-04-19 23:09:00	2013-04-19 23:12:00	2013-04-19 23:14:00	B6.3	11726.0	POINT(-3 12)	12	-3	-53.0	282.0
80530	2013-04-20 00:22:00	2013-04-20 00:36:00	2013-04-20 00:38:00	C1.5	11726.0	POINT(-88 -22)	-22	-88	-894.0	-365.0
80540	2013-04-20 01:03:00	2013-04-20 01:46:00	2013-04-20 02:08:00	B8.1	11723.0	POINT(-2 12)	12	-2	-44.0	294.0
80550	2013-04-20 02:26:00	2013-04-20 02:31:00	2013-04-20 02:33:00	C1.4	11726.0	POINT(-2 12)	12	-2	-18.0	284.0
80560	2013-04-20 03:27:00	2013-04-20 03:48:00	2013-04-20 04:02:00	C1.1	11726.0	POINT(-4 14)	14	-4	-73.0	324.0
80570	2013-04-20 07:54:00	2013-04-20 08:02:00	2013-04-20 08:10:00	C1.4	11726.0	POINT(-2 14)	14	-2	-29.0	277.0
80580	2013-04-20 12:34:00	2013-04-20 12:37:00	2013-04-20 12:40:00	B4.1	11726.0	POINT(3 13)	13	3	584.0	-218.0
80590	2013-04-20 17:08:00	2013-04-20 17:16:00	2013-04-20 17:24:00	C1.0	11726.0	POINT(3 11)	11	3	51.0	271.0
80600	2013-04-20 22:09:00	2013-04-20 22:13:00	2013-04-20 22:18:00	C1.1	11726.0	POINT(5 13)	13	5	121.0	277.0
80610	2013-04-20 22:24:00	2013-04-20 22:29:00	2013-04-20 22:33:00	C1.1	11726.0	POINT(6 12)	12	6	116.0	278.0
80620	2013-04-20 22:46:00	2013-04-20 22:52:00	2013-04-20 22:59:00	C1.3	11726.0	POINT(4 14)	14	4	900.0	-339.0
80630	2013-04-21 01:02:00	2013-04-21 01:09:00	2013-04-21 01:16:00	C3.6	11726.0	POINT(10 11)	11	10	120.0	270.0
80640	2013-04-21 02:26:00	2013-04-21 02:29:00	2013-04-21 02:37:00	B7.0	11726.0	POINT(8 11)	11	8	146.0	273.0
80650	2013-04-21 02:48:00	2013-04-21 02:51:00	2013-04-21 02:54:00	B8.4	11726.0	POINT(7 13)	13	7	116.0	300.0
80660	2013-04-21 02:56:00	2013-04-21 03:00:00	2013-04-21 03:02:00	C1.0	11726.0	POINT(7 13)	13	7	126.0	299.0
80670	2013-04-21 05:04:00	2013-04-21 05:14:00	2013-04-21 05:18:00	C1.4	11726.0	POINT(11 13)	13	11	175.0	326.0
80680	2013-04-21 05:57:00	2013-04-21 06:00:00	2013-04-21 06:02:00	C2.7	11726.0	POINT(11 14)	14	11	179.0	330.0
80690	2013-04-21 07:07:00	2013-04-21 07:10:00	2013-04-21 07:20:00	B8.7	11726.0	POINT(12 15)	15	12	258.0	282.0
80700	2013-04-21 07:29:00	2013-04-21 07:34:00	2013-04-21 07:51:00	C1.3	11726.0	POINT(13 12)	12	13	267.0	296.0
80710	2013-04-21 09:13:00	2013-04-21 09:23:00	2013-04-21 09:34:00	C2.5	11726.0	POINT(15 14)	14	15	228.0	303.0
80720	2013-04-21 10:21:00	2013-04-21 10:24:00	2013-04-21 10:26:00	C1.8	11726.0	POINT(14 14)	14	14	278.0	284.0
80730	2013-04-21 10:52:00	2013-04-21 10:55:00	2013-04-21 10:57:00	C1.0	11726.0	POINT(16 11)	11	16	263.0	277.0
80740	2013-04-21 11:38:00	2013-04-21 12:03:00	2013-04-21 12:09:00	C1.0	11726.0	POINT(14 14)	14	14	204.0	311.0
80750	2013-04-21 14:01:00	2013-04-21 14:20:00	2013-04-21 14:26:00	C2.2	11726.0	POINT(17 13)	13	17	268.0	291.0
80760	2013-04-21 15:55:00	2013-04-21 15:58:00	2013-04-21 16:32:00	C2.9	11726.0	POINT(18 13)	13	18	242.0	305.0
80770	2013-04-21 18:33:00	2013-04-21 18:38:00	2013-04-21 18:46:00	C4.5	11726.0	POINT(20 13)	13	20	263.0	303.0
80780	2013-04-21 19:59:00	2013-04-21 20:15:00	2013-04-21 20:32:00	C2.7	11723.0	POINT(53 -19)	-19	53	757.0	-252.0
80790	2013-04-21 23:46:00	2013-04-21 23:50:00	2013-04-21 23:54:00	B7.8	11726.0	POINT(25 12)	12	25	406.0	282.0
80800	2013-04-22 00:54:00	2013-04-22 00:58:00	2013-04-22 01:01:00	B9.6	11726.0	POINT(23 11)	11	23	375.0	270.0
80810	2013-04-22 02:33:00	2013-04-22 02:37:00	2013-04-22 02:47:00	B7.7	11726.0	POINT(19 10)	10	19	321.0	258.0
80820	2013-04-22 04:43:00	2013-04-22 04:46:00	2013-04-22 04:51:00	B6.3	11727.0	POINT(22 14)	14	22	359.0	318.0
80830	2013-04-22 06:06:00	2013-04-22 06:14:00	2013-04-22 06:17:00	B9.5	11726.0	POINT(25 12)	12	25	352.0	297.0
80840	2013-04-22 10:22:00	2013-04-22 10:29:00	2013-04-22 10:31:00	M1.0	11726.0	POINT(24 13)	13	24	382.0	293.0
80850	2013-04-22 11:51:00	2013-04-22 11:55:00	2013-04-22 11:59:00	B6.9		POINT(25 13)	13	25	396.0	293.0
80860	2013-04-22 21:50:00	2013-04-22 21:56:00	2013-04-22 22:02:00	C1.2	11724.0	POINT(43 -26)	-26	43	579.0	-386.0
80870	2013-04-22 22:37:00	2013-04-22 22:40:00	2013-04-22 22:43:00	C2.9		POINT(30 13)	13	30	468.0	291.0
80880	2013-04-22 22:47:00	2013-04-22 22:48:00	2013-04-22 22:50:00	C1.5	11726.0	POINT(31 13)	13	31	480.0	290.0
80890	2013-04-23 02:37:00	2013-04-23 02:46:00	2013-04-23 03:35:00	C1.0		POINT(71 -24)	-24	71	824.0	-365.0
80900	2013-04-23 04:19:00	2013-04-23 04:21:00	2013-04-23 04:23:00	C1.1	11726.0	POINT(41 12)	12	41	622.0	264.0
80910	2013-04-23 11:38:00	2013-04-23 11:41:00	2013-04-23 11:44:00	B8.8		POINT(36 13)	13	36	558.0	288.0
80920	2013-04-23 13:08:00	2013-04-23 13:11:00	2013-04-23 13:13:00	B8.9	11726.0	POINT(44 10)	10	44	667.0	249.0
80930	2013-04-23 13:18:00	2013-04-23 13:21:00	2013-04-23 13:24:00	B8.8	11726.0	POINT(43 9)	9	43	630.0	242.0
80940	2013-04-23 13:27:00	2013-04-23 13:31:00	2013-04-23 13:34:00	C2.1		POINT(40 12)	12	40	601.0	269.0
80950	2013-04-23 13:55:00	2013-04-23 14:13:00	2013-04-23 15:22:00	C8.2	11726.0	POINT(43 9)	9	43	576.0	290.0
80960	2013-04-23 14:58:00	2013-04-23 14:59:00	2013-04-23 15:00:00	C1.2	11726.0	POINT(39 13)	13	39	585.0	288.0
80970	2013-04-23 14:59:00	2013-04-23 15:01:00	2013-04-23 15:05:00	C1.5	11726.0	POINT(42 14)	14	42	581.0	293.0
80980	2013-04-23 15:15:00	2013-04-23 15:18:00	2013-04-23 15:20:00	C2.5	11726.0	POINT(40 15)	15	40	582.0	283.0
80990	2013-04-23 18:10:00	2013-04-23 18:33:00	2013-04-23 18:45:00	C3.0	11723.0	POINT(88 -19)	-19	88	897.0	-322.0
81000	2013-04-23 19:29:00	2013-04-23 19:34:00	2013-04-23 19:39:00	C1.8	11726.0	POINT(43 15)	15	43	633.0	301.0
81010	2013-04-23 23:09:00	2013-04-23 23:13:00	2013-04-23 23:17:00	C1.7	11726.0	POINT(44 11)	11	44	671.0	264.0
81020	2013-04-23 23:21:00	2013-04-23 23:25:00	2013-04-23 23:28:00	C2.5	11726.0	POINT(52 13)	13	52	737.0	275.0
81030	2013-04-24 00:17:00	2013-04-24 00:21:00	2013-04-24 00:23:00	C1.4	11726.0	POINT(46 14)	14	46	665.0	293.0
81040	2013-04-24 03:23:00	2013-04-24 03:28:00	2013-04-24 03:33:00	C1.4	11726.0	POINT(48 13)	13	48	692.0	287.0
81050	2013-04-24 09:57:00	2013-04-24 10:07:00	2013-04-24 10:18:00	C1.6	11726.0	POINT(59 10)	10	59	804.0	215.0
81060	2013-04-24 11:16:00	2013-04-24 11:22:00	2013-04-24 11:33:00	C1.4	11726.0	POINT(59 10)	10	59	791.0	228.0
81070	2013-04-24 13:10:00	2013-04-24 13:23:00	2013-04-24 13:35:00	C1.2	11726.0	POINT(60 12)	12	60	805.0	226.0
81080	2013-04-24 16:50:00	2013-04-24 16:58:00	2013-04-24 17:12:00	C2.5	11726.0	POINT(63 13)	13	63	824.0	223.0
81090	2013-04-24 22:39:00	2013-04-24 22:55:00	2013-04-24 23:26:00	C1.6	11726.0	POINT(65 13)	13	65	854.0	216.0
81100	2013-04-25 00:12:00	2013-04-25 00:21:00	2013-04-25 00:37:00	C2.6	11726.0	POINT(60 14)	14	60	807.0	273.0
81110	2013-04-25 01:57:00	2013-04-25 02:23:00	2013-04-25 02:32:00	C2.0	11724.0	POINT(88 -19)	-19	88	914.0	-317.0
81120	2013-04-25 03:30:00	2013-04-25 03:41:00	2013-04-25 03:51:00	C1.5	11726.0	POINT(63 9)	9	63	845.0	191.0
81130	2013-04-25 08:26:00	2013-04-25 08:32:00	2013-04-25 08:41:00	C2.3		POINT(-79 11)	11	-79	-920.0	201.0
81140	2013-04-25 10:43:00	2013-04-25 10:52:00	2013-04-25 11:10:00	C3.4	11726.0	POINT(66 15)	15	66	843.0	279.0
81150	2013-04-25 14:23:00	2013-04-25 14:35:00	2013-04-25 14:48:00	C1.1	11726.0	POINT(73 11)	11	73	897.0	210.0
81160	2013-04-25 16:12:00	2013-04-25 16:24:00	2013-04-25 16:33:00	C1.5	11726.0	POINT(73 10)	10	73	899.0	200.0
81170	2013-04-25 17:09:00	2013-04-25 17:17:00	2013-04-25 17:23:00	C3.9		POINT(74 11)	11	74	902.0	204.0
81180	2013-04-25 17:24:00	2013-04-25 17:28:00	2013-04-25 17:32:00	C5.6	11726.0	POINT(76 10)	10	76	914.0	182.0
81190	2013-04-25 19:34:00	2013-04-25 19:40:00	2013-04-25 19:43:00	C5.8	11726.0	POINT(77 11)	11	77	912.0	202.0
81200	2013-04-25 21:55:00	2013-04-25 22:02:00	2013-04-25 22:06:00	C5.7	11726.0	POINT(76 14)	14	76	917.0	198.0
81210	2013-04-26 04:22:00	2013-04-26 04:27:00	2013-04-26 04:30:00	C2.5		POINT(81 9)	9	81	929.0	174.0
81220	2013-04-26 06:20:00	2013-04-26 06:27:00	2013-04-26 06:31:00	C7.0	11726.0	POINT(88 9)	9	88	938.0	169.0
81230	2013-04-26 08:24:00	2013-04-26 08:27:00	2013-04-26 08:30:00	C1.5	11726.0	POINT(88 9)	9	88	945.0	163.0
81240	2013-04-26 08:51:00	2013-04-26 08:57:00	2013-04-26 09:01:00	C3.4	11726.0	POINT(88 10)	10	88	939.0	168.0
81250	2013-04-26 12:41:00	2013-04-26 12:57:00	2013-04-26 13:00:00	C3.5	11726.0	POINT(88 11)	11	88	938.0	190.0
81260	2013-04-26 15:34:00	2013-04-26 15:43:00	2013-04-26 16:14:00	C4.4	11726.0	POINT(88 9)	9	88	950.0	162.0
81270	2013-04-26 17:05:00	2013-04-26 17:07:00	2013-04-26 17:13:00	C1.7	11726.0	POINT(9 -16)	-16	9	944.0	183.0
81280	2013-04-26 18:23:00	2013-04-26 18:28:00	2013-04-26 18:36:00	C2.3	11726.0	POINT(88 11)	11	88	937.0	194.0
81290	2013-04-26 20:59:00	2013-04-26 21:17:00	2013-04-26 21:34:00	C2.7	11726.0	POINT(88 9)	9	88	951.0	164.0
81300	2013-04-26 22:09:00	2013-04-26 22:25:00	2013-04-26 22:34:00	C5.7	11726.0	POINT(87 11)	11	87	949.0	159.0
81310	2013-04-27 02:09:00	2013-04-27 02:13:00	2013-04-27 02:18:00	C2.4		POINT(88 12)	12	88	969.0	221.0
81320	2013-04-27 02:45:00	2013-04-27 02:52:00	2013-04-27 03:00:00	C5.2	11726.0	POINT(88 9)	9	88	950.0	154.0
81330	2013-04-27 03:52:00	2013-04-27 03:57:00	2013-04-27 04:01:00	C2.5		POINT(88 13)	13	88	939.0	218.0
81340	2013-04-27 06:17:00	2013-04-27 06:22:00	2013-04-27 06:26:00	C3.1	11726.0	POINT(88 11)	11	88	948.0	195.0
81350	2013-04-27 07:26:00	2013-04-27 07:30:00	2013-04-27 07:38:00	C1.3		POINT(88 12)	12	88	940.0	209.0
81360	2013-04-27 12:06:00	2013-04-27 12:17:00	2013-04-27 12:33:00	C3.1	11726.0	POINT(88 11)	11	88	961.0	201.0
81370	2013-04-27 13:24:00	2013-04-27 13:27:00	2013-04-27 13:37:00	C1.1	11731.0	POINT(89 7)	7	89	958.0	128.0
81380	2013-04-27 15:08:00	2013-04-27 15:13:00	2013-04-27 15:37:00	C1.9	11732.0	POINT(88 11)	11	88	960.0	188.0
81390	2013-04-27 16:21:00	2013-04-27 16:29:00	2013-04-27 16:43:00	C1.5	11732.0	POINT(-77 -21)	-21	-77	-863.0	-337.0
81400	2013-04-28 06:07:00	2013-04-28 06:13:00	2013-04-28 06:17:00	C2.1	11731.0	POINT(-40 10)	10	-40	-605.0	195.0
81410	2013-04-28 14:35:00	2013-04-28 14:38:00	2013-04-28 14:41:00	C1.1	11731.0	POINT(-29 10)	10	-29	-506.0	231.0
81420	2013-04-28 14:53:00	2013-04-28 14:56:00	2013-04-28 14:59:00	C1.9	11731.0	POINT(-29 10)	10	-29	-450.0	236.0
81430	2013-04-28 15:38:00	2013-04-28 15:44:00	2013-04-28 15:49:00	C1.8	11731.0	POINT(-35 9)	9	-35	-552.0	209.0
81440	2013-04-28 15:52:00	2013-04-28 15:55:00	2013-04-28 15:58:00	C3.7	11731.0	POINT(-29 10)	10	-29	-553.0	213.0
81450	2013-04-28 16:58:00	2013-04-28 17:02:00	2013-04-28 17:05:00	C1.8	11731.0	POINT(-28 10)	10	-28	-438.0	225.0
81460	2013-04-28 18:00:00	2013-04-28 18:04:00	2013-04-28 18:06:00	C3.6	11731.0	POINT(-28 10)	10	-28	-432.0	215.0
81470	2013-04-28 20:10:00	2013-04-28 20:17:00	2013-04-28 20:26:00	C4.4	11733.0	POINT(37 -18)	-18	37	549.0	-237.0
81480	2013-04-28 20:59:00	2013-04-28 21:03:00	2013-04-28 21:07:00	C1.5	11731.0	POINT(-20 9)	9	-20	-321.0	216.0
81490	2013-04-28 21:32:00	2013-04-28 21:40:00	2013-04-28 21:43:00	C1.3	11731.0	POINT(-32 8)	8	-32	-495.0	194.0
81500	2013-04-28 23:27:00	2013-04-28 23:30:00	2013-04-28 23:33:00	C3.1	11731.0	POINT(-24 9)	9	-24	-386.0	216.0
81510	2013-04-28 23:55:00	2013-04-29 00:05:00	2013-04-29 00:13:00	C1.7	11731.0	POINT(-30 8)	8	-30	-476.0	207.0
81520	2013-04-29 01:55:00	2013-04-29 02:01:00	2013-04-29 02:07:00	C1.2		POINT(-88 -18)	-18	-88	-900.0	-308.0
81530	2013-04-29 02:24:00	2013-04-29 02:46:00	2013-04-29 02:54:00	C3.0	11732.0	POINT(-55 -18)	-18	-55	-902.0	-311.0
81540	2013-04-29 03:10:00	2013-04-29 03:17:00	2013-04-29 03:21:00	C3.0	11731.0	POINT(-18 11)	11	-18	-265.0	221.0
81550	2013-04-29 03:40:00	2013-04-29 03:44:00	2013-04-29 03:49:00	C1.9		POINT(-88 -19)	-19	-88	-899.0	-314.0
81560	2013-04-29 04:13:00	2013-04-29 04:23:00	2013-04-29 04:27:00	C2.0		POINT(-85 -19)	-19	-85	-897.0	-305.0
81570	2013-04-29 05:02:00	2013-04-29 05:18:00	2013-04-29 05:28:00	C3.3	11732.0	POINT(-62 -21)	-21	-62	-785.0	-323.0
81580	2013-04-29 05:51:00	2013-04-29 05:55:00	2013-04-29 06:00:00	C3.0	11731.0	POINT(-14 10)	10	-14	-246.0	246.0
81590	2013-04-29 09:39:00	2013-04-29 09:46:00	2013-04-29 09:51:00	C1.5		POINT(-82 -19)	-19	-82	-890.0	-308.0
81600	2013-04-29 10:22:00	2013-04-29 10:26:00	2013-04-29 10:37:00	C1.5		POINT(-82 -18)	-18	-82	-890.0	-309.0
81610	2013-04-29 19:26:00	2013-04-29 19:32:00	2013-04-29 19:36:00	C4.0	11733.0	POINT(51 -18)	-18	51	708.0	-252.0
81620	2013-04-29 20:22:00	2013-04-29 20:32:00	2013-04-29 20:44:00	C5.9	11730.0	POINT(21 -17)	-17	21	330.0	-217.0
81630	2013-04-29 21:15:00	2013-04-29 22:01:00	2013-04-29 22:34:00	C3.9	11731.0	POINT(-13 10)	10	-13	-188.0	225.0
81640	2013-04-30 00:08:00	2013-04-30 00:12:00	2013-04-30 00:16:00	C1.3	11731.0	POINT(-10 9)	9	-10	-169.0	228.0
81650	2013-04-30 01:53:00	2013-04-30 01:59:00	2013-04-30 02:06:00	C2.2	11730.0	POINT(25 -17)	-17	25	380.0	-213.0
81660	2013-04-30 03:14:00	2013-04-30 03:17:00	2013-04-30 03:19:00	C1.0	11731.0	POINT(-13 10)	10	-13	-221.0	225.0
81670	2013-04-30 08:39:00	2013-04-30 08:45:00	2013-04-30 08:55:00	C1.8	11730.0	POINT(25 -18)	-18	25	422.0	-227.0
81680	2013-04-30 17:45:00	2013-04-30 17:53:00	2013-04-30 18:02:00	C1.3	11730.0	POINT(31 -17)	-17	31	471.0	-234.0
81690	2013-04-30 19:29:00	2013-04-30 19:59:00	2013-04-30 20:17:00	C3.6	11730.0	POINT(34 -16)	-16	34	522.0	-221.0
81700	2013-04-30 20:43:00	2013-04-30 20:48:00	2013-04-30 20:54:00	C2.6	11730.0	POINT(35 -16)	-16	35	519.0	-223.0
81710	2013-05-01 00:59:00	2013-05-01 01:04:00	2013-05-01 01:13:00	C1.4	11732.0	POINT(-36 -22)	-22	-36	-524.0	-302.0
81720	2013-05-01 01:20:00	2013-05-01 01:26:00	2013-05-01 01:30:00	C9.6	11730.0	POINT(35 -18)	-18	35	527.0	-241.0
81730	2013-05-01 01:47:00	2013-05-01 01:55:00	2013-05-01 02:00:00	C4.1	11730.0	POINT(36 -17)	-17	36	548.0	-234.0
81740	2013-05-01 04:09:00	2013-05-01 04:15:00	2013-05-01 04:22:00	C2.7	11732.0	POINT(-26 -20)	-20	-26	-387.0	-270.0
81750	2013-05-01 06:50:00	2013-05-01 06:55:00	2013-05-01 07:01:00	C2.0	11731.0	POINT(3 10)	10	3	86.0	237.0
81760	2013-05-01 07:23:00	2013-05-01 07:29:00	2013-05-01 07:34:00	C5.5	11730.0	POINT(41 -17)	-17	41	591.0	-212.0
81770	2013-05-01 11:45:00	2013-05-01 11:49:00	2013-05-01 11:52:00	C1.1	11731.0	POINT(11 7)	7	11	185.0	186.0
81780	2013-05-01 11:55:00	2013-05-01 12:03:00	2013-05-01 12:10:00	C1.8	11731.0	POINT(7 9)	9	7	116.0	240.0
81790	2013-05-01 14:07:00	2013-05-01 14:14:00	2013-05-01 14:25:00	C6.6	11731.0	POINT(8 9)	9	8	124.0	239.0
81800	2013-05-01 15:47:00	2013-05-01 16:12:00	2013-05-01 21:33:00	C2.5	11731.0	POINT(9 10)	10	9	149.0	233.0
81810	2013-05-01 18:42:00	2013-05-01 18:51:00	2013-05-01 19:09:00	C2.3	11730.0	POINT(45 -18)	-18	45	645.0	-252.0
81820	2013-05-01 20:03:00	2013-05-01 20:06:00	2013-05-01 20:11:00	C1.4	11734.0	POINT(-48 -16)	-16	-48	-689.0	-228.0
81830	2013-05-01 20:29:00	2013-05-01 20:34:00	2013-05-01 20:58:00	C4.6	11731.0	POINT(13 9)	9	13	159.0	213.0
81840	2013-05-02 01:24:00	2013-05-02 01:27:00	2013-05-02 01:30:00	C1.0		POINT(14 10)	10	14	231.0	236.0
81850	2013-05-02 04:58:00	2013-05-02 05:10:00	2013-05-02 05:19:00	M1.1	11731.0	POINT(26 10)	10	26	406.0	231.0
81860	2013-05-02 16:11:00	2013-05-02 16:16:00	2013-05-02 16:20:00	C1.4	11731.0	POINT(23 10)	10	23	368.0	227.0
81870	2013-05-02 17:04:00	2013-05-02 17:07:00	2013-05-02 17:12:00	C1.0	11730.0	POINT(64 -17)	-17	64	822.0	-252.0
81880	2013-05-02 20:41:00	2013-05-02 20:46:00	2013-05-02 20:49:00	C2.8	11734.0	POINT(-27 -19)	-19	-27	-408.0	-254.0
81890	2013-05-02 21:50:00	2013-05-02 21:57:00	2013-05-02 22:04:00	C2.3	11734.0	POINT(-34 -17)	-17	-34	-527.0	-223.0
81900	2013-05-02 23:03:00	2013-05-02 23:09:00	2013-05-02 23:15:00	C1.7	11734.0	POINT(-34 -16)	-16	-34	-510.0	-192.0
81910	2013-05-03 00:31:00	2013-05-03 00:36:00	2013-05-03 00:40:00	C1.7	11730.0	POINT(67 -16)	-16	67	842.0	-251.0
81920	2013-05-03 01:15:00	2013-05-03 01:19:00	2013-05-03 01:30:00	C1.7	11730.0	POINT(27 9)	9	27	434.0	212.0
81930	2013-05-03 12:03:00	2013-05-03 12:08:00	2013-05-03 12:20:00	C1.7	11731.0	POINT(38 9)	9	38	582.0	215.0
81940	2013-05-03 14:58:00	2013-05-03 15:03:00	2013-05-03 15:07:00	C1.7	11734.0	POINT(-19 -15)	-15	-19	-293.0	-202.0
81950	2013-05-03 16:39:00	2013-05-03 16:55:00	2013-05-03 17:22:00	M1.3	11731.0	POINT(38 10)	10	38	582.0	245.0
81960	2013-05-03 17:24:00	2013-05-03 17:32:00	2013-05-03 17:41:00	M5.7	11739.0	POINT(-81 16)	16	-81	-912.0	255.0
81970	2013-05-03 21:06:00	2013-05-03 21:11:00	2013-05-03 21:18:00	C1.4	11734.0	POINT(-15 -16)	-16	-15	-240.0	-206.0
81980	2013-05-04 03:12:00	2013-05-04 03:18:00	2013-05-04 03:25:00	C2.4	11734.0	POINT(-18 -17)	-17	-18	-291.0	-221.0
81990	2013-05-04 05:44:00	2013-05-04 05:58:00	2013-05-04 06:01:00	C2.0	11734.0	POINT(-17 -17)	-17	-17	-269.0	-218.0
82000	2013-05-04 07:30:00	2013-05-04 07:34:00	2013-05-04 07:40:00	C1.0	11739.0	POINT(-68 12)	12	-68	-865.0	228.0
82010	2013-05-04 07:52:00	2013-05-04 08:00:00	2013-05-04 08:04:00	C3.7	11739.0	POINT(-68 13)	13	-68	-861.0	238.0
82020	2013-05-04 12:23:00	2013-05-04 12:36:00	2013-05-04 12:42:00	C5.6	11739.0	POINT(-65 13)	13	-65	-845.0	242.0
82030	2013-05-04 13:20:00	2013-05-04 13:23:00	2013-05-04 13:26:00	C1.4	11731.0	POINT(48 8)	8	48	702.0	209.0
82040	2013-05-04 16:07:00	2013-05-04 16:22:00	2013-05-04 16:44:00	C2.0	11731.0	POINT(53 12)	12	53	749.0	242.0
82050	2013-05-04 18:16:00	2013-05-04 18:21:00	2013-05-04 18:26:00	C1.6	11731.0	POINT(-67 15)	15	-67	-845.0	277.0
82060	2013-05-04 19:31:00	2013-05-04 19:37:00	2013-05-04 19:42:00	C2.2	11739.0	POINT(-61 12)	12	-61	-818.0	227.0
82070	2013-05-04 23:25:00	2013-05-04 23:28:00	2013-05-04 23:30:00	C1.3	11734.0	POINT(-7 -21)	-21	-7	-113.0	-296.0
82080	2013-05-04 23:45:00	2013-05-04 23:49:00	2013-05-04 23:54:00	C1.7	11739.0	POINT(-58 12)	12	-58	-798.0	229.0
82090	2013-05-05 00:45:00	2013-05-05 00:49:00	2013-05-05 00:54:00	C8.0	11739.0	POINT(-57 11)	11	-57	-794.0	230.0
82100	2013-05-05 03:01:00	2013-05-05 03:11:00	2013-05-05 03:27:00	C1.2	11739.0	POINT(-64 16)	16	-64	-827.0	288.0
82110	2013-05-05 03:53:00	2013-05-05 03:57:00	2013-05-05 04:02:00	B9.3	11734.0	POINT(-10 -19)	-19	-10	-156.0	-252.0
82120	2013-05-05 04:53:00	2013-05-05 04:57:00	2013-05-05 05:01:00	B9.3	11730.0	POINT(-56 12)	12	-56	-775.0	239.0
82130	2013-05-05 05:09:00	2013-05-05 05:15:00	2013-05-05 05:21:00	C1.6	11739.0	POINT(-56 12)	12	-56	-773.0	239.0
82140	2013-05-05 06:39:00	2013-05-05 06:44:00	2013-05-05 06:48:00	C8.4	11739.0	POINT(-55 14)	14	-55	-759.0	245.0
82150	2013-05-05 08:33:00	2013-05-05 08:37:00	2013-05-05 08:42:00	C1.1		POINT(-53 12)	12	-53	-749.0	237.0
82160	2013-05-05 08:51:00	2013-05-05 08:56:00	2013-05-05 08:59:00	C1.1	11739.0	POINT(-54 12)	12	-54	-757.0	243.0
82170	2013-05-05 09:30:00	2013-05-05 09:33:00	2013-05-05 09:36:00	C2.3	11739.0	POINT(-53 14)	14	-53	-744.0	240.0
82180	2013-05-05 10:25:00	2013-05-05 10:28:00	2013-05-05 10:30:00	B9.3	11739.0	POINT(-53 14)	14	-53	-740.0	237.0
82190	2013-05-05 10:36:00	2013-05-05 10:41:00	2013-05-05 10:44:00	C1.7		POINT(-87 -17)	-17	-87	-906.0	-305.0
82200	2013-05-05 13:43:00	2013-05-05 13:51:00	2013-05-05 13:55:00	C1.3		POINT(-84 -18)	-18	-84	-897.0	-297.0
82210	2013-05-05 15:26:00	2013-05-05 15:30:00	2013-05-05 15:36:00	B8.4		POINT(62 14)	14	62	815.0	269.0
82220	2013-05-05 15:58:00	2013-05-05 16:01:00	2013-05-05 16:03:00	C1.3		POINT(-46 10)	10	-46	-680.0	221.0
82230	2013-05-05 16:07:00	2013-05-05 16:11:00	2013-05-05 16:17:00	C3.2	11734.0	POINT(-47 11)	11	-47	-689.0	224.0
82240	2013-05-05 16:19:00	2013-05-05 16:23:00	2013-05-05 16:26:00	C3.8		POINT(-46 11)	11	-46	-682.0	230.0
82250	2013-05-05 16:48:00	2013-05-05 16:53:00	2013-05-05 17:00:00	C2.2		POINT(-49 13)	13	-49	-701.0	256.0
82260	2013-05-05 17:42:00	2013-05-05 17:56:00	2013-05-05 17:58:00	M1.4	11739.0	POINT(-46 11)	11	-46	-674.0	230.0
82270	2013-05-05 19:57:00	2013-05-05 20:02:00	2013-05-05 20:04:00	C8.3	11739.0	POINT(-45 11)	11	-45	-662.0	232.0
82280	2013-05-05 20:54:00	2013-05-05 20:59:00	2013-05-05 21:01:00	C1.1	11731.0	POINT(66 11)	11	66	852.0	197.0
82290	2013-05-05 22:59:00	2013-05-05 23:03:00	2013-05-05 23:07:00	C1.3		POINT(-43 11)	11	-43	-638.0	226.0
82300	2013-05-06 00:08:00	2013-05-06 00:13:00	2013-05-06 00:17:00	C2.3	11739.0	POINT(-42 11)	11	-42	-632.0	232.0
82310	2013-05-06 01:03:00	2013-05-06 01:07:00	2013-05-06 01:09:00	C1.0	11739.0	POINT(-42 11)	11	-42	-629.0	231.0
82320	2013-05-06 01:41:00	2013-05-06 01:46:00	2013-05-06 01:51:00	C1.0	11740.0	POINT(-41 11)	11	-41	-623.0	231.0
82330	2013-05-06 01:58:00	2013-05-06 02:05:00	2013-05-06 02:13:00	C2.4	11739.0	POINT(-48 13)	13	-48	-695.0	258.0
82340	2013-05-06 08:03:00	2013-05-06 08:08:00	2013-05-06 08:12:00	C1.3	11741.0	POINT(-75 -17)	-17	-75	-864.0	-292.0
82350	2013-05-06 14:59:00	2013-05-06 15:04:00	2013-05-06 15:11:00	C1.1	11731.0	POINT(89 8)	8	89	951.0	137.0
82360	2013-05-07 03:11:00	2013-05-07 03:14:00	2013-05-07 03:17:00	B8.0		POINT(89 10)	10	89	940.0	174.0
82370	2013-05-07 05:35:00	2013-05-07 05:39:00	2013-05-07 05:43:00	C1.2	11736.0	POINT(-28 13)	13	-28	-441.0	272.0
82380	2013-05-07 08:16:00	2013-05-07 08:23:00	2013-05-07 08:33:00	C1.6	11734.0	POINT(28 -18)	-18	28	457.0	-206.0
82390	2013-05-07 11:16:00	2013-05-07 11:22:00	2013-05-07 11:35:00	B9.0	11734.0	POINT(30 -18)	-18	30	480.0	-221.0
82400	2013-05-07 15:44:00	2013-05-07 15:52:00	2013-05-07 16:01:00	C1.4	11731.0	POINT(89 11)	11	89	947.0	191.0
82410	2013-05-07 19:12:00	2013-05-07 19:16:00	2013-05-07 19:19:00	B7.8	11732.0	POINT(59 -13)	-13	59	798.0	-215.0
82420	2013-05-07 22:11:00	2013-05-07 22:18:00	2013-05-07 22:32:00	C1.3	11739.0	POINT(-6 15)	15	-6	-104.0	307.0
82430	2013-05-08 00:15:00	2013-05-08 00:22:00	2013-05-08 00:30:00	C2.9	11738.0	POINT(-5 15)	15	-5	-78.0	308.0
82440	2013-05-08 06:28:00	2013-05-08 06:39:00	2013-05-08 06:56:00	C1.1		POINT(-89 2)	2	-89	-966.0	50.0
82450	2013-05-08 16:41:00	2013-05-08 17:19:00	2013-05-08 17:52:00	C1.0	11731.0	POINT(89 4)	4	89	965.0	81.0
82460	2013-05-08 18:57:00	2013-05-08 19:05:00	2013-05-08 19:11:00	C1.1	11736.0	POINT(50 -16)	-16	50	701.0	-237.0
82470	2013-05-09 01:14:00	2013-05-09 01:21:00	2013-05-09 01:36:00	B9.5	11736.0	POINT(53 -17)	-17	53	735.0	-247.0
82480	2013-05-09 05:16:00	2013-05-09 05:23:00	2013-05-09 05:31:00	C3.4	11736.0	POINT(54 -16)	-16	54	748.0	-237.0
82490	2013-05-09 12:20:00	2013-05-09 12:23:00	2013-05-09 12:25:00	B9.2	11736.0	POINT(63 -6)	-6	63	848.0	-91.0
82500	2013-05-09 16:33:00	2013-05-09 16:42:00	2013-05-09 16:55:00	C1.4		POINT(-89 9)	9	-89	-951.0	161.0
82510	2013-05-09 17:36:00	2013-05-09 17:42:00	2013-05-09 18:11:00	C2.7	11744.0	POINT(-74 4)	4	-74	-920.0	79.0
82520	2013-05-09 20:28:00	2013-05-09 20:31:00	2013-05-09 20:34:00	C1.3	11742.0	POINT(61 -17)	-17	61	800.0	-258.0
82530	2013-05-09 20:52:00	2013-05-09 21:00:00	2013-05-09 21:17:00	C2.2	11744.0	POINT(63 -17)	-17	63	811.0	-256.0
82540	2013-05-09 21:50:00	2013-05-09 22:01:00	2013-05-09 22:11:00	C1.6	11744.0	POINT(-77 4)	4	-77	-924.0	84.0
82550	2013-05-09 22:52:00	2013-05-09 23:16:00	2013-05-09 23:32:00	C9.0	11744.0	POINT(-89 10)	10	-89	-947.0	176.0
82560	2013-05-10 00:44:00	2013-05-10 00:57:00	2013-05-10 01:08:00	M3.9	11745.0	POINT(-88 12)	12	-88	-939.0	215.0
82570	2013-05-10 02:40:00	2013-05-10 02:44:00	2013-05-10 02:47:00	C3.1	11744.0	POINT(-73 4)	4	-73	-910.0	88.0
82580	2013-05-10 02:57:00	2013-05-10 03:01:00	2013-05-10 03:06:00	C2.1	11744.0	POINT(66 -17)	-17	66	834.0	-261.0
82590	2013-05-10 04:01:00	2013-05-10 04:07:00	2013-05-10 04:14:00	C1.9	11745.0	POINT(-89 12)	12	-89	-938.0	208.0
82600	2013-05-10 05:06:00	2013-05-10 05:09:00	2013-05-10 05:15:00	C1.2	11742.0	POINT(-47 29)	29	-47	-612.0	495.0
82610	2013-05-10 09:44:00	2013-05-10 09:50:00	2013-05-10 09:56:00	C1.8	11745.0	POINT(-88 12)	12	-88	-939.0	216.0
82620	2013-05-10 12:37:00	2013-05-10 12:56:00	2013-05-10 13:04:00	M1.3	11745.0	POINT(-89 12)	12	-89	-944.0	204.0
82630	2013-05-10 14:30:00	2013-05-10 14:37:00	2013-05-10 14:42:00	C2.5	11745.0	POINT(-88 13)	13	-88	-935.0	224.0
82640	2013-05-10 16:30:00	2013-05-10 16:43:00	2013-05-10 17:25:00	C2.5	11739.0	POINT(18 14)	14	18	271.0	277.0
82650	2013-05-10 22:35:00	2013-05-10 22:42:00	2013-05-10 22:48:00	C1.8	11745.0	POINT(-89 11)	11	-89	-937.0	190.0
82660	2013-05-11 02:52:00	2013-05-11 02:56:00	2013-05-11 03:01:00	C1.3	11744.0	POINT(-56 3)	3	-56	-807.0	89.0
82670	2013-05-11 12:36:00	2013-05-11 12:47:00	2013-05-11 13:06:00	C1.4	11746.0	POINT(-74 -28)	-28	-74	-813.0	-443.0
82680	2013-05-11 13:31:00	2013-05-11 13:59:00	2013-05-11 14:09:00	C2.2	11745.0	POINT(-74 11)	11	-74	-921.0	200.0
82690	2013-05-11 16:22:00	2013-05-11 16:44:00	2013-05-11 16:50:00	C1.5	11734.0	POINT(89 -17)	-17	89	922.0	-290.0
82700	2013-05-11 18:03:00	2013-05-11 18:05:00	2013-05-11 18:09:00	C1.0	11746.0	POINT(-71 -27)	-27	-71	-800.0	-433.0
82710	2013-05-11 18:48:00	2013-05-11 19:16:00	2013-05-11 19:23:00	C2.8	11739.0	POINT(34 13)	13	34	519.0	270.0
82720	2013-05-11 19:35:00	2013-05-11 19:48:00	2013-05-11 20:03:00	C8.0	11746.0	POINT(-73 -28)	-28	-73	-796.0	-446.0
82730	2013-05-12 02:00:00	2013-05-12 02:11:00	2013-05-12 02:16:00	C1.2	11745.0	POINT(-70 14)	14	-70	-866.0	261.0
82740	2013-05-12 02:33:00	2013-05-12 02:53:00	2013-05-12 03:13:00	C1.1	11734.0	POINT(89 -15)	-15	89	955.0	-258.0
82750	2013-05-12 03:21:00	2013-05-12 03:27:00	2013-05-12 03:31:00	C1.1	11744.0	POINT(-42 4)	4	-42	-641.0	109.0
82760	2013-05-12 03:37:00	2013-05-12 03:41:00	2013-05-12 03:45:00	C1.2	11744.0	POINT(-42 5)	5	-42	-640.0	127.0
82770	2013-05-12 04:11:00	2013-05-12 04:36:00	2013-05-12 04:45:00	C2.2	11746.0	POINT(89 -17)	-17	89	917.0	-294.0
82780	2013-05-12 05:18:00	2013-05-12 05:27:00	2013-05-12 05:30:00	C1.2	11745.0	POINT(-68 14)	14	-68	-853.0	257.0
82790	2013-05-12 05:58:00	2013-05-12 06:01:00	2013-05-12 06:03:00	C1.0	11734.0	POINT(-25 20)	20	-25	-386.0	381.0
82800	2013-05-12 06:16:00	2013-05-12 06:19:00	2013-05-12 06:24:00	C1.3	11744.0	POINT(-41 5)	5	-41	-630.0	128.0
82810	2013-05-12 06:26:00	2013-05-12 06:27:00	2013-05-12 06:29:00	C1.3	11745.0	POINT(-67 15)	15	-67	-851.0	263.0
82820	2013-05-12 08:22:00	2013-05-12 08:26:00	2013-05-12 08:28:00	C1.5	11745.0	POINT(-43 2)	2	-43	-653.0	81.0
82830	2013-05-12 08:57:00	2013-05-12 09:03:00	2013-05-12 09:14:00	C1.6	11743.0	POINT(89 -17)	-17	89	917.0	-296.0
82840	2013-05-12 09:40:00	2013-05-12 10:23:00	2013-05-12 10:41:00	C1.6	11743.0	POINT(33 -22)	-22	33	486.0	-318.0
82850	2013-05-12 15:57:00	2013-05-12 16:01:00	2013-05-12 16:05:00	C2.0	11745.0	POINT(-69 19)	19	-69	-814.0	274.0
82860	2013-05-12 20:17:00	2013-05-12 20:32:00	2013-05-12 21:03:00	M1.9	11748.0	POINT(-89 10)	10	-89	-947.0	174.0
82870	2013-05-12 22:37:00	2013-05-12 22:44:00	2013-05-12 22:52:00	M1.2	11748.0	POINT(-89 10)	10	-89	-947.0	171.0
82880	2013-05-13 00:32:00	2013-05-13 00:39:00	2013-05-13 00:46:00	C9.3	11748.0	POINT(-89 11)	11	-89	-940.0	195.0
82890	2013-05-13 01:53:00	2013-05-13 02:17:00	2013-05-13 02:32:00	X1.7	11748.0	POINT(-89 11)	11	-89	-947.0	185.0
82900	2013-05-13 07:02:00	2013-05-13 07:06:00	2013-05-13 07:09:00	C2.4		POINT(-89 10)	10	-89	-941.0	177.0
82910	2013-05-13 08:02:00	2013-05-13 08:07:00	2013-05-13 08:11:00	C2.0		POINT(-89 10)	10	-89	-943.0	172.0
82920	2013-05-13 08:35:00	2013-05-13 08:38:00	2013-05-13 08:44:00	C4.5	11745.0	POINT(-48 14)	14	-48	-940.0	180.0
82930	2013-05-13 09:24:00	2013-05-13 09:29:00	2013-05-13 09:37:00	C2.8	11748.0	POINT(-89 10)	10	-89	-947.0	173.0
82940	2013-05-13 10:34:00	2013-05-13 10:37:00	2013-05-13 10:40:00	C1.7		POINT(-89 11)	11	-89	-930.0	191.0
82950	2013-05-13 11:57:00	2013-05-13 12:03:00	2013-05-13 12:09:00	M1.3	11748.0	POINT(-89 10)	10	-89	-942.0	174.0
82960	2013-05-13 12:47:00	2013-05-13 12:52:00	2013-05-13 13:00:00	C4.0	11748.0	POINT(-89 10)	10	-89	-942.0	172.0
82970	2013-05-13 13:55:00	2013-05-13 14:40:00	2013-05-13 15:10:00	C5.3	11748.0	POINT(-89 10)	10	-89	-944.0	180.0
82980	2013-05-13 15:48:00	2013-05-13 16:01:00	2013-05-13 16:37:00	X2.8	11748.0	POINT(-85 11)	11	-85	-942.0	149.0
82990	2013-05-13 21:26:00	2013-05-13 21:28:00	2013-05-13 21:29:00	C2.9	11748.0	POINT(-86 11)	11	-86	-931.0	182.0
83000	2013-05-13 21:58:00	2013-05-13 22:05:00	2013-05-13 22:11:00	C8.3	11745.0	POINT(-37 12)	12	-37	-932.0	182.0
83010	2013-05-14 00:00:00	2013-05-14 01:11:00	2013-05-14 01:20:00	X3.2	11748.0	POINT(-77 8)	8	-77	-918.0	147.0
83020	2013-05-14 12:18:00	2013-05-14 12:22:00	2013-05-14 12:24:00	C1.8	11748.0	POINT(-77 13)	13	-77	-900.0	185.0
83030	2013-05-14 21:56:00	2013-05-14 22:04:00	2013-05-14 22:21:00	C4.3	11748.0	POINT(-65 11)	11	-65	-848.0	210.0
83040	2013-05-14 22:46:00	2013-05-14 22:54:00	2013-05-14 22:58:00	C2.0	11743.0	POINT(10 21)	21	10	166.0	393.0
83050	2013-05-15 01:24:00	2013-05-15 01:40:00	2013-05-15 02:30:00	X1.2	11748.0	POINT(-64 12)	12	-64	-867.0	192.0
83060	2013-05-15 12:08:00	2013-05-15 12:37:00	2013-05-15 13:08:00	C1.6	11748.0	POINT(-57 12)	12	-57	-797.0	221.0
83070	2013-05-15 13:27:00	2013-05-15 13:30:00	2013-05-15 13:33:00	C1.4	11745.0	POINT(-22 16)	16	-22	-357.0	300.0
83080	2013-05-15 16:09:00	2013-05-15 16:13:00	2013-05-15 16:18:00	C1.1	11738.0	POINT(88 17)	17	88	914.0	287.0
83090	2013-05-15 22:26:00	2013-05-15 22:31:00	2013-05-15 22:41:00	C1.1	11748.0	POINT(-17 -26)	-26	-17	-259.0	-380.0
83100	2013-05-16 12:14:00	2013-05-16 12:17:00	2013-05-16 12:26:00	C1.2	11744.0	POINT(18 5)	5	18	299.0	138.0
83110	2013-05-16 15:37:00	2013-05-16 15:49:00	2013-05-16 16:00:00	C1.1	11752.0	POINT(-45 10)	10	-45	-662.0	198.0
83120	2013-05-16 18:30:00	2013-05-16 18:35:00	2013-05-16 18:40:00	C1.1	11748.0	POINT(-43 9)	9	-43	-648.0	191.0
83130	2013-05-16 19:17:00	2013-05-16 19:24:00	2013-05-16 19:30:00	C4.8	11748.0	POINT(-41 13)	13	-41	-644.0	195.0
83140	2013-05-16 21:36:00	2013-05-16 21:53:00	2013-05-16 22:03:00	M1.3	11748.0	POINT(-41 13)	13	-41	-610.0	216.0
83150	2013-05-17 04:37:00	2013-05-17 04:41:00	2013-05-17 04:43:00	C5.0	11744.0	POINT(29 6)	6	29	467.0	124.0
83160	2013-05-17 08:43:00	2013-05-17 08:57:00	2013-05-17 09:19:00	M3.2	11748.0	POINT(-57 12)	12	-57	-559.0	212.0
83170	2013-05-18 03:30:00	2013-05-18 03:45:00	2013-05-18 03:56:00	C6.0	11748.0	POINT(-23 11)	11	-23	-366.0	218.0
83180	2013-05-18 05:05:00	2013-05-18 05:18:00	2013-05-18 05:31:00	C1.2	11743.0	POINT(57 18)	18	57	741.0	364.0
83190	2013-05-18 06:32:00	2013-05-18 06:56:00	2013-05-18 07:09:00	C1.3	11752.0	POINT(42 17)	17	42	789.0	359.0
83200	2013-05-18 08:27:00	2013-05-18 08:35:00	2013-05-18 08:41:00	B9.7		POINT(-89 -21)	-21	-89	-887.0	-351.0
83210	2013-05-18 18:12:00	2013-05-18 18:22:00	2013-05-18 18:25:00	C1.1	11748.0	POINT(-19 11)	11	-19	-294.0	215.0
83220	2013-05-18 20:16:00	2013-05-18 21:18:00	2013-05-18 21:55:00	C2.9		POINT(-89 7)	7	-89	-956.0	122.0
83230	2013-05-19 08:35:00	2013-05-19 08:38:00	2013-05-19 08:40:00	C1.2	11752.0	POINT(69 19)	19	69	816.0	356.0
83240	2013-05-19 09:08:00	2013-05-19 09:15:00	2013-05-19 09:24:00	C3.4	11750.0	POINT(58 -11)	-11	58	800.0	-125.0
83250	2013-05-19 11:42:00	2013-05-19 11:50:00	2013-05-19 11:57:00	C1.1	11750.0	POINT(60 -8)	-8	60	819.0	-124.0
83260	2013-05-19 12:22:00	2013-05-19 12:25:00	2013-05-19 12:29:00	C1.4	11750.0	POINT(63 -9)	-9	63	820.0	-137.0
83270	2013-05-19 14:11:00	2013-05-19 14:16:00	2013-05-19 14:34:00	C1.1	11750.0	POINT(63 -9)	-9	63	833.0	-135.0
83280	2013-05-19 15:07:00	2013-05-19 15:15:00	2013-05-19 15:24:00	C6.3	11750.0	POINT(63 -9)	-9	63	828.0	-132.0
83290	2013-05-19 17:06:00	2013-05-19 17:24:00	2013-05-19 17:35:00	C4.2		POINT(-89 9)	9	-89	-948.0	156.0
83300	2013-05-19 17:07:00	2013-05-19 17:50:00	2013-05-19 18:18:00	C9.9		POINT(-89 11)	11	-89	-943.0	199.0
83310	2013-05-19 21:11:00	2013-05-19 21:21:00	2013-05-19 21:26:00	C4.7	11750.0	POINT(65 -8)	-8	65	862.0	-125.0
83320	2013-05-20 00:41:00	2013-05-20 00:47:00	2013-05-20 00:53:00	C4.0	11748.0	POINT(68 -8)	-8	68	871.0	-130.0
83330	2013-05-20 05:16:00	2013-05-20 05:25:00	2013-05-20 06:03:00	M1.7	11755.0	POINT(-89 9)	9	-89	-944.0	161.0
83340	2013-05-20 14:21:00	2013-05-20 14:28:00	2013-05-20 14:32:00	C2.7	11748.0	POINT(9 14)	14	9	126.0	251.0
83350	2013-05-20 14:48:00	2013-05-20 15:03:00	2013-05-20 15:24:00	C9.6	11748.0	POINT(8 13)	13	8	137.0	255.0
83360	2013-05-20 16:20:00	2013-05-20 16:26:00	2013-05-20 16:30:00	C6.0	11748.0	POINT(9 13)	13	9	149.0	254.0
83370	2013-05-20 19:14:00	2013-05-20 19:18:00	2013-05-20 19:29:00	C1.3	11748.0	POINT(11 13)	13	11	180.0	254.0
83380	2013-05-20 20:02:00	2013-05-20 20:10:00	2013-05-20 20:18:00	C1.6	11753.0	POINT(-66 5)	5	-66	-871.0	101.0
83390	2013-05-20 22:27:00	2013-05-20 22:30:00	2013-05-20 22:33:00	C1.3	11748.0	POINT(11 11)	11	11	202.0	249.0
83400	2013-05-21 00:01:00	2013-05-21 00:10:00	2013-05-21 00:15:00	C1.5	11751.0	POINT(-84 10)	10	-84	-934.0	164.0
83410	2013-05-21 07:27:00	2013-05-21 07:48:00	2013-05-21 07:54:00	C1.1	11751.0	POINT(-60 5)	5	-60	-825.0	104.0
83420	2013-05-21 10:23:00	2013-05-21 10:40:00	2013-05-21 10:50:00	C1.2	11745.0	POINT(56 15)	15	56	760.0	267.0
83430	2013-05-21 15:20:00	2013-05-21 15:25:00	2013-05-21 15:27:00	B8.9	11748.0	POINT(27 14)	14	27	430.0	249.0
83440	2013-05-21 17:32:00	2013-05-21 17:37:00	2013-05-21 17:40:00	C1.0	11755.0	POINT(-73 9)	9	-73	-896.0	167.0
83450	2013-05-21 22:02:00	2013-05-21 22:09:00	2013-05-21 22:14:00	C1.5		POINT(89 -10)	-10	89	941.0	-174.0
83460	2013-05-21 22:32:00	2013-05-21 22:37:00	2013-05-21 22:43:00	C2.9	11756.0	POINT(-58 -20)	-20	-58	-746.0	-303.0
83470	2013-05-22 00:12:00	2013-05-22 00:24:00	2013-05-22 00:36:00	C1.1	11756.0	POINT(-56 -20)	-20	-56	-730.0	-304.0
83480	2013-05-22 00:50:00	2013-05-22 00:54:00	2013-05-22 00:57:00	C2.3	11756.0	POINT(-54 -19)	-19	-54	-724.0	-305.0
83490	2013-05-22 02:25:00	2013-05-22 02:56:00	2013-05-22 03:08:00	C1.9	11745.0	POINT(-66 9)	9	-66	-857.0	164.0
83500	2013-05-22 13:08:00	2013-05-22 13:32:00	2013-05-22 14:08:00	M5.0	11745.0	POINT(87 14)	14	87	916.0	238.0
83510	2013-05-22 19:46:00	2013-05-22 20:09:00	2013-05-22 20:17:00	C2.4	11756.0	POINT(-48 -20)	-20	-48	-674.0	-295.0
83520	2013-05-23 09:09:00	2013-05-23 09:14:00	2013-05-23 09:18:00	C1.4	11755.0	POINT(-52 10)	10	-52	-742.0	183.0
83530	2013-05-23 12:26:00	2013-05-23 12:29:00	2013-05-23 12:31:00	C1.3	11755.0	POINT(-49 13)	13	-49	675.0	170.0
83540	2013-05-23 14:43:00	2013-05-23 14:50:00	2013-05-23 15:00:00	C3.9	11756.0	POINT(-37 -20)	-20	-37	-534.0	-302.0
83550	2013-05-23 15:25:00	2013-05-23 15:33:00	2013-05-23 15:49:00	C2.6	11756.0	POINT(-37 -20)	-20	-37	-519.0	-298.0
83560	2013-05-23 18:20:00	2013-05-23 18:27:00	2013-05-23 18:39:00	C1.8	11756.0	POINT(-36 -19)	-19	-36	-944.0	-165.0
83570	2013-05-23 18:41:00	2013-05-23 18:47:00	2013-05-23 18:54:00	C3.4	11756.0	POINT(-33 -19)	-19	-33	-492.0	-296.0
83580	2013-05-24 01:19:00	2013-05-24 01:24:00	2013-05-24 01:32:00	C2.5	11757.0	POINT(-89 -10)	-10	-89	-935.0	-173.0
83590	2013-05-24 16:31:00	2013-05-24 16:35:00	2013-05-24 16:41:00	C2.1	11756.0	POINT(-22 -18)	-18	-22	-335.0	-281.0
83600	2013-05-24 20:35:00	2013-05-24 20:39:00	2013-05-24 20:41:00	C1.0	11757.0	POINT(-89 -11)	-11	-89	-933.0	-186.0
83610	2013-05-24 20:54:00	2013-05-24 20:59:00	2013-05-24 21:02:00	B9.0	11753.0	POINT(-17 5)	5	-17	-288.0	114.0
83620	2013-05-24 22:44:00	2013-05-24 22:48:00	2013-05-24 22:54:00	B9.8	11757.0	POINT(66 12)	12	66	853.0	208.0
83630	2013-05-25 01:29:00	2013-05-25 01:33:00	2013-05-25 01:37:00	C1.6	11756.0	POINT(-16 -17)	-17	-16	-255.0	-269.0
83640	2013-05-25 04:33:00	2013-05-25 04:40:00	2013-05-25 04:48:00	C1.1	11756.0	POINT(-15 -19)	-19	-15	-233.0	-291.0
83650	2013-05-25 10:39:00	2013-05-25 10:49:00	2013-05-25 10:59:00	C2.1	11755.0	POINT(-23 11)	11	-23	-373.0	215.0
83660	2013-05-25 16:48:00	2013-05-25 16:52:00	2013-05-25 16:55:00	B6.2	11754.0	POINT(13 -20)	-20	13	204.0	-315.0
83670	2013-05-25 20:15:00	2013-05-25 20:28:00	2013-05-25 20:44:00	C1.6	11755.0	POINT(-16 13)	13	-16	-243.0	254.0
83680	2013-05-26 00:27:00	2013-05-26 00:34:00	2013-05-26 00:41:00	B7.7	11756.0	POINT(3 -20)	-20	3	63.0	-321.0
83690	2013-05-26 01:50:00	2013-05-26 01:53:00	2013-05-26 01:55:00	B6.1	11756.0	POINT(-3 -18)	-18	-3	-60.0	-280.0
83700	2013-05-26 09:43:00	2013-05-26 09:57:00	2013-05-26 10:10:00	C3.8	11756.0	POINT(11 -17)	-17	11	193.0	-250.0
83710	2013-05-26 20:58:00	2013-05-26 21:47:00	2013-05-26 22:03:00	C1.7	11756.0	POINT(12 -22)	-22	12	192.0	-339.0
83720	2013-05-27 01:49:00	2013-05-27 02:11:00	2013-05-27 02:29:00	B8.1	11756.0	POINT(19 -15)	-15	19	302.0	-242.0
83730	2013-05-27 21:38:00	2013-05-27 21:42:00	2013-05-27 21:46:00	B6.8	11756.0	POINT(43 -20)	-20	43	609.0	-320.0
83740	2013-05-28 04:41:00	2013-05-28 04:47:00	2013-05-28 04:53:00	B9.6	11755.0	POINT(14 11)	11	14	236.0	213.0
83750	2013-05-28 23:09:00	2013-05-28 23:13:00	2013-05-28 23:16:00	B8.2		POINT(-85 11)	11	-85	-924.0	188.0
83760	2013-05-29 00:33:00	2013-05-29 00:37:00	2013-05-29 00:40:00	B8.3		POINT(-81 12)	12	-81	-915.0	201.0
83770	2013-05-29 00:52:00	2013-05-29 00:55:00	2013-05-29 00:56:00	B4.2	11760.0	POINT(-82 11)	11	-82	-920.0	190.0
83780	2013-05-29 02:12:00	2013-05-29 02:18:00	2013-05-29 02:22:00	C1.5		POINT(-82 11)	11	-82	-919.0	193.0
83790	2013-05-29 02:47:00	2013-05-29 02:49:00	2013-05-29 02:51:00	B4.5	11760.0	POINT(-82 11)	11	-82	-917.0	198.0
83800	2013-05-29 03:12:00	2013-05-29 03:25:00	2013-05-29 03:36:00	B5.4	11757.0	POINT(39 -20)	-20	39	567.0	-320.0
83810	2013-05-29 04:41:00	2013-05-29 04:44:00	2013-05-29 04:46:00	B4.5	11754.0	POINT(59 -20)	-20	59	761.0	-329.0
83820	2013-05-29 06:48:00	2013-05-29 07:36:00	2013-05-29 07:58:00	C1.2	11755.0	POINT(40 -20)	-20	40	582.0	-318.0
83830	2013-05-29 08:56:00	2013-05-29 09:01:00	2013-05-29 09:09:00	B8.6	11755.0	POINT(-76 12)	12	-76	-900.0	201.0
83840	2013-05-29 15:27:00	2013-05-29 15:29:00	2013-05-29 15:39:00	B3.8	11760.0	POINT(-80 17)	17	-80	-884.0	203.0
83850	2013-05-29 16:19:00	2013-05-29 16:22:00	2013-05-29 16:25:00	B4.8	11760.0	POINT(-70 12)	12	-70	-872.0	206.0
83860	2013-05-29 16:58:00	2013-05-29 17:01:00	2013-05-29 17:04:00	B5.6	11754.0	POINT(-72 12)	12	-72	-881.0	203.0
83870	2013-05-29 17:31:00	2013-05-29 17:35:00	2013-05-29 17:37:00	B7.4	11760.0	POINT(-72 12)	12	-72	-883.0	204.0
83880	2013-05-29 20:51:00	2013-05-29 21:02:00	2013-05-29 21:10:00	B4.7	11760.0	POINT(-69 12)	12	-69	-870.0	204.0
83890	2013-05-29 22:30:00	2013-05-29 22:36:00	2013-05-29 22:40:00	C2.9	11760.0	POINT(-68 12)	12	-68	-867.0	200.0
83900	2013-05-30 02:22:00	2013-05-30 02:33:00	2013-05-30 02:40:00	B5.7	11760.0	POINT(-66 11)	11	-66	-849.0	200.0
83910	2013-05-30 04:24:00	2013-05-30 04:31:00	2013-05-30 04:35:00	B5.3		POINT(53 -19)	-19	53	717.0	-312.0
83920	2013-05-30 05:04:00	2013-05-30 05:12:00	2013-05-30 05:18:00	B4.4	11760.0	POINT(-65 11)	11	-65	-840.0	202.0
83930	2013-05-30 10:53:00	2013-05-30 10:56:00	2013-05-30 10:59:00	B4.4	11760.0	POINT(-61 12)	12	-61	-813.0	207.0
83940	2013-05-30 12:58:00	2013-05-30 13:03:00	2013-05-30 13:08:00	B9.4	11757.0	POINT(-7 -10)	-10	-7	828.0	-294.0
83950	2013-05-30 14:22:00	2013-05-30 14:32:00	2013-05-30 14:38:00	B8.7	11760.0	POINT(-61 17)	17	-61	-793.0	206.0
83960	2013-05-30 15:27:00	2013-05-30 15:32:00	2013-05-30 15:35:00	B7.3		POINT(89 -14)	-14	89	919.0	-245.0
83970	2013-05-30 17:25:00	2013-05-30 17:34:00	2013-05-30 17:42:00	B5.0	11760.0	POINT(89 -14)	-14	89	928.0	-245.0
83980	2013-05-30 18:33:00	2013-05-30 18:37:00	2013-05-30 18:42:00	B6.7	11756.0	POINT(89 -15)	-15	89	925.0	-250.0
83990	2013-05-31 05:31:00	2013-05-31 05:36:00	2013-05-31 05:43:00	B4.6	11757.0	POINT(1 -9)	-9	1	32.0	-142.0
84000	2013-05-31 07:01:00	2013-05-31 08:07:00	2013-05-31 08:45:00	C1.2		POINT(89 -21)	-21	89	900.0	-348.0
84010	2013-05-31 11:11:00	2013-05-31 11:24:00	2013-05-31 11:44:00	C1.1	11761.0	POINT(-32 -18)	-18	-32	-492.0	-317.0
84020	2013-05-31 19:52:00	2013-05-31 20:00:00	2013-05-31 20:06:00	M1.0	11760.0	POINT(-43 13)	13	-43	-629.0	212.0
84030	2013-06-01 07:12:00	2013-06-01 07:17:00	2013-06-01 07:21:00	B5.1	11760.0	POINT(-35 11)	11	-35	-534.0	202.0
84040	2013-06-01 13:38:00	2013-06-01 13:46:00	2013-06-01 13:54:00	B6.6	11762.0	POINT(1 -30)	-30	1	-2.0	-471.0
84050	2013-06-02 05:06:00	2013-06-02 05:20:00	2013-06-02 05:34:00	C1.8	11762.0	POINT(8 -31)	-31	8	121.0	-486.0
84060	2013-06-02 14:47:00	2013-06-02 14:51:00	2013-06-02 14:55:00	B3.7	11760.0	POINT(-20 12)	12	-20	-318.0	204.0
84070	2013-06-02 15:44:00	2013-06-02 15:48:00	2013-06-02 15:50:00	B4.8	11762.0	POINT(20 -29)	-29	20	279.0	-431.0
84080	2013-06-02 16:16:00	2013-06-02 16:20:00	2013-06-02 16:24:00	B4.4	11760.0	POINT(-18 12)	12	-18	-292.0	212.0
84090	2013-06-03 06:21:00	2013-06-03 06:25:00	2013-06-03 06:36:00	B5.1	11761.0	POINT(2 -15)	-15	2	59.0	-290.0
84100	2013-06-03 07:03:00	2013-06-03 07:25:00	2013-06-03 07:42:00	C9.5	11762.0	POINT(21 -27)	-27	21	335.0	-488.0
84110	2013-06-03 11:45:00	2013-06-03 11:49:00	2013-06-03 11:51:00	B4.4		POINT(24 -31)	-31	24	329.0	-495.0
84120	2013-06-03 16:47:00	2013-06-03 17:44:00	2013-06-03 18:01:00	C1.8	11762.0	POINT(27 -32)	-32	27	373.0	-506.0
84130	2013-06-03 23:44:00	2013-06-04 00:52:00	2013-06-04 01:41:00	B8.8	11762.0	POINT(34 -33)	-33	34	446.0	-514.0
84140	2013-06-04 04:09:00	2013-06-04 04:20:00	2013-06-04 04:23:00	B5.7	11761.0	POINT(17 -19)	-19	17	261.0	-315.0
84150	2013-06-04 07:53:00	2013-06-04 08:32:00	2013-06-04 09:07:00	B7.0	11762.0	POINT(36 -33)	-33	36	468.0	-521.0
84160	2013-06-05 08:14:00	2013-06-05 08:57:00	2013-06-05 09:26:00	M1.3	11762.0	POINT(51 -32)	-32	51	638.0	-498.0
84170	2013-06-06 04:15:00	2013-06-06 04:18:00	2013-06-06 04:21:00	B4.3	11762.0	POINT(59 -29)	-29	59	716.0	-459.0
84180	2013-06-06 20:39:00	2013-06-06 20:43:00	2013-06-06 20:49:00	B5.7	11762.0	POINT(68 -30)	-30	68	761.0	-476.0
84190	2013-06-06 23:08:00	2013-06-06 23:11:00	2013-06-06 23:15:00	B5.6	11765.0	POINT(-4 9)	9	-4	-81.0	151.0
84200	2013-06-06 23:19:00	2013-06-06 23:35:00	2013-06-06 23:51:00	B7.6	11762.0	POINT(73 -34)	-34	73	746.0	-539.0
84210	2013-06-07 01:02:00	2013-06-07 01:08:00	2013-06-07 01:13:00	C1.0	11762.0	POINT(70 -31)	-31	70	758.0	-496.0
84220	2013-06-07 09:27:00	2013-06-07 09:42:00	2013-06-07 09:54:00	C1.1	11762.0	POINT(87 -33)	-33	87	788.0	-520.0
84230	2013-06-07 11:42:00	2013-06-07 11:51:00	2013-06-07 12:00:00	C3.0	11762.0	POINT(78 -30)	-30	78	794.0	-486.0
84240	2013-06-07 19:18:00	2013-06-07 19:23:00	2013-06-07 19:27:00	B6.6	11762.0	POINT(83 -29)	-29	83	813.0	-472.0
84250	2013-06-07 21:07:00	2013-06-07 21:11:00	2013-06-07 21:17:00	B4.2		POINT(89 -30)	-30	89	819.0	-478.0
84260	2013-06-07 22:11:00	2013-06-07 22:49:00	2013-06-07 23:04:00	M5.9	11762.0	POINT(89 -32)	-32	89	806.0	-520.0
84270	2013-06-08 05:14:00	2013-06-08 05:18:00	2013-06-08 05:22:00	B7.2	11762.0	POINT(89 -32)	-32	89	803.0	-504.0
84280	2013-06-08 07:39:00	2013-06-08 07:43:00	2013-06-08 07:51:00	B4.4	11765.0	POINT(89 -30)	-30	89	821.0	-477.0
84290	2013-06-08 19:02:00	2013-06-08 19:12:00	2013-06-08 19:27:00	C1.7	11762.0	POINT(89 -29)	-29	89	845.0	-473.0
84300	2013-06-08 22:51:00	2013-06-08 23:01:00	2013-06-08 23:11:00	C2.3	11762.0	POINT(89 -32)	-32	89	804.0	-518.0
84310	2013-06-09 01:40:00	2013-06-09 01:49:00	2013-06-09 01:55:00	B8.0	11762.0	POINT(89 -32)	-32	89	814.0	-510.0
84320	2013-06-09 01:56:00	2013-06-09 02:08:00	2013-06-09 02:18:00	C3.7	11762.0	POINT(89 -32)	-32	89	809.0	-506.0
84330	2013-06-09 07:08:00	2013-06-09 07:25:00	2013-06-09 07:39:00	B5.1	11762.0	POINT(89 -32)	-32	89	809.0	-516.0
84340	2013-06-09 10:15:00	2013-06-09 10:18:00	2013-06-09 10:20:00	B4.1	11765.0	POINT(29 11)	11	29	429.0	191.0
84350	2013-06-10 09:45:00	2013-06-10 09:51:00	2013-06-10 09:54:00	B3.4	11765.0	POINT(36 10)	10	36	559.0	165.0
84360	2013-06-10 10:49:00	2013-06-10 10:52:00	2013-06-10 10:54:00	B2.3	11765.0	POINT(37 10)	10	37	565.0	165.0
84370	2013-06-10 12:13:00	2013-06-10 12:18:00	2013-06-10 12:22:00	B4.6	11765.0	POINT(38 8)	8	38	574.0	161.0
84380	2013-06-10 12:36:00	2013-06-10 12:40:00	2013-06-10 12:42:00	B3.6	11765.0	POINT(42 9)	9	42	571.0	149.0
84390	2013-06-10 12:52:00	2013-06-10 12:53:00	2013-06-10 12:57:00	B2.2	11765.0	POINT(38 10)	10	38	578.0	159.0
84400	2013-06-10 13:35:00	2013-06-10 13:41:00	2013-06-10 13:47:00	B7.9	11765.0	POINT(39 8)	8	39	581.0	155.0
84410	2013-06-10 14:18:00	2013-06-10 14:24:00	2013-06-10 14:27:00	C1.9	11765.0	POINT(38 11)	11	38	587.0	161.0
84420	2013-06-10 15:53:00	2013-06-10 15:57:00	2013-06-10 16:01:00	B2.3	11765.0	POINT(40 8)	8	40	598.0	163.0
84430	2013-06-10 17:29:00	2013-06-10 17:33:00	2013-06-10 17:36:00	B2.2	11765.0	POINT(41 10)	10	41	615.0	168.0
84440	2013-06-10 18:35:00	2013-06-10 18:39:00	2013-06-10 18:42:00	B2.7	11765.0	POINT(41 10)	10	41	614.0	159.0
84450	2013-06-12 19:26:00	2013-06-12 19:45:00	2013-06-12 20:36:00	B4.4		POINT(-89 -22)	-22	-89	-890.0	-368.0
84460	2013-06-13 00:44:00	2013-06-13 00:48:00	2013-06-13 00:56:00	B3.2		POINT(-89 -19)	-19	-89	-897.0	-322.0
84470	2013-06-13 03:17:00	2013-06-13 03:22:00	2013-06-13 03:28:00	B3.5		POINT(-89 -12)	-12	-89	-929.0	-212.0
84480	2013-06-13 04:28:00	2013-06-13 04:32:00	2013-06-13 04:38:00	B4.5		POINT(-89 -13)	-13	-89	-933.0	-215.0
84490	2013-06-13 08:21:00	2013-06-13 08:25:00	2013-06-13 08:28:00	B4.1		POINT(-89 -20)	-20	-89	-887.0	-333.0
84500	2013-06-13 09:20:00	2013-06-13 09:27:00	2013-06-13 09:33:00	B7.2	11768.0	POINT(23 -12)	-12	23	375.0	-199.0
84510	2013-06-13 09:55:00	2013-06-13 10:06:00	2013-06-13 10:11:00	B9.3	11768.0	POINT(25 -11)	-11	25	401.0	-196.0
84520	2013-06-13 14:36:00	2013-06-13 14:52:00	2013-06-13 14:56:00	B9.7	11770.0	POINT(-73 -19)	-19	-73	-873.0	-314.0
84530	2013-06-13 21:06:00	2013-06-13 21:10:00	2013-06-13 21:13:00	B3.6	11768.0	POINT(30 -10)	-10	30	465.0	-186.0
84540	2013-06-13 23:53:00	2013-06-14 00:31:00	2013-06-14 01:15:00	C1.2	11769.0	POINT(-72 -21)	-21	-72	-849.0	-380.0
84550	2013-06-14 01:51:00	2013-06-14 01:55:00	2013-06-14 01:58:00	B7.2	11768.0	POINT(-89 -18)	-18	-89	-905.0	-306.0
84560	2013-06-14 10:15:00	2013-06-14 10:20:00	2013-06-14 10:27:00	B6.1	11772.0	POINT(-64 -20)	-20	-64	-804.0	-330.0
84570	2013-06-15 03:39:00	2013-06-15 04:00:00	2013-06-15 05:11:00	C1.0	11774.0	POINT(-75 -16)	-16	-75	-878.0	-265.0
84580	2013-06-15 09:29:00	2013-06-15 09:33:00	2013-06-15 09:37:00	B7.1	11775.0	POINT(-89 -25)	-25	-89	-855.0	-404.0
84590	2013-06-15 20:16:00	2013-06-15 20:20:00	2013-06-15 20:23:00	B5.2	11775.0	POINT(-79 -25)	-25	-79	-842.0	-404.0
84600	2013-06-15 23:00:00	2013-06-15 23:06:00	2013-06-15 23:13:00	B9.8	11775.0	POINT(59 -11)	-11	59	796.0	-204.0
84610	2013-06-16 02:09:00	2013-06-16 02:13:00	2013-06-16 02:17:00	B7.0	11772.0	POINT(-40 -20)	-20	-40	-581.0	-339.0
84620	2013-06-16 02:30:00	2013-06-16 02:37:00	2013-06-16 02:46:00	B6.9	11768.0	POINT(63 -13)	-13	63	822.0	-227.0
84630	2013-06-16 03:11:00	2013-06-16 03:14:00	2013-06-16 03:16:00	B6.1		POINT(-75 -24)	-24	-75	-832.0	-396.0
84640	2013-06-16 05:32:00	2013-06-16 05:35:00	2013-06-16 05:37:00	B7.0		POINT(-74 -24)	-24	-74	-827.0	-395.0
84650	2013-06-16 05:46:00	2013-06-16 05:52:00	2013-06-16 05:55:00	B6.9	11775.0	POINT(-72 -26)	-26	-72	-807.0	-423.0
84660	2013-06-16 10:13:00	2013-06-16 10:20:00	2013-06-16 10:26:00	C1.0	11769.0	POINT(-34 -22)	-22	-34	-469.0	-393.0
84670	2013-06-16 17:49:00	2013-06-16 17:52:00	2013-06-16 18:00:00	B6.2	11775.0	POINT(-66 -29)	-29	-66	-754.0	-476.0
84680	2013-06-16 20:58:00	2013-06-16 21:25:00	2013-06-16 21:33:00	B7.6	11769.0	POINT(-64 -24)	-24	-64	-776.0	-399.0
84690	2013-06-17 02:53:00	2013-06-17 03:47:00	2013-06-17 04:10:00	C1.2	11775.0	POINT(-59 -28)	-28	-59	-717.0	-457.0
84700	2013-06-17 04:29:00	2013-06-17 04:52:00	2013-06-17 04:59:00	C1.0	11775.0	POINT(-58 -25)	-25	-58	-710.0	-486.0
84710	2013-06-17 07:19:00	2013-06-17 08:12:00	2013-06-17 09:01:00	C1.7	11772.0	POINT(-23 -20)	-20	-23	-378.0	-346.0
84720	2013-06-17 22:33:00	2013-06-17 22:38:00	2013-06-17 22:50:00	C1.2	11772.0	POINT(-39 1)	1	-39	-598.0	8.0
84730	2013-06-18 00:53:00	2013-06-18 02:07:00	2013-06-18 03:23:00	C2.4		POINT(-89 -12)	-12	-89	-939.0	-204.0
84740	2013-06-18 05:35:00	2013-06-18 05:40:00	2013-06-18 05:46:00	C1.3	11775.0	POINT(-49 -20)	-20	-49	-639.0	-387.0
84750	2013-06-18 06:48:00	2013-06-18 07:18:00	2013-06-18 07:28:00	C2.2	11775.0	POINT(-43 -25)	-25	-43	-587.0	-416.0
84760	2013-06-18 15:14:00	2013-06-18 15:21:00	2013-06-18 15:24:00	B9.4	11769.0	POINT(-3 -23)	-23	-3	-35.0	-411.0
84770	2013-06-18 15:33:00	2013-06-18 15:57:00	2013-06-18 16:33:00	C1.1	11769.0	POINT(89 -11)	-11	89	971.0	-204.0
84780	2013-06-18 16:35:00	2013-06-18 16:54:00	2013-06-18 16:59:00	B9.4	11769.0	POINT(89 -13)	-13	89	956.0	-227.0
84790	2013-06-18 18:48:00	2013-06-18 19:07:00	2013-06-18 19:20:00	B6.0	11772.0	POINT(-4 -20)	-20	-4	-72.0	-350.0
84800	2013-06-18 20:20:00	2013-06-18 20:40:00	2013-06-18 20:54:00	B9.9	11776.0	POINT(-6 11)	11	-6	-94.0	151.0
84810	2013-06-18 22:55:00	2013-06-18 23:04:00	2013-06-18 23:15:00	C1.6		POINT(-89 -14)	-14	-89	-932.0	-244.0
84820	2013-06-19 00:50:00	2013-06-19 01:01:00	2013-06-19 01:12:00	C2.3	11776.0	POINT(-3 10)	10	-3	-55.0	150.0
84830	2013-06-19 07:20:00	2013-06-19 07:29:00	2013-06-19 07:37:00	C3.5	11776.0	POINT(1 11)	11	1	8.0	146.0
84840	2013-06-19 09:33:00	2013-06-19 09:54:00	2013-06-19 10:25:00	C8.4		POINT(-89 -13)	-13	-89	-937.0	-222.0
84850	2013-06-19 11:49:00	2013-06-19 11:56:00	2013-06-19 12:02:00	C1.5	11773.0	POINT(-18 3)	3	-18	-297.0	48.0
84860	2013-06-19 16:46:00	2013-06-19 17:09:00	2013-06-19 17:27:00	C1.0	11776.0	POINT(6 11)	11	6	99.0	140.0
84870	2013-06-20 09:13:00	2013-06-20 09:20:00	2013-06-20 09:25:00	C1.9	11777.0	POINT(-89 -15)	-15	-89	-913.0	-249.0
84880	2013-06-20 10:44:00	2013-06-20 10:47:00	2013-06-20 10:52:00	B7.9	11776.0	POINT(15 10)	10	15	234.0	155.0
84890	2013-06-20 11:34:00	2013-06-20 11:37:00	2013-06-20 11:40:00	B7.8	11776.0	POINT(15 10)	10	15	226.0	161.0
84900	2013-06-20 14:00:00	2013-06-20 14:05:00	2013-06-20 14:09:00	C1.3	11775.0	POINT(-13 -27)	-27	-13	-178.0	-456.0
84910	2013-06-20 15:54:00	2013-06-20 15:56:00	2013-06-20 16:21:00	C1.3	11775.0	POINT(-12 -27)	-27	-12	-171.0	-464.0
84920	2013-06-20 19:49:00	2013-06-20 19:59:00	2013-06-20 20:10:00	B9.2	11776.0	POINT(19 11)	11	19	289.0	136.0
84930	2013-06-20 20:14:00	2013-06-20 20:27:00	2013-06-20 20:36:00	C1.3	11775.0	POINT(-8 -25)	-25	-8	-132.0	-426.0
84940	2013-06-21 02:30:00	2013-06-21 03:14:00	2013-06-21 03:43:00	M2.9	11777.0	POINT(-73 -16)	-16	-73	-889.0	-236.0
84950	2013-06-21 09:12:00	2013-06-21 09:19:00	2013-06-21 10:01:00	C1.6	11772.0	POINT(29 -23)	-23	29	426.0	-378.0
84960	2013-06-21 09:25:00	2013-06-21 09:31:00	2013-06-21 09:35:00	C3.1		POINT(29 -23)	-23	29	437.0	-372.0
84970	2013-06-21 10:19:00	2013-06-21 10:33:00	2013-06-21 10:36:00	C1.3	11772.0	POINT(30 -23)	-23	30	440.0	-372.0
84980	2013-06-21 11:59:00	2013-06-21 12:06:00	2013-06-21 12:09:00	C1.3	11772.0	POINT(30 -23)	-23	30	454.0	-372.0
84990	2013-06-21 12:19:00	2013-06-21 12:22:00	2013-06-21 12:24:00	C1.1	11772.0	POINT(31 -23)	-23	31	12.0	-442.0
85000	2013-06-21 16:43:00	2013-06-21 16:47:00	2013-06-21 16:51:00	B9.3		POINT(-65 -15)	-15	-65	-827.0	-265.0
85010	2013-06-21 18:02:00	2013-06-21 18:06:00	2013-06-21 18:09:00	C1.0	11776.0	POINT(33 12)	12	33	506.0	179.0
85020	2013-06-21 21:00:00	2013-06-21 22:17:00	2013-06-21 22:39:00	C2.1	11772.0	POINT(37 -22)	-22	37	-901.0	-463.0
85030	2013-06-21 23:23:00	2013-06-21 23:27:00	2013-06-21 23:30:00	C1.5	11772.0	POINT(37 -22)	-22	37	545.0	-368.0
85040	2013-06-22 00:41:00	2013-06-22 00:45:00	2013-06-22 00:50:00	B9.9	11772.0	POINT(39 -21)	-21	39	561.0	-363.0
85050	2013-06-22 05:00:00	2013-06-22 05:06:00	2013-06-22 05:16:00	C1.3	11775.0	POINT(9 -27)	-27	9	143.0	-462.0
85060	2013-06-22 09:02:00	2013-06-22 09:10:00	2013-06-22 09:17:00	C1.1	11772.0	POINT(44 -24)	-24	44	612.0	-369.0
85070	2013-06-22 10:30:00	2013-06-22 10:33:00	2013-06-22 10:35:00	B7.6	11772.0	POINT(43 -24)	-24	43	591.0	-381.0
85080	2013-06-22 17:31:00	2013-06-22 17:36:00	2013-06-22 17:46:00	C1.5	11773.0	POINT(27 5)	5	27	453.0	46.0
85090	2013-06-23 12:02:00	2013-06-23 12:32:00	2013-06-23 12:59:00	B8.0	11772.0	POINT(65 -26)	-26	65	771.0	-433.0
85100	2013-06-23 20:48:00	2013-06-23 20:56:00	2013-06-23 20:59:00	M2.9	11778.0	POINT(-62 -15)	-15	-62	-803.0	-308.0
85110	2013-06-24 08:18:00	2013-06-24 08:24:00	2013-06-24 08:27:00	C3.5	11778.0	POINT(-56 -16)	-16	-56	-750.0	-315.0
85120	2013-06-24 11:27:00	2013-06-24 11:32:00	2013-06-24 11:36:00	C9.9	11778.0	POINT(-54 -17)	-17	-54	-725.0	-325.0
85130	2013-06-24 16:10:00	2013-06-24 16:17:00	2013-06-24 16:23:00	B9.1	11778.0	POINT(-57 -15)	-15	-57	-779.0	-287.0
85140	2013-06-24 16:36:00	2013-06-24 16:41:00	2013-06-24 16:44:00	C2.0	11775.0	POINT(43 -29)	-29	43	570.0	-450.0
85150	2013-06-24 20:35:00	2013-06-24 20:50:00	2013-06-24 20:54:00	C3.0	11775.0	POINT(45 -27)	-27	45	593.0	-446.0
85160	2013-06-25 11:50:00	2013-06-25 11:54:00	2013-06-25 11:58:00	B6.6	11775.0	POINT(52 -28)	-28	52	689.0	-430.0
85170	2013-06-25 17:22:00	2013-06-25 17:27:00	2013-06-25 17:29:00	B9.4	11774.0	POINT(86 -23)	-23	86	864.0	-375.0
85180	2013-06-25 21:22:00	2013-06-25 21:29:00	2013-06-25 21:35:00	B6.8	11776.0	POINT(70 5)	5	70	887.0	80.0
85190	2013-06-25 23:53:00	2013-06-25 23:57:00	2013-06-26 00:01:00	C1.0	11775.0	POINT(59 -25)	-25	59	746.0	-436.0
85200	2013-06-26 00:11:00	2013-06-26 00:17:00	2013-06-26 00:21:00	C1.5	11776.0	POINT(89 11)	11	89	935.0	195.0
85210	2013-06-26 03:53:00	2013-06-26 04:11:00	2013-06-26 04:31:00	B9.2	11775.0	POINT(63 -24)	-24	63	773.0	-404.0
85220	2013-06-26 12:00:00	2013-06-26 12:06:00	2013-06-26 12:13:00	B6.7	11778.0	POINT(89 11)	11	89	942.0	183.0
85230	2013-06-26 15:52:00	2013-06-26 16:01:00	2013-06-26 16:08:00	C1.3	11774.0	POINT(88 -20)	-20	88	894.0	-333.0
85240	2013-06-27 08:09:00	2013-06-27 08:14:00	2013-06-27 08:20:00	C1.2	11778.0	POINT(-26 -16)	-16	-26	-383.0	-319.0
85250	2013-06-27 09:37:00	2013-06-27 09:43:00	2013-06-27 09:54:00	B8.5	11778.0	POINT(-25 -16)	-16	-25	-372.0	-320.0
85260	2013-06-27 11:09:00	2013-06-27 11:12:00	2013-06-27 11:28:00	B3.8		POINT(89 3)	3	89	952.0	54.0
85270	2013-06-27 11:54:00	2013-06-27 12:00:00	2013-06-27 12:09:00	C1.2	11778.0	POINT(-23 -16)	-16	-23	-354.0	-323.0
85280	2013-06-27 19:47:00	2013-06-27 20:29:00	2013-06-27 21:32:00	B4.3	11777.0	POINT(24 -21)	-21	24	369.0	-375.0
85290	2013-06-28 01:36:00	2013-06-28 01:59:00	2013-06-28 02:28:00	C4.4	11777.0	POINT(19 -18)	-18	19	300.0	-350.0
85300	2013-06-28 03:31:00	2013-06-28 03:37:00	2013-06-28 03:47:00	C7.3	11778.0	POINT(-12 -17)	-17	-12	-219.0	-321.0
85310	2013-06-28 16:50:00	2013-06-28 17:05:00	2013-06-28 17:23:00	C1.6	11778.0	POINT(-6 -16)	-16	-6	-86.0	-324.0
85320	2013-06-29 02:20:00	2013-06-29 02:25:00	2013-06-29 02:32:00	B4.0	11781.0	POINT(5 21)	21	5	87.0	311.0
85330	2013-06-29 03:00:00	2013-06-29 03:04:00	2013-06-29 03:08:00	B3.4	11781.0	POINT(6 20)	20	6	93.0	292.0
85340	2013-06-29 16:01:00	2013-06-29 16:09:00	2013-06-29 16:13:00	C1.1	11781.0	POINT(8 22)	22	8	212.0	299.0
85350	2013-06-29 17:47:00	2013-06-29 17:50:00	2013-06-29 17:54:00	B7.3	11781.0	POINT(13 20)	20	13	208.0	299.0
85360	2013-06-30 02:50:00	2013-06-30 02:55:00	2013-06-30 02:58:00	B6.2	11781.0	POINT(17 22)	22	17	266.0	314.0
85370	2013-06-30 05:15:00	2013-06-30 05:20:00	2013-06-30 05:31:00	B4.1	11778.0	POINT(20 -16)	-16	20	329.0	-294.0
85380	2013-06-30 09:11:00	2013-06-30 09:18:00	2013-06-30 09:27:00	C1.5	11778.0	POINT(19 -16)	-16	19	330.0	-280.0
85390	2013-06-30 15:12:00	2013-06-30 15:17:00	2013-06-30 15:20:00	C2.7	11780.0	POINT(41 -12)	-12	41	616.0	-230.0
85400	2013-06-30 16:17:00	2013-06-30 16:33:00	2013-06-30 16:43:00	C1.3	11780.0	POINT(41 -12)	-12	41	619.0	-228.0
85410	2013-06-30 16:44:00	2013-06-30 16:47:00	2013-06-30 16:50:00	C2.0	11780.0	POINT(42 -11)	-11	42	629.0	-221.0
85420	2013-06-30 18:04:00	2013-06-30 18:10:00	2013-06-30 18:16:00	B8.2	11780.0	POINT(43 -12)	-12	43	627.0	-229.0
85430	2013-06-30 20:50:00	2013-06-30 20:55:00	2013-06-30 21:09:00	C1.3	11778.0	POINT(26 -15)	-15	26	423.0	-276.0
85440	2013-07-01 06:57:00	2013-07-01 07:00:00	2013-07-01 07:03:00	B6.9	11785.0	POINT(-89 -9)	-9	-89	-942.0	-163.0
85450	2013-07-01 10:03:00	2013-07-01 10:06:00	2013-07-01 10:10:00	B5.5	11785.0	POINT(-89 -11)	-11	-89	-932.0	-183.0
85460	2013-07-01 12:33:00	2013-07-01 12:39:00	2013-07-01 12:43:00	C1.2	11785.0	POINT(-89 -10)	-10	-89	-940.0	-173.0
85470	2013-07-01 14:46:00	2013-07-01 14:57:00	2013-07-01 15:02:00	C1.1	11785.0	POINT(-89 -10)	-10	-89	-939.0	-176.0
85480	2013-07-01 15:10:00	2013-07-01 15:16:00	2013-07-01 15:19:00	C1.8	11785.0	POINT(-89 -10)	-10	-89	-932.0	-173.0
85490	2013-07-01 16:00:00	2013-07-01 16:05:00	2013-07-01 16:09:00	B9.7	11785.0	POINT(-89 -10)	-10	-89	-938.0	-173.0
85500	2013-07-01 20:06:00	2013-07-01 20:18:00	2013-07-01 20:29:00	B7.1	11785.0	POINT(-89 -11)	-11	-89	-941.0	-189.0
85510	2013-07-01 21:01:00	2013-07-01 21:50:00	2013-07-01 22:59:00	B7.6	11785.0	POINT(-88 -22)	-22	-88	-872.0	-367.0
85520	2013-07-02 00:17:00	2013-07-02 00:25:00	2013-07-02 00:33:00	B7.6	11785.0	POINT(-89 -11)	-11	-89	-927.0	-197.0
85530	2013-07-02 00:46:00	2013-07-02 01:02:00	2013-07-02 01:08:00	B6.6	11785.0	POINT(-89 -11)	-11	-89	-930.0	-181.0
85540	2013-07-02 07:43:00	2013-07-02 07:48:00	2013-07-02 07:52:00	B7.6		POINT(-80 -9)	-9	-80	-918.0	-162.0
85550	2013-07-02 07:54:00	2013-07-02 07:57:00	2013-07-02 08:02:00	B7.8	11785.0	POINT(-81 -6)	-6	-81	-918.0	-165.0
85560	2013-07-02 09:24:00	2013-07-02 09:27:00	2013-07-02 09:32:00	B7.7	11785.0	POINT(-81 -6)	-6	-81	-909.0	-201.0
85570	2013-07-02 12:40:00	2013-07-02 12:47:00	2013-07-02 12:54:00	C1.1		POINT(-82 -10)	-10	-82	-919.0	-178.0
85580	2013-07-02 13:08:00	2013-07-02 13:11:00	2013-07-02 13:18:00	B8.6		POINT(-76 -9)	-9	-76	-904.0	-170.0
85590	2013-07-02 17:45:00	2013-07-02 17:49:00	2013-07-02 17:52:00	C7.1	11785.0	POINT(-75 -10)	-10	-75	-900.0	-182.0
85600	2013-07-02 18:49:00	2013-07-02 19:27:00	2013-07-02 19:38:00	C1.2	11780.0	POINT(72 -12)	-12	72	905.0	-191.0
85610	2013-07-02 19:59:00	2013-07-02 20:14:00	2013-07-02 20:20:00	B9.5	11780.0	POINT(-71 -12)	-12	-71	-894.0	-171.0
85620	2013-07-02 21:25:00	2013-07-02 21:30:00	2013-07-02 21:37:00	B8.7	11785.0	POINT(-71 -9)	-9	-71	-882.0	-173.0
85630	2013-07-02 22:15:00	2013-07-02 22:26:00	2013-07-02 22:31:00	B7.6	11785.0	POINT(-60 -16)	-16	-60	-792.0	-291.0
85640	2013-07-02 23:06:00	2013-07-02 23:17:00	2013-07-02 23:27:00	B8.7	11785.0	POINT(-69 -7)	-7	-69	-876.0	-137.0
85650	2013-07-02 23:45:00	2013-07-02 23:58:00	2013-07-03 00:07:00	C7.2	11787.0	POINT(-88 -14)	-14	-88	-923.0	-231.0
85660	2013-07-03 03:31:00	2013-07-03 03:39:00	2013-07-03 03:42:00	C5.4	11780.0	POINT(77 -11)	-11	77	904.0	-195.0
85670	2013-07-03 07:00:00	2013-07-03 07:08:00	2013-07-03 07:18:00	M1.5	11787.0	POINT(-82 -11)	-11	-82	-908.0	-234.0
85680	2013-07-03 08:54:00	2013-07-03 09:10:00	2013-07-03 09:16:00	C1.7		POINT(81 -11)	-11	81	914.0	-195.0
85690	2013-07-03 10:45:00	2013-07-03 10:49:00	2013-07-03 10:58:00	C1.3		POINT(-85 -14)	-14	-85	-909.0	-242.0
85700	2013-07-03 11:56:00	2013-07-03 12:05:00	2013-07-03 12:11:00	C2.6	11787.0	POINT(-80 -9)	-9	-80	-909.0	-243.0
85710	2013-07-03 13:06:00	2013-07-03 13:12:00	2013-07-03 13:27:00	C1.4	11787.0	POINT(-79 -9)	-9	-79	-896.0	-255.0
85720	2013-07-03 13:51:00	2013-07-03 13:55:00	2013-07-03 13:57:00	B9.3		POINT(-61 -9)	-9	-61	-818.0	-188.0
85730	2013-07-03 14:00:00	2013-07-03 14:03:00	2013-07-03 14:05:00	C1.1	11785.0	POINT(-62 -5)	-5	-62	-817.0	-192.0
85740	2013-07-03 14:53:00	2013-07-03 14:53:00	2013-07-03 15:11:00	B8.9	11785.0	POINT(-60 -4)	-4	-60	-905.0	-246.0
85750	2013-07-03 16:30:00	2013-07-03 16:36:00	2013-07-03 17:00:00	C1.6	11787.0	POINT(-75 -9)	-9	-75	-896.0	-237.0
85760	2013-07-03 17:36:00	2013-07-03 17:54:00	2013-07-03 18:07:00	C2.1	11785.0	POINT(-54 -12)	-12	-54	-694.0	-302.0
85770	2013-07-03 18:52:00	2013-07-03 19:11:00	2013-07-03 19:16:00	C1.1	11787.0	POINT(-76 -15)	-15	-76	-882.0	-268.0
85780	2013-07-03 19:59:00	2013-07-03 20:04:00	2013-07-03 20:08:00	C6.0	11785.0	POINT(-52 -6)	-6	-52	-735.0	-168.0
85790	2013-07-04 00:04:00	2013-07-04 00:08:00	2013-07-04 00:13:00	C8.9	11785.0	POINT(-55 -10)	-10	-55	-774.0	-188.0
85800	2013-07-04 00:22:00	2013-07-04 00:25:00	2013-07-04 00:32:00	C1.9		POINT(-55 -11)	-11	-55	-768.0	-214.0
85810	2013-07-04 01:53:00	2013-07-04 02:04:00	2013-07-04 02:08:00	C3.0	11785.0	POINT(-54 -9)	-9	-54	-765.0	-191.0
85820	2013-07-04 02:50:00	2013-07-04 02:53:00	2013-07-04 02:55:00	C1.1		POINT(-54 -11)	-11	-54	-756.0	-221.0
85830	2013-07-04 04:59:00	2013-07-04 05:23:00	2013-07-04 05:40:00	C1.0	11785.0	POINT(-52 -6)	-6	-52	-740.0	-177.0
85840	2013-07-04 05:20:00	2013-07-04 05:23:00	2013-07-04 05:26:00	C3.9	11785.0	POINT(-49 -9)	-9	-49	-695.0	-227.0
85850	2013-07-04 08:14:00	2013-07-04 08:17:00	2013-07-04 08:25:00	C1.3		POINT(-69 -15)	-15	-69	-855.0	-268.0
85860	2013-07-04 11:34:00	2013-07-04 11:41:00	2013-07-04 11:50:00	C1.8	11787.0	POINT(-66 -12)	-12	-66	-846.0	-231.0
85870	2013-07-04 12:12:00	2013-07-04 12:17:00	2013-07-04 12:22:00	C1.5		POINT(-68 -13)	-13	-68	-855.0	-236.0
85880	2013-07-04 15:27:00	2013-07-04 16:10:00	2013-07-04 16:30:00	C1.0	11787.0	POINT(-61 -13)	-13	-61	-832.0	-249.0
85890	2013-07-04 18:42:00	2013-07-04 18:54:00	2013-07-04 19:02:00	C5.9	11787.0	POINT(-62 -15)	-15	-62	-799.0	-277.0
85900	2013-07-04 19:35:00	2013-07-04 19:44:00	2013-07-04 19:57:00	C6.8	11787.0	POINT(-62 -14)	-14	-62	-806.0	-251.0
85910	2013-07-04 21:22:00	2013-07-04 21:25:00	2013-07-04 21:27:00	C2.7	11787.0	POINT(-61 -13)	-13	-61	-814.0	-249.0
85920	2013-07-04 23:17:00	2013-07-04 23:22:00	2013-07-04 23:26:00	C1.1	11785.0	POINT(-56 -15)	-15	-56	-758.0	-282.0
85930	2013-07-05 00:51:00	2013-07-05 00:57:00	2013-07-05 01:01:00	C3.8	11787.0	POINT(-57 -14)	-14	-57	-783.0	-287.0
85940	2013-07-05 02:46:00	2013-07-05 02:50:00	2013-07-05 02:53:00	C3.3	11787.0	POINT(-58 -14)	-14	-58	-780.0	-261.0
85950	2013-07-05 03:42:00	2013-07-05 03:49:00	2013-07-05 03:54:00	C1.5	11787.0	POINT(-37 -8)	-8	-37	-572.0	-181.0
85960	2013-07-05 04:21:00	2013-07-05 04:26:00	2013-07-05 04:31:00	C1.8	11785.0	POINT(-39 -10)	-10	-39	-598.0	-209.0
85970	2013-07-05 06:01:00	2013-07-05 06:05:00	2013-07-05 06:11:00	C2.2	11787.0	POINT(-57 -12)	-12	-57	-763.0	-292.0
85980	2013-07-05 06:58:00	2013-07-05 07:03:00	2013-07-05 07:05:00	C1.9	11785.0	POINT(-33 -9)	-9	-33	-729.0	-275.0
85990	2013-07-05 08:44:00	2013-07-05 08:48:00	2013-07-05 08:55:00	C1.5	11787.0	POINT(-57 -15)	-15	-57	-747.0	-289.0
86000	2013-07-05 09:04:00	2013-07-05 09:07:00	2013-07-05 09:09:00	C1.2	11785.0	POINT(-35 -9)	-9	-35	-518.0	-189.0
86010	2013-07-05 11:15:00	2013-07-05 13:00:00	2013-07-05 13:30:00	C2.8	11787.0	POINT(-52 -11)	-11	-52	-731.0	-282.0
86020	2013-07-05 12:55:00	2013-07-05 13:01:00	2013-07-05 13:04:00	C8.5	11787.0	POINT(-50 -10)	-10	-50	-720.0	-280.0
86030	2013-07-05 15:29:00	2013-07-05 15:41:00	2013-07-05 16:18:00	C3.6	11787.0	POINT(-48 -8)	-8	-48	-708.0	-286.0
86040	2013-07-05 17:47:00	2013-07-05 17:52:00	2013-07-05 17:58:00	C1.0		POINT(-49 -15)	-15	-49	-695.0	-285.0
86050	2013-07-05 19:13:00	2013-07-05 19:35:00	2013-07-05 19:59:00	C4.9	11787.0	POINT(-48 -12)	-12	-48	-683.0	-291.0
86060	2013-07-05 21:30:00	2013-07-05 21:35:00	2013-07-05 21:39:00	C3.5	11785.0	POINT(-21 -7)	-7	-21	-336.0	-210.0
86070	2013-07-05 22:57:00	2013-07-05 23:00:00	2013-07-05 23:04:00	B9.6	11787.0	POINT(-47 -16)	-16	-47	-671.0	-297.0
86080	2013-07-06 00:41:00	2013-07-06 01:17:00	2013-07-06 01:50:00	C2.3	11785.0	POINT(-26 -8)	-8	-26	-645.0	-297.0
86090	2013-07-06 02:29:00	2013-07-06 02:33:00	2013-07-06 02:36:00	C4.1	11785.0	POINT(-18 -9)	-9	-18	-291.0	-210.0
86100	2013-07-06 06:23:00	2013-07-06 07:13:00	2013-07-06 07:22:00	C2.9	11785.0	POINT(-21 -8)	-8	-21	-619.0	-291.0
86110	2013-07-06 08:07:00	2013-07-06 08:10:00	2013-07-06 08:13:00	C1.0	11785.0	POINT(-15 -9)	-9	-15	-245.0	-212.0
86120	2013-07-06 15:35:00	2013-07-06 15:38:00	2013-07-06 15:45:00	B7.6	11785.0	POINT(-19 -8)	-8	-19	-549.0	-302.0
86130	2013-07-06 17:31:00	2013-07-06 17:38:00	2013-07-06 17:50:00	C1.1	11784.0	POINT(31 -15)	-15	31	482.0	-285.0
86140	2013-07-06 21:51:00	2013-07-06 21:55:00	2013-07-06 21:57:00	C1.8		POINT(-7 -9)	-9	-7	-120.0	-205.0
86150	2013-07-07 00:53:00	2013-07-07 00:58:00	2013-07-07 01:01:00	C6.1	11785.0	POINT(-6 -8)	-8	-6	-92.0	-192.0
86160	2013-07-07 02:04:00	2013-07-07 02:10:00	2013-07-07 02:24:00	C1.2	11785.0	POINT(-10 -11)	-11	-10	-170.0	-249.0
86170	2013-07-07 03:06:00	2013-07-07 03:19:00	2013-07-07 03:27:00	C1.5	11785.0	POINT(-11 -7)	-7	-11	-192.0	-204.0
86180	2013-07-07 03:56:00	2013-07-07 04:02:00	2013-07-07 04:05:00	C1.1	11785.0	POINT(-12 -9)	-9	-12	-185.0	-228.0
86190	2013-07-07 12:05:00	2013-07-07 12:13:00	2013-07-07 12:20:00	C1.7	11785.0	POINT(-9 -8)	-8	-9	-110.0	-192.0
86200	2013-07-07 13:20:00	2013-07-07 13:40:00	2013-07-07 13:44:00	B8.3	11788.0	POINT(-1 -16)	-16	-1	2.0	-322.0
86210	2013-07-07 20:18:00	2013-07-07 20:21:00	2013-07-07 20:23:00	B8.9		POINT(6 -10)	-10	6	110.0	-237.0
86220	2013-07-07 22:43:00	2013-07-07 22:50:00	2013-07-07 22:58:00	C1.0	11785.0	POINT(-1 -8)	-8	-1	-23.0	-204.0
86230	2013-07-08 01:13:00	2013-07-08 01:22:00	2013-07-08 01:23:00	C9.7	11785.0	POINT(3 -7)	-7	3	-612.0	323.0
86240	2013-07-08 15:27:00	2013-07-08 16:28:00	2013-07-08 16:44:00	B9.5	11785.0	POINT(-11 -16)	-16	-11	-182.0	-331.0
86250	2013-07-08 20:57:00	2013-07-08 21:02:00	2013-07-08 21:12:00	B8.5		POINT(-7 -15)	-15	-7	-115.0	-315.0
86260	2013-07-08 22:12:00	2013-07-08 22:19:00	2013-07-08 22:29:00	C4.5	11785.0	POINT(12 -10)	-10	12	195.0	-231.0
86270	2013-07-08 22:49:00	2013-07-08 22:52:00	2013-07-08 22:56:00	B9.2	11787.0	POINT(-6 -15)	-15	-6	-100.0	-306.0
86280	2013-07-09 02:38:00	2013-07-09 02:44:00	2013-07-09 02:53:00	C2.8	11785.0	POINT(13 -10)	-10	13	222.0	-238.0
86290	2013-07-09 03:20:00	2013-07-09 03:29:00	2013-07-09 03:41:00	B9.4	11787.0	POINT(-1 -13)	-13	-1	-30.0	-279.0
86300	2013-07-09 07:00:00	2013-07-09 07:35:00	2013-07-09 07:57:00	C2.0	11785.0	POINT(16 -12)	-12	16	268.0	-253.0
86310	2013-07-09 13:25:00	2013-07-09 13:32:00	2013-07-09 13:36:00	C2.3	11785.0	POINT(21 -12)	-12	21	347.0	-235.0
86320	2013-07-09 14:03:00	2013-07-09 15:24:00	2013-07-09 15:56:00	B7.6		POINT(-89 4)	4	-89	-963.0	75.0
86330	2013-07-09 21:28:00	2013-07-09 21:45:00	2013-07-09 22:17:00	C1.1	11787.0	POINT(8 -12)	-12	8	153.0	-271.0
86340	2013-07-09 23:19:00	2013-07-09 23:25:00	2013-07-09 23:32:00	B8.2		POINT(11 -13)	-13	11	186.0	-275.0
86350	2013-07-10 00:46:00	2013-07-10 01:28:00	2013-07-10 01:43:00	C1.3	11787.0	POINT(12 -13)	-13	12	194.0	-280.0
86360	2013-07-10 05:46:00	2013-07-10 05:49:00	2013-07-10 05:57:00	B7.3		POINT(15 -12)	-12	15	251.0	-270.0
86370	2013-07-10 06:21:00	2013-07-10 06:43:00	2013-07-10 07:25:00	C4.9	11787.0	POINT(13 -15)	-15	13	233.0	-284.0
86380	2013-07-10 22:42:00	2013-07-10 22:46:00	2013-07-10 22:55:00	B8.1	11785.0	POINT(41 -12)	-12	41	611.0	-248.0
86390	2013-07-10 23:50:00	2013-07-11 00:06:00	2013-07-11 00:18:00	C2.0	11785.0	POINT(42 -12)	-12	42	626.0	-258.0
86400	2013-07-11 08:06:00	2013-07-11 08:10:00	2013-07-11 08:14:00	B7.7		POINT(46 -13)	-13	46	662.0	-263.0
86410	2013-07-11 09:04:00	2013-07-11 09:09:00	2013-07-11 09:12:00	C1.0	11788.0	POINT(51 -16)	-16	51	736.0	-295.0
86420	2013-07-11 17:05:00	2013-07-11 17:15:00	2013-07-11 17:24:00	C1.4	11785.0	POINT(52 -12)	-12	52	731.0	-246.0
86430	2013-07-11 17:49:00	2013-07-11 17:57:00	2013-07-11 18:13:00	C2.6	11785.0	POINT(52 -12)	-12	52	732.0	-246.0
86440	2013-07-11 19:57:00	2013-07-11 20:37:00	2013-07-11 21:07:00	B8.1	11788.0	POINT(60 -16)	-16	60	783.0	-306.0
86450	2013-07-11 23:55:00	2013-07-12 00:01:00	2013-07-12 00:04:00	C1.3	11785.0	POINT(53 -10)	-10	53	746.0	-210.0
86460	2013-07-12 17:16:00	2013-07-12 17:33:00	2013-07-12 17:55:00	C3.5	11785.0	POINT(72 -17)	-17	72	869.0	-278.0
86470	2013-07-12 22:29:00	2013-07-12 22:33:00	2013-07-12 22:37:00	C1.6	11787.0	POINT(50 -13)	-13	50	715.0	-257.0
86480	2013-07-13 05:36:00	2013-07-13 05:44:00	2013-07-13 05:53:00	C1.4	11791.0	POINT(-46 -11)	-11	-46	-665.0	-266.0
86490	2013-07-14 16:51:00	2013-07-14 17:00:00	2013-07-14 17:08:00	C1.8	11785.0	POINT(88 -16)	-16	88	944.0	-275.0
86500	2013-07-14 19:56:00	2013-07-14 20:01:00	2013-07-14 20:14:00	B7.7	11793.0	POINT(88 -11)	-11	88	933.0	-190.0
86510	2013-07-15 02:33:00	2013-07-15 02:57:00	2013-07-15 03:03:00	C1.1	11792.0	POINT(-20 -13)	-13	-20	-328.0	-278.0
86520	2013-07-15 03:11:00	2013-07-15 03:44:00	2013-07-15 04:08:00	C3.0	11791.0	POINT(-19 -13)	-13	-19	-308.0	-278.0
86530	2013-07-15 07:26:00	2013-07-15 07:33:00	2013-07-15 07:40:00	C1.7	11793.0	POINT(-79 20)	20	-79	-867.0	321.0
86540	2013-07-15 10:28:00	2013-07-15 10:33:00	2013-07-15 11:54:00	C3.6	11791.0	POINT(-16 -12)	-12	-16	-249.0	-281.0
86550	2013-07-15 16:55:00	2013-07-15 17:00:00	2013-07-15 17:03:00	C1.0	11791.0	POINT(-15 -12)	-12	-15	-215.0	-283.0
86560	2013-07-16 00:59:00	2013-07-16 01:10:00	2013-07-16 01:15:00	C2.1	11791.0	POINT(-9 -13)	-13	-9	-133.0	-281.0
86570	2013-07-16 10:10:00	2013-07-16 10:16:00	2013-07-16 10:21:00	C1.9	11791.0	POINT(-4 -12)	-12	-4	-52.0	-282.0
86580	2013-07-16 22:28:00	2013-07-16 22:33:00	2013-07-16 22:37:00	B5.7	11793.0	POINT(-51 19)	19	-51	-693.0	276.0
86590	2013-07-16 23:24:00	2013-07-16 23:43:00	2013-07-17 00:05:00	B6.4	11791.0	POINT(5 -13)	-13	5	96.0	-290.0
86600	2013-07-17 01:49:00	2013-07-17 02:21:00	2013-07-17 02:54:00	C1.1	11791.0	POINT(5 -13)	-13	5	-964.0	-110.0
86610	2013-07-17 09:12:00	2013-07-17 09:16:00	2013-07-17 09:19:00	C1.6		POINT(76 20)	20	76	862.0	310.0
86620	2013-07-17 10:06:00	2013-07-17 10:10:00	2013-07-17 10:13:00	B5.8	11791.0	POINT(10 -13)	-13	10	176.0	-294.0
86630	2013-07-17 21:01:00	2013-07-17 21:04:00	2013-07-17 21:07:00	B6.9	11793.0	POINT(-40 19)	19	-40	-575.0	262.0
86640	2013-07-18 17:56:00	2013-07-18 18:23:00	2013-07-18 18:58:00	C2.3	11800.0	POINT(-81 -12)	-12	-81	-910.0	-221.0
86650	2013-07-18 19:57:00	2013-07-18 20:16:00	2013-07-18 20:32:00	C2.3	11800.0	POINT(-88 -12)	-12	-88	-929.0	-210.0
86660	2013-07-19 21:52:00	2013-07-19 21:59:00	2013-07-19 22:06:00	B9.8	11791.0	POINT(46 -17)	-17	46	671.0	-304.0
86670	2013-07-20 03:34:00	2013-07-20 03:38:00	2013-07-20 03:44:00	C2.1	11793.0	POINT(-9 24)	24	-9	-101.0	302.0
86680	2013-07-20 23:33:00	2013-07-20 23:38:00	2013-07-20 23:42:00	C1.0	11800.0	POINT(3 22)	22	3	56.0	287.0
86690	2013-07-21 02:58:00	2013-07-21 03:08:00	2013-07-21 03:10:00	C1.0	11800.0	POINT(-34 -7)	-7	-34	-519.0	-197.0
86700	2013-07-21 05:21:00	2013-07-21 05:25:00	2013-07-21 05:27:00	B5.7	11800.0	POINT(-32 -7)	-7	-32	803.0	-295.0
86710	2013-07-21 06:40:00	2013-07-21 06:45:00	2013-07-21 06:49:00	B8.0	11793.0	POINT(7 23)	23	7	96.0	309.0
86720	2013-07-21 08:24:00	2013-07-21 08:44:00	2013-07-21 09:39:00	C3.1	11800.0	POINT(-31 -6)	-6	-31	-503.0	-210.0
86730	2013-07-21 12:15:00	2013-07-21 12:19:00	2013-07-21 12:24:00	B8.3	11793.0	POINT(9 22)	22	9	158.0	281.0
86740	2013-07-21 14:55:00	2013-07-21 14:59:00	2013-07-21 15:01:00	B6.2	11793.0	POINT(16 22)	22	16	254.0	293.0
86750	2013-07-22 10:33:00	2013-07-22 10:38:00	2013-07-22 10:45:00	B4.6	11801.0	POINT(-88 22)	22	-88	-885.0	360.0
86760	2013-07-23 02:39:00	2013-07-23 02:44:00	2013-07-23 02:53:00	B6.3	11801.0	POINT(-88 20)	20	-88	-888.0	333.0
86770	2013-07-23 03:15:00	2013-07-23 03:22:00	2013-07-23 03:35:00	B5.3	11801.0	POINT(-88 21)	21	-88	-902.0	347.0
86780	2013-07-23 23:08:00	2013-07-23 23:11:00	2013-07-23 23:17:00	B4.0		POINT(5 -8)	-8	5	83.0	-217.0
86790	2013-07-23 23:26:00	2013-07-23 23:29:00	2013-07-23 23:31:00	B3.9		POINT(5 -8)	-8	5	81.0	-221.0
86800	2013-07-24 01:15:00	2013-07-24 01:24:00	2013-07-24 01:42:00	B4.9	11793.0	POINT(5 -8)	-8	5	92.0	-226.0
86810	2013-07-24 03:01:00	2013-07-24 03:06:00	2013-07-24 03:14:00	B4.3	11803.0	POINT(-11 -10)	-10	-11	-190.0	-255.0
86820	2013-07-24 18:13:00	2013-07-24 18:19:00	2013-07-24 18:23:00	C1.0	11800.0	POINT(13 -6)	-6	13	227.0	-167.0
86830	2013-07-24 20:43:00	2013-07-24 20:54:00	2013-07-24 21:04:00	B5.8	11800.0	POINT(15 -5)	-5	15	253.0	-171.0
86840	2013-07-24 21:34:00	2013-07-24 21:43:00	2013-07-24 21:56:00	C1.8	11800.0	POINT(16 -5)	-5	16	263.0	-178.0
86850	2013-07-25 01:28:00	2013-07-25 01:32:00	2013-07-25 01:36:00	B5.0	11793.0	POINT(63 14)	14	63	823.0	192.0
86860	2013-07-25 05:15:00	2013-07-25 05:19:00	2013-07-25 05:21:00	B4.4		POINT(77 -21)	-21	77	858.0	-359.0
86870	2013-07-25 06:02:00	2013-07-25 06:08:00	2013-07-25 06:13:00	C1.6	11800.0	POINT(22 -8)	-8	22	339.0	-184.0
86880	2013-07-25 22:37:00	2013-07-25 22:44:00	2013-07-25 22:56:00	C2.1	11800.0	POINT(30 -8)	-8	30	483.0	-192.0
86890	2013-07-26 04:31:00	2013-07-26 04:37:00	2013-07-26 04:42:00	B7.1	11800.0	POINT(33 -7)	-7	33	523.0	-188.0
86900	2013-07-26 14:44:00	2013-07-26 14:47:00	2013-07-26 14:51:00	B6.5	11800.0	POINT(40 -7)	-7	40	591.0	-205.0
86910	2013-07-26 16:41:00	2013-07-26 16:45:00	2013-07-26 16:49:00	B5.3	11800.0	POINT(40 -8)	-8	40	620.0	-179.0
86920	2013-07-26 18:18:00	2013-07-26 19:28:00	2013-07-26 20:32:00	C1.5		POINT(42 -6)	-6	42	638.0	-179.0
86930	2013-07-26 21:27:00	2013-07-26 21:49:00	2013-07-26 22:00:00	C1.8	11800.0	POINT(26 -7)	-7	26	416.0	-206.0
86940	2013-07-26 22:18:00	2013-07-26 22:22:00	2013-07-26 22:26:00	C1.3	11800.0	POINT(43 -6)	-6	43	653.0	-171.0
86950	2013-07-26 23:59:00	2013-07-27 00:02:00	2013-07-27 00:04:00	B8.3	11800.0	POINT(45 -7)	-7	45	667.0	-186.0
86960	2013-07-27 12:28:00	2013-07-27 12:39:00	2013-07-27 12:56:00	C1.0	11800.0	POINT(51 -10)	-10	51	750.0	-189.0
86970	2013-07-28 02:37:00	2013-07-28 03:10:00	2013-07-28 03:30:00	C1.7	11800.0	POINT(88 21)	21	88	897.0	347.0
86980	2013-07-28 04:00:00	2013-07-28 04:05:00	2013-07-28 04:10:00	B8.9		POINT(-88 -11)	-11	-88	-935.0	-189.0
86990	2013-07-28 05:35:00	2013-07-28 06:18:00	2013-07-28 06:58:00	C2.3	11800.0	POINT(63 -10)	-10	63	861.0	-134.0
87000	2013-07-28 10:59:00	2013-07-28 11:05:00	2013-07-28 11:12:00	B7.0	11805.0	POINT(37 -10)	-10	37	572.0	-209.0
87010	2013-07-28 12:05:00	2013-07-28 12:23:00	2013-07-28 13:00:00	C3.2	11800.0	POINT(60 -13)	-13	60	821.0	-216.0
87020	2013-07-28 15:56:00	2013-07-28 16:01:00	2013-07-28 16:11:00	C1.4	11805.0	POINT(40 -9)	-9	40	611.0	-198.0
87030	2013-07-28 16:22:00	2013-07-28 16:27:00	2013-07-28 16:31:00	C1.5	11800.0	POINT(68 -10)	-10	68	859.0	-195.0
87040	2013-07-28 18:13:00	2013-07-28 18:21:00	2013-07-28 18:27:00	B9.6		POINT(69 -10)	-10	69	869.0	-199.0
87050	2013-07-28 19:57:00	2013-07-28 20:03:00	2013-07-28 20:07:00	C1.6	11800.0	POINT(66 -8)	-8	66	848.0	-157.0
87060	2013-07-28 21:07:00	2013-07-28 21:11:00	2013-07-28 21:16:00	C1.0	11800.0	POINT(43 -7)	-7	43	651.0	-195.0
87070	2013-07-29 13:21:00	2013-07-29 13:25:00	2013-07-29 13:31:00	B7.4	11800.0	POINT(82 -6)	-6	82	929.0	-124.0
87080	2013-07-29 16:11:00	2013-07-29 16:51:00	2013-07-29 17:06:00	C2.9	11800.0	POINT(89 -6)	-6	89	962.0	-113.0
87090	2013-07-29 23:07:00	2013-07-29 23:18:00	2013-07-29 23:29:00	C6.3	11800.0	POINT(89 -6)	-6	89	950.0	-105.0
87100	2013-07-30 01:10:00	2013-07-30 01:15:00	2013-07-30 01:20:00	C1.1	11801.0	POINT(12 20)	20	12	181.0	237.0
87110	2013-07-30 14:48:00	2013-07-30 14:52:00	2013-07-30 14:54:00	B7.8	11809.0	POINT(-89 10)	10	-89	-938.0	182.0
87120	2013-07-30 15:05:00	2013-07-30 15:08:00	2013-07-30 15:13:00	B6.6	11809.0	POINT(-89 10)	10	-89	-942.0	175.0
87130	2013-07-30 15:46:00	2013-07-30 15:53:00	2013-07-30 16:02:00	B7.4	11800.0	POINT(89 -5)	-5	89	954.0	-97.0
87140	2013-07-30 20:59:00	2013-07-30 21:04:00	2013-07-30 21:13:00	B8.7	11808.0	POINT(-44 14)	14	-44	-648.0	147.0
87150	2013-07-30 22:03:00	2013-07-30 22:19:00	2013-07-30 22:33:00	C3.1	11809.0	POINT(-89 11)	11	-89	-943.0	186.0
87160	2013-07-31 04:26:00	2013-07-31 05:18:00	2013-07-31 05:44:00	C1.5	11809.0	POINT(-88 14)	14	-88	-932.0	249.0
87170	2013-08-01 22:53:00	2013-08-01 22:57:00	2013-08-01 23:00:00	B8.4	11809.0	POINT(-58 14)	14	-58	-786.0	156.0
87180	2013-08-02 07:23:00	2013-08-02 07:27:00	2013-08-02 07:30:00	B4.3	11809.0	POINT(-54 16)	16	-54	-746.0	153.0
87190	2013-08-02 07:57:00	2013-08-02 08:00:00	2013-08-02 08:02:00	B5.7	11807.0	POINT(63 25)	25	63	759.0	392.0
87200	2013-08-02 11:08:00	2013-08-02 11:15:00	2013-08-02 11:24:00	B9.7	11806.0	POINT(11 -16)	-16	11	186.0	-345.0
87210	2013-08-02 14:48:00	2013-08-02 14:52:00	2013-08-02 15:04:00	B5.0		POINT(56 -12)	-12	56	766.0	-261.0
87220	2013-08-02 20:41:00	2013-08-02 20:47:00	2013-08-02 21:01:00	B7.2	11809.0	POINT(-49 11)	11	-49	-703.0	99.0
87230	2013-08-03 03:48:00	2013-08-03 03:52:00	2013-08-03 03:56:00	B3.7	11810.0	POINT(66 -12)	-12	66	844.0	-246.0
87240	2013-08-03 05:48:00	2013-08-03 05:51:00	2013-08-03 05:53:00	B3.6	11810.0	POINT(-40 -26)	-26	-40	-549.0	-492.0
87250	2013-08-05 19:01:00	2013-08-05 19:05:00	2013-08-05 19:08:00	B3.6	11810.0	POINT(-10 -27)	-27	-10	-156.0	-520.0
87260	2013-08-06 01:42:00	2013-08-06 01:52:00	2013-08-06 02:04:00	B4.5		POINT(-25 26)	26	-25	-366.0	336.0
87270	2013-08-06 06:33:00	2013-08-06 06:44:00	2013-08-06 06:55:00	B6.0		POINT(-86 -25)	-25	-86	-869.0	-416.0
87280	2013-08-07 03:42:00	2013-08-07 03:48:00	2013-08-07 03:59:00	B4.2	11810.0	POINT(9 -23)	-23	9	141.0	-466.0
87290	2013-08-07 14:42:00	2013-08-07 14:58:00	2013-08-07 15:11:00	B4.8	11810.0	POINT(11 -25)	-25	11	-802.0	-441.0
87300	2013-08-07 17:13:00	2013-08-07 19:03:00	2013-08-07 20:31:00	B6.3		POINT(13 -29)	-29	13	198.0	-549.0
87310	2013-08-08 16:14:00	2013-08-08 16:17:00	2013-08-08 16:19:00	B5.5	11813.0	POINT(16 -14)	-14	16	256.0	-329.0
87320	2013-08-08 17:56:00	2013-08-08 19:24:00	2013-08-08 19:32:00	B4.1	11810.0	POINT(30 -23)	-23	30	444.0	-458.0
87330	2013-08-09 09:40:00	2013-08-09 09:44:00	2013-08-09 09:54:00	B4.5	11818.0	POINT(-88 -8)	-8	-88	-953.0	-138.0
87340	2013-08-09 20:13:00	2013-08-09 20:28:00	2013-08-09 20:43:00	C2.0	11818.0	POINT(-81 -5)	-5	-81	-931.0	-110.0
87350	2013-08-10 08:44:00	2013-08-10 09:27:00	2013-08-10 10:04:00	B4.3	11810.0	POINT(49 -25)	-25	49	653.0	-471.0
87360	2013-08-10 12:16:00	2013-08-10 12:27:00	2013-08-10 12:35:00	B4.6	11817.0	POINT(-44 -21)	-21	-44	-614.0	-420.0
87370	2013-08-10 23:45:00	2013-08-10 23:52:00	2013-08-10 23:57:00	C1.4	11817.0	POINT(-37 -21)	-21	-37	-536.0	-428.0
87380	2013-08-11 00:23:00	2013-08-11 00:26:00	2013-08-11 00:28:00	B5.0		POINT(-32 -22)	-22	-32	-469.0	-447.0
87390	2013-08-11 01:26:00	2013-08-11 01:30:00	2013-08-11 01:32:00	C1.3	11819.0	POINT(-62 -7)	-7	-62	-830.0	-179.0
87400	2013-08-11 02:15:00	2013-08-11 02:19:00	2013-08-11 02:21:00	B6.6		POINT(-63 -8)	-8	-63	-840.0	-183.0
87410	2013-08-11 05:26:00	2013-08-11 05:30:00	2013-08-11 05:32:00	C1.1	11817.0	POINT(-60 -8)	-8	-60	-816.0	-192.0
87420	2013-08-11 06:06:00	2013-08-11 06:12:00	2013-08-11 06:22:00	B7.1		POINT(-88 -12)	-12	-88	-936.0	-215.0
87430	2013-08-11 12:26:00	2013-08-11 12:31:00	2013-08-11 12:34:00	B7.1	11817.0	POINT(-31 -18)	-18	-31	-447.0	-437.0
87440	2013-08-11 14:18:00	2013-08-11 14:34:00	2013-08-11 14:49:00	C2.0	11817.0	POINT(-28 -21)	-21	-28	-425.0	-440.0
87450	2013-08-11 16:37:00	2013-08-11 16:48:00	2013-08-11 16:55:00	C1.2	11817.0	POINT(-29 -19)	-19	-29	-418.0	-440.0
87460	2013-08-11 17:55:00	2013-08-11 17:58:00	2013-08-11 18:03:00	B6.1	11818.0	POINT(-54 -6)	-6	-54	-764.0	-167.0
87470	2013-08-11 19:27:00	2013-08-11 19:32:00	2013-08-11 20:03:00	C2.1	11817.0	POINT(-27 -20)	-20	-27	-393.0	-440.0
87480	2013-08-11 21:24:00	2013-08-11 21:31:00	2013-08-11 21:38:00	C6.7	11817.0	POINT(-25 -21)	-21	-25	-379.0	-441.0
87490	2013-08-11 21:26:00	2013-08-11 21:55:00	2013-08-11 22:34:00	C8.4	11817.0	POINT(-25 -20)	-20	-25	-365.0	-443.0
87500	2013-08-12 00:10:00	2013-08-12 00:15:00	2013-08-12 00:20:00	C1.0		POINT(-24 -22)	-22	-24	-366.0	-446.0
87510	2013-08-12 03:29:00	2013-08-12 03:32:00	2013-08-12 03:36:00	B6.1		POINT(-47 -6)	-6	-47	-693.0	-176.0
87520	2013-08-12 10:21:00	2013-08-12 10:41:00	2013-08-12 10:47:00	M1.5	11817.0	POINT(-19 -17)	-17	-19	-272.0	-441.0
87530	2013-08-12 17:53:00	2013-08-12 17:57:00	2013-08-12 18:05:00	B6.6	11817.0	POINT(-10 -21)	-21	-10	-167.0	-446.0
87540	2013-08-13 05:04:00	2013-08-13 05:17:00	2013-08-13 05:21:00	C1.1	11809.0	POINT(88 11)	11	88	939.0	190.0
87550	2013-08-13 11:35:00	2013-08-13 11:46:00	2013-08-13 11:52:00	C2.8	11809.0	POINT(88 12)	12	88	940.0	201.0
87560	2013-08-13 15:40:00	2013-08-13 15:49:00	2013-08-13 15:53:00	C1.5	11818.0	POINT(-25 -5)	-5	-25	941.0	203.0
87570	2013-08-13 16:40:00	2013-08-13 16:43:00	2013-08-13 16:46:00	B9.6	11809.0	POINT(88 10)	10	88	931.0	180.0
87580	2013-08-13 16:49:00	2013-08-13 17:01:00	2013-08-13 17:06:00	C1.8	11809.0	POINT(88 12)	12	88	936.0	207.0
87590	2013-08-13 18:46:00	2013-08-13 18:50:00	2013-08-13 18:52:00	C4.6	11809.0	POINT(88 11)	11	88	937.0	186.0
87600	2013-08-13 21:31:00	2013-08-13 21:38:00	2013-08-13 21:43:00	C4.4	11809.0	POINT(88 11)	11	88	938.0	187.0
87610	2013-08-13 23:11:00	2013-08-13 23:14:00	2013-08-13 23:16:00	C1.0	11818.0	POINT(-20 -5)	-5	-20	-301.0	-209.0
87620	2013-08-14 00:22:00	2013-08-14 00:31:00	2013-08-14 00:35:00	C4.9	11809.0	POINT(89 10)	10	89	938.0	180.0
87630	2013-08-14 02:03:00	2013-08-14 02:09:00	2013-08-14 02:17:00	C1.5	11809.0	POINT(88 12)	12	88	931.0	205.0
87640	2013-08-14 10:19:00	2013-08-14 10:37:00	2013-08-14 11:39:00	C1.5	11817.0	POINT(7 -22)	-22	7	141.0	-444.0
87650	2013-08-14 16:50:00	2013-08-14 16:55:00	2013-08-14 17:11:00	C3.6	11817.0	POINT(12 -23)	-23	12	212.0	-450.0
87660	2013-08-14 17:47:00	2013-08-14 17:53:00	2013-08-14 17:58:00	C1.5	11817.0	POINT(18 -23)	-23	18	280.0	-470.0
87670	2013-08-14 19:00:00	2013-08-14 19:50:00	2013-08-14 20:13:00	C1.0	11817.0	POINT(16 -22)	-22	16	243.0	-458.0
87680	2013-08-14 22:49:00	2013-08-14 22:55:00	2013-08-14 23:02:00	C1.6	11817.0	POINT(17 -22)	-22	17	272.0	-450.0
87690	2013-08-15 00:44:00	2013-08-15 00:47:00	2013-08-15 00:50:00	B6.3	11818.0	POINT(13 -9)	-9	13	215.0	-265.0
87700	2013-08-15 17:05:00	2013-08-15 17:15:00	2013-08-15 17:26:00	C1.0	11818.0	POINT(1 -6)	-6	1	24.0	-219.0
87710	2013-08-15 17:48:00	2013-08-15 17:56:00	2013-08-15 18:04:00	C2.1	11818.0	POINT(2 -6)	-6	2	45.0	-195.0
87720	2013-08-15 18:27:00	2013-08-15 18:35:00	2013-08-15 18:41:00	C1.2	11817.0	POINT(25 -21)	-21	25	411.0	-429.0
87730	2013-08-15 22:08:00	2013-08-15 22:16:00	2013-08-15 22:22:00	C2.9	11817.0	POINT(37 -21)	-21	37	532.0	-413.0
87740	2013-08-16 12:39:00	2013-08-16 12:46:00	2013-08-16 12:57:00	C1.3	11818.0	POINT(13 -6)	-6	13	236.0	-196.0
87750	2013-08-16 13:11:00	2013-08-16 13:18:00	2013-08-16 13:22:00	C2.6	11818.0	POINT(12 -6)	-6	12	241.0	-197.0
87760	2013-08-16 14:35:00	2013-08-16 14:38:00	2013-08-16 14:41:00	B9.0	11818.0	POINT(14 -7)	-7	14	242.0	-197.0
87770	2013-08-17 02:59:00	2013-08-17 03:04:00	2013-08-17 03:10:00	B6.7	11818.0	POINT(19 -7)	-7	19	316.0	-231.0
87780	2013-08-17 03:25:00	2013-08-17 03:30:00	2013-08-17 03:36:00	C1.3	11818.0	POINT(20 -7)	-7	20	316.0	-228.0
87790	2013-08-17 10:11:00	2013-08-17 10:18:00	2013-08-17 10:40:00	B8.9	11818.0	POINT(24 -8)	-8	24	365.0	-231.0
87800	2013-08-17 10:52:00	2013-08-17 10:57:00	2013-08-17 11:10:00	B8.7	11818.0	POINT(25 -7)	-7	25	446.0	-176.0
87810	2013-08-17 12:27:00	2013-08-17 12:30:00	2013-08-17 12:44:00	B6.3	11817.0	POINT(44 -20)	-20	44	620.0	-407.0
87820	2013-08-17 13:27:00	2013-08-17 13:49:00	2013-08-17 14:24:00	C1.8		POINT(-88 17)	17	-88	-918.0	299.0
87830	2013-08-17 18:16:00	2013-08-17 18:24:00	2013-08-17 21:41:00	M3.3	11818.0	POINT(30 -7)	-7	30	486.0	-176.0
87840	2013-08-17 18:49:00	2013-08-17 19:33:00	2013-08-17 19:54:00	M1.4	11818.0	POINT(30 -5)	-5	30	486.0	-186.0
87850	2013-08-18 11:24:00	2013-08-18 11:31:00	2013-08-18 11:43:00	C1.6		POINT(-88 14)	14	-88	-930.0	246.0
87860	2013-08-18 13:18:00	2013-08-18 13:21:00	2013-08-18 13:23:00	B8.6		POINT(-88 13)	13	-88	-929.0	231.0
87870	2013-08-18 16:58:00	2013-08-18 17:04:00	2013-08-18 17:09:00	B9.5		POINT(-88 13)	13	-88	-930.0	224.0
87880	2013-08-19 04:42:00	2013-08-19 04:46:00	2013-08-19 04:51:00	B7.2	11817.0	POINT(-71 -17)	-17	-71	-855.0	-322.0
87890	2013-08-19 09:10:00	2013-08-19 09:20:00	2013-08-19 09:23:00	C2.2	11817.0	POINT(85 -27)	-27	85	888.0	-342.0
87900	2013-08-19 10:53:00	2013-08-19 10:57:00	2013-08-19 11:02:00	B8.8		POINT(87 -20)	-20	87	890.0	-337.0
87910	2013-08-19 11:26:00	2013-08-19 11:35:00	2013-08-19 11:47:00	C1.0	11818.0	POINT(50 -9)	-9	50	767.0	-133.0
87920	2013-08-19 21:58:00	2013-08-19 22:03:00	2013-08-19 22:07:00	C1.0	11825.0	POINT(60 -4)	-4	60	824.0	-132.0
87930	2013-08-20 01:25:00	2013-08-20 01:29:00	2013-08-20 01:32:00	C1.8	11818.0	POINT(60 -4)	-4	60	909.0	-305.0
87940	2013-08-20 04:54:00	2013-08-20 06:08:00	2013-08-20 06:23:00	C1.3	11817.0	POINT(87 -18)	-18	87	952.0	-326.0
87950	2013-08-20 09:57:00	2013-08-20 10:00:00	2013-08-20 10:02:00	C1.6	11818.0	POINT(65 -3)	-3	65	864.0	-111.0
87960	2013-08-20 20:44:00	2013-08-20 20:48:00	2013-08-20 20:51:00	B9.4		POINT(36 17)	17	36	542.0	191.0
87970	2013-08-21 02:04:00	2013-08-21 02:07:00	2013-08-21 02:09:00	B7.7	11825.0	POINT(39 16)	16	39	580.0	190.0
87980	2013-08-21 03:36:00	2013-08-21 04:06:00	2013-08-21 04:08:00	C1.3	11823.0	POINT(34 -13)	-13	34	519.0	-310.0
87990	2013-08-21 04:54:00	2013-08-21 05:00:00	2013-08-21 05:03:00	C1.6	11829.0	POINT(49 4)	4	49	727.0	0.0
88000	2013-08-21 07:25:00	2013-08-21 07:43:00	2013-08-21 08:03:00	C2.2	11828.0	POINT(-55 14)	14	-55	-772.0	178.0
88010	2013-08-21 11:25:00	2013-08-21 11:34:00	2013-08-21 11:48:00	C1.1	11818.0	POINT(84 -5)	-5	84	939.0	-94.0
88020	2013-08-21 23:19:00	2013-08-21 23:24:00	2013-08-21 23:29:00	B9.9		POINT(86 -6)	-6	86	939.0	-120.0
88030	2013-08-22 00:40:00	2013-08-22 00:49:00	2013-08-22 01:22:00	C1.0	11824.0	POINT(87 -16)	-16	87	930.0	-284.0
88040	2013-08-22 04:49:00	2013-08-22 05:06:00	2013-08-22 05:15:00	C4.1	11820.0	POINT(-9 -18)	-18	-9	953.0	-75.0
88050	2013-08-22 11:44:00	2013-08-22 11:55:00	2013-08-22 12:04:00	C1.4	11828.0	POINT(-38 17)	17	-38	-618.0	179.0
88060	2013-08-22 13:16:00	2013-08-22 13:25:00	2013-08-22 13:38:00	C2.4	11818.0	POINT(89 -2)	-2	89	960.0	-44.0
88070	2013-08-22 19:08:00	2013-08-22 19:18:00	2013-08-22 19:26:00	C1.5	11820.0	POINT(53 -12)	-12	53	743.0	-261.0
88080	2013-08-22 20:21:00	2013-08-22 20:26:00	2013-08-22 20:33:00	C1.4	11828.0	POINT(-34 15)	15	-34	-509.0	145.0
88090	2013-08-22 21:16:00	2013-08-22 22:07:00	2013-08-22 22:34:00	C1.9	11828.0	POINT(-34 14)	14	-34	-524.0	143.0
88100	2013-08-22 23:52:00	2013-08-23 00:31:00	2013-08-23 00:49:00	C1.9	11820.0	POINT(64 -11)	-11	64	838.0	-232.0
88110	2013-08-23 06:42:00	2013-08-23 06:46:00	2013-08-23 06:50:00	C1.1	11827.0	POINT(-18 -17)	-17	-18	-256.0	-393.0
88120	2013-08-23 15:30:00	2013-08-23 15:33:00	2013-08-23 15:35:00	B8.8	11820.0	POINT(61 -7)	-7	61	827.0	-184.0
88130	2013-08-23 15:40:00	2013-08-23 15:57:00	2013-08-23 16:06:00	C1.4	11820.0	POINT(32 -5)	-5	32	513.0	-191.0
88140	2013-08-23 16:45:00	2013-08-23 17:00:00	2013-08-23 17:15:00	C1.0	11830.0	POINT(64 -8)	-8	64	830.0	-185.0
88150	2013-08-23 21:27:00	2013-08-23 21:31:00	2013-08-23 21:33:00	B9.2	11820.0	POINT(67 -15)	-15	67	848.0	-288.0
88160	2013-08-27 08:26:00	2013-08-27 08:35:00	2013-08-27 08:47:00	B7.7	11834.0	POINT(-43 16)	16	-43	-630.0	188.0
88170	2013-08-29 04:18:00	2013-08-29 04:34:00	2013-08-29 05:01:00	C1.2	11836.0	POINT(-69 10)	10	-69	-873.0	134.0
88180	2013-08-29 06:43:00	2013-08-29 06:47:00	2013-08-29 07:05:00	B5.3	11834.0	POINT(-17 16)	16	-17	-284.0	147.0
88190	2013-08-29 13:07:00	2013-08-29 13:14:00	2013-08-29 13:25:00	B5.8	11836.0	POINT(-52 12)	12	-52	-738.0	138.0
88200	2013-08-29 21:31:00	2013-08-29 21:34:00	2013-08-29 21:36:00	B4.4		POINT(-65 13)	13	-65	-841.0	166.0
88210	2013-08-30 02:04:00	2013-08-30 02:46:00	2013-08-30 04:06:00	C8.3	11836.0	POINT(-46 15)	15	-46	-662.0	176.0
88220	2013-08-31 09:36:00	2013-08-31 09:40:00	2013-08-31 09:44:00	B7.3	11836.0	POINT(-28 15)	15	-28	-444.0	111.0
88230	2013-08-31 15:29:00	2013-08-31 15:35:00	2013-08-31 15:41:00	B5.4	11834.0	POINT(16 14)	14	16	269.0	134.0
88240	2013-08-31 17:20:00	2013-08-31 17:36:00	2013-08-31 17:51:00	C2.6	11836.0	POINT(-30 12)	12	-30	-481.0	84.0
88250	2013-08-31 22:01:00	2013-08-31 22:26:00	2013-08-31 22:49:00	B5.4	11834.0	POINT(22 14)	14	22	347.0	129.0
88260	2013-09-01 14:16:00	2013-09-01 14:20:00	2013-09-01 14:25:00	C1.7	11834.0	POINT(31 11)	11	31	464.0	101.0
88270	2013-09-01 16:58:00	2013-09-01 17:03:00	2013-09-01 17:08:00	B6.7	11834.0	POINT(32 11)	11	32	480.0	99.0
88280	2013-09-02 11:04:00	2013-09-02 11:08:00	2013-09-02 11:13:00	B4.6		POINT(44 11)	11	44	651.0	107.0
88290	2013-09-02 13:36:00	2013-09-02 14:01:00	2013-09-02 14:08:00	B5.3	11834.0	POINT(42 12)	12	42	629.0	124.0
88300	2013-09-03 02:56:00	2013-09-03 03:01:00	2013-09-03 03:06:00	B5.9	11836.0	POINT(14 13)	13	14	226.0	95.0
88310	2013-09-03 10:43:00	2013-09-03 10:52:00	2013-09-03 10:58:00	B6.6	11834.0	POINT(56 12)	12	56	777.0	141.0
88320	2013-09-03 14:04:00	2013-09-03 14:27:00	2013-09-03 14:37:00	B8.8	11834.0	POINT(57 10)	10	57	801.0	149.0
88330	2013-09-03 17:26:00	2013-09-03 17:51:00	2013-09-03 18:11:00	C1.3	11834.0	POINT(59 12)	12	59	822.0	159.0
88340	2013-09-03 21:30:00	2013-09-03 21:33:00	2013-09-03 21:39:00	B6.9	11837.0	POINT(30 -17)	-17	30	452.0	-372.0
88350	2013-09-03 23:18:00	2013-09-03 23:22:00	2013-09-03 23:27:00	B7.4	11837.0	POINT(30 -17)	-17	30	466.0	-369.0
88360	2013-09-03 23:57:00	2013-09-04 00:03:00	2013-09-04 00:07:00	B8.5	11837.0	POINT(31 -17)	-17	31	482.0	-367.0
88370	2013-09-04 00:37:00	2013-09-04 00:48:00	2013-09-04 00:57:00	B6.5	11837.0	POINT(32 -16)	-16	32	487.0	-368.0
88380	2013-09-04 02:44:00	2013-09-04 02:51:00	2013-09-04 02:59:00	C1.1	11837.0	POINT(34 -16)	-16	34	519.0	-363.0
88390	2013-09-04 04:13:00	2013-09-04 04:28:00	2013-09-04 04:31:00	C3.6	11837.0	POINT(36 -16)	-16	36	525.0	-368.0
88400	2013-09-04 05:34:00	2013-09-04 05:39:00	2013-09-04 07:47:00	C2.9	11837.0	POINT(35 -19)	-19	35	532.0	-362.0
88410	2013-09-04 06:13:00	2013-09-04 06:16:00	2013-09-04 06:20:00	C1.2		POINT(35 -16)	-16	35	525.0	-361.0
88420	2013-09-04 07:19:00	2013-09-04 07:23:00	2013-09-04 07:27:00	C1.1	11837.0	POINT(38 -16)	-16	38	902.0	167.0
88430	2013-09-04 07:28:00	2013-09-04 07:33:00	2013-09-04 07:37:00	C1.2	11837.0	POINT(38 -16)	-16	38	558.0	-368.0
88440	2013-09-04 08:17:00	2013-09-04 08:21:00	2013-09-04 08:26:00	B9.2	11837.0	POINT(37 -18)	-18	37	539.0	-359.0
88450	2013-09-04 08:36:00	2013-09-04 08:41:00	2013-09-04 09:02:00	C2.6	11837.0	POINT(38 -16)	-16	38	558.0	-363.0
88460	2013-09-04 09:59:00	2013-09-04 10:18:00	2013-09-04 10:38:00	B8.9	11837.0	POINT(36 -18)	-18	36	555.0	-360.0
88470	2013-09-04 11:44:00	2013-09-04 11:49:00	2013-09-04 11:53:00	B9.4	11837.0	POINT(38 -18)	-18	38	482.0	123.0
88480	2013-09-04 12:08:00	2013-09-04 12:14:00	2013-09-04 12:39:00	B7.3	11837.0	POINT(38 -18)	-18	38	575.0	-359.0
88490	2013-09-04 15:06:00	2013-09-04 15:17:00	2013-09-04 15:22:00	B7.8	11836.0	POINT(33 12)	12	33	491.0	128.0
88500	2013-09-04 20:21:00	2013-09-04 20:25:00	2013-09-04 20:29:00	B5.7		POINT(36 12)	12	36	550.0	128.0
88510	2013-09-04 21:31:00	2013-09-04 21:35:00	2013-09-04 21:35:00	C1.3	11836.0	POINT(36 13)	13	36	534.0	129.0
88520	2013-09-05 19:46:00	2013-09-05 19:54:00	2013-09-05 20:00:00	C1.5	11836.0	POINT(50 11)	11	50	693.0	142.0
88530	2013-09-05 21:59:00	2013-09-05 22:21:00	2013-09-05 22:32:00	C1.4	11837.0	POINT(58 -18)	-18	58	800.0	-324.0
88540	2013-09-06 22:16:00	2013-09-06 22:50:00	2013-09-06 23:13:00	C1.0		POINT(-88 13)	13	-88	-938.0	223.0
88550	2013-09-07 03:57:00	2013-09-07 04:01:00	2013-09-07 04:09:00	B8.4	11837.0	POINT(77 -15)	-15	77	891.0	-283.0
88560	2013-09-07 12:56:00	2013-09-07 13:05:00	2013-09-07 13:30:00	B5.1	11836.0	POINT(64 10)	10	64	848.0	126.0
88570	2013-09-07 15:57:00	2013-09-07 16:03:00	2013-09-07 16:10:00	B6.5	11837.0	POINT(87 -16)	-16	87	914.0	-278.0
88580	2013-09-08 15:32:00	2013-09-08 15:38:00	2013-09-08 15:43:00	B7.5	11838.0	POINT(-42 -11)	-11	-42	-626.0	-291.0
88590	2013-09-08 16:29:00	2013-09-08 16:35:00	2013-09-08 16:43:00	B4.1	11838.0	POINT(-38 -4)	-4	-38	-579.0	-183.0
88600	2013-09-10 04:12:00	2013-09-10 05:25:00	2013-09-10 06:04:00	B4.1		POINT(-41 -14)	-14	-41	-615.0	-317.0
88610	2013-09-10 10:22:00	2013-09-10 10:54:00	2013-09-10 11:03:00	B2.9	11838.0	POINT(-89 -3)	-3	-89	-964.0	-62.0
88620	2013-09-12 10:58:00	2013-09-12 11:06:00	2013-09-12 11:16:00	B2.6	11841.0	POINT(46 -13)	-13	46	680.0	-294.0
88630	2013-09-16 21:45:00	2013-09-16 22:22:00	2013-09-16 22:43:00	B6.0	11846.0	POINT(-87 -18)	-18	-87	-913.0	-315.0
88640	2013-09-17 21:13:00	2013-09-17 21:18:00	2013-09-17 21:25:00	B6.8		POINT(-87 18)	18	-87	-915.0	306.0
88650	2013-09-17 22:51:00	2013-09-17 22:55:00	2013-09-17 23:00:00	B4.2	11846.0	POINT(-86 -20)	-20	-86	-892.0	-341.0
88660	2013-09-18 02:53:00	2013-09-18 03:15:00	2013-09-18 03:26:00	C3.9	11846.0	POINT(-87 -20)	-20	-87	-894.0	-340.0
88670	2013-09-18 09:51:00	2013-09-18 09:56:00	2013-09-18 10:09:00	B4.1	11847.0	POINT(-66 12)	12	-66	-864.0	105.0
88680	2013-09-18 14:32:00	2013-09-18 14:43:00	2013-09-18 14:48:00	B5.1	11846.0	POINT(-57 -13)	-13	-57	-749.0	-349.0
88690	2013-09-18 22:35:00	2013-09-18 22:37:00	2013-09-18 22:39:00	B3.7	11846.0	POINT(-89 6)	6	-89	-963.0	101.0
88700	2013-09-19 00:18:00	2013-09-19 00:21:00	2013-09-19 00:28:00	B5.0	11845.0	POINT(-51 -17)	-17	-51	-710.0	-350.0
88710	2013-09-19 07:58:00	2013-09-19 08:17:00	2013-09-19 08:52:00	C1.8	11850.0	POINT(-89 7)	7	-89	-962.0	122.0
88720	2013-09-19 11:54:00	2013-09-19 12:00:00	2013-09-19 12:12:00	B8.6	11850.0	POINT(-89 8)	8	-89	-957.0	147.0
88730	2013-09-19 14:50:00	2013-09-19 14:56:00	2013-09-19 15:01:00	B7.2	11850.0	POINT(-89 8)	8	-89	-956.0	144.0
88740	2013-09-19 16:27:00	2013-09-19 16:31:00	2013-09-19 16:42:00	B8.1	11850.0	POINT(-82 12)	12	-82	-950.0	149.0
88750	2013-09-19 18:38:00	2013-09-19 18:41:00	2013-09-19 18:44:00	B5.4		POINT(-86 9)	9	-86	-941.0	145.0
88760	2013-09-19 22:59:00	2013-09-19 23:00:00	2013-09-19 23:02:00	C1.2	11850.0	POINT(-89 6)	6	-89	-951.0	101.0
88770	2013-09-20 04:11:00	2013-09-20 04:19:00	2013-09-20 04:38:00	B9.6	11850.0	POINT(-82 7)	7	-82	-939.0	103.0
88780	2013-09-20 09:56:00	2013-09-20 10:02:00	2013-09-20 10:08:00	C2.1	11850.0	POINT(-78 7)	7	-78	-929.0	98.0
88790	2013-09-20 11:39:00	2013-09-20 11:53:00	2013-09-20 12:03:00	C3.8	11850.0	POINT(-76 11)	11	-76	-923.0	116.0
88800	2013-09-20 12:46:00	2013-09-20 12:51:00	2013-09-20 13:00:00	C2.3	11850.0	POINT(-76 7)	7	-76	-921.0	96.0
88810	2013-09-20 16:51:00	2013-09-20 16:57:00	2013-09-20 17:08:00	C1.3	11850.0	POINT(-76 11)	11	-76	-910.0	127.0
88820	2013-09-20 19:46:00	2013-09-20 19:51:00	2013-09-20 19:57:00	B6.8	11850.0	POINT(-74 9)	9	-74	-908.0	124.0
88830	2013-09-21 01:39:00	2013-09-21 01:45:00	2013-09-21 01:52:00	C1.0	11850.0	POINT(-70 9)	9	-70	-887.0	119.0
88840	2013-09-21 02:01:00	2013-09-21 02:04:00	2013-09-21 02:06:00	B8.3	11850.0	POINT(-69 11)	11	-69	-903.0	41.0
88850	2013-09-21 07:28:00	2013-09-21 07:35:00	2013-09-21 07:41:00	B8.9		POINT(-48 21)	21	-48	-672.0	236.0
88860	2013-09-21 08:38:00	2013-09-21 09:24:00	2013-09-21 09:32:00	C3.0	11850.0	POINT(-67 13)	13	-67	-858.0	116.0
88870	2013-09-22 02:42:00	2013-09-22 02:47:00	2013-09-22 02:51:00	B6.0	11850.0	POINT(-54 9)	9	-54	-767.0	95.0
88880	2013-09-23 07:08:00	2013-09-23 07:14:00	2013-09-23 07:28:00	B6.0	11850.0	POINT(-34 11)	11	-34	-544.0	74.0
88890	2013-09-23 19:32:00	2013-09-23 19:38:00	2013-09-23 19:45:00	B3.2	11850.0	POINT(-76 11)	11	-76	-422.0	60.0
88900	2013-09-23 21:44:00	2013-09-23 21:54:00	2013-09-23 22:07:00	B4.8	11846.0	POINT(-1 -19)	-19	-1	-18.0	-431.0
88910	2013-09-23 22:32:00	2013-09-23 22:39:00	2013-09-23 22:45:00	B6.8	11850.0	POINT(-24 9)	9	-24	-394.0	58.0
88920	2013-09-24 02:01:00	2013-09-24 02:09:00	2013-09-24 02:15:00	B8.1	11850.0	POINT(-23 9)	9	-23	-366.0	56.0
88930	2013-09-24 17:06:00	2013-09-24 17:12:00	2013-09-24 17:15:00	B5.6	11850.0	POINT(-13 10)	10	-13	-238.0	45.0
88940	2013-09-24 18:53:00	2013-09-24 19:06:00	2013-09-24 19:19:00	B9.9	11850.0	POINT(-13 11)	11	-13	-216.0	45.0
88950	2013-09-24 22:50:00	2013-09-24 22:56:00	2013-09-24 23:03:00	C1.1	11846.0	POINT(13 -19)	-19	13	190.0	-423.0
88960	2013-09-24 23:27:00	2013-09-24 23:29:00	2013-09-24 23:32:00	B6.6	11850.0	POINT(-10 10)	10	-10	-173.0	44.0
88970	2013-09-25 12:23:00	2013-09-25 12:27:00	2013-09-25 12:31:00	B4.7	11850.0	POINT(-1 12)	12	-1	-25.0	41.0
88980	2013-09-25 17:36:00	2013-09-25 17:37:00	2013-09-25 17:38:00	B6.2		POINT(1 9)	9	1	23.0	38.0
88990	2013-09-25 19:33:00	2013-09-25 19:36:00	2013-09-25 19:43:00	B3.8		POINT(0 12)	12	0	3.0	98.0
89000	2013-09-25 20:24:00	2013-09-25 20:27:00	2013-09-25 20:30:00	B3.9		POINT(68 -10)	-10	68	878.0	-212.0
89010	2013-09-25 22:23:00	2013-09-25 22:26:00	2013-09-25 22:29:00	B6.1		POINT(5 8)	8	5	89.0	28.0
89020	2013-09-25 22:34:00	2013-09-25 22:43:00	2013-09-25 22:50:00	B7.3	11850.0	POINT(3 8)	8	3	61.0	29.0
89030	2013-09-26 03:07:00	2013-09-26 03:18:00	2013-09-26 03:26:00	B7.0	11850.0	POINT(4 8)	8	4	70.0	34.0
89040	2013-09-26 13:56:00	2013-09-26 14:16:00	2013-09-26 14:46:00	B5.4	11850.0	POINT(12 8)	8	12	171.0	38.0
89050	2013-09-27 11:28:00	2013-09-27 11:33:00	2013-09-27 11:37:00	B6.7	11850.0	POINT(67 18)	18	67	838.0	266.0
89060	2013-09-27 12:49:00	2013-09-27 12:58:00	2013-09-27 13:04:00	B4.2	11850.0	POINT(21 8)	8	21	338.0	45.0
89070	2013-09-27 15:02:00	2013-09-27 15:06:00	2013-09-27 15:09:00	B5.1	11850.0	POINT(70 19)	19	70	854.0	275.0
89080	2013-09-28 11:56:00	2013-09-28 12:05:00	2013-09-28 12:12:00	B6.0	11853.0	POINT(86 17)	17	86	911.0	278.0
89090	2013-09-28 17:40:00	2013-09-28 17:43:00	2013-09-28 17:45:00	B4.3	11853.0	POINT(45 10)	10	45	677.0	93.0
89100	2013-09-29 00:39:00	2013-09-29 01:27:00	2013-09-29 02:03:00	C1.6	11853.0	POINT(87 18)	18	87	957.0	330.0
89110	2013-09-29 05:11:00	2013-09-29 05:25:00	2013-09-29 05:42:00	C1.6	11850.0	POINT(44 9)	9	44	674.0	53.0
89120	2013-09-29 21:43:00	2013-09-29 23:39:00	2013-09-30 01:03:00	C1.2		POINT(33 10)	10	33	523.0	88.0
89130	2013-09-30 17:27:00	2013-09-30 17:30:00	2013-09-30 17:32:00	B4.8		POINT(-89 -2)	-2	-89	-972.0	-49.0
89140	2013-10-01 00:25:00	2013-10-01 00:28:00	2013-10-01 00:32:00	B4.3	11850.0	POINT(73 11)	11	73	903.0	158.0
89150	2013-10-02 01:53:00	2013-10-02 01:56:00	2013-10-02 01:58:00	B5.9		POINT(82 11)	11	82	931.0	173.0
89160	2013-10-02 10:46:00	2013-10-02 10:52:00	2013-10-02 11:01:00	B6.1	11857.0	POINT(-88 -6)	-6	-88	-956.0	-107.0
89170	2013-10-02 19:54:00	2013-10-02 21:51:00	2013-10-02 23:20:00	C1.5		POINT(87 19)	19	87	940.0	334.0
89180	2013-10-02 23:29:00	2013-10-03 00:06:00	2013-10-03 00:41:00	C1.5		POINT(-43 -19)	-19	-43	-624.0	-399.0
89190	2013-10-03 19:44:00	2013-10-03 20:23:00	2013-10-03 20:49:00	C1.8	11857.0	POINT(-67 7)	7	-67	-881.0	81.0
89200	2013-10-04 03:17:00	2013-10-04 03:32:00	2013-10-04 03:52:00	C2.5	11856.0	POINT(-57 8)	8	-57	-827.0	77.0
89210	2013-10-04 17:02:00	2013-10-04 17:07:00	2013-10-04 17:10:00	B4.2		POINT(-49 6)	6	-49	-728.0	35.0
89220	2013-10-04 20:59:00	2013-10-04 21:10:00	2013-10-04 21:16:00	B4.9	11857.0	POINT(-47 -5)	-5	-47	-710.0	-160.0
89230	2013-10-05 04:34:00	2013-10-05 04:41:00	2013-10-05 04:48:00	B5.5	11857.0	POINT(-43 -5)	-5	-43	-663.0	-163.0
89240	2013-10-05 20:51:00	2013-10-05 20:55:00	2013-10-05 20:59:00	B4.3		POINT(89 11)	11	89	951.0	186.0
89250	2013-10-06 00:16:00	2013-10-06 00:51:00	2013-10-06 01:03:00	B8.7	11857.0	POINT(-33 -8)	-8	-33	-522.0	-209.0
89260	2013-10-06 02:02:00	2013-10-06 02:06:00	2013-10-06 02:09:00	B4.4		POINT(-31 -8)	-8	-31	-500.0	-227.0
89270	2013-10-06 11:21:00	2013-10-06 11:25:00	2013-10-06 11:27:00	C1.0	11856.0	POINT(-27 8)	8	-27	-443.0	42.0
89280	2013-10-06 13:37:00	2013-10-06 14:24:00	2013-10-06 14:56:00	C1.1		POINT(12 -15)	-15	12	194.0	-358.0
89290	2013-10-06 18:48:00	2013-10-06 18:58:00	2013-10-06 19:07:00	B7.5		POINT(-23 8)	8	-23	-380.0	51.0
89300	2013-10-06 21:57:00	2013-10-06 22:02:00	2013-10-06 22:07:00	B7.3		POINT(-87 -15)	-15	-87	-923.0	-261.0
89310	2013-10-07 00:04:00	2013-10-07 00:08:00	2013-10-07 00:11:00	B6.6		POINT(-82 -15)	-15	-82	-916.0	-269.0
89320	2013-10-07 03:58:00	2013-10-07 04:14:00	2013-10-07 04:23:00	C6.2	11856.0	POINT(-18 9)	9	-18	-273.0	53.0
89330	2013-10-07 04:56:00	2013-10-07 05:08:00	2013-10-07 05:12:00	C1.0	11861.0	POINT(-79 -13)	-13	-79	-918.0	-240.0
89340	2013-10-07 11:28:00	2013-10-07 11:33:00	2013-10-07 11:37:00	B6.1	11861.0	POINT(-75 -15)	-15	-75	-894.0	-285.0
89350	2013-10-07 13:50:00	2013-10-07 13:57:00	2013-10-07 14:05:00	C1.0	11861.0	POINT(-72 -13)	-13	-72	-893.0	-251.0
89360	2013-10-07 14:49:00	2013-10-07 14:55:00	2013-10-07 15:05:00	B7.4	11861.0	POINT(-72 -13)	-13	-72	-892.0	-251.0
89370	2013-10-07 15:34:00	2013-10-07 15:40:00	2013-10-07 15:55:00	C2.3	11856.0	POINT(-64 7)	7	-64	-174.0	33.0
89380	2013-10-08 02:31:00	2013-10-08 02:41:00	2013-10-08 02:44:00	B6.9	11861.0	POINT(-63 -13)	-13	-63	-840.0	-261.0
89390	2013-10-08 10:53:00	2013-10-08 11:00:00	2013-10-08 11:11:00	B9.3	11861.0	POINT(-62 -14)	-14	-62	-821.0	-294.0
89400	2013-10-09 01:23:00	2013-10-09 01:48:00	2013-10-09 01:56:00	M2.8	11865.0	POINT(-71 -23)	-23	-71	-838.0	-409.0
89410	2013-10-09 05:06:00	2013-10-09 05:28:00	2013-10-09 05:38:00	B9.5	11856.0	POINT(14 7)	7	14	231.0	16.0
89420	2013-10-09 06:08:00	2013-10-09 06:13:00	2013-10-09 06:21:00	C1.0	11865.0	POINT(-63 -22)	-22	-63	-798.0	-410.0
89430	2013-10-09 20:20:00	2013-10-09 20:27:00	2013-10-09 20:32:00	B7.2	11857.0	POINT(19 -8)	-8	19	359.0	-218.0
89440	2013-10-09 21:29:00	2013-10-09 21:41:00	2013-10-09 21:57:00	B7.6	11856.0	POINT(-60 -22)	-22	-60	-773.0	-419.0
89450	2013-10-10 07:01:00	2013-10-10 07:08:00	2013-10-10 07:11:00	C1.2	11861.0	POINT(-32 -14)	-14	-32	-492.0	-311.0
89460	2013-10-10 10:57:00	2013-10-10 11:01:00	2013-10-10 11:04:00	C1.6	11861.0	POINT(-30 -8)	-8	-30	-454.0	-228.0
89470	2013-10-10 15:33:00	2013-10-10 15:44:00	2013-10-10 15:55:00	B8.7	11861.0	POINT(-39 -9)	-9	-39	-710.0	-431.0
89480	2013-10-10 16:12:00	2013-10-10 16:26:00	2013-10-10 16:30:00	C1.4	11861.0	POINT(-28 -8)	-8	-28	-407.0	-240.0
89490	2013-10-10 16:40:00	2013-10-10 16:44:00	2013-10-10 16:48:00	C1.2	11861.0	POINT(-52 -22)	-22	-52	-703.0	-430.0
89500	2013-10-10 16:56:00	2013-10-10 16:59:00	2013-10-10 17:05:00	C1.6	11865.0	POINT(-54 -20)	-20	-54	-709.0	-431.0
89510	2013-10-10 17:46:00	2013-10-10 17:52:00	2013-10-10 18:02:00	C1.3	11865.0	POINT(-52 -20)	-20	-52	-648.0	-452.0
89520	2013-10-10 19:33:00	2013-10-10 19:38:00	2013-10-10 19:56:00	C1.1	11861.0	POINT(-25 -10)	-10	-25	-415.0	-261.0
89530	2013-10-10 20:17:00	2013-10-10 20:24:00	2013-10-10 20:28:00	C1.0	11865.0	POINT(-25 -10)	-10	-25	-405.0	-263.0
89540	2013-10-10 21:06:00	2013-10-10 21:09:00	2013-10-10 21:11:00	B8.6		POINT(-24 -9)	-9	-24	-393.0	-257.0
89550	2013-10-10 23:59:00	2013-10-11 00:09:00	2013-10-11 00:28:00	C3.0	11861.0	POINT(-22 -10)	-10	-22	-372.0	-266.0
89560	2013-10-11 03:21:00	2013-10-11 03:27:00	2013-10-11 03:36:00	C1.7	11861.0	POINT(-23 -14)	-14	-23	-375.0	-326.0
89570	2013-10-11 03:59:00	2013-10-11 04:10:00	2013-10-11 04:19:00	C5.5	11861.0	POINT(-20 -10)	-10	-20	-328.0	-272.0
89580	2013-10-11 05:44:00	2013-10-11 05:49:00	2013-10-11 05:54:00	C1.4	11861.0	POINT(-20 -8)	-8	-20	-633.0	-436.0
89590	2013-10-11 07:01:00	2013-10-11 07:25:00	2013-10-11 07:45:00	M1.5		POINT(-87 21)	21	-87	-901.0	365.0
89600	2013-10-11 08:22:00	2013-10-11 09:18:00	2013-10-11 09:29:00	C5.4	11861.0	POINT(-17 -10)	-10	-17	-287.0	-275.0
89610	2013-10-11 12:14:00	2013-10-11 12:28:00	2013-10-11 12:47:00	C6.2	11865.0	POINT(-42 -25)	-25	-42	-587.0	-481.0
89620	2013-10-11 14:30:00	2013-10-11 14:54:00	2013-10-11 15:05:00	C4.7	11861.0	POINT(-14 -9)	-9	-14	-230.0	-282.0
89630	2013-10-11 16:51:00	2013-10-11 16:56:00	2013-10-11 17:02:00	C2.3	11861.0	POINT(-16 -9)	-9	-16	-242.0	-278.0
89640	2013-10-11 18:38:00	2013-10-11 18:44:00	2013-10-11 18:50:00	C1.6	11861.0	POINT(-15 -10)	-10	-15	-229.0	-270.0
89650	2013-10-11 20:04:00	2013-10-11 20:14:00	2013-10-11 20:19:00	C4.0	11861.0	POINT(-12 -10)	-10	-12	-216.0	-283.0
89660	2013-10-11 21:57:00	2013-10-11 22:03:00	2013-10-11 22:18:00	C2.4	11861.0	POINT(-11 -9)	-9	-11	-150.0	-270.0
89670	2013-10-11 22:56:00	2013-10-11 23:07:00	2013-10-11 23:19:00	C6.3	11861.0	POINT(-11 -9)	-9	-11	-142.0	-269.0
89680	2013-10-12 00:46:00	2013-10-12 00:51:00	2013-10-12 01:02:00	C1.5	11861.0	POINT(-10 -11)	-11	-10	-170.0	-285.0
89690	2013-10-12 01:54:00	2013-10-12 02:00:00	2013-10-12 02:03:00	C5.2	11861.0	POINT(-9 -9)	-9	-9	-168.0	-275.0
89700	2013-10-12 03:37:00	2013-10-12 03:47:00	2013-10-12 03:59:00	C5.4	11861.0	POINT(-5 -7)	-7	-5	-96.0	-267.0
89710	2013-10-12 06:24:00	2013-10-12 06:28:00	2013-10-12 06:37:00	C2.0	11861.0	POINT(-7 -10)	-10	-7	-122.0	-282.0
89720	2013-10-12 08:12:00	2013-10-12 08:16:00	2013-10-12 08:20:00	C2.0	11861.0	POINT(-4 -9)	-9	-4	-77.0	-257.0
89730	2013-10-12 10:42:00	2013-10-12 10:46:00	2013-10-12 10:48:00	C1.5	11865.0	POINT(-24 -20)	-20	-24	-381.0	-419.0
89740	2013-10-12 11:02:00	2013-10-12 12:14:00	2013-10-12 12:28:00	C2.4	11861.0	POINT(-2 -11)	-11	-2	-42.0	-291.0
89750	2013-10-12 17:04:00	2013-10-12 17:08:00	2013-10-12 17:18:00	C1.8	11861.0	POINT(-3 -11)	-11	-3	-29.0	-284.0
89760	2013-10-12 22:02:00	2013-10-12 22:16:00	2013-10-12 22:28:00	C2.9	11861.0	POINT(5 -11)	-11	5	104.0	-275.0
89770	2013-10-13 00:04:00	2013-10-13 00:08:00	2013-10-13 00:10:00	C1.2		POINT(1 -11)	-11	1	32.0	-284.0
89780	2013-10-13 00:12:00	2013-10-13 00:43:00	2013-10-13 01:05:00	M1.7	11865.0	POINT(-17 -22)	-22	-17	-270.0	-458.0
89790	2013-10-13 08:26:00	2013-10-13 09:10:00	2013-10-13 09:19:00	C1.4		POINT(9 -11)	-11	9	161.0	-290.0
89800	2013-10-13 17:50:00	2013-10-13 17:58:00	2013-10-13 18:07:00	C4.5	11861.0	POINT(14 -12)	-12	14	1229.0	1229.0
89810	2013-10-13 21:32:00	2013-10-13 21:35:00	2013-10-13 21:40:00	C1.2	11865.0	POINT(16 -9)	-9	16	274.0	-252.0
89820	2013-10-13 23:55:00	2013-10-14 00:02:00	2013-10-14 00:09:00	C1.1	11865.0	POINT(-1 -22)	-22	-1	22.0	-465.0
89830	2013-10-14 00:12:00	2013-10-14 00:22:00	2013-10-14 00:30:00	C1.8	11861.0	POINT(17 -10)	-10	17	285.0	-275.0
89840	2013-10-14 00:49:00	2013-10-14 01:01:00	2013-10-14 01:10:00	C1.5	11869.0	POINT(-1 -23)	-23	-1	-30.0	-470.0
89850	2013-10-14 03:17:00	2013-10-14 03:24:00	2013-10-14 03:28:00	C1.1	11869.0	POINT(-83 15)	15	-83	-920.0	246.0
89860	2013-10-14 12:56:00	2013-10-14 13:15:00	2013-10-14 13:36:00	C8.0	11865.0	POINT(1 -21)	-21	1	41.0	-449.0
89870	2013-10-14 21:20:00	2013-10-14 21:27:00	2013-10-14 21:34:00	C3.4	11861.0	POINT(-89 10)	10	-89	-955.0	185.0
89880	2013-10-14 21:38:00	2013-10-14 21:53:00	2013-10-14 22:03:00	C3.0		POINT(-89 10)	10	-89	-972.0	183.0
89890	2013-10-14 22:49:00	2013-10-14 22:54:00	2013-10-14 23:22:00	C7.4	11861.0	POINT(30 -9)	-9	30	478.0	-243.0
89900	2013-10-15 01:40:00	2013-10-15 01:46:00	2013-10-15 01:54:00	C2.4	11861.0	POINT(32 -9)	-9	32	487.0	-245.0
89910	2013-10-15 03:23:00	2013-10-15 03:33:00	2013-10-15 03:48:00	C1.9	11865.0	POINT(9 -22)	-22	9	112.0	-484.0
89920	2013-10-15 04:09:00	2013-10-15 04:21:00	2013-10-15 04:38:00	C1.5	11861.0	POINT(33 -9)	-9	33	549.0	-212.0
89930	2013-10-15 05:04:00	2013-10-15 05:07:00	2013-10-15 05:10:00	C9.5	11865.0	POINT(11 -22)	-22	11	201.0	-445.0
89940	2013-10-15 07:48:00	2013-10-15 08:01:00	2013-10-15 08:12:00	C2.8	11865.0	POINT(15 -21)	-21	15	231.0	-447.0
89950	2013-10-15 08:13:00	2013-10-15 08:16:00	2013-10-15 08:18:00	C2.8	11865.0	POINT(14 -22)	-22	14	215.0	-440.0
89960	2013-10-15 08:26:00	2013-10-15 08:38:00	2013-10-15 08:48:00	M1.8	11865.0	POINT(13 -22)	-22	13	223.0	-443.0
89970	2013-10-15 10:25:00	2013-10-15 10:29:00	2013-10-15 10:34:00	C2.9	11861.0	POINT(16 -21)	-21	16	252.0	-442.0
89980	2013-10-15 14:14:00	2013-10-15 14:21:00	2013-10-15 14:29:00	C2.2	11865.0	POINT(-52 -20)	-20	-52	268.0	-444.0
89990	2013-10-15 14:37:00	2013-10-15 14:57:00	2013-10-15 15:09:00	C4.4	11865.0	POINT(19 -21)	-21	19	295.0	-440.0
90000	2013-10-15 15:22:00	2013-10-15 15:36:00	2013-10-15 15:49:00	C6.5	11865.0	POINT(18 -22)	-22	18	280.0	-447.0
90010	2013-10-15 17:04:00	2013-10-15 17:11:00	2013-10-15 17:19:00	C1.8	11861.0	POINT(14 -12)	-12	14	617.0	-245.0
90020	2013-10-15 20:04:00	2013-10-15 20:13:00	2013-10-15 20:57:00	C3.3	11865.0	POINT(20 -21)	-21	20	308.0	-443.0
90030	2013-10-15 23:31:00	2013-10-15 23:36:00	2013-10-15 23:41:00	M1.3	11865.0	POINT(20 -23)	-23	20	344.0	-441.0
90040	2013-10-16 03:32:00	2013-10-16 03:48:00	2013-10-16 04:02:00	C2.5		POINT(-89 5)	5	-89	-972.0	99.0
90050	2013-10-16 05:20:00	2013-10-16 05:32:00	2013-10-16 05:45:00	C3.7		POINT(-89 6)	6	-89	-970.0	113.0
90060	2013-10-16 06:30:00	2013-10-16 06:40:00	2013-10-16 06:46:00	B7.8	11861.0	POINT(46 -11)	-11	46	720.0	-239.0
90070	2013-10-16 09:10:00	2013-10-16 09:20:00	2013-10-16 09:30:00	C1.8	11861.0	POINT(41 -11)	-11	41	643.0	-232.0
90080	2013-10-16 13:54:00	2013-10-16 14:02:00	2013-10-16 14:12:00	C1.4	11861.0	POINT(44 -9)	-9	44	666.0	-230.0
90090	2013-10-16 14:26:00	2013-10-16 14:32:00	2013-10-16 14:40:00	C8.9	11865.0	POINT(29 -23)	-23	29	458.0	-436.0
90100	2013-10-16 15:03:00	2013-10-16 15:20:00	2013-10-16 15:34:00	C1.8	11870.0	POINT(29 -15)	-15	29	475.0	-333.0
90110	2013-10-16 16:23:00	2013-10-16 16:38:00	2013-10-16 16:44:00	C1.6	11861.0	POINT(46 -11)	-11	46	689.0	-227.0
90120	2013-10-16 17:39:00	2013-10-16 17:43:00	2013-10-16 17:46:00	C1.9	11867.0	POINT(72 21)	21	72	818.0	353.0
90130	2013-10-16 20:39:00	2013-10-16 20:51:00	2013-10-16 21:07:00	C1.2		POINT(48 -9)	-9	48	713.0	-219.0
90140	2013-10-16 23:11:00	2013-10-16 23:28:00	2013-10-16 23:39:00	C1.4	11861.0	POINT(50 -9)	-9	50	735.0	-221.0
90150	2013-10-17 03:20:00	2013-10-17 03:28:00	2013-10-17 03:35:00	C4.7	11861.0	POINT(52 -8)	-8	52	758.0	-215.0
90160	2013-10-17 06:07:00	2013-10-17 06:12:00	2013-10-17 06:17:00	C1.2	11861.0	POINT(46 -11)	-11	46	775.0	-210.0
90170	2013-10-17 10:25:00	2013-10-17 10:32:00	2013-10-17 10:37:00	C5.8	11861.0	POINT(56 -11)	-11	56	797.0	-202.0
90180	2013-10-17 11:47:00	2013-10-17 12:04:00	2013-10-17 12:15:00	C4.8	11861.0	POINT(56 -11)	-11	56	815.0	-204.0
90190	2013-10-17 15:09:00	2013-10-17 15:41:00	2013-10-17 15:58:00	M1.2	11861.0	POINT(63 -9)	-9	63	850.0	-202.0
90200	2013-10-17 22:18:00	2013-10-17 22:24:00	2013-10-17 22:32:00	C1.6		POINT(50 -21)	-21	50	692.0	-408.0
90210	2013-10-18 00:56:00	2013-10-18 01:01:00	2013-10-18 01:04:00	C2.7	11875.0	POINT(-80 4)	4	-80	-947.0	58.0
90220	2013-10-18 03:02:00	2013-10-18 03:07:00	2013-10-18 03:10:00	C3.3		POINT(-79 5)	5	-79	-942.0	77.0
90230	2013-10-18 03:24:00	2013-10-18 03:27:00	2013-10-18 03:30:00	C1.5	11861.0	POINT(65 -8)	-8	65	864.0	-188.0
90240	2013-10-18 05:00:00	2013-10-18 05:08:00	2013-10-18 05:12:00	C5.3	11875.0	POINT(-78 4)	4	-78	-941.0	59.0
90250	2013-10-18 07:24:00	2013-10-18 07:29:00	2013-10-18 07:31:00	C3.3	11875.0	POINT(-77 5)	5	-77	-935.0	69.0
90260	2013-10-18 08:16:00	2013-10-18 08:21:00	2013-10-18 08:24:00	C2.2	11875.0	POINT(-76 8)	8	-76	-932.0	56.0
90270	2013-10-18 10:17:00	2013-10-18 10:34:00	2013-10-18 10:48:00	C5.0	11861.0	POINT(73 -9)	-9	73	909.0	-183.0
90280	2013-10-18 10:51:00	2013-10-18 10:54:00	2013-10-18 10:56:00	C4.7	11875.0	POINT(-74 5)	5	-74	-925.0	62.0
90290	2013-10-18 15:15:00	2013-10-18 15:26:00	2013-10-18 15:39:00	C8.4	11861.0	POINT(78 -9)	-9	78	931.0	-174.0
90300	2013-10-19 01:02:00	2013-10-19 01:16:00	2013-10-19 01:39:00	C1.6	11861.0	POINT(88 -10)	-10	88	965.0	-174.0
90310	2013-10-19 09:27:00	2013-10-19 09:34:00	2013-10-19 09:43:00	C2.9	11861.0	POINT(88 -9)	-9	88	957.0	-164.0
90320	2013-10-19 10:32:00	2013-10-19 10:38:00	2013-10-19 10:41:00	C1.9	11861.0	POINT(88 -9)	-9	88	959.0	-158.0
90330	2013-10-19 12:31:00	2013-10-19 12:34:00	2013-10-19 12:47:00	C1.4		POINT(-53 6)	6	-53	-768.0	56.0
90340	2013-10-19 14:25:00	2013-10-19 14:32:00	2013-10-19 14:44:00	C1.2	11861.0	POINT(88 -11)	-11	88	964.0	-189.0
90350	2013-10-19 18:26:00	2013-10-19 18:30:00	2013-10-19 18:35:00	C1.7	11861.0	POINT(88 -8)	-8	88	964.0	-137.0
90360	2013-10-19 23:09:00	2013-10-19 23:30:00	2013-10-19 23:46:00	C2.0	11861.0	POINT(88 -9)	-9	88	971.0	-161.0
90370	2013-10-20 08:33:00	2013-10-20 08:40:00	2013-10-20 08:46:00	C2.9	11868.0	POINT(33 22)	22	33	482.0	302.0
90380	2013-10-20 12:41:00	2013-10-20 12:45:00	2013-10-20 12:50:00	C2.0	11868.0	POINT(35 22)	22	35	503.0	304.0
90390	2013-10-20 18:09:00	2013-10-20 18:48:00	2013-10-20 19:07:00	C1.7	11873.0	POINT(-15 11)	11	-15	-320.0	102.0
90400	2013-10-20 22:51:00	2013-10-20 22:56:00	2013-10-20 23:12:00	C1.0	11875.0	POINT(-37 9)	9	-37	-522.0	73.0
90410	2013-10-21 07:06:00	2013-10-21 07:14:00	2013-10-21 07:18:00	C1.7		POINT(-29 7)	7	-29	-468.0	40.0
90420	2013-10-21 08:09:00	2013-10-21 08:13:00	2013-10-21 08:17:00	C1.6	11875.0	POINT(-25 6)	6	-25	-414.0	29.0
90430	2013-10-21 09:19:00	2013-10-21 09:22:00	2013-10-21 09:25:00	C1.0	11877.0	POINT(-26 7)	7	-26	-431.0	38.0
90440	2013-10-21 09:34:00	2013-10-21 09:45:00	2013-10-21 09:49:00	B9.8		POINT(-24 6)	6	-24	-401.0	27.0
90450	2013-10-21 14:33:00	2013-10-21 14:44:00	2013-10-21 15:36:00	C1.1	11877.0	POINT(-43 -14)	-14	-43	-396.0	90.0
90460	2013-10-21 15:40:00	2013-10-21 16:10:00	2013-10-21 16:16:00	C2.4	11875.0	POINT(-24 7)	7	-24	-376.0	39.0
90470	2013-10-21 19:28:00	2013-10-21 19:40:00	2013-10-21 19:43:00	B9.1		POINT(-19 6)	6	-19	-323.0	30.0
90480	2013-10-21 20:20:00	2013-10-21 20:34:00	2013-10-21 20:39:00	C1.6	11875.0	POINT(-19 8)	8	-19	-319.0	54.0
90490	2013-10-21 20:29:00	2013-10-21 20:34:00	2013-10-21 20:46:00	C1.6	11875.0	POINT(-19 8)	8	-19	-318.0	53.0
90500	2013-10-21 20:56:00	2013-10-21 21:00:00	2013-10-21 21:07:00	C1.5	11875.0	POINT(-19 8)	8	-19	-314.0	50.0
90510	2013-10-21 22:31:00	2013-10-21 22:46:00	2013-10-21 22:58:00	C2.0	11875.0	POINT(-18 7)	7	-18	-283.0	23.0
90520	2013-10-21 23:02:00	2013-10-21 23:11:00	2013-10-21 23:15:00	C2.7	11875.0	POINT(-18 7)	7	-18	-318.0	54.0
90530	2013-10-22 00:05:00	2013-10-22 00:09:00	2013-10-22 00:13:00	C1.0		POINT(-17 7)	7	-17	-287.0	48.0
90540	2013-10-22 00:14:00	2013-10-22 00:22:00	2013-10-22 00:28:00	M1.0	11875.0	POINT(-17 6)	6	-17	-269.0	18.0
90550	2013-10-22 01:31:00	2013-10-22 01:35:00	2013-10-22 01:41:00	C1.4	11875.0	POINT(-17 7)	7	-17	-272.0	51.0
90560	2013-10-22 01:59:00	2013-10-22 02:03:00	2013-10-22 02:07:00	C1.7	11875.0	POINT(-18 8)	8	-18	-269.0	51.0
90570	2013-10-22 03:31:00	2013-10-22 03:37:00	2013-10-22 03:45:00	C4.3	11875.0	POINT(-14 6)	6	-14	-250.0	19.0
90580	2013-10-22 04:12:00	2013-10-22 04:21:00	2013-10-22 04:25:00	C4.0	11875.0	POINT(-16 7)	7	-16	-237.0	18.0
90590	2013-10-22 04:40:00	2013-10-22 04:44:00	2013-10-22 04:46:00	C2.1	11875.0	POINT(-15 8)	8	-15	-249.0	51.0
90600	2013-10-22 09:09:00	2013-10-22 09:14:00	2013-10-22 09:18:00	C1.1	11875.0	POINT(-12 7)	7	-12	-190.0	20.0
90610	2013-10-22 11:05:00	2013-10-22 11:12:00	2013-10-22 12:02:00	C1.6	11875.0	POINT(-11 8)	8	-11	-180.0	30.0
90620	2013-10-22 12:55:00	2013-10-22 12:58:00	2013-10-22 13:01:00	C1.4	11875.0	POINT(-8 7)	7	-8	-171.0	-8.0
90630	2013-10-22 13:25:00	2013-10-22 13:30:00	2013-10-22 13:36:00	C1.8	11875.0	POINT(-4 6)	6	-4	-80.0	2.0
90640	2013-10-22 14:44:00	2013-10-22 14:56:00	2013-10-22 15:28:00	M1.0	11875.0	POINT(-7 7)	7	-7	-147.0	5.0
90650	2013-10-22 18:28:00	2013-10-22 18:46:00	2013-10-22 18:54:00	C4.0	11875.0	POINT(-6 6)	6	-6	-29.0	-5.0
90660	2013-10-22 21:15:00	2013-10-22 21:20:00	2013-10-22 21:22:00	M4.2	11875.0	POINT(1 4)	4	1	2.0	-5.0
90670	2013-10-23 04:50:00	2013-10-23 05:12:00	2013-10-23 05:28:00	C3.3	11875.0	POINT(-2 6)	6	-2	-31.0	7.0
90680	2013-10-23 06:00:00	2013-10-23 06:04:00	2013-10-23 06:08:00	C3.6	11875.0	POINT(-5 7)	7	-5	-81.0	35.0
90690	2013-10-23 09:24:00	2013-10-23 09:50:00	2013-10-23 10:47:00	C1.3	11875.0	POINT(-17 -10)	-10	-17	-269.0	-262.0
90700	2013-10-23 11:11:00	2013-10-23 11:17:00	2013-10-23 11:21:00	C6.5	11875.0	POINT(4 5)	5	4	128.0	-12.0
90710	2013-10-23 15:38:00	2013-10-23 15:43:00	2013-10-23 15:59:00	C1.8	11875.0	POINT(4 5)	5	4	78.0	0.0
90720	2013-10-23 17:04:00	2013-10-23 17:20:00	2013-10-23 17:31:00	C3.6	11875.0	POINT(2 7)	7	2	35.0	38.0
90730	2013-10-23 19:26:00	2013-10-23 19:30:00	2013-10-23 19:39:00	C2.2	11875.0	POINT(5 6)	6	5	86.0	24.0
90740	2013-10-23 20:41:00	2013-10-23 20:53:00	2013-10-23 20:59:00	M2.7	11875.0	POINT(6 5)	5	6	111.0	11.0
90750	2013-10-23 21:57:00	2013-10-23 22:04:00	2013-10-23 22:13:00	C4.1	11875.0	POINT(5 7)	7	5	95.0	34.0
90760	2013-10-23 22:18:00	2013-10-23 22:26:00	2013-10-23 22:31:00	C8.7	11877.0	POINT(7 5)	5	7	131.0	9.0
90770	2013-10-23 23:33:00	2013-10-23 23:41:00	2013-10-24 00:49:00	M1.4	11875.0	POINT(7 7)	7	7	111.0	33.0
90780	2013-10-23 23:58:00	2013-10-24 00:08:00	2013-10-24 00:16:00	M3.1	11875.0	POINT(8 6)	6	8	136.0	21.0
90790	2013-10-24 00:20:00	2013-10-24 00:28:00	2013-10-24 00:48:00	M9.3	11877.0	POINT(-8 -10)	-10	-8	-169.0	-242.0
90800	2013-10-24 03:37:00	2013-10-24 03:43:00	2013-10-24 03:50:00	C3.1	11875.0	POINT(8 7)	7	8	139.0	33.0
90810	2013-10-24 04:12:00	2013-10-24 04:15:00	2013-10-24 04:18:00	C2.1	11875.0	POINT(9 6)	6	9	-98.0	-260.0
90820	2013-10-24 04:52:00	2013-10-24 05:07:00	2013-10-24 05:13:00	C3.4	11875.0	POINT(10 6)	6	10	186.0	11.0
90830	2013-10-24 05:22:00	2013-10-24 05:27:00	2013-10-24 05:32:00	C3.0	11875.0	POINT(10 6)	6	10	135.0	44.0
90840	2013-10-24 05:48:00	2013-10-24 05:58:00	2013-10-24 06:12:00	C9.3	11875.0	POINT(11 6)	6	11	201.0	11.0
90850	2013-10-24 09:43:00	2013-10-24 09:50:00	2013-10-24 09:55:00	C2.4	11877.0	POINT(-5 7)	7	-5	192.0	34.0
90860	2013-10-24 09:59:00	2013-10-24 10:09:00	2013-10-24 10:17:00	M2.5	11875.0	POINT(14 6)	6	14	236.0	15.0
90870	2013-10-24 10:30:00	2013-10-24 10:33:00	2013-10-24 10:37:00	M3.5	11875.0	POINT(12 6)	6	12	207.0	33.0
90880	2013-10-24 12:58:00	2013-10-24 13:12:00	2013-10-24 13:19:00	C2.4	11875.0	POINT(17 6)	6	17	267.0	12.0
90890	2013-10-24 14:01:00	2013-10-24 14:08:00	2013-10-24 14:37:00	C2.4	11877.0	POINT(-2 -9)	-9	-2	-6.0	-252.0
90900	2013-10-24 17:03:00	2013-10-24 17:07:00	2013-10-24 17:15:00	C2.3	11882.0	POINT(16 5)	5	16	268.0	18.0
90910	2013-10-24 17:59:00	2013-10-24 18:11:00	2013-10-24 18:22:00	C2.2	11877.0	POINT(2 -10)	-10	2	49.0	-260.0
90920	2013-10-24 19:22:00	2013-10-24 19:39:00	2013-10-24 19:41:00	C2.4	11875.0	POINT(18 6)	6	18	303.0	20.0
90930	2013-10-24 21:09:00	2013-10-24 21:14:00	2013-10-24 21:22:00	C3.3	11875.0	POINT(20 5)	5	20	334.0	17.0
90940	2013-10-24 22:05:00	2013-10-24 22:10:00	2013-10-24 22:15:00	C5.7	11877.0	POINT(19 5)	5	19	325.0	20.0
90950	2013-10-25 02:48:00	2013-10-25 03:02:00	2013-10-25 03:12:00	M2.9	11882.0	POINT(-76 -7)	-7	-76	-930.0	-152.0
90960	2013-10-25 06:10:00	2013-10-25 06:27:00	2013-10-25 06:30:00	C3.4	11875.0	POINT(24 6)	6	24	437.0	9.0
90970	2013-10-25 06:49:00	2013-10-25 07:01:00	2013-10-25 07:10:00	C3.2	11875.0	POINT(27 3)	3	27	444.0	-11.0
90980	2013-10-25 07:53:00	2013-10-25 08:01:00	2013-10-25 08:09:00	X1.7	11882.0	POINT(-73 -8)	-8	-73	-915.0	-160.0
90990	2013-10-25 09:43:00	2013-10-25 10:12:00	2013-10-25 10:25:00	M1.0	11882.0	POINT(-68 -3)	-3	-68	-917.0	-171.0
91000	2013-10-25 13:06:00	2013-10-25 13:14:00	2013-10-25 13:19:00	C1.8		POINT(84 18)	18	84	910.0	300.0
91010	2013-10-25 13:30:00	2013-10-25 13:37:00	2013-10-25 13:42:00	C2.3	11875.0	POINT(37 4)	4	37	591.0	1.0
91020	2013-10-25 14:31:00	2013-10-25 14:38:00	2013-10-25 14:45:00	C7.9	11882.0	POINT(-68 -8)	-8	-68	-891.0	-170.0
91030	2013-10-25 14:51:00	2013-10-25 15:03:00	2013-10-25 15:12:00	X2.1	11882.0	POINT(-69 -6)	-6	-69	-899.0	-143.0
91040	2013-10-25 17:02:00	2013-10-25 17:09:00	2013-10-25 17:16:00	M1.3	11882.0	POINT(-67 -8)	-8	-67	-881.0	-174.0
91050	2013-10-25 19:05:00	2013-10-25 19:21:00	2013-10-25 19:24:00	M2.3	11882.0	POINT(-66 -6)	-6	-66	-885.0	-165.0
91060	2013-10-25 20:50:00	2013-10-25 21:14:00	2013-10-25 22:04:00	M1.9	11882.0	POINT(-64 -7)	-7	-64	-862.0	-181.0
91070	2013-10-25 22:52:00	2013-10-25 23:00:00	2013-10-25 23:08:00	C3.2	11875.0	POINT(43 4)	4	43	659.0	12.0
91080	2013-10-25 23:12:00	2013-10-25 23:17:00	2013-10-25 23:26:00	C3.6	11882.0	POINT(-65 -7)	-7	-65	-869.0	-167.0
91090	2013-10-26 00:28:00	2013-10-26 00:32:00	2013-10-26 00:35:00	C2.3	11882.0	POINT(43 7)	7	43	657.0	68.0
91100	2013-10-26 00:51:00	2013-10-26 00:54:00	2013-10-26 00:57:00	C1.9	11882.0	POINT(-64 -7)	-7	-64	-866.0	-164.0
91110	2013-10-26 01:40:00	2013-10-26 01:43:00	2013-10-26 01:46:00	C1.7	11875.0	POINT(44 8)	8	44	662.0	68.0
91120	2013-10-26 02:42:00	2013-10-26 02:50:00	2013-10-26 02:55:00	C4.5	11875.0	POINT(44 9)	9	44	674.0	74.0
91130	2013-10-26 03:03:00	2013-10-26 03:07:00	2013-10-26 03:10:00	C2.3	11875.0	POINT(-63 -8)	-8	-63	-857.0	-179.0
91140	2013-10-26 03:20:00	2013-10-26 03:44:00	2013-10-26 03:52:00	C4.0	11882.0	POINT(-60 -9)	-9	-60	-857.0	-163.0
91150	2013-10-26 05:47:00	2013-10-26 06:09:00	2013-10-26 07:15:00	M2.3	11882.0	POINT(-61 -9)	-9	-61	-828.0	-181.0
91160	2013-10-26 08:37:00	2013-10-26 08:46:00	2013-10-26 08:49:00	C5.2	11877.0	POINT(23 -11)	-11	23	374.0	-263.0
91170	2013-10-26 08:52:00	2013-10-26 08:55:00	2013-10-26 08:57:00	C4.4	11877.0	POINT(23 -12)	-12	23	368.0	-262.0
91180	2013-10-26 09:17:00	2013-10-26 09:37:00	2013-10-26 09:48:00	M1.5	11882.0	POINT(-58 -10)	-10	-58	-810.0	-221.0
91190	2013-10-26 10:11:00	2013-10-26 11:08:00	2013-10-26 12:12:00	M1.8	11875.0	POINT(-58 -5)	-5	-58	-828.0	-158.0
91200	2013-10-26 13:19:00	2013-10-26 13:20:00	2013-10-26 13:36:00	C2.8	11877.0	POINT(25 -12)	-12	25	409.0	-260.0
91210	2013-10-26 15:45:00	2013-10-26 15:49:00	2013-10-26 15:53:00	C2.0	11873.0	POINT(72 12)	12	72	899.0	189.0
91220	2013-10-26 17:04:00	2013-10-26 17:15:00	2013-10-26 17:26:00	C8.8	11877.0	POINT(27 -12)	-12	27	-771.0	-185.0
91230	2013-10-26 17:28:00	2013-10-26 17:32:00	2013-10-26 17:36:00	C6.5	11882.0	POINT(-54 -8)	-8	-54	-777.0	-197.0
91240	2013-10-26 18:34:00	2013-10-26 18:38:00	2013-10-26 18:45:00	C2.1	11882.0	POINT(-53 -7)	-7	-53	-759.0	-219.0
91250	2013-10-26 18:50:00	2013-10-26 19:20:00	2013-10-26 19:23:00	C7.7	11877.0	POINT(29 -11)	-11	29	462.0	-255.0
91260	2013-10-26 19:24:00	2013-10-26 19:31:00	2013-10-26 19:38:00	M3.1	11884.0	POINT(-81 -9)	-9	-81	-942.0	-206.0
91270	2013-10-26 19:49:00	2013-10-26 19:53:00	2013-10-26 19:58:00	M1.0	11882.0	POINT(-51 -8)	-8	-51	-744.0	-198.0
91280	2013-10-26 22:29:00	2013-10-26 22:35:00	2013-10-26 22:40:00	C3.1	11873.0	POINT(76 14)	14	76	915.0	203.0
91290	2013-10-27 01:40:00	2013-10-27 01:44:00	2013-10-27 01:50:00	C1.5	11877.0	POINT(31 -10)	-10	31	497.0	-247.0
91300	2013-10-27 03:19:00	2013-10-27 03:30:00	2013-10-27 03:39:00	C4.3	11875.0	POINT(57 7)	7	57	824.0	90.0
91310	2013-10-27 07:51:00	2013-10-27 07:55:00	2013-10-27 08:00:00	C1.9	11875.0	POINT(59 7)	7	59	844.0	93.0
91320	2013-10-27 09:30:00	2013-10-27 09:36:00	2013-10-27 09:58:00	C3.5	11875.0	POINT(62 8)	8	62	851.0	104.0
91330	2013-10-27 12:33:00	2013-10-27 12:38:00	2013-10-27 12:46:00	M3.5	11875.0	POINT(63 6)	6	63	-908.0	-218.0
91340	2013-10-27 13:39:00	2013-10-27 13:47:00	2013-10-27 14:06:00	C4.0	11877.0	POINT(89 11)	11	89	955.0	200.0
91350	2013-10-27 17:24:00	2013-10-27 17:29:00	2013-10-27 17:34:00	C5.7	11873.0	POINT(89 12)	12	89	941.0	212.0
91360	2013-10-27 17:48:00	2013-10-27 17:53:00	2013-10-27 18:04:00	C9.1	11875.0	POINT(70 6)	6	70	880.0	103.0
91370	2013-10-28 01:25:00	2013-10-28 01:30:00	2013-10-28 01:36:00	C3.5	11875.0	POINT(59 4)	4	59	861.0	87.0
91380	2013-10-28 01:41:00	2013-10-28 02:03:00	2013-10-28 02:12:00	X1.0	11875.0	POINT(66 4)	4	66	916.0	66.0
91390	2013-10-28 04:32:00	2013-10-28 04:39:00	2013-10-28 04:53:00	M5.1	11875.0	POINT(71 8)	8	71	912.0	112.0
91400	2013-10-28 09:15:00	2013-10-28 09:22:00	2013-10-28 09:26:00	C5.2	11875.0	POINT(76 8)	8	76	929.0	120.0
91410	2013-10-28 11:32:00	2013-10-28 11:53:00	2013-10-28 12:39:00	M1.4	11877.0	POINT(44 -16)	-16	44	674.0	-302.0
91420	2013-10-28 14:00:00	2013-10-28 14:05:00	2013-10-28 14:12:00	M2.8	11875.0	POINT(75 6)	6	75	936.0	123.0
91430	2013-10-28 14:46:00	2013-10-28 15:01:00	2013-10-28 15:04:00	M2.7	11882.0	POINT(-28 -8)	-8	-28	-444.0	-207.0
91440	2013-10-28 15:07:00	2013-10-28 15:15:00	2013-10-28 15:21:00	M4.4	11882.0	POINT(-28 -6)	-6	-28	-457.0	-176.0
91450	2013-10-28 20:48:00	2013-10-28 20:57:00	2013-10-28 21:02:00	M1.5	11875.0	POINT(83 7)	7	83	950.0	123.0
91460	2013-10-29 00:13:00	2013-10-29 00:16:00	2013-10-29 00:21:00	C1.7	11875.0	POINT(81 10)	10	81	959.0	135.0
91470	2013-10-29 02:17:00	2013-10-29 02:27:00	2013-10-29 02:31:00	C2.1	11884.0	POINT(-52 -11)	-11	-52	-741.0	-237.0
91480	2013-10-29 03:03:00	2013-10-29 03:10:00	2013-10-29 03:19:00	C3.3	11875.0	POINT(89 9)	9	89	962.0	158.0
91490	2013-10-29 03:28:00	2013-10-29 03:31:00	2013-10-29 03:43:00	C2.9	11875.0	POINT(89 7)	7	89	958.0	120.0
91500	2013-10-29 04:18:00	2013-10-29 04:35:00	2013-10-29 04:40:00	C3.7	11875.0	POINT(85 8)	8	85	953.0	130.0
91510	2013-10-29 07:32:00	2013-10-29 07:48:00	2013-10-29 07:55:00	C2.3	11875.0	POINT(89 7)	7	89	962.0	131.0
91520	2013-10-29 10:02:00	2013-10-29 10:07:00	2013-10-29 10:21:00	C6.3	11875.0	POINT(83 8)	8	83	965.0	129.0
91530	2013-10-29 12:05:00	2013-10-29 12:10:00	2013-10-29 12:22:00	C2.0	11882.0	POINT(-16 -7)	-7	-16	962.0	127.0
91540	2013-10-29 15:09:00	2013-10-29 15:34:00	2013-10-29 15:46:00	C3.5		POINT(89 12)	12	89	953.0	207.0
91550	2013-10-29 18:24:00	2013-10-29 18:31:00	2013-10-29 18:36:00	C9.3	11875.0	POINT(89 7)	7	89	963.0	134.0
91560	2013-10-29 21:42:00	2013-10-29 21:54:00	2013-10-29 22:01:00	X2.3	11875.0	POINT(89 5)	5	89	972.0	85.0
91570	2013-10-30 10:36:00	2013-10-30 10:40:00	2013-10-30 10:45:00	C1.3	11875.0	POINT(89 8)	8	89	967.0	137.0
91580	2013-10-30 19:51:00	2013-10-30 19:55:00	2013-10-30 20:01:00	B8.6		POINT(-67 -19)	-19	-67	-842.0	-353.0
91590	2013-10-31 06:45:00	2013-10-31 06:51:00	2013-10-31 06:58:00	C1.0	11884.0	POINT(-25 -14)	-14	-25	-398.0	-301.0
91600	2013-10-31 13:36:00	2013-10-31 13:51:00	2013-10-31 14:02:00	M1.9	11877.0	POINT(88 -10)	-10	88	963.0	-172.0
91610	2013-10-31 21:33:00	2013-10-31 21:40:00	2013-10-31 21:49:00	C1.8	11877.0	POINT(-14 -21)	-21	-14	935.0	-197.0
91620	2013-10-31 22:16:00	2013-10-31 22:21:00	2013-10-31 22:25:00	C1.4	11885.0	POINT(-13 -21)	-21	-13	-203.0	-429.0
91630	2013-11-01 00:01:00	2013-11-01 00:09:00	2013-11-01 00:16:00	C6.2	11884.0	POINT(-13 -12)	-12	-13	-225.0	-273.0
91640	2013-11-01 07:23:00	2013-11-01 07:38:00	2013-11-01 07:58:00	C1.5	11884.0	POINT(-8 -11)	-11	-8	-142.0	-267.0
91650	2013-11-01 09:51:00	2013-11-01 09:54:00	2013-11-01 10:00:00	C1.1	11884.0	POINT(-6 -12)	-12	-6	-85.0	-267.0
91660	2013-11-01 10:04:00	2013-11-01 10:08:00	2013-11-01 10:11:00	C3.5	11884.0	POINT(-3 -12)	-12	-3	-86.0	-275.0
91670	2013-11-01 15:17:00	2013-11-01 15:22:00	2013-11-01 15:25:00	C1.8	11884.0	POINT(-2 -11)	-11	-2	-27.0	-270.0
91680	2013-11-01 18:37:00	2013-11-01 18:40:00	2013-11-01 18:43:00	C1.1	11884.0	POINT(0 -11)	-11	0	9.0	-257.0
91690	2013-11-01 19:46:00	2013-11-01 19:53:00	2013-11-01 19:58:00	M6.3	11884.0	POINT(-1 -11)	-11	-1	-24.0	-273.0
91700	2013-11-02 04:40:00	2013-11-02 04:46:00	2013-11-02 04:50:00	C8.2	11885.0	POINT(4 -23)	-23	4	54.0	-428.0
91710	2013-11-02 10:35:00	2013-11-02 10:40:00	2013-11-02 10:47:00	C1.4	11884.0	POINT(4 -14)	-14	4	102.0	-273.0
91720	2013-11-02 11:12:00	2013-11-02 11:15:00	2013-11-02 11:18:00	C1.6		POINT(-88 -11)	-11	-88	-954.0	-193.0
91730	2013-11-02 12:52:00	2013-11-02 13:12:00	2013-11-02 13:59:00	C4.3	11884.0	POINT(6 -12)	-12	6	132.0	-254.0
91740	2013-11-02 15:22:00	2013-11-02 15:27:00	2013-11-02 15:35:00	C1.1	11884.0	POINT(8 -12)	-12	8	143.0	-275.0
91750	2013-11-02 18:08:00	2013-11-02 18:12:00	2013-11-02 18:21:00	C1.7	11889.0	POINT(9 -12)	-12	9	161.0	-276.0
91760	2013-11-02 20:20:00	2013-11-02 20:24:00	2013-11-02 20:26:00	C1.6	11889.0	POINT(-25 -18)	-18	-25	-391.0	-369.0
91770	2013-11-02 21:27:00	2013-11-02 21:31:00	2013-11-02 21:42:00	C3.6	11884.0	POINT(11 -12)	-12	11	204.0	-269.0
91780	2013-11-02 22:13:00	2013-11-02 22:21:00	2013-11-02 22:25:00	M1.6	11884.0	POINT(11 -12)	-12	11	209.0	-273.0
91790	2013-11-03 01:28:00	2013-11-03 01:28:00	2013-11-03 01:32:00	C1.1	11890.0	POINT(-81 -12)	-12	-81	-944.0	-215.0
91800	2013-11-03 03:49:00	2013-11-03 03:52:00	2013-11-03 03:55:00	C1.4	11890.0	POINT(-81 -12)	-12	-81	-934.0	-217.0
91810	2013-11-03 05:16:00	2013-11-03 05:22:00	2013-11-03 05:26:00	M5.0	11884.0	POINT(16 -12)	-12	16	278.0	-272.0
91820	2013-11-03 16:22:00	2013-11-03 16:28:00	2013-11-03 16:43:00	C9.9	11890.0	POINT(-71 -9)	-9	-71	-906.0	-173.0
91830	2013-11-04 05:36:00	2013-11-04 05:44:00	2013-11-04 05:52:00	C3.2	11884.0	POINT(30 -13)	-13	30	482.0	-274.0
91840	2013-11-04 10:58:00	2013-11-04 11:14:00	2013-11-04 11:35:00	C2.6	11890.0	POINT(-53 -9)	-9	-53	-857.0	-138.0
91850	2013-11-04 11:42:00	2013-11-04 11:49:00	2013-11-04 11:56:00	C2.5		POINT(33 -13)	-13	33	528.0	-275.0
91860	2013-11-04 13:17:00	2013-11-04 13:23:00	2013-11-04 13:30:00	C1.0	11890.0	POINT(-59 -8)	-8	-59	-825.0	-180.0
91870	2013-11-04 14:30:00	2013-11-04 14:37:00	2013-11-04 14:44:00	B9.7		POINT(0 18)	18	0	4.0	247.0
91880	2013-11-04 14:58:00	2013-11-04 15:01:00	2013-11-04 15:04:00	B9.3	11884.0	POINT(-58 -8)	-8	-58	-819.0	-182.0
91890	2013-11-04 17:30:00	2013-11-04 17:35:00	2013-11-04 17:37:00	C1.0		POINT(-60 -12)	-12	-60	-826.0	-238.0
91900	2013-11-04 21:35:00	2013-11-04 21:38:00	2013-11-04 21:41:00	C1.1		POINT(-58 -12)	-12	-58	-806.0	-242.0
91910	2013-11-04 22:09:00	2013-11-04 22:13:00	2013-11-04 22:15:00	C1.5		POINT(-57 -12)	-12	-57	-800.0	-239.0
91920	2013-11-04 23:43:00	2013-11-04 23:46:00	2013-11-04 23:50:00	C1.7	11890.0	POINT(-47 -8)	-8	-47	909.0	-234.0
91930	2013-11-05 05:49:00	2013-11-05 06:02:00	2013-11-05 06:23:00	C1.6	11889.0	POINT(8 -17)	-17	8	114.0	-351.0
91940	2013-11-05 08:12:00	2013-11-05 08:18:00	2013-11-05 08:21:00	M2.5	11890.0	POINT(-48 -17)	-17	-48	-725.0	-306.0
91950	2013-11-05 09:12:00	2013-11-05 09:18:00	2013-11-05 09:22:00	C3.5	11885.0	POINT(44 -17)	-17	44	655.0	-327.0
91960	2013-11-05 11:51:00	2013-11-05 11:58:00	2013-11-05 12:01:00	C8.0	11890.0	POINT(-49 -15)	-15	-49	-708.0	-297.0
91970	2013-11-05 13:56:00	2013-11-05 14:22:00	2013-11-05 14:48:00	C2.5		POINT(88 -13)	-13	88	982.0	-230.0
91980	2013-11-05 16:37:00	2013-11-05 16:42:00	2013-11-05 16:48:00	C2.3		POINT(-48 -12)	-12	-48	-707.0	-256.0
91990	2013-11-05 16:55:00	2013-11-05 16:59:00	2013-11-05 17:01:00	C2.3		POINT(44 -14)	-14	44	660.0	-281.0
92000	2013-11-05 17:05:00	2013-11-05 17:14:00	2013-11-05 17:21:00	C3.1	11890.0	POINT(-46 -15)	-15	-46	-678.0	-299.0
92010	2013-11-05 18:08:00	2013-11-05 18:13:00	2013-11-05 18:17:00	M1.0	11890.0	POINT(-47 -12)	-12	-47	-696.0	-260.0
92020	2013-11-05 19:58:00	2013-11-05 20:07:00	2013-11-05 20:17:00	C2.1		POINT(-44 -13)	-13	-44	-656.0	-269.0
92030	2013-11-05 21:01:00	2013-11-05 21:13:00	2013-11-05 21:19:00	C6.9	11890.0	POINT(-46 -12)	-12	-46	-679.0	-255.0
92040	2013-11-05 22:07:00	2013-11-05 22:12:00	2013-11-05 22:15:00	X3.3	11890.0	POINT(-46 -12)	-12	-46	-661.0	-257.0
92050	2013-11-06 00:20:00	2013-11-06 00:31:00	2013-11-06 00:32:00	C1.5	11890.0	POINT(-35 -12)	-12	-35	-654.0	-252.0
92060	2013-11-06 01:19:00	2013-11-06 01:25:00	2013-11-06 01:29:00	C4.4		POINT(-42 -12)	-12	-42	-645.0	-253.0
92070	2013-11-06 01:49:00	2013-11-06 01:53:00	2013-11-06 01:55:00	C4.7	11890.0	POINT(-42 -16)	-16	-42	-626.0	-306.0
92080	2013-11-06 07:43:00	2013-11-06 08:52:00	2013-11-06 09:16:00	C1.9	11890.0	POINT(19 -19)	-19	19	335.0	-355.0
92090	2013-11-06 08:45:00	2013-11-06 08:51:00	2013-11-06 08:55:00	C8.6	11890.0	POINT(-39 -13)	-13	-39	-593.0	-276.0
92100	2013-11-06 09:39:00	2013-11-06 09:43:00	2013-11-06 09:56:00	C2.4	11890.0	POINT(-38 -12)	-12	-38	-587.0	-257.0
92110	2013-11-06 09:57:00	2013-11-06 10:00:00	2013-11-06 10:02:00	C3.8	11890.0	POINT(-36 -16)	-16	-36	-567.0	-309.0
92120	2013-11-06 11:46:00	2013-11-06 11:51:00	2013-11-06 11:56:00	C1.8	11890.0	POINT(-35 -11)	-11	-35	-570.0	-271.0
92130	2013-11-06 13:39:00	2013-11-06 13:46:00	2013-11-06 13:53:00	M3.8	11890.0	POINT(-37 -12)	-12	-37	-545.0	-265.0
92140	2013-11-06 17:24:00	2013-11-06 17:31:00	2013-11-06 17:38:00	C3.0	11889.0	POINT(26 -18)	-18	26	417.0	-351.0
92150	2013-11-06 19:35:00	2013-11-06 19:38:00	2013-11-06 19:42:00	C1.2	11890.0	POINT(-26 -11)	-11	-26	-424.0	-258.0
92160	2013-11-06 21:19:00	2013-11-06 21:27:00	2013-11-06 21:43:00	C2.9	11890.0	POINT(-25 -14)	-14	-25	-369.0	-281.0
92170	2013-11-06 22:13:00	2013-11-06 22:18:00	2013-11-06 22:22:00	C1.6	11890.0	POINT(-31 -12)	-12	-31	-497.0	-258.0
92180	2013-11-06 23:44:00	2013-11-07 00:02:00	2013-11-07 00:14:00	M1.8		POINT(88 -11)	-11	88	962.0	-188.0
92190	2013-11-07 01:45:00	2013-11-07 01:53:00	2013-11-07 02:02:00	C4.1	11890.0	POINT(-29 -13)	-13	-29	-470.0	-264.0
92200	2013-11-07 02:08:00	2013-11-07 02:11:00	2013-11-07 02:14:00	C3.7	11891.0	POINT(12 -18)	-18	12	188.0	-354.0
92210	2013-11-07 03:34:00	2013-11-07 03:40:00	2013-11-07 03:43:00	M2.3	11890.0	POINT(-28 -14)	-14	-28	-447.0	-282.0
92220	2013-11-07 08:15:00	2013-11-07 08:23:00	2013-11-07 08:27:00	C4.3	11891.0	POINT(14 -17)	-17	14	242.0	-355.0
92230	2013-11-07 10:26:00	2013-11-07 10:53:00	2013-11-07 10:57:00	C2.1	11890.0	POINT(-24 -12)	-12	-24	-396.0	-262.0
92240	2013-11-07 12:17:00	2013-11-07 12:28:00	2013-11-07 12:44:00	C5.9	11890.0	POINT(-24 -13)	-13	-24	-374.0	-284.0
92250	2013-11-07 14:15:00	2013-11-07 14:25:00	2013-11-07 14:31:00	M2.4	11890.0	POINT(-23 -13)	-13	-23	-354.0	-282.0
92260	2013-11-07 15:39:00	2013-11-07 15:47:00	2013-11-07 15:49:00	C1.6	11890.0	POINT(-21 -12)	-12	-21	-351.0	-271.0
92270	2013-11-07 16:02:00	2013-11-07 16:07:00	2013-11-07 16:09:00	C1.6	11890.0	POINT(-21 -12)	-12	-21	-346.0	-272.0
92280	2013-11-07 16:21:00	2013-11-07 16:26:00	2013-11-07 16:29:00	C6.0	11890.0	POINT(-21 -12)	-12	-21	-344.0	-270.0
92290	2013-11-07 16:43:00	2013-11-07 16:47:00	2013-11-07 16:49:00	C1.3	11890.0	POINT(-21 -12)	-12	-21	-342.0	-273.0
92300	2013-11-07 19:16:00	2013-11-07 19:23:00	2013-11-07 19:32:00	C1.2	11890.0	POINT(-14 -12)	-12	-14	-237.0	-264.0
92310	2013-11-07 23:02:00	2013-11-07 23:29:00	2013-11-07 23:36:00	C1.3	11887.0	POINT(-17 -14)	-14	-17	-280.0	-292.0
92320	2013-11-08 02:33:00	2013-11-08 02:40:00	2013-11-08 02:46:00	C5.7	11891.0	POINT(25 -18)	-18	25	386.0	-351.0
92330	2013-11-08 04:20:00	2013-11-08 04:26:00	2013-11-08 04:29:00	X1.1	11890.0	POINT(-15 -14)	-14	-15	-225.0	-278.0
92340	2013-11-08 07:38:00	2013-11-08 07:57:00	2013-11-08 08:18:00	C1.4	11891.0	POINT(27 -20)	-20	27	455.0	-348.0
92350	2013-11-08 09:20:00	2013-11-08 09:29:00	2013-11-08 09:43:00	M2.3	11891.0	POINT(28 -18)	-18	28	453.0	-345.0
92360	2013-11-08 18:16:00	2013-11-08 18:21:00	2013-11-08 18:27:00	C1.1	11887.0	POINT(55 21)	21	55	747.0	329.0
92370	2013-11-08 22:36:00	2013-11-08 22:39:00	2013-11-08 22:41:00	B9.5	11887.0	POINT(2 -12)	-12	2	46.0	-266.0
92380	2013-11-09 00:00:00	2013-11-09 00:19:00	2013-11-09 00:36:00	C1.7	11893.0	POINT(-88 -16)	-16	-88	-945.0	-281.0
92390	2013-11-09 06:22:00	2013-11-09 06:38:00	2013-11-09 06:47:00	C2.6	11890.0	POINT(5 -10)	-10	5	63.0	-240.0
92400	2013-11-09 11:59:00	2013-11-09 12:50:00	2013-11-09 13:48:00	C1.2		POINT(-88 -16)	-16	-88	-948.0	-289.0
92410	2013-11-09 13:54:00	2013-11-09 14:08:00	2013-11-09 14:26:00	C1.2	11895.0	POINT(-88 -17)	-17	-88	-947.0	-294.0
92420	2013-11-09 14:38:00	2013-11-09 15:07:00	2013-11-09 15:13:00	C1.6	11890.0	POINT(5 -13)	-13	5	83.0	-286.0
92430	2013-11-09 15:27:00	2013-11-09 15:33:00	2013-11-09 15:41:00	C1.6	11893.0	POINT(-88 -18)	-18	-88	-933.0	-311.0
92440	2013-11-09 15:44:00	2013-11-09 15:52:00	2013-11-09 15:58:00	C1.4	11893.0	POINT(-88 -16)	-16	-88	-954.0	-291.0
92450	2013-11-09 16:14:00	2013-11-09 16:27:00	2013-11-09 16:48:00	C1.6	11894.0	POINT(-88 -16)	-16	-88	-947.0	-276.0
92460	2013-11-09 17:00:00	2013-11-09 17:07:00	2013-11-09 17:20:00	C1.7	11887.0	POINT(-88 -16)	-16	-88	-957.0	-290.0
92470	2013-11-09 17:28:00	2013-11-09 17:34:00	2013-11-09 17:40:00	C1.8	11895.0	POINT(-88 -17)	-17	-88	-938.0	-300.0
92480	2013-11-09 18:01:00	2013-11-09 18:04:00	2013-11-09 18:09:00	C1.3	11895.0	POINT(-88 -19)	-19	-88	-919.0	-324.0
92490	2013-11-09 19:28:00	2013-11-09 19:40:00	2013-11-09 19:50:00	C1.0	11895.0	POINT(-88 -19)	-19	-88	-922.0	-334.0
92500	2013-11-09 20:39:00	2013-11-09 20:43:00	2013-11-09 20:46:00	C1.4	11895.0	POINT(-88 -19)	-19	-88	-918.0	-325.0
92510	2013-11-09 22:54:00	2013-11-09 23:00:00	2013-11-09 23:07:00	C2.2	11895.0	POINT(-88 -20)	-20	-88	-919.0	-347.0
92520	2013-11-10 01:47:00	2013-11-10 01:52:00	2013-11-10 02:00:00	C1.5	11895.0	POINT(-88 -19)	-19	-88	-929.0	-326.0
92530	2013-11-10 03:30:00	2013-11-10 03:40:00	2013-11-10 03:49:00	C3.0	11895.0	POINT(-88 -18)	-18	-88	-932.0	-321.0
92540	2013-11-10 05:08:00	2013-11-10 05:14:00	2013-11-10 05:18:00	X1.1	11890.0	POINT(13 -14)	-14	13	227.0	-280.0
92550	2013-11-10 09:18:00	2013-11-10 09:27:00	2013-11-10 09:48:00	C3.2	11890.0	POINT(18 -9)	-9	18	294.0	-206.0
92560	2013-11-10 12:47:00	2013-11-10 12:52:00	2013-11-10 12:58:00	C3.1	11890.0	POINT(19 -15)	-15	19	314.0	-305.0
92570	2013-11-10 15:12:00	2013-11-10 15:47:00	2013-11-10 16:12:00	C1.9	11895.0	POINT(-88 -19)	-19	-88	-946.0	-332.0
92580	2013-11-10 17:08:00	2013-11-10 17:25:00	2013-11-10 17:33:00	C1.3	11890.0	POINT(21 -15)	-15	21	348.0	-305.0
92590	2013-11-10 17:41:00	2013-11-10 17:45:00	2013-11-10 17:48:00	C1.4	11887.0	POINT(83 21)	21	83	896.0	344.0
92600	2013-11-10 18:48:00	2013-11-10 18:55:00	2013-11-10 18:58:00	C1.3	11895.0	POINT(-88 -21)	-21	-88	-910.0	-362.0
92610	2013-11-11 00:26:00	2013-11-11 00:32:00	2013-11-11 00:39:00	C6.4	11890.0	POINT(26 -15)	-15	26	419.0	-301.0
92620	2013-11-11 00:43:00	2013-11-11 00:48:00	2013-11-11 00:51:00	C7.8	11890.0	POINT(24 -13)	-13	24	393.0	-275.0
92630	2013-11-11 10:03:00	2013-11-11 10:07:00	2013-11-11 10:10:00	C2.3		POINT(29 -14)	-14	29	465.0	-285.0
92640	2013-11-11 11:01:00	2013-11-11 11:18:00	2013-11-11 11:30:00	M2.4	11897.0	POINT(-74 -17)	-17	-74	-890.0	-311.0
92650	2013-11-11 13:15:00	2013-11-11 13:37:00	2013-11-11 13:55:00	C4.8	11890.0	POINT(36 -7)	-7	36	566.0	-177.0
92660	2013-11-11 16:14:00	2013-11-11 16:17:00	2013-11-11 16:20:00	C1.9	11890.0	POINT(34 -14)	-14	34	528.0	-280.0
92670	2013-11-11 16:56:00	2013-11-11 17:01:00	2013-11-11 17:05:00	C5.0	11890.0	POINT(35 -15)	-15	35	543.0	-279.0
92680	2013-11-11 21:34:00	2013-11-11 21:46:00	2013-11-11 21:55:00	C4.3	11897.0	POINT(-71 -19)	-19	-71	-864.0	-342.0
92690	2013-11-12 02:03:00	2013-11-12 02:11:00	2013-11-12 02:20:00	C2.0	11897.0	POINT(-67 -20)	-20	-67	-840.0	-355.0
92700	2013-11-12 04:33:00	2013-11-12 05:27:00	2013-11-12 06:52:00	C3.3	11890.0	POINT(50 -15)	-15	50	728.0	-285.0
92710	2013-11-12 06:18:00	2013-11-12 06:24:00	2013-11-12 06:28:00	C3.2	11897.0	POINT(-67 -24)	-24	-67	-816.0	-420.0
92720	2013-11-12 14:14:00	2013-11-12 14:17:00	2013-11-12 14:19:00	C2.0	11897.0	POINT(-60 -18)	-18	-60	-794.0	-377.0
92730	2013-11-12 14:58:00	2013-11-12 15:01:00	2013-11-12 15:03:00	C1.3	11897.0	POINT(-60 -18)	-18	-60	-785.0	-423.0
92740	2013-11-12 15:30:00	2013-11-12 15:34:00	2013-11-12 15:37:00	C1.2	11899.0	POINT(-58 -19)	-19	-58	-783.0	-344.0
92750	2013-11-12 16:44:00	2013-11-12 16:48:00	2013-11-12 16:53:00	C1.2	11897.0	POINT(-89 5)	5	-89	-972.0	97.0
92760	2013-11-12 17:25:00	2013-11-12 17:28:00	2013-11-12 17:31:00	C1.3	11897.0	POINT(-48 -16)	-16	-48	-700.0	-313.0
92770	2013-11-12 19:31:00	2013-11-12 19:42:00	2013-11-12 19:54:00	C4.5	11897.0	POINT(-59 -18)	-18	-59	-763.0	-369.0
92780	2013-11-12 21:06:00	2013-11-12 21:13:00	2013-11-12 21:19:00	C2.1	11890.0	POINT(49 -16)	-16	49	726.0	-273.0
92790	2013-11-12 21:37:00	2013-11-12 21:40:00	2013-11-12 21:43:00	C3.1	11890.0	POINT(49 -16)	-16	49	831.0	-205.0
92800	2013-11-12 22:49:00	2013-11-12 23:08:00	2013-11-12 23:31:00	C9.8	11897.0	POINT(-56 -21)	-21	-56	-755.0	-378.0
92810	2013-11-13 02:51:00	2013-11-13 03:10:00	2013-11-13 03:23:00	C1.8	11897.0	POINT(-55 -22)	-22	-55	-740.0	-394.0
92820	2013-11-13 03:51:00	2013-11-13 03:58:00	2013-11-13 04:03:00	C6.5	11890.0	POINT(54 -14)	-14	54	773.0	-262.0
92830	2013-11-13 04:33:00	2013-11-13 04:42:00	2013-11-13 04:45:00	C2.6	11890.0	POINT(64 -11)	-11	64	861.0	-215.0
92840	2013-11-13 09:08:00	2013-11-13 09:13:00	2013-11-13 09:17:00	C2.4	11890.0	POINT(67 -11)	-11	67	880.0	-212.0
92850	2013-11-13 10:07:00	2013-11-13 10:35:00	2013-11-13 10:39:00	C3.5	11890.0	POINT(68 -11)	-11	68	883.0	-216.0
92860	2013-11-13 11:53:00	2013-11-13 12:07:00	2013-11-13 12:12:00	C2.3		POINT(-50 -22)	-22	-50	-692.0	-399.0
92870	2013-11-13 13:12:00	2013-11-13 13:17:00	2013-11-13 13:21:00	C2.6	11897.0	POINT(70 -11)	-11	70	894.0	-216.0
92880	2013-11-13 14:57:00	2013-11-13 15:20:00	2013-11-13 15:41:00	M1.4	11897.0	POINT(-46 -20)	-20	-46	-654.0	-373.0
92890	2013-11-13 17:48:00	2013-11-13 17:56:00	2013-11-13 18:06:00	C4.0	11890.0	POINT(68 -12)	-12	68	880.0	-224.0
92900	2013-11-13 19:35:00	2013-11-13 19:40:00	2013-11-13 19:44:00	C1.0		POINT(72 -12)	-12	72	905.0	-217.0
92910	2013-11-13 20:19:00	2013-11-13 20:42:00	2013-11-13 20:58:00	C5.9	11897.0	POINT(-43 -20)	-20	-43	-630.0	-378.0
92920	2013-11-13 22:53:00	2013-11-13 22:59:00	2013-11-13 23:04:00	C2.3	11899.0	POINT(-68 7)	7	-68	-897.0	107.0
92930	2013-11-13 23:05:00	2013-11-13 23:08:00	2013-11-13 23:11:00	C3.1	11899.0	POINT(-68 7)	7	-68	-888.0	98.0
92940	2013-11-14 00:16:00	2013-11-14 00:20:00	2013-11-14 00:24:00	C1.9		POINT(-67 7)	7	-67	-891.0	101.0
92950	2013-11-14 01:01:00	2013-11-14 01:12:00	2013-11-14 01:21:00	C2.3	11897.0	POINT(-42 -21)	-21	-42	-606.0	-394.0
92960	2013-11-14 01:32:00	2013-11-14 01:40:00	2013-11-14 01:49:00	C3.2	11897.0	POINT(-35 -19)	-19	-35	-561.0	-349.0
92970	2013-11-14 02:14:00	2013-11-14 02:17:00	2013-11-14 02:20:00	C2.5		POINT(-65 7)	7	-65	-880.0	98.0
92980	2013-11-14 03:43:00	2013-11-14 03:48:00	2013-11-14 03:52:00	C1.7	11897.0	POINT(-39 -20)	-20	-39	-580.0	-378.0
92990	2013-11-14 04:43:00	2013-11-14 04:47:00	2013-11-14 04:51:00	C1.5	11899.0	POINT(-65 6)	6	-65	-874.0	96.0
93000	2013-11-14 05:43:00	2013-11-14 05:52:00	2013-11-14 05:58:00	C1.6	11890.0	POINT(71 -14)	-14	71	888.0	-248.0
93010	2013-11-14 06:43:00	2013-11-14 06:46:00	2013-11-14 06:50:00	C3.5	11899.0	POINT(-65 7)	7	-65	-867.0	105.0
93020	2013-11-14 07:50:00	2013-11-14 08:00:00	2013-11-14 08:08:00	C4.9	11897.0	POINT(-37 -22)	-22	-37	-548.0	-383.0
93030	2013-11-14 08:55:00	2013-11-14 09:06:00	2013-11-14 09:18:00	C3.0	11897.0	POINT(-35 -21)	-21	-35	-533.0	-371.0
93040	2013-11-14 12:45:00	2013-11-14 12:49:00	2013-11-14 12:52:00	C2.3	11899.0	POINT(-60 6)	6	-60	-841.0	87.0
93050	2013-11-14 14:42:00	2013-11-14 14:45:00	2013-11-14 14:54:00	C1.6	11899.0	POINT(-59 6)	6	-59	-832.0	86.0
93060	2013-11-14 18:44:00	2013-11-14 18:50:00	2013-11-14 18:59:00	C2.2	11897.0	POINT(-32 -23)	-23	-32	-477.0	-426.0
93070	2013-11-14 20:26:00	2013-11-14 20:31:00	2013-11-14 20:42:00	C1.9	11897.0	POINT(-31 -22)	-22	-31	-465.0	-407.0
93080	2013-11-14 22:45:00	2013-11-14 22:50:00	2013-11-14 22:55:00	C1.7	11900.0	POINT(13 -19)	-19	13	204.0	-363.0
93090	2013-11-14 23:15:00	2013-11-14 23:22:00	2013-11-14 23:26:00	C3.2	11899.0	POINT(-55 7)	7	-55	-791.0	97.0
93100	2013-11-15 02:20:00	2013-11-15 02:29:00	2013-11-15 02:33:00	M1.0	11899.0	POINT(-52 7)	7	-52	-774.0	100.0
93110	2013-11-15 02:55:00	2013-11-15 02:59:00	2013-11-15 03:10:00	C1.7	11897.0	POINT(-25 -19)	-19	-25	-395.0	-372.0
93120	2013-11-15 03:57:00	2013-11-15 04:01:00	2013-11-15 04:06:00	C3.6	11890.0	POINT(86 -8)	-8	86	956.0	-150.0
93130	2013-11-15 05:43:00	2013-11-15 05:46:00	2013-11-15 05:48:00	C1.6	11900.0	POINT(15 -19)	-19	15	-380.0	-378.0
93140	2013-11-15 11:05:00	2013-11-15 11:09:00	2013-11-15 11:13:00	C1.5	11897.0	POINT(-19 -20)	-20	-19	-290.0	-374.0
93150	2013-11-15 11:31:00	2013-11-15 11:35:00	2013-11-15 11:40:00	C7.5	11897.0	POINT(-20 -18)	-18	-20	-280.0	-372.0
93160	2013-11-15 20:02:00	2013-11-15 20:09:00	2013-11-15 20:15:00	C3.1	11900.0	POINT(22 -12)	-12	22	363.0	-260.0
93170	2013-11-15 22:58:00	2013-11-15 23:03:00	2013-11-15 23:10:00	C3.5		POINT(-89 15)	15	-89	-963.0	265.0
93180	2013-11-16 01:59:00	2013-11-16 02:05:00	2013-11-16 02:10:00	C2.5	11897.0	POINT(-10 -20)	-20	-10	-165.0	-377.0
93190	2013-11-16 02:19:00	2013-11-16 02:22:00	2013-11-16 02:25:00	C2.2	11900.0	POINT(27 -19)	-19	27	430.0	-364.0
93200	2013-11-16 02:31:00	2013-11-16 02:42:00	2013-11-16 02:51:00	C5.2		POINT(-89 15)	15	-89	-953.0	256.0
93210	2013-11-16 04:47:00	2013-11-16 04:53:00	2013-11-16 04:57:00	M1.2	11900.0	POINT(29 -18)	-18	29	447.0	-352.0
93220	2013-11-16 05:31:00	2013-11-16 05:38:00	2013-11-16 05:43:00	C2.9	11897.0	POINT(-16 -22)	-22	-16	-261.0	-414.0
93230	2013-11-16 05:58:00	2013-11-16 06:02:00	2013-11-16 06:04:00	C3.1	11893.0	POINT(29 -12)	-12	29	471.0	-247.0
93240	2013-11-16 06:15:00	2013-11-16 06:21:00	2013-11-16 06:28:00	C8.6	11897.0	POINT(-9 -21)	-21	-9	-951.0	258.0
93250	2013-11-16 07:45:00	2013-11-16 07:49:00	2013-11-16 07:53:00	M1.6	11900.0	POINT(29 -19)	-19	29	462.0	-372.0
93260	2013-11-16 13:41:00	2013-11-16 13:49:00	2013-11-16 13:57:00	C2.7	11900.0	POINT(34 -19)	-19	34	514.0	-357.0
93270	2013-11-16 14:15:00	2013-11-16 14:19:00	2013-11-16 14:28:00	C2.5	11900.0	POINT(34 -19)	-19	34	524.0	-352.0
93280	2013-11-16 17:07:00	2013-11-16 17:12:00	2013-11-16 17:16:00	C3.0		POINT(-89 14)	14	-89	-949.0	254.0
93290	2013-11-16 17:40:00	2013-11-16 17:47:00	2013-11-16 17:52:00	C2.5	11893.0	POINT(16 -12)	-12	16	543.0	-268.0
93300	2013-11-16 19:46:00	2013-11-16 19:51:00	2013-11-16 19:55:00	C2.1	11900.0	POINT(37 -20)	-20	37	552.0	-372.0
93310	2013-11-16 22:43:00	2013-11-16 22:48:00	2013-11-16 22:52:00	C2.6	11900.0	POINT(38 -19)	-19	38	567.0	-369.0
93320	2013-11-16 23:24:00	2013-11-16 23:31:00	2013-11-16 23:34:00	C5.2	11900.0	POINT(39 -19)	-19	39	576.0	-363.0
93330	2013-11-17 01:02:00	2013-11-17 01:07:00	2013-11-17 01:13:00	C3.5	11900.0	POINT(39 -19)	-19	39	591.0	-351.0
93340	2013-11-17 02:12:00	2013-11-17 02:17:00	2013-11-17 02:21:00	C3.2	11900.0	POINT(40 -19)	-19	40	588.0	-365.0
93350	2013-11-17 05:06:00	2013-11-17 05:10:00	2013-11-17 05:13:00	M1.0	11900.0	POINT(42 -20)	-20	42	607.0	-358.0
93360	2013-11-17 05:23:00	2013-11-17 05:27:00	2013-11-17 05:30:00	C3.3	11893.0	POINT(42 -13)	-13	42	641.0	-250.0
93370	2013-11-17 07:37:00	2013-11-17 08:01:00	2013-11-17 08:24:00	C4.9	11893.0	POINT(39 -17)	-17	39	591.0	-310.0
93380	2013-11-17 10:43:00	2013-11-17 10:47:00	2013-11-17 10:53:00	C2.8	11893.0	POINT(49 -14)	-14	49	720.0	-229.0
93390	2013-11-17 14:10:00	2013-11-17 14:14:00	2013-11-17 14:18:00	C1.7	11899.0	POINT(-19 9)	9	-19	-318.0	117.0
93400	2013-11-17 15:03:00	2013-11-17 15:12:00	2013-11-17 15:16:00	C3.0	11897.0	POINT(5 -21)	-21	5	93.0	-395.0
93410	2013-11-17 18:59:00	2013-11-17 19:06:00	2013-11-17 19:10:00	C3.0	11897.0	POINT(8 -21)	-21	8	133.0	-389.0
93420	2013-11-17 20:17:00	2013-11-17 20:21:00	2013-11-17 20:26:00	C3.4	11897.0	POINT(20 -15)	-15	20	332.0	-295.0
93430	2013-11-17 21:16:00	2013-11-17 21:19:00	2013-11-17 21:25:00	C1.5	11897.0	POINT(11 -24)	-24	11	180.0	-432.0
93440	2013-11-18 00:38:00	2013-11-18 00:46:00	2013-11-18 00:51:00	C1.6	11893.0	POINT(54 -11)	-11	54	784.0	-221.0
93450	2013-11-18 01:28:00	2013-11-18 01:39:00	2013-11-18 01:47:00	C1.4	11900.0	POINT(54 -20)	-20	54	738.0	-364.0
93460	2013-11-18 02:11:00	2013-11-18 02:23:00	2013-11-18 02:37:00	C1.2	11900.0	POINT(55 -22)	-22	55	741.0	-395.0
93470	2013-11-18 02:52:00	2013-11-18 02:57:00	2013-11-18 03:04:00	C1.2	11900.0	POINT(55 -20)	-20	55	747.0	-363.0
93480	2013-11-18 03:24:00	2013-11-18 04:15:00	2013-11-18 04:44:00	C2.8	11897.0	POINT(12 -20)	-20	12	221.0	-360.0
93490	2013-11-18 06:30:00	2013-11-18 06:42:00	2013-11-18 06:52:00	C1.4	11893.0	POINT(59 -12)	-12	59	816.0	-224.0
93500	2013-11-18 06:58:00	2013-11-18 07:04:00	2013-11-18 07:13:00	C1.8	11897.0	POINT(17 -23)	-23	17	267.0	-431.0
93510	2013-11-18 08:34:00	2013-11-18 08:38:00	2013-11-18 08:46:00	C1.8	11900.0	POINT(59 -22)	-22	59	770.0	-394.0
93520	2013-11-18 12:00:00	2013-11-18 12:08:00	2013-11-18 12:15:00	C1.6	11897.0	POINT(26 -15)	-15	26	417.0	-292.0
93530	2013-11-18 12:59:00	2013-11-18 13:03:00	2013-11-18 13:11:00	C1.7		POINT(61 -22)	-22	61	789.0	-384.0
93540	2013-11-18 13:32:00	2013-11-18 14:15:00	2013-11-18 14:35:00	C7.0	11893.0	POINT(61 -14)	-14	61	824.0	-262.0
93550	2013-11-18 15:53:00	2013-11-18 15:59:00	2013-11-18 16:07:00	C2.6		POINT(20 -20)	-20	20	320.0	-383.0
93560	2013-11-18 21:02:00	2013-11-18 21:20:00	2013-11-18 21:51:00	C1.6	11893.0	POINT(65 -14)	-14	65	857.0	-263.0
93570	2013-11-19 00:14:00	2013-11-19 00:36:00	2013-11-19 00:56:00	C1.8	11897.0	POINT(33 -16)	-16	33	438.0	-377.0
93580	2013-11-19 05:04:00	2013-11-19 05:26:00	2013-11-19 05:37:00	C1.8	11900.0	POINT(64 -20)	-20	64	823.0	-359.0
93590	2013-11-19 10:14:00	2013-11-19 10:26:00	2013-11-19 10:34:00	X1.0	11893.0	POINT(14 -70)	-70	14	884.0	-247.0
93600	2013-11-19 16:48:00	2013-11-19 16:51:00	2013-11-19 16:56:00	C1.1		POINT(41 -19)	-19	41	611.0	-348.0
93610	2013-11-19 17:03:00	2013-11-19 17:06:00	2013-11-19 17:09:00	C1.3		POINT(72 -13)	-13	72	900.0	-241.0
93620	2013-11-19 17:55:00	2013-11-19 18:01:00	2013-11-19 18:05:00	C2.1	11893.0	POINT(73 -13)	-13	73	904.0	-245.0
93630	2013-11-19 18:12:00	2013-11-19 18:15:00	2013-11-19 18:19:00	C1.6		POINT(74 -13)	-13	74	908.0	-243.0
93640	2013-11-20 05:24:00	2013-11-20 05:36:00	2013-11-20 06:11:00	C1.5	11897.0	POINT(47 -19)	-19	47	681.0	-347.0
93650	2013-11-20 11:23:00	2013-11-20 11:29:00	2013-11-20 11:38:00	C4.6	11897.0	POINT(50 -19)	-19	50	708.0	-342.0
93660	2013-11-20 12:38:00	2013-11-20 12:41:00	2013-11-20 12:46:00	C1.6	11893.0	POINT(89 -11)	-11	89	962.0	-189.0
93670	2013-11-20 13:51:00	2013-11-20 13:55:00	2013-11-20 14:00:00	C1.2	11893.0	POINT(87 -14)	-14	87	939.0	-243.0
93680	2013-11-20 16:57:00	2013-11-20 17:22:00	2013-11-20 17:40:00	C6.4	11897.0	POINT(54 -19)	-19	54	750.0	-338.0
93690	2013-11-20 18:15:00	2013-11-20 18:22:00	2013-11-20 18:28:00	C2.4		POINT(89 -10)	-10	89	963.0	-186.0
93700	2013-11-20 21:54:00	2013-11-20 22:02:00	2013-11-20 22:07:00	C1.4	11893.0	POINT(88 -19)	-19	88	925.0	-325.0
93710	2013-11-21 09:03:00	2013-11-21 09:08:00	2013-11-21 09:15:00	C1.8	11897.0	POINT(63 -19)	-19	63	822.0	-329.0
93720	2013-11-21 10:52:00	2013-11-21 11:11:00	2013-11-21 11:42:00	M1.2	11893.0	POINT(89 -14)	-14	89	953.0	-246.0
93730	2013-11-21 20:44:00	2013-11-21 20:51:00	2013-11-21 21:02:00	C1.1	11905.0	POINT(-89 17)	17	-89	-941.0	293.0
93740	2013-11-21 21:43:00	2013-11-21 21:51:00	2013-11-21 22:00:00	C1.7	11893.0	POINT(89 -13)	-13	89	957.0	-221.0
93750	2013-11-22 13:43:00	2013-11-22 13:47:00	2013-11-22 13:54:00	C1.2	11905.0	POINT(-89 18)	18	-89	-931.0	308.0
93760	2013-11-22 14:21:00	2013-11-22 14:45:00	2013-11-22 15:15:00	C3.6	11905.0	POINT(-89 -12)	-12	-89	-959.0	-210.0
93770	2013-11-22 16:17:00	2013-11-22 16:22:00	2013-11-22 16:28:00	C2.5	11905.0	POINT(-89 18)	18	-89	-930.0	311.0
93780	2013-11-22 18:15:00	2013-11-22 18:19:00	2013-11-22 18:23:00	C2.0	11905.0	POINT(-89 18)	18	-89	-932.0	309.0
93790	2013-11-22 19:16:00	2013-11-22 19:23:00	2013-11-22 19:32:00	C1.2	11905.0	POINT(-89 18)	18	-89	-932.0	308.0
93800	2013-11-23 02:20:00	2013-11-23 02:32:00	2013-11-23 02:49:00	M1.1	11904.0	POINT(56 14)	14	56	804.0	204.0
93810	2013-11-23 03:24:00	2013-11-23 03:39:00	2013-11-23 03:50:00	C3.1	11904.0	POINT(59 14)	14	59	810.0	203.0
93820	2013-11-23 04:37:00	2013-11-23 04:42:00	2013-11-23 04:45:00	C1.5	11904.0	POINT(59 12)	12	59	819.0	197.0
93830	2013-11-23 05:41:00	2013-11-23 05:45:00	2013-11-23 05:52:00	C2.7	11897.0	POINT(89 -18)	-18	89	934.0	-314.0
93840	2013-11-23 08:43:00	2013-11-23 08:46:00	2013-11-23 08:48:00	C1.9	11905.0	POINT(89 12)	12	89	953.0	203.0
93850	2013-11-23 10:15:00	2013-11-23 10:30:00	2013-11-23 10:37:00	C3.9	11899.0	POINT(61 10)	10	61	845.0	203.0
93860	2013-11-23 12:05:00	2013-11-23 12:28:00	2013-11-23 12:38:00	C5.4	11899.0	POINT(60 11)	11	60	854.0	201.0
93870	2013-11-23 12:49:00	2013-11-23 12:57:00	2013-11-23 13:05:00	M1.0	11904.0	POINT(64 12)	12	64	854.0	204.0
93880	2013-11-23 15:48:00	2013-11-23 15:56:00	2013-11-23 16:04:00	C2.2	11905.0	POINT(66 13)	13	66	869.0	209.0
93890	2013-11-23 16:58:00	2013-11-23 17:29:00	2013-11-23 17:48:00	C2.4	11904.0	POINT(67 15)	15	67	866.0	243.0
93900	2013-11-23 17:48:00	2013-11-23 17:53:00	2013-11-23 17:57:00	C3.3	11905.0	POINT(67 13)	13	67	873.0	207.0
93910	2013-11-23 23:35:00	2013-11-23 23:40:00	2013-11-23 23:46:00	C1.0	11904.0	POINT(70 13)	13	70	891.0	211.0
93920	2013-11-24 00:42:00	2013-11-24 00:46:00	2013-11-24 00:55:00	C1.4	11904.0	POINT(71 13)	13	71	898.0	213.0
93930	2013-11-24 01:36:00	2013-11-24 02:31:00	2013-11-24 02:47:00	C3.2	11904.0	POINT(73 10)	10	73	915.0	170.0
93940	2013-11-24 07:02:00	2013-11-24 07:07:00	2013-11-24 07:14:00	C1.7	11904.0	POINT(74 13)	13	74	909.0	216.0
93950	2013-11-24 07:43:00	2013-11-24 07:52:00	2013-11-24 07:56:00	C4.7	11904.0	POINT(73 11)	11	73	920.0	213.0
93960	2013-11-24 09:33:00	2013-11-24 09:40:00	2013-11-24 09:47:00	C3.1	11904.0	POINT(71 14)	14	71	913.0	222.0
93970	2013-11-24 12:00:00	2013-11-24 12:08:00	2013-11-24 12:13:00	C1.3	11904.0	POINT(77 13)	13	77	923.0	219.0
93980	2013-11-24 13:03:00	2013-11-24 13:08:00	2013-11-24 13:11:00	C1.0	11904.0	POINT(77 12)	12	77	926.0	197.0
93990	2013-11-24 23:14:00	2013-11-24 23:27:00	2013-11-24 23:40:00	C1.3	11904.0	POINT(89 13)	13	89	946.0	230.0
94000	2013-11-25 00:29:00	2013-11-25 00:34:00	2013-11-25 00:41:00	B7.8	11904.0	POINT(89 13)	13	89	946.0	223.0
94010	2013-11-25 02:59:00	2013-11-25 03:15:00	2013-11-25 03:23:00	B7.1		POINT(89 14)	14	89	955.0	239.0
94020	2013-11-25 10:02:00	2013-11-25 11:49:00	2013-11-25 12:16:00	C2.0	11904.0	POINT(89 15)	15	89	972.0	268.0
94030	2013-11-25 14:47:00	2013-11-25 14:51:00	2013-11-25 14:54:00	B8.2		POINT(89 12)	12	89	956.0	209.0
94040	2013-11-25 17:10:00	2013-11-25 17:29:00	2013-11-25 17:40:00	C1.0		POINT(89 14)	14	89	957.0	240.0
94050	2013-11-25 18:41:00	2013-11-25 19:24:00	2013-11-25 19:44:00	C1.7		POINT(-89 -15)	-15	-89	-947.0	-270.0
94060	2013-11-25 20:41:00	2013-11-25 21:20:00	2013-11-25 21:38:00	C1.1		POINT(-89 -16)	-16	-89	-951.0	-276.0
94070	2013-11-26 01:21:00	2013-11-26 01:29:00	2013-11-26 01:40:00	C1.6		POINT(-89 -16)	-16	-89	-944.0	-278.0
94080	2013-11-26 21:32:00	2013-11-26 21:37:00	2013-11-26 21:41:00	B8.4		POINT(-89 -17)	-17	-89	-935.0	-295.0
94090	2013-11-26 23:04:00	2013-11-26 23:08:00	2013-11-26 23:11:00	B7.1		POINT(-89 -15)	-15	-89	-948.0	-263.0
94100	2013-11-27 13:55:00	2013-11-27 15:39:00	2013-11-27 16:18:00	C1.4		POINT(-47 -26)	-26	-47	-639.0	-444.0
94110	2013-11-27 23:55:00	2013-11-28 00:41:00	2013-11-28 01:23:00	C1.4		POINT(-44 -24)	-24	-44	-615.0	-424.0
94120	2013-11-28 09:33:00	2013-11-28 09:37:00	2013-11-28 09:40:00	C1.0	11907.0	POINT(-7 -11)	-11	-7	-875.0	-307.0
94130	2013-11-28 11:58:00	2013-11-28 12:02:00	2013-11-28 12:06:00	B8.5	11908.0	POINT(-67 -17)	-17	-67	-858.0	-305.0
94140	2013-11-28 12:28:00	2013-11-28 12:32:00	2013-11-28 12:35:00	B9.0	11908.0	POINT(-67 -23)	-23	-67	-827.0	-388.0
94150	2013-11-28 15:59:00	2013-11-28 16:04:00	2013-11-28 16:12:00	C1.2	11908.0	POINT(-34 -26)	-26	-34	-482.0	-450.0
94160	2013-11-28 16:57:00	2013-11-28 17:07:00	2013-11-28 17:12:00	C1.2	11908.0	POINT(-35 -24)	-24	-35	-747.0	-672.0
94170	2013-11-28 19:42:00	2013-11-28 19:50:00	2013-11-28 19:54:00	C1.0	11908.0	POINT(-34 -25)	-25	-34	-972.0	-98.0
94180	2013-11-29 06:26:00	2013-11-29 06:42:00	2013-11-29 06:50:00	B7.3	11908.0	POINT(13 -13)	-13	13	224.0	-242.0
94190	2013-11-29 09:59:00	2013-11-29 10:06:00	2013-11-29 10:09:00	C1.5	11907.0	POINT(16 -5)	-5	16	386.0	-136.0
94200	2013-11-30 11:16:00	2013-11-30 11:21:00	2013-11-30 11:26:00	B6.7	11909.0	POINT(-43 -16)	-16	-43	-639.0	-293.0
94210	2013-11-30 14:23:00	2013-11-30 14:29:00	2013-11-30 14:40:00	B8.6	11909.0	POINT(-41 -17)	-17	-41	-614.0	-299.0
94220	2013-11-30 14:54:00	2013-11-30 14:59:00	2013-11-30 15:12:00	B8.7	11909.0	POINT(-39 -17)	-17	-39	-595.0	-298.0
94230	2013-11-30 21:22:00	2013-11-30 21:27:00	2013-11-30 21:34:00	B7.0		POINT(-36 -16)	-16	-36	-560.0	-295.0
94240	2013-11-30 21:54:00	2013-11-30 21:58:00	2013-11-30 22:00:00	C1.0	11909.0	POINT(-36 -17)	-17	-36	-551.0	-301.0
94250	2013-12-01 11:17:00	2013-12-01 11:21:00	2013-12-01 11:25:00	C1.4		POINT(-89 -23)	-23	-89	-895.0	-397.0
94260	2013-12-01 21:53:00	2013-12-01 22:02:00	2013-12-01 22:09:00	C1.3	11912.0	POINT(-86 -22)	-22	-86	-896.0	-372.0
94270	2013-12-02 01:32:00	2013-12-02 01:47:00	2013-12-02 02:03:00	B9.7	11913.0	POINT(45 -16)	-16	45	664.0	-284.0
94280	2013-12-02 09:52:00	2013-12-02 10:20:00	2013-12-02 10:34:00	C1.1	11913.0	POINT(50 -15)	-15	50	723.0	-263.0
94290	2013-12-02 12:09:00	2013-12-02 12:12:00	2013-12-02 12:16:00	B9.9	11913.0	POINT(50 -14)	-14	50	723.0	-258.0
94300	2013-12-02 14:34:00	2013-12-02 14:44:00	2013-12-02 15:09:00	C2.5	11913.0	POINT(54 -12)	-12	54	778.0	-220.0
94310	2013-12-03 05:54:00	2013-12-03 06:15:00	2013-12-03 06:50:00	B9.4	11909.0	POINT(-3 -21)	-21	-3	-57.0	-368.0
94320	2013-12-03 13:08:00	2013-12-03 13:12:00	2013-12-03 13:14:00	B9.2		POINT(-39 -14)	-14	-39	-601.0	-243.0
94330	2013-12-03 14:30:00	2013-12-03 14:55:00	2013-12-03 15:59:00	C1.1		POINT(-89 -9)	-9	-89	-985.0	-158.0
94340	2013-12-03 22:13:00	2013-12-03 22:24:00	2013-12-03 22:41:00	C1.2	11913.0	POINT(69 -15)	-15	69	879.0	-263.0
94350	2013-12-04 00:20:00	2013-12-04 00:56:00	2013-12-04 01:10:00	C6.8		POINT(-89 -10)	-10	-89	-972.0	-176.0
94360	2013-12-04 04:38:00	2013-12-04 04:58:00	2013-12-04 05:22:00	C4.7	11913.0	POINT(74 -12)	-12	74	947.0	-192.0
94370	2013-12-04 20:14:00	2013-12-04 20:37:00	2013-12-04 20:52:00	C6.2		POINT(-89 -11)	-11	-89	-959.0	-186.0
94380	2013-12-04 22:18:00	2013-12-04 22:22:00	2013-12-04 22:32:00	C1.1		POINT(16 -16)	-16	16	260.0	-281.0
94390	2013-12-05 06:38:00	2013-12-05 06:43:00	2013-12-05 06:47:00	C1.9	11916.0	POINT(-12 -12)	-12	-12	-196.0	-213.0
94400	2013-12-05 11:21:00	2013-12-05 11:27:00	2013-12-05 11:34:00	C4.9		POINT(-75 -10)	-10	-75	-929.0	-177.0
94410	2013-12-05 14:55:00	2013-12-05 14:59:00	2013-12-05 15:11:00	C5.8		POINT(-74 -10)	-10	-74	-920.0	-180.0
94420	2013-12-05 17:35:00	2013-12-05 17:43:00	2013-12-05 17:50:00	C6.7	11909.0	POINT(26 -16)	-16	26	423.0	-286.0
94430	2013-12-06 06:43:00	2013-12-06 06:48:00	2013-12-06 06:52:00	C2.7	11909.0	POINT(34 -17)	-17	34	522.0	-290.0
94440	2013-12-06 07:33:00	2013-12-06 07:37:00	2013-12-06 07:42:00	C2.1		POINT(-89 -16)	-16	-89	-941.0	-285.0
94450	2013-12-06 09:39:00	2013-12-06 09:43:00	2013-12-06 09:46:00	C2.2		POINT(-89 -14)	-14	-89	-945.0	-241.0
94460	2013-12-06 17:36:00	2013-12-06 17:40:00	2013-12-06 17:46:00	C1.7	11917.0	POINT(-89 -14)	-14	-89	-953.0	-242.0
94470	2013-12-06 23:06:00	2013-12-06 23:53:00	2013-12-07 00:09:00	C4.3	11917.0	POINT(-89 -19)	-19	-89	-942.0	-337.0
94480	2013-12-07 04:30:00	2013-12-07 04:36:00	2013-12-07 04:42:00	C3.3	11916.0	POINT(12 -15)	-15	12	195.0	-225.0
94490	2013-12-07 05:22:00	2013-12-07 05:26:00	2013-12-07 05:30:00	C1.7	11916.0	POINT(11 -13)	-13	11	188.0	-231.0
94500	2013-12-07 07:17:00	2013-12-07 07:29:00	2013-12-07 07:49:00	M1.2	11909.0	POINT(49 -16)	-16	49	707.0	-275.0
94510	2013-12-07 17:34:00	2013-12-07 17:41:00	2013-12-07 17:52:00	C2.1	11917.0	POINT(-81 -16)	-16	-81	-925.0	-270.0
94520	2013-12-08 10:01:00	2013-12-08 10:09:00	2013-12-08 10:19:00	C2.2		POINT(-35 -10)	-10	-35	-555.0	-183.0
94530	2013-12-08 18:06:00	2013-12-08 18:10:00	2013-12-08 18:13:00	C1.3	11917.0	POINT(-63 -17)	-17	-63	-833.0	-287.0
94540	2013-12-09 03:24:00	2013-12-09 03:30:00	2013-12-09 03:42:00	C2.1		POINT(-89 8)	8	-89	-972.0	150.0
94550	2013-12-09 11:15:00	2013-12-09 11:30:00	2013-12-09 11:48:00	C2.9	11917.0	POINT(-55 -21)	-21	-55	-751.0	-349.0
94560	2013-12-09 12:33:00	2013-12-09 13:21:00	2013-12-09 13:52:00	C2.3		POINT(-89 8)	8	-89	-1020.0	158.0
94570	2013-12-09 15:49:00	2013-12-09 15:52:00	2013-12-09 15:55:00	C1.8	11920.0	POINT(-84 6)	6	-84	-963.0	106.0
94580	2013-12-09 16:51:00	2013-12-09 16:56:00	2013-12-09 17:02:00	C2.6	11921.0	POINT(-87 6)	6	-87	-966.0	107.0
94590	2013-12-09 18:03:00	2013-12-09 18:08:00	2013-12-09 18:10:00	C1.9		POINT(-81 6)	6	-81	-956.0	107.0
94600	2013-12-10 10:41:00	2013-12-10 10:45:00	2013-12-10 10:49:00	C1.9	11920.0	POINT(-68 5)	5	-68	-903.0	98.0
94610	2013-12-10 19:23:00	2013-12-10 19:30:00	2013-12-10 19:39:00	C1.7		POINT(-57 -9)	-9	-57	-813.0	-158.0
94620	2013-12-10 20:02:00	2013-12-10 20:07:00	2013-12-10 20:12:00	C2.3	11916.0	POINT(65 -12)	-12	65	866.0	-210.0
94630	2013-12-11 11:46:00	2013-12-11 11:53:00	2013-12-11 12:01:00	C1.7		POINT(-89 -9)	-9	-89	-977.0	-161.0
94640	2013-12-11 13:54:00	2013-12-11 14:01:00	2013-12-11 14:12:00	C1.2	11916.0	POINT(75 -16)	-16	75	905.0	-267.0
94650	2013-12-11 20:37:00	2013-12-11 20:45:00	2013-12-11 21:01:00	C1.7	11916.0	POINT(84 -15)	-15	84	935.0	-255.0
94660	2013-12-11 22:49:00	2013-12-11 23:06:00	2013-12-11 23:17:00	C2.7	11917.0	POINT(-21 -20)	-20	-21	-320.0	-335.0
94670	2013-12-12 03:11:00	2013-12-12 03:36:00	2013-12-12 03:58:00	C4.6	11912.0	POINT(46 -23)	-23	46	-977.0	-157.0
94680	2013-12-12 06:38:00	2013-12-12 06:59:00	2013-12-12 07:37:00	C3.4	11917.0	POINT(89 -16)	-16	89	956.0	-277.0
94690	2013-12-12 11:32:00	2013-12-12 11:39:00	2013-12-12 12:09:00	C2.3	11917.0	POINT(-13 -12)	-12	-13	-206.0	-211.0
94700	2013-12-12 16:36:00	2013-12-12 16:43:00	2013-12-12 16:48:00	C2.6	11917.0	POINT(-10 -15)	-15	-10	-171.0	-254.0
94710	2013-12-12 19:30:00	2013-12-12 19:34:00	2013-12-12 19:39:00	C1.6		POINT(-8 -15)	-15	-8	-135.0	-255.0
94720	2013-12-12 22:05:00	2013-12-12 22:14:00	2013-12-12 22:19:00	C5.9	11921.0	POINT(-38 10)	10	-38	-568.0	179.0
94730	2013-12-13 01:33:00	2013-12-13 01:38:00	2013-12-13 01:41:00	C2.2	11917.0	POINT(-5 -15)	-15	-5	-86.0	-252.0
94740	2013-12-13 03:05:00	2013-12-13 03:15:00	2013-12-13 03:31:00	C4.8	11917.0	POINT(-4 -13)	-13	-4	-69.0	-218.0
94750	2013-12-13 22:55:00	2013-12-13 22:55:00	2013-12-13 23:02:00	C1.2	11920.0	POINT(-22 10)	10	-22	-350.0	171.0
94760	2013-12-14 09:26:00	2013-12-14 09:40:00	2013-12-14 09:43:00	C1.1	11925.0	POINT(-53 -8)	-8	-53	295.0	-278.0
94770	2013-12-14 11:00:00	2013-12-14 11:24:00	2013-12-14 11:40:00	C2.3	11917.0	POINT(13 -14)	-14	13	227.0	-227.0
94780	2013-12-14 15:14:00	2013-12-14 15:37:00	2013-12-14 15:56:00	C1.6	11917.0	POINT(19 -12)	-12	19	315.0	-195.0
94790	2013-12-14 21:52:00	2013-12-14 21:59:00	2013-12-14 22:09:00	C1.4	11925.0	POINT(-40 -5)	-5	-40	-639.0	-87.0
94800	2013-12-15 08:14:00	2013-12-15 08:19:00	2013-12-15 08:28:00	C1.3	11926.0	POINT(3 9)	9	3	39.0	159.0
94810	2013-12-15 09:08:00	2013-12-15 09:13:00	2013-12-15 09:16:00	C2.8		POINT(52 -26)	-26	52	699.0	-422.0
94820	2013-12-15 10:22:00	2013-12-15 10:28:00	2013-12-15 10:31:00	C1.3	11917.0	POINT(53 -25)	-25	53	707.0	-416.0
94830	2013-12-16 01:05:00	2013-12-16 01:10:00	2013-12-16 01:14:00	C1.5		POINT(-89 -10)	-10	-89	-972.0	-182.0
94840	2013-12-16 03:21:00	2013-12-16 03:30:00	2013-12-16 03:44:00	C3.6	11917.0	POINT(40 -13)	-13	40	618.0	-219.0
94850	2013-12-16 06:19:00	2013-12-16 06:20:00	2013-12-16 06:22:00	C1.3		POINT(86 -12)	-12	86	948.0	-215.0
94860	2013-12-16 08:37:00	2013-12-16 08:42:00	2013-12-16 08:45:00	C1.9	11917.0	POINT(40 -14)	-14	40	614.0	-218.0
94870	2013-12-16 20:53:00	2013-12-16 21:33:00	2013-12-16 22:09:00	C3.1		POINT(89 -26)	-26	89	900.0	-447.0
94880	2013-12-17 17:28:00	2013-12-17 17:33:00	2013-12-17 17:52:00	C2.0		POINT(-89 -13)	-13	-89	-966.0	-237.0
94890	2013-12-17 21:28:00	2013-12-17 21:34:00	2013-12-17 21:40:00	C1.9	11917.0	POINT(64 -19)	-19	64	827.0	-320.0
94900	2013-12-17 23:25:00	2013-12-17 23:29:00	2013-12-17 23:32:00	C4.0		POINT(-89 -17)	-17	-89	-943.0	-290.0
94910	2013-12-18 04:37:00	2013-12-18 04:41:00	2013-12-18 04:45:00	C1.3		POINT(-2 -17)	-17	-2	-34.0	-266.0
94920	2013-12-18 05:31:00	2013-12-18 05:35:00	2013-12-18 05:38:00	C1.5	11917.0	POINT(66 -12)	-12	66	879.0	-203.0
94930	2013-12-18 15:07:00	2013-12-18 15:10:00	2013-12-18 15:15:00	C1.8	11930.0	POINT(-40 -10)	-10	-40	-631.0	-155.0
94940	2013-12-18 22:59:00	2013-12-18 23:03:00	2013-12-18 23:06:00	C1.3	11930.0	POINT(-37 -9)	-9	-37	-591.0	-141.0
94950	2013-12-19 07:09:00	2013-12-19 07:21:00	2013-12-19 07:33:00	C1.8	11930.0	POINT(-32 -14)	-14	-32	-515.0	-213.0
94960	2013-12-19 08:17:00	2013-12-19 08:28:00	2013-12-19 08:49:00	C1.4	11921.0	POINT(50 14)	14	50	726.0	263.0
94970	2013-12-19 09:03:00	2013-12-19 09:18:00	2013-12-19 09:24:00	C1.8	11928.0	POINT(13 -16)	-16	13	213.0	-255.0
94980	2013-12-19 10:14:00	2013-12-19 10:26:00	2013-12-19 10:31:00	C1.6	11921.0	POINT(10 -16)	-16	10	168.0	-255.0
94990	2013-12-19 15:26:00	2013-12-19 15:35:00	2013-12-19 15:54:00	C2.2	11928.0	POINT(12 -16)	-16	12	196.0	-257.0
95000	2013-12-19 19:08:00	2013-12-19 19:12:00	2013-12-19 19:15:00	C1.3	11931.0	POINT(-89 -13)	-13	-89	-950.0	-233.0
95010	2013-12-19 19:39:00	2013-12-19 19:42:00	2013-12-19 19:45:00	C1.4	11917.0	POINT(23 -15)	-15	23	379.0	-236.0
95020	2013-12-19 23:06:00	2013-12-19 23:19:00	2013-12-19 23:26:00	M3.5	11934.0	POINT(-89 -16)	-16	-89	-936.0	-269.0
95030	2013-12-20 02:53:00	2013-12-20 02:58:00	2013-12-20 03:02:00	C2.2		POINT(89 -19)	-19	89	930.0	-324.0
95040	2013-12-20 04:45:00	2013-12-20 04:48:00	2013-12-20 04:53:00	C1.5		POINT(89 -21)	-21	89	920.0	-361.0
95050	2013-12-20 11:05:00	2013-12-20 11:11:00	2013-12-20 11:18:00	C2.2	11934.0	POINT(-73 -15)	-15	-73	-903.0	-248.0
95060	2013-12-20 11:35:00	2013-12-20 11:57:00	2013-12-20 12:07:00	M1.6	11934.0	POINT(-78 -16)	-16	-78	-919.0	-267.0
95070	2013-12-20 14:52:00	2013-12-20 15:04:00	2013-12-20 15:15:00	C3.2	11928.0	POINT(29 -17)	-17	29	461.0	-271.0
95080	2013-12-20 15:26:00	2013-12-20 15:33:00	2013-12-20 15:39:00	C8.5	11928.0	POINT(31 -17)	-17	31	491.0	-272.0
95090	2013-12-20 16:23:00	2013-12-20 16:30:00	2013-12-20 16:34:00	C5.4	11928.0	POINT(32 -17)	-17	32	494.0	-271.0
95100	2013-12-20 17:11:00	2013-12-20 17:14:00	2013-12-20 17:19:00	C2.3	11928.0	POINT(26 -16)	-16	26	411.0	-261.0
95110	2013-12-20 21:08:00	2013-12-20 21:16:00	2013-12-20 21:23:00	C2.7		POINT(33 -17)	-17	33	517.0	-275.0
95120	2013-12-21 00:06:00	2013-12-21 00:13:00	2013-12-21 00:18:00	C3.0	11928.0	POINT(34 -16)	-16	34	536.0	-261.0
95130	2013-12-21 02:56:00	2013-12-21 03:03:00	2013-12-21 03:08:00	C3.5	11928.0	POINT(37 -17)	-17	37	566.0	-271.0
95140	2013-12-21 10:11:00	2013-12-21 10:32:00	2013-12-21 11:15:00	C9.2	11928.0	POINT(37 -18)	-18	37	614.0	-278.0
95150	2013-12-21 14:47:00	2013-12-21 14:52:00	2013-12-21 14:57:00	C1.7	11928.0	POINT(43 -17)	-17	43	639.0	-269.0
95160	2013-12-21 17:01:00	2013-12-21 17:06:00	2013-12-21 17:13:00	C2.8		POINT(45 -17)	-17	45	660.0	-281.0
95170	2013-12-21 18:33:00	2013-12-21 18:41:00	2013-12-21 18:52:00	C2.0		POINT(43 -17)	-17	43	643.0	-266.0
95180	2013-12-21 19:22:00	2013-12-21 19:29:00	2013-12-21 19:33:00	C7.5	11928.0	POINT(46 -17)	-17	46	677.0	-272.0
95190	2013-12-21 20:01:00	2013-12-21 20:06:00	2013-12-21 20:09:00	C2.1		POINT(41 -16)	-16	41	617.0	-257.0
95200	2013-12-21 21:43:00	2013-12-21 22:22:00	2013-12-21 22:33:00	C3.2		POINT(46 -17)	-17	46	672.0	-270.0
95210	2013-12-21 23:16:00	2013-12-21 23:20:00	2013-12-21 23:31:00	C2.3	11928.0	POINT(47 -16)	-16	47	679.0	-261.0
95220	2013-12-22 01:11:00	2013-12-22 01:16:00	2013-12-22 01:26:00	C1.2		POINT(44 -16)	-16	44	654.0	-258.0
95230	2013-12-22 01:50:00	2013-12-22 01:55:00	2013-12-22 02:03:00	C1.7		POINT(45 -16)	-16	45	663.0	-258.0
95240	2013-12-22 02:30:00	2013-12-22 02:34:00	2013-12-22 02:39:00	C1.6		POINT(45 -16)	-16	45	664.0	-257.0
95250	2013-12-22 03:05:00	2013-12-22 03:13:00	2013-12-22 03:24:00	C2.2		POINT(46 -17)	-17	46	676.0	-274.0
95260	2013-12-22 03:35:00	2013-12-22 03:47:00	2013-12-22 03:58:00	C5.1	11928.0	POINT(48 -16)	-16	48	710.0	-262.0
95270	2013-12-22 04:07:00	2013-12-22 04:43:00	2013-12-22 04:59:00	C4.7	11928.0	POINT(48 -16)	-16	48	708.0	-271.0
95280	2013-12-22 07:19:00	2013-12-22 07:38:00	2013-12-22 07:46:00	C2.3		POINT(47 -17)	-17	47	691.0	-274.0
95290	2013-12-22 08:05:00	2013-12-22 08:11:00	2013-12-22 08:18:00	M1.9	11928.0	POINT(49 -20)	-20	49	733.0	-272.0
95300	2013-12-22 08:33:00	2013-12-22 08:37:00	2013-12-22 08:41:00	M1.1	11928.0	POINT(52 -17)	-17	52	736.0	-269.0
95310	2013-12-22 09:03:00	2013-12-22 09:32:00	2013-12-22 09:57:00	C6.4	11934.0	POINT(-47 -14)	-14	-47	-690.0	-267.0
95320	2013-12-22 11:19:00	2013-12-22 11:26:00	2013-12-22 11:35:00	C3.7	11928.0	POINT(50 -21)	-21	50	718.0	-275.0
95330	2013-12-22 12:26:00	2013-12-22 12:43:00	2013-12-22 12:50:00	C4.3		POINT(55 -16)	-16	55	767.0	-263.0
95340	2013-12-22 14:24:00	2013-12-22 14:38:00	2013-12-22 14:48:00	M1.6	11934.0	POINT(-44 -18)	-18	-44	-656.0	-258.0
95350	2013-12-22 14:45:00	2013-12-22 15:12:00	2013-12-22 15:33:00	M3.3	11928.0	POINT(56 -19)	-19	56	770.0	-273.0
95360	2013-12-22 18:55:00	2013-12-22 19:09:00	2013-12-22 19:17:00	C8.8	11928.0	POINT(59 -17)	-17	59	802.0	-260.0
95370	2013-12-22 19:21:00	2013-12-22 19:25:00	2013-12-22 19:30:00	C6.1		POINT(-89 -16)	-16	-89	-938.0	-272.0
95380	2013-12-22 20:29:00	2013-12-22 20:34:00	2013-12-22 20:39:00	C6.1	11928.0	POINT(56 -18)	-18	56	773.0	-276.0
95390	2013-12-22 21:23:00	2013-12-22 22:08:00	2013-12-22 22:13:00	M1.6	11928.0	POINT(58 -17)	-17	58	770.0	-272.0
95400	2013-12-22 22:36:00	2013-12-22 22:42:00	2013-12-22 23:12:00	C8.2	11928.0	POINT(58 -17)	-17	58	785.0	-276.0
95410	2013-12-22 23:44:00	2013-12-23 00:03:00	2013-12-23 00:05:00	M1.3	11928.0	POINT(60 -17)	-17	60	797.0	-284.0
95420	2013-12-23 01:09:00	2013-12-23 01:14:00	2013-12-23 01:16:00	C2.7	11928.0	POINT(60 -17)	-17	60	798.0	-280.0
95430	2013-12-23 01:38:00	2013-12-23 01:46:00	2013-12-23 01:55:00	C4.5	11928.0	POINT(60 -17)	-17	60	807.0	-275.0
95440	2013-12-23 01:58:00	2013-12-23 02:02:00	2013-12-23 02:06:00	C4.4	11928.0	POINT(62 -17)	-17	62	803.0	-276.0
95450	2013-12-23 03:14:00	2013-12-23 03:18:00	2013-12-23 03:21:00	C1.7		POINT(61 -17)	-17	61	818.0	-282.0
95460	2013-12-23 04:26:00	2013-12-23 04:29:00	2013-12-23 04:32:00	C1.7	11934.0	POINT(-35 -14)	-14	-35	-549.0	-207.0
95470	2013-12-23 05:51:00	2013-12-23 05:55:00	2013-12-23 05:58:00	C3.3	11928.0	POINT(62 -18)	-18	62	821.0	-288.0
95480	2013-12-23 07:53:00	2013-12-23 07:58:00	2013-12-23 08:02:00	C7.9	11928.0	POINT(65 -18)	-18	65	846.0	-274.0
95490	2013-12-23 08:41:00	2013-12-23 08:44:00	2013-12-23 08:47:00	C2.8		POINT(65 -17)	-17	65	848.0	-281.0
95500	2013-12-23 08:59:00	2013-12-23 09:06:00	2013-12-23 09:09:00	M1.6	11928.0	POINT(63 -17)	-17	63	830.0	-284.0
95510	2013-12-23 15:49:00	2013-12-23 15:53:00	2013-12-23 15:56:00	C5.3	11928.0	POINT(66 -17)	-17	66	851.0	-287.0
95520	2013-12-23 17:25:00	2013-12-23 17:28:00	2013-12-23 17:33:00	C8.4	11936.0	POINT(-80 -19)	-19	-80	-908.0	-314.0
95530	2013-12-23 19:14:00	2013-12-23 19:21:00	2013-12-23 19:27:00	C2.9	11928.0	POINT(70 -18)	-18	70	867.0	-292.0
95540	2013-12-23 19:54:00	2013-12-23 20:01:00	2013-12-23 20:03:00	C2.3	11928.0	POINT(69 -18)	-18	69	870.0	-288.0
95550	2013-12-23 21:01:00	2013-12-23 21:05:00	2013-12-23 21:07:00	C1.1	11928.0	POINT(69 -18)	-18	69	864.0	-277.0
95560	2013-12-24 12:42:00	2013-12-24 12:59:00	2013-12-24 13:21:00	C1.2	11928.0	POINT(89 -15)	-15	89	954.0	-271.0
95570	2013-12-24 15:33:00	2013-12-24 15:52:00	2013-12-24 15:59:00	C1.7	11928.0	POINT(89 -16)	-16	89	939.0	-281.0
95580	2013-12-24 16:45:00	2013-12-24 16:55:00	2013-12-24 17:07:00	C1.5	11936.0	POINT(-65 -17)	-17	-65	-848.0	-287.0
95590	2013-12-24 19:03:00	2013-12-24 19:06:00	2013-12-24 19:09:00	B6.3	11936.0	POINT(-21 -16)	-16	-21	-345.0	-243.0
95600	2013-12-24 20:25:00	2013-12-24 20:28:00	2013-12-24 20:37:00	B7.2	11936.0	POINT(89 -17)	-17	89	936.0	-293.0
95610	2013-12-25 05:49:00	2013-12-25 05:56:00	2013-12-25 05:59:00	C1.4	11928.0	POINT(89 -17)	-17	89	941.0	-302.0
95620	2013-12-25 06:34:00	2013-12-25 06:39:00	2013-12-25 06:43:00	C4.7	11928.0	POINT(89 -18)	-18	89	932.0	-305.0
95630	2013-12-25 07:06:00	2013-12-25 07:11:00	2013-12-25 07:14:00	C1.0	11936.0	POINT(-57 -17)	-17	-57	-783.0	-280.0
95640	2013-12-25 08:07:00	2013-12-25 08:11:00	2013-12-25 08:18:00	C1.0	11928.0	POINT(-56 -17)	-17	-56	-773.0	-279.0
95650	2013-12-25 10:41:00	2013-12-25 10:45:00	2013-12-25 10:47:00	B7.6	11928.0	POINT(89 -18)	-18	89	925.0	-314.0
95660	2013-12-25 11:31:00	2013-12-25 11:36:00	2013-12-25 11:42:00	C1.2	11928.0	POINT(89 -17)	-17	89	945.0	-291.0
95670	2013-12-25 13:58:00	2013-12-25 14:03:00	2013-12-25 14:13:00	C1.1	11928.0	POINT(89 -17)	-17	89	942.0	-296.0
95680	2013-12-25 16:28:00	2013-12-25 16:35:00	2013-12-25 16:43:00	C1.7	11936.0	POINT(-52 -17)	-17	-52	-737.0	-272.0
95690	2013-12-25 17:29:00	2013-12-25 17:34:00	2013-12-25 17:36:00	C1.3	11934.0	POINT(-1 -17)	-17	-1	-2.0	-237.0
95700	2013-12-25 18:54:00	2013-12-25 19:10:00	2013-12-25 19:18:00	C1.0		POINT(89 -16)	-16	89	962.0	-283.0
95710	2013-12-26 06:53:00	2013-12-26 07:01:00	2013-12-26 07:14:00	C2.2	11931.0	POINT(23 -16)	-16	23	372.0	-236.0
95720	2013-12-26 08:09:00	2013-12-26 08:42:00	2013-12-26 09:04:00	C1.3	11936.0	POINT(-46 -20)	-20	-46	-665.0	-315.0
95730	2013-12-27 07:28:00	2013-12-27 07:34:00	2013-12-27 07:43:00	C1.1	11936.0	POINT(-33 -18)	-18	-33	-487.0	-287.0
95740	2013-12-27 09:34:00	2013-12-27 09:38:00	2013-12-27 09:45:00	C1.7	11934.0	POINT(16 -21)	-21	16	272.0	-283.0
95750	2013-12-27 11:10:00	2013-12-27 11:22:00	2013-12-27 11:28:00	C2.0	11934.0	POINT(18 -19)	-19	18	290.0	-285.0
95760	2013-12-27 12:08:00	2013-12-27 12:13:00	2013-12-27 12:17:00	C4.4	11936.0	POINT(-23 -17)	-17	-23	-372.0	-254.0
95770	2013-12-27 13:26:00	2013-12-27 13:37:00	2013-12-27 13:47:00	C1.7	11934.0	POINT(20 -21)	-21	20	317.0	-282.0
95780	2013-12-27 15:24:00	2013-12-27 15:29:00	2013-12-27 15:36:00	B7.8	11934.0	POINT(22 -19)	-19	22	335.0	-279.0
95790	2013-12-27 21:53:00	2013-12-27 22:08:00	2013-12-27 22:32:00	C1.2	11936.0	POINT(-22 -18)	-18	-22	-351.0	-273.0
95800	2013-12-27 23:20:00	2013-12-27 23:36:00	2013-12-27 23:56:00	C2.3	11934.0	POINT(26 -19)	-19	26	403.0	-288.0
95810	2013-12-28 07:03:00	2013-12-28 07:25:00	2013-12-28 07:38:00	C1.2	11934.0	POINT(30 -19)	-19	30	473.0	-284.0
95820	2013-12-28 08:38:00	2013-12-28 09:06:00	2013-12-28 09:16:00	C1.4	11936.0	POINT(-12 -17)	-17	-12	-185.0	-251.0
95830	2013-12-28 11:00:00	2013-12-28 11:18:00	2013-12-28 11:32:00	C1.2	11936.0	POINT(-16 -19)	-19	-16	-262.0	-282.0
95840	2013-12-28 12:40:00	2013-12-28 12:47:00	2013-12-28 12:58:00	C3.0	11936.0	POINT(-10 -17)	-17	-10	-155.0	-252.0
95850	2013-12-28 13:06:00	2013-12-28 13:15:00	2013-12-28 13:31:00	C2.6	11934.0	POINT(34 -20)	-20	34	515.0	-292.0
95860	2013-12-28 17:53:00	2013-12-28 18:02:00	2013-12-28 18:08:00	C9.3	11936.0	POINT(-7 -18)	-18	-7	-119.0	-245.0
95870	2013-12-29 00:09:00	2013-12-29 00:17:00	2013-12-29 00:21:00	C2.2	11936.0	POINT(59 -6)	-6	59	834.0	-93.0
95880	2013-12-29 05:09:00	2013-12-29 05:12:00	2013-12-29 05:16:00	C2.8	11936.0	POINT(-4 -16)	-16	-4	-54.0	-218.0
95890	2013-12-29 05:48:00	2013-12-29 05:53:00	2013-12-29 06:02:00	C3.1	11936.0	POINT(1 -16)	-16	1	11.0	-232.0
95900	2013-12-29 07:49:00	2013-12-29 07:56:00	2013-12-29 08:00:00	M3.1	11936.0	POINT(-1 -18)	-18	-1	23.0	-232.0
95910	2013-12-29 08:54:00	2013-12-29 09:00:00	2013-12-29 09:04:00	C3.8	11936.0	POINT(-1 -16)	-16	-1	-20.0	-218.0
95920	2013-12-29 11:47:00	2013-12-29 11:51:00	2013-12-29 11:55:00	C1.8	11936.0	POINT(3 -17)	-17	3	77.0	-228.0
95930	2013-12-29 14:39:00	2013-12-29 14:46:00	2013-12-29 14:50:00	C5.1	11936.0	POINT(5 -16)	-16	5	93.0	-229.0
95940	2013-12-29 15:59:00	2013-12-29 16:02:00	2013-12-29 16:04:00	B9.9		POINT(48 -18)	-18	48	697.0	-276.0
95950	2013-12-29 16:08:00	2013-12-29 16:12:00	2013-12-29 16:16:00	B9.4		POINT(48 -18)	-18	48	691.0	-282.0
95960	2013-12-29 16:36:00	2013-12-29 16:41:00	2013-12-29 16:44:00	C1.9	11936.0	POINT(7 -17)	-17	7	110.0	-239.0
95970	2013-12-29 17:52:00	2013-12-29 17:59:00	2013-12-29 18:04:00	C1.1	11936.0	POINT(7 -16)	-16	7	128.0	-239.0
95980	2013-12-29 18:53:00	2013-12-29 18:57:00	2013-12-29 19:04:00	C1.1	11936.0	POINT(8 -16)	-16	8	146.0	-226.0
95990	2013-12-29 19:24:00	2013-12-29 19:30:00	2013-12-29 19:34:00	C5.4	11936.0	POINT(8 -16)	-16	8	138.0	-227.0
96000	2013-12-29 22:25:00	2013-12-29 22:33:00	2013-12-29 22:39:00	C4.6		POINT(10 -16)	-16	10	165.0	-239.0
96010	2013-12-30 15:09:00	2013-12-30 15:17:00	2013-12-30 15:32:00	C2.3	11936.0	POINT(12 -18)	-18	12	216.0	-250.0
96020	2013-12-30 16:38:00	2013-12-30 16:43:00	2013-12-30 17:02:00	C2.4	11936.0	POINT(16 -16)	-16	16	260.0	-222.0
96030	2013-12-30 17:41:00	2013-12-30 18:13:00	2013-12-30 18:22:00	C1.7	11936.0	POINT(20 -17)	-17	20	323.0	-245.0
96040	2013-12-31 02:29:00	2013-12-31 02:40:00	2013-12-31 02:46:00	C5.6	11936.0	POINT(26 -17)	-17	26	411.0	-254.0
96050	2013-12-31 05:21:00	2013-12-31 05:32:00	2013-12-31 05:38:00	C2.0	11938.0	POINT(-26 -14)	-14	-26	-416.0	-203.0
96060	2013-12-31 07:33:00	2013-12-31 07:40:00	2013-12-31 07:47:00	C2.2	11936.0	POINT(-77 9)	9	-77	-941.0	168.0
96070	2013-12-31 10:23:00	2013-12-31 11:50:00	2013-12-31 12:32:00	C8.8		POINT(-89 -9)	-9	-89	-1047.0	-175.0
96080	2013-12-31 16:42:00	2013-12-31 16:49:00	2013-12-31 16:55:00	C2.0	11938.0	POINT(-16 -13)	-13	-16	-276.0	-176.0
96090	2013-12-31 18:20:00	2013-12-31 18:25:00	2013-12-31 18:31:00	C1.8	11936.0	POINT(16 -16)	-16	16	483.0	-215.0
96100	2013-12-31 18:53:00	2013-12-31 18:59:00	2013-12-31 19:03:00	C4.0	11940.0	POINT(41 -13)	-13	41	624.0	-168.0
96110	2013-12-31 19:49:00	2013-12-31 19:53:00	2013-12-31 19:56:00	C2.9	11940.0	POINT(41 -13)	-13	41	632.0	-176.0
96120	2013-12-31 21:45:00	2013-12-31 21:58:00	2013-12-31 22:20:00	M6.4	11936.0	POINT(35 -16)	-16	35	554.0	-223.0
96130	2014-01-01 06:45:00	2014-01-01 06:49:00	2014-01-01 06:52:00	C2.1	11944.0	POINT(-89 -4)	-4	-89	-981.0	-84.0
96140	2014-01-01 07:21:00	2014-01-01 07:26:00	2014-01-01 07:29:00	C3.2	11940.0	POINT(47 -12)	-12	47	708.0	-182.0
96150	2014-01-01 15:40:00	2014-01-01 15:48:00	2014-01-01 16:09:00	C6.5	11944.0	POINT(-89 -6)	-6	-89	-980.0	-105.0
96160	2014-01-01 18:40:00	2014-01-01 18:52:00	2014-01-01 19:03:00	M9.9	11936.0	POINT(47 -14)	-14	47	671.0	-240.0
96170	2014-01-02 02:24:00	2014-01-02 02:33:00	2014-01-02 02:56:00	M1.7	11944.0	POINT(-76 -5)	-5	-76	-975.0	-91.0
96180	2014-01-02 04:25:00	2014-01-02 04:29:00	2014-01-02 04:32:00	C5.3	11944.0	POINT(-87 -7)	-7	-87	-965.0	-129.0
96190	2014-01-02 07:43:00	2014-01-02 07:49:00	2014-01-02 07:51:00	C4.9	11944.0	POINT(-76 -5)	-5	-76	-956.0	-83.0
96200	2014-01-02 11:25:00	2014-01-02 12:26:00	2014-01-02 12:42:00	C9.5	11944.0	POINT(-81 -1)	-1	-81	-965.0	-13.0
96210	2014-01-02 20:30:00	2014-01-02 20:38:00	2014-01-02 20:55:00	C3.4	11944.0	POINT(-68 -3)	-3	-68	-894.0	-59.0
96220	2014-01-02 21:41:00	2014-01-02 21:46:00	2014-01-02 21:50:00	C3.1	11944.0	POINT(-72 -5)	-5	-72	-918.0	-77.0
96230	2014-01-02 22:08:00	2014-01-02 22:17:00	2014-01-02 22:31:00	M1.2	11944.0	POINT(-72 -5)	-5	-72	-886.0	-64.0
96240	2014-01-02 23:37:00	2014-01-02 23:43:00	2014-01-02 23:51:00	C2.5	11936.0	POINT(58 -16)	-16	58	801.0	-248.0
96250	2014-01-03 02:48:00	2014-01-03 02:52:00	2014-01-03 02:55:00	C2.4	11944.0	POINT(-70 -6)	-6	-70	-912.0	-86.0
96260	2014-01-03 03:56:00	2014-01-03 04:01:00	2014-01-03 04:07:00	C4.6	11944.0	POINT(-60 -6)	-6	-60	-858.0	-65.0
96270	2014-01-03 06:29:00	2014-01-03 07:00:00	2014-01-03 07:18:00	C3.0	11944.0	POINT(-63 -6)	-6	-63	-886.0	-69.0
96280	2014-01-03 08:12:00	2014-01-03 08:18:00	2014-01-03 08:30:00	C3.6	11944.0	POINT(-57 -5)	-5	-57	-838.0	-60.0
96290	2014-01-03 10:07:00	2014-01-03 10:15:00	2014-01-03 10:19:00	C3.3	11944.0	POINT(-56 -5)	-5	-56	-845.0	-84.0
96300	2014-01-03 10:37:00	2014-01-03 10:42:00	2014-01-03 10:45:00	C5.9	11944.0	POINT(-55 -5)	-5	-55	-839.0	-57.0
96310	2014-01-03 11:40:00	2014-01-03 11:44:00	2014-01-03 11:49:00	C1.9	11944.0	POINT(-65 -5)	-5	-65	-884.0	-75.0
96320	2014-01-03 12:41:00	2014-01-03 12:50:00	2014-01-03 12:54:00	M1.0	11944.0	POINT(-52 -4)	-4	-52	-774.0	-41.0
96330	2014-01-03 15:05:00	2014-01-03 15:35:00	2014-01-03 16:05:00	C6.9	11944.0	POINT(-61 -5)	-5	-61	-848.0	-68.0
96340	2014-01-03 18:27:00	2014-01-03 18:35:00	2014-01-03 19:19:00	C4.0	11937.0	POINT(41 -11)	-11	41	628.0	-161.0
96350	2014-01-03 21:09:00	2014-01-03 21:14:00	2014-01-03 21:19:00	M1.1	11944.0	POINT(-56 -6)	-6	-56	-785.0	-83.0
96360	2014-01-04 02:37:00	2014-01-04 02:43:00	2014-01-04 02:51:00	C3.6	11944.0	POINT(-54 -8)	-8	-54	-789.0	-105.0
96370	2014-01-04 06:22:00	2014-01-04 06:40:00	2014-01-04 07:10:00	C5.6	11944.0	POINT(-52 -5)	-5	-52	-792.0	-35.0
96380	2014-01-04 09:48:00	2014-01-04 09:51:00	2014-01-04 10:03:00	C2.9	11944.0	POINT(-49 -6)	-6	-49	-740.0	-107.0
96390	2014-01-04 10:16:00	2014-01-04 10:25:00	2014-01-04 10:41:00	M1.3	11944.0	POINT(-48 -5)	-5	-48	-738.0	-59.0
96400	2014-01-04 15:33:00	2014-01-04 15:41:00	2014-01-04 15:47:00	C9.4	11944.0	POINT(-36 -4)	-4	-36	-584.0	-35.0
96410	2014-01-04 19:05:00	2014-01-04 19:46:00	2014-01-04 20:23:00	M4.0		POINT(-34 -11)	-11	-34	-537.0	-141.0
96420	2014-01-04 22:12:00	2014-01-04 22:52:00	2014-01-04 23:22:00	M1.9	11936.0	POINT(89 -14)	-14	89	977.0	-257.0
96430	2014-01-05 02:24:00	2014-01-05 02:28:00	2014-01-05 02:30:00	C4.5	11944.0	POINT(-45 -15)	-15	-45	-659.0	-207.0
96440	2014-01-05 15:11:00	2014-01-05 15:18:00	2014-01-05 15:31:00	C6.6	11944.0	POINT(-32 -6)	-6	-32	-525.0	-63.0
96450	2014-01-05 18:13:00	2014-01-05 18:17:00	2014-01-05 18:27:00	C3.4	11944.0	POINT(-35 -14)	-14	-35	-554.0	-200.0
96460	2014-01-06 00:03:00	2014-01-06 00:18:00	2014-01-06 00:38:00	C7.1	11944.0	POINT(-27 -6)	-6	-27	-449.0	-68.0
96470	2014-01-06 09:28:00	2014-01-06 09:34:00	2014-01-06 09:42:00	C2.6	11944.0	POINT(-13 -4)	-4	-13	-221.0	-8.0
96480	2014-01-06 16:06:00	2014-01-06 16:12:00	2014-01-06 16:17:00	C2.0	11944.0	POINT(-19 -9)	-9	-19	-319.0	-92.0
96490	2014-01-07 02:29:00	2014-01-07 02:34:00	2014-01-07 02:39:00	C2.6	11944.0	POINT(-18 -14)	-14	-18	-287.0	-176.0
96500	2014-01-07 03:49:00	2014-01-07 03:53:00	2014-01-07 03:56:00	M1.0	11946.0	POINT(-8 7)	7	-8	-125.0	196.0
96510	2014-01-07 04:08:00	2014-01-07 04:11:00	2014-01-07 04:16:00	C2.7	11944.0	POINT(-13 -10)	-10	-13	-239.0	-116.0
96520	2014-01-07 04:40:00	2014-01-07 04:53:00	2014-01-07 05:20:00	C2.4	11944.0	POINT(-13 -9)	-9	-13	-263.0	-177.0
96530	2014-01-07 06:59:00	2014-01-07 07:05:00	2014-01-07 07:10:00	C3.4	11946.0	POINT(-6 8)	8	-6	-102.0	197.0
96540	2014-01-07 08:03:00	2014-01-07 08:07:00	2014-01-07 08:56:00	C2.3	11944.0	POINT(-15 -14)	-14	-15	-252.0	-182.0
96550	2014-01-07 10:07:00	2014-01-07 10:13:00	2014-01-07 10:37:00	M7.2	11944.0	POINT(-11 -13)	-13	-11	-219.0	-164.0
96560	2014-01-07 11:45:00	2014-01-07 11:53:00	2014-01-07 11:59:00	C2.6	11944.0	POINT(-11 -12)	-12	-11	-189.0	-126.0
96570	2014-01-07 18:04:00	2014-01-07 18:32:00	2014-01-07 18:58:00	X1.2	11944.0	POINT(11 -15)	-15	11	137.0	-156.0
96580	2014-01-07 22:16:00	2014-01-07 22:33:00	2014-01-07 22:39:00	C7.4	11947.0	POINT(84 13)	13	84	944.0	204.0
96590	2014-01-07 23:36:00	2014-01-07 23:43:00	2014-01-07 23:48:00	C1.6	11947.0	POINT(84 13)	13	84	948.0	204.0
96600	2014-01-08 03:04:00	2014-01-08 03:11:00	2014-01-08 03:20:00	C3.1	11944.0	POINT(-1 -10)	-10	-1	-25.0	-117.0
96610	2014-01-08 03:39:00	2014-01-08 03:47:00	2014-01-08 03:54:00	M3.6	11947.0	POINT(81 11)	11	81	955.0	195.0
96620	2014-01-08 07:27:00	2014-01-08 07:34:00	2014-01-08 07:42:00	C2.4	11947.0	POINT(88 10)	10	88	967.0	188.0
96630	2014-01-08 10:25:00	2014-01-08 10:29:00	2014-01-08 10:36:00	C1.9	11944.0	POINT(4 -10)	-10	4	65.0	-90.0
96640	2014-01-08 11:56:00	2014-01-08 12:04:00	2014-01-08 12:17:00	C6.1	11947.0	POINT(88 11)	11	88	966.0	194.0
96650	2014-01-08 12:55:00	2014-01-08 12:59:00	2014-01-08 13:02:00	C2.4	11944.0	POINT(4 -10)	-10	4	269.0	-30.0
96660	2014-01-08 16:48:00	2014-01-08 16:54:00	2014-01-08 17:04:00	C3.4	11944.0	POINT(11 -7)	-7	11	221.0	-52.0
96670	2014-01-09 02:13:00	2014-01-09 02:16:00	2014-01-09 02:18:00	C1.4	11946.0	POINT(17 11)	11	17	281.0	252.0
96680	2014-01-09 18:56:00	2014-01-09 18:59:00	2014-01-09 19:02:00	C1.1		POINT(26 -7)	-7	26	430.0	-66.0
96690	2014-01-10 06:23:00	2014-01-10 06:33:00	2014-01-10 06:43:00	C1.1	11950.0	POINT(-43 16)	16	-43	-647.0	321.0
96700	2014-01-10 07:06:00	2014-01-10 07:27:00	2014-01-10 08:26:00	C1.4	11944.0	POINT(32 6)	6	32	522.0	163.0
96710	2014-01-10 18:46:00	2014-01-10 18:49:00	2014-01-10 18:51:00	C1.4	11946.0	POINT(42 8)	8	42	629.0	194.0
96720	2014-01-11 07:41:00	2014-01-11 07:49:00	2014-01-11 07:55:00	C1.1		POINT(42 -11)	-11	42	647.0	-138.0
96730	2014-01-11 08:31:00	2014-01-11 08:35:00	2014-01-11 08:37:00	C4.4	11944.0	POINT(42 -9)	-9	42	641.0	-96.0
96740	2014-01-11 10:18:00	2014-01-11 10:24:00	2014-01-11 10:31:00	C2.1	11944.0	POINT(45 -7)	-7	45	687.0	-81.0
96750	2014-01-11 13:00:00	2014-01-11 13:10:00	2014-01-11 13:22:00	C6.5	11944.0	POINT(45 -10)	-10	45	689.0	-134.0
96760	2014-01-11 18:29:00	2014-01-11 18:38:00	2014-01-11 18:42:00	C1.0	11944.0	POINT(54 -10)	-10	54	788.0	-132.0
96770	2014-01-11 18:49:00	2014-01-11 19:01:00	2014-01-11 19:27:00	C1.6	11944.0	POINT(61 -15)	-15	61	827.0	-219.0
96780	2014-01-11 20:06:00	2014-01-11 20:09:00	2014-01-11 20:12:00	C1.3	11950.0	POINT(-25 15)	15	-25	-405.0	317.0
96790	2014-01-11 20:43:00	2014-01-11 20:46:00	2014-01-11 20:55:00	C1.7	11950.0	POINT(49 -8)	-8	49	731.0	-98.0
96800	2014-01-11 22:00:00	2014-01-11 22:03:00	2014-01-11 22:05:00	C1.2		POINT(47 -14)	-14	47	699.0	-192.0
96810	2014-01-11 23:57:00	2014-01-12 00:05:00	2014-01-12 00:09:00	C6.0	11944.0	POINT(50 -14)	-14	50	722.0	-188.0
96820	2014-01-12 01:58:00	2014-01-12 02:06:00	2014-01-12 02:18:00	C3.9	11944.0	POINT(53 -8)	-8	53	771.0	-89.0
96830	2014-01-13 04:40:00	2014-01-13 05:10:00	2014-01-13 05:30:00	C1.3		POINT(89 -12)	-12	89	976.0	-217.0
96840	2014-01-13 09:09:00	2014-01-13 09:20:00	2014-01-13 09:27:00	C1.1		POINT(69 -16)	-16	69	874.0	-253.0
96850	2014-01-13 15:02:00	2014-01-13 15:09:00	2014-01-13 15:12:00	C1.1		POINT(82 -11)	-11	82	945.0	-191.0
96860	2014-01-13 16:03:00	2014-01-13 16:33:00	2014-01-13 16:51:00	C1.8	11953.0	POINT(7 -18)	-18	7	106.0	-213.0
96870	2014-01-13 21:48:00	2014-01-13 21:51:00	2014-01-13 21:53:00	M1.3	11944.0	POINT(11 -7)	-7	11	935.0	-132.0
96880	2014-01-14 03:23:00	2014-01-14 03:27:00	2014-01-14 03:29:00	C2.6	11944.0	POINT(89 -13)	-13	89	945.0	-213.0
96890	2014-01-14 15:57:00	2014-01-14 16:04:00	2014-01-14 16:06:00	C3.2	11944.0	POINT(89 -13)	-13	89	954.0	-237.0
96900	2014-01-16 05:45:00	2014-01-16 05:53:00	2014-01-16 06:22:00	C1.1	11959.0	POINT(-89 -24)	-24	-89	-889.0	-397.0
96910	2014-01-16 14:14:00	2014-01-16 14:15:00	2014-01-16 14:16:00	C1.0	11953.0	POINT(45 -16)	-16	45	672.0	-222.0
96920	2014-01-16 15:14:00	2014-01-16 15:41:00	2014-01-16 16:14:00	C2.8	11959.0	POINT(-88 -22)	-22	-88	-921.0	-387.0
96930	2014-01-16 21:21:00	2014-01-16 21:39:00	2014-01-16 21:53:00	C6.2	11959.0	POINT(-88 -23)	-23	-88	-908.0	-390.0
96940	2014-01-17 02:08:00	2014-01-17 02:31:00	2014-01-17 02:59:00	C3.1	11953.0	POINT(54 -19)	-19	54	753.0	-273.0
96950	2014-01-17 03:50:00	2014-01-17 04:16:00	2014-01-17 05:11:00	C3.2	11959.0	POINT(-88 -22)	-22	-88	-917.0	-389.0
96960	2014-01-17 08:00:00	2014-01-17 08:03:00	2014-01-17 08:06:00	C1.0	11959.0	POINT(-87 -26)	-26	-87	-882.0	-450.0
96970	2014-01-17 08:24:00	2014-01-17 08:32:00	2014-01-17 08:39:00	C2.2	11959.0	POINT(-88 -24)	-24	-88	-901.0	-404.0
96980	2014-01-17 09:15:00	2014-01-17 09:23:00	2014-01-17 09:44:00	C6.0	11959.0	POINT(-88 -23)	-23	-88	-910.0	-396.0
96990	2014-01-17 12:48:00	2014-01-17 12:52:00	2014-01-17 12:56:00	C1.4	11959.0	POINT(-88 -24)	-24	-88	-902.0	-404.0
97000	2014-01-17 13:55:00	2014-01-17 14:03:00	2014-01-17 14:10:00	C7.2	11959.0	POINT(-88 -23)	-23	-88	-908.0	-396.0
97010	2014-01-17 15:20:00	2014-01-17 15:25:00	2014-01-17 15:31:00	C1.8	11959.0	POINT(-87 -27)	-27	-87	-874.0	-459.0
97020	2014-01-17 16:03:00	2014-01-17 16:08:00	2014-01-17 16:11:00	C8.9	11959.0	POINT(-88 -23)	-23	-88	-909.0	-392.0
97030	2014-01-17 19:17:00	2014-01-17 20:07:00	2014-01-17 20:31:00	C7.1	11959.0	POINT(-88 -23)	-23	-88	-925.0	-399.0
97040	2014-01-17 23:52:00	2014-01-17 23:57:00	2014-01-18 00:01:00	C1.3	11959.0	POINT(-88 -23)	-23	-88	-905.0	-387.0
97050	2014-01-18 03:21:00	2014-01-18 03:27:00	2014-01-18 03:33:00	C2.3	11959.0	POINT(-88 -23)	-23	-88	-903.0	-387.0
97060	2014-01-18 05:36:00	2014-01-18 05:43:00	2014-01-18 05:48:00	C1.5	11959.0	POINT(-88 -23)	-23	-88	-900.0	-384.0
97070	2014-01-18 08:01:00	2014-01-18 08:06:00	2014-01-18 08:09:00	C1.1	11956.0	POINT(-35 -13)	-13	-35	-542.0	-159.0
97080	2014-01-18 10:34:00	2014-01-18 10:40:00	2014-01-18 10:43:00	C4.8	11959.0	POINT(-88 -22)	-22	-88	-897.0	-376.0
97090	2014-01-18 11:57:00	2014-01-18 12:04:00	2014-01-18 12:09:00	C6.0	11959.0	POINT(-88 -22)	-22	-88	-899.0	-380.0
97100	2014-01-18 16:02:00	2014-01-18 16:05:00	2014-01-18 16:08:00	C1.2	11959.0	POINT(-87 -23)	-23	-87	-893.0	-385.0
97110	2014-01-18 19:32:00	2014-01-18 19:42:00	2014-01-18 19:59:00	C2.3	11959.0	POINT(-81 -22)	-22	-81	-891.0	-386.0
97120	2014-01-19 05:24:00	2014-01-19 05:48:00	2014-01-19 06:02:00	C1.4	11959.0	POINT(-79 -20)	-20	-79	-895.0	-332.0
97130	2014-01-19 06:49:00	2014-01-19 06:58:00	2014-01-19 07:13:00	C2.7	11959.0	POINT(-72 -23)	-23	-72	-860.0	-369.0
97140	2014-01-19 10:29:00	2014-01-19 10:32:00	2014-01-19 10:36:00	B7.5	11959.0	POINT(-63 -27)	-27	-63	-779.0	-411.0
97150	2014-01-20 02:08:00	2014-01-20 02:20:00	2014-01-20 02:38:00	C3.4	11959.0	POINT(-64 -23)	-23	-64	-789.0	-351.0
97160	2014-01-20 04:57:00	2014-01-20 05:03:00	2014-01-20 05:11:00	C1.4	11959.0	POINT(-59 -24)	-24	-59	-770.0	-360.0
97170	2014-01-20 06:21:00	2014-01-20 06:31:00	2014-01-20 06:48:00	C2.8	11959.0	POINT(-61 -23)	-23	-61	-773.0	-353.0
97180	2014-01-20 17:33:00	2014-01-20 18:00:00	2014-01-20 18:15:00	C1.3	11959.0	POINT(89 -8)	-8	89	978.0	-149.0
97190	2014-01-20 21:39:00	2014-01-20 22:49:00	2014-01-20 23:57:00	C3.6	11963.0	POINT(-67 -7)	-7	-67	-913.0	-140.0
97200	2014-01-21 13:29:00	2014-01-21 13:32:00	2014-01-21 13:34:00	B9.1		POINT(-42 -24)	-24	-42	-602.0	-345.0
97210	2014-01-21 14:20:00	2014-01-21 14:23:00	2014-01-21 14:26:00	B9.2	11955.0	POINT(0 -13)	-13	0	2.0	-146.0
97220	2014-01-21 16:56:00	2014-01-21 17:18:00	2014-01-21 17:52:00	C2.9		POINT(44 -38)	-38	44	541.0	-553.0
97230	2014-01-21 22:30:00	2014-01-21 22:36:00	2014-01-21 22:42:00	C1.2	11959.0	POINT(-39 -25)	-25	-39	-563.0	-357.0
97240	2014-01-22 10:12:00	2014-01-22 10:16:00	2014-01-22 10:24:00	B8.2	11955.0	POINT(10 -14)	-14	10	186.0	-156.0
97250	2014-01-22 17:39:00	2014-01-22 17:43:00	2014-01-22 17:46:00	B8.3	11959.0	POINT(-28 -24)	-24	-28	-430.0	-333.0
97260	2014-01-22 18:57:00	2014-01-22 19:05:00	2014-01-22 19:17:00	C1.3	11955.0	POINT(16 -15)	-15	16	269.0	-170.0
97270	2014-01-23 01:57:00	2014-01-23 02:02:00	2014-01-23 02:08:00	B7.8		POINT(-23 -25)	-25	-23	-357.0	-342.0
97280	2014-01-23 02:45:00	2014-01-23 02:54:00	2014-01-23 02:59:00	B8.4		POINT(21 11)	11	21	347.0	271.0
97290	2014-01-24 04:33:00	2014-01-24 04:42:00	2014-01-24 04:55:00	B6.1	11955.0	POINT(35 -15)	-15	35	548.0	-186.0
97300	2014-01-24 05:16:00	2014-01-24 05:19:00	2014-01-24 05:22:00	B6.0	11957.0	POINT(36 10)	10	36	575.0	243.0
97310	2014-01-24 09:58:00	2014-01-24 10:37:00	2014-01-24 10:41:00	B9.2		POINT(-30 -12)	-12	-30	-478.0	-134.0
97320	2014-01-24 23:36:00	2014-01-24 23:44:00	2014-01-24 23:49:00	C1.5	11960.0	POINT(-1 -21)	-21	-1	-23.0	-276.0
97330	2014-01-25 02:25:00	2014-01-25 02:32:00	2014-01-25 02:39:00	C1.0		POINT(-88 11)	11	-88	-957.0	200.0
97340	2014-01-25 13:35:00	2014-01-25 13:41:00	2014-01-25 13:48:00	B7.0	11957.0	POINT(55 10)	10	55	794.0	235.0
97350	2014-01-26 05:18:00	2014-01-26 06:16:00	2014-01-26 06:41:00	C3.2		POINT(-89 5)	5	-89	-987.0	88.0
97360	2014-01-26 08:26:00	2014-01-26 08:38:00	2014-01-26 09:33:00	C1.5	11967.0	POINT(-88 -17)	-17	-88	-944.0	-302.0
97370	2014-01-26 10:05:00	2014-01-26 10:13:00	2014-01-26 10:19:00	C6.1	11960.0	POINT(24 -15)	-15	24	384.0	-180.0
97380	2014-01-27 01:05:00	2014-01-27 01:22:00	2014-01-27 01:39:00	M1.0	11967.0	POINT(-88 -16)	-16	-88	-954.0	-277.0
97390	2014-01-27 02:02:00	2014-01-27 02:11:00	2014-01-27 02:18:00	M1.1	11967.0	POINT(-88 -13)	-13	-88	-961.0	-231.0
97400	2014-01-27 04:09:00	2014-01-27 04:17:00	2014-01-27 04:21:00	C3.3	11967.0	POINT(-89 -11)	-11	-89	-966.0	-194.0
97410	2014-01-27 05:19:00	2014-01-27 05:22:00	2014-01-27 05:25:00	C2.3	11960.0	POINT(-88 -14)	-14	-88	-949.0	-251.0
97420	2014-01-27 06:51:00	2014-01-27 06:54:00	2014-01-27 06:58:00	C2.0		POINT(-88 -14)	-14	-88	-948.0	-240.0
97430	2014-01-27 08:07:00	2014-01-27 08:23:00	2014-01-27 08:40:00	C6.0	11968.0	POINT(-88 7)	7	-88	-980.0	131.0
97440	2014-01-27 11:08:00	2014-01-27 11:13:00	2014-01-27 11:19:00	C2.6	11968.0	POINT(-89 6)	6	-89	-981.0	117.0
97450	2014-01-27 19:06:00	2014-01-27 19:27:00	2014-01-27 19:36:00	C8.0	11967.0	POINT(-88 -14)	-14	-88	-953.0	-252.0
97460	2014-01-27 20:15:00	2014-01-27 20:55:00	2014-01-27 21:06:00	C5.3	11967.0	POINT(-89 -10)	-10	-89	-979.0	-185.0
97470	2014-01-27 22:05:00	2014-01-27 22:10:00	2014-01-27 22:15:00	M4.9	11967.0	POINT(-88 -14)	-14	-88	-950.0	-247.0
97480	2014-01-28 00:31:00	2014-01-28 00:36:00	2014-01-28 00:39:00	C7.6	11967.0	POINT(-81 -10)	-10	-81	-947.0	-167.0
97490	2014-01-28 03:08:00	2014-01-28 03:12:00	2014-01-28 03:16:00	C3.3	11967.0	POINT(-80 -10)	-10	-80	-944.0	-167.0
97500	2014-01-28 04:02:00	2014-01-28 04:09:00	2014-01-28 04:13:00	M1.5	11967.0	POINT(-88 -14)	-14	-88	-945.0	-244.0
97510	2014-01-28 05:25:00	2014-01-28 05:29:00	2014-01-28 05:31:00	C9.2	11967.0	POINT(-77 -10)	-10	-77	-935.0	-159.0
97520	2014-01-28 06:48:00	2014-01-28 06:52:00	2014-01-28 06:55:00	C2.5	11967.0	POINT(-81 -15)	-15	-81	-930.0	-238.0
97530	2014-01-28 07:25:00	2014-01-28 07:31:00	2014-01-28 07:34:00	M3.6	11967.0	POINT(-75 -10)	-10	-75	-930.0	-147.0
97540	2014-01-28 11:34:00	2014-01-28 11:38:00	2014-01-28 11:41:00	M1.4	11967.0	POINT(-72 -10)	-10	-72	-914.0	-149.0
97550	2014-01-28 12:18:00	2014-01-28 12:25:00	2014-01-28 12:30:00	C8.3	11967.0	POINT(-82 -14)	-14	-82	-934.0	-237.0
97560	2014-01-28 12:33:00	2014-01-28 12:46:00	2014-01-28 12:50:00	M1.3	11967.0	POINT(-79 -15)	-15	-79	-926.0	-234.0
97570	2014-01-28 15:24:00	2014-01-28 15:26:00	2014-01-28 15:28:00	M3.5		POINT(-68 -12)	-12	-68	-963.0	-238.0
97580	2014-01-28 16:23:00	2014-01-28 16:45:00	2014-01-28 16:57:00	C8.5	11968.0	POINT(-71 9)	9	-71	-929.0	-230.0
97590	2014-01-28 19:00:00	2014-01-28 19:40:00	2014-01-28 19:46:00	M4.9	11967.0	POINT(-75 -14)	-14	-75	-912.0	-224.0
97600	2014-01-28 22:04:00	2014-01-28 22:16:00	2014-01-28 22:20:00	M2.6	11967.0	POINT(-75 -14)	-14	-75	-909.0	-215.0
97610	2014-01-29 00:42:00	2014-01-29 00:49:00	2014-01-29 00:54:00	C4.1		POINT(46 -14)	-14	46	708.0	-175.0
97620	2014-01-29 02:56:00	2014-01-29 03:13:00	2014-01-29 03:22:00	C4.2	11968.0	POINT(-68 7)	7	-68	-921.0	145.0
97630	2014-01-29 03:31:00	2014-01-29 03:36:00	2014-01-29 03:40:00	C4.2		POINT(-72 -13)	-13	-72	-903.0	-191.0
97640	2014-01-29 04:06:00	2014-01-29 04:31:00	2014-01-29 04:42:00	C7.3	11967.0	POINT(-72 -11)	-11	-72	-911.0	-155.0
97650	2014-01-29 06:53:00	2014-01-29 07:19:00	2014-01-29 07:34:00	C3.5	11967.0	POINT(-66 -9)	-9	-66	-878.0	-176.0
97660	2014-01-29 08:57:00	2014-01-29 09:01:00	2014-01-29 09:03:00	C2.2	11967.0	POINT(-72 -12)	-12	-72	-894.0	-193.0
97670	2014-01-29 11:57:00	2014-01-29 12:01:00	2014-01-29 12:04:00	C2.4	11967.0	POINT(53 -14)	-14	53	760.0	-181.0
97680	2014-01-29 14:11:00	2014-01-29 15:31:00	2014-01-29 16:36:00	C7.0	11967.0	POINT(-66 -11)	-11	-66	-872.0	-161.0
97690	2014-01-29 19:09:00	2014-01-29 19:16:00	2014-01-29 19:27:00	C2.3		POINT(-65 -15)	-15	-65	-852.0	-219.0
97700	2014-01-29 20:19:00	2014-01-29 20:33:00	2014-01-29 20:50:00	C3.6		POINT(-61 -10)	-10	-61	-841.0	-138.0
97710	2014-01-29 23:12:00	2014-01-29 23:16:00	2014-01-29 23:20:00	C2.0	11967.0	POINT(-58 -15)	-15	-58	-800.0	-201.0
97720	2014-01-30 00:03:00	2014-01-30 00:07:00	2014-01-30 00:12:00	C2.3	11967.0	POINT(-57 -15)	-15	-57	-794.0	-203.0
97730	2014-01-30 00:35:00	2014-01-30 00:40:00	2014-01-30 00:48:00	C1.9	11967.0	POINT(-57 -15)	-15	-57	-791.0	-204.0
97740	2014-01-30 06:33:00	2014-01-30 06:39:00	2014-01-30 06:44:00	M2.1	11967.0	POINT(-54 -15)	-15	-54	-773.0	-186.0
97750	2014-01-30 07:54:00	2014-01-30 08:11:00	2014-01-30 08:41:00	M1.1	11967.0	POINT(-52 -12)	-12	-52	-782.0	-131.0
97760	2014-01-30 09:58:00	2014-01-30 10:02:00	2014-01-30 10:07:00	C3.4	11967.0	POINT(-53 -14)	-14	-53	-756.0	-186.0
97770	2014-01-30 10:53:00	2014-01-30 11:12:00	2014-01-30 11:30:00	C4.1	11967.0	POINT(-54 -15)	-15	-54	-762.0	-201.0
97780	2014-01-30 13:32:00	2014-01-30 13:36:00	2014-01-30 13:41:00	C1.4	11967.0	POINT(-48 -11)	-11	-48	-720.0	-133.0
97790	2014-01-30 15:48:00	2014-01-30 16:11:00	2014-01-30 16:28:00	M6.6	11967.0	POINT(-58 -13)	-13	-58	-860.0	-152.0
97800	2014-01-30 22:45:00	2014-01-30 23:04:00	2014-01-30 23:21:00	C4.8	11967.0	POINT(-48 -17)	-17	-48	-697.0	-233.0
97810	2014-01-31 04:42:00	2014-01-31 04:49:00	2014-01-31 06:33:00	C3.4	11967.0	POINT(-37 -14)	-14	-37	-609.0	-119.0
97820	2014-01-31 07:35:00	2014-01-31 07:44:00	2014-01-31 07:57:00	C2.3	11967.0	POINT(-38 -13)	-13	-38	-592.0	-156.0
97830	2014-01-31 09:28:00	2014-01-31 09:32:00	2014-01-31 09:44:00	C1.6	11967.0	POINT(-36 -12)	-12	-36	-569.0	-137.0
97840	2014-01-31 10:44:00	2014-01-31 10:49:00	2014-01-31 10:54:00	C2.4	11967.0	POINT(-38 -15)	-15	-38	-588.0	-175.0
97850	2014-01-31 15:32:00	2014-01-31 15:42:00	2014-01-31 15:53:00	M1.1	11968.0	POINT(-34 7)	7	-34	-549.0	203.0
97860	2014-01-31 23:59:00	2014-02-01 00:18:00	2014-02-01 00:33:00	C6.3	11967.0	POINT(-27 -12)	-12	-27	-424.0	-87.0
97870	2014-02-01 01:19:00	2014-02-01 01:25:00	2014-02-01 01:38:00	M1.0	11967.0	POINT(-26 -11)	-11	-26	-431.0	-91.0
97880	2014-02-01 05:27:00	2014-02-01 05:47:00	2014-02-01 06:34:00	C5.5	11967.0	POINT(-24 -11)	-11	-24	-399.0	-99.0
97890	2014-02-01 06:45:00	2014-02-01 07:23:00	2014-02-01 08:43:00	M3.0	11967.0	POINT(-23 -11)	-11	-23	-372.0	-81.0
97900	2014-02-01 10:43:00	2014-02-01 10:46:00	2014-02-01 10:49:00	C3.5	11967.0	POINT(-26 -12)	-12	-26	-432.0	-128.0
97910	2014-02-01 12:29:00	2014-02-01 12:34:00	2014-02-01 12:38:00	C3.6	11967.0	POINT(-30 -13)	-13	-30	-477.0	-143.0
97920	2014-02-01 13:52:00	2014-02-01 13:56:00	2014-02-01 14:03:00	C3.9	11967.0	POINT(-17 -10)	-10	-17	-284.0	-81.0
97930	2014-02-01 15:58:00	2014-02-01 16:05:00	2014-02-01 16:14:00	C2.3	11967.0	POINT(-25 -14)	-14	-25	-412.0	-155.0
97940	2014-02-01 20:38:00	2014-02-01 20:46:00	2014-02-01 20:52:00	C3.4	11967.0	POINT(-23 -14)	-14	-23	-373.0	-156.0
97950	2014-02-01 22:54:00	2014-02-01 22:58:00	2014-02-01 23:03:00	C2.7	11968.0	POINT(-22 12)	12	-22	-371.0	295.0
97960	2014-02-02 01:07:00	2014-02-02 01:18:00	2014-02-02 01:22:00	C6.5	11968.0	POINT(-18 11)	11	-18	-347.0	299.0
97970	2014-02-02 04:10:00	2014-02-02 04:14:00	2014-02-02 04:22:00	C3.3	11967.0	POINT(-10 -11)	-11	-10	-172.0	-85.0
97980	2014-02-02 04:58:00	2014-02-02 05:13:00	2014-02-02 05:19:00	C3.3	11968.0	POINT(-16 10)	10	-16	-312.0	302.0
97990	2014-02-02 06:00:00	2014-02-02 06:00:00	2014-02-02 06:05:00	C7.5	11968.0	POINT(-14 -10)	-10	-14	-149.0	-80.0
98000	2014-02-02 06:24:00	2014-02-02 06:34:00	2014-02-02 06:37:00	M2.6	11968.0	POINT(-18 12)	12	-18	-300.0	299.0
98010	2014-02-02 07:17:00	2014-02-02 08:20:00	2014-02-02 08:29:00	M2.2	11967.0	POINT(-14 -10)	-10	-14	-227.0	-96.0
98020	2014-02-02 09:24:00	2014-02-02 09:31:00	2014-02-02 09:36:00	M4.4	11967.0	POINT(-13 -11)	-11	-13	-233.0	-84.0
98030	2014-02-02 11:45:00	2014-02-02 11:49:00	2014-02-02 11:55:00	C9.7	11967.0	POINT(-5 -11)	-11	-5	-99.0	-84.0
98040	2014-02-02 14:01:00	2014-02-02 14:06:00	2014-02-02 14:09:00	M1.3	11967.0	POINT(-14 12)	12	-14	-233.0	312.0
98050	2014-02-02 14:17:00	2014-02-02 14:21:00	2014-02-02 14:28:00	C7.8	11968.0	POINT(-9 9)	9	-9	-159.0	257.0
98060	2014-02-02 16:10:00	2014-02-02 16:18:00	2014-02-02 16:23:00	C4.2	11968.0	POINT(-6 9)	9	-6	-107.0	255.0
98070	2014-02-02 16:24:00	2014-02-02 16:29:00	2014-02-02 16:36:00	M1.0	11968.0	POINT(-6 9)	9	-6	-111.0	264.0
98080	2014-02-02 18:05:00	2014-02-02 18:11:00	2014-02-02 18:18:00	M3.1	11967.0	POINT(-8 -10)	-10	-8	-141.0	-81.0
98090	2014-02-02 20:03:00	2014-02-02 20:07:00	2014-02-02 20:10:00	C4.5	11968.0	POINT(-71 9)	9	-71	-69.0	264.0
98100	2014-02-02 21:24:00	2014-02-02 22:04:00	2014-02-02 22:14:00	M1.3	11967.0	POINT(-1 -10)	-10	-1	-22.0	-78.0
98110	2014-02-02 22:16:00	2014-02-02 22:18:00	2014-02-02 22:32:00	C8.4	11968.0	POINT(-71 9)	9	-71	-203.0	-143.0
98120	2014-02-02 23:54:00	2014-02-02 23:57:00	2014-02-03 00:00:00	C2.3	11968.0	POINT(-7 8)	8	-7	-117.0	247.0
98130	2014-02-03 00:38:00	2014-02-03 00:42:00	2014-02-03 00:44:00	C3.7	11968.0	POINT(-7 9)	9	-7	-105.0	245.0
98140	2014-02-03 00:56:00	2014-02-03 00:59:00	2014-02-03 01:02:00	C2.3	11967.0	POINT(-1 -11)	-11	-1	-20.0	-90.0
98150	2014-02-03 04:45:00	2014-02-03 05:35:00	2014-02-03 05:58:00	C4.9	11967.0	POINT(2 -11)	-11	2	-8.0	261.0
98160	2014-02-03 06:19:00	2014-02-03 06:25:00	2014-02-03 06:33:00	C5.7	11967.0	POINT(0 -10)	-10	0	-9.0	-75.0
98170	2014-02-03 08:12:00	2014-02-03 08:30:00	2014-02-03 09:03:00	C9.0	11967.0	POINT(3 -10)	-10	3	63.0	-78.0
98180	2014-02-03 10:58:00	2014-02-03 11:01:00	2014-02-03 11:04:00	C4.4	11967.0	POINT(0 -13)	-13	0	-13.0	-123.0
98190	2014-02-03 12:43:00	2014-02-03 12:54:00	2014-02-03 13:05:00	C7.9	11967.0	POINT(2 -10)	-10	2	36.0	-71.0
98200	2014-02-03 13:21:00	2014-02-03 13:34:00	2014-02-03 13:44:00	C6.5	11968.0	POINT(6 -10)	-10	6	108.0	-77.0
98210	2014-02-03 15:40:00	2014-02-03 15:44:00	2014-02-03 15:48:00	C4.6	11967.0	POINT(1 -13)	-13	1	22.0	-125.0
98220	2014-02-03 17:52:00	2014-02-03 17:59:00	2014-02-03 18:06:00	C4.5	11967.0	POINT(1 -15)	-15	1	29.0	-150.0
98230	2014-02-03 19:28:00	2014-02-03 19:37:00	2014-02-03 19:48:00	C6.9	11967.0	POINT(12 -10)	-10	12	191.0	-76.0
98240	2014-02-03 22:29:00	2014-02-03 22:33:00	2014-02-03 22:36:00	C7.8		POINT(6 10)	10	6	114.0	283.0
98250	2014-02-04 01:16:00	2014-02-04 01:23:00	2014-02-04 01:31:00	M3.8	11968.0	POINT(13 -9)	-9	13	224.0	-65.0
98260	2014-02-04 03:57:00	2014-02-04 04:00:00	2014-02-04 04:06:00	M5.2	11967.0	POINT(6 -14)	-14	6	125.0	-136.0
98270	2014-02-04 05:45:00	2014-02-04 05:49:00	2014-02-04 05:54:00	C3.3	11967.0	POINT(12 -12)	-12	12	150.0	-130.0
98280	2014-02-04 09:16:00	2014-02-04 09:25:00	2014-02-04 09:36:00	C7.4	11967.0	POINT(10 -14)	-14	10	177.0	-143.0
98290	2014-02-04 09:38:00	2014-02-04 09:49:00	2014-02-04 09:58:00	M1.4	11967.0	POINT(11 -14)	-14	11	186.0	-138.0
98300	2014-02-04 11:53:00	2014-02-04 12:20:00	2014-02-04 12:24:00	C5.9	11967.0	POINT(14 -10)	-10	14	236.0	-69.0
98310	2014-02-04 13:35:00	2014-02-04 13:53:00	2014-02-04 14:10:00	C7.7	11967.0	POINT(13 -13)	-13	13	222.0	-134.0
98320	2014-02-04 14:32:00	2014-02-04 14:36:00	2014-02-04 14:43:00	C6.4	11967.0	POINT(13 -14)	-14	13	227.0	-136.0
98330	2014-02-04 14:55:00	2014-02-04 15:30:00	2014-02-04 17:12:00	M1.5	11967.0	POINT(12 -12)	-12	12	231.0	-144.0
98340	2014-02-04 18:36:00	2014-02-04 18:49:00	2014-02-04 18:54:00	C4.7		POINT(24 -10)	-10	24	403.0	-84.0
98350	2014-02-04 19:27:00	2014-02-04 19:41:00	2014-02-04 19:54:00	C5.4	11967.0	POINT(16 -14)	-14	16	269.0	-144.0
98360	2014-02-04 20:13:00	2014-02-04 20:20:00	2014-02-04 20:27:00	C4.4	11967.0	POINT(16 -14)	-14	16	275.0	-146.0
98370	2014-02-04 21:28:00	2014-02-04 21:35:00	2014-02-04 21:42:00	C5.5	11967.0	POINT(17 -15)	-15	17	279.0	-144.0
98380	2014-02-04 21:57:00	2014-02-04 22:03:00	2014-02-04 22:18:00	C6.5	11968.0	POINT(21 8)	8	21	353.0	237.0
98390	2014-02-04 22:37:00	2014-02-04 22:47:00	2014-02-04 22:55:00	C7.5	11968.0	POINT(21 10)	10	21	349.0	270.0
98400	2014-02-04 23:27:00	2014-02-04 23:30:00	2014-02-04 23:38:00	C3.8	11968.0	POINT(20 10)	10	20	338.0	266.0
98410	2014-02-05 05:30:00	2014-02-05 05:57:00	2014-02-05 06:06:00	C3.9	11967.0	POINT(20 -14)	-14	20	327.0	-149.0
98420	2014-02-05 07:43:00	2014-02-05 07:50:00	2014-02-05 08:03:00	C3.6	11968.0	POINT(28 12)	12	28	439.0	305.0
98430	2014-02-05 09:21:00	2014-02-05 09:56:00	2014-02-05 10:05:00	C3.9	11968.0	POINT(30 8)	8	30	435.0	270.0
98440	2014-02-05 10:18:00	2014-02-05 10:22:00	2014-02-05 10:24:00	C4.4	11968.0	POINT(19 11)	11	19	324.0	290.0
98450	2014-02-05 12:44:00	2014-02-05 12:56:00	2014-02-05 13:37:00	C5.2	11967.0	POINT(27 14)	14	27	345.0	295.0
98460	2014-02-05 14:41:00	2014-02-05 14:46:00	2014-02-05 14:50:00	C3.3	11967.0	POINT(28 -14)	-14	28	458.0	-102.0
98470	2014-02-05 16:11:00	2014-02-05 16:20:00	2014-02-05 16:42:00	M1.3	11967.0	POINT(36 -10)	-10	36	569.0	-86.0
98480	2014-02-05 18:32:00	2014-02-05 18:44:00	2014-02-05 18:54:00	C8.6	11967.0	POINT(38 -10)	-10	38	601.0	-89.0
98490	2014-02-05 19:28:00	2014-02-05 20:02:00	2014-02-05 20:26:00	C4.9	11967.0	POINT(26 -17)	-17	26	413.0	-194.0
98500	2014-02-05 22:43:00	2014-02-05 22:47:00	2014-02-05 22:54:00	C3.2		POINT(38 -10)	-10	38	603.0	-95.0
98510	2014-02-05 23:18:00	2014-02-05 23:23:00	2014-02-05 23:30:00	C2.1		POINT(-88 -12)	-12	-88	-956.0	-216.0
98520	2014-02-06 00:16:00	2014-02-06 00:38:00	2014-02-06 00:46:00	C5.4	11968.0	POINT(33 10)	10	33	536.0	274.0
98530	2014-02-06 02:31:00	2014-02-06 02:51:00	2014-02-06 03:00:00	C3.4	11967.0	POINT(36 10)	10	36	571.0	260.0
98540	2014-02-06 04:02:00	2014-02-06 04:36:00	2014-02-06 05:01:00	C7.0	11968.0	POINT(35 10)	10	35	572.0	275.0
98550	2014-02-06 07:57:00	2014-02-06 08:01:00	2014-02-06 08:03:00	C1.9	11968.0	POINT(38 -12)	-12	38	589.0	-122.0
98560	2014-02-06 11:45:00	2014-02-06 11:56:00	2014-02-06 11:59:00	C3.0	11967.0	POINT(40 -16)	-16	40	625.0	-171.0
98570	2014-02-06 14:40:00	2014-02-06 14:44:00	2014-02-06 14:52:00	C4.0	11972.0	POINT(24 -13)	-13	24	402.0	-129.0
98580	2014-02-06 16:17:00	2014-02-06 16:20:00	2014-02-06 16:23:00	C2.2	11967.0	POINT(51 -17)	-17	51	733.0	-222.0
98590	2014-02-06 22:09:00	2014-02-06 22:15:00	2014-02-06 22:24:00	C2.1		POINT(46 12)	12	46	687.0	281.0
98600	2014-02-06 22:56:00	2014-02-06 23:05:00	2014-02-06 23:10:00	M1.5	11967.0	POINT(48 -15)	-15	48	705.0	-185.0
98610	2014-02-07 00:13:00	2014-02-07 00:19:00	2014-02-07 00:27:00	C4.3	11967.0	POINT(49 -15)	-15	49	707.0	-185.0
98620	2014-02-07 04:47:00	2014-02-07 04:56:00	2014-02-07 05:04:00	M2.0	11967.0	POINT(51 -16)	-16	51	726.0	-216.0
98630	2014-02-07 08:34:00	2014-02-07 08:38:00	2014-02-07 08:42:00	C2.7	11968.0	POINT(52 9)	9	52	755.0	268.0
98640	2014-02-07 08:55:00	2014-02-07 09:00:00	2014-02-07 09:06:00	C2.5	11968.0	POINT(53 9)	9	53	752.0	-189.0
98650	2014-02-07 10:02:00	2014-02-07 10:06:00	2014-02-07 10:09:00	C3.1	11967.0	POINT(54 -18)	-18	54	761.0	-191.0
98660	2014-02-07 10:25:00	2014-02-07 10:29:00	2014-02-07 10:31:00	M1.9	11968.0	POINT(53 9)	9	53	767.0	267.0
98670	2014-02-07 14:41:00	2014-02-07 14:52:00	2014-02-07 14:56:00	C3.0	11967.0	POINT(63 -13)	-13	63	852.0	-129.0
98680	2014-02-08 00:28:00	2014-02-08 00:36:00	2014-02-08 00:51:00	C2.5	11968.0	POINT(62 10)	10	62	846.0	228.0
98690	2014-02-08 02:12:00	2014-02-08 02:15:00	2014-02-08 02:18:00	C1.7	11967.0	POINT(77 -14)	-14	77	920.0	-213.0
98700	2014-02-08 06:39:00	2014-02-08 06:44:00	2014-02-08 06:52:00	C1.7	11967.0	POINT(65 -14)	-14	65	857.0	-203.0
98710	2014-02-08 12:25:00	2014-02-08 12:30:00	2014-02-08 12:33:00	C3.2	11967.0	POINT(66 -14)	-14	66	866.0	-205.0
98720	2014-02-08 12:49:00	2014-02-08 12:52:00	2014-02-08 12:55:00	C1.5	11967.0	POINT(29 -15)	-15	29	457.0	-163.0
98730	2014-02-08 17:52:00	2014-02-08 17:56:00	2014-02-08 18:02:00	C2.0	11967.0	POINT(69 -11)	-11	69	895.0	-156.0
98740	2014-02-08 18:25:00	2014-02-08 18:33:00	2014-02-08 18:36:00	C8.6	11967.0	POINT(71 -10)	-10	71	909.0	-144.0
98750	2014-02-08 21:29:00	2014-02-08 21:32:00	2014-02-08 21:34:00	C1.9	11976.0	POINT(35 -15)	-15	35	542.0	-171.0
98760	2014-02-09 05:12:00	2014-02-09 05:17:00	2014-02-09 05:22:00	C2.4	11975.0	POINT(38 -15)	-15	38	587.0	-156.0
98770	2014-02-09 11:51:00	2014-02-09 12:07:00	2014-02-09 12:23:00	C2.3	11974.0	POINT(-25 -16)	-16	-25	-408.0	-174.0
98780	2014-02-09 15:40:00	2014-02-09 16:17:00	2014-02-09 16:52:00	M1.0		POINT(-88 -16)	-16	-88	-954.0	-288.0
98790	2014-02-09 20:07:00	2014-02-09 20:28:00	2014-02-09 20:41:00	C3.4	11967.0	POINT(88 -14)	-14	88	975.0	-248.0
98800	2014-02-09 23:14:00	2014-02-09 23:31:00	2014-02-09 23:45:00	C5.2	11967.0	POINT(89 -9)	-9	89	968.0	-167.0
98810	2014-02-10 02:54:00	2014-02-10 02:58:00	2014-02-10 03:02:00	C2.5	11974.0	POINT(-24 -14)	-14	-24	-388.0	-130.0
98820	2014-02-10 05:04:00	2014-02-10 05:16:00	2014-02-10 05:23:00	C3.0		POINT(-30 -12)	-12	-30	-468.0	-106.0
98830	2014-02-10 13:08:00	2014-02-10 13:12:00	2014-02-10 13:21:00	C2.1	11974.0	POINT(-16 -9)	-9	-16	-269.0	-55.0
98840	2014-02-10 14:05:00	2014-02-10 14:09:00	2014-02-10 14:14:00	C1.8		POINT(88 -15)	-15	88	946.0	-256.0
98850	2014-02-10 16:46:00	2014-02-10 16:52:00	2014-02-10 16:58:00	C2.5		POINT(89 -10)	-10	89	965.0	-176.0
98860	2014-02-10 19:14:00	2014-02-10 19:17:00	2014-02-10 19:19:00	C1.7	11973.0	POINT(4 4)	4	4	84.0	179.0
98870	2014-02-11 03:14:00	2014-02-11 03:33:00	2014-02-11 04:00:00	M1.7	11974.0	POINT(-17 -12)	-12	-17	-269.0	-114.0
98880	2014-02-11 13:11:00	2014-02-11 13:11:00	2014-02-11 13:34:00	C8.4	11974.0	POINT(-11 -11)	-11	-11	-173.0	-110.0
98890	2014-02-11 13:46:00	2014-02-11 13:46:00	2014-02-11 14:23:00	C8.5		POINT(-11 -11)	-11	-11	-173.0	-110.0
98900	2014-02-11 16:34:00	2014-02-11 16:51:00	2014-02-11 17:10:00	M1.8	11974.0	POINT(-8 -10)	-10	-8	-149.0	-72.0
98910	2014-02-11 22:01:00	2014-02-11 22:15:00	2014-02-11 22:24:00	C5.9	11974.0	POINT(-1 -13)	-13	-1	-11.0	-93.0
98920	2014-02-12 03:52:00	2014-02-12 04:25:00	2014-02-12 04:38:00	M3.7	11974.0	POINT(2 -12)	-12	2	-8.0	-116.0
98930	2014-02-12 06:54:00	2014-02-12 06:58:00	2014-02-12 07:04:00	M2.3	11974.0	POINT(4 -14)	-14	4	72.0	-125.0
98940	2014-02-12 12:29:00	2014-02-12 12:34:00	2014-02-12 12:39:00	C7.9	11973.0	POINT(51 -10)	-10	51	749.0	-110.0
98950	2014-02-12 15:41:00	2014-02-12 15:51:00	2014-02-12 16:15:00	M2.1	11974.0	POINT(4 -10)	-10	4	75.0	-62.0
98960	2014-02-12 19:38:00	2014-02-12 19:51:00	2014-02-12 20:05:00	C4.8	11974.0	POINT(7 -12)	-12	7	97.0	-84.0
98970	2014-02-12 21:10:00	2014-02-12 21:30:00	2014-02-12 22:01:00	C5.9	11974.0	POINT(8 -12)	-12	8	114.0	-85.0
98980	2014-02-12 22:15:00	2014-02-12 22:23:00	2014-02-12 22:46:00	C2.6	11974.0	POINT(9 -12)	-12	9	181.0	-92.0
98990	2014-02-12 22:57:00	2014-02-12 22:57:00	2014-02-12 23:00:00	C5.9	11974.0	POINT(9 -12)	-12	9	144.0	-78.0
99000	2014-02-13 00:35:00	2014-02-13 00:52:00	2014-02-13 01:06:00	C3.2	11974.0	POINT(8 -11)	-11	8	138.0	-77.0
99010	2014-02-13 01:32:00	2014-02-13 01:40:00	2014-02-13 01:50:00	M1.8	11974.0	POINT(9 -12)	-12	9	158.0	-95.0
99020	2014-02-13 02:14:00	2014-02-13 02:18:00	2014-02-13 02:24:00	C5.4	11974.0	POINT(9 -11)	-11	9	152.0	-84.0
99030	2014-02-13 02:25:00	2014-02-13 02:29:00	2014-02-13 02:32:00	C7.4	11974.0	POINT(9 -11)	-11	9	153.0	-74.0
99040	2014-02-13 02:41:00	2014-02-13 02:51:00	2014-02-13 03:04:00	M1.0	11974.0	POINT(10 -11)	-11	10	167.0	-78.0
99050	2014-02-13 05:33:00	2014-02-13 05:36:00	2014-02-13 05:40:00	C2.8	11974.0	POINT(11 -14)	-14	11	188.0	-137.0
99060	2014-02-13 05:49:00	2014-02-13 06:07:00	2014-02-13 06:13:00	M1.7	11974.0	POINT(11 -11)	-11	11	183.0	-90.0
99070	2014-02-13 07:04:00	2014-02-13 07:10:00	2014-02-13 07:30:00	C3.6	11977.0	POINT(-51 -8)	-8	-51	191.0	-88.0
99080	2014-02-13 08:05:00	2014-02-13 08:12:00	2014-02-13 08:19:00	M1.0	11974.0	POINT(13 -12)	-12	13	190.0	-90.0
99090	2014-02-13 10:22:00	2014-02-13 10:36:00	2014-02-13 10:55:00	C8.4	11974.0	POINT(16 -14)	-14	16	208.0	-90.0
99100	2014-02-13 12:33:00	2014-02-13 12:42:00	2014-02-13 13:16:00	C3.0	11974.0	POINT(17 -14)	-14	17	256.0	-90.0
99110	2014-02-13 15:45:00	2014-02-13 15:57:00	2014-02-13 16:06:00	M1.4	11974.0	POINT(24 -13)	-13	24	269.0	-93.0
99120	2014-02-13 19:50:00	2014-02-13 19:55:00	2014-02-13 19:58:00	C6.6	11974.0	POINT(19 -11)	-11	19	323.0	-92.0
99130	2014-02-13 21:27:00	2014-02-13 21:36:00	2014-02-13 21:44:00	C2.7	11974.0	POINT(22 -13)	-13	22	307.0	-93.0
99140	2014-02-14 01:46:00	2014-02-14 01:53:00	2014-02-14 01:57:00	C2.2	11974.0	POINT(25 -12)	-12	25	351.0	-99.0
99150	2014-02-14 02:40:00	2014-02-14 02:57:00	2014-02-14 03:10:00	M2.3	11974.0	POINT(25 -12)	-12	25	389.0	-96.0
99160	2014-02-14 04:14:00	2014-02-14 04:18:00	2014-02-14 04:21:00	C1.7	11974.0	POINT(23 -12)	-12	23	395.0	-100.0
99170	2014-02-14 04:25:00	2014-02-14 04:30:00	2014-02-14 04:33:00	C6.6	11974.0	POINT(27 -12)	-12	27	388.0	-97.0
99180	2014-02-14 06:39:00	2014-02-14 06:46:00	2014-02-14 06:55:00	C3.8	11974.0	POINT(29 -11)	-11	29	458.0	-80.0
99190	2014-02-14 07:35:00	2014-02-14 07:38:00	2014-02-14 07:43:00	C3.3	11974.0	POINT(28 -12)	-12	28	416.0	-101.0
99200	2014-02-14 08:59:00	2014-02-14 09:05:00	2014-02-14 09:12:00	C2.2	11974.0	POINT(30 -15)	-15	30	483.0	-160.0
99210	2014-02-14 10:06:00	2014-02-14 10:12:00	2014-02-14 10:19:00	C2.6	11974.0	POINT(30 -13)	-13	30	432.0	-101.0
99220	2014-02-14 10:32:00	2014-02-14 10:49:00	2014-02-14 11:20:00	C7.2	11974.0	POINT(30 -13)	-13	30	437.0	-100.0
99230	2014-02-14 12:29:00	2014-02-14 12:40:00	2014-02-14 12:45:00	M1.6	11974.0	POINT(36 -15)	-15	36	547.0	-148.0
99240	2014-02-14 13:21:00	2014-02-14 13:28:00	2014-02-14 13:39:00	M1.1	11974.0	POINT(30 -12)	-12	30	480.0	-105.0
99250	2014-02-14 16:33:00	2014-02-14 16:39:00	2014-02-14 16:42:00	M1.0	11974.0	POINT(32 -13)	-13	32	605.0	-118.0
99260	2014-02-14 16:49:00	2014-02-14 16:52:00	2014-02-14 16:59:00	C3.6	11971.0	POINT(73 -11)	-11	73	937.0	-213.0
99270	2014-02-14 17:19:00	2014-02-14 17:24:00	2014-02-14 17:34:00	C6.6	11974.0	POINT(32 -13)	-13	32	488.0	-110.0
99280	2014-02-14 19:31:00	2014-02-14 19:35:00	2014-02-14 19:39:00	C1.7	11974.0	POINT(32 -13)	-13	32	624.0	-92.0
99290	2014-02-15 01:36:00	2014-02-15 02:03:00	2014-02-15 02:13:00	C2.1	11974.0	POINT(45 -8)	-8	45	683.0	-69.0
99300	2014-02-15 03:10:00	2014-02-15 03:18:00	2014-02-15 03:28:00	C2.3	11973.0	POINT(60 7)	7	60	840.0	176.0
99310	2014-02-15 05:49:00	2014-02-15 05:53:00	2014-02-15 05:58:00	C2.2	11974.0	POINT(37 -12)	-12	37	581.0	-118.0
99320	2014-02-15 08:25:00	2014-02-15 08:28:00	2014-02-15 08:39:00	C1.3	11974.0	POINT(43 -13)	-13	43	649.0	-89.0
99330	2014-02-15 21:35:00	2014-02-15 21:41:00	2014-02-15 21:51:00	C1.7	11973.0	POINT(73 4)	4	73	929.0	113.0
99340	2014-02-15 22:41:00	2014-02-15 22:44:00	2014-02-15 22:48:00	C1.6	11973.0	POINT(79 10)	10	79	899.0	193.0
99350	2014-02-16 02:04:00	2014-02-16 02:07:00	2014-02-16 02:09:00	C1.2	11974.0	POINT(52 -11)	-11	52	758.0	-97.0
99360	2014-02-16 02:48:00	2014-02-16 02:55:00	2014-02-16 03:20:00	C2.3	11973.0	POINT(88 7)	7	88	975.0	123.0
99370	2014-02-16 05:04:00	2014-02-16 05:05:00	2014-02-16 05:13:00	C1.2	11974.0	POINT(55 -12)	-12	55	773.0	-107.0
99380	2014-02-16 05:26:00	2014-02-16 05:43:00	2014-02-16 05:55:00	C1.3	11973.0	POINT(-13 -12)	-12	-13	-217.0	-94.0
99390	2014-02-16 06:42:00	2014-02-16 06:46:00	2014-02-16 06:51:00	C1.5	11974.0	POINT(55 -12)	-12	55	777.0	-108.0
99400	2014-02-16 09:20:00	2014-02-16 09:26:00	2014-02-16 09:29:00	M1.1	11977.0	POINT(-1 -11)	-11	-1	-11.0	-54.0
99410	2014-02-16 13:48:00	2014-02-16 14:00:00	2014-02-16 14:05:00	C3.4	11977.0	POINT(1 -10)	-10	1	32.0	-57.0
99420	2014-02-16 16:54:00	2014-02-16 16:59:00	2014-02-16 17:04:00	C1.5	11977.0	POINT(-4 -12)	-12	-4	-60.0	-83.0
99430	2014-02-16 17:35:00	2014-02-16 17:38:00	2014-02-16 17:40:00	C1.2	11977.0	POINT(4 -10)	-10	4	65.0	-57.0
99440	2014-02-16 19:20:00	2014-02-16 19:25:00	2014-02-16 19:28:00	C1.7	11977.0	POINT(5 -11)	-11	5	81.0	-61.0
99450	2014-02-17 02:51:00	2014-02-17 03:04:00	2014-02-17 03:21:00	C6.6	11977.0	POINT(5 -14)	-14	5	87.0	-104.0
99460	2014-02-17 08:03:00	2014-02-17 08:10:00	2014-02-17 08:18:00	C2.0	11982.0	POINT(-89 -10)	-10	-89	-957.0	-170.0
99470	2014-02-17 08:51:00	2014-02-17 09:00:00	2014-02-17 09:09:00	C1.3	11982.0	POINT(-89 -10)	-10	-89	-955.0	-168.0
99480	2014-02-17 09:29:00	2014-02-17 09:44:00	2014-02-17 09:53:00	C1.7	11982.0	POINT(-89 -9)	-9	-89	-958.0	-167.0
99490	2014-02-17 15:27:00	2014-02-17 15:31:00	2014-02-17 15:33:00	C2.4	11977.0	POINT(-78 -10)	-10	-78	-933.0	-155.0
99500	2014-02-17 20:10:00	2014-02-17 20:14:00	2014-02-17 20:20:00	C1.6	11980.0	POINT(31 -15)	-15	31	492.0	-161.0
99510	2014-02-17 21:07:00	2014-02-17 21:12:00	2014-02-17 21:20:00	C1.8	11977.0	POINT(19 -11)	-11	19	314.0	-78.0
99520	2014-02-18 01:27:00	2014-02-18 01:33:00	2014-02-18 01:40:00	C4.7	11976.0	POINT(42 -16)	-16	42	623.0	-204.0
99530	2014-02-18 06:19:00	2014-02-18 06:23:00	2014-02-18 06:27:00	C1.9	11976.0	POINT(44 -17)	-17	44	656.0	-202.0
99540	2014-02-18 09:49:00	2014-02-18 09:59:00	2014-02-18 10:11:00	C3.3	11982.0	POINT(-65 -14)	-14	-65	-864.0	-204.0
99550	2014-02-18 13:18:00	2014-02-18 13:25:00	2014-02-18 13:33:00	C1.7	11982.0	POINT(-65 -10)	-10	-65	-874.0	-161.0
99560	2014-02-18 20:29:00	2014-02-18 20:33:00	2014-02-18 20:38:00	C1.8	11982.0	POINT(-63 -11)	-11	-63	-845.0	-150.0
99570	2014-02-19 00:31:00	2014-02-19 00:35:00	2014-02-19 00:38:00	C1.2	11976.0	POINT(59 -13)	-13	59	802.0	-156.0
99580	2014-02-19 01:56:00	2014-02-19 02:01:00	2014-02-19 02:04:00	C3.0	11982.0	POINT(-59 -12)	-12	-59	-814.0	-142.0
99590	2014-02-19 02:39:00	2014-02-19 02:44:00	2014-02-19 02:54:00	C2.2	11976.0	POINT(89 -10)	-10	89	963.0	-173.0
99600	2014-02-19 07:20:00	2014-02-19 07:26:00	2014-02-19 07:34:00	C2.0	11982.0	POINT(-56 -12)	-12	-56	-792.0	-141.0
99610	2014-02-19 10:11:00	2014-02-19 10:25:00	2014-02-19 10:31:00	C2.5		POINT(-88 13)	13	-88	-951.0	225.0
99620	2014-02-19 22:20:00	2014-02-19 22:24:00	2014-02-19 22:28:00	C1.4	11976.0	POINT(67 -13)	-13	67	876.0	-174.0
99630	2014-02-19 23:48:00	2014-02-20 00:04:00	2014-02-20 00:16:00	C4.6	11982.0	POINT(-40 -12)	-12	-40	-615.0	-78.0
99640	2014-02-20 03:15:00	2014-02-20 03:35:00	2014-02-20 03:57:00	C3.3	11982.0	POINT(-38 -14)	-14	-38	-558.0	-131.0
99650	2014-02-20 07:26:00	2014-02-20 07:56:00	2014-02-20 08:25:00	M3.0	11976.0	POINT(73 -15)	-15	73	905.0	-237.0
99660	2014-02-20 22:01:00	2014-02-20 22:34:00	2014-02-20 22:41:00	C1.6	11976.0	POINT(86 -11)	-11	86	949.0	-183.0
99670	2014-02-21 06:04:00	2014-02-21 06:08:00	2014-02-21 06:13:00	C1.5		POINT(-88 6)	6	-88	-978.0	107.0
99680	2014-02-21 11:01:00	2014-02-21 11:17:00	2014-02-21 11:36:00	C1.9	11976.0	POINT(65 -13)	-13	65	863.0	-169.0
99690	2014-02-21 13:20:00	2014-02-21 13:24:00	2014-02-21 13:27:00	C1.8		POINT(-88 6)	6	-88	-976.0	119.0
99700	2014-02-22 02:37:00	2014-02-22 02:49:00	2014-02-22 02:55:00	C1.8	11976.0	POINT(88 -13)	-13	88	962.0	-227.0
99710	2014-02-22 09:10:00	2014-02-22 09:18:00	2014-02-22 09:32:00	C1.7	11982.0	POINT(-12 -8)	-8	-12	-194.0	-33.0
99720	2014-02-22 15:07:00	2014-02-22 15:50:00	2014-02-22 16:13:00	C7.7		POINT(-88 -13)	-13	-88	-955.0	-236.0
99730	2014-02-23 05:50:00	2014-02-23 06:10:00	2014-02-23 06:36:00	M1.1		POINT(-88 -16)	-16	-88	-951.0	-275.0
99740	2014-02-23 10:26:00	2014-02-23 10:31:00	2014-02-23 10:37:00	C2.4	11989.0	POINT(-88 5)	5	-88	-969.0	100.0
99750	2014-02-23 11:43:00	2014-02-23 12:14:00	2014-02-23 12:27:00	C3.3		POINT(88 -12)	-12	88	955.0	-204.0
99760	2014-02-24 03:05:00	2014-02-24 03:13:00	2014-02-24 03:30:00	C1.5	11982.0	POINT(-87 14)	14	-87	-956.0	250.0
99770	2014-02-24 03:42:00	2014-02-24 04:00:00	2014-02-24 04:16:00	C2.4	11990.0	POINT(-88 -10)	-10	-88	-992.0	-177.0
99780	2014-02-24 04:22:00	2014-02-24 04:30:00	2014-02-24 04:34:00	C2.3	11982.0	POINT(16 -8)	-8	16	270.0	-24.0
99790	2014-02-24 11:03:00	2014-02-24 11:17:00	2014-02-24 11:42:00	M1.2	11990.0	POINT(-88 -11)	-11	-88	-958.0	-195.0
99800	2014-02-24 12:00:00	2014-02-24 12:05:00	2014-02-24 12:10:00	M1.3	11990.0	POINT(18 -12)	-12	18	296.0	-97.0
99810	2014-02-24 14:44:00	2014-02-24 14:49:00	2014-02-24 14:57:00	C5.0	11982.0	POINT(-63 -11)	-11	-63	308.0	-105.0
99820	2014-02-24 21:31:00	2014-02-24 21:37:00	2014-02-24 21:45:00	C5.1	11990.0	POINT(-83 -12)	-12	-83	-938.0	-200.0
99830	2014-02-25 00:39:00	2014-02-25 00:49:00	2014-02-25 01:03:00	X4.9	11990.0	POINT(-82 -12)	-12	-82	-924.0	-181.0
99840	2014-02-25 04:27:00	2014-02-25 04:32:00	2014-02-25 04:36:00	C5.0	11989.0	POINT(-51 8)	8	-51	-747.0	190.0
99850	2014-02-25 06:16:00	2014-02-25 06:20:00	2014-02-25 06:28:00	C4.5	11986.0	POINT(-8 12)	12	-8	-158.0	336.0
99860	2014-02-25 15:04:00	2014-02-25 15:10:00	2014-02-25 15:18:00	C5.7	11986.0	POINT(-4 12)	12	-4	-72.0	333.0
99870	2014-02-25 23:31:00	2014-02-25 23:34:00	2014-02-25 23:37:00	C2.2	11984.0	POINT(50 -19)	-19	50	700.0	-231.0
99880	2014-02-26 03:39:00	2014-02-26 03:39:00	2014-02-26 03:48:00	C3.0	11982.0	POINT(38 -11)	-11	38	603.0	-116.0
99890	2014-02-26 10:50:00	2014-02-26 10:54:00	2014-02-26 10:58:00	C1.9	11984.0	POINT(57 -18)	-18	57	771.0	-245.0
99900	2014-02-26 12:49:00	2014-02-26 12:53:00	2014-02-26 12:55:00	C1.5		POINT(-74 -23)	-23	-74	-853.0	-358.0
99910	2014-02-26 14:52:00	2014-02-26 15:01:00	2014-02-26 15:28:00	M1.1	11982.0	POINT(44 -13)	-13	44	671.0	-122.0
99920	2014-02-27 00:23:00	2014-02-27 00:53:00	2014-02-27 01:11:00	C2.0	11986.0	POINT(15 13)	13	15	242.0	339.0
99930	2014-02-27 02:37:00	2014-02-27 02:41:00	2014-02-27 02:47:00	C1.5	11991.0	POINT(-66 -24)	-24	-66	-813.0	-341.0
99940	2014-02-27 05:51:00	2014-02-27 05:57:00	2014-02-27 05:59:00	C2.3	11991.0	POINT(-64 -23)	-23	-64	-802.0	-340.0
99950	2014-02-27 07:18:00	2014-02-27 07:21:00	2014-02-27 07:24:00	C2.0	11991.0	POINT(-61 -22)	-22	-61	-35.0	1088.0
99960	2014-02-27 08:12:00	2014-02-27 08:15:00	2014-02-27 08:18:00	C1.4		POINT(-64 -23)	-23	-64	-800.0	-339.0
99970	2014-02-27 08:34:00	2014-02-27 08:38:00	2014-02-27 08:40:00	C2.1	11991.0	POINT(-61 -22)	-22	-61	-791.0	-309.0
99980	2014-02-27 09:00:00	2014-02-27 09:56:00	2014-02-27 10:00:00	C3.1	11990.0	POINT(-45 -12)	-12	-45	-681.0	-128.0
99990	2014-02-27 10:41:00	2014-02-27 10:45:00	2014-02-27 10:48:00	C5.7	11991.0	POINT(-60 -22)	-22	-60	-780.0	-309.0
100000	2014-02-27 12:24:00	2014-02-27 12:30:00	2014-02-27 12:32:00	C6.8	11991.0	POINT(-58 -22)	-22	-58	-764.0	-311.0
100010	2014-02-27 15:36:00	2014-02-27 15:39:00	2014-02-27 15:41:00	C1.8	11991.0	POINT(-57 -23)	-23	-57	524.0	-85.0
100020	2014-02-27 17:14:00	2014-02-27 17:18:00	2014-02-27 17:26:00	C1.5	11984.0	POINT(75 -16)	-16	75	896.0	-249.0
100030	2014-02-27 21:33:00	2014-02-27 22:12:00	2014-02-27 22:37:00	C4.2	11982.0	POINT(-63 -11)	-11	-63	856.0	-131.0
100040	2014-02-28 00:44:00	2014-02-28 00:48:00	2014-02-28 00:50:00	M1.1	11991.0	POINT(-53 -24)	-24	-53	-708.0	-306.0
100050	2014-02-28 02:26:00	2014-02-28 02:30:00	2014-02-28 02:33:00	C2.6	11982.0	POINT(75 -11)	-11	75	917.0	-167.0
100060	2014-02-28 03:57:00	2014-02-28 04:02:00	2014-02-28 04:04:00	C2.2	11987.0	POINT(76 -12)	-12	76	919.0	-177.0
100070	2014-02-28 09:32:00	2014-02-28 10:06:00	2014-02-28 10:33:00	C8.1	11982.0	POINT(69 -12)	-12	69	898.0	-136.0
100080	2014-02-28 12:40:00	2014-02-28 13:12:00	2014-02-28 13:38:00	C2.4	11982.0	POINT(68 -12)	-12	68	912.0	-155.0
100090	2014-02-28 17:08:00	2014-02-28 17:12:00	2014-02-28 17:15:00	C2.7	11993.0	POINT(-39 16)	16	-39	-587.0	362.0
100100	2014-02-28 22:28:00	2014-02-28 22:33:00	2014-02-28 22:38:00	C2.2	11993.0	POINT(-32 16)	16	-32	935.0	-276.0
100110	2014-03-01 00:55:00	2014-03-01 00:59:00	2014-03-01 01:02:00	C4.3	11993.0	POINT(-34 16)	16	-34	-528.0	372.0
100120	2014-03-01 04:33:00	2014-03-01 04:36:00	2014-03-01 04:38:00	C1.9	11991.0	POINT(-27 16)	16	-27	-429.0	384.0
100130	2014-03-01 13:18:00	2014-03-01 13:33:00	2014-03-01 13:40:00	M1.1	11982.0	POINT(88 -12)	-12	88	943.0	-218.0
100140	2014-03-01 15:40:00	2014-03-01 16:00:00	2014-03-01 16:09:00	C3.1	11987.0	POINT(88 -11)	-11	88	969.0	-197.0
100150	2014-03-02 00:03:00	2014-03-02 00:12:00	2014-03-02 00:19:00	C8.7	11982.0	POINT(-17 15)	15	-17	948.0	-202.0
100160	2014-03-02 01:56:00	2014-03-02 01:59:00	2014-03-02 02:03:00	C2.1	11982.0	POINT(89 -6)	-6	89	973.0	-107.0
100170	2014-03-02 03:27:00	2014-03-02 03:53:00	2014-03-02 04:18:00	C3.7	11982.0	POINT(87 -19)	-19	87	945.0	-332.0
100180	2014-03-02 11:55:00	2014-03-02 12:05:00	2014-03-02 12:14:00	C2.4	11991.0	POINT(-23 -25)	-25	-23	-320.0	-320.0
100190	2014-03-02 12:45:00	2014-03-02 12:53:00	2014-03-02 13:13:00	C2.5	11990.0	POINT(-33 -11)	-11	-33	955.0	-222.0
100200	2014-03-02 15:47:00	2014-03-02 16:45:00	2014-03-02 17:00:00	C2.5	11987.0	POINT(22 -2)	-2	22	632.0	53.0
100210	2014-03-02 18:08:00	2014-03-02 18:14:00	2014-03-02 18:21:00	C1.7	11986.0	POINT(71 16)	16	71	879.0	306.0
100220	2014-03-02 23:11:00	2014-03-02 23:19:00	2014-03-02 23:26:00	M1.1	11986.0	POINT(74 15)	15	74	903.0	276.0
100230	2014-03-03 02:20:00	2014-03-03 02:24:00	2014-03-03 02:27:00	C2.0	11989.0	POINT(26 8)	8	26	419.0	256.0
100240	2014-03-03 05:53:00	2014-03-03 05:58:00	2014-03-03 06:04:00	C3.2	11989.0	POINT(-14 -26)	-26	-14	-217.0	-318.0
100250	2014-03-03 06:49:00	2014-03-03 06:54:00	2014-03-03 06:59:00	C2.3	11986.0	POINT(-9 -82)	-82	-9	-22.0	1087.0
100260	2014-03-03 07:04:00	2014-03-03 07:09:00	2014-03-03 07:13:00	C3.3	11989.0	POINT(31 7)	7	31	-28.0	-369.0
100270	2014-03-03 09:54:00	2014-03-03 09:57:00	2014-03-03 10:00:00	C2.9	11995.0	POINT(31 7)	7	31	507.0	228.0
100280	2014-03-03 10:49:00	2014-03-03 10:53:00	2014-03-03 11:09:00	C2.0	11991.0	POINT(87 16)	16	87	935.0	279.0
100290	2014-03-03 12:22:00	2014-03-03 12:25:00	2014-03-03 12:28:00	C1.8		POINT(-50 13)	13	-50	-731.0	299.0
100300	2014-03-03 12:57:00	2014-03-03 13:21:00	2014-03-03 13:42:00	C1.4	11989.0	POINT(32 7)	7	32	518.0	231.0
100310	2014-03-03 15:54:00	2014-03-03 15:58:00	2014-03-03 16:01:00	M1.2	11989.0	POINT(36 7)	7	36	576.0	216.0
100320	2014-03-03 19:15:00	2014-03-03 19:22:00	2014-03-03 19:32:00	C1.9	11986.0	POINT(87 15)	15	87	943.0	265.0
100330	2014-03-03 21:33:00	2014-03-03 21:45:00	2014-03-03 21:53:00	C3.5		POINT(87 15)	15	87	942.0	266.0
100340	2014-03-04 00:07:00	2014-03-04 00:18:00	2014-03-04 00:25:00	C4.8		POINT(87 15)	15	87	943.0	260.0
100350	2014-03-04 00:57:00	2014-03-04 01:01:00	2014-03-04 01:09:00	C1.8		POINT(87 15)	15	87	939.0	269.0
100360	2014-03-04 04:49:00	2014-03-04 04:55:00	2014-03-04 04:59:00	C8.3	11991.0	POINT(2 -26)	-26	2	34.0	-317.0
100370	2014-03-04 06:22:00	2014-03-04 07:04:00	2014-03-04 07:23:00	C5.6	11994.0	POINT(39 10)	10	39	605.0	261.0
100380	2014-03-04 08:27:00	2014-03-04 08:32:00	2014-03-04 08:35:00	C2.7	11991.0	POINT(0 -25)	-25	0	-2.0	-303.0
100390	2014-03-04 09:57:00	2014-03-04 10:02:00	2014-03-04 10:10:00	C1.6		POINT(87 16)	16	87	938.0	278.0
100400	2014-03-04 10:19:00	2014-03-04 10:25:00	2014-03-04 10:29:00	C4.4	11991.0	POINT(1 -26)	-26	1	17.0	-317.0
100410	2014-03-04 11:17:00	2014-03-04 11:24:00	2014-03-04 11:38:00	C7.6		POINT(88 12)	12	88	949.0	216.0
100420	2014-03-04 18:04:00	2014-03-04 18:35:00	2014-03-04 19:13:00	C5.5		POINT(88 12)	12	88	957.0	208.0
100430	2014-03-04 21:46:00	2014-03-04 21:51:00	2014-03-04 21:54:00	C3.2	11991.0	POINT(6 -27)	-27	6	90.0	-344.0
100440	2014-03-05 00:10:00	2014-03-05 00:16:00	2014-03-05 00:19:00	C4.8	11991.0	POINT(7 -27)	-27	7	110.0	-339.0
100450	2014-03-05 01:52:00	2014-03-05 01:58:00	2014-03-05 02:01:00	C2.8	11991.0	POINT(8 -27)	-27	8	122.0	-338.0
100460	2014-03-05 02:06:00	2014-03-05 02:10:00	2014-03-05 02:12:00	M1.0	11991.0	POINT(8 -27)	-27	8	125.0	-330.0
100470	2014-03-05 04:27:00	2014-03-05 04:30:00	2014-03-05 05:20:00	C1.8		POINT(9 -28)	-28	9	143.0	-346.0
100480	2014-03-05 09:58:00	2014-03-05 10:01:00	2014-03-05 10:04:00	C1.1		POINT(-65 -10)	-10	-65	-864.0	-124.0
100490	2014-03-05 12:57:00	2014-03-05 13:01:00	2014-03-05 13:05:00	C2.0	11990.0	POINT(36 -15)	-15	36	551.0	-159.0
100500	2014-03-05 17:32:00	2014-03-05 17:40:00	2014-03-05 17:50:00	C1.6	11996.0	POINT(-21 13)	13	-21	-351.0	348.0
100510	2014-03-05 23:05:00	2014-03-05 23:09:00	2014-03-05 23:15:00	C1.3	11990.0	POINT(44 -11)	-11	44	671.0	-110.0
100520	2014-03-06 03:53:00	2014-03-06 03:57:00	2014-03-06 04:02:00	C1.5	11993.0	POINT(36 15)	15	36	544.0	353.0
100530	2014-03-07 18:14:00	2014-03-07 18:57:00	2014-03-07 19:17:00	C2.1	11995.0	POINT(79 -16)	-16	79	913.0	-250.0
100540	2014-03-07 20:31:00	2014-03-07 20:36:00	2014-03-07 20:39:00	B7.6		POINT(-27 -9)	-9	-27	-448.0	-51.0
100550	2014-03-07 23:56:00	2014-03-08 00:07:00	2014-03-08 00:20:00	C3.4	12002.0	POINT(-81 -18)	-18	-81	-906.0	-284.0
100560	2014-03-08 04:29:00	2014-03-08 04:38:00	2014-03-08 04:56:00	C1.0	12002.0	POINT(-77 -19)	-19	-77	-891.0	-286.0
100570	2014-03-08 05:41:00	2014-03-08 05:44:00	2014-03-08 05:47:00	C1.6	11991.0	POINT(56 -27)	-27	56	719.0	-379.0
100580	2014-03-08 10:55:00	2014-03-08 10:58:00	2014-03-08 11:06:00	C1.0		POINT(-89 -7)	-7	-89	-978.0	-122.0
100590	2014-03-08 17:54:00	2014-03-08 18:00:00	2014-03-08 18:15:00	C2.0	12002.0	POINT(-67 -20)	-20	-67	-851.0	-263.0
100600	2014-03-08 23:26:00	2014-03-08 23:41:00	2014-03-08 23:50:00	M1.4	12002.0	POINT(-64 -18)	-18	-64	-828.0	-251.0
100610	2014-03-09 00:35:00	2014-03-09 00:46:00	2014-03-09 00:51:00	C2.8	12002.0	POINT(-65 -18)	-18	-65	-837.0	-257.0
100620	2014-03-09 01:59:00	2014-03-09 02:17:00	2014-03-09 02:28:00	C3.0	12002.0	POINT(-64 -19)	-19	-64	-833.0	-258.0
100630	2014-03-09 04:41:00	2014-03-09 04:48:00	2014-03-09 04:52:00	C6.5	12002.0	POINT(-62 -19)	-19	-62	-817.0	-250.0
100640	2014-03-09 06:36:00	2014-03-09 07:04:00	2014-03-09 07:22:00	C4.8	12002.0	POINT(-62 -16)	-16	-62	-34.0	1085.0
100650	2014-03-09 10:01:00	2014-03-09 10:20:00	2014-03-09 10:28:00	C2.1	11996.0	POINT(31 13)	13	31	469.0	342.0
100660	2014-03-09 10:39:00	2014-03-09 10:45:00	2014-03-09 10:49:00	C1.9	12002.0	POINT(-58 -18)	-18	-58	-786.0	-245.0
100670	2014-03-09 12:36:00	2014-03-09 12:41:00	2014-03-09 12:44:00	C1.3	11996.0	POINT(32 12)	12	32	493.0	335.0
100680	2014-03-09 13:26:00	2014-03-09 13:32:00	2014-03-09 13:38:00	C7.1	12002.0	POINT(-56 -18)	-18	-56	-767.0	-239.0
100690	2014-03-09 13:27:00	2014-03-09 13:57:00	2014-03-09 14:25:00	M1.0	12002.0	POINT(-58 -17)	-17	-58	-755.0	-231.0
100700	2014-03-09 14:33:00	2014-03-09 14:42:00	2014-03-09 14:47:00	C7.7	12002.0	POINT(-56 -18)	-18	-56	-764.0	-236.0
100710	2014-03-09 16:40:00	2014-03-09 16:43:00	2014-03-09 16:52:00	C2.1	12002.0	POINT(-54 -18)	-18	-54	-748.0	-240.0
100720	2014-03-09 18:15:00	2014-03-09 18:18:00	2014-03-09 18:27:00	C1.6	12002.0	POINT(-56 -21)	-21	-56	-731.0	-228.0
100730	2014-03-09 20:13:00	2014-03-09 20:28:00	2014-03-09 20:35:00	M1.0	12002.0	POINT(-54 -19)	-19	-54	-737.0	-239.0
100740	2014-03-09 22:04:00	2014-03-09 22:10:00	2014-03-09 22:27:00	C2.6	12002.0	POINT(-53 -19)	-19	-53	-737.0	-247.0
100750	2014-03-09 22:19:00	2014-03-09 22:44:00	2014-03-09 22:56:00	C5.2	12002.0	POINT(-52 -19)	-19	-52	-721.0	-231.0
100760	2014-03-09 23:47:00	2014-03-09 23:51:00	2014-03-09 23:55:00	C2.7	12002.0	POINT(-52 -18)	-18	-52	-722.0	-238.0
100770	2014-03-10 00:19:00	2014-03-10 00:26:00	2014-03-10 00:33:00	M1.1	12002.0	POINT(-52 -19)	-19	-52	-720.0	-237.0
100780	2014-03-10 01:44:00	2014-03-10 01:47:00	2014-03-10 01:50:00	C3.7	12002.0	POINT(-51 -18)	-18	-51	-717.0	-239.0
100790	2014-03-10 04:02:00	2014-03-10 04:08:00	2014-03-10 04:13:00	M1.0	12002.0	POINT(-48 -18)	-18	-48	-687.0	-227.0
100800	2014-03-10 06:14:00	2014-03-10 06:24:00	2014-03-10 06:30:00	C2.2	11996.0	POINT(40 13)	13	40	626.0	328.0
100810	2014-03-10 07:29:00	2014-03-10 07:47:00	2014-03-10 08:06:00	C3.9	11996.0	POINT(39 16)	16	39	618.0	388.0
100820	2014-03-10 10:32:00	2014-03-10 10:43:00	2014-03-10 11:02:00	C6.1	12002.0	POINT(-44 -17)	-17	-44	-645.0	-213.0
100830	2014-03-10 11:29:00	2014-03-10 11:42:00	2014-03-10 11:49:00	C6.0	11996.0	POINT(47 12)	12	47	-648.0	-223.0
100840	2014-03-10 13:42:00	2014-03-10 13:50:00	2014-03-10 14:51:00	C2.8	12002.0	POINT(-43 -18)	-18	-43	-615.0	-241.0
100850	2014-03-10 15:21:00	2014-03-10 15:28:00	2014-03-10 15:32:00	M1.7	12002.0	POINT(-41 -17)	-17	-41	-605.0	-207.0
100860	2014-03-10 18:09:00	2014-03-10 18:25:00	2014-03-10 18:38:00	C5.6	11996.0	POINT(48 14)	14	48	698.0	314.0
100870	2014-03-10 20:22:00	2014-03-10 21:14:00	2014-03-10 21:19:00	C3.5	11996.0	POINT(49 14)	14	49	714.0	314.0
100880	2014-03-10 22:45:00	2014-03-10 23:00:00	2014-03-10 23:12:00	M1.4	11996.0	POINT(51 14)	14	51	716.0	311.0
100890	2014-03-11 03:44:00	2014-03-11 03:50:00	2014-03-11 04:29:00	M3.5	11996.0	POINT(55 13)	13	55	747.0	312.0
100900	2014-03-11 06:02:00	2014-03-11 06:05:00	2014-03-11 06:08:00	C2.4	12002.0	POINT(-62 -7)	-7	-62	-849.0	-65.0
100910	2014-03-11 10:07:00	2014-03-11 10:17:00	2014-03-11 10:21:00	C6.7		POINT(86 -25)	-25	86	875.0	-423.0
100920	2014-03-11 11:58:00	2014-03-11 12:07:00	2014-03-11 12:14:00	M1.7	11991.0	POINT(86 -25)	-25	86	875.0	-422.0
100930	2014-03-11 15:47:00	2014-03-11 16:23:00	2014-03-11 17:07:00	C9.7	12002.0	POINT(-31 -18)	-18	-31	-444.0	-202.0
100940	2014-03-11 19:12:00	2014-03-11 19:46:00	2014-03-11 20:02:00	C8.0		POINT(-26 -19)	-19	-26	-450.0	-249.0
100950	2014-03-11 21:40:00	2014-03-11 21:56:00	2014-03-11 22:12:00	C6.9	11996.0	POINT(68 17)	17	68	835.0	292.0
100960	2014-03-11 23:52:00	2014-03-11 23:57:00	2014-03-12 00:03:00	C2.2	12002.0	POINT(-26 -19)	-19	-26	-403.0	-216.0
100970	2014-03-12 02:30:00	2014-03-12 02:51:00	2014-03-12 03:28:00	C1.4	12002.0	POINT(65 14)	14	65	851.0	282.0
100980	2014-03-12 07:21:00	2014-03-12 07:57:00	2014-03-12 08:10:00	C7.2	11996.0	POINT(69 12)	12	69	871.0	290.0
100990	2014-03-12 10:55:00	2014-03-12 11:05:00	2014-03-12 11:11:00	M2.5	11996.0	POINT(69 13)	13	69	879.0	285.0
101000	2014-03-12 17:20:00	2014-03-12 17:40:00	2014-03-12 17:54:00	C5.3	11996.0	POINT(74 16)	16	74	905.0	278.0
101010	2014-03-12 22:28:00	2014-03-12 22:34:00	2014-03-12 22:39:00	M9.3	11996.0	POINT(78 15)	15	78	908.0	269.0
101020	2014-03-13 13:39:00	2014-03-13 13:44:00	2014-03-13 13:51:00	C1.7	12003.0	POINT(47 4)	4	47	682.0	195.0
101030	2014-03-13 17:09:00	2014-03-13 17:15:00	2014-03-13 17:24:00	C1.7	12003.0	POINT(47 6)	6	47	707.0	191.0
101040	2014-03-13 19:03:00	2014-03-13 19:19:00	2014-03-13 19:30:00	M1.2	11996.0	POINT(87 15)	15	87	939.0	263.0
101050	2014-03-14 03:02:00	2014-03-14 03:20:00	2014-03-14 03:33:00	C4.1	11996.0	POINT(87 14)	14	87	950.0	245.0
101060	2014-03-14 04:29:00	2014-03-14 04:33:00	2014-03-14 04:36:00	C2.4	11996.0	POINT(87 15)	15	87	935.0	258.0
101070	2014-03-14 05:46:00	2014-03-14 05:52:00	2014-03-14 05:58:00	C4.7	12003.0	POINT(54 3)	3	54	770.0	138.0
101080	2014-03-14 08:32:00	2014-03-14 10:21:00	2014-03-14 10:42:00	C5.0	11996.0	POINT(87 15)	15	87	940.0	260.0
101090	2014-03-15 00:20:00	2014-03-15 00:26:00	2014-03-15 00:30:00	C3.1	12002.0	POINT(14 -21)	-21	14	223.0	-239.0
101100	2014-03-15 02:52:00	2014-03-15 02:56:00	2014-03-15 03:02:00	C1.5	12003.0	POINT(67 2)	2	67	889.0	92.0
101110	2014-03-15 03:18:00	2014-03-15 03:21:00	2014-03-15 03:30:00	C1.3	12003.0	POINT(67 7)	7	67	884.0	174.0
101120	2014-03-15 05:08:00	2014-03-15 05:13:00	2014-03-15 05:20:00	C1.3	12003.0	POINT(67 7)	7	67	885.0	173.0
101130	2014-03-15 09:30:00	2014-03-15 09:40:00	2014-03-15 09:55:00	C5.0	12003.0	POINT(71 4)	4	71	913.0	116.0
101140	2014-03-15 14:31:00	2014-03-15 14:37:00	2014-03-15 14:44:00	C1.2	11998.0	POINT(-71 -11)	-11	-71	784.0	-208.0
101150	2014-03-15 17:06:00	2014-03-15 17:15:00	2014-03-15 17:33:00	C6.1	12003.0	POINT(72 5)	5	72	929.0	106.0
101160	2014-03-16 05:57:00	2014-03-16 06:04:00	2014-03-16 06:13:00	C1.9	11998.0	POINT(67 -16)	-16	67	854.0	-224.0
101170	2014-03-16 06:37:00	2014-03-16 06:45:00	2014-03-16 06:52:00	C7.3	12003.0	POINT(80 4)	4	80	-33.0	1083.0
101180	2014-03-16 08:06:00	2014-03-16 08:13:00	2014-03-16 08:13:00	C2.2	12005.0	POINT(-42 14)	14	-42	-612.0	346.0
101190	2014-03-16 21:16:00	2014-03-16 21:20:00	2014-03-16 21:22:00	C1.4	12002.0	POINT(33 -21)	-21	33	500.0	-251.0
101200	2014-03-17 00:41:00	2014-03-17 00:45:00	2014-03-17 00:48:00	C2.0	12002.0	POINT(35 -20)	-20	35	521.0	-249.0
101210	2014-03-17 02:56:00	2014-03-17 03:00:00	2014-03-17 03:02:00	C1.0	12006.0	POINT(85 10)	10	85	944.0	186.0
101220	2014-03-17 03:06:00	2014-03-17 03:10:00	2014-03-17 03:13:00	C1.7	12002.0	POINT(37 -21)	-21	37	537.0	-254.0
101230	2014-03-17 08:24:00	2014-03-17 08:29:00	2014-03-17 08:31:00	C1.5	12006.0	POINT(88 11)	11	88	953.0	191.0
101240	2014-03-17 08:55:00	2014-03-17 09:04:00	2014-03-17 09:13:00	C1.8	12002.0	POINT(38 -22)	-22	38	575.0	-255.0
101250	2014-03-17 12:41:00	2014-03-17 13:00:00	2014-03-17 13:23:00	C1.2	12010.0	POINT(-80 -13)	-13	-80	-923.0	-203.0
101260	2014-03-17 23:03:00	2014-03-17 23:12:00	2014-03-17 23:22:00	C1.8	12010.0	POINT(-69 -15)	-15	-69	-875.0	-211.0
101270	2014-03-18 04:56:00	2014-03-18 05:06:00	2014-03-18 05:15:00	C3.4	12010.0	POINT(-66 -15)	-15	-66	-857.0	-204.0
101280	2014-03-18 06:07:00	2014-03-18 06:10:00	2014-03-18 06:12:00	C1.0	12002.0	POINT(53 -19)	-19	53	731.0	-245.0
101290	2014-03-18 12:19:00	2014-03-18 12:33:00	2014-03-18 12:48:00	C1.0		POINT(-64 -15)	-15	-64	-839.0	-201.0
101300	2014-03-18 15:26:00	2014-03-18 15:33:00	2014-03-18 15:46:00	C4.7	12010.0	POINT(-60 -17)	-17	-60	-815.0	-192.0
101310	2014-03-18 22:45:00	2014-03-18 22:52:00	2014-03-18 22:58:00	C4.7	12010.0	POINT(-56 -17)	-17	-56	-785.0	-188.0
101320	2014-03-19 03:37:00	2014-03-19 03:44:00	2014-03-19 03:51:00	C1.8	12010.0	POINT(-55 -15)	-15	-55	-764.0	-194.0
101330	2014-03-19 06:27:00	2014-03-19 06:52:00	2014-03-19 07:16:00	C1.7	12010.0	POINT(9 12)	12	9	148.0	317.0
101340	2014-03-19 07:26:00	2014-03-19 07:34:00	2014-03-19 07:39:00	C9.9	12010.0	POINT(-52 -15)	-15	-52	-732.0	-189.0
101350	2014-03-19 11:07:00	2014-03-19 11:11:00	2014-03-19 11:15:00	C1.2	12010.0	POINT(-49 -15)	-15	-49	-713.0	-188.0
101360	2014-03-19 11:19:00	2014-03-19 11:26:00	2014-03-19 11:43:00	C4.2	12010.0	POINT(-49 -15)	-15	-49	-706.0	-188.0
101370	2014-03-19 12:42:00	2014-03-19 12:46:00	2014-03-19 12:48:00	C1.6	12014.0	POINT(-84 -10)	-10	-84	-944.0	-181.0
101380	2014-03-19 12:49:00	2014-03-19 12:53:00	2014-03-19 12:56:00	C3.3	12014.0	POINT(-89 -10)	-10	-89	-947.0	-172.0
101390	2014-03-19 14:41:00	2014-03-19 14:41:00	2014-03-19 14:44:00	C1.8	12014.0	POINT(-82 -15)	-15	-82	-936.0	-176.0
101400	2014-03-19 16:20:00	2014-03-19 16:24:00	2014-03-19 16:32:00	C3.3	12014.0	POINT(-78 -12)	-12	-78	-938.0	-190.0
101410	2014-03-19 18:41:00	2014-03-19 18:44:00	2014-03-19 18:51:00	C2.2	12010.0	POINT(-44 -15)	-15	-44	191.0	360.0
101420	2014-03-19 19:39:00	2014-03-19 19:50:00	2014-03-19 19:55:00	C3.1	12014.0	POINT(-76 -12)	-12	-76	-939.0	-180.0
101430	2014-03-20 00:19:00	2014-03-20 00:29:00	2014-03-20 00:37:00	C2.0	12014.0	POINT(-78 -11)	-11	-78	-924.0	-170.0
101440	2014-03-20 01:52:00	2014-03-20 01:57:00	2014-03-20 02:02:00	C8.3	12014.0	POINT(-75 -11)	-11	-75	-913.0	-164.0
101450	2014-03-20 02:35:00	2014-03-20 02:38:00	2014-03-20 02:40:00	C2.4		POINT(-74 -11)	-11	-74	-912.0	-156.0
101460	2014-03-20 03:42:00	2014-03-20 03:56:00	2014-03-20 04:08:00	M1.7	12010.0	POINT(-76 -12)	-12	-76	-918.0	-174.0
101470	2014-03-20 08:10:00	2014-03-20 08:38:00	2014-03-20 08:46:00	C2.7	12014.0	POINT(-71 -11)	-11	-71	-9.0	1083.0
101480	2014-03-20 13:48:00	2014-03-20 13:52:00	2014-03-20 13:54:00	C2.9	12014.0	POINT(-69 -12)	-12	-69	-878.0	-174.0
101490	2014-03-20 16:03:00	2014-03-20 16:05:00	2014-03-20 16:13:00	C1.2	12014.0	POINT(-66 -12)	-12	-66	-876.0	-177.0
101500	2014-03-21 09:51:00	2014-03-21 10:38:00	2014-03-21 11:06:00	C2.7	12013.0	POINT(-40 18)	18	-40	-584.0	384.0
101510	2014-03-21 11:31:00	2014-03-21 11:37:00	2014-03-21 11:42:00	C1.8	12014.0	POINT(-56 -13)	-13	-56	-784.0	-159.0
101520	2014-03-21 12:18:00	2014-03-21 12:19:00	2014-03-21 12:20:00	C1.3	12014.0	POINT(40 12)	12	40	614.0	287.0
101530	2014-03-21 15:50:00	2014-03-21 16:05:00	2014-03-21 16:29:00	C1.0	12008.0	POINT(14 -11)	-11	14	234.0	-71.0
101540	2014-03-21 17:57:00	2014-03-21 18:12:00	2014-03-21 18:19:00	C1.2	12014.0	POINT(-53 -13)	-13	-53	-752.0	-156.0
101550	2014-03-21 22:20:00	2014-03-21 22:24:00	2014-03-21 22:26:00	C1.5	12008.0	POINT(21 -9)	-9	21	344.0	-46.0
101560	2014-03-22 06:58:00	2014-03-22 07:02:00	2014-03-22 07:05:00	M1.1	12011.0	POINT(71 -10)	-10	71	892.0	-121.0
101570	2014-03-22 08:50:00	2014-03-22 09:25:00	2014-03-22 10:04:00	C4.8	12005.0	POINT(48 15)	15	48	696.0	331.0
101580	2014-03-22 12:59:00	2014-03-22 13:03:00	2014-03-22 13:06:00	C1.4	12015.0	POINT(21 -14)	-14	21	351.0	-138.0
101590	2014-03-22 16:55:00	2014-03-22 17:24:00	2014-03-22 17:50:00	C1.9	12008.0	POINT(30 -9)	-9	30	482.0	-59.0
101600	2014-03-22 19:38:00	2014-03-22 19:48:00	2014-03-22 20:02:00	C1.1	12010.0	POINT(-2 -14)	-14	-2	-41.0	-134.0
101610	2014-03-22 20:04:00	2014-03-22 20:10:00	2014-03-22 20:15:00	C1.3	12010.0	POINT(-64 10)	10	-64	-855.0	222.0
101620	2014-03-22 20:54:00	2014-03-22 21:10:00	2014-03-22 21:28:00	C1.5	12014.0	POINT(-38 -13)	-13	-38	-586.0	-133.0
101630	2014-03-23 01:20:00	2014-03-23 01:26:00	2014-03-23 01:32:00	C1.7	12017.0	POINT(-60 9)	9	-60	-825.0	216.0
101640	2014-03-23 01:38:00	2014-03-23 01:45:00	2014-03-23 01:53:00	C1.4	12017.0	POINT(-61 9)	9	-61	-839.0	213.0
101650	2014-03-23 02:27:00	2014-03-23 02:37:00	2014-03-23 02:45:00	C3.1	12014.0	POINT(-34 -13)	-13	-34	-541.0	-132.0
101660	2014-03-23 03:05:00	2014-03-23 03:48:00	2014-03-23 04:30:00	C5.0	12014.0	POINT(-40 -12)	-12	-40	-647.0	-89.0
101670	2014-03-23 05:35:00	2014-03-23 05:47:00	2014-03-23 05:52:00	C2.6	12017.0	POINT(-58 11)	11	-58	-806.0	248.0
101680	2014-03-23 08:01:00	2014-03-23 09:04:00	2014-03-23 09:31:00	C2.9	12010.0	POINT(6 -14)	-14	6	72.0	-150.0
101690	2014-03-23 10:32:00	2014-03-23 10:57:00	2014-03-23 11:01:00	C1.5	12010.0	POINT(41 -9)	-9	41	635.0	-68.0
101700	2014-03-23 11:13:00	2014-03-23 11:19:00	2014-03-23 11:27:00	C2.3	12014.0	POINT(-31 -13)	-13	-31	-492.0	-119.0
101710	2014-03-23 13:03:00	2014-03-23 13:11:00	2014-03-23 13:23:00	C1.1	12010.0	POINT(9 -12)	-12	9	147.0	-98.0
101720	2014-03-23 14:09:00	2014-03-23 14:48:00	2014-03-23 14:55:00	C1.3	12017.0	POINT(-54 10)	10	-54	-773.0	234.0
101730	2014-03-23 18:37:00	2014-03-23 18:41:00	2014-03-23 18:45:00	C1.3	12017.0	POINT(-51 11)	11	-51	-736.0	255.0
101740	2014-03-23 20:08:00	2014-03-23 20:12:00	2014-03-23 20:19:00	C1.5	12010.0	POINT(11 -13)	-13	11	195.0	-113.0
101750	2014-03-23 22:35:00	2014-03-23 22:39:00	2014-03-23 22:45:00	C1.5	12010.0	POINT(12 -15)	-15	12	200.0	-146.0
101760	2014-03-23 23:33:00	2014-03-24 00:10:00	2014-03-24 00:51:00	C4.5	12014.0	POINT(-25 -11)	-11	-25	-402.0	-81.0
101770	2014-03-24 02:42:00	2014-03-24 02:47:00	2014-03-24 02:49:00	C3.5	12015.0	POINT(16 -12)	-12	16	271.0	-104.0
101780	2014-03-24 11:33:00	2014-03-24 11:57:00	2014-03-24 12:33:00	C2.3	12014.0	POINT(-19 -11)	-11	-19	390.0	-67.0
101790	2014-03-24 13:41:00	2014-03-24 13:46:00	2014-03-24 13:52:00	C2.0	12014.0	POINT(-17 -14)	-14	-17	-284.0	-106.0
101800	2014-03-24 14:29:00	2014-03-24 14:45:00	2014-03-24 14:53:00	C1.9	12014.0	POINT(-17 -14)	-14	-17	-282.0	-98.0
101810	2014-03-25 05:21:00	2014-03-25 05:29:00	2014-03-25 05:44:00	C1.4	12015.0	POINT(58 -14)	-14	58	794.0	-182.0
101820	2014-03-25 06:07:00	2014-03-25 06:10:00	2014-03-25 06:12:00	C1.2	12010.0	POINT(27 -14)	-14	27	431.0	-144.0
101830	2014-03-25 08:05:00	2014-03-25 08:08:00	2014-03-25 08:11:00	C1.1	12010.0	POINT(28 -14)	-14	28	448.0	-141.0
101840	2014-03-25 23:45:00	2014-03-25 23:56:00	2014-03-26 00:05:00	C1.0		POINT(-77 21)	21	-77	-876.0	368.0
101850	2014-03-26 00:35:00	2014-03-26 00:54:00	2014-03-26 01:03:00	C1.1	12010.0	POINT(42 -14)	-14	42	626.0	-145.0
101860	2014-03-26 03:18:00	2014-03-26 03:26:00	2014-03-26 03:39:00	C1.4		POINT(-84 -12)	-12	-84	-935.0	-192.0
101870	2014-03-26 06:57:00	2014-03-26 07:01:00	2014-03-26 07:04:00	B8.7		POINT(13 -12)	-12	13	212.0	-102.0
101880	2014-03-26 09:57:00	2014-03-26 10:01:00	2014-03-26 10:10:00	C1.1	12010.0	POINT(46 -15)	-15	46	670.0	-150.0
101890	2014-03-26 10:59:00	2014-03-26 11:02:00	2014-03-26 11:04:00	C1.5	12014.0	POINT(15 -12)	-12	15	257.0	-106.0
101900	2014-03-26 21:18:00	2014-03-26 21:31:00	2014-03-26 21:34:00	C1.2	12010.0	POINT(52 -13)	-13	52	707.0	-170.0
101910	2014-03-26 22:03:00	2014-03-26 22:06:00	2014-03-26 22:12:00	C1.1	12010.0	POINT(82 -12)	-12	82	933.0	-185.0
101920	2014-03-27 00:27:00	2014-03-27 00:37:00	2014-03-27 00:41:00	C1.3	12010.0	POINT(51 -14)	-14	51	735.0	-167.0
101930	2014-03-27 20:20:00	2014-03-27 20:29:00	2014-03-27 20:38:00	C4.8	12010.0	POINT(66 -13)	-13	66	842.0	-169.0
101940	2014-03-28 12:55:00	2014-03-28 13:12:00	2014-03-28 13:15:00	C1.1	12017.0	POINT(-57 12)	12	-57	284.0	288.0
101950	2014-03-28 16:03:00	2014-03-28 16:10:00	2014-03-28 16:13:00	C1.0	12017.0	POINT(19 11)	11	19	311.0	290.0
101960	2014-03-28 17:30:00	2014-03-28 17:41:00	2014-03-28 17:47:00	C1.2	12017.0	POINT(20 11)	11	20	335.0	292.0
101970	2014-03-28 17:56:00	2014-03-28 17:59:00	2014-03-28 18:06:00	C2.3	12017.0	POINT(21 10)	10	21	338.0	286.0
101980	2014-03-28 19:04:00	2014-03-28 19:18:00	2014-03-28 19:27:00	M2.0	12017.0	POINT(21 11)	11	21	334.0	285.0
101990	2014-03-28 20:57:00	2014-03-28 21:00:00	2014-03-28 21:08:00	C1.0	12010.0	POINT(64 -15)	-15	64	839.0	-209.0
102000	2014-03-28 23:14:00	2014-03-28 23:24:00	2014-03-28 23:30:00	C1.0	12017.0	POINT(23 11)	11	23	365.0	299.0
102010	2014-03-28 23:44:00	2014-03-28 23:51:00	2014-03-28 23:58:00	M2.6	12017.0	POINT(22 10)	10	22	368.0	278.0
102020	2014-03-29 01:54:00	2014-03-29 02:11:00	2014-03-29 02:45:00	C2.4	12024.0	POINT(-36 18)	18	-36	-546.0	375.0
102030	2014-03-29 04:06:00	2014-03-29 04:14:00	2014-03-29 04:20:00	C1.0	12010.0	POINT(68 -16)	-16	68	862.0	-226.0
102040	2014-03-29 05:00:00	2014-03-29 05:02:00	2014-03-29 05:04:00	C1.0	12010.0	POINT(84 -15)	-15	84	923.0	-237.0
102050	2014-03-29 05:57:00	2014-03-29 06:14:00	2014-03-29 06:20:00	C1.4	12010.0	POINT(85 -13)	-13	85	932.0	-206.0
102060	2014-03-29 07:50:00	2014-03-29 08:00:00	2014-03-29 08:18:00	C2.1	12017.0	POINT(27 9)	9	27	442.0	283.0
102070	2014-03-29 09:53:00	2014-03-29 10:00:00	2014-03-29 10:07:00	C1.4	12017.0	POINT(26 9)	9	26	899.0	-218.0
102080	2014-03-29 10:48:00	2014-03-29 10:59:00	2014-03-29 11:13:00	C1.7	12017.0	POINT(29 10)	10	29	457.0	281.0
102090	2014-03-29 11:31:00	2014-03-29 11:34:00	2014-03-29 11:37:00	C1.2	12023.0	POINT(71 -18)	-18	71	878.0	-234.0
102100	2014-03-29 12:41:00	2014-03-29 12:48:00	2014-03-29 12:53:00	C1.5	12017.0	POINT(31 9)	9	31	498.0	282.0
102110	2014-03-29 13:18:00	2014-03-29 13:18:00	2014-03-29 13:25:00	C1.0	12017.0	POINT(31 10)	10	31	933.0	-227.0
102120	2014-03-29 14:26:00	2014-03-29 14:32:00	2014-03-29 14:37:00	C3.3	12017.0	POINT(28 9)	9	28	431.0	265.0
102130	2014-03-29 16:20:00	2014-03-29 16:24:00	2014-03-29 16:26:00	C1.1	12017.0	POINT(34 11)	11	34	831.0	-167.0
102140	2014-03-29 17:35:00	2014-03-29 17:48:00	2014-03-29 17:54:00	X1.0	12017.0	POINT(32 11)	11	32	515.0	263.0
102150	2014-03-29 19:39:00	2014-03-29 19:42:00	2014-03-29 19:47:00	C1.1	12026.0	POINT(-88 -12)	-12	-88	-942.0	-209.0
102160	2014-03-29 21:41:00	2014-03-29 22:48:00	2014-03-29 23:45:00	C2.1	12014.0	POINT(62 -11)	-11	62	834.0	-143.0
102170	2014-03-30 04:20:00	2014-03-30 04:26:00	2014-03-30 04:34:00	C1.3	12026.0	POINT(-88 -11)	-11	-88	-954.0	-200.0
102180	2014-03-30 05:02:00	2014-03-30 05:04:00	2014-03-30 05:06:00	C2.1	12026.0	POINT(-88 -11)	-11	-88	-955.0	-194.0
102190	2014-03-30 05:47:00	2014-03-30 05:55:00	2014-03-30 06:24:00	C1.3	12026.0	POINT(-89 -8)	-8	-89	-963.0	-137.0
102200	2014-03-30 07:10:00	2014-03-30 07:18:00	2014-03-30 07:23:00	C1.0	12014.0	POINT(67 -12)	-12	67	865.0	-162.0
102210	2014-03-30 07:26:00	2014-03-30 07:31:00	2014-03-30 07:35:00	C1.0	12014.0	POINT(9 -25)	-25	9	137.0	-317.0
102220	2014-03-30 08:07:00	2014-03-30 08:26:00	2014-03-30 08:31:00	C1.2	12023.0	POINT(37 12)	12	37	570.0	293.0
102230	2014-03-30 11:47:00	2014-03-30 11:50:00	2014-03-30 12:24:00	M2.1	12017.0	POINT(43 8)	8	43	646.0	247.0
102240	2014-03-30 17:46:00	2014-03-30 18:00:00	2014-03-30 18:09:00	C1.5	12026.0	POINT(-88 -11)	-11	-88	-951.0	-200.0
102250	2014-03-30 18:20:00	2014-03-30 18:24:00	2014-03-30 18:30:00	C1.5	12026.0	POINT(-89 -9)	-9	-89	-946.0	-164.0
102260	2014-03-30 19:48:00	2014-03-30 20:01:00	2014-03-30 20:14:00	C1.2	12026.0	POINT(-88 -11)	-11	-88	-947.0	-197.0
102270	2014-03-30 21:10:00	2014-03-30 21:15:00	2014-03-30 21:17:00	C7.6	12017.0	POINT(47 10)	10	47	695.0	250.0
102280	2014-03-30 22:14:00	2014-03-30 22:20:00	2014-03-30 22:28:00	C2.9	12026.0	POINT(-82 -10)	-10	-82	-937.0	-153.0
102290	2014-03-31 01:36:00	2014-03-31 01:41:00	2014-03-31 01:45:00	C1.9	12026.0	POINT(-79 -10)	-10	-79	-929.0	-156.0
102300	2014-03-31 04:01:00	2014-03-31 04:11:00	2014-03-31 04:29:00	C3.3	12014.0	POINT(71 -13)	-13	71	905.0	-179.0
102310	2014-03-31 07:20:00	2014-03-31 08:07:00	2014-03-31 08:18:00	M1.4	12014.0	POINT(76 -13)	-13	76	911.0	-194.0
102320	2014-03-31 14:05:00	2014-03-31 14:15:00	2014-03-31 14:21:00	C3.6	12026.0	POINT(-72 -9)	-9	-72	-910.0	-176.0
102330	2014-03-31 20:34:00	2014-03-31 20:37:00	2014-03-31 20:41:00	C1.2	12026.0	POINT(-89 -5)	-5	-89	-956.0	-90.0
102340	2014-03-31 22:45:00	2014-03-31 22:49:00	2014-03-31 22:56:00	C1.2	12017.0	POINT(88 -13)	-13	88	942.0	-218.0
102350	2014-03-31 23:08:00	2014-03-31 23:11:00	2014-03-31 23:13:00	C1.2	12026.0	POINT(-86 -5)	-5	-86	-953.0	-81.0
102360	2014-04-01 00:43:00	2014-04-01 00:50:00	2014-04-01 00:55:00	C3.3	12022.0	POINT(-30 16)	16	-30	-471.0	369.0
102370	2014-04-01 04:45:00	2014-04-01 04:48:00	2014-04-01 04:50:00	B9.4	12014.0	POINT(-9 -12)	-12	-9	-150.0	-109.0
102380	2014-04-01 17:12:00	2014-04-01 17:15:00	2014-04-01 17:17:00	C1.2	12026.0	POINT(-53 -11)	-11	-53	-758.0	-126.0
102390	2014-04-01 18:36:00	2014-04-01 18:41:00	2014-04-01 18:45:00	C1.2		POINT(-77 10)	10	-77	-922.0	199.0
102400	2014-04-01 19:30:00	2014-04-01 19:38:00	2014-04-01 19:48:00	C2.7	12022.0	POINT(-18 16)	16	-18	-291.0	371.0
102410	2014-04-01 20:28:00	2014-04-01 20:32:00	2014-04-01 20:34:00	C2.9	12029.0	POINT(-56 -9)	-9	-56	-789.0	-101.0
102420	2014-04-01 22:22:00	2014-04-01 22:30:00	2014-04-01 22:30:00	C2.5	12027.0	POINT(-76 10)	10	-76	-917.0	201.0
102430	2014-04-01 23:32:00	2014-04-01 23:35:00	2014-04-01 23:37:00	C1.0	12026.0	POINT(-50 -10)	-10	-50	-725.0	-104.0
102440	2014-04-02 01:14:00	2014-04-02 01:18:00	2014-04-02 01:20:00	C1.7	12026.0	POINT(-49 -10)	-10	-49	-721.0	-111.0
102450	2014-04-02 02:18:00	2014-04-02 02:22:00	2014-04-02 02:24:00	C1.1	12026.0	POINT(8 -13)	-13	8	143.0	-120.0
102460	2014-04-02 05:57:00	2014-04-02 06:08:00	2014-04-02 06:17:00	C3.5	12026.0	POINT(-45 10)	10	-45	-668.0	166.0
102470	2014-04-02 06:21:00	2014-04-02 06:25:00	2014-04-02 06:29:00	C3.2	12026.0	POINT(-49 -12)	-12	-49	-717.0	-131.0
102480	2014-04-02 07:28:00	2014-04-02 07:32:00	2014-04-02 07:40:00	B9.3		POINT(-69 10)	10	-69	-887.0	213.0
102490	2014-04-02 10:04:00	2014-04-02 10:10:00	2014-04-02 10:21:00	C1.7	12030.0	POINT(-68 10)	10	-68	-879.0	213.0
102500	2014-04-02 12:18:00	2014-04-02 12:25:00	2014-04-02 12:28:00	C1.6	12027.0	POINT(-66 10)	10	-66	-865.0	213.0
102510	2014-04-02 12:47:00	2014-04-02 12:50:00	2014-04-02 12:53:00	C1.2	12026.0	POINT(-44 -9)	-9	-44	-658.0	-150.0
102520	2014-04-02 13:18:00	2014-04-02 14:05:00	2014-04-02 14:28:00	M6.5	12027.0	POINT(-53 14)	14	-53	-743.0	232.0
102530	2014-04-02 18:15:00	2014-04-02 18:18:00	2014-04-02 18:20:00	C5.3	12030.0	POINT(-60 9)	9	-60	-821.0	150.0
102540	2014-04-02 23:48:00	2014-04-02 23:51:00	2014-04-02 23:53:00	C1.8	12027.0	POINT(-57 11)	11	-57	-796.0	250.0
102550	2014-04-03 04:04:00	2014-04-03 04:14:00	2014-04-03 04:26:00	C5.5	12030.0	POINT(-50 10)	10	-50	-724.0	166.0
102560	2014-04-03 10:08:00	2014-04-03 10:17:00	2014-04-03 10:20:00	C1.8	12030.0	POINT(-40 7)	7	-40	-618.0	210.0
102570	2014-04-03 15:16:00	2014-04-03 15:20:00	2014-04-03 15:28:00	C1.2	12026.0	POINT(-30 -12)	-12	-30	-469.0	-199.0
102580	2014-04-03 19:30:00	2014-04-03 19:34:00	2014-04-03 19:55:00	C1.0	12026.0	POINT(-28 -12)	-12	-28	-440.0	-199.0
102590	2014-04-04 01:08:00	2014-04-04 01:13:00	2014-04-04 01:21:00	C1.1	12030.0	POINT(-47 10)	10	-47	-693.0	248.0
102600	2014-04-04 03:43:00	2014-04-04 03:47:00	2014-04-04 03:52:00	C3.6	12026.0	POINT(-23 -11)	-11	-23	-368.0	-183.0
102610	2014-04-04 06:16:00	2014-04-04 06:22:00	2014-04-04 06:28:00	C1.2	12030.0	POINT(-44 11)	11	-44	-656.0	262.0
102620	2014-04-04 10:24:00	2014-04-04 10:27:00	2014-04-04 10:34:00	B8.6		POINT(-40 10)	10	-40	-619.0	256.0
102630	2014-04-04 11:12:00	2014-04-04 11:16:00	2014-04-04 11:19:00	C1.2	12030.0	POINT(-38 9)	9	-38	-585.0	240.0
102640	2014-04-04 13:34:00	2014-04-04 13:48:00	2014-04-04 13:56:00	C8.3	12027.0	POINT(-26 13)	13	-26	-409.0	215.0
102650	2014-04-04 14:47:00	2014-04-04 14:54:00	2014-04-04 15:00:00	C6.2	12021.0	POINT(37 -15)	-15	37	560.0	-169.0
102660	2014-04-04 17:31:00	2014-04-04 17:38:00	2014-04-04 17:44:00	C1.1	12030.0	POINT(-37 11)	11	-37	-570.0	280.0
102670	2014-04-04 20:15:00	2014-04-04 20:21:00	2014-04-04 20:31:00	C1.5	12030.0	POINT(-56 10)	10	-56	-783.0	166.0
102680	2014-04-04 21:44:00	2014-04-04 21:51:00	2014-04-04 21:55:00	C1.0	12029.0	POINT(-5 17)	17	-5	-80.0	386.0
102690	2014-04-04 23:57:00	2014-04-05 00:01:00	2014-04-05 00:21:00	C1.0	12026.0	POINT(-10 -12)	-12	-10	-171.0	-113.0
102700	2014-04-05 09:50:00	2014-04-05 09:57:00	2014-04-05 10:14:00	C1.6	12026.0	POINT(48 -15)	-15	48	696.0	-180.0
102710	2014-04-05 10:40:00	2014-04-05 10:50:00	2014-04-05 11:00:00	C1.9	12026.0	POINT(-4 -14)	-14	-4	-69.0	-129.0
102720	2014-04-05 12:26:00	2014-04-05 12:30:00	2014-04-05 12:37:00	B5.6	12026.0	POINT(-14 -9)	-9	-14	-243.0	-57.0
102730	2014-04-05 12:40:00	2014-04-05 12:44:00	2014-04-05 12:47:00	B6.1	12021.0	POINT(4 17)	17	4	71.0	387.0
102740	2014-04-05 13:56:00	2014-04-05 14:05:00	2014-04-05 14:10:00	B6.1	12026.0	POINT(-1 -13)	-13	-1	-21.0	-116.0
102750	2014-04-05 14:42:00	2014-04-05 14:48:00	2014-04-05 14:53:00	B5.2	12030.0	POINT(51 -12)	-12	51	731.0	-142.0
102760	2014-04-05 18:21:00	2014-04-05 18:27:00	2014-04-05 18:32:00	C1.0	12021.0	POINT(53 -14)	-14	53	750.0	-176.0
102770	2014-04-06 05:56:00	2014-04-06 06:07:00	2014-04-06 06:14:00	B5.4	12027.0	POINT(-1 8)	8	-1	-32.0	252.0
102780	2014-04-06 08:38:00	2014-04-06 09:35:00	2014-04-06 10:04:00	B5.7	12021.0	POINT(61 -14)	-14	61	816.0	-182.0
102790	2014-04-06 14:17:00	2014-04-06 14:32:00	2014-04-06 14:41:00	B5.3	12030.0	POINT(-3 7)	7	-3	-65.0	227.0
102800	2014-04-06 15:40:00	2014-04-06 16:04:00	2014-04-06 16:21:00	B6.1		POINT(20 2)	2	20	329.0	135.0
102810	2014-04-06 18:21:00	2014-04-06 18:30:00	2014-04-06 18:38:00	C1.0		POINT(73 18)	18	73	872.0	329.0
102820	2014-04-06 20:54:00	2014-04-06 21:01:00	2014-04-06 21:11:00	C3.8	12031.0	POINT(23 2)	2	23	374.0	33.0
102830	2014-04-07 02:47:00	2014-04-07 02:53:00	2014-04-07 03:00:00	C1.1	12021.0	POINT(24 2)	2	24	397.0	131.0
102840	2014-04-07 03:33:00	2014-04-07 03:41:00	2014-04-07 03:57:00	C1.9	12031.0	POINT(26 2)	2	26	429.0	127.0
102850	2014-04-07 05:57:00	2014-04-07 06:32:00	2014-04-07 07:37:00	C4.0	12026.0	POINT(21 -13)	-13	21	334.0	-215.0
102860	2014-04-07 13:20:00	2014-04-07 13:36:00	2014-04-07 14:46:00	C1.7	12026.0	POINT(23 -11)	-11	23	383.0	-109.0
102870	2014-04-07 20:43:00	2014-04-07 21:24:00	2014-04-07 21:58:00	C1.7	12026.0	POINT(31 -12)	-12	31	495.0	-117.0
102880	2014-04-08 18:36:00	2014-04-08 18:51:00	2014-04-08 19:21:00	B9.1	12026.0	POINT(42 -14)	-14	42	631.0	-159.0
102890	2014-04-08 23:45:00	2014-04-08 23:50:00	2014-04-08 23:53:00	B9.6	12031.0	POINT(50 3)	3	50	734.0	119.0
102900	2014-04-08 23:58:00	2014-04-09 00:04:00	2014-04-09 00:17:00	C1.2	12031.0	POINT(51 5)	5	51	740.0	123.0
102910	2014-04-09 18:08:00	2014-04-09 18:53:00	2014-04-09 19:44:00	C1.9	12035.0	POINT(-88 -16)	-16	-88	-938.0	-270.0
102920	2014-04-09 20:44:00	2014-04-09 21:24:00	2014-04-09 21:54:00	C2.1	12035.0	POINT(-89 -9)	-9	-89	-958.0	-156.0
102930	2014-04-09 23:43:00	2014-04-10 00:13:00	2014-04-10 00:24:00	C1.2	12030.0	POINT(36 9)	9	36	567.0	239.0
102940	2014-04-10 01:22:00	2014-04-10 01:52:00	2014-04-10 02:11:00	C4.7	12035.0	POINT(-88 -15)	-15	-88	-940.0	-253.0
102950	2014-04-10 08:46:00	2014-04-10 10:53:00	2014-04-10 11:21:00	C1.9	12035.0	POINT(-88 -14)	-14	-88	-948.0	-249.0
102960	2014-04-10 14:47:00	2014-04-10 15:17:00	2014-04-10 15:45:00	C1.4	12035.0	POINT(-88 -14)	-14	-88	-955.0	-239.0
102970	2014-04-10 17:49:00	2014-04-10 18:17:00	2014-04-10 18:56:00	C3.6	12035.0	POINT(-88 -17)	-17	-88	-949.0	-300.0
102980	2014-04-11 00:12:00	2014-04-11 00:16:00	2014-04-11 00:21:00	C2.7	12035.0	POINT(-87 -13)	-13	-87	-928.0	-224.0
102990	2014-04-11 00:39:00	2014-04-11 00:44:00	2014-04-11 00:46:00	C2.6	12035.0	POINT(-88 -17)	-17	-88	-915.0	-287.0
103000	2014-04-11 02:46:00	2014-04-11 02:49:00	2014-04-11 02:59:00	C1.7	12035.0	POINT(-88 -12)	-12	-88	-952.0	-210.0
103010	2014-04-11 09:22:00	2014-04-11 09:29:00	2014-04-11 09:36:00	C1.9	12028.0	POINT(64 -8)	-8	64	852.0	-133.0
103020	2014-04-11 11:17:00	2014-04-11 11:24:00	2014-04-11 11:32:00	C9.4	12035.0	POINT(-84 -18)	-18	-84	-905.0	-284.0
103030	2014-04-11 14:14:00	2014-04-11 15:01:00	2014-04-11 15:20:00	C5.3	12035.0	POINT(-88 -15)	-15	-88	-948.0	-269.0
103040	2014-04-11 19:10:00	2014-04-11 19:25:00	2014-04-11 19:39:00	C1.5	12035.0	POINT(89 -6)	-6	89	964.0	-117.0
103050	2014-04-12 04:56:00	2014-04-12 05:12:00	2014-04-12 05:33:00	C1.0	12035.0	POINT(-75 -18)	-18	-75	-876.0	-281.0
103060	2014-04-12 07:15:00	2014-04-12 07:27:00	2014-04-12 08:07:00	C5.0	12035.0	POINT(-88 -14)	-14	-88	-941.0	-245.0
103070	2014-04-12 14:38:00	2014-04-12 14:41:00	2014-04-12 14:44:00	B8.5		POINT(-75 -18)	-18	-75	-881.0	-278.0
103080	2014-04-12 15:39:00	2014-04-12 16:20:00	2014-04-12 16:34:00	B8.1	12032.0	POINT(-79 -16)	-16	-79	-902.0	-255.0
103090	2014-04-12 17:01:00	2014-04-12 17:28:00	2014-04-12 17:40:00	B8.3	12027.0	POINT(-74 16)	16	-74	-884.0	297.0
103100	2014-04-12 17:47:00	2014-04-12 17:51:00	2014-04-12 17:54:00	B8.2	12035.0	POINT(-77 17)	17	-77	-890.0	304.0
103110	2014-04-12 19:13:00	2014-04-12 19:32:00	2014-04-12 19:45:00	B9.0	12035.0	POINT(89 -7)	-7	89	961.0	-129.0
103120	2014-04-13 02:42:00	2014-04-13 02:45:00	2014-04-13 02:52:00	B8.3	12035.0	POINT(89 -7)	-7	89	948.0	-129.0
103130	2014-04-13 07:28:00	2014-04-13 07:32:00	2014-04-13 07:36:00	B9.1	12035.0	POINT(-65 -18)	-18	-65	-825.0	-270.0
103140	2014-04-13 12:02:00	2014-04-13 12:41:00	2014-04-13 13:15:00	C1.1		POINT(-38 8)	8	-38	-591.0	209.0
103150	2014-04-13 20:12:00	2014-04-13 20:17:00	2014-04-13 20:22:00	C1.9	12037.0	POINT(-32 -10)	-10	-32	-499.0	-166.0
103160	2014-04-13 22:11:00	2014-04-13 22:16:00	2014-04-13 22:28:00	C1.0	12036.0	POINT(-28 -18)	-18	-28	-427.0	-295.0
103170	2014-04-13 22:58:00	2014-04-13 23:07:00	2014-04-13 23:10:00	B9.2		POINT(-56 -20)	-20	-56	-745.0	-290.0
103180	2014-04-13 23:46:00	2014-04-13 23:52:00	2014-04-14 00:00:00	C3.0	12036.0	POINT(-26 -18)	-18	-26	-398.0	-295.0
103190	2014-04-14 02:06:00	2014-04-14 02:11:00	2014-04-14 02:16:00	C1.6	12036.0	POINT(-25 -18)	-18	-25	-384.0	-295.0
103200	2014-04-14 04:18:00	2014-04-14 04:38:00	2014-04-14 04:48:00	C7.5	12036.0	POINT(-24 -18)	-18	-24	-370.0	-295.0
103210	2014-04-14 07:08:00	2014-04-14 07:12:00	2014-04-14 07:16:00	C1.7	12036.0	POINT(-23 -18)	-18	-23	-355.0	-295.0
103220	2014-04-14 07:49:00	2014-04-14 08:00:00	2014-04-14 08:18:00	C5.2		POINT(-89 -12)	-12	-89	-951.0	-211.0
103230	2014-04-14 08:57:00	2014-04-14 09:00:00	2014-04-14 09:02:00	C1.8	12036.0	POINT(-20 -17)	-17	-20	-324.0	-198.0
103240	2014-04-14 08:59:00	2014-04-14 09:13:00	2014-04-14 09:18:00	C2.5	12036.0	POINT(-21 -18)	-18	-21	-326.0	-295.0
103250	2014-04-14 09:25:00	2014-04-14 09:27:00	2014-04-14 09:29:00	C1.5	12036.0	POINT(-20 -17)	-17	-20	-323.0	-206.0
103260	2014-04-14 10:45:00	2014-04-14 10:57:00	2014-04-14 11:07:00	C1.1	12036.0	POINT(-21 -17)	-17	-21	-327.0	-279.0
103270	2014-04-14 12:17:00	2014-04-14 12:29:00	2014-04-14 12:32:00	C3.3	12036.0	POINT(-19 -17)	-17	-19	-300.0	-203.0
103280	2014-04-14 14:54:00	2014-04-14 14:57:00	2014-04-14 15:01:00	B8.3		POINT(-17 -17)	-17	-17	-282.0	-204.0
103290	2014-04-14 15:30:00	2014-04-14 15:45:00	2014-04-14 15:49:00	C1.8	12036.0	POINT(-17 -17)	-17	-17	-275.0	-203.0
103300	2014-04-14 16:45:00	2014-04-14 16:48:00	2014-04-14 16:50:00	B9.8	12036.0	POINT(-17 -17)	-17	-17	-267.0	-279.0
103310	2014-04-14 17:06:00	2014-04-14 17:18:00	2014-04-14 17:25:00	B9.3	12036.0	POINT(-16 -17)	-17	-16	-261.0	-200.0
103320	2014-04-14 18:14:00	2014-04-14 18:17:00	2014-04-14 18:20:00	C1.0	12036.0	POINT(-15 -17)	-17	-15	-251.0	-205.0
103330	2014-04-14 19:42:00	2014-04-14 19:45:00	2014-04-14 19:50:00	C1.1		POINT(-88 -13)	-13	-88	-933.0	-233.0
103340	2014-04-15 03:10:00	2014-04-15 03:17:00	2014-04-15 03:26:00	C4.3	12036.0	POINT(-11 -17)	-17	-11	-174.0	-279.0
103350	2014-04-15 05:49:00	2014-04-15 05:56:00	2014-04-15 06:00:00	C1.2	12035.0	POINT(-9 -17)	-17	-9	-157.0	-198.0
103360	2014-04-15 06:31:00	2014-04-15 06:36:00	2014-04-15 06:42:00	C1.0	12036.0	POINT(-9 -17)	-17	-9	-147.0	-195.0
103370	2014-04-15 06:42:00	2014-04-15 06:47:00	2014-04-15 06:51:00	C3.6	12036.0	POINT(-9 -17)	-17	-9	-149.0	-192.0
103380	2014-04-15 07:03:00	2014-04-15 07:08:00	2014-04-15 07:14:00	C1.3	12035.0	POINT(-27 -15)	-15	-27	-426.0	-182.0
103390	2014-04-15 08:53:00	2014-04-15 08:57:00	2014-04-15 08:59:00	C1.3	12036.0	POINT(-8 -18)	-18	-8	-110.0	-200.0
103400	2014-04-15 09:15:00	2014-04-15 09:23:00	2014-04-15 09:25:00	C8.6	12035.0	POINT(-25 -14)	-14	-25	-392.0	-231.0
103410	2014-04-15 09:42:00	2014-04-15 09:46:00	2014-04-15 09:49:00	B9.0	12036.0	POINT(-5 -16)	-16	-5	-93.0	-186.0
103420	2014-04-15 09:53:00	2014-04-15 09:57:00	2014-04-15 10:10:00	C4.4	12036.0	POINT(-7 -17)	-17	-7	-123.0	-193.0
103430	2014-04-15 12:34:00	2014-04-15 12:46:00	2014-04-15 12:48:00	C3.6		POINT(-23 -15)	-15	-23	-372.0	-171.0
103440	2014-04-15 13:22:00	2014-04-15 13:26:00	2014-04-15 13:30:00	C1.5	12036.0	POINT(-5 -17)	-17	-5	-75.0	-198.0
103450	2014-04-15 17:53:00	2014-04-15 17:59:00	2014-04-15 18:03:00	C7.3	12035.0	POINT(-21 -15)	-15	-21	-331.0	-247.0
103460	2014-04-15 23:43:00	2014-04-15 23:49:00	2014-04-15 23:52:00	C1.6	12035.0	POINT(-17 -15)	-15	-17	-272.0	-173.0
103470	2014-04-16 01:10:00	2014-04-16 01:18:00	2014-04-16 01:34:00	C1.9	12035.0	POINT(-19 -14)	-14	-19	-302.0	-231.0
103480	2014-04-16 01:52:00	2014-04-16 01:59:00	2014-04-16 02:07:00	C3.0	12037.0	POINT(-3 -11)	-11	-3	-49.0	-182.0
103490	2014-04-16 02:08:00	2014-04-16 02:11:00	2014-04-16 02:14:00	C2.8	12042.0	POINT(-87 20)	20	-87	-897.0	333.0
103500	2014-04-16 03:03:00	2014-04-16 03:08:00	2014-04-16 03:16:00	C4.1	12042.0	POINT(-84 19)	19	-84	-896.0	327.0
103510	2014-04-16 04:57:00	2014-04-16 05:08:00	2014-04-16 05:14:00	C2.9		POINT(0 -8)	-8	0	8.0	-47.0
103520	2014-04-16 06:37:00	2014-04-16 06:45:00	2014-04-16 06:48:00	C1.8	12035.0	POINT(-13 -17)	-17	-13	-205.0	279.0
103530	2014-04-16 07:17:00	2014-04-16 07:22:00	2014-04-16 07:26:00	C2.9	12034.0	POINT(1 3)	3	1	16.0	50.0
103540	2014-04-16 08:12:00	2014-04-16 08:16:00	2014-04-16 08:20:00	C4.5	12034.0	POINT(1 3)	3	1	16.0	50.0
103550	2014-04-16 08:36:00	2014-04-16 08:44:00	2014-04-16 08:51:00	C5.2	12035.0	POINT(-13 -15)	-15	-13	-207.0	-247.0
103560	2014-04-16 12:42:00	2014-04-16 12:51:00	2014-04-16 12:55:00	C7.5	12035.0	POINT(-21 -15)	-15	-21	-331.0	-247.0
103570	2014-04-16 17:30:00	2014-04-16 17:36:00	2014-04-16 17:41:00	C2.0	12035.0	POINT(-21 -15)	-15	-21	-330.0	-247.0
103580	2014-04-16 19:54:00	2014-04-16 19:59:00	2014-04-16 20:04:00	M1.0	12035.0	POINT(-9 -14)	-14	-9	-150.0	-151.0
103590	2014-04-17 00:02:00	2014-04-17 00:14:00	2014-04-17 00:26:00	C2.5	12037.0	POINT(11 -9)	-9	11	180.0	-149.0
103600	2014-04-17 06:00:00	2014-04-17 06:08:00	2014-04-17 06:13:00	C1.7	12035.0	POINT(-2 -14)	-14	-2	-32.0	-231.0
103610	2014-04-17 09:50:00	2014-04-17 09:56:00	2014-04-17 09:59:00	C1.4	12035.0	POINT(-1 -14)	-14	-1	-23.0	-149.0
103620	2014-04-17 10:00:00	2014-04-17 10:03:00	2014-04-17 10:07:00	C1.6	12035.0	POINT(-8 -15)	-15	-8	-131.0	-167.0
103630	2014-04-17 11:45:00	2014-04-17 11:54:00	2014-04-17 12:07:00	C3.9		POINT(16 -9)	-9	16	269.0	-71.0
103640	2014-04-17 16:25:00	2014-04-17 16:30:00	2014-04-17 16:36:00	C2.4	12035.0	POINT(-4 -15)	-15	-4	-64.0	-247.0
103650	2014-04-17 17:52:00	2014-04-17 18:11:00	2014-04-17 18:33:00	C1.7	12035.0	POINT(-2 -19)	-19	-2	-37.0	-233.0
103660	2014-04-17 21:50:00	2014-04-17 22:38:00	2014-04-17 23:33:00	C3.2	12036.0	POINT(27 -10)	-10	27	431.0	-98.0
103670	2014-04-18 06:44:00	2014-04-18 07:14:00	2014-04-18 07:27:00	C1.6	12036.0	POINT(39 -23)	-23	39	558.0	-318.0
103680	2014-04-18 08:03:00	2014-04-18 08:09:00	2014-04-18 08:24:00	C4.8	12036.0	POINT(31 -18)	-18	31	456.0	-210.0
103690	2014-04-18 12:31:00	2014-04-18 13:03:00	2014-04-18 13:20:00	M7.3	12036.0	POINT(34 -20)	-20	34	505.0	-258.0
103700	2014-04-18 19:35:00	2014-04-18 20:01:00	2014-04-18 20:13:00	C1.9	12036.0	POINT(39 -15)	-15	39	592.0	-190.0
103710	2014-04-18 20:34:00	2014-04-18 20:38:00	2014-04-18 20:42:00	C1.6	12036.0	POINT(42 -15)	-15	42	626.0	-186.0
103720	2014-04-19 00:19:00	2014-04-19 00:24:00	2014-04-19 00:31:00	C1.1	12035.0	POINT(-88 -22)	-22	-88	-898.0	-367.0
103730	2014-04-19 03:17:00	2014-04-19 03:24:00	2014-04-19 03:36:00	C2.1	12044.0	POINT(-66 -19)	-19	-66	-827.0	-288.0
103740	2014-04-19 05:55:00	2014-04-19 06:00:00	2014-04-19 06:06:00	C1.3	12034.0	POINT(42 2)	2	42	638.0	33.0
103750	2014-04-19 09:17:00	2014-04-19 09:20:00	2014-04-19 09:22:00	C1.2	12032.0	POINT(76 12)	12	76	907.0	223.0
103760	2014-04-19 09:24:00	2014-04-19 09:26:00	2014-04-19 09:29:00	C1.0	12036.0	POINT(-88 -22)	-22	-88	-886.0	-368.0
103770	2014-04-19 09:34:00	2014-04-19 09:39:00	2014-04-19 09:50:00	C1.6	12045.0	POINT(-88 -20)	-20	-88	-909.0	-340.0
103780	2014-04-19 12:27:00	2014-04-19 12:31:00	2014-04-19 12:35:00	C2.0	12045.0	POINT(-88 -20)	-20	-88	-897.0	-326.0
103790	2014-04-19 12:47:00	2014-04-19 12:52:00	2014-04-19 13:00:00	C1.7	12044.0	POINT(-61 -18)	-18	-61	-794.0	-295.0
103800	2014-04-19 16:28:00	2014-04-19 16:50:00	2014-04-19 17:02:00	C1.6	12034.0	POINT(50 1)	1	50	734.0	88.0
103810	2014-04-19 17:15:00	2014-04-19 17:19:00	2014-04-19 17:25:00	C1.6	12036.0	POINT(53 -15)	-15	53	743.0	-197.0
103820	2014-04-19 19:25:00	2014-04-19 19:32:00	2014-04-19 19:37:00	C4.7	12032.0	POINT(87 10)	10	87	936.0	185.0
103830	2014-04-19 23:32:00	2014-04-19 23:37:00	2014-04-19 23:46:00	C1.8	12032.0	POINT(88 11)	11	88	939.0	186.0
103840	2014-04-20 00:17:00	2014-04-20 00:25:00	2014-04-20 00:40:00	C1.6	12035.0	POINT(15 -12)	-12	15	243.0	-129.0
103850	2014-04-20 02:02:00	2014-04-20 03:05:00	2014-04-20 03:11:00	C2.1	12036.0	POINT(53 -17)	-17	53	735.0	-240.0
103860	2014-04-20 04:21:00	2014-04-20 04:27:00	2014-04-20 04:41:00	C2.4	12038.0	POINT(-11 -9)	-9	-11	-180.0	-149.0
103870	2014-04-20 05:12:00	2014-04-20 05:17:00	2014-04-20 05:23:00	C1.9	12034.0	POINT(-52 -20)	-20	-52	-710.0	-284.0
103880	2014-04-20 06:07:00	2014-04-20 06:10:00	2014-04-20 06:13:00	C1.7	12034.0	POINT(88 11)	11	88	938.0	186.0
103890	2014-04-20 08:07:00	2014-04-20 08:13:00	2014-04-20 08:18:00	C6.4	12033.0	POINT(88 13)	13	88	936.0	224.0
103900	2014-04-20 08:21:00	2014-04-20 08:24:00	2014-04-20 08:31:00	C3.9	12033.0	POINT(87 10)	10	87	938.0	176.0
103910	2014-04-20 11:23:00	2014-04-20 11:41:00	2014-04-20 11:44:00	C1.8	12033.0	POINT(88 12)	12	88	935.0	209.0
103920	2014-04-20 11:53:00	2014-04-20 12:07:00	2014-04-20 12:12:00	C2.2	12035.0	POINT(37 -15)	-15	37	555.0	-247.0
103930	2014-04-20 13:32:00	2014-04-20 13:38:00	2014-04-20 13:44:00	C2.8	12035.0	POINT(34 -19)	-19	34	505.0	-310.0
103940	2014-04-20 14:18:00	2014-04-20 14:46:00	2014-04-20 15:01:00	C1.8	12035.0	POINT(66 2)	2	66	875.0	74.0
103950	2014-04-20 22:13:00	2014-04-20 22:24:00	2014-04-20 22:31:00	C1.0	12036.0	POINT(66 3)	3	66	876.0	89.0
103960	2014-04-21 00:56:00	2014-04-21 01:08:00	2014-04-21 01:53:00	C1.7	12034.0	POINT(67 -17)	-17	67	838.0	-262.0
103970	2014-04-21 04:49:00	2014-04-21 04:54:00	2014-04-21 04:57:00	C1.4	12045.0	POINT(-67 -25)	-25	-67	-797.0	-387.0
103980	2014-04-21 06:30:00	2014-04-21 06:34:00	2014-04-21 06:40:00	C1.2	12036.0	POINT(69 -17)	-17	69	855.0	-256.0
103990	2014-04-21 06:53:00	2014-04-21 07:02:00	2014-04-21 07:09:00	C1.2	12036.0	POINT(72 -18)	-18	72	866.0	-270.0
104000	2014-04-21 09:13:00	2014-04-21 09:35:00	2014-04-21 10:20:00	C2.0	12038.0	POINT(7 -10)	-10	7	114.0	-165.0
104010	2014-04-21 13:26:00	2014-04-21 13:29:00	2014-04-21 13:37:00	C1.1	12038.0	POINT(11 -11)	-11	11	178.0	-182.0
104020	2014-04-21 19:30:00	2014-04-21 20:02:00	2014-04-21 20:26:00	C5.1	12038.0	POINT(14 -11)	-11	14	226.0	-182.0
104030	2014-04-21 22:09:00	2014-04-21 22:29:00	2014-04-21 22:46:00	C3.0	12038.0	POINT(18 -11)	-11	18	300.0	-114.0
104040	2014-04-21 23:20:00	2014-04-21 23:31:00	2014-04-21 23:40:00	C2.3	12035.0	POINT(55 -17)	-17	55	751.0	-248.0
104050	2014-04-22 00:34:00	2014-04-22 01:03:00	2014-04-22 01:18:00	C1.7	12035.0	POINT(60 -10)	-10	60	819.0	-131.0
104060	2014-04-22 03:42:00	2014-04-22 04:20:00	2014-04-22 04:34:00	C2.0	12035.0	POINT(57 -16)	-16	57	776.0	-224.0
104070	2014-04-22 05:25:00	2014-04-22 05:47:00	2014-04-22 06:06:00	C3.6	12038.0	POINT(21 -11)	-11	21	335.0	-182.0
104080	2014-04-22 07:57:00	2014-04-22 08:03:00	2014-04-22 08:12:00	C2.9	12035.0	POINT(66 -12)	-12	66	854.0	-167.0
104090	2014-04-22 08:44:00	2014-04-22 08:49:00	2014-04-22 08:54:00	C3.8	12038.0	POINT(25 -12)	-12	25	394.0	-198.0
104100	2014-04-22 09:33:00	2014-04-22 09:39:00	2014-04-22 09:43:00	C2.4	12035.0	POINT(66 -9)	-9	66	864.0	-128.0
104110	2014-04-22 11:29:00	2014-04-22 11:37:00	2014-04-22 11:41:00	C8.8	12035.0	POINT(66 -9)	-9	66	861.0	-149.0
104120	2014-04-22 18:28:00	2014-04-22 18:41:00	2014-04-22 18:51:00	C2.5	12038.0	POINT(31 -12)	-12	31	480.0	-198.0
104130	2014-04-22 20:03:00	2014-04-22 20:51:00	2014-04-22 21:09:00	C2.2	12034.0	POINT(89 3)	3	89	982.0	54.0
104140	2014-04-23 00:48:00	2014-04-23 01:04:00	2014-04-23 01:19:00	C4.3	12038.0	POINT(35 -12)	-12	35	535.0	-198.0
104150	2014-04-23 08:37:00	2014-04-23 08:45:00	2014-04-23 08:59:00	C1.6	12034.0	POINT(89 2)	2	89	961.0	45.0
104160	2014-04-23 12:05:00	2014-04-23 12:14:00	2014-04-23 12:14:00	C2.3	12035.0	POINT(89 -11)	-11	89	945.0	-199.0
104170	2014-04-23 12:48:00	2014-04-23 13:06:00	2014-04-23 13:18:00	C5.1	12035.0	POINT(88 -18)	-18	88	920.0	-303.0
104180	2014-04-23 15:04:00	2014-04-23 15:18:00	2014-04-23 15:28:00	C1.5	12035.0	POINT(83 -14)	-14	83	918.0	-228.0
104190	2014-04-23 20:15:00	2014-04-23 20:43:00	2014-04-23 20:50:00	C1.7	12035.0	POINT(47 -11)	-11	47	690.0	-142.0
104200	2014-04-23 23:22:00	2014-04-23 23:53:00	2014-04-24 00:05:00	C3.3	12044.0	POINT(88 -21)	-21	88	896.0	-354.0
104210	2014-04-24 10:03:00	2014-04-24 10:16:00	2014-04-24 10:36:00	C2.9	12035.0	POINT(89 -14)	-14	89	937.0	-239.0
104220	2014-04-24 20:59:00	2014-04-24 22:03:00	2014-04-24 22:18:00	C2.9	12035.0	POINT(89 -13)	-13	89	948.0	-221.0
104230	2014-04-25 00:17:00	2014-04-25 00:27:00	2014-04-25 00:38:00	X1.3	12035.0	POINT(89 -14)	-14	89	933.0	-241.0
104240	2014-04-25 10:35:00	2014-04-25 10:42:00	2014-04-25 10:49:00	C1.0	12038.0	POINT(68 -11)	-11	68	873.0	-156.0
104250	2014-04-25 11:55:00	2014-04-25 12:08:00	2014-04-25 12:38:00	C3.3	12035.0	POINT(88 -16)	-16	88	916.0	-262.0
104260	2014-04-25 22:19:00	2014-04-25 22:30:00	2014-04-25 22:38:00	C1.9	12038.0	POINT(77 -11)	-11	77	911.0	-171.0
104270	2014-04-25 23:54:00	2014-04-26 00:42:00	2014-04-26 02:03:00	C1.6	12045.0	POINT(0 -27)	-27	0	-11.0	-377.0
104280	2014-04-26 02:16:00	2014-04-26 02:27:00	2014-04-26 02:40:00	C1.5		POINT(-88 11)	11	-88	-945.0	201.0
104290	2014-04-26 05:46:00	2014-04-26 06:28:00	2014-04-26 07:18:00	C1.6		POINT(88 -19)	-19	88	927.0	-326.0
104300	2014-04-26 14:47:00	2014-04-26 14:59:00	2014-04-26 15:07:00	C2.4	12038.0	POINT(89 -10)	-10	89	938.0	-171.0
104310	2014-04-27 05:34:00	2014-04-27 05:38:00	2014-04-27 05:44:00	B5.1	12045.0	POINT(17 -22)	-22	17	263.0	-294.0
104320	2014-04-28 04:07:00	2014-04-28 04:15:00	2014-04-28 04:22:00	B7.3	12048.0	POINT(39 20)	20	39	566.0	389.0
104330	2014-04-28 12:20:00	2014-04-28 12:26:00	2014-04-28 12:36:00	B7.3	12048.0	POINT(44 18)	18	44	629.0	294.0
104340	2014-04-28 15:16:00	2014-04-28 15:16:00	2014-04-28 15:31:00	C3.4	12048.0	POINT(47 21)	21	47	650.0	341.0
104350	2014-04-28 22:28:00	2014-04-28 22:34:00	2014-04-28 22:47:00	B7.8	12044.0	POINT(61 -19)	-19	61	788.0	-310.0
104360	2014-04-28 22:55:00	2014-04-28 22:59:00	2014-04-28 23:04:00	B7.6	12048.0	POINT(48 20)	20	48	665.0	325.0
104370	2014-04-29 10:48:00	2014-04-29 10:55:00	2014-04-29 11:04:00	B9.7	12048.0	POINT(56 18)	18	56	751.0	294.0
104380	2014-04-29 17:31:00	2014-04-29 17:42:00	2014-04-29 18:03:00	B5.8	12048.0	POINT(59 21)	21	59	766.0	383.0
104390	2014-04-29 22:28:00	2014-04-29 22:54:00	2014-04-29 23:14:00	B9.1	12047.0	POINT(-15 -12)	-12	-15	-241.0	-198.0
104400	2014-04-30 00:29:00	2014-04-30 00:32:00	2014-04-30 00:35:00	B8.0	12049.0	POINT(-48 -9)	-9	-48	-699.0	-149.0
104410	2014-04-30 01:20:00	2014-04-30 01:26:00	2014-04-30 01:32:00	C1.1	12050.0	POINT(-46 -7)	-7	-46	-683.0	-68.0
104420	2014-04-30 06:15:00	2014-04-30 06:19:00	2014-04-30 06:36:00	C1.5	12049.0	POINT(-44 -5)	-5	-44	-659.0	-83.0
104430	2014-04-30 11:12:00	2014-04-30 11:14:00	2014-04-30 11:24:00	B4.8	12048.0	POINT(70 18)	18	70	851.0	294.0
104440	2014-04-30 13:36:00	2014-04-30 13:39:00	2014-04-30 13:41:00	B6.4	12047.0	POINT(-3 -17)	-17	-3	-47.0	-278.0
104450	2014-04-30 14:45:00	2014-04-30 14:49:00	2014-04-30 14:51:00	B6.0	12047.0	POINT(-2 -15)	-15	-2	-36.0	-189.0
104460	2014-04-30 19:38:00	2014-04-30 19:42:00	2014-04-30 19:45:00	B7.1	12049.0	POINT(-39 -7)	-7	-39	-595.0	-116.0
104470	2014-04-30 20:22:00	2014-04-30 20:26:00	2014-04-30 20:28:00	B6.9		POINT(65 -22)	-22	65	804.0	-330.0
104480	2014-05-01 01:32:00	2014-05-01 01:42:00	2014-05-01 01:56:00	B7.2		POINT(88 -21)	-21	88	897.0	-349.0
104490	2014-05-01 03:58:00	2014-05-01 04:01:00	2014-05-01 04:04:00	B6.3	12048.0	POINT(88 18)	18	88	903.0	305.0
104500	2014-05-01 17:44:00	2014-05-01 17:49:00	2014-05-01 17:54:00	B6.8	12050.0	POINT(-23 14)	14	-23	-361.0	230.0
104510	2014-05-01 23:29:00	2014-05-01 23:33:00	2014-05-01 23:36:00	B5.8	12047.0	POINT(12 -17)	-17	12	189.0	-226.0
104520	2014-05-02 03:01:00	2014-05-02 03:04:00	2014-05-02 03:13:00	B9.4	12047.0	POINT(13 -20)	-20	13	214.0	-266.0
104530	2014-05-02 07:59:00	2014-05-02 08:02:00	2014-05-02 08:05:00	C1.3	12047.0	POINT(19 -19)	-19	19	293.0	-310.0
104540	2014-05-02 09:17:00	2014-05-02 09:40:00	2014-05-02 10:01:00	C4.4	12047.0	POINT(18 -22)	-22	18	309.0	-263.0
104550	2014-05-02 14:03:00	2014-05-02 14:13:00	2014-05-02 14:29:00	C1.4	12047.0	POINT(-3 -17)	-17	-3	-47.0	-278.0
104560	2014-05-02 19:36:00	2014-05-02 19:40:00	2014-05-02 19:45:00	C1.0	12052.0	POINT(-51 -11)	-11	-51	-728.0	-147.0
104570	2014-05-02 20:14:00	2014-05-02 20:19:00	2014-05-02 20:22:00	C2.1	12052.0	POINT(-51 -12)	-12	-51	-723.0	-150.0
104580	2014-05-02 22:01:00	2014-05-02 22:05:00	2014-05-02 22:11:00	C1.3	12049.0	POINT(35 -10)	-10	35	549.0	-117.0
104590	2014-05-02 22:33:00	2014-05-02 22:38:00	2014-05-02 22:43:00	C1.0	12052.0	POINT(-49 -11)	-11	-49	-713.0	-155.0
104600	2014-05-03 01:11:00	2014-05-03 01:14:00	2014-05-03 01:18:00	B8.7		POINT(37 -10)	-10	37	570.0	-120.0
104610	2014-05-03 03:55:00	2014-05-03 03:59:00	2014-05-03 04:01:00	C2.6	12051.0	POINT(37 -11)	-11	37	571.0	-134.0
104620	2014-05-03 04:29:00	2014-05-03 04:33:00	2014-05-03 04:35:00	C2.0	12051.0	POINT(38 -11)	-11	38	579.0	-136.0
104630	2014-05-03 05:31:00	2014-05-03 06:08:00	2014-05-03 06:44:00	C5.3	12051.0	POINT(42 -9)	-9	42	632.0	-105.0
104640	2014-05-03 09:22:00	2014-05-03 09:28:00	2014-05-03 09:31:00	C1.8	12051.0	POINT(40 -11)	-11	40	607.0	-147.0
104650	2014-05-03 10:10:00	2014-05-03 10:23:00	2014-05-03 10:29:00	C1.1	12051.0	POINT(42 -10)	-10	42	632.0	-122.0
104660	2014-05-03 16:02:00	2014-05-03 16:11:00	2014-05-03 16:26:00	C1.7	12049.0	POINT(3 -8)	-8	3	47.0	-62.0
104670	2014-05-03 16:46:00	2014-05-03 16:51:00	2014-05-03 16:54:00	C1.4	12051.0	POINT(37 -11)	-11	37	672.0	-138.0
104680	2014-05-03 20:18:00	2014-05-03 20:25:00	2014-05-03 20:31:00	C1.8	12047.0	POINT(38 -10)	-10	38	578.0	-126.0
104690	2014-05-03 23:27:00	2014-05-03 23:54:00	2014-05-04 00:30:00	C1.1	12047.0	POINT(42 -16)	-16	42	614.0	-231.0
104700	2014-05-04 02:19:00	2014-05-04 02:23:00	2014-05-04 02:37:00	C1.2	12051.0	POINT(49 -9)	-9	49	717.0	-123.0
104710	2014-05-04 08:57:00	2014-05-04 09:05:00	2014-05-04 09:14:00	C2.5	12051.0	POINT(55 -10)	-10	55	772.0	-143.0
104720	2014-05-04 12:22:00	2014-05-04 12:31:00	2014-05-04 12:39:00	C9.2	12051.0	POINT(56 -9)	-9	56	780.0	-128.0
104730	2014-05-04 15:54:00	2014-05-04 16:01:00	2014-05-04 16:04:00	C1.3	12049.0	POINT(13 -8)	-8	13	216.0	-62.0
104740	2014-05-04 17:16:00	2014-05-04 17:38:00	2014-05-04 17:50:00	C1.4	12053.0	POINT(-44 10)	10	-44	-655.0	209.0
104750	2014-05-04 18:42:00	2014-05-04 18:50:00	2014-05-04 18:55:00	C1.2	12053.0	POINT(-43 10)	10	-43	-646.0	208.0
104760	2014-05-04 22:52:00	2014-05-04 22:56:00	2014-05-04 22:59:00	C1.1	12051.0	POINT(65 -10)	-10	65	852.0	-142.0
104770	2014-05-04 23:07:00	2014-05-04 23:11:00	2014-05-04 23:14:00	C1.1	12053.0	POINT(-40 10)	10	-40	-614.0	212.0
104780	2014-05-05 11:57:00	2014-05-05 12:23:00	2014-05-05 12:39:00	C1.9	12051.0	POINT(64 -16)	-16	64	822.0	-240.0
104790	2014-05-05 15:25:00	2014-05-05 15:29:00	2014-05-05 15:32:00	C1.8		POINT(-89 3)	3	-89	-962.0	61.0
104800	2014-05-05 18:10:00	2014-05-05 18:28:00	2014-05-05 18:35:00	C8.0	12056.0	POINT(-89 4)	4	-89	-960.0	82.0
104810	2014-05-05 21:10:00	2014-05-05 21:17:00	2014-05-05 21:26:00	C2.7	12051.0	POINT(77 -11)	-11	77	911.0	-172.0
104820	2014-05-05 23:05:00	2014-05-05 23:10:00	2014-05-05 23:17:00	C1.5	12056.0	POINT(-89 6)	6	-89	-958.0	105.0
104830	2014-05-06 04:19:00	2014-05-06 04:32:00	2014-05-06 04:50:00	C7.1	12051.0	POINT(86 -13)	-13	86	924.0	-168.0
104840	2014-05-06 08:41:00	2014-05-06 09:03:00	2014-05-06 09:21:00	M1.8	12051.0	POINT(84 -15)	-15	84	923.0	-220.0
104850	2014-05-06 12:57:00	2014-05-06 13:00:00	2014-05-06 13:02:00	C1.3		POINT(-58 10)	10	-58	-798.0	197.0
104860	2014-05-06 17:10:00	2014-05-06 17:35:00	2014-05-06 18:20:00	C4.7	12051.0	POINT(89 -9)	-9	89	971.0	-165.0
104870	2014-05-06 22:01:00	2014-05-06 22:09:00	2014-05-06 22:20:00	M1.0	12051.0	POINT(87 -10)	-10	87	939.0	-198.0
104880	2014-05-06 22:45:00	2014-05-06 22:53:00	2014-05-06 23:00:00	C6.2	12051.0	POINT(-80 3)	3	-80	-935.0	68.0
104890	2014-05-07 04:39:00	2014-05-07 04:45:00	2014-05-07 04:50:00	C1.5	12051.0	POINT(-71 6)	6	-71	-895.0	125.0
104900	2014-05-07 06:21:00	2014-05-07 06:30:00	2014-05-07 06:38:00	C3.6	12051.0	POINT(89 -10)	-10	89	946.0	-174.0
104910	2014-05-07 16:07:00	2014-05-07 16:29:00	2014-05-07 17:03:00	M1.2	12055.0	POINT(89 -11)	-11	89	945.0	-196.0
104920	2014-05-07 19:12:00	2014-05-07 19:22:00	2014-05-07 19:39:00	C3.9	12051.0	POINT(89 -11)	-11	89	945.0	-185.0
104930	2014-05-08 01:21:00	2014-05-08 01:40:00	2014-05-08 02:06:00	C3.0	12056.0	POINT(-59 3)	3	-59	-820.0	82.0
104940	2014-05-08 09:59:00	2014-05-08 10:07:00	2014-05-08 10:18:00	M5.2	12056.0	POINT(-54 8)	8	-54	-777.0	118.0
104950	2014-05-08 14:34:00	2014-05-08 14:58:00	2014-05-08 15:18:00	C1.3	12058.0	POINT(89 -11)	-11	89	946.0	-200.0
104960	2014-05-09 00:48:00	2014-05-09 00:55:00	2014-05-09 01:03:00	C1.4	12056.0	POINT(-42 4)	4	-42	-660.0	118.0
104970	2014-05-09 05:14:00	2014-05-09 05:21:00	2014-05-09 05:27:00	C2.4	12058.0	POINT(-74 -16)	-16	-74	-893.0	-264.0
104980	2014-05-09 08:14:00	2014-05-09 08:19:00	2014-05-09 08:28:00	C3.3	12058.0	POINT(-75 -11)	-11	-75	-884.0	-223.0
104990	2014-05-09 11:14:00	2014-05-09 11:19:00	2014-05-09 11:28:00	C1.6	12058.0	POINT(-72 -12)	-12	-72	-871.0	-224.0
105000	2014-05-09 11:45:00	2014-05-09 11:48:00	2014-05-09 11:51:00	C1.2	12055.0	POINT(-25 14)	14	-25	-371.0	258.0
105010	2014-05-09 12:48:00	2014-05-09 12:58:00	2014-05-09 13:09:00	C1.9	12058.0	POINT(-74 -12)	-12	-74	-870.0	-217.0
105020	2014-05-09 14:13:00	2014-05-09 14:19:00	2014-05-09 14:38:00	C3.6	12058.0	POINT(-72 -11)	-11	-72	-873.0	-217.0
105030	2014-05-09 14:50:00	2014-05-09 15:01:00	2014-05-09 15:22:00	C7.8	12058.0	POINT(-66 -15)	-15	-66	-863.0	-230.0
105040	2014-05-10 06:50:00	2014-05-10 06:58:00	2014-05-10 08:09:00	C8.7	12056.0	POINT(-31 3)	3	-31	-432.0	111.0
105050	2014-05-10 08:31:00	2014-05-10 08:40:00	2014-05-10 08:48:00	C2.1	12055.0	POINT(-13 14)	14	-13	-207.0	229.0
105060	2014-05-10 09:22:00	2014-05-10 09:39:00	2014-05-10 09:47:00	C2.4	12052.0	POINT(48 -12)	-12	48	698.0	-172.0
105070	2014-05-10 18:17:00	2014-05-10 18:22:00	2014-05-10 18:28:00	B9.7	12056.0	POINT(-23 5)	5	-23	-366.0	135.0
105080	2014-05-10 18:31:00	2014-05-10 18:46:00	2014-05-10 18:53:00	C1.8	12056.0	POINT(-23 5)	5	-23	-385.0	147.0
105090	2014-05-10 21:52:00	2014-05-10 21:55:00	2014-05-10 21:59:00	C1.1		POINT(-46 -10)	-10	-46	-677.0	-140.0
105100	2014-05-10 23:47:00	2014-05-10 23:54:00	2014-05-11 00:01:00	C4.2	12055.0	POINT(-4 12)	12	-4	-79.0	253.0
105110	2014-05-11 04:33:00	2014-05-11 04:43:00	2014-05-11 04:49:00	C6.4	12058.0	POINT(-44 -11)	-11	-44	-639.0	-126.0
105120	2014-05-11 05:21:00	2014-05-11 05:25:00	2014-05-11 05:28:00	C2.3	12056.0	POINT(-31 3)	3	-31	-488.0	49.0
105130	2014-05-11 08:07:00	2014-05-11 08:08:00	2014-05-11 08:25:00	C1.6	12055.0	POINT(1 11)	11	1	36.0	293.0
105140	2014-05-11 09:16:00	2014-05-11 09:20:00	2014-05-11 09:22:00	C1.3	12055.0	POINT(0 10)	10	0	-14.0	235.0
105150	2014-05-11 13:01:00	2014-05-11 13:11:00	2014-05-11 13:18:00	C1.2	12056.0	POINT(-11 4)	4	-11	-150.0	113.0
105160	2014-05-11 17:07:00	2014-05-11 17:14:00	2014-05-11 17:19:00	C3.1	12056.0	POINT(-7 3)	3	-7	-105.0	116.0
105170	2014-05-11 17:40:00	2014-05-11 17:44:00	2014-05-11 17:49:00	C1.3	12060.0	POINT(67 -20)	-20	67	822.0	-307.0
105180	2014-05-11 18:40:00	2014-05-11 19:16:00	2014-05-11 19:49:00	C3.4	12056.0	POINT(-10 5)	5	-10	-164.0	82.0
105190	2014-05-12 01:33:00	2014-05-12 01:51:00	2014-05-12 02:09:00	C1.8	12056.0	POINT(-7 6)	6	-7	-116.0	162.0
105200	2014-05-12 03:15:00	2014-05-12 03:21:00	2014-05-12 03:32:00	C1.3	12060.0	POINT(-36 -17)	-17	-36	-532.0	-249.0
105210	2014-05-12 06:25:00	2014-05-12 06:42:00	2014-05-12 06:55:00	C2.3	12059.0	POINT(-4 4)	4	-4	27.0	114.0
105220	2014-05-12 07:23:00	2014-05-12 07:36:00	2014-05-12 07:44:00	C1.5	12060.0	POINT(-34 -17)	-17	-34	-503.0	-252.0
105230	2014-05-12 17:56:00	2014-05-12 18:05:00	2014-05-12 18:11:00	C1.1	12060.0	POINT(-28 -19)	-19	-28	-423.0	-255.0
105240	2014-05-12 22:09:00	2014-05-12 22:16:00	2014-05-12 22:24:00	C1.0	12060.0	POINT(-25 -17)	-17	-25	-387.0	-238.0
105250	2014-05-13 09:15:00	2014-05-13 09:20:00	2014-05-13 09:23:00	C1.5	12056.0	POINT(11 7)	7	11	183.0	165.0
105260	2014-05-13 10:22:00	2014-05-13 10:30:00	2014-05-13 10:41:00	C1.1	12060.0	POINT(-17 -17)	-17	-17	-279.0	-235.0
105270	2014-05-13 21:53:00	2014-05-13 22:24:00	2014-05-13 23:07:00	C6.8	12056.0	POINT(21 6)	6	21	322.0	141.0
105280	2014-05-14 00:49:00	2014-05-14 00:53:00	2014-05-14 00:56:00	C2.8	12063.0	POINT(-56 10)	10	-56	-795.0	191.0
105290	2014-05-14 03:25:00	2014-05-14 03:35:00	2014-05-14 03:51:00	C1.6	12060.0	POINT(-9 -14)	-14	-9	-116.0	-177.0
105300	2014-05-14 04:36:00	2014-05-14 04:42:00	2014-05-14 05:36:00	C2.1	12063.0	POINT(-53 11)	11	-53	-777.0	173.0
105310	2014-05-14 05:55:00	2014-05-14 06:20:00	2014-05-14 06:33:00	C1.6	12063.0	POINT(-53 11)	11	-53	-767.0	194.0
105320	2014-05-14 08:29:00	2014-05-14 08:50:00	2014-05-14 09:29:00	C2.6	12063.0	POINT(-52 12)	12	-52	-760.0	187.0
105330	2014-05-14 12:15:00	2014-05-14 12:20:00	2014-05-14 12:28:00	C1.5	12063.0	POINT(-50 9)	9	-50	-725.0	180.0
105340	2014-05-14 12:59:00	2014-05-14 15:04:00	2014-05-14 15:28:00	C8.3	12056.0	POINT(30 7)	7	30	471.0	115.0
105350	2014-05-15 02:31:00	2014-05-15 02:56:00	2014-05-15 03:18:00	C5.0	12058.0	POINT(11 -7)	-7	11	180.0	-82.0
105360	2014-05-15 03:36:00	2014-05-15 03:40:00	2014-05-15 03:44:00	C3.2	12060.0	POINT(7 -16)	-16	7	113.0	-234.0
105370	2014-05-15 05:23:00	2014-05-15 05:29:00	2014-05-15 05:54:00	C3.2	12063.0	POINT(-40 12)	12	-40	-621.0	219.0
105380	2014-05-15 12:59:00	2014-05-15 13:03:00	2014-05-15 13:12:00	B8.6		POINT(44 4)	4	44	663.0	101.0
105390	2014-05-15 14:02:00	2014-05-15 14:06:00	2014-05-15 14:11:00	C1.0	12060.0	POINT(13 -13)	-13	13	210.0	-174.0
105400	2014-05-15 19:52:00	2014-05-15 20:10:00	2014-05-15 20:17:00	C1.0	12056.0	POINT(46 8)	8	46	676.0	132.0
105410	2014-05-15 20:58:00	2014-05-15 21:08:00	2014-05-15 21:12:00	C1.4	12060.0	POINT(15 -13)	-13	15	243.0	-178.0
105420	2014-05-16 00:04:00	2014-05-16 00:09:00	2014-05-16 00:16:00	C1.8	12056.0	POINT(51 5)	5	51	739.0	102.0
105430	2014-05-16 03:26:00	2014-05-16 03:32:00	2014-05-16 03:37:00	C1.3	12053.0	POINT(-29 9)	9	-29	-459.0	192.0
105440	2014-05-16 05:41:00	2014-05-16 05:48:00	2014-05-16 05:59:00	C1.3	12056.0	POINT(55 4)	4	55	781.0	101.0
105450	2014-05-16 06:58:00	2014-05-16 07:04:00	2014-05-16 07:09:00	C5.7	12056.0	POINT(55 5)	5	55	782.0	111.0
105460	2014-05-16 07:12:00	2014-05-16 07:16:00	2014-05-16 07:18:00	C2.9	12056.0	POINT(56 6)	6	56	782.0	99.0
105470	2014-05-16 08:57:00	2014-05-16 09:03:00	2014-05-16 09:14:00	B9.4	12063.0	POINT(-26 11)	11	-26	-427.0	197.0
105480	2014-05-16 13:26:00	2014-05-16 13:31:00	2014-05-16 13:37:00	C1.5	12056.0	POINT(59 5)	5	59	818.0	118.0
105490	2014-05-16 20:11:00	2014-05-16 20:16:00	2014-05-16 20:24:00	C2.5	12063.0	POINT(-20 9)	9	-20	-330.0	195.0
105500	2014-05-17 02:34:00	2014-05-17 02:39:00	2014-05-17 02:48:00	C3.3	12066.0	POINT(-1 -15)	-15	-1	-19.0	-215.0
105510	2014-05-18 02:33:00	2014-05-18 02:39:00	2014-05-18 02:45:00	C1.2	12063.0	POINT(-5 12)	12	-5	-80.0	197.0
105520	2014-05-18 06:11:00	2014-05-18 06:54:00	2014-05-18 08:59:00	C3.8	12056.0	POINT(89 6)	6	89	953.0	109.0
105530	2014-05-19 20:37:00	2014-05-19 21:10:00	2014-05-19 21:27:00	C1.2	12071.0	POINT(-89 -8)	-8	-89	-978.0	-149.0
105540	2014-05-20 01:11:00	2014-05-20 01:48:00	2014-05-20 02:37:00	C1.9	12060.0	POINT(89 -11)	-11	89	939.0	-192.0
105550	2014-05-20 16:42:00	2014-05-20 16:51:00	2014-05-20 17:01:00	B9.2		POINT(-72 -12)	-12	-72	-882.0	-198.0
105560	2014-05-20 21:01:00	2014-05-20 21:35:00	2014-05-20 22:01:00	C1.0	12071.0	POINT(-70 -12)	-12	-70	-874.0	-196.0
105570	2014-05-21 00:59:00	2014-05-21 01:38:00	2014-05-21 02:06:00	C2.3	12071.0	POINT(-64 -12)	-12	-64	-852.0	-200.0
105580	2014-05-21 07:09:00	2014-05-21 07:23:00	2014-05-21 07:31:00	C1.6	12066.0	POINT(63 -22)	-22	63	780.0	-306.0
105590	2014-05-21 08:25:00	2014-05-21 08:29:00	2014-05-21 08:32:00	B7.8	12066.0	POINT(61 -20)	-20	61	791.0	-282.0
105600	2014-05-21 19:28:00	2014-05-21 19:34:00	2014-05-21 19:39:00	B7.7	12069.0	POINT(-14 -17)	-17	-14	-234.0	-256.0
105610	2014-05-22 03:04:00	2014-05-22 03:10:00	2014-05-22 03:14:00	C6.4	12072.0	POINT(7 -19)	-19	7	117.0	-281.0
105620	2014-05-22 03:41:00	2014-05-22 03:48:00	2014-05-22 03:59:00	B9.2	12073.0	POINT(71 -20)	-20	71	843.0	-322.0
105630	2014-05-22 13:13:00	2014-05-22 13:26:00	2014-05-22 13:33:00	C1.4	12066.0	POINT(89 -18)	-18	89	918.0	-302.0
105640	2014-05-22 22:14:00	2014-05-22 22:19:00	2014-05-22 22:23:00	C1.1	12071.0	POINT(-38 -13)	-13	-38	-573.0	-191.0
105650	2014-05-23 04:51:00	2014-05-23 04:58:00	2014-05-23 05:04:00	C1.5	12065.0	POINT(35 -19)	-19	35	501.0	-284.0
105660	2014-05-23 10:34:00	2014-05-23 11:49:00	2014-05-23 12:28:00	C1.1	12068.0	POINT(-50 -9)	-9	-50	-719.0	-142.0
105670	2014-05-23 15:46:00	2014-05-23 15:51:00	2014-05-23 15:56:00	B7.9	12065.0	POINT(39 -19)	-19	39	567.0	-290.0
105680	2014-05-23 19:31:00	2014-05-23 19:54:00	2014-05-23 20:17:00	B7.3	12068.0	POINT(29 -1)	-1	29	472.0	-3.0
105690	2014-05-24 01:39:00	2014-05-24 01:45:00	2014-05-24 01:51:00	B8.2		POINT(47 -19)	-19	47	659.0	-291.0
105700	2014-05-24 04:47:00	2014-05-24 04:51:00	2014-05-24 04:56:00	B8.0	12065.0	POINT(47 -18)	-18	47	666.0	-291.0
105710	2014-05-24 06:09:00	2014-05-24 06:16:00	2014-05-24 06:28:00	B8.0		POINT(47 -20)	-20	47	662.0	-311.0
105720	2014-05-24 07:34:00	2014-05-24 07:37:00	2014-05-24 07:40:00	C1.0	12065.0	POINT(47 -18)	-18	47	658.0	-287.0
105730	2014-05-24 08:13:00	2014-05-24 09:11:00	2014-05-24 10:31:00	C1.0	12065.0	POINT(49 -21)	-21	49	681.0	-312.0
105740	2014-05-24 11:56:00	2014-05-24 12:44:00	2014-05-24 13:03:00	C1.1	12065.0	POINT(51 -21)	-21	51	690.0	-306.0
105750	2014-05-24 13:04:00	2014-05-24 13:43:00	2014-05-24 14:57:00	C1.0	12065.0	POINT(53 -21)	-21	53	710.0	-301.0
105760	2014-05-24 14:04:00	2014-05-24 14:28:00	2014-05-24 14:36:00	C1.3	12065.0	POINT(40 -16)	-16	40	585.0	-261.0
105770	2014-05-24 17:50:00	2014-05-24 17:52:00	2014-05-24 17:55:00	C1.0	12065.0	POINT(52 -19)	-19	52	712.0	-309.0
105780	2014-05-24 18:26:00	2014-05-24 18:35:00	2014-05-24 18:44:00	M1.3	12065.0	POINT(53 -20)	-20	53	712.0	-322.0
105790	2014-05-24 20:16:00	2014-05-24 20:24:00	2014-05-24 20:32:00	C1.2	12065.0	POINT(54 -19)	-19	54	727.0	-305.0
105800	2014-05-24 22:32:00	2014-05-24 22:57:00	2014-05-24 23:07:00	C1.6	12065.0	POINT(58 -17)	-17	58	770.0	-264.0
105810	2014-05-25 17:46:00	2014-05-25 17:53:00	2014-05-25 17:59:00	C2.5	12065.0	POINT(70 -17)	-17	70	854.0	-278.0
105820	2014-05-25 21:30:00	2014-05-25 21:38:00	2014-05-25 21:54:00	C2.1	12065.0	POINT(73 -17)	-17	73	866.0	-279.0
105830	2014-05-25 22:09:00	2014-05-25 22:18:00	2014-05-25 22:24:00	C1.7	12065.0	POINT(73 -17)	-17	73	865.0	-280.0
105840	2014-05-25 23:14:00	2014-05-25 23:19:00	2014-05-25 23:26:00	C1.2	12065.0	POINT(73 -17)	-17	73	865.0	-277.0
105850	2014-05-25 23:49:00	2014-05-26 00:00:00	2014-05-26 00:04:00	C3.8	12065.0	POINT(73 -17)	-17	73	867.0	-279.0
105860	2014-05-26 04:43:00	2014-05-26 04:48:00	2014-05-26 04:54:00	B8.5	12065.0	POINT(78 -17)	-17	78	884.0	-281.0
105870	2014-05-26 12:36:00	2014-05-26 12:41:00	2014-05-26 12:49:00	C1.0	12065.0	POINT(84 -17)	-17	84	899.0	-279.0
105880	2014-05-26 15:52:00	2014-05-26 16:07:00	2014-05-26 16:39:00	C2.1	12065.0	POINT(89 -22)	-22	89	900.0	-374.0
105890	2014-05-26 20:02:00	2014-05-26 20:12:00	2014-05-26 20:20:00	C1.6	12065.0	POINT(89 -17)	-17	89	911.0	-282.0
105900	2014-05-26 21:03:00	2014-05-26 21:08:00	2014-05-26 21:16:00	C1.0	12065.0	POINT(89 -17)	-17	89	908.0	-281.0
105910	2014-05-26 22:49:00	2014-05-26 23:11:00	2014-05-26 23:43:00	C1.1	12065.0	POINT(75 -21)	-21	75	855.0	-336.0
105920	2014-05-27 14:07:00	2014-05-27 14:15:00	2014-05-27 14:23:00	C4.9	12065.0	POINT(89 -22)	-22	89	887.0	-362.0
105930	2014-05-27 18:40:00	2014-05-27 18:51:00	2014-05-27 19:17:00	C1.1	12071.0	POINT(27 -14)	-14	27	455.0	-174.0
105940	2014-05-28 02:07:00	2014-05-28 02:21:00	2014-05-28 02:33:00	C1.7	12065.0	POINT(89 -20)	-20	89	896.0	-330.0
105950	2014-05-28 03:31:00	2014-05-28 03:37:00	2014-05-28 03:37:00	B7.4	12076.0	POINT(1 -20)	-20	1	-1.0	-305.0
105960	2014-05-28 06:38:00	2014-05-28 06:41:00	2014-05-28 06:50:00	B6.3	12069.0	POINT(72 -16)	-16	72	867.0	-257.0
105970	2014-05-29 04:21:00	2014-05-29 04:30:00	2014-05-29 04:40:00	C1.4	12071.0	POINT(50 -9)	-9	50	697.0	-172.0
105980	2014-05-29 08:42:00	2014-05-29 08:57:00	2014-05-29 09:12:00	B3.4		POINT(-89 8)	8	-89	-950.0	144.0
105990	2014-05-29 17:52:00	2014-05-29 18:19:00	2014-05-29 18:30:00	B4.6	12073.0	POINT(34 -12)	-12	34	520.0	-197.0
106000	2014-05-30 17:58:00	2014-05-30 18:06:00	2014-05-30 18:09:00	B4.4	12075.0	POINT(47 -13)	-13	47	681.0	-218.0
106010	2014-05-31 06:57:00	2014-05-31 07:05:00	2014-05-31 07:16:00	C1.1	12079.0	POINT(-89 16)	16	-89	-930.0	270.0
106020	2014-05-31 13:20:00	2014-05-31 13:23:00	2014-05-31 13:26:00	B6.0	12076.0	POINT(57 -21)	-21	57	764.0	-309.0
106030	2014-05-31 14:54:00	2014-05-31 15:18:00	2014-05-31 15:38:00	B9.2		POINT(-89 15)	15	-89	-965.0	259.0
106040	2014-05-31 15:45:00	2014-05-31 15:56:00	2014-05-31 16:03:00	C1.3	12076.0	POINT(47 -20)	-20	47	657.0	-314.0
106050	2014-06-01 01:27:00	2014-06-01 01:37:00	2014-06-01 01:49:00	C2.4	12079.0	POINT(-72 9)	9	-72	-909.0	187.0
106060	2014-06-01 03:46:00	2014-06-01 03:55:00	2014-06-01 04:06:00	B8.0	12073.0	POINT(71 -12)	-12	71	858.0	-198.0
106070	2014-06-01 11:41:00	2014-06-01 11:53:00	2014-06-01 12:00:00	C1.2	12077.0	POINT(-55 -3)	-3	-55	-785.0	-58.0
106080	2014-06-01 14:49:00	2014-06-01 14:54:00	2014-06-01 15:00:00	B4.9	12077.0	POINT(-54 -5)	-5	-54	-768.0	-87.0
106090	2014-06-02 07:27:00	2014-06-02 07:31:00	2014-06-02 07:34:00	B3.9	12077.0	POINT(-44 -3)	-3	-44	-662.0	-54.0
106100	2014-06-02 23:29:00	2014-06-02 23:32:00	2014-06-02 23:35:00	B4.5		POINT(-32 -6)	-6	-32	-512.0	-98.0
106110	2014-06-03 03:58:00	2014-06-03 04:09:00	2014-06-03 04:17:00	M1.3	12077.0	POINT(-30 -5)	-5	-30	-481.0	-101.0
106120	2014-06-03 17:55:00	2014-06-03 18:02:00	2014-06-03 18:07:00	B7.6	12077.0	POINT(-22 -7)	-7	-22	-356.0	-112.0
106130	2014-06-03 20:58:00	2014-06-03 21:03:00	2014-06-03 21:07:00	B5.7	12077.0	POINT(-20 -7)	-7	-20	-330.0	-126.0
106140	2014-06-04 01:27:00	2014-06-04 01:36:00	2014-06-04 01:41:00	C2.1	12077.0	POINT(-18 -5)	-5	-18	-306.0	-88.0
106150	2014-06-04 06:03:00	2014-06-04 06:06:00	2014-06-04 06:10:00	B8.5	12080.0	POINT(-57 -13)	-13	-57	-776.0	-213.0
106160	2014-06-04 06:29:00	2014-06-04 06:36:00	2014-06-04 06:41:00	C1.3	12077.0	POINT(-16 -8)	-8	-16	-232.0	-109.0
106170	2014-06-04 07:07:00	2014-06-04 07:10:00	2014-06-04 07:16:00	B3.9	12080.0	POINT(-57 -12)	-12	-57	-779.0	-203.0
106180	2014-06-04 07:40:00	2014-06-04 07:44:00	2014-06-04 07:50:00	B4.0	12080.0	POINT(-57 -12)	-12	-57	-777.0	-200.0
106190	2014-06-04 16:52:00	2014-06-04 16:56:00	2014-06-04 17:02:00	B4.3	12080.0	POINT(-51 -11)	-11	-51	-733.0	-205.0
106200	2014-06-04 20:44:00	2014-06-04 20:48:00	2014-06-04 20:55:00	B6.9	12080.0	POINT(-50 -12)	-12	-50	-708.0	-209.0
106210	2014-06-05 12:57:00	2014-06-05 13:12:00	2014-06-05 13:19:00	B5.5	12082.0	POINT(-46 16)	16	-46	-663.0	266.0
106220	2014-06-05 13:59:00	2014-06-05 14:09:00	2014-06-05 14:16:00	B4.8	12082.0	POINT(-46 16)	16	-46	-656.0	269.0
106230	2014-06-06 10:19:00	2014-06-06 10:24:00	2014-06-06 10:28:00	C1.1	12080.0	POINT(-29 -10)	-10	-29	-447.0	-168.0
106240	2014-06-06 13:06:00	2014-06-06 13:11:00	2014-06-06 13:15:00	C3.6	12080.0	POINT(-25 -12)	-12	-25	-444.0	-183.0
106250	2014-06-06 13:20:00	2014-06-06 13:27:00	2014-06-06 13:32:00	C2.0	12080.0	POINT(-26 -10)	-10	-26	-416.0	-176.0
106260	2014-06-06 14:05:00	2014-06-06 14:08:00	2014-06-06 14:11:00	C1.0	12080.0	POINT(-26 -12)	-12	-26	-416.0	-204.0
106270	2014-06-06 15:00:00	2014-06-06 15:04:00	2014-06-06 15:07:00	C1.2	12080.0	POINT(-26 -10)	-10	-26	-411.0	-163.0
106280	2014-06-06 19:26:00	2014-06-06 19:31:00	2014-06-06 19:33:00	M1.4	12080.0	POINT(-25 -12)	-12	-25	-396.0	-199.0
106290	2014-06-06 22:19:00	2014-06-06 22:25:00	2014-06-06 22:27:00	C3.4	12080.0	POINT(-23 -13)	-13	-23	-365.0	-210.0
106300	2014-06-07 02:10:00	2014-06-07 02:15:00	2014-06-07 02:20:00	B9.1	12080.0	POINT(-17 -11)	-11	-17	-282.0	-187.0
106310	2014-06-07 05:04:00	2014-06-07 05:09:00	2014-06-07 05:14:00	B8.9	12080.0	POINT(-16 -11)	-11	-16	-254.0	-189.0
106320	2014-06-07 06:08:00	2014-06-07 06:12:00	2014-06-07 06:15:00	B7.5	12083.0	POINT(-19 -13)	-13	-19	-306.0	-216.0
106330	2014-06-07 06:16:00	2014-06-07 06:25:00	2014-06-07 06:32:00	C3.0	12083.0	POINT(89 -12)	-12	89	922.0	-206.0
106340	2014-06-07 10:16:00	2014-06-07 10:20:00	2014-06-07 10:25:00	C1.1	12083.0	POINT(89 -12)	-12	89	923.0	-206.0
106350	2014-06-08 01:35:00	2014-06-08 01:46:00	2014-06-08 02:00:00	B9.9	12080.0	POINT(-4 -12)	-12	-4	-64.0	-196.0
106360	2014-06-08 08:34:00	2014-06-08 10:02:00	2014-06-08 10:49:00	C1.9		POINT(-89 -16)	-16	-89	-920.0	-273.0
106370	2014-06-08 16:52:00	2014-06-08 16:55:00	2014-06-08 16:57:00	C1.4	12080.0	POINT(1 -13)	-13	1	12.0	-205.0
106380	2014-06-08 23:02:00	2014-06-08 23:18:00	2014-06-08 23:31:00	C1.6	12085.0	POINT(-1 -19)	-19	-1	-15.0	-307.0
106390	2014-06-08 23:46:00	2014-06-08 23:54:00	2014-06-09 00:01:00	C5.2		POINT(-89 -13)	-13	-89	-932.0	-227.0
106400	2014-06-09 00:18:00	2014-06-09 00:23:00	2014-06-09 00:26:00	C1.6	12085.0	POINT(13 -12)	-12	13	222.0	-210.0
106410	2014-06-09 01:09:00	2014-06-09 01:19:00	2014-06-09 01:32:00	C3.7	12085.0	POINT(0 -20)	-20	0	4.0	-320.0
106420	2014-06-09 04:16:00	2014-06-09 04:22:00	2014-06-09 04:27:00	C4.9		POINT(3 -19)	-19	3	46.0	-307.0
106430	2014-06-09 07:20:00	2014-06-09 07:25:00	2014-06-09 07:29:00	C2.2	12080.0	POINT(18 -12)	-12	18	288.0	-216.0
106440	2014-06-09 12:24:00	2014-06-09 12:29:00	2014-06-09 12:33:00	C9.0	12085.0	POINT(12 -19)	-19	12	185.0	-307.0
106450	2014-06-09 17:03:00	2014-06-09 17:08:00	2014-06-09 17:14:00	C8.8	12087.0	POINT(-89 -18)	-18	-89	-899.0	-303.0
106460	2014-06-10 06:19:00	2014-06-10 06:28:00	2014-06-10 06:36:00	C2.4	12080.0	POINT(26 -15)	-15	26	400.0	-244.0
106470	2014-06-10 08:17:00	2014-06-10 08:25:00	2014-06-10 08:32:00	C3.9	12087.0	POINT(-84 -18)	-18	-84	-890.0	-305.0
106480	2014-06-10 09:17:00	2014-06-10 09:31:00	2014-06-10 09:40:00	C5.1	12087.0	POINT(-84 -17)	-17	-84	-895.0	-288.0
106490	2014-06-10 10:04:00	2014-06-10 10:17:00	2014-06-10 10:25:00	C5.0	12087.0	POINT(-82 -18)	-18	-82	-887.0	-302.0
106500	2014-06-10 11:36:00	2014-06-10 11:42:00	2014-06-10 11:44:00	X2.2	12087.0	POINT(-80 -15)	-15	-80	-884.0	-309.0
106510	2014-06-10 12:36:00	2014-06-10 12:52:00	2014-06-10 13:03:00	X1.5	12087.0	POINT(-82 -17)	-17	-82	-893.0	-326.0
106520	2014-06-10 16:35:00	2014-06-10 16:38:00	2014-06-10 16:42:00	C1.5	12085.0	POINT(29 -21)	-21	29	427.0	-338.0
106530	2014-06-10 23:46:00	2014-06-11 00:07:00	2014-06-11 00:14:00	C2.1	12087.0	POINT(-74 -17)	-17	-74	-868.0	-284.0
106540	2014-06-11 01:22:00	2014-06-11 01:28:00	2014-06-11 01:30:00	C3.9	12089.0	POINT(-30 17)	17	-30	-449.0	270.0
106550	2014-06-11 02:56:00	2014-06-11 03:02:00	2014-06-11 03:10:00	C2.3	12082.0	POINT(28 13)	13	28	447.0	206.0
106560	2014-06-11 04:39:00	2014-06-11 04:44:00	2014-06-11 05:18:00	C5.0	12087.0	POINT(-71 -17)	-17	-71	-848.0	-282.0
106570	2014-06-11 05:30:00	2014-06-11 05:34:00	2014-06-11 05:36:00	M1.8	12080.0	POINT(35 -12)	-12	35	533.0	-204.0
106580	2014-06-11 06:26:00	2014-06-11 06:32:00	2014-06-11 06:37:00	C3.4	12087.0	POINT(-69 -13)	-13	-69	-840.0	-300.0
106590	2014-06-11 07:08:00	2014-06-11 07:12:00	2014-06-11 07:20:00	C2.8	12080.0	POINT(35 -13)	-13	35	555.0	-207.0
106600	2014-06-11 08:00:00	2014-06-11 08:05:00	2014-06-11 09:52:00	M3.0	12087.0	POINT(-68 -14)	-14	-68	-836.0	-305.0
106610	2014-06-11 08:59:00	2014-06-11 09:06:00	2014-06-11 09:10:00	X1.0	12087.0	POINT(-65 -18)	-18	-65	-825.0	-300.0
106620	2014-06-11 11:37:00	2014-06-11 11:42:00	2014-06-11 11:47:00	C2.3	12087.0	POINT(-62 -12)	-12	-62	-801.0	-240.0
106630	2014-06-11 12:45:00	2014-06-11 12:48:00	2014-06-11 12:50:00	C1.8	12080.0	POINT(39 -13)	-13	39	581.0	-201.0
106640	2014-06-11 15:15:00	2014-06-11 15:19:00	2014-06-11 15:23:00	C1.7	12087.0	POINT(-64 -18)	-18	-64	-806.0	-305.0
106650	2014-06-11 16:23:00	2014-06-11 16:28:00	2014-06-11 16:31:00	C2.6	12089.0	POINT(-22 18)	18	-22	-335.0	261.0
106660	2014-06-11 18:39:00	2014-06-11 18:45:00	2014-06-11 18:50:00	C3.6	12087.0	POINT(-64 -16)	-16	-64	-803.0	-276.0
106670	2014-06-11 20:53:00	2014-06-11 21:03:00	2014-06-11 21:10:00	M3.9	12087.0	POINT(-58 -21)	-21	-58	-774.0	-307.0
106680	2014-06-12 00:37:00	2014-06-12 00:42:00	2014-06-12 00:49:00	C3.6	12085.0	POINT(44 -18)	-18	44	605.0	-302.0
106690	2014-06-12 01:18:00	2014-06-12 01:28:00	2014-06-12 01:34:00	C4.4	12087.0	POINT(-60 -17)	-17	-60	-776.0	-277.0
106700	2014-06-12 04:14:00	2014-06-12 04:21:00	2014-06-12 04:26:00	M2.0	12087.0	POINT(-55 -16)	-16	-55	-742.0	-305.0
106710	2014-06-12 04:51:00	2014-06-12 05:07:00	2014-06-12 05:20:00	C4.5	12087.0	POINT(-58 -21)	-21	-58	-750.0	-392.0
106720	2014-06-12 06:25:00	2014-06-12 06:42:00	2014-06-12 06:50:00	C3.7	12087.0	POINT(-53 -14)	-14	-53	-735.0	-302.0
106730	2014-06-12 09:23:00	2014-06-12 09:37:00	2014-06-12 09:42:00	M1.8	12085.0	POINT(48 -18)	-18	48	668.0	-308.0
106740	2014-06-12 10:14:00	2014-06-12 10:21:00	2014-06-12 10:27:00	M2.7	12087.0	POINT(-52 -20)	-20	-52	-708.0	-308.0
106750	2014-06-12 13:14:00	2014-06-12 13:20:00	2014-06-12 13:28:00	C3.8	12080.0	POINT(58 -13)	-13	58	813.0	-227.0
106760	2014-06-12 15:57:00	2014-06-12 16:03:00	2014-06-12 16:09:00	C7.8	12085.0	POINT(51 -20)	-20	51	704.0	-313.0
106770	2014-06-12 16:21:00	2014-06-12 16:25:00	2014-06-12 16:28:00	C3.5	12085.0	POINT(52 -19)	-19	52	702.0	-308.0
106780	2014-06-12 17:28:00	2014-06-12 17:35:00	2014-06-12 17:40:00	C6.1	12085.0	POINT(57 -24)	-24	57	739.0	-381.0
106790	2014-06-12 18:03:00	2014-06-12 18:13:00	2014-06-12 18:23:00	M1.3	12087.0	POINT(-48 -19)	-19	-48	-665.0	-311.0
106800	2014-06-12 19:56:00	2014-06-12 20:03:00	2014-06-12 20:05:00	M1.1	12089.0	POINT(-5 17)	17	-5	-81.0	286.0
106810	2014-06-12 21:01:00	2014-06-12 21:13:00	2014-06-12 21:19:00	M1.0	12087.0	POINT(-49 -22)	-22	-49	-654.0	-315.0
106820	2014-06-12 21:34:00	2014-06-12 22:16:00	2014-06-12 22:52:00	M3.1	12085.0	POINT(55 -20)	-20	55	803.0	-286.0
106830	2014-06-13 00:30:00	2014-06-13 00:34:00	2014-06-13 00:41:00	C8.5	12087.0	POINT(-45 -19)	-19	-45	-631.0	-307.0
106840	2014-06-13 03:31:00	2014-06-13 03:39:00	2014-06-13 03:43:00	C9.9		POINT(59 -19)	-19	59	767.0	-315.0
106850	2014-06-13 06:43:00	2014-06-13 06:47:00	2014-06-13 06:51:00	C2.0	12089.0	POINT(1 18)	18	1	25.0	275.0
106860	2014-06-13 07:44:00	2014-06-13 07:53:00	2014-06-13 08:18:00	M2.6	12087.0	POINT(-40 -18)	-18	-40	-567.0	-316.0
106870	2014-06-13 09:14:00	2014-06-13 09:18:00	2014-06-13 09:20:00	C3.8	12087.0	POINT(-40 -18)	-18	-40	-580.0	-314.0
106880	2014-06-13 10:39:00	2014-06-13 10:51:00	2014-06-13 10:56:00	C3.7	12087.0	POINT(-39 -18)	-18	-39	-552.0	-315.0
106890	2014-06-13 11:57:00	2014-06-13 12:02:00	2014-06-13 12:12:00	C2.5	12082.0	POINT(59 12)	12	59	796.0	237.0
106900	2014-06-13 15:21:00	2014-06-13 15:24:00	2014-06-13 15:27:00	C2.4	12087.0	POINT(-38 -19)	-19	-38	-538.0	-323.0
106910	2014-06-13 16:15:00	2014-06-13 16:19:00	2014-06-13 16:22:00	C2.1	12080.0	POINT(77 -13)	-13	77	897.0	-213.0
106920	2014-06-13 16:49:00	2014-06-13 16:55:00	2014-06-13 17:03:00	C3.3	12092.0	POINT(-55 -19)	-19	-55	-729.0	-336.0
106930	2014-06-13 20:13:00	2014-06-13 20:17:00	2014-06-13 20:20:00	C9.0	12087.0	POINT(-34 -20)	-20	-34	-494.0	-324.0
106940	2014-06-13 20:55:00	2014-06-13 21:01:00	2014-06-13 21:09:00	C4.1	12087.0	POINT(-38 -19)	-19	-38	-558.0	-329.0
106950	2014-06-14 03:45:00	2014-06-14 03:48:00	2014-06-14 03:50:00	C2.4	12085.0	POINT(70 -20)	-20	70	837.0	-334.0
106960	2014-06-14 09:11:00	2014-06-14 09:46:00	2014-06-14 10:16:00	C3.6	12087.0	POINT(-30 -17)	-17	-30	-466.0	-302.0
106970	2014-06-14 17:39:00	2014-06-14 17:47:00	2014-06-14 17:54:00	C3.3	12089.0	POINT(89 -10)	-10	89	936.0	-167.0
106980	2014-06-14 19:23:00	2014-06-14 19:29:00	2014-06-14 19:34:00	M1.4		POINT(-89 -10)	-10	-89	-939.0	-179.0
106990	2014-06-14 23:06:00	2014-06-14 23:10:00	2014-06-14 23:21:00	C2.1	12080.0	POINT(89 -10)	-10	89	939.0	-170.0
107000	2014-06-15 04:53:00	2014-06-15 05:13:00	2014-06-15 05:28:00	C2.9	12082.0	POINT(89 -12)	-12	89	948.0	-213.0
107010	2014-06-15 06:00:00	2014-06-15 06:05:00	2014-06-15 06:09:00	C7.5	12082.0	POINT(89 -10)	-10	89	933.0	-181.0
107020	2014-06-15 07:50:00	2014-06-15 08:09:00	2014-06-15 08:55:00	C7.0	12085.0	POINT(89 -12)	-12	89	957.0	-216.0
107030	2014-06-15 11:10:00	2014-06-15 11:39:00	2014-06-15 11:50:00	M1.1	12085.0	POINT(89 -22)	-22	89	884.0	-369.0
107040	2014-06-15 12:51:00	2014-06-15 13:21:00	2014-06-15 13:42:00	C5.4	12092.0	POINT(-27 -18)	-18	-27	-407.0	-291.0
107050	2014-06-15 15:12:00	2014-06-15 15:24:00	2014-06-15 15:35:00	C2.6	12087.0	POINT(89 -15)	-15	89	923.0	-260.0
107060	2014-06-15 15:41:00	2014-06-15 15:59:00	2014-06-15 16:10:00	C3.5	12087.0	POINT(89 -16)	-16	89	919.0	-264.0
107070	2014-06-15 17:06:00	2014-06-15 17:25:00	2014-06-15 18:11:00	C3.2		POINT(-89 -11)	-11	-89	-928.0	-193.0
107080	2014-06-15 23:50:00	2014-06-16 00:01:00	2014-06-16 00:17:00	M1.0	12087.0	POINT(-8 -19)	-19	-8	-132.0	-334.0
107090	2014-06-16 01:33:00	2014-06-16 02:15:00	2014-06-16 03:01:00	C8.3	12085.0	POINT(89 -13)	-13	89	934.0	-220.0
107100	2014-06-16 07:30:00	2014-06-16 07:34:00	2014-06-16 08:19:00	C2.8	12089.0	POINT(42 18)	18	42	609.0	279.0
107110	2014-06-16 11:26:00	2014-06-16 11:29:00	2014-06-16 11:32:00	C1.5	12089.0	POINT(42 18)	18	42	607.0	284.0
107120	2014-06-16 12:18:00	2014-06-16 12:21:00	2014-06-16 12:35:00	C1.1	12089.0	POINT(43 17)	17	43	623.0	276.0
107130	2014-06-16 14:48:00	2014-06-16 14:52:00	2014-06-16 14:56:00	C1.9	12089.0	POINT(45 17)	17	45	625.0	279.0
107140	2014-06-16 17:59:00	2014-06-16 18:07:00	2014-06-16 18:12:00	C2.3	12087.0	POINT(2 -20)	-20	2	34.0	-329.0
107150	2014-06-16 19:09:00	2014-06-16 19:18:00	2014-06-16 19:24:00	C2.9	12087.0	POINT(2 -20)	-20	2	47.0	-327.0
107160	2014-06-16 20:04:00	2014-06-16 20:08:00	2014-06-16 20:21:00	C3.2	12087.0	POINT(2 -20)	-20	2	30.0	-323.0
107170	2014-06-16 21:44:00	2014-06-16 21:51:00	2014-06-16 21:57:00	C2.3	12089.0	POINT(50 17)	17	50	673.0	279.0
107180	2014-06-17 01:29:00	2014-06-17 01:32:00	2014-06-17 01:35:00	B9.3	12093.0	POINT(-69 -11)	-11	-69	-869.0	-200.0
107190	2014-06-17 02:53:00	2014-06-17 03:19:00	2014-06-17 03:44:00	C1.3	12093.0	POINT(-61 -11)	-11	-61	-813.0	-201.0
107200	2014-06-17 04:58:00	2014-06-17 05:10:00	2014-06-17 05:23:00	C4.7	12087.0	POINT(8 -20)	-20	8	131.0	-355.0
107210	2014-06-17 07:36:00	2014-06-17 07:41:00	2014-06-17 07:46:00	B8.9		POINT(65 -23)	-23	65	788.0	-380.0
107220	2014-06-17 08:13:00	2014-06-17 08:19:00	2014-06-17 08:49:00	C3.0	12093.0	POINT(-65 -12)	-12	-65	-836.0	-218.0
107230	2014-06-17 09:59:00	2014-06-17 10:02:00	2014-06-17 10:05:00	B8.4		POINT(68 -22)	-22	68	807.0	-376.0
107240	2014-06-17 13:13:00	2014-06-17 13:19:00	2014-06-17 13:24:00	C1.0	12089.0	POINT(59 20)	20	59	766.0	322.0
107250	2014-06-17 14:04:00	2014-06-17 14:09:00	2014-06-17 14:14:00	B7.3		POINT(70 -22)	-22	70	824.0	-368.0
107260	2014-06-17 17:45:00	2014-06-17 17:52:00	2014-06-17 18:01:00	C1.4		POINT(73 -21)	-21	73	842.0	-359.0
107270	2014-06-17 23:54:00	2014-06-18 00:14:00	2014-06-18 00:21:00	C1.4		POINT(78 -21)	-21	78	860.0	-350.0
107280	2014-06-18 03:12:00	2014-06-18 03:31:00	2014-06-18 03:50:00	C4.0	12087.0	POINT(22 -22)	-22	22	330.0	-378.0
107290	2014-06-18 06:04:00	2014-06-18 06:14:00	2014-06-18 06:26:00	C2.2	12093.0	POINT(-46 -9)	-9	-46	-663.0	-201.0
107300	2014-06-18 07:35:00	2014-06-18 07:48:00	2014-06-18 07:58:00	C1.0		POINT(80 -25)	-25	80	878.0	-341.0
107310	2014-06-18 13:58:00	2014-06-18 14:03:00	2014-06-18 14:09:00	B7.4	12089.0	POINT(71 17)	17	71	854.0	283.0
107320	2014-06-18 15:40:00	2014-06-18 15:47:00	2014-06-18 15:54:00	C1.1	12089.0	POINT(71 17)	17	71	869.0	285.0
107330	2014-06-18 16:20:00	2014-06-18 16:25:00	2014-06-18 16:28:00	C1.8	12087.0	POINT(34 -16)	-16	34	511.0	-277.0
107340	2014-06-19 01:17:00	2014-06-19 01:24:00	2014-06-19 01:33:00	C1.5	12095.0	POINT(71 5)	5	71	893.0	60.0
107350	2014-06-19 18:36:00	2014-06-19 19:24:00	2014-06-19 19:46:00	C4.0	12093.0	POINT(-23 -9)	-9	-23	-378.0	-182.0
107360	2014-06-20 03:52:00	2014-06-20 04:27:00	2014-06-20 05:02:00	C1.6	12093.0	POINT(-17 -9)	-9	-17	-274.0	-179.0
107370	2014-06-20 10:49:00	2014-06-20 11:20:00	2014-06-20 11:42:00	C5.0	12093.0	POINT(-15 -9)	-9	-15	-209.0	-182.0
107380	2014-06-20 16:39:00	2014-06-20 16:48:00	2014-06-20 16:58:00	C1.0	12093.0	POINT(-11 -10)	-10	-11	-203.0	-171.0
107390	2014-06-20 18:23:00	2014-06-20 18:33:00	2014-06-20 18:46:00	C1.6	12087.0	POINT(61 -22)	-22	61	767.0	-368.0
107400	2014-06-21 02:39:00	2014-06-21 03:13:00	2014-06-21 03:32:00	B6.7	12093.0	POINT(-4 -8)	-8	-4	-84.0	-193.0
107410	2014-06-21 04:52:00	2014-06-21 04:56:00	2014-06-21 05:03:00	B7.6	12093.0	POINT(-5 -8)	-8	-5	-72.0	-166.0
107420	2014-06-21 11:04:00	2014-06-21 11:17:00	2014-06-21 11:40:00	C2.1	12093.0	POINT(-1 -9)	-9	-1	0.0	-189.0
107430	2014-06-21 13:34:00	2014-06-21 13:56:00	2014-06-21 14:09:00	B4.8	12093.0	POINT(-3 -11)	-11	-3	-48.0	-180.0
107440	2014-06-21 15:40:00	2014-06-21 15:46:00	2014-06-21 15:52:00	B5.1	12093.0	POINT(-3 -11)	-11	-3	-48.0	-180.0
107450	2014-06-21 19:07:00	2014-06-21 19:46:00	2014-06-21 20:15:00	C1.0	12093.0	POINT(4 -10)	-10	4	56.0	-169.0
107460	2014-06-21 21:52:00	2014-06-21 21:57:00	2014-06-21 22:00:00	B3.6	12093.0	POINT(-1 -11)	-11	-1	-16.0	-180.0
107470	2014-06-22 00:30:00	2014-06-22 00:38:00	2014-06-22 01:04:00	B5.1	12093.0	POINT(-89 6)	6	-89	-944.0	99.0
107480	2014-06-22 10:51:00	2014-06-22 10:59:00	2014-06-22 11:23:00	B3.3	12096.0	POINT(-78 8)	8	-78	-913.0	138.0
107490	2014-06-22 13:01:00	2014-06-22 13:13:00	2014-06-22 13:48:00	B7.9	12093.0	POINT(12 -10)	-10	12	201.0	-181.0
107500	2014-06-22 13:53:00	2014-06-22 13:57:00	2014-06-22 14:03:00	B6.1	12087.0	POINT(81 -22)	-22	81	863.0	-363.0
107510	2014-06-22 17:13:00	2014-06-22 17:40:00	2014-06-22 17:52:00	B3.4	12093.0	POINT(19 -10)	-10	19	306.0	-195.0
107520	2014-06-22 21:13:00	2014-06-22 21:24:00	2014-06-22 21:34:00	B3.3	12096.0	POINT(-77 6)	6	-77	-914.0	103.0
107530	2014-06-23 00:19:00	2014-06-23 01:01:00	2014-06-23 01:18:00	B3.7	12096.0	POINT(-70 8)	8	-70	-880.0	129.0
107540	2014-06-23 04:44:00	2014-06-23 04:48:00	2014-06-23 04:55:00	B4.2	12092.0	POINT(89 -6)	-6	89	944.0	-107.0
107550	2014-06-23 07:23:00	2014-06-23 07:33:00	2014-06-23 07:39:00	B4.6	12087.0	POINT(89 -6)	-6	89	942.0	-111.0
107560	2014-06-23 13:25:00	2014-06-23 13:30:00	2014-06-23 13:33:00	B5.3		POINT(29 -10)	-10	29	459.0	-202.0
107570	2014-06-23 14:14:00	2014-06-23 14:44:00	2014-06-23 14:48:00	C1.0	12093.0	POINT(89 -18)	-18	89	896.0	-298.0
107580	2014-06-23 16:42:00	2014-06-23 16:45:00	2014-06-23 16:47:00	B4.5	12096.0	POINT(84 -18)	-18	84	890.0	-303.0
107590	2014-06-24 00:08:00	2014-06-24 00:29:00	2014-06-24 00:46:00	C2.1	12092.0	POINT(88 -21)	-21	88	892.0	-346.0
107600	2014-06-24 10:28:00	2014-06-24 10:42:00	2014-06-24 11:00:00	B6.8		POINT(-89 9)	9	-89	-941.0	163.0
107610	2014-06-24 11:55:00	2014-06-24 12:02:00	2014-06-24 12:11:00	B3.6		POINT(-89 9)	9	-89	-945.0	155.0
107620	2014-06-24 13:38:00	2014-06-24 13:43:00	2014-06-24 13:47:00	B4.3		POINT(-89 7)	7	-89	-942.0	129.0
107630	2014-06-24 15:47:00	2014-06-24 15:54:00	2014-06-24 16:03:00	B6.3	12096.0	POINT(-89 10)	10	-89	-941.0	172.0
107640	2014-06-24 18:37:00	2014-06-24 18:44:00	2014-06-24 18:47:00	B9.7	12096.0	POINT(-48 10)	10	-48	-702.0	138.0
107650	2014-06-24 20:56:00	2014-06-24 21:03:00	2014-06-24 21:07:00	C1.2	12096.0	POINT(-47 10)	10	-47	-687.0	141.0
107660	2014-06-25 05:35:00	2014-06-25 05:40:00	2014-06-25 05:43:00	B9.6	12096.0	POINT(-43 9)	9	-43	-649.0	123.0
107670	2014-06-25 06:10:00	2014-06-25 06:30:00	2014-06-25 06:41:00	B6.4	12096.0	POINT(-42 9)	9	-42	-626.0	141.0
107680	2014-06-25 10:23:00	2014-06-25 10:30:00	2014-06-25 10:41:00	B5.5	12096.0	POINT(-39 10)	10	-39	-594.0	137.0
107690	2014-06-25 18:50:00	2014-06-25 19:00:00	2014-06-25 19:08:00	B5.2		POINT(-89 -15)	-15	-89	-911.0	-260.0
107700	2014-06-26 02:37:00	2014-06-26 02:42:00	2014-06-26 02:49:00	B5.2	12096.0	POINT(-33 9)	9	-33	-500.0	138.0
107710	2014-06-26 07:28:00	2014-06-26 07:36:00	2014-06-26 07:41:00	B3.1	12096.0	POINT(-29 10)	10	-29	-466.0	142.0
107720	2014-06-26 09:10:00	2014-06-26 09:18:00	2014-06-26 09:30:00	C2.2	12096.0	POINT(-27 10)	10	-27	-424.0	138.0
107730	2014-06-26 21:45:00	2014-06-27 01:14:00	2014-06-27 03:22:00	C1.6		POINT(-89 13)	13	-89	-978.0	234.0
107740	2014-06-27 20:33:00	2014-06-27 21:02:00	2014-06-27 21:23:00	B9.7	12096.0	POINT(-7 11)	11	-7	-116.0	148.0
107750	2014-06-28 00:20:00	2014-06-28 00:44:00	2014-06-28 01:04:00	C1.4	12100.0	POINT(-51 8)	8	-51	-755.0	133.0
107760	2014-06-28 01:49:00	2014-06-28 02:03:00	2014-06-28 02:14:00	C1.5	12100.0	POINT(-89 12)	12	-89	-935.0	209.0
107770	2014-06-28 06:16:00	2014-06-28 07:01:00	2014-06-28 07:15:00	C3.4		POINT(-89 14)	14	-89	-935.0	238.0
107780	2014-06-28 07:36:00	2014-06-28 07:44:00	2014-06-28 07:49:00	C3.4	12104.0	POINT(-89 -12)	-12	-89	-931.0	-198.0
107790	2014-06-28 08:22:00	2014-06-28 08:38:00	2014-06-28 09:19:00	C1.1	12096.0	POINT(-5 9)	9	-5	-84.0	136.0
107800	2014-06-28 12:38:00	2014-06-28 12:46:00	2014-06-28 12:56:00	C1.2		POINT(-89 11)	11	-89	-937.0	195.0
107810	2014-06-28 15:09:00	2014-06-28 15:14:00	2014-06-28 15:20:00	C1.0	12104.0	POINT(-89 -11)	-11	-89	-941.0	-188.0
107820	2014-06-28 15:27:00	2014-06-28 15:36:00	2014-06-28 15:46:00	C1.0	12104.0	POINT(-89 -12)	-12	-89	-920.0	-207.0
107830	2014-06-28 19:00:00	2014-06-28 19:08:00	2014-06-28 19:15:00	C1.2		POINT(-89 -14)	-14	-89	-930.0	-238.0
107840	2014-06-28 19:50:00	2014-06-28 21:05:00	2014-06-28 21:24:00	C4.2		POINT(-89 9)	9	-89	-974.0	167.0
107850	2014-06-28 23:25:00	2014-06-28 23:33:00	2014-06-28 23:42:00	C3.6	12104.0	POINT(-89 -10)	-10	-89	-935.0	-170.0
107860	2014-06-29 00:05:00	2014-06-29 00:10:00	2014-06-29 00:14:00	C1.5	12104.0	POINT(-89 -9)	-9	-89	-933.0	-164.0
107870	2014-06-29 04:38:00	2014-06-29 04:44:00	2014-06-29 04:52:00	C1.1	12096.0	POINT(-89 -11)	-11	-89	-926.0	-186.0
107880	2014-06-29 05:22:00	2014-06-29 05:28:00	2014-06-29 05:32:00	C1.6	12106.0	POINT(-89 18)	18	-89	-909.0	302.0
107890	2014-06-29 07:18:00	2014-06-29 07:21:00	2014-06-29 07:24:00	C1.5	12104.0	POINT(-75 -12)	-12	-75	-891.0	-196.0
107900	2014-06-29 07:59:00	2014-06-29 08:06:00	2014-06-29 08:14:00	C1.8	12096.0	POINT(-88 -21)	-21	-88	-885.0	-341.0
107910	2014-06-29 10:25:00	2014-06-29 10:31:00	2014-06-29 10:41:00	C1.1	12104.0	POINT(-71 -10)	-10	-71	-869.0	-204.0
107920	2014-06-29 11:36:00	2014-06-29 11:52:00	2014-06-29 12:02:00	C4.9	12104.0	POINT(-83 -11)	-11	-83	-918.0	-188.0
107930	2014-06-29 15:06:00	2014-06-29 15:09:00	2014-06-29 15:15:00	C1.8	12107.0	POINT(-80 -18)	-18	-80	-883.0	-303.0
107940	2014-06-29 15:19:00	2014-06-29 15:29:00	2014-06-29 15:42:00	C1.8	12100.0	POINT(-79 -11)	-11	-79	-909.0	-189.0
107950	2014-06-29 17:34:00	2014-06-29 17:40:00	2014-06-29 17:47:00	C1.0	12106.0	POINT(-89 18)	18	-89	-917.0	303.0
107960	2014-06-29 18:03:00	2014-06-29 18:06:00	2014-06-29 18:08:00	C1.2	12096.0	POINT(-77 -11)	-11	-77	-904.0	-198.0
107970	2014-06-29 20:11:00	2014-06-29 20:18:00	2014-06-29 20:23:00	C1.5	12104.0	POINT(-65 -12)	-12	-65	-836.0	-211.0
107980	2014-06-29 21:48:00	2014-06-29 21:52:00	2014-06-29 21:59:00	C1.2	12096.0	POINT(21 10)	10	21	342.0	131.0
107990	2014-06-29 23:18:00	2014-06-29 23:22:00	2014-06-29 23:28:00	C1.2		POINT(-79 -22)	-22	-79	-856.0	-368.0
108000	2014-06-30 00:40:00	2014-06-30 00:58:00	2014-06-30 01:15:00	C2.0	12106.0	POINT(-21 6)	6	-21	-345.0	70.0
108010	2014-06-30 02:43:00	2014-06-30 03:09:00	2014-06-30 03:35:00	C2.5	12106.0	POINT(-81 16)	16	-81	-932.0	215.0
108020	2014-06-30 04:12:00	2014-06-30 04:19:00	2014-06-30 04:26:00	C3.4	12104.0	POINT(-64 -11)	-11	-64	-850.0	-214.0
108030	2014-06-30 06:52:00	2014-06-30 07:02:00	2014-06-30 07:10:00	C2.2	12100.0	POINT(-65 -7)	-7	-65	-852.0	-148.0
108040	2014-06-30 13:08:00	2014-06-30 13:18:00	2014-06-30 13:45:00	C3.4	12106.0	POINT(-76 14)	14	-76	-890.0	222.0
108050	2014-06-30 21:30:00	2014-06-30 21:54:00	2014-06-30 22:18:00	C1.9	12106.0	POINT(-80 17)	17	-80	-889.0	273.0
108060	2014-07-01 03:51:00	2014-07-01 03:55:00	2014-07-01 04:00:00	C1.5	12104.0	POINT(-52 -7)	-7	-52	-767.0	-226.0
108070	2014-07-01 05:10:00	2014-07-01 06:08:00	2014-07-01 06:33:00	C4.8	12106.0	POINT(-64 15)	15	-64	-849.0	287.0
108080	2014-07-01 07:16:00	2014-07-01 07:37:00	2014-07-01 08:05:00	C6.6	12107.0	POINT(-64 -19)	-19	-64	-807.0	-351.0
108090	2014-07-01 08:57:00	2014-07-01 09:11:00	2014-07-01 09:31:00	C2.1	12108.0	POINT(-89 -11)	-11	-89	-949.0	-186.0
108100	2014-07-01 10:04:00	2014-07-01 10:15:00	2014-07-01 10:29:00	C6.0	12106.0	POINT(-58 15)	15	-58	-772.0	130.0
108110	2014-07-01 11:05:00	2014-07-01 11:23:00	2014-07-01 11:59:00	M1.4	12106.0	POINT(-60 12)	12	-60	-806.0	182.0
108120	2014-07-02 14:50:00	2014-07-02 14:53:00	2014-07-02 15:08:00	C1.8	12100.0	POINT(7 11)	11	7	124.0	134.0
108130	2014-07-03 03:32:00	2014-07-03 03:59:00	2014-07-03 04:24:00	C2.6		POINT(-88 -22)	-22	-88	-888.0	-371.0
108140	2014-07-03 06:55:00	2014-07-03 07:00:00	2014-07-03 07:08:00	C1.9	12107.0	POINT(-31 -19)	-19	-31	-459.0	-307.0
108150	2014-07-04 05:34:00	2014-07-04 05:37:00	2014-07-04 05:42:00	C2.4	12109.0	POINT(-61 -8)	-8	-61	-814.0	-185.0
108160	2014-07-04 14:30:00	2014-07-04 14:39:00	2014-07-04 14:48:00	C4.2	12108.0	POINT(-34 -6)	-6	-34	-517.0	-176.0
108170	2014-07-05 05:12:00	2014-07-05 05:17:00	2014-07-05 05:24:00	C1.4	12104.0	POINT(-1 -9)	-9	-1	-16.0	-147.0
108180	2014-07-05 05:51:00	2014-07-05 05:54:00	2014-07-05 05:59:00	C1.9	12108.0	POINT(-29 -7)	-7	-29	-450.0	-159.0
108190	2014-07-05 08:28:00	2014-07-05 08:37:00	2014-07-05 08:43:00	C1.6	12107.0	POINT(-3 -19)	-19	-3	-46.0	-307.0
108200	2014-07-06 00:18:00	2014-07-06 00:25:00	2014-07-06 00:31:00	C4.0	12109.0	POINT(-36 -9)	-9	-36	-555.0	-191.0
108210	2014-07-06 06:55:00	2014-07-06 07:00:00	2014-07-06 07:03:00	C3.5	12108.0	POINT(-15 -6)	-6	-15	-237.0	-152.0
108220	2014-07-06 08:09:00	2014-07-06 08:16:00	2014-07-06 08:30:00	C2.9	12109.0	POINT(-34 -6)	-6	-34	-536.0	-160.0
108230	2014-07-06 20:03:00	2014-07-06 20:06:00	2014-07-06 20:11:00	C1.6	12108.0	POINT(-27 -7)	-7	-27	-429.0	-180.0
108240	2014-07-06 20:48:00	2014-07-06 20:52:00	2014-07-06 20:56:00	C1.9	12107.0	POINT(18 -23)	-23	18	281.0	-426.0
108250	2014-07-07 07:13:00	2014-07-07 07:34:00	2014-07-07 07:47:00	C2.6	12102.0	POINT(38 16)	16	38	602.0	194.0
108260	2014-07-07 07:58:00	2014-07-07 08:02:00	2014-07-07 08:04:00	C4.3	12109.0	POINT(-20 -8)	-8	-20	-314.0	-185.0
108270	2014-07-07 18:16:00	2014-07-07 18:21:00	2014-07-07 18:28:00	C2.3	12102.0	POINT(47 12)	12	47	683.0	159.0
108280	2014-07-07 20:15:00	2014-07-07 20:18:00	2014-07-07 20:22:00	C1.4	12108.0	POINT(9 -7)	-7	9	158.0	-189.0
108290	2014-07-07 23:20:00	2014-07-07 23:25:00	2014-07-07 23:38:00	C1.8	12108.0	POINT(13 -8)	-8	13	215.0	-192.0
108300	2014-07-08 02:31:00	2014-07-08 02:33:00	2014-07-08 02:36:00	C1.2	12114.0	POINT(-88 -19)	-19	-88	-890.0	-324.0
108310	2014-07-08 03:05:00	2014-07-08 04:10:00	2014-07-08 04:24:00	C1.2	12113.0	POINT(-61 10)	10	-61	-812.0	163.0
108320	2014-07-08 08:52:00	2014-07-08 09:02:00	2014-07-08 09:22:00	C4.0	12113.0	POINT(-60 9)	9	-60	-807.0	131.0
108330	2014-07-08 16:06:00	2014-07-08 16:20:00	2014-07-08 16:30:00	M6.5	12113.0	POINT(-56 9)	9	-56	-775.0	123.0
108340	2014-07-08 21:32:00	2014-07-08 21:36:00	2014-07-08 21:39:00	C2.3	12107.0	POINT(38 -22)	-22	38	537.0	-408.0
108350	2014-07-09 00:20:00	2014-07-09 00:26:00	2014-07-09 00:33:00	M1.2	12113.0	POINT(-50 8)	8	-50	-717.0	108.0
108360	2014-07-09 03:04:00	2014-07-09 03:11:00	2014-07-09 03:16:00	C3.1	12113.0	POINT(-48 9)	9	-48	-695.0	114.0
108370	2014-07-09 04:04:00	2014-07-09 04:11:00	2014-07-09 04:39:00	C2.2	12109.0	POINT(8 -6)	-6	8	117.0	-148.0
108380	2014-07-09 04:36:00	2014-07-09 04:38:00	2014-07-09 04:42:00	C1.7	12114.0	POINT(-60 14)	14	-60	-793.0	228.0
108390	2014-07-09 05:29:00	2014-07-09 05:46:00	2014-07-09 06:12:00	C2.7	12113.0	POINT(-48 11)	11	-48	-692.0	111.0
108400	2014-07-09 18:35:00	2014-07-09 18:39:00	2014-07-09 18:44:00	C5.0	12104.0	POINT(65 -15)	-15	65	826.0	-244.0
108410	2014-07-10 02:47:00	2014-07-10 02:53:00	2014-07-10 02:59:00	C5.7	12106.0	POINT(65 17)	17	65	830.0	212.0
108420	2014-07-10 17:38:00	2014-07-10 17:42:00	2014-07-10 17:47:00	C1.4	12108.0	POINT(-47 -20)	-20	-47	-649.0	-366.0
108430	2014-07-10 21:00:00	2014-07-10 21:13:00	2014-07-10 21:37:00	C7.4	12113.0	POINT(-26 9)	9	-26	-414.0	96.0
108440	2014-07-10 22:29:00	2014-07-10 22:34:00	2014-07-10 22:37:00	M1.5	12106.0	POINT(76 14)	14	76	891.0	216.0
108450	2014-07-11 00:39:00	2014-07-11 00:44:00	2014-07-11 00:48:00	C4.6	12109.0	POINT(32 -6)	-6	32	497.0	-161.0
108460	2014-07-11 23:05:00	2014-07-11 23:13:00	2014-07-11 23:31:00	C2.5	12113.0	POINT(-42 10)	10	-42	-622.0	163.0
108470	2014-07-11 23:35:00	2014-07-11 23:47:00	2014-07-11 23:52:00	C2.3	12117.0	POINT(89 15)	15	89	922.0	251.0
108480	2014-07-12 05:29:00	2014-07-12 05:32:00	2014-07-12 05:35:00	C1.2	12109.0	POINT(47 -6)	-6	47	698.0	-149.0
108490	2014-07-12 07:10:00	2014-07-12 07:14:00	2014-07-12 07:17:00	C2.5	12109.0	POINT(47 -9)	-9	47	681.0	-147.0
108500	2014-07-12 13:22:00	2014-07-12 13:25:00	2014-07-12 13:29:00	C1.7		POINT(74 -6)	-6	74	904.0	-126.0
108510	2014-07-12 14:01:00	2014-07-12 14:08:00	2014-07-12 14:20:00	C4.6	12108.0	POINT(72 -9)	-9	72	905.0	-125.0
108520	2014-07-13 08:16:00	2014-07-13 08:20:00	2014-07-13 08:22:00	C1.7	12108.0	POINT(83 -5)	-5	83	936.0	-97.0
108530	2014-07-13 08:43:00	2014-07-13 08:58:00	2014-07-13 09:33:00	C6.4	12109.0	POINT(61 -8)	-8	61	851.0	-170.0
108540	2014-07-13 09:50:00	2014-07-13 09:51:00	2014-07-13 09:52:00	C1.8	12113.0	POINT(6 9)	9	6	97.0	147.0
108550	2014-07-13 14:31:00	2014-07-13 14:38:00	2014-07-13 14:42:00	C1.2	12108.0	POINT(89 -9)	-9	89	938.0	-151.0
108560	2014-07-13 20:49:00	2014-07-13 20:52:00	2014-07-13 20:55:00	C1.3	12109.0	POINT(69 -10)	-10	69	873.0	-190.0
108570	2014-07-14 12:42:00	2014-07-14 12:46:00	2014-07-14 12:48:00	C1.0	12109.0	POINT(77 -6)	-6	77	915.0	-123.0
108580	2014-07-14 17:13:00	2014-07-14 17:17:00	2014-07-14 17:20:00	B6.7	12109.0	POINT(81 -6)	-6	81	927.0	-124.0
108590	2014-07-15 02:59:00	2014-07-15 03:05:00	2014-07-15 03:10:00	C1.2	12109.0	POINT(89 -4)	-4	89	948.0	-77.0
108600	2014-07-16 22:24:00	2014-07-16 23:00:00	2014-07-16 23:24:00	B5.1	12113.0	POINT(56 11)	11	56	769.0	146.0
108610	2014-07-17 08:06:00	2014-07-17 08:09:00	2014-07-17 08:13:00	B2.0		POINT(64 10)	10	64	839.0	143.0
108620	2014-07-18 17:52:00	2014-07-18 17:56:00	2014-07-18 17:58:00	B2.8	12113.0	POINT(89 5)	5	89	947.0	93.0
108630	2014-07-19 22:43:00	2014-07-19 23:42:00	2014-07-20 00:38:00	B3.8		POINT(84 -23)	-23	84	864.0	-374.0
108640	2014-07-21 15:17:00	2014-07-21 15:21:00	2014-07-21 16:18:00	B3.9	12121.0	POINT(-89 11)	11	-89	-975.0	207.0
108650	2014-07-21 18:41:00	2014-07-21 18:48:00	2014-07-21 18:51:00	B5.9	12121.0	POINT(-89 11)	11	-89	-948.0	188.0
108660	2014-07-22 23:14:00	2014-07-22 23:18:00	2014-07-22 23:24:00	B2.8		POINT(-74 6)	6	-74	-902.0	87.0
108670	2014-07-23 02:48:00	2014-07-23 02:52:00	2014-07-23 02:56:00	B3.5	12121.0	POINT(-75 6)	6	-75	-900.0	71.0
108680	2014-07-23 05:29:00	2014-07-23 05:42:00	2014-07-23 05:59:00	B5.7	12121.0	POINT(-69 10)	10	-69	-868.0	164.0
108690	2014-07-23 07:28:00	2014-07-23 07:42:00	2014-07-23 07:51:00	B5.5	12119.0	POINT(46 -21)	-21	46	634.0	-338.0
108700	2014-07-24 01:40:00	2014-07-24 01:51:00	2014-07-24 02:01:00	C2.1	12121.0	POINT(-62 10)	10	-62	-810.0	108.0
108710	2014-07-24 11:27:00	2014-07-24 11:32:00	2014-07-24 11:39:00	B3.7	12123.0	POINT(-48 -11)	-11	-48	-672.0	-284.0
108720	2014-07-24 21:51:00	2014-07-24 22:02:00	2014-07-24 22:08:00	B7.2	12121.0	POINT(-50 11)	11	-50	-713.0	137.0
108730	2014-07-24 22:36:00	2014-07-24 22:48:00	2014-07-24 23:02:00	B6.0	12121.0	POINT(-48 7)	7	-48	-700.0	65.0
108740	2014-07-25 06:57:00	2014-07-25 07:02:00	2014-07-25 07:07:00	C2.2	12121.0	POINT(-35 9)	9	-35	-532.0	69.0
108750	2014-07-25 19:18:00	2014-07-25 19:23:00	2014-07-25 19:26:00	B9.1	12122.0	POINT(-88 -12)	-12	-88	-931.0	-203.0
108760	2014-07-25 20:20:00	2014-07-25 20:23:00	2014-07-25 20:28:00	B5.4		POINT(-88 -11)	-11	-88	-924.0	-194.0
108770	2014-07-25 22:06:00	2014-07-25 22:17:00	2014-07-25 22:30:00	B8.8		POINT(-87 -20)	-20	-87	-893.0	-335.0
108780	2014-07-25 23:51:00	2014-07-25 23:55:00	2014-07-25 23:59:00	B7.9		POINT(-88 -12)	-12	-88	-927.0	-207.0
108790	2014-07-26 05:00:00	2014-07-26 05:04:00	2014-07-26 05:08:00	C1.0	12125.0	POINT(-88 -13)	-13	-88	-922.0	-214.0
108800	2014-07-26 08:24:00	2014-07-26 08:27:00	2014-07-26 08:29:00	B6.3	12125.0	POINT(-85 -11)	-11	-85	-908.0	-244.0
108810	2014-07-26 11:36:00	2014-07-26 11:43:00	2014-07-26 11:46:00	C1.0	12123.0	POINT(-25 -9)	-9	-25	-378.0	-228.0
108820	2014-07-26 11:57:00	2014-07-26 12:06:00	2014-07-26 12:13:00	C1.1	12123.0	POINT(-25 -9)	-9	-25	-394.0	-147.0
108830	2014-07-26 13:16:00	2014-07-26 13:20:00	2014-07-26 13:24:00	C1.8	12123.0	POINT(-22 -9)	-9	-22	-365.0	-229.0
108840	2014-07-26 15:07:00	2014-07-26 15:11:00	2014-07-26 15:14:00	B8.9	12123.0	POINT(-23 -8)	-8	-23	-365.0	-131.0
108850	2014-07-27 05:46:00	2014-07-27 05:51:00	2014-07-27 05:54:00	C2.5	12125.0	POINT(-71 -12)	-12	-71	-875.0	-227.0
108860	2014-07-27 13:56:00	2014-07-27 14:18:00	2014-07-27 14:26:00	C1.2	12127.0	POINT(-88 -8)	-8	-88	-951.0	-149.0
108870	2014-07-27 21:25:00	2014-07-27 21:31:00	2014-07-27 21:40:00	B7.9	12123.0	POINT(-3 -14)	-14	-3	-47.0	-228.0
108880	2014-07-28 11:40:00	2014-07-28 11:45:00	2014-07-28 11:51:00	C1.2	12125.0	POINT(2 -9)	-9	2	32.0	-147.0
108890	2014-07-28 13:56:00	2014-07-28 14:10:00	2014-07-28 14:33:00	C2.4	12125.0	POINT(-51 -8)	-8	-51	-757.0	-223.0
108900	2014-07-28 20:36:00	2014-07-28 20:41:00	2014-07-28 20:45:00	B9.6	12127.0	POINT(-69 -7)	-7	-69	-878.0	-159.0
108910	2014-07-28 23:04:00	2014-07-28 23:07:00	2014-07-28 23:10:00	B7.6	12121.0	POINT(10 -9)	-9	10	168.0	-245.0
108920	2014-07-29 00:04:00	2014-07-29 00:09:00	2014-07-29 00:12:00	C1.6	12126.0	POINT(11 -9)	-9	11	181.0	-245.0
108930	2014-07-29 03:57:00	2014-07-29 04:02:00	2014-07-29 04:18:00	C1.2	12126.0	POINT(14 -10)	-10	14	223.0	-249.0
108940	2014-07-29 04:53:00	2014-07-29 05:00:00	2014-07-29 05:18:00	C1.3	12126.0	POINT(15 -9)	-9	15	248.0	-247.0
108950	2014-07-29 06:01:00	2014-07-29 06:09:00	2014-07-29 06:16:00	C1.8	12126.0	POINT(14 -10)	-10	14	245.0	-246.0
108960	2014-07-29 16:23:00	2014-07-29 16:33:00	2014-07-29 16:39:00	C4.6	12130.0	POINT(-77 -8)	-8	-77	-916.0	-173.0
108970	2014-07-29 18:01:00	2014-07-29 18:15:00	2014-07-29 18:31:00	C1.6	12130.0	POINT(-88 -9)	-9	-88	-958.0	-159.0
108980	2014-07-29 19:48:00	2014-07-29 19:52:00	2014-07-29 19:55:00	C1.0	12130.0	POINT(-80 -10)	-10	-80	-901.0	-180.0
108990	2014-07-29 23:58:00	2014-07-30 00:02:00	2014-07-30 00:05:00	C1.0	12130.0	POINT(-74 -5)	-5	-74	-908.0	-115.0
109000	2014-07-30 00:42:00	2014-07-30 00:46:00	2014-07-30 00:49:00	C1.3	12125.0	POINT(-32 -13)	-13	-32	-491.0	-302.0
109010	2014-07-30 02:43:00	2014-07-30 02:46:00	2014-07-30 02:50:00	C3.7	12130.0	POINT(-72 -8)	-8	-72	-891.0	-173.0
109020	2014-07-30 05:42:00	2014-07-30 05:48:00	2014-07-30 05:59:00	C1.9	12127.0	POINT(-48 -9)	-9	-48	-708.0	-192.0
109030	2014-07-30 15:59:00	2014-07-30 16:09:00	2014-07-30 16:35:00	C9.0	12127.0	POINT(-38 -10)	-10	-38	-601.0	-245.0
109040	2014-07-30 18:42:00	2014-07-30 18:48:00	2014-07-30 18:53:00	C3.6	12127.0	POINT(-42 -8)	-8	-42	-632.0	-201.0
109050	2014-07-31 02:04:00	2014-07-31 02:08:00	2014-07-31 02:10:00	C1.3	12127.0	POINT(-31 -6)	-6	-31	-491.0	-193.0
109060	2014-07-31 05:05:00	2014-07-31 05:10:00	2014-07-31 05:14:00	C1.7	12130.0	POINT(-54 -7)	-7	-54	-764.0	-213.0
109070	2014-07-31 09:14:00	2014-07-31 09:18:00	2014-07-31 09:41:00	C1.8	12130.0	POINT(-54 -8)	-8	-54	-749.0	-220.0
109080	2014-07-31 11:01:00	2014-07-31 11:14:00	2014-07-31 11:21:00	M2.5	12130.0	POINT(-51 -10)	-10	-51	-728.0	-236.0
109090	2014-07-31 15:10:00	2014-07-31 15:17:00	2014-07-31 15:27:00	C3.5	12130.0	POINT(-49 -9)	-9	-49	-700.0	-242.0
109100	2014-07-31 18:34:00	2014-07-31 18:55:00	2014-07-31 19:07:00	C1.9	12130.0	POINT(-65 -17)	-17	-65	-820.0	-318.0
109110	2014-07-31 21:10:00	2014-07-31 21:17:00	2014-07-31 21:27:00	C2.4	12130.0	POINT(-46 -11)	-11	-46	-674.0	-245.0
109120	2014-08-01 00:12:00	2014-08-01 00:18:00	2014-08-01 00:32:00	C8.6	12132.0	POINT(-60 -17)	-17	-60	-795.0	-324.0
109130	2014-08-01 10:38:00	2014-08-01 11:43:00	2014-08-01 11:57:00	C4.8	12130.0	POINT(-37 -9)	-9	-37	-561.0	-147.0
109140	2014-08-01 14:43:00	2014-08-01 14:48:00	2014-08-01 14:57:00	M2.0	12130.0	POINT(-35 -9)	-9	-35	-535.0	-147.0
109150	2014-08-01 17:55:00	2014-08-01 18:13:00	2014-08-01 18:48:00	M1.5	12127.0	POINT(-11 -10)	-10	-11	-185.0	-257.0
109160	2014-08-02 00:00:00	2014-08-02 00:05:00	2014-08-02 00:09:00	C2.6	12130.0	POINT(-32 -11)	-11	-32	-503.0	-223.0
109170	2014-08-02 10:43:00	2014-08-02 10:47:00	2014-08-02 10:57:00	C1.6	12132.0	POINT(-44 -19)	-19	-44	-598.0	-398.0
109180	2014-08-02 13:00:00	2014-08-02 13:03:00	2014-08-02 13:06:00	C1.6	12132.0	POINT(-40 -18)	-18	-40	-557.0	-380.0
109190	2014-08-02 13:12:00	2014-08-02 13:28:00	2014-08-02 13:38:00	C2.7	12132.0	POINT(-40 -18)	-18	-40	-596.0	-366.0
109200	2014-08-03 01:40:00	2014-08-03 01:46:00	2014-08-03 01:53:00	C2.3	12134.0	POINT(-69 9)	9	-69	-871.0	147.0
109210	2014-08-03 02:35:00	2014-08-03 02:39:00	2014-08-03 02:47:00	C1.3	12134.0	POINT(-71 9)	9	-71	-884.0	151.0
109220	2014-08-03 03:03:00	2014-08-03 03:12:00	2014-08-03 03:27:00	C2.5	12132.0	POINT(-43 -21)	-21	-43	-627.0	-387.0
109230	2014-08-03 06:13:00	2014-08-03 06:16:00	2014-08-03 06:23:00	C1.1	12132.0	POINT(-33 -19)	-19	-33	-492.0	-404.0
109240	2014-08-03 12:14:00	2014-08-03 12:19:00	2014-08-03 12:23:00	C1.0		POINT(88 -7)	-7	88	945.0	-128.0
109250	2014-08-03 17:59:00	2014-08-03 18:08:00	2014-08-03 18:36:00	C1.2	12130.0	POINT(-14 -5)	-5	-14	-233.0	-192.0
109260	2014-08-03 19:23:00	2014-08-03 19:39:00	2014-08-03 19:55:00	C1.1	12133.0	POINT(-25 -24)	-24	-25	-372.0	-467.0
109270	2014-08-04 00:46:00	2014-08-04 00:53:00	2014-08-04 01:01:00	C3.4	12126.0	POINT(89 -6)	-6	89	945.0	-106.0
109280	2014-08-04 02:44:00	2014-08-04 02:53:00	2014-08-04 02:59:00	C2.1	12134.0	POINT(-58 10)	10	-58	-784.0	120.0
109290	2014-08-04 17:14:00	2014-08-04 17:21:00	2014-08-04 17:31:00	C1.2	12130.0	POINT(12 -5)	-5	12	205.0	-189.0
109300	2014-08-04 21:45:00	2014-08-04 22:02:00	2014-08-04 22:14:00	C1.0	12132.0	POINT(-19 -19)	-19	-19	-299.0	-405.0
109310	2014-08-04 22:54:00	2014-08-04 22:58:00	2014-08-04 23:02:00	B9.8	12132.0	POINT(-6 -19)	-19	-6	-99.0	-415.0
109320	2014-08-05 11:25:00	2014-08-05 11:30:00	2014-08-05 11:34:00	C1.7	12132.0	POINT(-1 -18)	-18	-1	7.0	-409.0
109330	2014-08-05 14:12:00	2014-08-05 14:18:00	2014-08-05 14:23:00	C2.2	12132.0	POINT(1 -19)	-19	1	25.0	-402.0
109340	2014-08-05 15:38:00	2014-08-05 15:40:00	2014-08-05 16:16:00	C1.1		POINT(-52 14)	14	-52	-730.0	135.0
109350	2014-08-05 20:22:00	2014-08-05 20:27:00	2014-08-05 20:31:00	C2.5	12132.0	POINT(1 -18)	-18	1	26.0	-393.0
109360	2014-08-06 03:30:00	2014-08-06 03:39:00	2014-08-06 03:50:00	C1.7	12132.0	POINT(7 -17)	-17	7	105.0	-409.0
109370	2014-08-07 03:05:00	2014-08-07 03:09:00	2014-08-07 03:17:00	B7.7	12132.0	POINT(19 -18)	-18	19	306.0	-395.0
109380	2014-08-07 05:49:00	2014-08-07 05:52:00	2014-08-07 05:54:00	C1.1	12130.0	POINT(44 -9)	-9	44	641.0	-226.0
109390	2014-08-07 16:57:00	2014-08-07 17:28:00	2014-08-07 17:49:00	C1.4		POINT(-54 11)	11	-54	-753.0	135.0
109400	2014-08-07 22:23:00	2014-08-07 22:56:00	2014-08-07 23:23:00	C2.2	12132.0	POINT(28 -20)	-20	28	429.0	-419.0
109410	2014-08-08 11:27:00	2014-08-08 11:33:00	2014-08-08 11:35:00	C1.8	12135.0	POINT(-48 13)	13	-48	-692.0	117.0
109420	2014-08-08 12:51:00	2014-08-08 12:58:00	2014-08-08 13:13:00	C1.2	12132.0	POINT(33 -25)	-25	33	495.0	-449.0
109430	2014-08-08 13:59:00	2014-08-08 14:10:00	2014-08-08 14:18:00	C1.0	12132.0	POINT(37 -19)	-19	37	567.0	-353.0
109440	2014-08-08 16:57:00	2014-08-08 17:01:00	2014-08-08 17:03:00	C4.5	12135.0	POINT(-44 13)	13	-44	-650.0	119.0
109450	2014-08-09 02:40:00	2014-08-09 02:44:00	2014-08-09 02:50:00	B8.8	12135.0	POINT(-38 12)	12	-38	-573.0	107.0
109460	2014-08-09 03:23:00	2014-08-09 03:26:00	2014-08-09 03:30:00	B8.3	12135.0	POINT(-38 12)	12	-38	-555.0	99.0
109470	2014-08-09 07:47:00	2014-08-09 07:50:00	2014-08-09 07:52:00	B6.8	12135.0	POINT(-35 12)	12	-35	-534.0	115.0
109480	2014-08-09 08:26:00	2014-08-09 08:30:00	2014-08-09 08:32:00	B7.2	12135.0	POINT(-35 13)	13	-35	-525.0	104.0
109490	2014-08-09 08:57:00	2014-08-09 09:01:00	2014-08-09 09:03:00	C2.7	12135.0	POINT(-34 12)	12	-34	-526.0	111.0
109500	2014-08-10 03:04:00	2014-08-10 03:07:00	2014-08-10 03:13:00	B7.3	12137.0	POINT(9 -21)	-21	9	134.0	-443.0
109510	2014-08-10 10:04:00	2014-08-10 10:07:00	2014-08-10 10:10:00	B8.9	12137.0	POINT(11 -20)	-20	11	197.0	-442.0
109520	2014-08-10 21:29:00	2014-08-10 21:34:00	2014-08-10 21:36:00	C1.6	12137.0	POINT(20 -18)	-18	20	323.0	-381.0
109530	2014-08-11 01:10:00	2014-08-11 01:14:00	2014-08-11 01:17:00	B6.4		POINT(71 -19)	-19	71	848.0	-345.0
109540	2014-08-11 02:15:00	2014-08-11 03:14:00	2014-08-11 03:47:00	B7.8	12139.0	POINT(-88 12)	12	-88	-957.0	221.0
109550	2014-08-11 04:13:00	2014-08-11 04:16:00	2014-08-11 04:19:00	B6.1	12139.0	POINT(-87 11)	11	-87	-926.0	184.0
109560	2014-08-11 06:21:00	2014-08-11 06:24:00	2014-08-11 06:27:00	B5.1	12137.0	POINT(24 -17)	-17	24	381.0	-383.0
109570	2014-08-11 08:59:00	2014-08-11 09:09:00	2014-08-11 09:15:00	C1.3	12132.0	POINT(73 -23)	-23	73	833.0	-369.0
109580	2014-08-12 00:49:00	2014-08-12 00:53:00	2014-08-12 00:55:00	B5.3		POINT(87 -19)	-19	87	895.0	-315.0
109590	2014-08-12 04:04:00	2014-08-12 04:07:00	2014-08-12 04:10:00	B5.2		POINT(87 -19)	-19	87	890.0	-323.0
109600	2014-08-12 04:15:00	2014-08-12 04:21:00	2014-08-12 04:25:00	B7.9		POINT(87 -19)	-19	87	893.0	-324.0
109610	2014-08-12 04:52:00	2014-08-12 04:56:00	2014-08-12 04:58:00	B4.7		POINT(87 -18)	-18	87	906.0	-304.0
109620	2014-08-12 06:15:00	2014-08-12 06:18:00	2014-08-12 06:31:00	B4.7	12139.0	POINT(-69 15)	15	-69	-869.0	148.0
109630	2014-08-12 06:38:00	2014-08-12 06:41:00	2014-08-12 06:47:00	B4.5	12139.0	POINT(-69 15)	15	-69	-864.0	164.0
109640	2014-08-12 06:53:00	2014-08-12 06:55:00	2014-08-12 07:18:00	B4.9	12140.0	POINT(42 11)	11	42	641.0	139.0
109650	2014-08-12 20:13:00	2014-08-12 20:19:00	2014-08-12 20:24:00	B6.9	12140.0	POINT(49 12)	12	49	708.0	130.0
109660	2014-08-13 00:30:00	2014-08-13 00:36:00	2014-08-13 00:55:00	B6.4	12137.0	POINT(48 -20)	-20	48	666.0	-394.0
109670	2014-08-13 11:08:00	2014-08-13 11:17:00	2014-08-13 11:26:00	B7.4	12139.0	POINT(-53 11)	11	-53	-752.0	127.0
109680	2014-08-14 02:29:00	2014-08-14 02:33:00	2014-08-14 02:36:00	B4.0	12141.0	POINT(-74 15)	15	-74	-888.0	227.0
109690	2014-08-14 03:53:00	2014-08-14 04:00:00	2014-08-14 04:12:00	B6.1	12137.0	POINT(63 -20)	-20	63	807.0	-378.0
109700	2014-08-14 04:18:00	2014-08-14 04:20:00	2014-08-14 04:44:00	B6.3	12139.0	POINT(-45 13)	13	-45	-645.0	139.0
109710	2014-08-14 12:39:00	2014-08-14 12:49:00	2014-08-14 13:06:00	B4.8		POINT(-39 15)	15	-39	-587.0	169.0
109720	2014-08-14 16:08:00	2014-08-14 16:19:00	2014-08-14 16:28:00	B5.2	12135.0	POINT(-37 15)	15	-37	-557.0	168.0
109730	2014-08-14 17:26:00	2014-08-14 17:45:00	2014-08-14 18:14:00	B5.4	12137.0	POINT(70 -22)	-22	70	827.0	-390.0
109740	2014-08-14 19:13:00	2014-08-14 19:23:00	2014-08-14 19:31:00	B7.4	12141.0	POINT(-66 15)	15	-66	-839.0	213.0
109750	2014-08-14 20:25:00	2014-08-14 20:33:00	2014-08-14 20:55:00	B8.8	12141.0	POINT(-65 15)	15	-65	-831.0	214.0
109760	2014-08-14 22:54:00	2014-08-14 22:59:00	2014-08-14 23:11:00	B7.1	12141.0	POINT(-64 16)	16	-64	-822.0	215.0
109770	2014-08-15 00:30:00	2014-08-15 00:45:00	2014-08-15 01:14:00	B5.0	12144.0	POINT(19 -17)	-17	19	306.0	-376.0
109780	2014-08-15 01:22:00	2014-08-15 01:36:00	2014-08-15 01:48:00	B7.1	12141.0	POINT(-64 15)	15	-64	-820.0	213.0
109790	2014-08-15 02:34:00	2014-08-15 02:39:00	2014-08-15 02:47:00	B6.2	12139.0	POINT(-30 16)	16	-30	-479.0	177.0
109800	2014-08-15 03:28:00	2014-08-15 03:40:00	2014-08-15 03:50:00	B5.4	12142.0	POINT(-30 13)	13	-30	-476.0	122.0
109810	2014-08-15 06:58:00	2014-08-15 08:08:00	2014-08-15 08:38:00	B6.0	12142.0	POINT(-61 19)	19	-61	-783.0	308.0
109820	2014-08-15 07:50:00	2014-08-15 07:56:00	2014-08-15 08:02:00	B6.5	12139.0	POINT(-29 13)	13	-29	-458.0	128.0
109830	2014-08-15 08:27:00	2014-08-15 08:37:00	2014-08-15 08:48:00	B9.5	12139.0	POINT(-27 12)	12	-27	-427.0	116.0
109840	2014-08-15 10:05:00	2014-08-15 10:10:00	2014-08-15 10:17:00	B9.0	12144.0	POINT(22 -20)	-20	22	348.0	-400.0
109850	2014-08-15 10:31:00	2014-08-15 10:36:00	2014-08-15 10:43:00	B7.2	12141.0	POINT(-59 16)	16	-59	-782.0	207.0
109860	2014-08-15 11:54:00	2014-08-15 12:00:00	2014-08-15 12:08:00	C1.1	12139.0	POINT(-25 12)	12	-25	-403.0	100.0
109870	2014-08-15 13:00:00	2014-08-15 13:47:00	2014-08-15 13:50:00	C1.1	12144.0	POINT(25 -19)	-19	25	380.0	-406.0
109880	2014-08-15 21:46:00	2014-08-15 21:54:00	2014-08-15 22:06:00	C1.5	12139.0	POINT(-18 12)	12	-18	-294.0	105.0
109890	2014-08-15 22:34:00	2014-08-15 22:38:00	2014-08-15 22:40:00	C1.4	12144.0	POINT(32 -19)	-19	32	485.0	-404.0
109900	2014-08-16 05:41:00	2014-08-16 05:49:00	2014-08-16 06:01:00	C1.0	12139.0	POINT(-12 12)	12	-12	-230.0	101.0
109910	2014-08-16 09:24:00	2014-08-16 09:30:00	2014-08-16 09:32:00	C2.7	12144.0	POINT(39 -21)	-21	39	583.0	-374.0
109920	2014-08-17 00:10:00	2014-08-17 00:20:00	2014-08-17 00:32:00	B8.4	12139.0	POINT(-6 13)	13	-6	-90.0	116.0
109930	2014-08-17 01:51:00	2014-08-17 01:56:00	2014-08-17 02:01:00	B7.3	12144.0	POINT(47 -19)	-19	47	662.0	-390.0
109940	2014-08-17 07:01:00	2014-08-17 07:04:00	2014-08-17 07:06:00	B8.0	12144.0	POINT(56 -18)	-18	56	746.0	-360.0
109950	2014-08-17 19:41:00	2014-08-17 19:48:00	2014-08-17 20:06:00	C1.8	12146.0	POINT(-70 8)	8	-70	-883.0	100.0
109960	2014-08-17 22:05:00	2014-08-17 22:09:00	2014-08-17 22:15:00	B8.2	12144.0	POINT(64 -18)	-18	64	808.0	-350.0
109970	2014-08-18 02:00:00	2014-08-18 02:03:00	2014-08-18 02:07:00	B4.9	12146.0	POINT(-63 9)	9	-63	-834.0	148.0
109980	2014-08-18 07:54:00	2014-08-18 07:59:00	2014-08-18 08:05:00	B8.1	12144.0	POINT(66 -18)	-18	66	827.0	-341.0
109990	2014-08-18 09:22:00	2014-08-18 09:25:00	2014-08-18 09:27:00	B4.4	12144.0	POINT(70 -20)	-20	70	839.0	-359.0
110000	2014-08-18 13:26:00	2014-08-18 13:50:00	2014-08-18 14:14:00	C1.8	12147.0	POINT(-71 -11)	-11	-71	-853.0	-248.0
110010	2014-08-18 16:47:00	2014-08-18 16:56:00	2014-08-18 17:05:00	C1.2	12139.0	POINT(18 10)	10	18	331.0	113.0
110020	2014-08-19 05:36:00	2014-08-19 05:48:00	2014-08-19 06:04:00	B5.6	12147.0	POINT(-57 -13)	-13	-57	-788.0	-255.0
110030	2014-08-19 06:14:00	2014-08-19 06:48:00	2014-08-19 07:17:00	B8.1	12147.0	POINT(-57 -12)	-12	-57	-807.0	-261.0
110040	2014-08-19 23:22:00	2014-08-19 23:32:00	2014-08-19 23:42:00	C1.9	12148.0	POINT(-58 6)	6	-58	-804.0	56.0
110050	2014-08-20 00:04:00	2014-08-20 00:10:00	2014-08-20 00:16:00	B9.5	12147.0	POINT(-46 -12)	-12	-46	-671.0	-237.0
110060	2014-08-20 09:01:00	2014-08-20 09:14:00	2014-08-20 09:35:00	C1.5		POINT(-88 11)	11	-88	-941.0	197.0
110070	2014-08-20 11:50:00	2014-08-20 11:54:00	2014-08-20 12:04:00	B7.6		POINT(87 -18)	-18	87	903.0	-302.0
110080	2014-08-20 12:38:00	2014-08-20 12:51:00	2014-08-20 12:56:00	C4.9		POINT(-88 11)	11	-88	-942.0	196.0
110090	2014-08-20 15:13:00	2014-08-20 15:23:00	2014-08-20 15:42:00	C1.3	12148.0	POINT(-47 7)	7	-47	-696.0	43.0
110100	2014-08-20 16:18:00	2014-08-20 16:22:00	2014-08-20 16:27:00	C1.8	12148.0	POINT(-48 6)	6	-48	-711.0	35.0
110110	2014-08-20 17:43:00	2014-08-20 17:56:00	2014-08-20 18:08:00	C2.6		POINT(-88 10)	10	-88	-951.0	185.0
110120	2014-08-20 18:50:00	2014-08-20 19:11:00	2014-08-20 19:29:00	C3.2		POINT(-88 10)	10	-88	-960.0	179.0
110130	2014-08-20 19:38:00	2014-08-20 19:57:00	2014-08-20 20:03:00	C2.9		POINT(-88 11)	11	-88	-959.0	188.0
110140	2014-08-20 21:39:00	2014-08-20 21:57:00	2014-08-20 22:10:00	C2.1	12146.0	POINT(-23 12)	12	-23	-362.0	197.0
110150	2014-08-20 23:05:00	2014-08-20 23:15:00	2014-08-20 23:21:00	B9.2		POINT(-88 11)	11	-88	-959.0	195.0
110160	2014-08-20 23:22:00	2014-08-20 23:31:00	2014-08-20 23:38:00	C1.1		POINT(-88 11)	11	-88	-944.0	200.0
110170	2014-08-21 00:26:00	2014-08-21 00:46:00	2014-08-21 01:05:00	C3.2		POINT(-88 11)	11	-88	-961.0	198.0
110180	2014-08-21 01:12:00	2014-08-21 01:37:00	2014-08-21 02:00:00	C3.2		POINT(-88 10)	10	-88	-963.0	186.0
110190	2014-08-21 03:12:00	2014-08-21 04:06:00	2014-08-21 04:40:00	C1.7	12148.0	POINT(-41 8)	8	-41	-603.0	29.0
110200	2014-08-21 08:41:00	2014-08-21 08:55:00	2014-08-21 09:01:00	B8.8	12146.0	POINT(-16 12)	12	-16	-257.0	92.0
110210	2014-08-21 09:57:00	2014-08-21 10:18:00	2014-08-21 10:36:00	C1.2		POINT(-88 11)	11	-88	-944.0	186.0
110220	2014-08-21 11:55:00	2014-08-21 11:59:00	2014-08-21 12:03:00	C1.2		POINT(-38 6)	6	-38	-583.0	24.0
110230	2014-08-21 13:19:00	2014-08-21 13:31:00	2014-08-21 13:42:00	M3.4	12149.0	POINT(-38 6)	6	-38	-580.0	99.0
110240	2014-08-21 15:45:00	2014-08-21 15:50:00	2014-08-21 15:55:00	C2.0		POINT(-86 9)	9	-86	-933.0	147.0
110250	2014-08-21 18:56:00	2014-08-21 19:04:00	2014-08-21 19:20:00	C7.3	12149.0	POINT(-80 11)	11	-80	-929.0	145.0
110260	2014-08-21 22:17:00	2014-08-21 22:39:00	2014-08-21 22:57:00	C1.2		POINT(-85 9)	9	-85	-932.0	146.0
110270	2014-08-21 23:54:00	2014-08-22 00:06:00	2014-08-22 00:10:00	C6.6	12148.0	POINT(-32 7)	7	-32	-498.0	34.0
110280	2014-08-22 00:48:00	2014-08-22 00:54:00	2014-08-22 01:01:00	C2.6	12149.0	POINT(-78 10)	10	-78	-916.0	143.0
110290	2014-08-22 01:56:00	2014-08-22 02:01:00	2014-08-22 02:05:00	C2.5	12149.0	POINT(-88 -10)	-10	-88	-944.0	-181.0
110300	2014-08-22 02:20:00	2014-08-22 02:26:00	2014-08-22 02:35:00	C4.1	12149.0	POINT(-79 9)	9	-79	-919.0	132.0
110310	2014-08-22 06:09:00	2014-08-22 06:23:00	2014-08-22 07:18:00	M1.2	12149.0	POINT(-73 12)	12	-73	-910.0	132.0
110320	2014-08-22 08:30:00	2014-08-22 08:34:00	2014-08-22 08:41:00	C2.6	12149.0	POINT(-74 9)	9	-74	-902.0	133.0
110330	2014-08-22 09:10:00	2014-08-22 09:23:00	2014-08-22 09:28:00	C8.5	12149.0	POINT(-75 9)	9	-75	-904.0	133.0
110340	2014-08-22 10:13:00	2014-08-22 10:27:00	2014-08-22 10:46:00	C2.2	12146.0	POINT(-1 12)	12	-1	-29.0	75.0
110350	2014-08-22 12:04:00	2014-08-22 12:08:00	2014-08-22 12:11:00	C1.1	12149.0	POINT(-72 12)	12	-72	-903.0	156.0
110360	2014-08-22 12:30:00	2014-08-22 12:52:00	2014-08-22 13:08:00	C6.4	12149.0	POINT(-71 12)	12	-71	-891.0	129.0
110370	2014-08-22 15:40:00	2014-08-22 15:52:00	2014-08-22 16:02:00	C6.2	12146.0	POINT(3 8)	8	3	26.0	39.0
110380	2014-08-23 01:49:00	2014-08-23 01:56:00	2014-08-23 02:09:00	C3.5	12149.0	POINT(-62 10)	10	-62	-835.0	119.0
110390	2014-08-23 07:04:00	2014-08-23 07:47:00	2014-08-23 07:56:00	C1.4	12148.0	POINT(-8 5)	5	-8	-131.0	82.0
110400	2014-08-23 11:19:00	2014-08-23 11:27:00	2014-08-23 11:38:00	C1.3	12149.0	POINT(-58 13)	13	-58	-793.0	111.0
110410	2014-08-23 14:07:00	2014-08-23 14:13:00	2014-08-23 14:22:00	C2.2	12149.0	POINT(-56 12)	12	-56	-777.0	104.0
110420	2014-08-23 17:19:00	2014-08-23 17:27:00	2014-08-23 17:31:00	C6.0	12146.0	POINT(14 13)	13	14	234.0	98.0
110430	2014-08-23 18:11:00	2014-08-23 18:17:00	2014-08-23 18:22:00	C2.9	12149.0	POINT(-54 10)	10	-54	-748.0	95.0
110440	2014-08-23 22:26:00	2014-08-23 22:43:00	2014-08-23 22:54:00	C1.4	12149.0	POINT(-60 12)	12	-60	-806.0	141.0
110450	2014-08-24 00:08:00	2014-08-24 00:16:00	2014-08-24 00:27:00	C1.6	12146.0	POINT(20 8)	8	20	327.0	38.0
110460	2014-08-24 00:49:00	2014-08-24 00:52:00	2014-08-24 00:58:00	B7.4	12150.0	POINT(-60 -16)	-16	-60	-793.0	-304.0
110470	2014-08-24 04:53:00	2014-08-24 05:02:00	2014-08-24 05:11:00	C5.5	12149.0	POINT(-45 12)	12	-45	-659.0	98.0
110480	2014-08-24 07:22:00	2014-08-24 07:22:00	2014-08-24 07:29:00	C2.8	12143.0	POINT(69 -4)	-4	69	883.0	-66.0
110490	2014-08-24 09:35:00	2014-08-24 09:46:00	2014-08-24 09:53:00	C1.4	12149.0	POINT(-48 13)	13	-48	-692.0	99.0
110500	2014-08-24 10:31:00	2014-08-24 10:49:00	2014-08-24 11:08:00	C1.7	12149.0	POINT(-44 12)	12	-44	-644.0	96.0
110510	2014-08-24 12:00:00	2014-08-24 12:17:00	2014-08-24 12:25:00	M5.9	12151.0	POINT(-76 -9)	-9	-76	-909.0	-187.0
110520	2014-08-24 17:20:00	2014-08-24 17:24:00	2014-08-24 17:29:00	C1.8	12143.0	POINT(76 -5)	-5	76	918.0	-121.0
110530	2014-08-24 18:47:00	2014-08-24 19:23:00	2014-08-24 19:45:00	C2.2	12142.0	POINT(78 8)	8	78	921.0	119.0
110540	2014-08-25 01:01:00	2014-08-25 01:15:00	2014-08-25 01:18:00	C1.0	12150.0	POINT(-46 -13)	-13	-46	-655.0	-284.0
110550	2014-08-25 04:12:00	2014-08-25 04:50:00	2014-08-25 05:00:00	C1.0	12149.0	POINT(-34 9)	9	-34	-486.0	53.0
110560	2014-08-25 05:40:00	2014-08-25 05:48:00	2014-08-25 06:00:00	C1.1	12149.0	POINT(-33 10)	10	-33	-584.0	110.0
110570	2014-08-25 07:44:00	2014-08-25 07:55:00	2014-08-25 08:01:00	B9.7	12146.0	POINT(37 10)	10	37	575.0	75.0
110580	2014-08-25 11:15:00	2014-08-25 11:18:00	2014-08-25 11:20:00	B7.8	12150.0	POINT(-41 -12)	-12	-41	-586.0	-310.0
110590	2014-08-25 12:49:00	2014-08-25 12:52:00	2014-08-25 12:57:00	B7.6	12146.0	POINT(38 5)	5	38	575.0	25.0
110600	2014-08-25 14:13:00	2014-08-25 14:25:00	2014-08-25 14:31:00	C1.3	12146.0	POINT(41 9)	9	41	623.0	74.0
110610	2014-08-25 14:46:00	2014-08-25 15:11:00	2014-08-25 15:31:00	M2.0	12146.0	POINT(36 5)	5	36	595.0	9.0
110620	2014-08-25 20:06:00	2014-08-25 20:21:00	2014-08-25 20:29:00	M3.9	12146.0	POINT(43 7)	7	43	654.0	38.0
110630	2014-08-26 02:34:00	2014-08-26 02:41:00	2014-08-26 02:51:00	C4.0	12146.0	POINT(48 10)	10	48	704.0	83.0
110640	2014-08-26 06:09:00	2014-08-26 06:14:00	2014-08-26 06:30:00	C1.0	12146.0	POINT(49 9)	9	49	720.0	80.0
110650	2014-08-26 09:23:00	2014-08-26 09:28:00	2014-08-26 09:33:00	C1.9	12146.0	POINT(50 7)	7	50	737.0	85.0
110660	2014-08-26 22:54:00	2014-08-26 23:25:00	2014-08-26 23:38:00	C5.6	12146.0	POINT(58 9)	9	58	815.0	66.0
110670	2014-08-27 02:30:00	2014-08-27 02:35:00	2014-08-27 02:39:00	C1.4	12151.0	POINT(-40 -11)	-11	-40	-600.0	-273.0
110680	2014-08-27 03:34:00	2014-08-27 03:42:00	2014-08-27 04:28:00	C4.3	12149.0	POINT(-13 12)	12	-13	-105.0	59.0
110690	2014-08-27 05:09:00	2014-08-27 05:20:00	2014-08-27 05:28:00	C1.8	12146.0	POINT(61 10)	10	61	841.0	102.0
110700	2014-08-27 18:40:00	2014-08-27 18:46:00	2014-08-27 18:56:00	B8.1	12148.0	POINT(48 6)	6	48	707.0	21.0
110710	2014-08-27 22:18:00	2014-08-27 22:22:00	2014-08-27 22:25:00	B5.1		POINT(72 9)	9	72	896.0	116.0
110720	2014-08-27 22:46:00	2014-08-27 22:49:00	2014-08-27 22:53:00	B6.9	12151.0	POINT(-21 -5)	-5	-21	-337.0	-201.0
110730	2014-08-28 04:59:00	2014-08-28 05:15:00	2014-08-28 06:10:00	C1.6	12146.0	POINT(70 11)	11	70	893.0	78.0
110740	2014-08-28 07:59:00	2014-08-28 08:05:00	2014-08-28 08:09:00	C1.1	12152.0	POINT(-16 -6)	-6	-16	-269.0	-210.0
110750	2014-08-28 13:53:00	2014-08-28 13:57:00	2014-08-28 13:59:00	B7.7	12146.0	POINT(79 8)	8	79	923.0	116.0
110760	2014-08-28 15:08:00	2014-08-28 15:20:00	2014-08-28 15:55:00	C1.9	12146.0	POINT(77 8)	8	77	919.0	108.0
110770	2014-08-28 16:22:00	2014-08-28 16:23:00	2014-08-28 16:26:00	B8.4	12152.0	POINT(-61 -16)	-16	-61	-779.0	-361.0
110780	2014-08-28 18:45:00	2014-08-28 18:50:00	2014-08-28 18:55:00	B6.4	12151.0	POINT(-10 -6)	-6	-10	-177.0	-216.0
110790	2014-08-28 19:35:00	2014-08-28 19:39:00	2014-08-28 19:44:00	B5.8	12151.0	POINT(-11 -6)	-6	-11	-174.0	-212.0
110800	2014-08-28 23:48:00	2014-08-28 23:52:00	2014-08-28 23:57:00	B7.1	12151.0	POINT(-8 -6)	-6	-8	-134.0	-218.0
110810	2014-08-29 02:20:00	2014-08-29 02:26:00	2014-08-29 02:31:00	C1.4	12146.0	POINT(89 8)	8	89	947.0	134.0
110820	2014-08-29 15:43:00	2014-08-29 15:52:00	2014-08-29 16:02:00	C4.3	12146.0	POINT(89 6)	6	89	954.0	111.0
110830	2014-08-29 17:59:00	2014-08-29 18:08:00	2014-08-29 18:16:00	C1.9	12148.0	POINT(76 9)	9	76	918.0	122.0
110840	2014-08-29 22:35:00	2014-08-29 22:44:00	2014-08-29 22:57:00	C1.5	12149.0	POINT(36 7)	7	36	560.0	31.0
110850	2014-08-29 23:00:00	2014-08-29 23:18:00	2014-08-29 23:37:00	C1.5	12149.0	POINT(35 8)	8	35	557.0	26.0
110860	2014-08-29 23:46:00	2014-08-30 00:12:00	2014-08-30 00:33:00	C3.0	12149.0	POINT(36 7)	7	36	556.0	25.0
110870	2014-08-30 04:16:00	2014-08-30 04:28:00	2014-08-30 04:39:00	C2.0	12149.0	POINT(38 8)	8	38	577.0	27.0
110880	2014-08-30 04:49:00	2014-08-30 04:56:00	2014-08-30 05:08:00	C3.3	12149.0	POINT(37 7)	7	37	581.0	32.0
110890	2014-08-30 06:34:00	2014-08-30 06:41:00	2014-08-30 06:45:00	B8.7	12152.0	POINT(-39 -16)	-16	-39	-591.0	-353.0
110900	2014-08-30 07:18:00	2014-08-30 07:22:00	2014-08-30 07:26:00	C1.7	12152.0	POINT(89 3)	3	89	959.0	59.0
110910	2014-08-30 08:01:00	2014-08-30 08:03:00	2014-08-30 09:31:00	C1.0	12152.0	POINT(-39 -14)	-14	-39	-548.0	-348.0
110920	2014-08-30 08:31:00	2014-08-30 08:35:00	2014-08-30 08:39:00	C1.3	12149.0	POINT(39 8)	8	39	592.0	132.0
110930	2014-08-30 10:14:00	2014-08-30 10:19:00	2014-08-30 10:21:00	C2.0	12149.0	POINT(41 5)	5	41	612.0	41.0
110940	2014-08-30 11:49:00	2014-08-30 11:53:00	2014-08-30 11:55:00	C1.0	12152.0	POINT(-37 -15)	-15	-37	-521.0	-353.0
110950	2014-08-30 14:22:00	2014-08-30 14:25:00	2014-08-30 14:29:00	C2.8	12152.0	POINT(-35 -14)	-14	-35	-528.0	-229.0
110960	2014-08-30 18:29:00	2014-08-30 18:33:00	2014-08-30 18:44:00	B9.8		POINT(-33 -15)	-15	-33	-509.0	-340.0
110970	2014-08-31 01:51:00	2014-08-31 01:57:00	2014-08-31 02:09:00	C1.3	12149.0	POINT(49 9)	9	49	711.0	54.0
110980	2014-08-31 03:51:00	2014-08-31 03:55:00	2014-08-31 04:02:00	B8.9	12149.0	POINT(50 10)	10	50	721.0	53.0
110990	2014-08-31 05:37:00	2014-08-31 05:55:00	2014-08-31 06:01:00	C3.4	12149.0	POINT(52 8)	8	52	739.0	61.0
111000	2014-08-31 07:21:00	2014-08-31 07:28:00	2014-08-31 07:41:00	C1.8	12149.0	POINT(52 8)	8	52	757.0	68.0
111010	2014-08-31 09:51:00	2014-08-31 11:18:00	2014-08-31 12:06:00	C3.6	12149.0	POINT(53 8)	8	53	759.0	66.0
111020	2014-08-31 12:07:00	2014-08-31 12:11:00	2014-08-31 12:14:00	C7.1	12149.0	POINT(54 8)	8	54	767.0	72.0
111030	2014-08-31 15:30:00	2014-08-31 15:35:00	2014-08-31 15:38:00	C2.1	12149.0	POINT(58 7)	7	58	786.0	72.0
111040	2014-08-31 15:58:00	2014-08-31 16:11:00	2014-08-31 16:20:00	C1.2	12152.0	POINT(-22 -15)	-15	-22	-344.0	-246.0
111050	2014-08-31 17:25:00	2014-08-31 17:33:00	2014-08-31 17:41:00	C2.2	12149.0	POINT(60 7)	7	60	824.0	60.0
111060	2014-08-31 22:28:00	2014-08-31 22:55:00	2014-08-31 23:03:00	C1.0	12152.0	POINT(-16 -14)	-14	-16	-258.0	-348.0
111070	2014-09-01 05:43:00	2014-09-01 05:49:00	2014-09-01 05:55:00	B8.3	12152.0	POINT(-13 -14)	-14	-13	-207.0	-341.0
111080	2014-09-01 06:40:00	2014-09-01 07:44:00	2014-09-01 08:22:00	C2.1	12149.0	POINT(74 5)	5	74	909.0	64.0
111090	2014-09-01 10:20:00	2014-09-01 10:26:00	2014-09-01 10:36:00	C1.4	12149.0	POINT(69 7)	7	69	884.0	84.0
111100	2014-09-01 15:27:00	2014-09-01 16:04:00	2014-09-01 17:11:00	C1.7	12152.0	POINT(-5 -13)	-13	-5	-63.0	-335.0
111110	2014-09-01 18:03:00	2014-09-01 18:26:00	2014-09-01 20:00:00	C1.6	12152.0	POINT(47 -12)	-12	47	682.0	-282.0
111120	2014-09-02 00:09:00	2014-09-02 00:16:00	2014-09-02 00:24:00	C2.3		POINT(80 7)	7	80	930.0	95.0
111130	2014-09-02 00:50:00	2014-09-02 00:59:00	2014-09-02 01:05:00	C2.6	12152.0	POINT(1 -13)	-13	1	18.0	-331.0
111140	2014-09-02 12:04:00	2014-09-02 12:09:00	2014-09-02 12:16:00	C2.2		POINT(5 -14)	-14	5	83.0	-350.0
111150	2014-09-02 13:10:00	2014-09-02 13:15:00	2014-09-02 13:23:00	C3.7	12152.0	POINT(7 -13)	-13	7	130.0	-320.0
111160	2014-09-02 20:56:00	2014-09-02 21:00:00	2014-09-02 21:04:00	C2.9		POINT(-87 -20)	-20	-87	-901.0	-338.0
111170	2014-09-03 01:31:00	2014-09-03 01:37:00	2014-09-03 01:40:00	C2.4	12149.0	POINT(89 7)	7	89	947.0	130.0
111180	2014-09-03 02:44:00	2014-09-03 02:53:00	2014-09-03 03:00:00	C4.0		POINT(-86 -21)	-21	-86	-897.0	-351.0
111190	2014-09-03 08:40:00	2014-09-03 09:20:00	2014-09-03 09:20:00	C1.3		POINT(-88 -12)	-12	-88	-948.0	-213.0
111200	2014-09-03 12:44:00	2014-09-03 12:50:00	2014-09-03 12:55:00	C1.6	12155.0	POINT(-86 -21)	-21	-86	-894.0	-349.0
111210	2014-09-03 13:20:00	2014-09-03 13:54:00	2014-09-03 14:23:00	M2.5	12155.0	POINT(18 -14)	-14	18	285.0	-230.0
111220	2014-09-03 21:13:00	2014-09-03 21:24:00	2014-09-03 21:24:00	C5.2	12149.0	POINT(-88 -13)	-13	-88	-944.0	-221.0
111230	2014-09-04 02:24:00	2014-09-04 02:28:00	2014-09-04 02:31:00	C2.4	12149.0	POINT(82 13)	13	82	918.0	200.0
111240	2014-09-04 06:38:00	2014-09-04 06:43:00	2014-09-04 06:49:00	C1.6	12152.0	POINT(-13 -82)	-82	-13	-29.0	-942.0
111250	2014-09-04 10:00:00	2014-09-04 10:11:00	2014-09-04 10:24:00	C3.1	12157.0	POINT(-87 -13)	-13	-87	-950.0	-234.0
111260	2014-09-04 11:10:00	2014-09-04 11:22:00	2014-09-04 11:26:00	C2.2	12152.0	POINT(60 -9)	-9	60	815.0	-220.0
111270	2014-09-04 11:44:00	2014-09-04 11:47:00	2014-09-04 11:49:00	C1.8	12153.0	POINT(60 -10)	-10	60	815.0	-226.0
111280	2014-09-04 13:10:00	2014-09-04 13:30:00	2014-09-04 13:45:00	C6.3	12152.0	POINT(30 -15)	-15	30	466.0	-350.0
111290	2014-09-04 14:45:00	2014-09-04 14:49:00	2014-09-04 14:53:00	C1.5	12155.0	POINT(-85 -14)	-14	-85	-916.0	-251.0
111300	2014-09-04 16:21:00	2014-09-04 16:32:00	2014-09-04 16:48:00	C5.7	12157.0	POINT(-87 -19)	-19	-87	-909.0	-324.0
111310	2014-09-04 19:16:00	2014-09-04 19:31:00	2014-09-04 19:42:00	C3.9	12157.0	POINT(-87 -15)	-15	-87	-916.0	-262.0
111320	2014-09-05 01:44:00	2014-09-05 01:50:00	2014-09-05 01:52:00	C3.8	12155.0	POINT(-73 -13)	-13	-73	-888.0	-255.0
111330	2014-09-05 06:04:00	2014-09-05 06:08:00	2014-09-05 06:11:00	C2.1	12157.0	POINT(-70 -13)	-13	-70	-872.0	-256.0
111340	2014-09-05 06:16:00	2014-09-05 06:53:00	2014-09-05 07:09:00	C6.7	12157.0	POINT(-69 -14)	-14	-69	-881.0	-252.0
111350	2014-09-05 09:28:00	2014-09-05 09:33:00	2014-09-05 09:38:00	C3.2	12157.0	POINT(-68 -13)	-13	-68	-860.0	-259.0
111360	2014-09-05 14:50:00	2014-09-05 14:54:00	2014-09-05 14:56:00	C1.6	12153.0	POINT(76 -9)	-9	76	912.0	-188.0
111370	2014-09-05 16:10:00	2014-09-05 16:17:00	2014-09-05 16:27:00	C1.8	12157.0	POINT(-87 -15)	-15	-87	-929.0	-258.0
111380	2014-09-06 00:00:00	2014-09-06 00:03:00	2014-09-06 00:06:00	C2.9	12157.0	POINT(-61 -16)	-16	-61	-806.0	-317.0
111390	2014-09-06 05:56:00	2014-09-06 06:18:00	2014-09-06 06:44:00	C2.4	12157.0	POINT(-61 -17)	-17	-61	-801.0	-338.0
111400	2014-09-06 08:01:00	2014-09-06 08:08:00	2014-09-06 09:05:00	C8.0	12157.0	POINT(-54 -10)	-10	-54	-785.0	-279.0
111410	2014-09-06 11:24:00	2014-09-06 11:29:00	2014-09-06 11:37:00	C2.5	12157.0	POINT(-54 -17)	-17	-54	-745.0	-347.0
111420	2014-09-06 12:21:00	2014-09-06 12:24:00	2014-09-06 12:28:00	C1.7	12152.0	POINT(56 -19)	-19	56	746.0	-309.0
111430	2014-09-06 16:50:00	2014-09-06 17:09:00	2014-09-06 17:22:00	M1.1	12157.0	POINT(-53 -14)	-14	-53	-733.0	-324.0
111440	2014-09-06 17:44:00	2014-09-06 17:48:00	2014-09-06 17:53:00	C4.7	12157.0	POINT(-51 -11)	-11	-51	-726.0	-181.0
111450	2014-09-07 01:53:00	2014-09-07 02:04:00	2014-09-07 02:23:00	C7.5	12159.0	POINT(-63 -21)	-21	-63	-792.0	-393.0
111460	2014-09-07 10:00:00	2014-09-07 10:04:00	2014-09-07 10:10:00	C2.2	12157.0	POINT(-42 -10)	-10	-42	-641.0	-291.0
111470	2014-09-07 10:28:00	2014-09-07 10:37:00	2014-09-07 10:45:00	C1.9	12157.0	POINT(-41 -12)	-12	-41	-613.0	-299.0
111480	2014-09-07 12:01:00	2014-09-07 12:10:00	2014-09-07 12:28:00	C2.2	12157.0	POINT(-43 -14)	-14	-43	-628.0	-368.0
111490	2014-09-07 14:34:00	2014-09-07 14:39:00	2014-09-07 14:44:00	C3.3	12157.0	POINT(-36 -10)	-10	-36	-492.0	-266.0
111500	2014-09-07 19:29:00	2014-09-07 19:43:00	2014-09-07 19:52:00	C7.8	12157.0	POINT(-36 -12)	-12	-36	-558.0	-301.0
111510	2014-09-08 00:08:00	2014-09-08 00:11:00	2014-09-08 00:13:00	C5.1	12157.0	POINT(-26 -10)	-10	-26	-416.0	-278.0
111520	2014-09-08 03:21:00	2014-09-08 03:37:00	2014-09-08 03:57:00	C4.6	12157.0	POINT(-51 -12)	-12	-51	-723.0	-198.0
111530	2014-09-08 16:26:00	2014-09-08 16:33:00	2014-09-08 16:40:00	C2.7	12157.0	POINT(-27 -16)	-16	-27	-417.0	-379.0
111540	2014-09-08 19:01:00	2014-09-08 19:07:00	2014-09-08 19:36:00	C2.1	12158.0	POINT(-28 15)	15	-28	-441.0	134.0
111550	2014-09-08 23:12:00	2014-09-09 00:29:00	2014-09-09 01:31:00	M4.5	12158.0	POINT(-31 14)	14	-31	-478.0	133.0
111560	2014-09-09 12:19:00	2014-09-09 12:26:00	2014-09-09 12:35:00	C3.2	12157.0	POINT(-12 -8)	-8	-12	-196.0	-132.0
111570	2014-09-10 05:12:00	2014-09-10 05:24:00	2014-09-10 05:32:00	C2.4	12157.0	POINT(-5 -16)	-16	-5	-88.0	-398.0
111580	2014-09-10 16:59:00	2014-09-10 17:33:00	2014-09-10 22:40:00	X1.6	12158.0	POINT(-2 14)	14	-2	-89.0	74.0
111590	2014-09-11 03:35:00	2014-09-11 03:49:00	2014-09-11 04:02:00	C4.4		POINT(-88 15)	15	-88	-941.0	264.0
111600	2014-09-11 06:33:00	2014-09-11 06:36:00	2014-09-11 06:42:00	C1.9		POINT(-11 -82)	-82	-11	-28.0	-1072.0
111610	2014-09-11 11:54:00	2014-09-11 11:58:00	2014-09-11 12:01:00	C2.0	12163.0	POINT(-74 -8)	-8	-74	-908.0	-165.0
111620	2014-09-11 14:30:00	2014-09-11 14:34:00	2014-09-11 14:50:00	C2.4	12157.0	POINT(-72 -8)	-8	-72	-899.0	-168.0
111630	2014-09-11 15:20:00	2014-09-11 15:26:00	2014-09-11 15:31:00	M2.1	12166.0	POINT(-88 15)	15	-88	-930.0	252.0
111640	2014-09-11 21:01:00	2014-09-11 21:26:00	2014-09-11 21:30:00	M1.4	12166.0	POINT(17 -17)	-17	17	269.0	-390.0
111650	2014-09-12 02:07:00	2014-09-12 02:24:00	2014-09-12 02:32:00	C9.5	12157.0	POINT(20 -16)	-16	20	304.0	-370.0
111660	2014-09-12 08:11:00	2014-09-12 08:15:00	2014-09-12 08:17:00	C1.2	12158.0	POINT(15 18)	18	15	246.0	197.0
111670	2014-09-12 08:24:00	2014-09-12 09:55:00	2014-09-12 10:43:00	C3.2	12158.0	POINT(12 13)	13	12	206.0	110.0
111680	2014-09-12 12:25:00	2014-09-12 12:32:00	2014-09-12 13:04:00	C1.5	12161.0	POINT(71 -16)	-16	71	866.0	-262.0
111690	2014-09-12 13:36:00	2014-09-12 13:41:00	2014-09-12 13:47:00	C1.5	12161.0	POINT(74 -12)	-12	74	897.0	-231.0
111700	2014-09-12 16:32:00	2014-09-12 16:35:00	2014-09-12 16:38:00	C1.4	12161.0	POINT(74 -11)	-11	74	898.0	-226.0
111710	2014-09-12 18:45:00	2014-09-12 18:55:00	2014-09-12 19:02:00	C2.5	12157.0	POINT(29 -17)	-17	29	449.0	-390.0
111720	2014-09-12 20:05:00	2014-09-12 20:12:00	2014-09-12 20:14:00	C3.3	12157.0	POINT(80 -12)	-12	80	918.0	-224.0
111730	2014-09-13 00:00:00	2014-09-13 00:09:00	2014-09-13 00:15:00	C2.3	12161.0	POINT(79 -11)	-11	79	926.0	-212.0
111740	2014-09-13 04:29:00	2014-09-13 04:47:00	2014-09-13 04:58:00	C1.7	12166.0	POINT(-76 14)	14	-76	-897.0	215.0
111750	2014-09-13 12:41:00	2014-09-13 12:44:00	2014-09-13 12:46:00	C1.2	12161.0	POINT(44 -13)	-13	44	650.0	-303.0
111760	2014-09-13 12:50:00	2014-09-13 12:54:00	2014-09-13 12:56:00	C3.7	12157.0	POINT(37 -19)	-19	37	575.0	-359.0
111770	2014-09-13 16:10:00	2014-09-13 16:16:00	2014-09-13 16:19:00	C1.1	12157.0	POINT(40 -16)	-16	40	599.0	-358.0
111780	2014-09-13 17:11:00	2014-09-13 17:14:00	2014-09-13 17:16:00	C1.6	12157.0	POINT(41 -16)	-16	41	611.0	-362.0
111790	2014-09-13 22:28:00	2014-09-13 22:33:00	2014-09-13 22:36:00	C1.1		POINT(-1 -13)	-13	-1	-16.0	-214.0
111800	2014-09-13 23:10:00	2014-09-13 23:13:00	2014-09-13 23:15:00	C1.2	12157.0	POINT(45 -15)	-15	45	644.0	-357.0
111810	2014-09-13 23:16:00	2014-09-13 23:18:00	2014-09-13 23:26:00	C1.5	12158.0	POINT(39 20)	20	39	578.0	218.0
111820	2014-09-14 00:12:00	2014-09-14 00:17:00	2014-09-14 00:21:00	C1.9		POINT(88 -12)	-12	88	942.0	-208.0
111830	2014-09-14 02:03:00	2014-09-14 02:16:00	2014-09-14 02:36:00	M1.5	12157.0	POINT(49 -13)	-13	49	701.0	-214.0
111840	2014-09-14 14:08:00	2014-09-14 14:12:00	2014-09-14 14:15:00	C1.6	12157.0	POINT(52 -16)	-16	52	746.0	-290.0
111850	2014-09-15 00:20:00	2014-09-15 00:27:00	2014-09-15 00:35:00	C3.1	12157.0	POINT(63 -12)	-12	63	847.0	-282.0
111860	2014-09-15 02:04:00	2014-09-15 02:24:00	2014-09-15 02:46:00	C2.9	12158.0	POINT(52 16)	16	52	782.0	152.0
111870	2014-09-15 13:10:00	2014-09-15 13:14:00	2014-09-15 13:18:00	B8.7	12158.0	POINT(59 12)	12	59	801.0	162.0
111880	2014-09-15 15:03:00	2014-09-15 15:20:00	2014-09-15 15:24:00	B8.1		POINT(62 17)	17	62	807.0	225.0
111890	2014-09-15 18:11:00	2014-09-15 18:15:00	2014-09-15 18:17:00	C2.2	12158.0	POINT(61 17)	17	61	796.0	263.0
111900	2014-09-15 20:44:00	2014-09-15 20:51:00	2014-09-15 20:59:00	C2.3	12166.0	POINT(-43 11)	11	-43	-647.0	84.0
111910	2014-09-16 15:38:00	2014-09-16 15:45:00	2014-09-16 15:47:00	C1.4	12158.0	POINT(77 17)	17	77	890.0	257.0
111920	2014-09-16 16:57:00	2014-09-16 17:02:00	2014-09-16 17:07:00	C1.6		POINT(77 16)	16	77	893.0	249.0
111930	2014-09-16 19:06:00	2014-09-16 19:27:00	2014-09-16 19:34:00	C2.1	12158.0	POINT(78 18)	18	78	888.0	270.0
111940	2014-09-16 20:37:00	2014-09-16 20:43:00	2014-09-16 20:47:00	C2.0	12158.0	POINT(79 17)	17	79	897.0	257.0
111950	2014-09-16 23:51:00	2014-09-16 23:58:00	2014-09-17 00:08:00	C1.8	12164.0	POINT(36 -13)	-13	36	549.0	-312.0
111960	2014-09-17 01:05:00	2014-09-17 01:10:00	2014-09-17 01:14:00	C1.2	12164.0	POINT(37 -12)	-12	37	552.0	-315.0
111970	2014-09-17 01:32:00	2014-09-17 01:42:00	2014-09-17 01:50:00	C1.3	12164.0	POINT(38 -12)	-12	38	559.0	-314.0
111980	2014-09-17 03:29:00	2014-09-17 03:34:00	2014-09-17 03:44:00	C2.6	12164.0	POINT(40 -15)	-15	40	580.0	-311.0
111990	2014-09-17 07:27:00	2014-09-17 07:31:00	2014-09-17 07:34:00	C1.2	12164.0	POINT(40 -13)	-13	40	599.0	-314.0
112000	2014-09-17 08:06:00	2014-09-17 08:12:00	2014-09-17 08:19:00	C1.4	12158.0	POINT(40 -13)	-13	40	599.0	-317.0
112010	2014-09-17 19:26:00	2014-09-17 19:48:00	2014-09-17 20:13:00	C7.5	12158.0	POINT(88 12)	12	88	972.0	213.0
112020	2014-09-17 21:10:00	2014-09-17 21:39:00	2014-09-17 21:48:00	C3.5	12164.0	POINT(87 -15)	-15	87	933.0	-256.0
112030	2014-09-18 01:06:00	2014-09-18 01:12:00	2014-09-18 01:20:00	C1.4	12168.0	POINT(88 14)	14	88	933.0	237.0
112040	2014-09-18 07:02:00	2014-09-18 07:09:00	2014-09-18 07:12:00	C6.4	12169.0	POINT(-70 5)	5	-70	-893.0	49.0
112050	2014-09-18 08:37:00	2014-09-18 08:41:00	2014-09-18 08:53:00	M1.2	12169.0	POINT(-70 8)	8	-70	-891.0	36.0
112060	2014-09-18 15:54:00	2014-09-18 15:58:00	2014-09-18 16:00:00	B9.0		POINT(-65 4)	4	-65	-864.0	26.0
112070	2014-09-18 17:25:00	2014-09-18 17:30:00	2014-09-18 17:32:00	C3.4	12169.0	POINT(-63 4)	4	-63	-856.0	18.0
112080	2014-09-18 21:11:00	2014-09-18 21:19:00	2014-09-18 21:30:00	C1.0	12158.0	POINT(88 14)	14	88	938.0	240.0
112090	2014-09-19 00:02:00	2014-09-19 00:07:00	2014-09-19 00:13:00	C1.2	12166.0	POINT(9 13)	13	9	126.0	107.0
112100	2014-09-19 13:49:00	2014-09-19 13:52:00	2014-09-19 13:56:00	C1.4	12164.0	POINT(15 13)	13	15	256.0	108.0
112110	2014-09-19 17:01:00	2014-09-19 17:06:00	2014-09-19 17:09:00	C1.0	12164.0	POINT(73 -13)	-13	73	887.0	-261.0
112120	2014-09-19 17:27:00	2014-09-19 18:32:00	2014-09-19 18:58:00	C3.3	12171.0	POINT(-84 -10)	-10	-84	-933.0	-189.0
112130	2014-09-20 12:43:00	2014-09-20 12:54:00	2014-09-20 13:06:00	C1.1	12171.0	POINT(-88 -13)	-13	-88	-953.0	-228.0
112140	2014-09-20 17:08:00	2014-09-20 17:14:00	2014-09-20 17:23:00	C1.1	12172.0	POINT(-88 -12)	-12	-88	-936.0	-214.0
112150	2014-09-21 01:44:00	2014-09-21 01:51:00	2014-09-21 01:58:00	C1.2	12172.0	POINT(-85 -13)	-13	-85	-926.0	-230.0
112160	2014-09-21 07:07:00	2014-09-21 07:14:00	2014-09-21 07:25:00	C2.0	12172.0	POINT(-78 -12)	-12	-78	-912.0	-236.0
112170	2014-09-21 11:28:00	2014-09-21 11:45:00	2014-09-21 13:03:00	C5.2	12166.0	POINT(40 11)	11	40	637.0	129.0
112180	2014-09-22 19:12:00	2014-09-22 19:51:00	2014-09-22 20:08:00	C1.6	12172.0	POINT(-61 -16)	-16	-61	-804.0	-326.0
112190	2014-09-23 15:28:00	2014-09-23 15:36:00	2014-09-23 15:39:00	C1.1	12172.0	POINT(-48 -12)	-12	-48	-684.0	-312.0
112200	2014-09-23 20:44:00	2014-09-23 20:58:00	2014-09-23 21:10:00	B9.6		POINT(-43 -13)	-13	-43	-645.0	-299.0
112210	2014-09-23 23:01:00	2014-09-23 23:09:00	2014-09-24 00:10:00	M2.3	12172.0	POINT(-33 -13)	-13	-33	-495.0	-333.0
112220	2014-09-24 16:01:00	2014-09-24 16:11:00	2014-09-24 16:14:00	C1.8	12172.0	POINT(-25 -12)	-12	-25	-395.0	-198.0
112230	2014-09-24 17:45:00	2014-09-24 17:50:00	2014-09-24 17:52:00	C7.0	12172.0	POINT(-24 -13)	-13	-24	-379.0	-215.0
112240	2014-09-24 23:36:00	2014-09-24 23:42:00	2014-09-24 23:54:00	C4.8	12177.0	POINT(-88 13)	13	-88	-943.0	233.0
112250	2014-09-25 13:47:00	2014-09-25 13:53:00	2014-09-25 13:56:00	C2.5	12175.0	POINT(-88 11)	11	-88	-942.0	195.0
112260	2014-09-25 19:12:00	2014-09-25 20:32:00	2014-09-25 21:47:00	C3.2	12171.0	POINT(-18 -15)	-15	-18	-287.0	-363.0
112270	2014-09-25 21:49:00	2014-09-25 22:09:00	2014-09-25 22:31:00	C5.6	12175.0	POINT(10 13)	13	10	175.0	101.0
112280	2014-09-26 00:41:00	2014-09-26 00:46:00	2014-09-26 00:53:00	C1.6	12172.0	POINT(-1 -15)	-15	-1	-16.0	-363.0
112290	2014-09-26 04:19:00	2014-09-26 05:44:00	2014-09-26 06:59:00	C8.6	12172.0	POINT(-8 -8)	-8	-8	-137.0	-260.0
112300	2014-09-26 12:36:00	2014-09-26 12:55:00	2014-09-26 12:58:00	C3.7	12177.0	POINT(-76 12)	12	-76	-909.0	171.0
112310	2014-09-26 13:50:00	2014-09-26 13:54:00	2014-09-26 13:56:00	C4.2	12172.0	POINT(-4 -11)	-11	-4	-111.0	-302.0
112320	2014-09-26 16:13:00	2014-09-26 16:18:00	2014-09-26 16:25:00	C7.9	12177.0	POINT(-75 13)	13	-75	-899.0	164.0
112330	2014-09-26 19:34:00	2014-09-26 19:38:00	2014-09-26 19:41:00	C1.6		POINT(-82 12)	12	-82	-925.0	190.0
112340	2014-09-26 23:06:00	2014-09-26 23:10:00	2014-09-26 23:14:00	C3.5		POINT(-89 -3)	-3	-89	-968.0	-63.0
112350	2014-09-27 00:10:00	2014-09-27 00:14:00	2014-09-27 00:24:00	C2.2	12173.0	POINT(10 -15)	-15	10	141.0	-348.0
112360	2014-09-27 06:45:00	2014-09-27 06:50:00	2014-09-27 06:55:00	C2.4	12173.0	POINT(15 -18)	-18	15	251.0	-390.0
112370	2014-09-27 08:32:00	2014-09-27 08:37:00	2014-09-27 08:40:00	M1.0		POINT(-89 -4)	-4	-89	-961.0	-71.0
112380	2014-09-27 15:32:00	2014-09-27 16:13:00	2014-09-27 15:51:00	C2.3		POINT(9 -10)	-10	9	147.0	-166.0
112390	2014-09-27 19:19:00	2014-09-27 20:01:00	2014-09-27 19:51:00	C2.7		POINT(11 -13)	-13	11	178.0	-215.0
112400	2014-09-28 01:09:00	2014-09-28 01:28:00	2014-09-28 01:16:00	C3.4	12172.0	POINT(16 -10)	-10	16	259.0	-166.0
112410	2014-09-28 02:39:00	2014-09-28 03:19:00	2014-09-28 02:58:00	M5.1	12173.0	POINT(23 -13)	-13	23	364.0	-215.0
112420	2014-09-28 06:59:00	2014-09-28 07:29:00	2014-09-28 07:04:00	C6.3	12173.0	POINT(29 -17)	-17	29	443.0	-279.0
112430	2014-09-28 10:55:00	2014-09-28 11:02:00	2014-09-28 10:59:00	C2.9	12172.0	POINT(22 -12)	-12	22	350.0	-199.0
112440	2014-09-28 16:34:00	2014-09-28 18:00:00	2014-09-28 17:33:00	M1.0	12173.0	POINT(30 -15)	-15	30	462.0	-247.0
112450	2014-09-28 20:27:00	2014-09-28 20:55:00	2014-09-28 20:35:00	C4.0	12173.0	POINT(37 -17)	-17	37	551.0	-280.0
112460	2014-09-29 03:47:00	2014-09-29 03:55:00	2014-09-29 03:50:00	C2.2	12176.0	POINT(0 7)	7	0	0.0	116.0
112470	2014-09-29 05:34:00	2014-09-29 06:05:00	2014-09-29 05:54:00	C5.4	12177.0	POINT(-42 13)	13	-42	-624.0	215.0
112480	2014-09-29 08:16:00	2014-09-29 11:26:00	2014-09-29 11:02:00	C2.1		POINT(39 -16)	-16	39	579.0	-264.0
112490	2014-09-29 15:02:00	2014-09-29 16:30:00	2014-09-29 15:38:00	C2.1	12173.0	POINT(45 -16)	-16	45	651.0	-264.0
112500	2014-09-29 17:44:00	2014-09-29 19:18:00	2014-09-29 18:10:00	C2.2	12173.0	POINT(45 -16)	-16	45	651.0	-264.0
112510	2014-09-29 19:42:00	2014-09-29 22:55:00	2014-09-29 21:32:00	C3.3	12173.0	POINT(44 -16)	-16	44	639.0	-264.0
112520	2014-09-30 04:10:00	2014-09-30 05:10:00	2014-09-30 04:44:00	C2.6	12173.0	POINT(56 -15)	-15	56	767.0	-247.0
112530	2014-10-01 02:40:00	2014-10-01 03:06:00	2014-10-01 03:48:00	C6.7	12172.0	POINT(64 -12)	-12	64	842.0	-199.0
112540	2014-10-02 17:10:00	2014-10-02 18:15:00	2014-10-02 17:44:00	M1.5	12172.0	POINT(76 -18)	-18	76	884.0	-296.0
112550	2014-10-02 18:49:00	2014-10-02 19:14:00	2014-10-02 19:01:00	M7.3	12173.0	POINT(82 -17)	-17	82	908.0	-280.0
112560	2014-10-02 22:51:00	2014-10-02 22:56:00	2014-10-02 22:54:00	C3.6	12173.0	POINT(-89 18)	18	-89	-911.0	296.0
112570	2014-10-03 00:05:00	2014-10-03 00:08:00	2014-10-03 00:12:00	C3.2	12172.0	POINT(88 -9)	-9	88	949.0	-153.0
112580	2014-10-03 02:57:00	2014-10-03 03:04:00	2014-10-03 03:15:00	C5.7	12173.0	POINT(88 -11)	-11	88	948.0	-198.0
112590	2014-10-03 03:58:00	2014-10-03 04:20:00	2014-10-03 04:37:00	C5.7	12172.0	POINT(88 -13)	-13	88	933.0	-215.0
112600	2014-10-03 06:36:00	2014-10-03 06:48:00	2014-10-03 07:14:00	C9.0	12173.0	POINT(88 -12)	-12	88	947.0	-218.0
112610	2014-10-03 08:17:00	2014-10-03 09:29:00	2014-10-03 10:23:00	C1.3	12172.0	POINT(88 -13)	-13	88	939.0	-228.0
112620	2014-10-03 10:41:00	2014-10-03 10:46:00	2014-10-03 10:53:00	C2.2	12181.0	POINT(88 -13)	-13	88	945.0	-223.0
112630	2014-10-03 11:41:00	2014-10-03 11:48:00	2014-10-03 11:58:00	C2.5	12172.0	POINT(88 -13)	-13	88	941.0	-225.0
112640	2014-10-03 22:07:00	2014-10-03 22:15:00	2014-10-03 22:20:00	C1.9	12172.0	POINT(88 -13)	-13	88	948.0	-222.0
112650	2014-10-04 00:54:00	2014-10-04 01:02:00	2014-10-04 01:11:00	C1.7	12178.0	POINT(4 -3)	-3	4	72.0	-170.0
112660	2014-10-04 02:10:00	2014-10-04 02:24:00	2014-10-04 02:40:00	C1.4	12178.0	POINT(88 -13)	-13	88	945.0	-222.0
112670	2014-10-04 06:48:00	2014-10-04 06:58:00	2014-10-04 07:08:00	C1.0	12177.0	POINT(-26 11)	11	-26	-412.0	183.0
112680	2014-10-04 10:16:00	2014-10-04 10:21:00	2014-10-04 10:24:00	C1.4	12178.0	POINT(12 -3)	-3	12	213.0	-161.0
112690	2014-10-05 09:32:00	2014-10-05 09:54:00	2014-10-05 10:16:00	C1.0	12178.0	POINT(23 -1)	-1	23	374.0	-16.0
112700	2014-10-05 12:11:00	2014-10-05 12:35:00	2014-10-05 13:11:00	C1.0	12181.0	POINT(39 -10)	-10	39	607.0	-261.0
112710	2014-10-05 13:19:00	2014-10-05 13:35:00	2014-10-05 13:44:00	C1.2		POINT(-52 -21)	-21	-52	-710.0	-415.0
112720	2014-10-05 16:33:00	2014-10-05 16:56:00	2014-10-05 17:05:00	C1.5	12177.0	POINT(52 9)	9	52	752.0	90.0
112730	2014-10-06 00:01:00	2014-10-06 00:06:00	2014-10-06 00:11:00	C1.2	12181.0	POINT(45 -11)	-11	45	650.0	-275.0
112740	2014-10-06 15:44:00	2014-10-06 15:49:00	2014-10-06 15:54:00	C1.7	12181.0	POINT(55 -13)	-13	55	762.0	-259.0
112750	2014-10-06 16:35:00	2014-10-06 17:07:00	2014-10-06 17:34:00	C3.0	12185.0	POINT(-60 -16)	-16	-60	-797.0	-327.0
112760	2014-10-06 21:08:00	2014-10-06 21:26:00	2014-10-06 21:41:00	C1.5	12181.0	POINT(56 -12)	-12	56	778.0	-268.0
112770	2014-10-07 07:05:00	2014-10-07 07:09:00	2014-10-07 07:17:00	B8.2		POINT(-44 15)	15	-44	-656.0	158.0
112780	2014-10-07 07:20:00	2014-10-07 07:26:00	2014-10-07 07:32:00	C1.1		POINT(-44 15)	15	-44	-650.0	156.0
112790	2014-10-07 15:25:00	2014-10-07 15:27:00	2014-10-07 15:42:00	B7.2		POINT(-39 15)	15	-39	-605.0	157.0
112800	2014-10-07 15:55:00	2014-10-07 16:00:00	2014-10-07 16:04:00	C1.6		POINT(-38 14)	14	-38	-593.0	149.0
112810	2014-10-07 19:48:00	2014-10-07 19:57:00	2014-10-07 20:07:00	C1.0		POINT(-36 14)	14	-36	-560.0	147.0
112820	2014-10-07 23:29:00	2014-10-07 23:34:00	2014-10-07 23:40:00	C1.1		POINT(-35 14)	14	-35	-531.0	145.0
112830	2014-10-08 13:04:00	2014-10-08 13:17:00	2014-10-08 13:20:00	C1.0	12182.0	POINT(32 -16)	-16	32	527.0	-322.0
112840	2014-10-08 16:45:00	2014-10-08 16:51:00	2014-10-08 16:56:00	C2.1	12182.0	POINT(38 -17)	-17	38	591.0	-338.0
112850	2014-10-08 19:48:00	2014-10-08 19:53:00	2014-10-08 19:58:00	C2.0	12182.0	POINT(41 -17)	-17	41	618.0	-335.0
112860	2014-10-08 20:21:00	2014-10-08 20:27:00	2014-10-08 20:34:00	C1.8		POINT(42 -15)	-15	42	620.0	-337.0
112870	2014-10-08 22:25:00	2014-10-08 22:54:00	2014-10-08 23:03:00	C3.8	12182.0	POINT(43 -14)	-14	43	633.0	-343.0
112880	2014-10-09 01:29:00	2014-10-09 01:44:00	2014-10-09 02:17:00	M1.3	12182.0	POINT(45 -15)	-15	45	650.0	-337.0
112890	2014-10-09 01:54:00	2014-10-09 01:58:00	2014-10-09 02:02:00	M1.4	12182.0	POINT(45 -16)	-16	45	654.0	-338.0
112900	2014-10-09 03:05:00	2014-10-09 03:14:00	2014-10-09 03:39:00	C1.6	12182.0	POINT(45 -15)	-15	45	663.0	-339.0
112910	2014-10-09 04:37:00	2014-10-09 04:42:00	2014-10-09 04:48:00	C1.3	12182.0	POINT(46 -16)	-16	46	669.0	-343.0
112920	2014-10-09 04:59:00	2014-10-09 05:04:00	2014-10-09 05:17:00	C4.2	12182.0	POINT(46 -16)	-16	46	667.0	-333.0
112930	2014-10-09 06:11:00	2014-10-09 06:15:00	2014-10-09 06:18:00	C1.1	12182.0	POINT(46 -19)	-19	46	687.0	-336.0
112940	2014-10-09 06:41:00	2014-10-09 06:57:00	2014-10-09 07:21:00	M1.2	12182.0	POINT(46 -16)	-16	46	689.0	-336.0
112950	2014-10-09 07:35:00	2014-10-09 07:43:00	2014-10-09 07:51:00	C2.7	12182.0	POINT(46 -18)	-18	46	681.0	-332.0
112960	2014-10-09 08:21:00	2014-10-09 09:27:00	2014-10-09 09:37:00	C7.9	12182.0	POINT(48 -16)	-16	48	692.0	-330.0
112970	2014-10-09 10:52:00	2014-10-09 10:55:00	2014-10-09 10:57:00	C1.1	12182.0	POINT(50 -19)	-19	50	716.0	-326.0
112980	2014-10-09 11:30:00	2014-10-09 11:35:00	2014-10-09 11:49:00	B7.9	12182.0	POINT(48 -15)	-15	48	699.0	-320.0
112990	2014-10-09 12:53:00	2014-10-09 13:03:00	2014-10-09 13:20:00	C1.9	12182.0	POINT(51 -19)	-19	51	705.0	-312.0
113000	2014-10-09 18:19:00	2014-10-09 18:23:00	2014-10-09 18:31:00	C1.0	12182.0	POINT(53 -16)	-16	53	743.0	-324.0
113010	2014-10-09 20:20:00	2014-10-09 20:23:00	2014-10-09 20:25:00	B6.6		POINT(87 -2)	-2	87	958.0	-42.0
113020	2014-10-10 15:42:00	2014-10-10 16:47:00	2014-10-10 18:21:00	C3.0		POINT(51 -20)	-20	51	703.0	-398.0
113030	2014-10-11 03:26:00	2014-10-11 03:45:00	2014-10-11 04:25:00	B6.5	12187.0	POINT(-88 -13)	-13	-88	-960.0	-238.0
113040	2014-10-11 23:04:00	2014-10-11 23:23:00	2014-10-11 23:38:00	B9.5	12187.0	POINT(-88 -8)	-8	-88	-962.0	-151.0
113050	2014-10-11 23:52:00	2014-10-12 00:13:00	2014-10-12 00:29:00	C1.8	12187.0	POINT(-88 -8)	-8	-88	-969.0	-143.0
113060	2014-10-12 02:30:00	2014-10-12 02:40:00	2014-10-12 02:47:00	B6.2	12187.0	POINT(-88 -10)	-10	-88	-956.0	-180.0
113070	2014-10-12 05:10:00	2014-10-12 05:15:00	2014-10-12 05:21:00	C2.5	12187.0	POINT(-88 -11)	-11	-88	-950.0	-187.0
113080	2014-10-12 06:19:00	2014-10-12 06:37:00	2014-10-12 06:41:00	C1.7	12187.0	POINT(-88 -11)	-11	-88	-949.0	-187.0
113090	2014-10-12 10:00:00	2014-10-12 10:13:00	2014-10-12 10:19:00	B6.7	12187.0	POINT(-86 -11)	-11	-86	-941.0	-191.0
113100	2014-10-13 22:42:00	2014-10-13 22:45:00	2014-10-13 22:49:00	B6.3		POINT(41 -15)	-15	41	620.0	-324.0
113110	2014-10-14 18:21:00	2014-10-14 18:37:00	2014-10-14 18:46:00	M1.1		POINT(-88 -12)	-12	-88	-940.0	-200.0
113120	2014-10-14 19:07:00	2014-10-14 21:21:00	2014-10-15 00:19:00	M2.2		POINT(-88 -11)	-11	-88	-943.0	-183.0
113130	2014-10-16 07:31:00	2014-10-16 07:37:00	2014-10-16 07:47:00	C7.7	12192.0	POINT(-88 -14)	-14	-88	-943.0	-246.0
113140	2014-10-16 08:35:00	2014-10-16 09:23:00	2014-10-16 09:44:00	C6.4	12192.0	POINT(-88 -11)	-11	-88	-968.0	-204.0
113150	2014-10-16 12:58:00	2014-10-16 13:03:00	2014-10-16 13:05:00	M4.3	12192.0	POINT(-88 -13)	-13	-88	-947.0	-224.0
113160	2014-10-16 18:04:00	2014-10-16 18:10:00	2014-10-16 18:17:00	C2.0	12192.0	POINT(-88 -15)	-15	-88	-939.0	-269.0
113170	2014-10-16 23:34:00	2014-10-16 23:38:00	2014-10-16 23:44:00	C2.9	12192.0	POINT(-87 -16)	-16	-87	-933.0	-285.0
113180	2014-10-17 03:10:00	2014-10-17 03:20:00	2014-10-17 03:33:00	C3.9	12192.0	POINT(-87 -17)	-17	-87	-928.0	-287.0
113190	2014-10-17 04:55:00	2014-10-17 05:00:00	2014-10-17 05:06:00	C6.6	12192.0	POINT(-88 -15)	-15	-88	-932.0	-269.0
113200	2014-10-17 12:43:00	2014-10-17 12:49:00	2014-10-17 12:56:00	C3.6		POINT(-88 -13)	-13	-88	-940.0	-221.0
113210	2014-10-17 15:34:00	2014-10-17 15:39:00	2014-10-17 15:41:00	C6.7	12192.0	POINT(-79 -15)	-15	-79	-905.0	-249.0
113220	2014-10-17 19:28:00	2014-10-17 19:33:00	2014-10-17 19:36:00	C6.3	12192.0	POINT(-73 -12)	-12	-73	-892.0	-257.0
113230	2014-10-17 20:43:00	2014-10-17 21:12:00	2014-10-17 21:18:00	C2.3	12192.0	POINT(-83 -13)	-13	-83	-932.0	-228.0
113240	2014-10-18 00:53:00	2014-10-18 01:07:00	2014-10-18 01:15:00	C5.0		POINT(-80 -12)	-12	-80	-926.0	-229.0
113250	2014-10-18 06:43:00	2014-10-18 06:46:00	2014-10-18 06:48:00	C3.7	12192.0	POINT(-72 -13)	-13	-72	-873.0	-261.0
113260	2014-10-18 07:02:00	2014-10-18 07:58:00	2014-10-18 08:49:00	M1.6	12192.0	POINT(-71 -13)	-13	-71	-887.0	-216.0
113270	2014-10-18 13:01:00	2014-10-18 13:15:00	2014-10-18 13:19:00	C2.6	12192.0	POINT(-68 -13)	-13	-68	-854.0	-274.0
113280	2014-10-18 14:22:00	2014-10-18 14:25:00	2014-10-18 14:28:00	C1.7	12192.0	POINT(-67 -17)	-17	-67	-847.0	-320.0
113290	2014-10-18 15:59:00	2014-10-18 16:03:00	2014-10-18 16:06:00	C2.6	12192.0	POINT(-72 -12)	-12	-72	-879.0	-239.0
113300	2014-10-18 17:01:00	2014-10-18 17:04:00	2014-10-18 17:07:00	C2.1	12192.0	POINT(-70 -12)	-12	-70	-881.0	-237.0
113310	2014-10-18 17:09:00	2014-10-18 17:15:00	2014-10-18 17:25:00	C2.7		POINT(-68 -11)	-11	-68	-880.0	-224.0
113320	2014-10-18 18:59:00	2014-10-18 19:16:00	2014-10-18 19:33:00	C3.8		POINT(-66 -16)	-16	-66	-848.0	-303.0
113330	2014-10-18 19:54:00	2014-10-18 20:06:00	2014-10-18 20:16:00	C6.7		POINT(-58 -7)	-7	-58	-812.0	-181.0
113340	2014-10-19 01:17:00	2014-10-19 01:47:00	2014-10-19 03:25:00	C5.7	12192.0	POINT(-65 -12)	-12	-65	-860.0	-242.0
113350	2014-10-19 04:17:00	2014-10-19 05:03:00	2014-10-19 05:48:00	X1.1	12192.0	POINT(-64 -14)	-14	-64	-840.0	-276.0
113360	2014-10-19 11:05:00	2014-10-19 11:19:00	2014-10-19 11:25:00	C4.2	12192.0	POINT(-59 -9)	-9	-59	-789.0	-260.0
113370	2014-10-19 12:08:00	2014-10-19 12:14:00	2014-10-19 12:28:00	C5.8	12192.0	POINT(-58 -9)	-9	-58	-790.0	-258.0
113380	2014-10-19 15:50:00	2014-10-19 15:56:00	2014-10-19 16:04:00	C3.9		POINT(-52 -16)	-16	-52	-734.0	-327.0
113390	2014-10-19 17:30:00	2014-10-19 17:34:00	2014-10-19 17:37:00	C4.7	12192.0	POINT(-52 -13)	-13	-52	-741.0	-275.0
113400	2014-10-19 20:24:00	2014-10-19 20:27:00	2014-10-19 20:29:00	C2.1		POINT(-50 -13)	-13	-50	-728.0	-275.0
113410	2014-10-19 23:54:00	2014-10-20 00:10:00	2014-10-20 00:16:00	C2.5		POINT(-52 -12)	-12	-52	-749.0	-258.0
113420	2014-10-20 00:49:00	2014-10-20 00:53:00	2014-10-20 00:56:00	C2.5	12192.0	POINT(-50 -13)	-13	-50	-719.0	-216.0
113430	2014-10-20 01:58:00	2014-10-20 02:01:00	2014-10-20 02:04:00	C2.8	12192.0	POINT(-38 -20)	-20	-38	-548.0	-377.0
113440	2014-10-20 02:25:00	2014-10-20 02:28:00	2014-10-20 02:32:00	C3.2	12192.0	POINT(-46 -17)	-17	-46	-641.0	-320.0
113450	2014-10-20 03:32:00	2014-10-20 03:57:00	2014-10-20 04:05:00	C5.4	12192.0	POINT(-46 -17)	-17	-46	-635.0	-318.0
113460	2014-10-20 05:37:00	2014-10-20 06:02:00	2014-10-20 06:09:00	C9.0	12192.0	POINT(-50 -17)	-17	-50	-683.0	-272.0
113470	2014-10-20 09:00:00	2014-10-20 09:11:00	2014-10-20 09:20:00	M3.9	12192.0	POINT(-42 -14)	-14	-42	-624.0	-338.0
113480	2014-10-20 11:17:00	2014-10-20 11:22:00	2014-10-20 11:39:00	C2.8	12192.0	POINT(-45 -11)	-11	-45	-659.0	-267.0
113490	2014-10-20 13:58:00	2014-10-20 14:01:00	2014-10-20 14:12:00	C2.7	12192.0	POINT(-44 -11)	-11	-44	-649.0	-259.0
113500	2014-10-20 14:40:00	2014-10-20 14:43:00	2014-10-20 14:47:00	C3.1	12192.0	POINT(-38 -15)	-15	-38	-557.0	-326.0
113510	2014-10-20 14:58:00	2014-10-20 15:00:00	2014-10-20 15:35:00	C8.6	12192.0	POINT(-43 -10)	-10	-43	-603.0	-304.0
113520	2014-10-20 16:00:00	2014-10-20 16:37:00	2014-10-20 16:55:00	M4.5	12192.0	POINT(-37 -14)	-14	-37	-597.0	-308.0
113530	2014-10-20 18:43:00	2014-10-20 18:47:00	2014-10-20 18:51:00	C6.2	12192.0	POINT(-45 -19)	-19	-45	-651.0	-374.0
113540	2014-10-20 18:55:00	2014-10-20 19:02:00	2014-10-20 19:04:00	M1.4	12192.0	POINT(-46 -15)	-15	-46	-670.0	-315.0
113550	2014-10-20 19:53:00	2014-10-20 20:04:00	2014-10-20 20:13:00	M1.7	12192.0	POINT(-36 -14)	-14	-36	-557.0	-317.0
113560	2014-10-20 22:11:00	2014-10-20 22:46:00	2014-10-21 00:07:00	M1.2	12192.0	POINT(-36 -14)	-14	-36	-557.0	-305.0
113570	2014-10-21 02:12:00	2014-10-21 02:20:00	2014-10-21 02:30:00	C4.2		POINT(-36 -10)	-10	-36	-567.0	-251.0
113580	2014-10-21 06:05:00	2014-10-21 06:14:00	2014-10-21 06:21:00	C5.7	12192.0	POINT(-31 -11)	-11	-31	-536.0	-250.0
113590	2014-10-21 06:53:00	2014-10-21 06:57:00	2014-10-21 07:02:00	C2.9	12192.0	POINT(-29 -14)	-14	-29	-436.0	-326.0
113600	2014-10-21 08:08:00	2014-10-21 08:10:00	2014-10-21 08:12:00	C3.1	12192.0	POINT(-28 -8)	-8	-28	-469.0	-248.0
113610	2014-10-21 10:46:00	2014-10-21 10:58:00	2014-10-21 11:13:00	C6.3		POINT(-89 8)	8	-89	-965.0	152.0
113620	2014-10-21 12:25:00	2014-10-21 12:28:00	2014-10-21 12:30:00	C4.4		POINT(-36 -18)	-18	-36	-546.0	-366.0
113630	2014-10-21 13:35:00	2014-10-21 13:38:00	2014-10-21 13:40:00	M1.2		POINT(-35 -14)	-14	-35	-548.0	-318.0
113640	2014-10-21 19:03:00	2014-10-21 19:10:00	2014-10-21 19:16:00	C4.0	12192.0	POINT(-23 -13)	-13	-23	-378.0	-299.0
113650	2014-10-21 20:05:00	2014-10-21 20:22:00	2014-10-21 20:41:00	C6.5	12192.0	POINT(-25 -16)	-16	-25	-456.0	-408.0
113660	2014-10-21 21:54:00	2014-10-21 22:04:00	2014-10-21 22:14:00	C3.4	12192.0	POINT(-21 -16)	-16	-21	-336.0	-353.0
113670	2014-10-22 01:16:00	2014-10-22 01:59:00	2014-10-22 02:28:00	M8.7	12192.0	POINT(-21 -13)	-13	-21	-349.0	-306.0
113680	2014-10-22 05:11:00	2014-10-22 05:17:00	2014-10-22 05:21:00	M2.7	12192.0	POINT(-14 -15)	-15	-14	-231.0	-336.0
113690	2014-10-22 09:06:00	2014-10-22 09:12:00	2014-10-22 09:19:00	C4.6		POINT(-12 -16)	-16	-12	-198.0	-363.0
113700	2014-10-22 12:00:00	2014-10-22 12:05:00	2014-10-22 12:15:00	C3.2		POINT(-13 -18)	-18	-13	-209.0	-386.0
113710	2014-10-22 14:02:00	2014-10-22 14:06:00	2014-10-22 22:30:00	X1.6	12192.0	POINT(-13 -14)	-14	-13	-225.0	-324.0
113720	2014-10-22 15:51:00	2014-10-22 15:57:00	2014-10-22 16:03:00	M1.4		POINT(-88 -11)	-11	-88	-957.0	-196.0
113730	2014-10-22 16:52:00	2014-10-22 16:59:00	2014-10-22 17:03:00	C5.7		POINT(-17 -19)	-19	-17	-267.0	-396.0
113740	2014-10-22 21:02:00	2014-10-22 21:16:00	2014-10-22 21:23:00	C6.5		POINT(-88 -14)	-14	-88	-947.0	-249.0
113750	2014-10-23 04:19:00	2014-10-23 04:30:00	2014-10-23 04:42:00	C3.7	12192.0	POINT(-6 -13)	-13	-6	-102.0	-311.0
113760	2014-10-23 07:02:00	2014-10-23 07:05:00	2014-10-23 07:11:00	C1.8		POINT(-88 -13)	-13	-88	-948.0	-227.0
113770	2014-10-23 09:44:00	2014-10-23 09:50:00	2014-10-23 09:56:00	M1.1	12192.0	POINT(-3 -16)	-16	-3	-63.0	-355.0
113780	2014-10-23 15:20:00	2014-10-23 15:39:00	2014-10-23 16:09:00	C4.6	12192.0	POINT(-2 -9)	-9	-2	29.0	-221.0
113790	2014-10-23 17:39:00	2014-10-23 17:52:00	2014-10-23 19:03:00	C5.9	12192.0	POINT(-2 -9)	-9	-2	17.0	-309.0
113800	2014-10-23 19:11:00	2014-10-23 19:15:00	2014-10-23 19:18:00	C3.3	12192.0	POINT(-5 -21)	-21	-5	-78.0	-345.0
113810	2014-10-24 02:35:00	2014-10-24 02:43:00	2014-10-24 02:48:00	C4.2	12192.0	POINT(2 -20)	-20	2	27.0	-407.0
113820	2014-10-24 02:54:00	2014-10-24 02:59:00	2014-10-24 03:05:00	C3.4	12192.0	POINT(2 -20)	-20	2	31.0	-329.0
113830	2014-10-24 03:56:00	2014-10-24 04:00:00	2014-10-24 04:02:00	C3.6	12192.0	POINT(0 -22)	-22	0	0.0	-361.0
113840	2014-10-24 07:37:00	2014-10-24 07:48:00	2014-10-24 07:53:00	M4.0	12192.0	POINT(5 -19)	-19	5	84.0	-408.0
113850	2014-10-24 09:58:00	2014-10-24 10:01:00	2014-10-24 10:04:00	C3.6	12192.0	POINT(7 -14)	-14	7	118.0	-320.0
113860	2014-10-24 14:31:00	2014-10-24 15:06:00	2014-10-24 15:54:00	C5.1	12192.0	POINT(15 -16)	-16	15	245.0	-353.0
113870	2014-10-24 20:50:00	2014-10-24 21:15:00	2014-10-25 00:14:00	X3.1	12192.0	POINT(21 -16)	-16	21	332.0	-265.0
113880	2014-10-25 04:06:00	2014-10-25 04:13:00	2014-10-25 04:17:00	C4.4	12192.0	POINT(24 -7)	-7	24	390.0	-230.0
113890	2014-10-25 06:26:00	2014-10-25 07:49:00	2014-10-25 09:35:00	C9.2	12192.0	POINT(23 -14)	-14	23	397.0	-342.0
113900	2014-10-25 09:44:00	2014-10-25 09:49:00	2014-10-25 09:55:00	C4.6	12192.0	POINT(22 -11)	-11	22	360.0	-276.0
113910	2014-10-25 12:13:00	2014-10-25 12:20:00	2014-10-25 12:25:00	C3.2	12192.0	POINT(22 -13)	-13	22	354.0	-297.0
113920	2014-10-25 15:00:00	2014-10-25 15:04:00	2014-10-25 15:08:00	C5.1	12192.0	POINT(23 -13)	-13	23	377.0	-308.0
113930	2014-10-25 15:44:00	2014-10-25 15:52:00	2014-10-25 16:15:00	C9.7	12192.0	POINT(23 -14)	-14	23	380.0	-308.0
113940	2014-10-25 16:55:00	2014-10-25 17:08:00	2014-10-25 18:11:00	X1.0	12192.0	POINT(22 -10)	-10	22	365.0	-251.0
113950	2014-10-25 23:20:00	2014-10-25 23:26:00	2014-10-25 23:36:00	C8.4	12192.0	POINT(28 -13)	-13	28	444.0	-305.0
113960	2014-10-26 01:08:00	2014-10-26 01:13:00	2014-10-26 01:27:00	C3.1	12192.0	POINT(29 -14)	-14	29	457.0	-308.0
113970	2014-10-26 05:09:00	2014-10-26 05:13:00	2014-10-26 05:19:00	C2.8	12192.0	POINT(30 -14)	-14	30	483.0	-301.0
113980	2014-10-26 05:45:00	2014-10-26 05:50:00	2014-10-26 05:55:00	C4.0	12192.0	POINT(30 -14)	-14	30	486.0	-303.0
113990	2014-10-26 06:13:00	2014-10-26 06:19:00	2014-10-26 06:57:00	C9.5	12192.0	POINT(36 -15)	-15	36	494.0	-305.0
114000	2014-10-26 10:04:00	2014-10-26 10:56:00	2014-10-26 11:18:00	X2.0	12192.0	POINT(40 -18)	-18	40	569.0	-309.0
114010	2014-10-26 13:03:00	2014-10-26 13:07:00	2014-10-26 15:02:00	C9.2	12192.0	POINT(40 -18)	-18	40	544.0	-297.0
114020	2014-10-26 15:10:00	2014-10-26 15:16:00	2014-10-26 15:35:00	C5.2	12192.0	POINT(40 -17)	-17	40	632.0	-327.0
114030	2014-10-26 15:52:00	2014-10-26 15:56:00	2014-10-26 16:00:00	C3.5		POINT(39 -13)	-13	39	601.0	-283.0
114040	2014-10-26 16:12:00	2014-10-26 16:17:00	2014-10-26 16:22:00	C5.3	12193.0	POINT(79 2)	2	79	954.0	46.0
114050	2014-10-26 17:08:00	2014-10-26 17:17:00	2014-10-26 17:30:00	M1.0	12192.0	POINT(38 -13)	-13	38	588.0	-290.0
114060	2014-10-26 17:55:00	2014-10-26 17:59:00	2014-10-26 18:05:00	C7.8	12192.0	POINT(38 -14)	-14	38	578.0	-297.0
114070	2014-10-26 18:07:00	2014-10-26 18:15:00	2014-10-26 18:20:00	M4.2	12192.0	POINT(37 -14)	-14	37	577.0	-300.0
114080	2014-10-26 18:43:00	2014-10-26 18:49:00	2014-10-26 18:56:00	M1.9	12192.0	POINT(38 -13)	-13	38	587.0	-295.0
114090	2014-10-26 19:59:00	2014-10-26 20:21:00	2014-10-26 20:45:00	M2.4	12192.0	POINT(45 -15)	-15	45	659.0	-318.0
114100	2014-10-26 21:47:00	2014-10-26 21:59:00	2014-10-26 22:13:00	C8.3	12192.0	POINT(43 -14)	-14	43	643.0	-303.0
114110	2014-10-27 00:01:00	2014-10-27 00:25:00	2014-10-27 10:22:00	M7.1	12192.0	POINT(44 -14)	-14	44	641.0	-266.0
114120	2014-10-27 01:44:00	2014-10-27 02:02:00	2014-10-27 02:11:00	M1.0	12192.0	POINT(45 -13)	-13	45	674.0	-283.0
114130	2014-10-27 03:35:00	2014-10-27 03:41:00	2014-10-27 03:48:00	M1.3	12192.0	POINT(45 -13)	-13	45	669.0	-286.0
114140	2014-10-27 05:01:00	2014-10-27 05:04:00	2014-10-27 05:11:00	C3.4	12192.0	POINT(44 -13)	-13	44	662.0	-288.0
114150	2014-10-27 05:21:00	2014-10-27 05:38:00	2014-10-27 05:47:00	C4.9	12192.0	POINT(50 -16)	-16	50	711.0	-321.0
114160	2014-10-27 06:56:00	2014-10-27 07:01:00	2014-10-27 07:07:00	C9.6	12192.0	POINT(46 -14)	-14	46	683.0	-295.0
114170	2014-10-27 07:11:00	2014-10-27 07:15:00	2014-10-27 07:20:00	C9.6	12192.0	POINT(46 -13)	-13	46	675.0	-287.0
114180	2014-10-27 09:59:00	2014-10-27 10:09:00	2014-10-27 10:26:00	M6.7	12192.0	POINT(51 -15)	-15	51	726.0	-306.0
114190	2014-10-27 14:04:00	2014-10-27 14:23:00	2014-10-27 15:31:00	X2.0	12192.0	POINT(52 -17)	-17	52	771.0	-352.0
114200	2014-10-27 17:33:00	2014-10-27 17:40:00	2014-10-27 17:47:00	M1.4	12192.0	POINT(51 -21)	-21	51	700.0	-346.0
114210	2014-10-27 21:16:00	2014-10-27 21:23:00	2014-10-27 21:30:00	C5.4		POINT(53 -13)	-13	53	756.0	-271.0
114220	2014-10-27 22:59:00	2014-10-27 23:04:00	2014-10-27 23:16:00	C4.6	12192.0	POINT(53 -12)	-12	53	764.0	-269.0
114230	2014-10-28 02:15:00	2014-10-28 02:42:00	2014-10-28 03:08:00	M3.4	12192.0	POINT(61 -14)	-14	61	837.0	-318.0
114240	2014-10-28 03:23:00	2014-10-28 03:32:00	2014-10-28 03:41:00	M6.6	12192.0	POINT(61 -14)	-14	61	819.0	-233.0
114250	2014-10-28 05:46:00	2014-10-28 06:01:00	2014-10-28 06:18:00	C4.2	12192.0	POINT(63 -15)	-15	63	789.0	-242.0
114260	2014-10-28 08:20:00	2014-10-28 08:24:00	2014-10-28 08:28:00	C6.5	12192.0	POINT(63 -22)	-22	63	803.0	-363.0
114270	2014-10-28 11:02:00	2014-10-28 11:05:00	2014-10-28 11:16:00	C5.3	12192.0	POINT(62 -17)	-17	62	818.0	-300.0
114280	2014-10-28 13:54:00	2014-10-28 14:06:00	2014-10-28 14:23:00	M1.6	12192.0	POINT(72 -18)	-18	72	890.0	-304.0
114290	2014-10-29 03:10:00	2014-10-29 03:14:00	2014-10-29 03:17:00	C3.3		POINT(72 -19)	-19	72	866.0	-347.0
114300	2014-10-29 03:29:00	2014-10-29 03:58:00	2014-10-29 04:19:00	C8.4	12192.0	POINT(72 -13)	-13	72	908.0	-294.0
114310	2014-10-29 06:03:00	2014-10-29 08:20:00	2014-10-29 08:52:00	M1.0	12192.0	POINT(77 -14)	-14	77	912.0	-259.0
114320	2014-10-29 09:54:00	2014-10-29 10:01:00	2014-10-29 10:06:00	M1.2	12192.0	POINT(77 -18)	-18	77	893.0	-327.0
114330	2014-10-29 13:55:00	2014-10-29 14:00:00	2014-10-29 14:03:00	C5.5		POINT(75 -14)	-14	75	906.0	-252.0
114340	2014-10-29 14:19:00	2014-10-29 15:00:00	2014-10-29 15:07:00	M1.4	12192.0	POINT(81 -16)	-16	81	916.0	-242.0
114350	2014-10-29 16:06:00	2014-10-29 16:20:00	2014-10-29 16:33:00	M1.0	12192.0	POINT(82 -14)	-14	82	927.0	-249.0
114360	2014-10-29 18:47:00	2014-10-29 18:50:00	2014-10-29 18:52:00	M1.3	12192.0	POINT(77 -13)	-13	77	918.0	-240.0
114370	2014-10-29 19:31:00	2014-10-29 19:38:00	2014-10-29 19:46:00	C6.8	12192.0	POINT(89 -8)	-8	89	964.0	-142.0
114380	2014-10-29 21:18:00	2014-10-29 21:22:00	2014-10-29 21:25:00	M2.3	12192.0	POINT(88 -9)	-9	88	966.0	-164.0
114390	2014-10-29 23:00:00	2014-10-29 23:03:00	2014-10-29 23:08:00	C2.7	12192.0	POINT(86 -14)	-14	86	931.0	-251.0
114400	2014-10-29 23:19:00	2014-10-29 23:25:00	2014-10-29 23:33:00	C3.6	12192.0	POINT(88 -14)	-14	88	939.0	-246.0
114410	2014-10-29 23:54:00	2014-10-30 00:11:00	2014-10-30 00:24:00	C7.1	12192.0	POINT(88 -13)	-13	88	958.0	-232.0
114420	2014-10-30 00:34:00	2014-10-30 00:37:00	2014-10-30 00:40:00	M1.3	12192.0	POINT(81 -14)	-14	81	927.0	-243.0
114430	2014-10-30 01:19:00	2014-10-30 01:35:00	2014-10-30 01:56:00	M3.5	12192.0	POINT(88 -14)	-14	88	941.0	-245.0
114440	2014-10-30 04:17:00	2014-10-30 04:28:00	2014-10-30 04:36:00	M1.2	12192.0	POINT(89 -16)	-16	89	928.0	-266.0
114450	2014-10-30 05:42:00	2014-10-30 05:46:00	2014-10-30 05:49:00	C3.5		POINT(88 -14)	-14	88	936.0	-240.0
114460	2014-10-30 12:37:00	2014-10-30 12:44:00	2014-10-30 12:52:00	C2.9	12192.0	POINT(88 -13)	-13	88	948.0	-237.0
114470	2014-10-30 13:04:00	2014-10-30 13:12:00	2014-10-30 13:17:00	C6.9	12201.0	POINT(-70 -4)	-4	-70	-909.0	-107.0
114480	2014-10-30 15:06:00	2014-10-30 15:09:00	2014-10-30 15:14:00	C2.3	12201.0	POINT(-71 -4)	-4	-71	-910.0	-117.0
114490	2014-10-30 15:21:00	2014-10-30 15:42:00	2014-10-30 15:55:00	C9.7	12192.0	POINT(88 -13)	-13	88	952.0	-232.0
114500	2014-10-30 17:53:00	2014-10-30 17:58:00	2014-10-30 18:01:00	C3.4	12201.0	POINT(-70 -5)	-5	-70	-897.0	-123.0
114510	2014-10-30 22:54:00	2014-10-30 23:01:00	2014-10-30 23:05:00	C4.8	12201.0	POINT(-66 -6)	-6	-66	-877.0	-118.0
114520	2014-10-31 00:32:00	2014-10-31 01:01:00	2014-10-31 01:41:00	C8.2		POINT(88 -15)	-15	88	947.0	-261.0
114530	2014-10-31 08:21:00	2014-10-31 08:25:00	2014-10-31 08:29:00	C2.3	12201.0	POINT(-59 -5)	-5	-59	-833.0	-120.0
114540	2014-10-31 09:19:00	2014-10-31 09:23:00	2014-10-31 09:27:00	C2.0	12201.0	POINT(-57 -5)	-5	-57	-823.0	-119.0
114550	2014-11-01 04:44:00	2014-11-01 05:34:00	2014-11-01 07:05:00	C2.7		POINT(-52 -22)	-22	-52	-709.0	-418.0
114560	2014-11-01 09:20:00	2014-11-01 09:38:00	2014-11-01 10:05:00	C4.5	12192.0	POINT(88 -10)	-10	88	965.0	-173.0
114570	2014-11-01 10:20:00	2014-11-01 10:23:00	2014-11-01 10:52:00	C4.1	12201.0	POINT(-47 -5)	-5	-47	-687.0	-141.0
114580	2014-11-01 13:34:00	2014-11-01 13:49:00	2014-11-01 14:16:00	C2.6	12201.0	POINT(-45 -5)	-5	-45	-657.0	-153.0
114590	2014-11-01 16:37:00	2014-11-01 16:46:00	2014-11-01 16:56:00	C7.2	12201.0	POINT(-41 -5)	-5	-41	-639.0	-141.0
114600	2014-11-01 18:14:00	2014-11-01 18:20:00	2014-11-01 18:23:00	C2.3	12201.0	POINT(-41 -4)	-4	-41	-632.0	-152.0
114610	2014-11-02 03:05:00	2014-11-02 03:08:00	2014-11-02 03:11:00	B6.6	12201.0	POINT(-36 -5)	-5	-36	-563.0	-138.0
114620	2014-11-02 03:57:00	2014-11-02 04:01:00	2014-11-02 04:04:00	B8.4	12201.0	POINT(-35 -4)	-4	-35	-555.0	-139.0
114630	2014-11-02 13:04:00	2014-11-02 13:09:00	2014-11-02 13:13:00	B7.5		POINT(-29 -5)	-5	-29	-475.0	-146.0
114640	2014-11-02 16:58:00	2014-11-02 17:03:00	2014-11-02 17:06:00	C3.5	12201.0	POINT(-28 -2)	-2	-28	-458.0	-101.0
114650	2014-11-02 20:44:00	2014-11-02 21:05:00	2014-11-02 21:25:00	C9.4		POINT(-89 15)	15	-89	-940.0	269.0
114660	2014-11-02 23:38:00	2014-11-02 23:40:00	2014-11-02 23:41:00	C1.9	12201.0	POINT(-25 -3)	-3	-25	-402.0	-119.0
114670	2014-11-03 03:47:00	2014-11-03 03:52:00	2014-11-03 03:56:00	C4.2	12201.0	POINT(-21 -3)	-3	-21	-365.0	-123.0
114680	2014-11-03 04:50:00	2014-11-03 04:54:00	2014-11-03 04:56:00	C1.4	12201.0	POINT(-18 -3)	-3	-18	-319.0	-123.0
114690	2014-11-03 11:23:00	2014-11-03 11:53:00	2014-11-03 12:17:00	M2.2	12205.0	POINT(-89 17)	17	-89	-942.0	291.0
114700	2014-11-03 18:14:00	2014-11-03 18:22:00	2014-11-03 18:27:00	C1.3	12201.0	POINT(-13 -3)	-3	-13	-225.0	-126.0
114710	2014-11-03 19:10:00	2014-11-03 19:16:00	2014-11-03 19:21:00	C1.7	12205.0	POINT(-89 17)	17	-89	-936.0	291.0
114720	2014-11-03 20:48:00	2014-11-03 21:01:00	2014-11-03 21:17:00	C1.9	12205.0	POINT(-89 16)	16	-89	-950.0	275.0
114730	2014-11-03 22:15:00	2014-11-03 22:40:00	2014-11-03 22:53:00	M6.5	12205.0	POINT(-90 15)	15	-90	-954.0	251.0
114740	2014-11-04 04:09:00	2014-11-04 04:18:00	2014-11-04 04:23:00	C2.1	12205.0	POINT(-89 17)	17	-89	-933.0	289.0
114750	2014-11-04 07:07:00	2014-11-04 07:11:00	2014-11-04 07:15:00	C1.5	12205.0	POINT(-86 18)	18	-86	-935.0	249.0
114760	2014-11-04 07:59:00	2014-11-04 08:38:00	2014-11-04 08:51:00	M2.6	12205.0	POINT(-82 15)	15	-82	-940.0	232.0
114770	2014-11-04 08:42:00	2014-11-04 09:18:00	2014-11-04 09:35:00	M2.3	12205.0	POINT(-82 15)	15	-82	-956.0	248.0
114780	2014-11-04 17:34:00	2014-11-04 17:40:00	2014-11-04 17:46:00	C1.1		POINT(-79 18)	18	-79	-904.0	290.0
114790	2014-11-05 05:10:00	2014-11-05 05:14:00	2014-11-05 05:19:00	C1.0	12205.0	POINT(-76 17)	17	-76	-905.0	219.0
114800	2014-11-05 09:26:00	2014-11-05 09:47:00	2014-11-05 09:55:00	M7.9	12205.0	POINT(-68 20)	20	-68	-878.0	228.0
114810	2014-11-05 14:24:00	2014-11-05 14:28:00	2014-11-05 14:31:00	C2.1		POINT(-69 15)	15	-69	-870.0	243.0
114820	2014-11-05 16:14:00	2014-11-05 16:21:00	2014-11-05 16:28:00	C1.7	12205.0	POINT(-67 18)	18	-67	-865.0	253.0
114830	2014-11-05 18:30:00	2014-11-05 18:33:00	2014-11-05 18:37:00	C2.5	12205.0	POINT(-65 17)	17	-65	-857.0	243.0
114840	2014-11-05 18:50:00	2014-11-05 19:44:00	2014-11-05 20:15:00	M2.9	12205.0	POINT(-65 17)	17	-65	-873.0	258.0
114850	2014-11-06 00:44:00	2014-11-06 00:51:00	2014-11-06 00:57:00	C3.3	12205.0	POINT(-58 14)	14	-58	-805.0	207.0
114860	2014-11-06 01:29:00	2014-11-06 01:39:00	2014-11-06 01:54:00	M3.2	12205.0	POINT(-58 15)	15	-58	-802.0	210.0
114870	2014-11-06 03:29:00	2014-11-06 03:50:00	2014-11-06 05:12:00	M5.4	12205.0	POINT(-58 17)	17	-58	-21.0	-1087.0
114880	2014-11-06 14:17:00	2014-11-06 14:24:00	2014-11-06 14:33:00	C3.8	12205.0	POINT(-88 -12)	-12	-88	-1032.0	-230.0
114890	2014-11-06 20:11:00	2014-11-06 20:14:00	2014-11-06 20:16:00	C1.1		POINT(32 -22)	-22	32	480.0	-427.0
114900	2014-11-06 21:53:00	2014-11-06 22:16:00	2014-11-06 22:34:00	M2.5	12205.0	POINT(-45 14)	14	-45	-664.0	234.0
114910	2014-11-06 23:06:00	2014-11-06 23:34:00	2014-11-06 23:38:00	C6.4	12205.0	POINT(-45 16)	16	-45	-658.0	266.0
114920	2014-11-07 02:01:00	2014-11-07 02:44:00	2014-11-07 05:51:00	M2.7	12205.0	POINT(-50 17)	17	-50	-709.0	283.0
114930	2014-11-07 04:12:00	2014-11-07 04:25:00	2014-11-07 04:38:00	M2.0	12205.0	POINT(-50 17)	17	-50	-709.0	283.0
114940	2014-11-07 09:43:00	2014-11-07 10:01:00	2014-11-07 10:24:00	M1.0	12205.0	POINT(-43 15)	15	-43	-651.0	242.0
114950	2014-11-07 12:03:00	2014-11-07 12:06:00	2014-11-07 12:08:00	C3.9	12205.0	POINT(-37 13)	13	-37	-578.0	173.0
114960	2014-11-07 13:19:00	2014-11-07 13:24:00	2014-11-07 13:31:00	C1.3	12201.0	POINT(-42 17)	17	-42	-629.0	240.0
114970	2014-11-07 13:55:00	2014-11-07 13:59:00	2014-11-07 14:05:00	C2.3	12205.0	POINT(-42 16)	16	-42	-566.0	173.0
114980	2014-11-07 14:51:00	2014-11-07 15:16:00	2014-11-07 15:57:00	C7.0	12205.0	POINT(-40 17)	17	-40	-650.0	238.0
114990	2014-11-07 16:10:00	2014-11-07 16:39:00	2014-11-07 16:45:00	C7.0	12205.0	POINT(-35 13)	13	-35	-548.0	171.0
115000	2014-11-07 16:53:00	2014-11-07 17:26:00	2014-11-07 17:34:00	X1.6	12205.0	POINT(-36 14)	14	-36	-560.0	188.0
115010	2014-11-07 23:45:00	2014-11-07 23:48:00	2014-11-07 23:52:00	C1.4	12205.0	POINT(-31 15)	15	-31	-485.0	203.0
115020	2014-11-08 05:02:00	2014-11-08 05:06:00	2014-11-08 05:10:00	C1.1		POINT(-88 -12)	-12	-88	-953.0	-209.0
115030	2014-11-08 06:36:00	2014-11-08 06:50:00	2014-11-08 06:53:00	C1.1	12205.0	POINT(-33 14)	14	-33	-494.0	177.0
115040	2014-11-08 14:19:00	2014-11-08 15:57:00	2014-11-08 16:09:00	C3.6	12205.0	POINT(-27 14)	14	-27	-420.0	219.0
115050	2014-11-08 16:44:00	2014-11-08 17:55:00	2014-11-08 18:21:00	C4.4	12205.0	POINT(-23 15)	15	-23	-378.0	209.0
115060	2014-11-08 18:53:00	2014-11-08 18:59:00	2014-11-08 19:03:00	C2.2	12201.0	POINT(57 -6)	-6	57	810.0	-110.0
115070	2014-11-08 19:54:00	2014-11-08 19:59:00	2014-11-08 20:03:00	C1.7	12203.0	POINT(76 15)	15	76	889.0	260.0
115080	2014-11-08 21:47:00	2014-11-08 21:54:00	2014-11-08 22:05:00	C1.4	12205.0	POINT(-22 14)	14	-22	-354.0	191.0
115090	2014-11-08 22:47:00	2014-11-08 22:51:00	2014-11-08 22:59:00	C1.5	12203.0	POINT(74 16)	16	74	896.0	258.0
115100	2014-11-09 03:03:00	2014-11-09 03:09:00	2014-11-09 03:21:00	C4.4	12205.0	POINT(-19 14)	14	-19	-312.0	190.0
115110	2014-11-09 07:14:00	2014-11-09 07:20:00	2014-11-09 07:26:00	C4.4	12205.0	POINT(-19 18)	18	-19	-291.0	241.0
115120	2014-11-09 12:02:00	2014-11-09 12:24:00	2014-11-09 12:37:00	C2.5	12205.0	POINT(-13 14)	14	-13	-199.0	189.0
115130	2014-11-09 13:35:00	2014-11-09 13:42:00	2014-11-09 13:50:00	C4.0	12205.0	POINT(-16 16)	16	-16	-235.0	212.0
115140	2014-11-09 15:24:00	2014-11-09 15:32:00	2014-11-09 15:38:00	M2.3	12205.0	POINT(-14 18)	18	-14	-180.0	180.0
115150	2014-11-09 18:03:00	2014-11-09 18:08:00	2014-11-09 18:28:00	C1.5	12203.0	POINT(80 15)	15	80	938.0	268.0
115160	2014-11-09 20:02:00	2014-11-09 20:06:00	2014-11-09 20:10:00	C1.6	12203.0	POINT(81 15)	15	81	940.0	269.0
115170	2014-11-09 20:35:00	2014-11-09 20:42:00	2014-11-09 20:48:00	C1.6	12203.0	POINT(83 15)	15	83	934.0	269.0
115180	2014-11-09 22:07:00	2014-11-09 22:14:00	2014-11-09 22:17:00	C3.3	12205.0	POINT(-5 14)	14	-5	-104.0	185.0
115190	2014-11-09 22:21:00	2014-11-09 22:24:00	2014-11-09 22:26:00	C2.6	12205.0	POINT(-5 14)	14	-5	-86.0	183.0
115200	2014-11-10 00:26:00	2014-11-10 00:34:00	2014-11-10 00:39:00	C1.2	12203.0	POINT(89 16)	16	89	935.0	282.0
115210	2014-11-10 01:43:00	2014-11-10 01:46:00	2014-11-10 01:48:00	C1.0	12205.0	POINT(-5 15)	15	-5	-63.0	197.0
115220	2014-11-10 02:18:00	2014-11-10 02:22:00	2014-11-10 02:25:00	C7.6	12205.0	POINT(-4 15)	15	-4	-42.0	150.0
115230	2014-11-10 10:17:00	2014-11-10 10:21:00	2014-11-10 10:47:00	C2.1	12208.0	POINT(-70 -14)	-14	-70	-860.0	-289.0
115240	2014-11-10 12:14:00	2014-11-10 12:37:00	2014-11-10 12:48:00	C5.0	12205.0	POINT(2 13)	13	2	33.0	198.0
115250	2014-11-10 14:38:00	2014-11-10 14:41:00	2014-11-10 14:50:00	C1.2	12205.0	POINT(3 14)	14	3	64.0	190.0
115260	2014-11-10 15:17:00	2014-11-10 15:21:00	2014-11-10 15:23:00	C1.9	12205.0	POINT(4 16)	16	4	69.0	187.0
115270	2014-11-10 15:57:00	2014-11-10 16:18:00	2014-11-10 16:33:00	C1.8	12205.0	POINT(4 16)	16	4	83.0	206.0
115280	2014-11-10 18:31:00	2014-11-10 18:35:00	2014-11-10 18:39:00	C1.3	12205.0	POINT(5 14)	14	5	81.0	234.0
115290	2014-11-10 23:26:00	2014-11-10 23:33:00	2014-11-10 23:38:00	C3.6	12205.0	POINT(5 15)	15	5	93.0	215.0
115300	2014-11-10 23:55:00	2014-11-11 00:01:00	2014-11-11 00:08:00	C5.4	12205.0	POINT(5 17)	17	5	122.0	164.0
115310	2014-11-11 04:41:00	2014-11-11 04:50:00	2014-11-11 04:56:00	C3.4		POINT(-56 -13)	-13	-56	-782.0	-218.0
115320	2014-11-11 06:31:00	2014-11-11 06:38:00	2014-11-11 06:53:00	C3.1	12205.0	POINT(12 17)	17	12	148.0	227.0
115330	2014-11-11 07:57:00	2014-11-11 08:03:00	2014-11-11 08:11:00	C2.3	12205.0	POINT(10 15)	15	10	174.0	179.0
115340	2014-11-11 11:15:00	2014-11-11 11:22:00	2014-11-11 11:27:00	C6.7		POINT(11 13)	13	11	191.0	178.0
115350	2014-11-11 17:15:00	2014-11-11 17:20:00	2014-11-11 17:23:00	C6.3	12205.0	POINT(14 18)	18	14	221.0	237.0
115360	2014-11-12 02:24:00	2014-11-12 03:18:00	2014-11-12 03:29:00	C4.8	12205.0	POINT(23 13)	13	23	371.0	179.0
115370	2014-11-12 08:45:00	2014-11-12 08:49:00	2014-11-12 08:53:00	C1.9	12205.0	POINT(25 14)	14	25	399.0	198.0
115380	2014-11-12 09:22:00	2014-11-12 09:25:00	2014-11-12 09:28:00	C1.4		POINT(25 14)	14	25	402.0	186.0
115390	2014-11-12 10:27:00	2014-11-12 10:46:00	2014-11-12 10:58:00	C5.1	12005.0	POINT(-39 -12)	-12	-39	-602.0	-245.0
115400	2014-11-12 17:36:00	2014-11-12 17:39:00	2014-11-12 17:41:00	C1.1	12208.0	POINT(-35 -12)	-12	-35	-543.0	-240.0
115410	2014-11-12 18:31:00	2014-11-12 19:27:00	2014-11-12 19:52:00	C2.6	12210.0	POINT(-34 -13)	-13	-34	-541.0	-271.0
115420	2014-11-12 20:36:00	2014-11-12 20:43:00	2014-11-12 20:50:00	C3.7	12208.0	POINT(23 8)	8	23	375.0	134.0
115430	2014-11-12 23:10:00	2014-11-12 23:13:00	2014-11-12 23:20:00	C1.5	12208.0	POINT(-30 -11)	-11	-30	-483.0	-240.0
115440	2014-11-13 05:16:00	2014-11-13 05:25:00	2014-11-13 05:29:00	C1.1	12208.0	POINT(-29 -12)	-12	-29	-461.0	-254.0
115450	2014-11-13 05:58:00	2014-11-13 06:07:00	2014-11-13 06:13:00	C8.4	12209.0	POINT(-89 -10)	-10	-89	-954.0	-179.0
115460	2014-11-13 06:54:00	2014-11-13 07:10:00	2014-11-13 07:20:00	C2.2	12208.0	POINT(-33 -7)	-7	-33	-522.0	-159.0
115470	2014-11-13 18:45:00	2014-11-13 18:48:00	2014-11-13 18:50:00	C2.7	12205.0	POINT(43 14)	14	43	644.0	213.0
115480	2014-11-13 19:17:00	2014-11-13 19:21:00	2014-11-13 19:23:00	C1.4	12209.0	POINT(-78 -14)	-14	-78	-917.0	-259.0
115490	2014-11-14 05:45:00	2014-11-14 05:52:00	2014-11-14 05:55:00	C3.2	12208.0	POINT(-16 -12)	-12	-16	-217.0	-261.0
115500	2014-11-14 05:58:00	2014-11-14 06:02:00	2014-11-14 06:07:00	C4.2	12208.0	POINT(-14 -12)	-12	-14	-236.0	-253.0
115510	2014-11-14 07:42:00	2014-11-14 07:48:00	2014-11-14 07:53:00	C5.4	12209.0	POINT(-80 -13)	-13	-80	-930.0	-218.0
115520	2014-11-14 14:43:00	2014-11-14 14:58:00	2014-11-14 15:32:00	C3.1	12205.0	POINT(58 19)	19	58	746.0	330.0
115530	2014-11-14 20:03:00	2014-11-14 20:11:00	2014-11-14 20:21:00	C3.3	12208.0	POINT(-12 -7)	-7	-12	-206.0	-180.0
115540	2014-11-14 23:15:00	2014-11-14 23:39:00	2014-11-14 23:58:00	C2.0	12209.0	POINT(-71 -12)	-12	-71	-881.0	-213.0
115550	2014-11-15 06:11:00	2014-11-15 06:14:00	2014-11-15 06:18:00	C1.1	12209.0	POINT(-65 -12)	-12	-65	-864.0	-225.0
115560	2014-11-15 11:40:00	2014-11-15 12:03:00	2014-11-15 12:10:00	M3.2	12209.0	POINT(-63 -9)	-9	-63	-846.0	-215.0
115570	2014-11-15 20:38:00	2014-11-15 20:46:00	2014-11-15 20:50:00	M3.7	12209.0	POINT(-63 -13)	-13	-63	-843.0	-259.0
115580	2014-11-15 23:33:00	2014-11-15 23:36:00	2014-11-15 23:52:00	C2.7	12209.0	POINT(-47 -9)	-9	-47	-659.0	-237.0
115590	2014-11-16 01:11:00	2014-11-16 01:15:00	2014-11-16 01:21:00	C1.4	12209.0	POINT(-46 -10)	-10	-46	-684.0	-209.0
115600	2014-11-16 07:34:00	2014-11-16 07:43:00	2014-11-16 08:14:00	C3.9	12209.0	POINT(-51 -12)	-12	-51	-745.0	-224.0
115610	2014-11-16 09:07:00	2014-11-16 09:11:00	2014-11-16 09:21:00	C2.0	12209.0	POINT(-47 -10)	-10	-47	-737.0	-232.0
115620	2014-11-16 09:46:00	2014-11-16 10:03:00	2014-11-16 10:25:00	C2.4	12209.0	POINT(-47 -10)	-10	-47	-734.0	-236.0
115630	2014-11-16 13:40:00	2014-11-16 13:43:00	2014-11-16 13:46:00	C1.5	12209.0	POINT(-38 -15)	-15	-38	-579.0	-292.0
115640	2014-11-16 16:39:00	2014-11-16 16:47:00	2014-11-16 16:55:00	C3.9	12209.0	POINT(-47 -12)	-12	-47	-699.0	-236.0
115650	2014-11-16 17:35:00	2014-11-16 17:48:00	2014-11-16 17:57:00	M5.7	12209.0	POINT(-46 -12)	-12	-46	-687.0	-240.0
115660	2014-11-16 22:02:00	2014-11-16 22:06:00	2014-11-16 22:09:00	C2.4	12209.0	POINT(-43 -12)	-12	-43	-652.0	-245.0
115670	2014-11-17 05:54:00	2014-11-17 06:04:00	2014-11-17 06:10:00	C1.7	12209.0	POINT(-41 -11)	-11	-41	-647.0	-303.0
115680	2014-11-17 08:52:00	2014-11-17 09:07:00	2014-11-17 09:22:00	C6.5	12205.0	POINT(81 12)	12	81	936.0	204.0
115690	2014-11-17 18:06:00	2014-11-17 18:30:00	2014-11-17 18:44:00	C1.6	12209.0	POINT(-33 -11)	-11	-33	-520.0	-232.0
115700	2014-11-18 07:49:00	2014-11-18 08:09:00	2014-11-18 08:23:00	C1.8	12209.0	POINT(-25 -11)	-11	-25	-426.0	-221.0
115710	2014-11-18 14:21:00	2014-11-18 15:22:00	2014-11-18 17:33:00	C1.9	12216.0	POINT(-21 -12)	-12	-21	-342.0	-245.0
115720	2014-11-18 18:53:00	2014-11-18 18:55:00	2014-11-18 18:57:00	C1.3	12214.0	POINT(-37 -10)	-10	-37	-573.0	-216.0
115730	2014-11-18 19:24:00	2014-11-18 19:30:00	2014-11-18 19:37:00	C1.3	12209.0	POINT(-5 -12)	-12	-5	-86.0	-258.0
115740	2014-11-18 19:49:00	2014-11-18 19:50:00	2014-11-18 19:54:00	C1.1	12209.0	POINT(-89 -13)	-13	-89	-959.0	-227.0
115750	2014-11-18 20:25:00	2014-11-18 21:15:00	2014-11-18 22:05:00	C1.4	12216.0	POINT(50 -9)	-9	50	741.0	-191.0
115760	2014-11-19 18:57:00	2014-11-19 19:03:00	2014-11-19 19:07:00	C2.4	12209.0	POINT(-7 -13)	-13	-7	-96.0	-249.0
115770	2014-11-19 21:47:00	2014-11-19 21:50:00	2014-11-19 21:52:00	C2.6	12208.0	POINT(63 -10)	-10	63	855.0	-189.0
115780	2014-11-20 06:31:00	2014-11-20 06:41:00	2014-11-20 06:55:00	C7.6	12216.0	POINT(-81 -13)	-13	-81	-934.0	-233.0
115790	2014-11-20 19:36:00	2014-11-20 19:56:00	2014-11-20 20:09:00	C2.5	12209.0	POINT(8 -12)	-12	8	143.0	-238.0
115800	2014-11-20 21:03:00	2014-11-20 21:13:00	2014-11-20 21:29:00	C1.3	12209.0	POINT(10 -11)	-11	10	165.0	-185.0
115810	2014-11-21 00:24:00	2014-11-21 00:32:00	2014-11-21 00:46:00	C1.6	12216.0	POINT(-74 -13)	-13	-74	-908.0	-242.0
115820	2014-11-21 01:53:00	2014-11-21 01:56:00	2014-11-21 02:07:00	C1.4	12209.0	POINT(13 -11)	-11	13	218.0	-236.0
115830	2014-11-21 03:48:00	2014-11-21 03:53:00	2014-11-21 03:59:00	C1.3	12216.0	POINT(-69 -12)	-12	-69	-882.0	-203.0
115840	2014-11-21 04:41:00	2014-11-21 04:45:00	2014-11-21 04:48:00	C1.9	12209.0	POINT(14 -12)	-12	14	215.0	-252.0
115850	2014-11-21 11:20:00	2014-11-21 11:31:00	2014-11-21 11:39:00	C1.2	12216.0	POINT(-64 -10)	-10	-64	-863.0	-190.0
115860	2014-11-21 23:25:00	2014-11-21 23:33:00	2014-11-21 23:39:00	C1.1	12209.0	POINT(21 -14)	-14	21	325.0	-262.0
115870	2014-11-22 00:01:00	2014-11-22 00:21:00	2014-11-22 00:50:00	C2.3	12217.0	POINT(26 -14)	-14	26	422.0	-267.0
115880	2014-11-22 00:54:00	2014-11-22 01:01:00	2014-11-22 01:06:00	C8.1	12209.0	POINT(26 -12)	-12	26	410.0	-237.0
115890	2014-11-22 03:33:00	2014-11-22 03:37:00	2014-11-22 04:01:00	C2.4	12209.0	POINT(27 -12)	-12	27	420.0	-237.0
115900	2014-11-22 04:08:00	2014-11-22 04:10:00	2014-11-22 04:19:00	C1.7	12216.0	POINT(-54 -11)	-11	-54	-770.0	-186.0
115910	2014-11-22 05:58:00	2014-11-22 06:03:00	2014-11-22 06:07:00	C6.5	12209.0	POINT(25 -14)	-14	25	381.0	-259.0
115920	2014-11-22 06:09:00	2014-11-22 06:14:00	2014-11-22 06:17:00	C3.2	12209.0	POINT(24 -15)	-15	24	392.0	-284.0
115930	2014-11-22 09:53:00	2014-11-22 09:57:00	2014-11-22 10:04:00	C1.5	12209.0	POINT(32 -13)	-13	32	493.0	-228.0
115940	2014-11-22 13:09:00	2014-11-22 13:09:00	2014-11-22 13:26:00	C2.1	12209.0	POINT(33 -14)	-14	33	513.0	-235.0
115950	2014-11-22 14:21:00	2014-11-22 14:41:00	2014-11-22 15:07:00	C2.3	12216.0	POINT(-47 -9)	-9	-47	-713.0	-177.0
115960	2014-11-22 17:06:00	2014-11-22 17:12:00	2014-11-22 17:40:00	C3.1	12209.0	POINT(33 -13)	-13	33	530.0	-230.0
115970	2014-11-23 03:30:00	2014-11-23 04:27:00	2014-11-23 04:43:00	C2.0	12217.0	POINT(-82 -19)	-19	-82	-909.0	-323.0
115980	2014-11-23 05:27:00	2014-11-23 05:36:00	2014-11-23 06:02:00	C2.4	12209.0	POINT(42 -12)	-12	42	626.0	-233.0
115990	2014-11-23 06:20:00	2014-11-23 06:36:00	2014-11-23 06:45:00	C2.3	12217.0	POINT(-82 -17)	-17	-82	-918.0	-296.0
116000	2014-11-23 08:51:00	2014-11-23 09:00:00	2014-11-23 09:08:00	C2.1	12217.0	POINT(-82 -17)	-17	-82	-916.0	-300.0
116010	2014-11-23 10:41:00	2014-11-23 10:53:00	2014-11-23 11:16:00	C3.5	12217.0	POINT(-83 -18)	-18	-83	-913.0	-315.0
116020	2014-11-23 15:37:00	2014-11-23 16:14:00	2014-11-23 16:23:00	C2.4	12209.0	POINT(47 -13)	-13	47	692.0	-218.0
116030	2014-11-23 18:00:00	2014-11-23 18:10:00	2014-11-23 18:13:00	C2.7	12216.0	POINT(-30 -10)	-10	-30	-513.0	-191.0
116040	2014-11-23 18:37:00	2014-11-23 18:46:00	2014-11-23 19:02:00	C2.3	12217.0	POINT(-80 -18)	-18	-80	-910.0	-310.0
116050	2014-11-23 19:07:00	2014-11-23 19:21:00	2014-11-23 19:34:00	C2.7	12217.0	POINT(59 -10)	-10	59	822.0	-185.0
116060	2014-11-24 01:28:00	2014-11-24 01:32:00	2014-11-24 02:54:00	C1.7	12216.0	POINT(-27 -8)	-8	-27	-447.0	-178.0
116070	2014-11-24 10:50:00	2014-11-24 11:04:00	2014-11-24 11:38:00	C4.1	12217.0	POINT(-66 -15)	-15	-66	-864.0	-311.0
116080	2014-11-24 16:12:00	2014-11-24 16:20:00	2014-11-24 16:30:00	C2.2	12217.0	POINT(-63 -15)	-15	-63	-839.0	-312.0
116090	2014-11-24 17:42:00	2014-11-24 18:09:00	2014-11-24 18:43:00	C2.8	12217.0	POINT(-61 -16)	-16	-61	-872.0	-326.0
116100	2014-11-24 22:08:00	2014-11-24 22:18:00	2014-11-24 23:14:00	C2.5	12217.0	POINT(-62 -18)	-18	-62	-853.0	-318.0
116110	2014-11-25 12:54:00	2014-11-25 12:57:00	2014-11-25 13:21:00	C1.1	12217.0	POINT(-54 -18)	-18	-54	-750.0	-317.0
116120	2014-11-25 20:42:00	2014-11-25 20:45:00	2014-11-25 20:48:00	C1.7		POINT(-10 4)	4	-10	-176.0	42.0
116130	2014-11-26 00:30:00	2014-11-26 00:34:00	2014-11-26 00:36:00	C1.7	12219.0	POINT(-6 5)	5	-6	-101.0	84.0
116140	2014-11-26 06:09:00	2014-11-26 06:17:00	2014-11-26 06:24:00	C2.9	12217.0	POINT(-42 -18)	-18	-42	-627.0	-329.0
116150	2014-11-26 15:39:00	2014-11-26 15:46:00	2014-11-26 15:58:00	C2.8	12222.0	POINT(-81 -20)	-20	-81	-902.0	-337.0
116160	2014-11-26 17:59:00	2014-11-26 18:04:00	2014-11-26 18:13:00	C2.6	12222.0	POINT(-78 -18)	-18	-78	-901.0	-342.0
116170	2014-11-26 22:21:00	2014-11-26 22:26:00	2014-11-26 22:30:00	C3.2	12222.0	POINT(-72 -20)	-20	-72	-893.0	-334.0
116180	2014-11-27 00:39:00	2014-11-27 00:47:00	2014-11-27 00:51:00	C8.2	12222.0	POINT(-73 -21)	-21	-73	-885.0	-330.0
116190	2014-11-27 01:41:00	2014-11-27 02:01:00	2014-11-27 02:22:00	C3.7	12209.0	POINT(89 -7)	-7	89	987.0	-125.0
116200	2014-11-27 04:40:00	2014-11-27 04:48:00	2014-11-27 04:57:00	C5.0	12222.0	POINT(-73 -21)	-21	-73	-876.0	-341.0
116210	2014-11-27 05:29:00	2014-11-27 05:36:00	2014-11-27 05:50:00	C2.8	12216.0	POINT(15 -10)	-10	15	247.0	-168.0
116220	2014-11-27 06:49:00	2014-11-27 06:51:00	2014-11-27 07:09:00	C5.4	12222.0	POINT(-73 -21)	-21	-73	-867.0	-332.0
116230	2014-11-27 08:28:00	2014-11-27 08:48:00	2014-11-27 09:03:00	C3.3	12222.0	POINT(-71 -21)	-21	-71	-852.0	-332.0
116240	2014-11-27 09:34:00	2014-11-27 09:57:00	2014-11-27 10:18:00	C4.8	12222.0	POINT(-68 -22)	-22	-68	-864.0	-343.0
116250	2014-11-27 10:03:00	2014-11-27 10:20:00	2014-11-27 10:30:00	C4.6	12222.0	POINT(-55 -24)	-24	-55	-731.0	-416.0
116260	2014-11-27 10:53:00	2014-11-27 10:59:00	2014-11-27 11:08:00	C5.1	12222.0	POINT(-68 -19)	-19	-68	-853.0	-336.0
116270	2014-11-28 00:26:00	2014-11-28 00:39:00	2014-11-28 01:11:00	C7.5	12222.0	POINT(-47 -25)	-25	-47	-638.0	-408.0
116280	2014-11-28 01:44:00	2014-11-28 02:35:00	2014-11-28 03:20:00	C1.5	12222.0	POINT(-55 -21)	-21	-55	-741.0	-359.0
116290	2014-11-28 04:18:00	2014-11-28 04:22:00	2014-11-28 04:24:00	C2.9	12222.0	POINT(-55 -21)	-21	-55	-741.0	-373.0
116300	2014-11-28 11:16:00	2014-11-28 11:20:00	2014-11-28 11:25:00	C2.0	12222.0	POINT(-52 -18)	-18	-52	-735.0	-327.0
116310	2014-11-28 20:12:00	2014-11-28 20:16:00	2014-11-28 20:19:00	C3.1	12219.0	POINT(32 4)	4	32	521.0	60.0
116320	2014-11-29 00:00:00	2014-11-29 00:10:00	2014-11-29 00:21:00	C4.0	12222.0	POINT(-31 -22)	-22	-31	-469.0	-394.0
116330	2014-11-29 01:44:00	2014-11-29 01:58:00	2014-11-29 03:21:00	C4.2	12222.0	POINT(-34 -20)	-20	-34	-527.0	-338.0
116340	2014-11-29 07:03:00	2014-11-29 07:04:00	2014-11-29 07:10:00	C1.6	12219.0	POINT(38 5)	5	38	612.0	58.0
116350	2014-11-29 08:16:00	2014-11-29 08:21:00	2014-11-29 08:25:00	C6.7	12222.0	POINT(-41 -18)	-18	-41	-549.0	-362.0
116360	2014-11-29 08:58:00	2014-11-29 09:02:00	2014-11-29 09:14:00	C2.1	12219.0	POINT(38 5)	5	38	617.0	54.0
116370	2014-11-29 09:57:00	2014-11-29 10:01:00	2014-11-29 10:07:00	C4.0	12222.0	POINT(-37 -21)	-21	-37	-553.0	-375.0
116380	2014-11-29 11:37:00	2014-11-29 11:40:00	2014-11-29 11:43:00	C1.2	12219.0	POINT(41 4)	4	41	642.0	57.0
116390	2014-11-29 12:42:00	2014-11-29 12:47:00	2014-11-29 12:54:00	C1.7	12219.0	POINT(41 4)	4	41	650.0	56.0
116400	2014-11-29 13:21:00	2014-11-29 13:49:00	2014-11-29 14:18:00	C6.5	12219.0	POINT(42 4)	4	42	652.0	68.0
116410	2014-11-29 18:01:00	2014-11-29 18:03:00	2014-11-29 18:08:00	C3.8	12222.0	POINT(-32 -21)	-21	-32	-477.0	-363.0
116420	2014-11-29 22:42:00	2014-11-29 22:46:00	2014-11-29 22:49:00	C1.7	12221.0	POINT(-28 5)	5	-28	-464.0	57.0
116430	2014-11-30 01:42:00	2014-11-30 01:46:00	2014-11-30 01:50:00	C1.6	12221.0	POINT(-32 3)	3	-32	-510.0	27.0
116440	2014-11-30 03:15:00	2014-11-30 03:26:00	2014-11-30 03:33:00	C1.4	12222.0	POINT(-34 -21)	-21	-34	-474.0	-384.0
116450	2014-11-30 04:01:00	2014-11-30 04:06:00	2014-11-30 04:09:00	C1.1	12222.0	POINT(-27 -20)	-20	-27	-413.0	-364.0
116460	2014-11-30 13:17:00	2014-11-30 13:20:00	2014-11-30 13:22:00	C1.4	12222.0	POINT(-20 -21)	-21	-20	-322.0	-369.0
116470	2014-11-30 13:43:00	2014-11-30 13:48:00	2014-11-30 13:53:00	C1.9	12216.0	POINT(57 -12)	-12	57	799.0	-219.0
116480	2014-11-30 17:16:00	2014-11-30 17:19:00	2014-11-30 17:21:00	C2.1	12221.0	POINT(-28 5)	5	-28	-455.0	84.0
116490	2014-12-01 00:08:00	2014-12-01 00:33:00	2014-12-01 00:58:00	C4.2	12216.0	POINT(66 -15)	-15	66	862.0	-281.0
116500	2014-12-01 05:11:00	2014-12-01 05:18:00	2014-12-01 05:22:00	C1.8	12217.0	POINT(25 -16)	-16	25	401.0	-297.0
116510	2014-12-01 06:26:00	2014-12-01 06:41:00	2014-12-01 06:59:00	M1.8	12222.0	POINT(-17 -21)	-21	-17	-272.0	-381.0
116520	2014-12-01 08:32:00	2014-12-01 08:36:00	2014-12-01 08:39:00	C1.2	12216.0	POINT(69 -16)	-16	69	882.0	-278.0
116530	2014-12-02 02:01:00	2014-12-02 02:36:00	2014-12-02 03:00:00	C1.5	12222.0	POINT(-3 -23)	-23	-3	-51.0	-405.0
116540	2014-12-02 03:51:00	2014-12-02 04:29:00	2014-12-02 04:51:00	C2.2	12222.0	POINT(89 10)	10	89	966.0	187.0
116550	2014-12-02 05:17:00	2014-12-02 05:46:00	2014-12-02 05:56:00	C2.1	12222.0	POINT(-2 -24)	-24	-2	-31.0	-395.0
116560	2014-12-02 07:58:00	2014-12-02 08:05:00	2014-12-02 08:10:00	C5.2	12217.0	POINT(40 -16)	-16	40	603.0	-282.0
116570	2014-12-02 13:34:00	2014-12-02 13:52:00	2014-12-02 13:58:00	C4.1	12223.0	POINT(89 12)	12	89	962.0	210.0
116580	2014-12-02 15:39:00	2014-12-02 15:55:00	2014-12-02 16:19:00	C6.5	12222.0	POINT(1 -20)	-20	1	17.0	-353.0
116590	2014-12-02 17:18:00	2014-12-02 17:35:00	2014-12-02 17:50:00	C3.9	12223.0	POINT(89 12)	12	89	966.0	217.0
116600	2014-12-02 20:30:00	2014-12-02 20:34:00	2014-12-02 20:37:00	C2.4	12222.0	POINT(8 -21)	-21	8	134.0	-365.0
116610	2014-12-02 21:13:00	2014-12-02 21:30:00	2014-12-02 21:53:00	C2.7	12220.0	POINT(89 -11)	-11	89	1004.0	-199.0
116620	2014-12-02 22:25:00	2014-12-02 22:30:00	2014-12-02 22:48:00	C3.0	12222.0	POINT(13 -22)	-22	13	209.0	-388.0
116630	2014-12-03 00:58:00	2014-12-03 01:02:00	2014-12-03 01:26:00	C2.5	12222.0	POINT(6 -20)	-20	6	104.0	-343.0
116640	2014-12-03 02:30:00	2014-12-03 02:34:00	2014-12-03 02:37:00	C2.4	12217.0	POINT(54 -16)	-16	54	757.0	-268.0
116650	2014-12-03 06:05:00	2014-12-03 06:08:00	2014-12-03 06:11:00	C1.4	12226.0	POINT(38 -19)	-19	38	574.0	-326.0
116660	2014-12-03 08:11:00	2014-12-03 08:18:00	2014-12-03 08:21:00	C1.5	12222.0	POINT(10 -22)	-22	10	237.0	-366.0
116670	2014-12-03 09:10:00	2014-12-03 09:34:00	2014-12-03 09:59:00	C3.1	12222.0	POINT(12 -21)	-21	12	229.0	-353.0
116680	2014-12-03 13:05:00	2014-12-03 13:10:00	2014-12-03 13:15:00	C2.7	12222.0	POINT(15 -20)	-20	15	248.0	-351.0
116690	2014-12-03 13:22:00	2014-12-03 13:26:00	2014-12-03 13:31:00	C3.8	12222.0	POINT(15 -20)	-20	15	245.0	-348.0
116700	2014-12-04 07:36:00	2014-12-04 08:03:00	2014-12-04 09:32:00	M1.3	12222.0	POINT(27 -24)	-24	27	413.0	-345.0
116710	2014-12-04 08:31:00	2014-12-04 08:31:00	2014-12-04 09:33:00	C5.4	12226.0	POINT(27 -25)	-25	27	400.0	-411.0
116720	2014-12-04 11:32:00	2014-12-04 11:32:00	2014-12-04 11:38:00	C1.4	12222.0	POINT(22 -23)	-23	22	335.0	-380.0
116730	2014-12-04 13:09:00	2014-12-04 13:15:00	2014-12-04 13:23:00	C1.4	12226.0	POINT(52 -23)	-23	52	706.0	-380.0
116740	2014-12-04 16:32:00	2014-12-04 16:50:00	2014-12-04 16:58:00	C1.6	12222.0	POINT(30 -19)	-19	30	464.0	-337.0
116750	2014-12-04 18:05:00	2014-12-04 18:25:00	2014-12-04 18:56:00	M6.1	12222.0	POINT(31 -20)	-20	31	481.0	-347.0
116760	2014-12-04 19:38:00	2014-12-04 19:41:00	2014-12-04 19:44:00	M1.3	12222.0	POINT(28 -21)	-21	28	431.0	-369.0
116770	2014-12-05 00:19:00	2014-12-05 00:24:00	2014-12-05 00:31:00	C1.1	12222.0	POINT(33 -20)	-20	33	515.0	-352.0
116780	2014-12-05 05:28:00	2014-12-05 05:37:00	2014-12-05 05:42:00	C2.1	12222.0	POINT(35 -20)	-20	35	517.0	-369.0
116790	2014-12-05 05:57:00	2014-12-05 06:07:00	2014-12-05 06:17:00	C1.8	12226.0	POINT(69 -21)	-21	69	868.0	-365.0
116800	2014-12-05 07:09:00	2014-12-05 07:15:00	2014-12-05 07:22:00	C1.3	12222.0	POINT(38 -20)	-20	38	575.0	-360.0
116810	2014-12-05 08:30:00	2014-12-05 08:38:00	2014-12-05 09:07:00	C1.0	12222.0	POINT(36 -20)	-20	36	537.0	-333.0
116820	2014-12-05 10:17:00	2014-12-05 10:26:00	2014-12-05 10:35:00	C1.6	12222.0	POINT(37 -23)	-23	37	539.0	-380.0
116830	2014-12-05 11:33:00	2014-12-05 12:25:00	2014-12-05 12:47:00	M1.5	12222.0	POINT(41 -23)	-23	41	589.0	-398.0
116840	2014-12-05 19:28:00	2014-12-05 19:31:00	2014-12-05 19:34:00	C1.0	12222.0	POINT(41 -21)	-21	41	618.0	-356.0
116850	2014-12-05 22:56:00	2014-12-05 23:48:00	2014-12-06 00:00:00	C2.1	12222.0	POINT(47 -24)	-24	47	656.0	-402.0
116860	2014-12-06 01:46:00	2014-12-06 01:56:00	2014-12-06 02:20:00	C2.8	12222.0	POINT(48 -21)	-21	48	662.0	-374.0
116870	2014-12-06 04:34:00	2014-12-06 05:13:00	2014-12-06 05:56:00	C1.6	12222.0	POINT(60 -24)	-24	60	773.0	-411.0
116880	2014-12-06 06:04:00	2014-12-06 06:05:00	2014-12-06 06:06:00	C1.6	12222.0	POINT(53 -21)	-21	53	728.0	-363.0
116890	2014-12-06 07:40:00	2014-12-06 07:41:00	2014-12-06 08:03:00	C1.5	12222.0	POINT(57 -21)	-21	57	745.0	-375.0
116900	2014-12-06 11:22:00	2014-12-06 11:36:00	2014-12-06 12:55:00	C4.4	12222.0	POINT(53 -24)	-24	53	710.0	-396.0
116910	2014-12-06 13:32:00	2014-12-06 13:52:00	2014-12-06 13:57:00	C3.7	12222.0	POINT(51 -25)	-25	51	736.0	-371.0
116920	2014-12-06 17:30:00	2014-12-06 17:34:00	2014-12-06 17:37:00	C1.8	12222.0	POINT(61 -22)	-22	61	793.0	-374.0
116930	2014-12-06 22:34:00	2014-12-06 22:38:00	2014-12-06 22:42:00	C1.0	12222.0	POINT(64 -22)	-22	64	815.0	-366.0
116940	2014-12-07 00:10:00	2014-12-07 00:14:00	2014-12-07 00:20:00	C1.2	12222.0	POINT(66 -24)	-24	66	812.0	-396.0
116950	2014-12-07 01:30:00	2014-12-07 01:38:00	2014-12-07 01:46:00	C2.7	12222.0	POINT(60 -23)	-23	60	797.0	-382.0
116960	2014-12-07 09:14:00	2014-12-07 09:19:00	2014-12-07 09:24:00	C1.4	12226.0	POINT(89 -20)	-20	89	923.0	-341.0
116970	2014-12-07 10:44:00	2014-12-07 10:44:00	2014-12-07 10:47:00	C1.0	12231.0	POINT(-21 -4)	-4	-21	-972.0	150.0
116980	2014-12-07 11:07:00	2014-12-07 11:14:00	2014-12-07 11:17:00	C1.1	12231.0	POINT(73 -20)	-20	73	873.0	-342.0
116990	2014-12-07 16:54:00	2014-12-07 16:57:00	2014-12-07 17:03:00	C1.2	12222.0	POINT(76 -24)	-24	76	863.0	-396.0
117000	2014-12-08 00:34:00	2014-12-08 00:39:00	2014-12-08 00:45:00	C2.2	12222.0	POINT(69 -19)	-19	69	885.0	-339.0
117010	2014-12-08 03:33:00	2014-12-08 03:41:00	2014-12-08 03:45:00	C1.0	12231.0	POINT(-89 -15)	-15	-89	-957.0	-272.0
117020	2014-12-08 14:52:00	2014-12-08 14:55:00	2014-12-08 14:57:00	B9.6		POINT(3 -6)	-6	3	52.0	-108.0
117030	2014-12-08 17:49:00	2014-12-08 17:56:00	2014-12-08 18:02:00	C1.3	12230.0	POINT(-40 -14)	-14	-40	-609.0	-239.0
117040	2014-12-09 02:33:00	2014-12-09 02:37:00	2014-12-09 02:40:00	C1.3	12230.0	POINT(-37 -15)	-15	-37	-556.0	-258.0
117050	2014-12-09 03:17:00	2014-12-09 03:54:00	2014-12-09 04:07:00	C2.0	12230.0	POINT(-35 -14)	-14	-35	-551.0	-260.0
117060	2014-12-09 04:56:00	2014-12-09 05:15:00	2014-12-09 05:39:00	C1.4	12230.0	POINT(-35 -15)	-15	-35	-545.0	-255.0
117070	2014-12-09 08:22:00	2014-12-09 08:30:00	2014-12-09 08:59:00	C8.1	12230.0	POINT(-31 -14)	-14	-31	-493.0	-249.0
117080	2014-12-09 09:57:00	2014-12-09 10:09:00	2014-12-09 10:48:00	C8.6	12230.0	POINT(-31 -15)	-15	-31	-488.0	-250.0
117090	2014-12-09 12:28:00	2014-12-09 12:33:00	2014-12-09 13:07:00	C5.4	12230.0	POINT(-30 -16)	-16	-30	-479.0	-249.0
117100	2014-12-09 13:43:00	2014-12-09 13:48:00	2014-12-09 13:56:00	C4.5	12230.0	POINT(-29 -16)	-16	-29	-462.0	-251.0
117110	2014-12-09 15:21:00	2014-12-09 15:28:00	2014-12-09 15:33:00	C6.2	12230.0	POINT(-28 -14)	-14	-28	-446.0	-243.0
117120	2014-12-09 17:12:00	2014-12-09 17:18:00	2014-12-09 17:23:00	C2.5	12230.0	POINT(-26 -16)	-16	-26	-425.0	-269.0
117130	2014-12-09 18:37:00	2014-12-09 18:48:00	2014-12-09 18:55:00	C5.3	12230.0	POINT(-26 -14)	-14	-26	-422.0	-244.0
117140	2014-12-09 19:46:00	2014-12-09 19:49:00	2014-12-09 19:52:00	C1.4	12230.0	POINT(-25 -17)	-17	-25	-408.0	-285.0
117150	2014-12-09 23:22:00	2014-12-09 23:27:00	2014-12-09 23:32:00	C1.3	12230.0	POINT(-23 -15)	-15	-23	-376.0	-275.0
117160	2014-12-10 01:46:00	2014-12-10 02:00:00	2014-12-10 02:03:00	C1.4	12230.0	POINT(-23 -16)	-16	-23	-363.0	-244.0
117170	2014-12-10 08:51:00	2014-12-10 09:24:00	2014-12-10 09:39:00	C1.6		POINT(-89 -14)	-14	-89	-962.0	-247.0
117180	2014-12-10 15:04:00	2014-12-10 15:13:00	2014-12-10 15:27:00	C1.6		POINT(-23 4)	4	-23	-379.0	67.0
117190	2014-12-10 17:07:00	2014-12-10 19:22:00	2014-12-10 20:30:00	C5.9		POINT(89 -18)	-18	89	954.0	-327.0
117200	2014-12-11 01:21:00	2014-12-11 01:24:00	2014-12-11 01:26:00	C1.8	12236.0	POINT(-71 -14)	-14	-71	-896.0	-236.0
117210	2014-12-11 03:25:00	2014-12-11 03:31:00	2014-12-11 03:45:00	C1.7	12234.0	POINT(-16 5)	5	-16	-254.0	76.0
117220	2014-12-11 05:59:00	2014-12-11 06:02:00	2014-12-11 06:06:00	C1.5	12232.0	POINT(-89 -13)	-13	-89	-950.0	-228.0
117230	2014-12-11 08:48:00	2014-12-11 08:56:00	2014-12-11 09:04:00	C3.8	12234.0	POINT(-11 5)	5	-11	-203.0	82.0
117240	2014-12-11 11:51:00	2014-12-11 11:55:00	2014-12-11 11:59:00	C1.4	12235.0	POINT(-2 -14)	-14	-2	-43.0	-234.0
117250	2014-12-11 13:09:00	2014-12-11 13:17:00	2014-12-11 13:23:00	C1.8	12230.0	POINT(-3 -14)	-14	-3	-65.0	-231.0
117260	2014-12-11 14:24:00	2014-12-11 14:27:00	2014-12-11 14:29:00	C1.4	12234.0	POINT(-54 -9)	-9	-54	-783.0	-156.0
117270	2014-12-12 03:02:00	2014-12-12 03:06:00	2014-12-12 03:10:00	C1.0	12230.0	POINT(3 -17)	-17	3	66.0	-282.0
117280	2014-12-12 03:42:00	2014-12-12 04:57:00	2014-12-12 06:43:00	C1.2		POINT(4 -17)	-17	4	80.0	-281.0
117290	2014-12-12 09:43:00	2014-12-12 09:48:00	2014-12-12 09:52:00	C1.5	12235.0	POINT(-48 -7)	-7	-48	-725.0	-131.0
117300	2014-12-12 14:35:00	2014-12-12 14:40:00	2014-12-12 14:42:00	C4.0	12234.0	POINT(4 4)	4	4	64.0	94.0
117310	2014-12-12 19:23:00	2014-12-12 19:28:00	2014-12-12 19:30:00	C2.8	12236.0	POINT(-63 30)	30	-63	-752.0	498.0
117320	2014-12-12 23:03:00	2014-12-12 23:13:00	2014-12-12 23:22:00	C2.5		POINT(-89 -9)	-9	-89	-972.0	-171.0
117330	2014-12-13 00:04:00	2014-12-13 00:12:00	2014-12-13 00:20:00	C2.6	12237.0	POINT(-64 -19)	-19	-64	-818.0	-321.0
117340	2014-12-13 02:45:00	2014-12-13 02:49:00	2014-12-13 03:21:00	C2.7	12227.0	POINT(-27 -5)	-5	-27	-440.0	-84.0
117350	2014-12-13 05:13:00	2014-12-13 05:20:00	2014-12-13 05:25:00	M1.5	12241.0	POINT(-84 -9)	-9	-84	-955.0	-162.0
117360	2014-12-13 05:55:00	2014-12-13 05:59:00	2014-12-13 06:05:00	C5.4	12227.0	POINT(-27 -5)	-5	-27	-440.0	-84.0
117370	2014-12-13 06:56:00	2014-12-13 07:03:00	2014-12-13 07:09:00	C2.2	12241.0	POINT(-89 -10)	-10	-89	-965.0	-174.0
117380	2014-12-13 08:38:00	2014-12-13 08:46:00	2014-12-13 08:50:00	C6.0	12241.0	POINT(-89 -10)	-10	-89	-964.0	-177.0
117390	2014-12-13 10:03:00	2014-12-13 10:10:00	2014-12-13 10:16:00	C4.0	12227.0	POINT(67 -6)	-6	67	894.0	-53.0
117400	2014-12-13 10:49:00	2014-12-13 10:53:00	2014-12-13 10:56:00	C3.8	12241.0	POINT(-89 -10)	-10	-89	-963.0	-175.0
117410	2014-12-14 01:24:00	2014-12-14 01:29:00	2014-12-14 01:35:00	C3.4	12241.0	POINT(-71 -10)	-10	-71	-916.0	-164.0
117420	2014-12-14 01:47:00	2014-12-14 01:53:00	2014-12-14 01:58:00	C2.1	12227.0	POINT(75 -3)	-3	75	943.0	-83.0
117430	2014-12-14 02:01:00	2014-12-14 02:05:00	2014-12-14 02:31:00	C1.9	12241.0	POINT(-71 -10)	-10	-71	-930.0	-177.0
117440	2014-12-14 04:17:00	2014-12-14 04:33:00	2014-12-14 04:41:00	C8.6	12241.0	POINT(-74 -11)	-11	-74	-921.0	-174.0
117450	2014-12-14 05:48:00	2014-12-14 05:53:00	2014-12-14 06:00:00	C2.9	12227.0	POINT(79 -3)	-3	79	957.0	-55.0
117460	2014-12-14 08:02:00	2014-12-14 08:34:00	2014-12-14 08:45:00	C3.1	12242.0	POINT(-51 -20)	-20	-51	-692.0	-340.0
117470	2014-12-14 08:17:00	2014-12-14 08:33:00	2014-12-14 08:43:00	C8.5	12242.0	POINT(-49 -18)	-18	-49	-701.0	-327.0
117480	2014-12-14 12:53:00	2014-12-14 12:59:00	2014-12-14 13:04:00	C1.9	12237.0	POINT(-47 -19)	-19	-47	-660.0	-343.0
117490	2014-12-14 13:31:00	2014-12-14 13:37:00	2014-12-14 13:55:00	C2.3	12241.0	POINT(-67 -8)	-8	-67	-894.0	-177.0
117500	2014-12-14 16:26:00	2014-12-14 16:36:00	2014-12-14 16:40:00	C1.5	12242.0	POINT(-67 -10)	-10	-67	-882.0	-177.0
117510	2014-12-14 18:21:00	2014-12-14 18:26:00	2014-12-14 18:30:00	C2.5	12242.0	POINT(-45 -21)	-21	-45	-652.0	-342.0
117520	2014-12-14 19:25:00	2014-12-14 19:33:00	2014-12-14 19:39:00	M1.6	12242.0	POINT(-44 -19)	-19	-44	-643.0	-336.0
117530	2014-12-14 19:47:00	2014-12-14 19:52:00	2014-12-14 20:00:00	C4.7	12242.0	POINT(-41 -20)	-20	-41	-606.0	-330.0
117540	2014-12-14 20:12:00	2014-12-14 20:16:00	2014-12-14 20:18:00	C4.0	12242.0	POINT(-44 -19)	-19	-44	-628.0	-341.0
117550	2014-12-14 21:45:00	2014-12-14 21:48:00	2014-12-14 22:20:00	C2.2	12242.0	POINT(-40 -19)	-19	-40	-593.0	-327.0
117560	2014-12-14 22:05:00	2014-12-14 22:09:00	2014-12-14 22:15:00	C3.6	12242.0	POINT(-42 -21)	-21	-42	-619.0	-341.0
117570	2014-12-15 01:34:00	2014-12-15 01:40:00	2014-12-15 01:44:00	C7.0	12242.0	POINT(-34 -21)	-21	-34	-572.0	-360.0
117580	2014-12-15 12:40:00	2014-12-15 12:43:00	2014-12-15 12:51:00	C1.5	12239.0	POINT(-89 10)	10	-89	-975.0	174.0
117590	2014-12-15 21:16:00	2014-12-15 21:21:00	2014-12-15 21:23:00	C4.5	12242.0	POINT(-25 -20)	-20	-25	-390.0	-335.0
117600	2014-12-16 00:02:00	2014-12-16 00:05:00	2014-12-16 00:09:00	C1.3	12242.0	POINT(-24 -20)	-20	-24	-372.0	-333.0
117610	2014-12-16 02:33:00	2014-12-16 02:38:00	2014-12-16 02:40:00	C5.3	12242.0	POINT(-23 -22)	-22	-23	-344.0	-328.0
117620	2014-12-16 04:43:00	2014-12-16 04:48:00	2014-12-16 04:52:00	C3.5	12242.0	POINT(-26 -20)	-20	-26	-411.0	-314.0
117630	2014-12-16 05:36:00	2014-12-16 05:39:00	2014-12-16 05:42:00	C1.8	12242.0	POINT(-26 -20)	-20	-26	-404.0	-305.0
117640	2014-12-16 05:49:00	2014-12-16 05:57:00	2014-12-16 06:03:00	C1.8	12242.0	POINT(-26 -20)	-20	-26	-313.0	-321.0
117650	2014-12-16 06:07:00	2014-12-16 06:14:00	2014-12-16 06:16:00	C2.7	12242.0	POINT(-20 -22)	-22	-20	-312.0	-323.0
117660	2014-12-16 08:06:00	2014-12-16 08:20:00	2014-12-16 09:05:00	C4.0	12241.0	POINT(-42 -9)	-9	-42	-648.0	-141.0
117670	2014-12-16 10:05:00	2014-12-16 10:12:00	2014-12-16 10:40:00	C4.1	12242.0	POINT(-21 -19)	-19	-21	-374.0	-313.0
117680	2014-12-16 11:06:00	2014-12-16 11:09:00	2014-12-16 11:11:00	C2.1	12242.0	POINT(-17 -20)	-20	-17	-270.0	-318.0
117690	2014-12-16 11:34:00	2014-12-16 11:40:00	2014-12-16 11:44:00	C5.6	12242.0	POINT(-22 -19)	-19	-22	-355.0	-315.0
117700	2014-12-16 17:00:00	2014-12-16 17:07:00	2014-12-16 17:16:00	C2.9	12241.0	POINT(-55 -8)	-8	-55	-636.0	-183.0
117710	2014-12-16 19:03:00	2014-12-16 19:13:00	2014-12-16 19:22:00	C4.7	12241.0	POINT(-39 -11)	-11	-39	-615.0	-179.0
117720	2014-12-17 00:55:00	2014-12-17 01:00:00	2014-12-17 02:13:00	M1.5	12242.0	POINT(-10 -25)	-25	-10	-143.0	-322.0
117730	2014-12-17 01:30:00	2014-12-17 01:50:00	2014-12-17 02:55:00	M1.1	12241.0	POINT(-33 -11)	-11	-33	-580.0	-177.0
117740	2014-12-17 04:23:00	2014-12-17 04:42:00	2014-12-17 06:38:00	M8.7	12242.0	POINT(-9 -20)	-20	-9	-142.0	-294.0
117750	2014-12-17 14:56:00	2014-12-17 15:01:00	2014-12-17 15:06:00	C9.8	12242.0	POINT(0 -18)	-18	0	-7.0	-298.0
117760	2014-12-17 15:51:00	2014-12-17 16:01:00	2014-12-17 16:21:00	C6.7	12241.0	POINT(-24 -10)	-10	-24	-402.0	-155.0
117770	2014-12-17 18:54:00	2014-12-17 18:59:00	2014-12-17 20:03:00	M1.4	12241.0	POINT(-24 -10)	-10	-24	-377.0	-150.0
117780	2014-12-17 19:27:00	2014-12-17 19:30:00	2014-12-17 19:34:00	C8.6	12241.0	POINT(-21 -10)	-10	-21	-354.0	-158.0
117790	2014-12-17 21:02:00	2014-12-17 21:26:00	2014-12-17 21:34:00	C7.1	12242.0	POINT(3 -19)	-19	3	54.0	-299.0
117800	2014-12-17 22:43:00	2014-12-17 22:47:00	2014-12-17 22:52:00	C3.2	12242.0	POINT(-2 -20)	-20	-2	-36.0	-334.0
117810	2014-12-18 02:31:00	2014-12-18 02:37:00	2014-12-18 02:47:00	C5.6	12242.0	POINT(0 -18)	-18	0	0.0	-301.0
117820	2014-12-18 08:53:00	2014-12-18 09:07:00	2014-12-18 09:15:00	C5.6	12242.0	POINT(6 -17)	-17	6	153.0	-299.0
117830	2014-12-18 12:39:00	2014-12-18 12:39:00	2014-12-18 13:23:00	C7.2	12242.0	POINT(10 -16)	-16	10	150.0	-286.0
117840	2014-12-18 15:40:00	2014-12-18 15:46:00	2014-12-18 16:10:00	C5.3	12241.0	POINT(9 -18)	-18	9	155.0	-294.0
117850	2014-12-18 16:19:00	2014-12-18 16:23:00	2014-12-18 16:28:00	C6.8	12241.0	POINT(-10 -10)	-10	-10	-166.0	-169.0
117860	2014-12-18 16:44:00	2014-12-18 16:51:00	2014-12-18 16:59:00	C7.3	12242.0	POINT(7 -22)	-22	7	117.0	-351.0
117870	2014-12-18 19:34:00	2014-12-18 19:43:00	2014-12-18 19:52:00	C7.9	12241.0	POINT(-7 -10)	-10	-7	-129.0	-156.0
117880	2014-12-18 21:41:00	2014-12-18 21:58:00	2014-12-18 22:25:00	M6.9	12241.0	POINT(-15 -11)	-11	-15	-168.0	-168.0
117890	2014-12-19 02:09:00	2014-12-19 02:13:00	2014-12-19 02:18:00	C4.2	12242.0	POINT(18 -17)	-17	18	315.0	-297.0
117900	2014-12-19 03:32:00	2014-12-19 03:43:00	2014-12-19 03:51:00	C4.0	12242.0	POINT(21 -16)	-16	21	327.0	-274.0
117910	2014-12-19 09:31:00	2014-12-19 09:44:00	2014-12-19 09:54:00	M1.3	12242.0	POINT(27 -19)	-19	27	418.0	-317.0
117920	2014-12-19 13:48:00	2014-12-19 13:52:00	2014-12-19 13:55:00	C2.5	12242.0	POINT(26 -19)	-19	26	429.0	-266.0
117930	2014-12-19 14:43:00	2014-12-19 14:47:00	2014-12-19 14:56:00	C1.9	12242.0	POINT(23 -20)	-20	23	365.0	-297.0
117940	2014-12-19 16:06:00	2014-12-19 16:10:00	2014-12-19 16:13:00	C2.7	12242.0	POINT(28 -18)	-18	28	433.0	-267.0
117950	2014-12-19 16:22:00	2014-12-19 16:27:00	2014-12-19 17:25:00	C5.3	12242.0	POINT(21 -20)	-20	21	326.0	-299.0
117960	2014-12-19 17:22:00	2014-12-19 17:25:00	2014-12-19 17:29:00	C2.8	12242.0	POINT(23 -18)	-18	23	362.0	-301.0
117970	2014-12-19 17:35:00	2014-12-19 18:45:00	2014-12-19 19:30:00	C9.5	12242.0	POINT(23 -24)	-24	23	353.0	-378.0
117980	2014-12-19 21:34:00	2014-12-19 21:38:00	2014-12-19 21:45:00	C1.7	12242.0	POINT(25 -19)	-19	25	433.0	-302.0
117990	2014-12-19 22:23:00	2014-12-19 22:30:00	2014-12-19 22:55:00	C3.2	12242.0	POINT(28 -16)	-16	28	431.0	-298.0
118000	2014-12-20 00:11:00	2014-12-20 00:28:00	2014-12-20 00:55:00	X1.8	12242.0	POINT(24 -21)	-21	24	448.0	-299.0
118010	2014-12-20 11:36:00	2014-12-20 11:41:00	2014-12-20 11:48:00	C2.3	12242.0	POINT(39 -17)	-17	39	593.0	-267.0
118020	2014-12-20 15:01:00	2014-12-20 15:06:00	2014-12-20 15:11:00	C2.9	12242.0	POINT(41 -19)	-19	41	591.0	-286.0
118030	2014-12-20 15:47:00	2014-12-20 15:53:00	2014-12-20 15:59:00	C2.0	12242.0	POINT(42 -17)	-17	42	624.0	-272.0
118040	2014-12-20 20:29:00	2014-12-20 20:35:00	2014-12-20 20:49:00	C5.6	12242.0	POINT(44 -18)	-18	44	645.0	-288.0
118050	2014-12-20 21:40:00	2014-12-20 21:43:00	2014-12-20 21:46:00	C2.9	12242.0	POINT(49 -20)	-20	49	698.0	-321.0
118060	2014-12-21 00:24:00	2014-12-21 00:30:00	2014-12-21 00:38:00	C4.2	12242.0	POINT(41 -18)	-18	41	610.0	-293.0
118070	2014-12-21 02:05:00	2014-12-21 02:45:00	2014-12-21 03:04:00	C6.7	12242.0	POINT(46 -19)	-19	46	671.0	-309.0
118080	2014-12-21 04:47:00	2014-12-21 04:55:00	2014-12-21 05:08:00	C5.4	12244.0	POINT(-42 -2)	-2	-42	-652.0	-34.0
118090	2014-12-21 07:18:00	2014-12-21 07:32:00	2014-12-21 07:51:00	M1.2	12242.0	POINT(48 -21)	-21	48	719.0	-287.0
118100	2014-12-21 11:24:00	2014-12-21 12:17:00	2014-12-21 12:57:00	M1.0	12241.0	POINT(25 -13)	-13	25	403.0	-204.0
118110	2014-12-21 15:43:00	2014-12-21 16:01:00	2014-12-21 16:13:00	C3.1	12242.0	POINT(54 -19)	-19	54	710.0	-306.0
118120	2014-12-21 16:14:00	2014-12-21 16:51:00	2014-12-21 16:58:00	C5.2	12242.0	POINT(55 -18)	-18	55	768.0	-291.0
118130	2014-12-21 17:23:00	2014-12-21 17:55:00	2014-12-21 18:19:00	C5.1	12242.0	POINT(61 -18)	-18	61	811.0	-301.0
118140	2014-12-22 01:18:00	2014-12-22 01:49:00	2014-12-22 02:34:00	M1.0	12242.0	POINT(54 -19)	-19	54	807.0	-300.0
118150	2014-12-22 04:27:00	2014-12-22 04:54:00	2014-12-22 05:24:00	C8.7	12242.0	POINT(56 -20)	-20	56	792.0	-303.0
118160	2014-12-22 10:58:00	2014-12-22 11:03:00	2014-12-22 11:28:00	C7.0	12242.0	POINT(67 -21)	-21	67	839.0	-304.0
118170	2014-12-22 21:15:00	2014-12-22 22:25:00	2014-12-22 22:39:00	C5.7	12241.0	POINT(44 -13)	-13	44	660.0	-219.0
118180	2014-12-23 00:35:00	2014-12-23 00:52:00	2014-12-23 01:04:00	C2.1		POINT(-1 -16)	-16	-1	-42.0	-222.0
118190	2014-12-23 03:39:00	2014-12-23 03:58:00	2014-12-23 04:14:00	C1.4	12244.0	POINT(89 -15)	-15	89	945.0	-260.0
118200	2014-12-23 04:45:00	2014-12-23 05:06:00	2014-12-23 06:08:00	C2.1	12242.0	POINT(89 -15)	-15	89	956.0	-265.0
118210	2014-12-23 07:39:00	2014-12-23 07:42:00	2014-12-23 07:46:00	C1.5	12242.0	POINT(67 -21)	-21	67	901.0	-287.0
118220	2014-12-23 08:07:00	2014-12-23 08:17:00	2014-12-23 08:38:00	C1.8	12241.0	POINT(54 -13)	-13	54	740.0	-205.0
118230	2014-12-23 19:45:00	2014-12-23 19:51:00	2014-12-23 19:59:00	C2.3	12241.0	POINT(89 -18)	-18	89	928.0	-314.0
118240	2014-12-23 21:22:00	2014-12-23 21:24:00	2014-12-23 21:27:00	C2.2	12242.0	POINT(88 -19)	-19	88	931.0	-302.0
118250	2014-12-23 21:29:00	2014-12-23 21:31:00	2014-12-23 21:38:00	C2.5	12242.0	POINT(89 -18)	-18	89	935.0	-310.0
118260	2014-12-23 22:44:00	2014-12-23 22:44:00	2014-12-23 22:50:00	C4.9	12242.0	POINT(88 -19)	-19	88	934.0	-299.0
118270	2014-12-24 02:30:00	2014-12-24 02:37:00	2014-12-24 02:43:00	C3.7	12241.0	POINT(61 -12)	-12	61	827.0	-206.0
118280	2014-12-24 04:11:00	2014-12-24 04:35:00	2014-12-24 04:55:00	C3.0	12242.0	POINT(89 -21)	-21	89	910.0	-349.0
118290	2014-12-24 12:59:00	2014-12-24 13:00:00	2014-12-24 13:55:00	C1.8	12245.0	POINT(-29 8)	8	-29	-489.0	143.0
118300	2014-12-24 13:20:00	2014-12-24 13:27:00	2014-12-24 13:47:00	C2.0	12245.0	POINT(-29 6)	6	-29	-486.0	135.0
118310	2014-12-24 23:46:00	2014-12-24 23:59:00	2014-12-25 00:17:00	C2.4	12242.0	POINT(89 -15)	-15	89	951.0	-270.0
118320	2014-12-25 05:19:00	2014-12-25 05:23:00	2014-12-25 05:26:00	C4.0	12242.0	POINT(89 -14)	-14	89	953.0	-240.0
118330	2014-12-25 12:00:00	2014-12-25 12:11:00	2014-12-25 12:27:00	C4.3	12248.0	POINT(-64 -19)	-19	-64	-825.0	-317.0
118340	2014-12-25 19:05:00	2014-12-25 19:11:00	2014-12-25 19:16:00	C1.7	12248.0	POINT(-60 -22)	-22	-60	-785.0	-348.0
118350	2014-12-26 08:01:00	2014-12-26 08:28:00	2014-12-26 08:52:00	C1.7	12249.0	POINT(40 -13)	-13	40	593.0	-161.0
118360	2014-12-26 08:37:00	2014-12-26 08:41:00	2014-12-26 08:43:00	C1.5	12249.0	POINT(38 -10)	-10	38	603.0	-150.0
118370	2014-12-26 08:54:00	2014-12-26 09:30:00	2014-12-26 09:43:00	C2.1	12249.0	POINT(-43 -22)	-22	-43	-620.0	-352.0
118380	2014-12-26 11:17:00	2014-12-26 11:24:00	2014-12-26 11:28:00	C2.4	12249.0	POINT(40 -11)	-11	40	619.0	-164.0
118390	2014-12-26 11:34:00	2014-12-26 11:38:00	2014-12-26 11:44:00	C1.9	12248.0	POINT(-43 -23)	-23	-43	-623.0	-359.0
118400	2014-12-26 13:47:00	2014-12-26 13:50:00	2014-12-26 13:57:00	C1.4		POINT(41 -11)	-11	41	631.0	-162.0
118410	2014-12-26 15:04:00	2014-12-26 15:16:00	2014-12-26 15:25:00	C3.7	12249.0	POINT(42 -10)	-10	42	651.0	-149.0
118420	2014-12-26 18:00:00	2014-12-26 18:07:00	2014-12-26 18:15:00	C6.5	12249.0	POINT(43 -10)	-10	43	665.0	-151.0
118430	2014-12-26 21:05:00	2014-12-26 21:44:00	2014-12-26 22:15:00	C2.3	12249.0	POINT(-38 -19)	-19	-38	-580.0	-292.0
118440	2014-12-26 23:50:00	2014-12-26 23:56:00	2014-12-27 00:06:00	C1.6	12249.0	POINT(48 -10)	-10	48	716.0	-152.0
118450	2014-12-27 02:03:00	2014-12-27 02:16:00	2014-12-27 02:24:00	M2.2	12249.0	POINT(48 -11)	-11	48	722.0	-159.0
118460	2014-12-27 04:00:00	2014-12-27 06:05:00	2014-12-27 08:03:00	C1.9	12249.0	POINT(49 -11)	-11	49	754.0	-160.0
118470	2014-12-27 14:59:00	2014-12-27 15:05:00	2014-12-27 15:09:00	C1.3	12248.0	POINT(-34 -21)	-21	-34	-518.0	-333.0
118480	2014-12-28 07:31:00	2014-12-28 07:34:00	2014-12-28 07:37:00	B9.9	12249.0	POINT(65 -10)	-10	65	875.0	-155.0
118490	2014-12-28 09:56:00	2014-12-28 10:07:00	2014-12-28 10:24:00	C1.7	12248.0	POINT(-23 -20)	-20	-23	-354.0	-282.0
118500	2014-12-28 13:33:00	2014-12-28 13:40:00	2014-12-28 13:49:00	C2.3	12248.0	POINT(-19 -19)	-19	-19	-300.0	-294.0
118510	2014-12-28 17:50:00	2014-12-28 17:59:00	2014-12-28 18:09:00	C3.3	12248.0	POINT(-18 -19)	-19	-18	-270.0	-291.0
118520	2014-12-28 21:07:00	2014-12-28 21:18:00	2014-12-28 21:57:00	C1.3	12251.0	POINT(-52 -11)	-11	-52	-781.0	-145.0
118530	2014-12-28 22:48:00	2014-12-28 22:58:00	2014-12-28 23:04:00	C1.1		POINT(-89 -5)	-5	-89	-993.0	-94.0
118540	2014-12-29 03:30:00	2014-12-29 03:41:00	2014-12-29 03:47:00	C1.4	12248.0	POINT(-13 -21)	-21	-13	-196.0	-296.0
118550	2014-12-29 05:25:00	2014-12-29 05:29:00	2014-12-29 05:33:00	B8.6	12248.0	POINT(-12 -20)	-20	-12	-183.0	-299.0
118560	2014-12-29 10:34:00	2014-12-29 10:39:00	2014-12-29 10:43:00	C1.4	12248.0	POINT(-10 -21)	-21	-10	-140.0	-299.0
118570	2014-12-29 10:46:00	2014-12-29 10:52:00	2014-12-29 10:58:00	C2.6	12250.0	POINT(62 5)	5	62	858.0	85.0
118580	2014-12-30 06:10:00	2014-12-30 06:46:00	2014-12-30 07:00:00	C2.6	12251.0	POINT(-29 -11)	-11	-29	-479.0	-149.0
118590	2014-12-30 18:00:00	2014-12-30 18:08:00	2014-12-30 18:23:00	C1.9	12250.0	POINT(77 6)	6	77	962.0	131.0
118600	2014-12-30 23:15:00	2014-12-30 23:19:00	2014-12-30 23:24:00	C1.1	12250.0	POINT(89 7)	7	89	968.0	134.0
118610	2014-12-30 23:54:00	2014-12-31 00:04:00	2014-12-31 00:10:00	C1.5	12253.0	POINT(-67 -6)	-6	-67	-890.0	-59.0
118620	2014-12-31 01:50:00	2014-12-31 01:55:00	2014-12-31 02:01:00	C1.6	12251.0	POINT(-19 -12)	-12	-19	-310.0	-202.0
118630	2014-12-31 03:50:00	2014-12-31 03:54:00	2014-12-31 04:02:00	B9.3	12253.0	POINT(-64 -6)	-6	-64	-866.0	-58.0
118640	2014-12-31 06:29:00	2014-12-31 06:39:00	2014-12-31 06:42:00	C1.7	12253.0	POINT(-60 -6)	-6	-60	-851.0	-102.0
118650	2014-12-31 09:01:00	2014-12-31 09:03:00	2014-12-31 10:19:00	C1.2	12253.0	POINT(-58 -6)	-6	-58	-858.0	-63.0
118660	2014-12-31 12:12:00	2014-12-31 12:16:00	2014-12-31 12:18:00	C1.0	12251.0	POINT(-62 -7)	-7	-62	-863.0	-102.0
118670	2014-12-31 12:31:00	2014-12-31 12:35:00	2014-12-31 12:38:00	C1.4	12253.0	POINT(-57 -4)	-4	-57	-825.0	-55.0
118680	2014-12-31 23:02:00	2014-12-31 23:39:00	2015-01-01 00:17:00	C1.2	12253.0	POINT(-54 -5)	-5	-54	-791.0	-66.0
118690	2015-01-01 04:57:00	2015-01-01 05:07:00	2015-01-01 05:17:00	C2.1	12253.0	POINT(-50 -7)	-7	-50	-743.0	-75.0
118700	2015-01-01 07:22:00	2015-01-01 07:30:00	2015-01-01 07:38:00	C2.1	12253.0	POINT(-49 -6)	-6	-49	-740.0	-58.0
118710	2015-01-01 19:03:00	2015-01-01 19:05:00	2015-01-01 19:07:00	C1.8	12253.0	POINT(-38 -5)	-5	-38	-609.0	-51.0
118720	2015-01-02 04:33:00	2015-01-02 04:36:00	2015-01-02 04:38:00	B7.0	12253.0	POINT(-33 -5)	-5	-33	-533.0	-54.0
118730	2015-01-02 09:50:00	2015-01-02 09:53:00	2015-01-02 09:55:00	B9.3	12253.0	POINT(-33 -5)	-5	-33	-500.0	-54.0
118740	2015-01-02 14:05:00	2015-01-02 14:08:00	2015-01-02 14:11:00	B9.7	12253.0	POINT(-27 -5)	-5	-27	-452.0	-53.0
118750	2015-01-02 14:12:00	2015-01-02 14:15:00	2015-01-02 14:17:00	C1.0	12253.0	POINT(-27 -4)	-4	-27	-453.0	-52.0
118760	2015-01-02 19:35:00	2015-01-02 19:38:00	2015-01-02 19:39:00	C1.1	12248.0	POINT(-24 -6)	-6	-24	-402.0	-55.0
118770	2015-01-02 19:47:00	2015-01-02 19:48:00	2015-01-02 19:49:00	C1.2	12256.0	POINT(48 -21)	-21	48	683.0	-327.0
118780	2015-01-03 01:13:00	2015-01-03 01:17:00	2015-01-03 01:21:00	C1.7	12253.0	POINT(-21 -5)	-5	-21	-364.0	-45.0
118790	2015-01-03 05:52:00	2015-01-03 05:57:00	2015-01-03 06:00:00	C1.1	12253.0	POINT(-20 -6)	-6	-20	-316.0	-48.0
118800	2015-01-03 06:01:00	2015-01-03 06:04:00	2015-01-03 06:06:00	C2.9		POINT(-19 -5)	-5	-19	-324.0	-40.0
118810	2015-01-03 06:04:00	2015-01-03 06:17:00	2015-01-03 06:29:00	C4.6	12253.0	POINT(-20 -6)	-6	-20	-327.0	-42.0
118820	2015-01-03 06:43:00	2015-01-03 06:49:00	2015-01-03 06:53:00	C3.8	12253.0	POINT(-20 -6)	-6	-20	-308.0	-45.0
118830	2015-01-03 07:05:00	2015-01-03 07:15:00	2015-01-03 07:28:00	C2.4	12253.0	POINT(-22 -5)	-5	-22	-299.0	-42.0
118840	2015-01-03 09:40:00	2015-01-03 09:47:00	2015-01-03 09:50:00	M1.1	12253.0	POINT(-17 -4)	-4	-17	-276.0	-43.0
118850	2015-01-03 10:28:00	2015-01-03 10:39:00	2015-01-03 10:44:00	C1.7	12253.0	POINT(-16 -5)	-5	-16	-265.0	-48.0
118860	2015-01-03 13:37:00	2015-01-03 14:13:00	2015-01-03 14:26:00	C1.8	12253.0	POINT(-16 -5)	-5	-16	-257.0	-42.0
118870	2015-01-03 21:26:00	2015-01-03 22:23:00	2015-01-03 22:42:00	C1.3	12253.0	POINT(-12 -5)	-5	-12	-188.0	-40.0
118880	2015-01-03 23:05:00	2015-01-03 23:22:00	2015-01-03 23:39:00	C1.0	12253.0	POINT(-11 -5)	-5	-11	-243.0	-108.0
118890	2015-01-04 00:05:00	2015-01-04 00:09:00	2015-01-04 00:12:00	C1.1	12253.0	POINT(-4 -4)	-4	-4	-77.0	-32.0
118900	2015-01-04 00:32:00	2015-01-04 00:53:00	2015-01-04 01:28:00	C1.5	12253.0	POINT(-11 -9)	-9	-11	-195.0	-101.0
118910	2015-01-04 04:16:00	2015-01-04 04:52:00	2015-01-04 05:20:00	C2.1	12253.0	POINT(-9 -9)	-9	-9	-161.0	-112.0
118920	2015-01-04 15:17:00	2015-01-04 15:31:00	2015-01-04 17:31:00	M1.3	12253.0	POINT(-2 -7)	-7	-2	-24.0	-33.0
118930	2015-01-04 21:21:00	2015-01-04 21:26:00	2015-01-04 21:35:00	C1.1	12253.0	POINT(2 -6)	-6	2	27.0	-33.0
118940	2015-01-04 23:41:00	2015-01-04 23:45:00	2015-01-04 23:48:00	C1.9		POINT(3 -5)	-5	3	59.0	-37.0
118950	2015-01-05 02:04:00	2015-01-05 02:09:00	2015-01-05 02:11:00	C2.0	12253.0	POINT(7 -7)	-7	7	107.0	-39.0
118960	2015-01-05 08:17:00	2015-01-05 08:21:00	2015-01-05 08:49:00	C3.5	12253.0	POINT(2 -9)	-9	2	41.0	-79.0
118970	2015-01-05 14:52:00	2015-01-05 14:59:00	2015-01-05 15:17:00	C3.9		POINT(-89 -17)	-17	-89	-944.0	-293.0
118980	2015-01-05 16:58:00	2015-01-05 17:44:00	2015-01-05 18:49:00	C7.4	12253.0	POINT(12 -7)	-7	12	179.0	-68.0
118990	2015-01-05 22:00:00	2015-01-05 22:12:00	2015-01-05 22:41:00	C4.1	12253.0	POINT(15 -6)	-6	15	276.0	-44.0
119000	2015-01-05 23:07:00	2015-01-05 23:20:00	2015-01-05 23:36:00	C4.4	12251.0	POINT(64 -11)	-11	64	861.0	-186.0
119010	2015-01-06 05:16:00	2015-01-06 05:31:00	2015-01-06 05:58:00	C6.0	12253.0	POINT(16 -9)	-9	16	275.0	-80.0
119020	2015-01-06 09:34:00	2015-01-06 09:43:00	2015-01-06 09:51:00	C2.2	12253.0	POINT(17 -8)	-8	17	308.0	-83.0
119030	2015-01-06 11:40:00	2015-01-06 11:48:00	2015-01-06 11:53:00	C9.7		POINT(-89 -17)	-17	-89	-943.0	-294.0
119040	2015-01-06 13:25:00	2015-01-06 13:28:00	2015-01-06 13:40:00	C1.4	12257.0	POINT(-17 6)	6	-17	-295.0	155.0
119050	2015-01-06 17:10:00	2015-01-06 17:14:00	2015-01-06 17:18:00	C1.7	12253.0	POINT(21 -9)	-9	21	365.0	-85.0
119060	2015-01-06 21:58:00	2015-01-06 22:04:00	2015-01-06 22:11:00	C1.9		POINT(-89 -16)	-16	-89	-946.0	-287.0
119070	2015-01-07 03:06:00	2015-01-07 03:12:00	2015-01-07 03:30:00	C1.2	12253.0	POINT(28 -8)	-8	28	468.0	-95.0
119080	2015-01-07 05:59:00	2015-01-07 06:06:00	2015-01-07 06:12:00	C1.8		POINT(-89 -16)	-16	-89	-939.0	-278.0
119090	2015-01-07 09:58:00	2015-01-07 10:06:00	2015-01-07 10:16:00	C1.2		POINT(-89 -14)	-14	-89	-955.0	-242.0
119100	2015-01-07 10:30:00	2015-01-07 10:36:00	2015-01-07 10:40:00	C1.3		POINT(-89 -17)	-17	-89	-945.0	-297.0
119110	2015-01-07 11:43:00	2015-01-07 11:51:00	2015-01-07 12:01:00	C4.3	12253.0	POINT(35 -9)	-9	35	539.0	-98.0
119120	2015-01-07 14:55:00	2015-01-07 15:00:00	2015-01-07 15:07:00	C2.1		POINT(-78 -16)	-16	-78	-917.0	-268.0
119130	2015-01-08 00:20:00	2015-01-08 00:24:00	2015-01-08 00:26:00	C1.6	12259.0	POINT(-89 -17)	-17	-89	-932.0	-286.0
119140	2015-01-08 04:11:00	2015-01-08 04:16:00	2015-01-08 04:20:00	C1.3	12251.0	POINT(89 -11)	-11	89	965.0	-190.0
119150	2015-01-08 04:25:00	2015-01-08 04:34:00	2015-01-08 04:39:00	C4.2	12253.0	POINT(44 -9)	-9	44	656.0	-106.0
119160	2015-01-08 15:41:00	2015-01-08 15:48:00	2015-01-08 15:56:00	C2.6	12258.0	POINT(-53 16)	16	-53	-750.0	308.0
119170	2015-01-08 19:58:00	2015-01-08 20:10:00	2015-01-08 20:15:00	C1.6	12259.0	POINT(-72 -17)	-17	-72	-890.0	-268.0
119180	2015-01-09 05:46:00	2015-01-09 05:54:00	2015-01-09 05:59:00	C3.4	12259.0	POINT(-64 -17)	-17	-64	-851.0	-265.0
119190	2015-01-09 08:04:00	2015-01-09 08:17:00	2015-01-09 08:34:00	C9.6	12257.0	POINT(18 6)	6	18	296.0	195.0
119200	2015-01-09 17:26:00	2015-01-09 17:48:00	2015-01-09 18:01:00	C1.8	12257.0	POINT(24 8)	8	24	393.0	135.0
119210	2015-01-09 18:42:00	2015-01-09 18:53:00	2015-01-09 19:00:00	C1.3	12259.0	POINT(-49 -14)	-14	-49	-720.0	-198.0
119220	2015-01-09 22:16:00	2015-01-09 22:28:00	2015-01-09 22:40:00	C1.9	12257.0	POINT(26 7)	7	26	436.0	183.0
119230	2015-01-10 01:43:00	2015-01-10 01:53:00	2015-01-10 02:06:00	C2.1	12257.0	POINT(27 6)	6	27	456.0	180.0
119240	2015-01-10 02:45:00	2015-01-10 02:52:00	2015-01-10 02:56:00	C1.2	12257.0	POINT(30 5)	5	30	493.0	146.0
119250	2015-01-10 04:58:00	2015-01-10 05:08:00	2015-01-10 05:14:00	C1.1	12259.0	POINT(-44 -16)	-16	-44	-646.0	-220.0
119260	2015-01-10 11:14:00	2015-01-10 11:33:00	2015-01-10 11:54:00	C3.3	12257.0	POINT(33 5)	5	33	540.0	174.0
119270	2015-01-10 23:00:00	2015-01-10 23:18:00	2015-01-10 23:30:00	C1.6	12253.0	POINT(89 -4)	-4	89	983.0	-72.0
119280	2015-01-11 01:56:00	2015-01-11 02:53:00	2015-01-11 03:30:00	C3.3	12257.0	POINT(44 10)	10	44	667.0	169.0
119290	2015-01-11 05:11:00	2015-01-11 05:43:00	2015-01-11 06:00:00	C4.2		POINT(89 -5)	-5	89	992.0	-87.0
119300	2015-01-11 08:14:00	2015-01-11 09:24:00	2015-01-11 10:25:00	C3.4	12257.0	POINT(44 8)	8	44	727.0	159.0
119310	2015-01-11 11:49:00	2015-01-11 12:10:00	2015-01-11 12:23:00	C1.5	12259.0	POINT(51 6)	6	51	756.0	157.0
119320	2015-01-11 14:42:00	2015-01-11 15:14:00	2015-01-11 15:34:00	C1.6	12255.0	POINT(44 -17)	-17	44	654.0	-243.0
119330	2015-01-11 18:20:00	2015-01-11 18:28:00	2015-01-11 18:33:00	C1.3	12257.0	POINT(53 8)	8	53	777.0	180.0
119340	2015-01-11 19:54:00	2015-01-11 20:46:00	2015-01-11 21:03:00	C1.6	12260.0	POINT(17 8)	8	17	284.0	212.0
119350	2015-01-11 23:29:00	2015-01-11 23:32:00	2015-01-11 23:35:00	C1.4	12262.0	POINT(29 -2)	-2	29	475.0	20.0
119360	2015-01-12 02:18:00	2015-01-12 02:25:00	2015-01-12 02:32:00	C3.1	12257.0	POINT(57 7)	7	57	821.0	183.0
119370	2015-01-12 04:26:00	2015-01-12 04:32:00	2015-01-12 04:36:00	C6.1	12260.0	POINT(21 7)	7	21	347.0	208.0
119380	2015-01-12 07:39:00	2015-01-12 07:50:00	2015-01-12 08:48:00	C3.1	12255.0	POINT(52 -18)	-18	52	735.0	-256.0
119390	2015-01-12 12:33:00	2015-01-12 12:43:00	2015-01-12 12:53:00	C2.0	12255.0	POINT(53 -20)	-20	53	767.0	-254.0
119400	2015-01-12 12:47:00	2015-01-12 12:55:00	2015-01-12 13:01:00	C5.6	12260.0	POINT(25 8)	8	25	422.0	207.0
119410	2015-01-12 14:08:00	2015-01-12 14:44:00	2015-01-12 15:10:00	C7.1	12255.0	POINT(55 -19)	-19	55	801.0	-256.0
119420	2015-01-12 15:18:00	2015-01-12 15:21:00	2015-01-12 15:24:00	C3.7	12261.0	POINT(56 -17)	-17	56	778.0	-252.0
119430	2015-01-13 04:13:00	2015-01-13 04:24:00	2015-01-13 04:38:00	M5.6	12257.0	POINT(70 6)	6	70	917.0	129.0
119440	2015-01-13 04:46:00	2015-01-13 04:58:00	2015-01-13 05:10:00	M4.9	12257.0	POINT(76 5)	5	76	945.0	114.0
119450	2015-01-13 13:09:00	2015-01-13 13:14:00	2015-01-13 13:21:00	C2.4	12257.0	POINT(79 4)	4	79	954.0	119.0
119460	2015-01-13 19:32:00	2015-01-13 19:35:00	2015-01-13 19:39:00	C1.3	12257.0	POINT(81 8)	8	81	956.0	146.0
119470	2015-01-13 23:02:00	2015-01-13 23:06:00	2015-01-13 23:09:00	C1.4	12259.0	POINT(84 8)	8	84	960.0	145.0
119480	2015-01-14 00:19:00	2015-01-14 00:27:00	2015-01-14 00:33:00	C1.7	12257.0	POINT(89 8)	8	89	966.0	153.0
119490	2015-01-14 01:54:00	2015-01-14 01:57:00	2015-01-14 01:59:00	C1.6	12259.0	POINT(-4 -14)	-14	-4	-48.0	-145.0
119500	2015-01-14 02:25:00	2015-01-14 02:33:00	2015-01-14 02:40:00	C4.7	12257.0	POINT(89 7)	7	89	968.0	132.0
119510	2015-01-14 03:34:00	2015-01-14 03:47:00	2015-01-14 03:54:00	C9.7	12257.0	POINT(89 7)	7	89	969.0	133.0
119520	2015-01-14 04:44:00	2015-01-14 04:56:00	2015-01-14 05:05:00	C7.7	12257.0	POINT(89 7)	7	89	974.0	129.0
119530	2015-01-14 06:31:00	2015-01-14 06:36:00	2015-01-14 06:39:00	C1.8		POINT(89 8)	8	89	968.0	140.0
119540	2015-01-14 06:46:00	2015-01-14 06:51:00	2015-01-14 06:57:00	C2.3	12259.0	POINT(2 -14)	-14	2	33.0	-236.0
119550	2015-01-14 08:39:00	2015-01-14 08:45:00	2015-01-14 08:52:00	C2.6	12257.0	POINT(86 7)	7	86	968.0	144.0
119560	2015-01-14 09:17:00	2015-01-14 09:43:00	2015-01-14 09:52:00	C5.3	12257.0	POINT(89 8)	8	89	979.0	139.0
119570	2015-01-14 10:38:00	2015-01-14 10:42:00	2015-01-14 10:51:00	C1.9	12259.0	POINT(3 -15)	-15	3	57.0	-162.0
119580	2015-01-14 12:30:00	2015-01-14 12:58:00	2015-01-14 13:08:00	M2.2	12257.0	POINT(89 8)	8	89	975.0	138.0
119590	2015-01-14 18:17:00	2015-01-14 18:26:00	2015-01-14 18:39:00	C2.3	12259.0	POINT(89 4)	4	89	988.0	77.0
119600	2015-01-14 19:40:00	2015-01-14 19:44:00	2015-01-14 19:48:00	C1.7	12260.0	POINT(89 7)	7	89	977.0	132.0
119610	2015-01-14 22:47:00	2015-01-14 23:24:00	2015-01-14 23:45:00	C3.0	12257.0	POINT(88 10)	10	88	972.0	181.0
119620	2015-01-14 23:55:00	2015-01-14 23:58:00	2015-01-15 00:01:00	C1.8	12257.0	POINT(89 8)	8	89	965.0	151.0
119630	2015-01-15 02:21:00	2015-01-15 02:25:00	2015-01-15 02:31:00	C2.1	12262.0	POINT(72 -3)	-3	72	926.0	-51.0
119640	2015-01-15 03:06:00	2015-01-15 03:34:00	2015-01-15 04:12:00	C2.4	12257.0	POINT(88 9)	9	88	972.0	168.0
119650	2015-01-15 14:49:00	2015-01-15 14:59:00	2015-01-15 15:09:00	C2.4	12255.0	POINT(88 -20)	-20	88	941.0	-357.0
119660	2015-01-15 16:39:00	2015-01-15 16:49:00	2015-01-15 17:05:00	C2.6	12257.0	POINT(89 2)	2	89	988.0	35.0
119670	2015-01-15 21:49:00	2015-01-15 21:55:00	2015-01-15 22:02:00	C1.2	12262.0	POINT(89 -1)	-1	89	976.0	-31.0
119680	2015-01-16 03:18:00	2015-01-16 03:30:00	2015-01-16 03:53:00	C1.8	12260.0	POINT(74 8)	8	74	928.0	135.0
119690	2015-01-18 05:41:00	2015-01-18 05:52:00	2015-01-18 06:01:00	C1.0		POINT(-89 7)	7	-89	-977.0	123.0
119700	2015-01-18 22:46:00	2015-01-18 22:51:00	2015-01-18 22:53:00	C1.0	12259.0	POINT(57 -18)	-18	57	794.0	-255.0
119710	2015-01-19 09:02:00	2015-01-19 09:06:00	2015-01-19 09:12:00	C1.0	12266.0	POINT(-89 8)	8	-89	-972.0	141.0
119720	2015-01-19 10:07:00	2015-01-19 10:13:00	2015-01-19 10:15:00	C1.3	12259.0	POINT(67 -21)	-21	67	847.0	-267.0
119730	2015-01-19 13:56:00	2015-01-19 14:00:00	2015-01-19 14:06:00	B8.6		POINT(-88 8)	8	-88	-968.0	148.0
119740	2015-01-19 20:41:00	2015-01-19 20:48:00	2015-01-19 20:52:00	C3.3	12266.0	POINT(-6 -6)	-6	-6	-65.0	-26.0
119750	2015-01-20 04:59:00	2015-01-20 05:11:00	2015-01-20 05:19:00	C1.0	12266.0	POINT(-76 8)	8	-76	-938.0	162.0
119760	2015-01-20 09:46:00	2015-01-20 09:49:00	2015-01-20 09:51:00	B8.3	12259.0	POINT(84 -14)	-14	84	938.0	-241.0
119770	2015-01-20 22:57:00	2015-01-20 23:18:00	2015-01-20 23:36:00	C2.9	12268.0	POINT(-89 -12)	-12	-89	-965.0	-212.0
119780	2015-01-21 05:03:00	2015-01-21 05:15:00	2015-01-21 05:24:00	C1.0	12268.0	POINT(-89 -12)	-12	-89	-964.0	-207.0
119790	2015-01-21 10:35:00	2015-01-21 10:49:00	2015-01-21 11:03:00	C4.3	12268.0	POINT(-89 -12)	-12	-89	-975.0	-209.0
119800	2015-01-21 11:32:00	2015-01-21 11:42:00	2015-01-21 11:48:00	C9.9	12268.0	POINT(-89 -11)	-11	-89	-976.0	-203.0
119810	2015-01-21 15:24:00	2015-01-21 15:34:00	2015-01-21 15:50:00	C5.0	12268.0	POINT(-89 -11)	-11	-89	-972.0	-194.0
119820	2015-01-21 16:17:00	2015-01-21 16:44:00	2015-01-21 16:54:00	C5.4	12268.0	POINT(-89 -11)	-11	-89	-971.0	-194.0
119830	2015-01-21 21:35:00	2015-01-21 21:41:00	2015-01-21 21:47:00	C1.2	12268.0	POINT(-89 -11)	-11	-89	-971.0	-189.0
119840	2015-01-21 22:21:00	2015-01-21 22:30:00	2015-01-21 22:44:00	C5.4	12268.0	POINT(-89 -10)	-10	-89	-970.0	-186.0
119850	2015-01-22 02:13:00	2015-01-22 02:20:00	2015-01-22 02:26:00	C1.7	12268.0	POINT(-89 -11)	-11	-89	-966.0	-188.0
119860	2015-01-22 02:47:00	2015-01-22 02:52:00	2015-01-22 02:59:00	C1.2	12268.0	POINT(-89 -11)	-11	-89	-965.0	-195.0
119870	2015-01-22 04:00:00	2015-01-22 04:05:00	2015-01-22 04:16:00	C1.1	12268.0	POINT(-89 -10)	-10	-89	-969.0	-185.0
119880	2015-01-22 04:43:00	2015-01-22 04:52:00	2015-01-22 05:02:00	M1.4	12268.0	POINT(-89 -11)	-11	-89	-956.0	-189.0
119890	2015-01-22 07:50:00	2015-01-22 07:53:00	2015-01-22 07:56:00	C1.0		POINT(-89 -11)	-11	-89	-963.0	-191.0
119900	2015-01-22 08:42:00	2015-01-22 08:48:00	2015-01-22 09:01:00	C2.1		POINT(-89 -10)	-10	-89	-963.0	-178.0
119910	2015-01-22 16:16:00	2015-01-22 16:20:00	2015-01-22 16:24:00	B8.9		POINT(-84 -11)	-11	-84	-951.0	-186.0
119920	2015-01-22 17:16:00	2015-01-22 17:23:00	2015-01-22 17:31:00	B9.7		POINT(-85 -11)	-11	-85	-953.0	-182.0
119930	2015-01-22 18:26:00	2015-01-22 18:30:00	2015-01-22 18:34:00	C1.3		POINT(89 2)	2	89	1441.0	73.0
119940	2015-01-23 02:20:00	2015-01-23 02:24:00	2015-01-23 02:28:00	B7.8	12268.0	POINT(-76 -12)	-12	-76	-931.0	-174.0
119950	2015-01-23 02:48:00	2015-01-23 02:53:00	2015-01-23 03:01:00	C4.3	12268.0	POINT(-76 -12)	-12	-76	-931.0	-177.0
119960	2015-01-23 08:43:00	2015-01-23 08:46:00	2015-01-23 08:49:00	B6.3		POINT(-74 -11)	-11	-74	-922.0	-162.0
119970	2015-01-23 12:33:00	2015-01-23 12:37:00	2015-01-23 12:40:00	C1.1	12268.0	POINT(-71 -11)	-11	-71	-905.0	-169.0
119980	2015-01-23 15:07:00	2015-01-23 15:11:00	2015-01-23 15:22:00	C1.0	12270.0	POINT(-66 -21)	-21	-66	-842.0	-297.0
119990	2015-01-23 15:24:00	2015-01-23 15:29:00	2015-01-23 15:35:00	C1.2	12270.0	POINT(-69 -11)	-11	-69	-894.0	-165.0
120000	2015-01-23 15:53:00	2015-01-23 16:00:00	2015-01-23 16:09:00	C3.7	12268.0	POINT(-69 -12)	-12	-69	-896.0	-166.0
120010	2015-01-23 17:43:00	2015-01-23 17:46:00	2015-01-23 17:48:00	C1.1	12268.0	POINT(-69 -12)	-12	-69	-890.0	-202.0
120020	2015-01-23 19:30:00	2015-01-23 19:38:00	2015-01-23 19:50:00	B8.8	12268.0	POINT(-68 -11)	-11	-68	-888.0	-160.0
120030	2015-01-24 07:07:00	2015-01-24 07:11:00	2015-01-24 07:15:00	B6.7	12268.0	POINT(-60 -12)	-12	-60	-826.0	-152.0
120040	2015-01-24 07:32:00	2015-01-24 07:40:00	2015-01-24 07:46:00	C2.0	12268.0	POINT(-61 -12)	-12	-61	-830.0	-153.0
120050	2015-01-24 10:15:00	2015-01-24 10:20:00	2015-01-24 10:38:00	C1.3	12268.0	POINT(-57 -12)	-12	-57	-811.0	-150.0
120060	2015-01-24 11:55:00	2015-01-24 12:00:00	2015-01-24 12:03:00	B7.9	12268.0	POINT(-61 -6)	-6	-61	-847.0	-101.0
120070	2015-01-24 16:02:00	2015-01-24 16:08:00	2015-01-24 16:13:00	B7.4	12263.0	POINT(88 12)	12	88	965.0	207.0
120080	2015-01-24 18:22:00	2015-01-24 18:25:00	2015-01-24 18:28:00	B7.0	12267.0	POINT(88 12)	12	88	953.0	211.0
120090	2015-01-24 20:41:00	2015-01-24 20:46:00	2015-01-24 20:52:00	C1.2		POINT(88 12)	12	88	968.0	214.0
120100	2015-01-25 01:55:00	2015-01-25 02:01:00	2015-01-25 02:06:00	C1.1		POINT(88 11)	11	88	965.0	195.0
120110	2015-01-25 02:26:00	2015-01-25 02:29:00	2015-01-25 02:32:00	C1.1		POINT(88 12)	12	88	962.0	213.0
120120	2015-01-25 07:47:00	2015-01-25 07:51:00	2015-01-25 07:56:00	C1.0	12268.0	POINT(-44 -12)	-12	-44	-668.0	-140.0
120130	2015-01-25 11:56:00	2015-01-25 12:12:00	2015-01-25 12:21:00	C1.4		POINT(-89 -8)	-8	-89	-975.0	-137.0
120140	2015-01-25 18:11:00	2015-01-25 18:18:00	2015-01-25 18:21:00	B9.6	12268.0	POINT(-46 -8)	-8	-46	-701.0	-83.0
120150	2015-01-26 00:50:00	2015-01-26 00:53:00	2015-01-26 00:55:00	B7.3	12268.0	POINT(-41 -10)	-10	-41	-629.0	-94.0
120160	2015-01-26 05:07:00	2015-01-26 05:35:00	2015-01-26 05:54:00	C1.1	12271.0	POINT(-6 18)	18	-6	-112.0	398.0
120170	2015-01-26 06:08:00	2015-01-26 06:27:00	2015-01-26 06:49:00	C1.8	12271.0	POINT(-6 18)	18	-6	-101.0	399.0
120180	2015-01-26 07:20:00	2015-01-26 07:43:00	2015-01-26 07:56:00	C1.6	12268.0	POINT(-38 -9)	-9	-38	-592.0	-152.0
120190	2015-01-26 08:08:00	2015-01-26 08:35:00	2015-01-26 08:43:00	C1.7	12268.0	POINT(-5 18)	18	-5	-83.0	398.0
120200	2015-01-26 08:51:00	2015-01-26 09:03:00	2015-01-26 09:11:00	C1.7	12268.0	POINT(-36 -9)	-9	-36	-570.0	-85.0
120210	2015-01-26 16:46:00	2015-01-26 16:53:00	2015-01-26 16:58:00	M1.1	12268.0	POINT(-32 -9)	-9	-32	-522.0	-87.0
120220	2015-01-26 23:45:00	2015-01-26 23:48:00	2015-01-26 23:50:00	C1.2	12268.0	POINT(-28 -10)	-10	-28	-465.0	-92.0
120230	2015-01-27 04:54:00	2015-01-27 04:57:00	2015-01-27 04:59:00	C1.6	12268.0	POINT(-26 -10)	-10	-26	-419.0	-84.0
120240	2015-01-27 05:43:00	2015-01-27 05:47:00	2015-01-27 05:49:00	C2.4	12273.0	POINT(-1 -3)	-3	-1	-17.0	41.0
120250	2015-01-27 07:13:00	2015-01-27 07:33:00	2015-01-27 08:27:00	C2.1		POINT(-89 6)	6	-89	-997.0	112.0
120260	2015-01-27 09:11:00	2015-01-27 09:24:00	2015-01-27 09:40:00	C1.9	12268.0	POINT(-89 6)	6	-89	-989.0	105.0
120270	2015-01-27 23:52:00	2015-01-27 23:59:00	2015-01-28 00:05:00	C5.7		POINT(-52 -9)	-9	-52	-762.0	-98.0
120280	2015-01-28 00:55:00	2015-01-28 01:28:00	2015-01-28 01:48:00	C4.7	12268.0	POINT(-12 -11)	-11	-12	-198.0	-185.0
120290	2015-01-28 04:21:00	2015-01-28 04:41:00	2015-01-28 04:55:00	M1.4	12268.0	POINT(-9 -9)	-9	-9	-144.0	-78.0
120300	2015-01-28 05:20:00	2015-01-28 05:30:00	2015-01-28 05:38:00	C9.8	12268.0	POINT(-9 -11)	-11	-9	-164.0	-104.0
120310	2015-01-28 10:38:00	2015-01-28 10:43:00	2015-01-28 10:46:00	C2.7	12277.0	POINT(-83 7)	7	-83	-959.0	141.0
120320	2015-01-28 13:07:00	2015-01-28 13:12:00	2015-01-28 13:16:00	C2.5		POINT(-81 10)	10	-81	-947.0	194.0
120330	2015-01-28 18:24:00	2015-01-28 18:35:00	2015-01-28 19:06:00	C2.2	12268.0	POINT(-2 -13)	-13	-2	-33.0	-219.0
120340	2015-01-28 21:32:00	2015-01-28 21:37:00	2015-01-28 21:40:00	M1.0	12277.0	POINT(-73 8)	8	-73	-933.0	145.0
120350	2015-01-28 23:32:00	2015-01-28 23:36:00	2015-01-28 23:40:00	C1.7	12276.0	POINT(-88 10)	10	-88	-956.0	184.0
120360	2015-01-29 02:42:00	2015-01-29 02:52:00	2015-01-29 02:55:00	C3.2	12277.0	POINT(-72 7)	7	-72	-918.0	153.0
120370	2015-01-29 03:08:00	2015-01-29 03:13:00	2015-01-29 03:16:00	C4.1	12277.0	POINT(-72 7)	7	-72	-920.0	158.0
120380	2015-01-29 03:48:00	2015-01-29 03:52:00	2015-01-29 03:55:00	C2.6	12277.0	POINT(-71 7)	7	-71	-914.0	156.0
120390	2015-01-29 04:20:00	2015-01-29 04:33:00	2015-01-29 04:47:00	C3.1	12277.0	POINT(-71 7)	7	-71	-912.0	187.0
120400	2015-01-29 05:15:00	2015-01-29 05:23:00	2015-01-29 05:50:00	C8.2	12268.0	POINT(6 -13)	-13	6	64.0	-123.0
120410	2015-01-29 09:17:00	2015-01-29 09:18:00	2015-01-29 09:25:00	C1.9	12271.0	POINT(38 16)	16	38	576.0	268.0
120420	2015-01-29 09:53:00	2015-01-29 09:57:00	2015-01-29 10:05:00	C2.9	12277.0	POINT(-62 7)	7	-62	-895.0	164.0
120430	2015-01-29 10:36:00	2015-01-29 10:43:00	2015-01-29 10:51:00	C2.1	12277.0	POINT(-68 10)	10	-68	-889.0	159.0
120440	2015-01-29 11:32:00	2015-01-29 11:42:00	2015-01-29 11:52:00	M2.1	12268.0	POINT(6 -12)	-12	6	152.0	-107.0
120450	2015-01-29 12:21:00	2015-01-29 12:26:00	2015-01-29 12:30:00	C7.6	12277.0	POINT(-78 10)	10	-78	-939.0	199.0
120460	2015-01-29 13:30:00	2015-01-29 13:33:00	2015-01-29 13:40:00	C2.4	12277.0	POINT(-68 8)	8	-68	-895.0	176.0
120470	2015-01-29 14:07:00	2015-01-29 14:16:00	2015-01-29 14:20:00	C2.2	12277.0	POINT(-61 8)	8	-61	-850.0	195.0
120480	2015-01-29 14:37:00	2015-01-29 14:44:00	2015-01-29 14:48:00	C1.7	12276.0	POINT(-19 -7)	-7	-19	-321.0	-29.0
120490	2015-01-29 16:49:00	2015-01-29 16:52:00	2015-01-29 16:56:00	C1.6	12277.0	POINT(-74 11)	11	-74	-921.0	216.0
120500	2015-01-29 18:12:00	2015-01-29 18:15:00	2015-01-29 18:24:00	C5.0	12277.0	POINT(-63 8)	8	-63	-864.0	184.0
120510	2015-01-29 19:30:00	2015-01-29 19:53:00	2015-01-29 20:23:00	C6.4	12268.0	POINT(13 -13)	-13	13	218.0	-128.0
120520	2015-01-29 23:37:00	2015-01-29 23:46:00	2015-01-29 23:59:00	C8.4	12277.0	POINT(-61 7)	7	-61	-848.0	180.0
120530	2015-01-30 00:32:00	2015-01-30 00:44:00	2015-01-30 01:02:00	M2.0	12268.0	POINT(16 -13)	-13	16	269.0	-128.0
120540	2015-01-30 04:51:00	2015-01-30 05:01:00	2015-01-30 05:09:00	C2.3	12277.0	POINT(-57 8)	8	-57	-809.0	135.0
120550	2015-01-30 05:29:00	2015-01-30 05:36:00	2015-01-30 06:35:00	M1.7	12268.0	POINT(19 -12)	-12	19	325.0	-112.0
120560	2015-01-30 08:19:00	2015-01-30 08:25:00	2015-01-30 08:29:00	C3.8	12276.0	POINT(-8 -6)	-6	-8	-147.0	-17.0
120570	2015-01-30 12:10:00	2015-01-30 12:16:00	2015-01-30 12:21:00	M2.4	12277.0	POINT(-52 7)	7	-52	-771.0	190.0
120580	2015-01-30 17:43:00	2015-01-30 18:06:00	2015-01-30 18:20:00	C2.0	12268.0	POINT(27 -10)	-10	27	446.0	-93.0
120590	2015-01-30 20:18:00	2015-01-30 20:21:00	2015-01-30 20:24:00	C1.2	12271.0	POINT(44 18)	18	44	644.0	380.0
120600	2015-01-31 00:27:00	2015-01-31 00:30:00	2015-01-31 00:33:00	B9.9	12271.0	POINT(56 18)	18	56	771.0	353.0
120610	2015-01-31 07:46:00	2015-01-31 08:01:00	2015-01-31 08:27:00	C1.2	12268.0	POINT(35 -12)	-12	35	592.0	-120.0
120620	2015-01-31 11:53:00	2015-01-31 11:57:00	2015-01-31 12:00:00	C1.0	12277.0	POINT(-34 8)	8	-34	-545.0	220.0
120630	2015-01-31 16:35:00	2015-01-31 16:41:00	2015-01-31 16:50:00	C1.6	12275.0	POINT(-36 7)	7	-36	-579.0	214.0
120640	2015-01-31 20:47:00	2015-01-31 21:03:00	2015-01-31 21:09:00	C1.2	12277.0	POINT(-28 7)	7	-28	-461.0	222.0
120650	2015-01-31 21:24:00	2015-01-31 21:35:00	2015-01-31 21:44:00	C1.7	12268.0	POINT(43 -10)	-10	43	663.0	-108.0
120660	2015-02-01 03:24:00	2015-02-01 04:36:00	2015-02-01 05:14:00	C2.8	12268.0	POINT(47 -13)	-13	47	706.0	-147.0
120670	2015-02-01 06:39:00	2015-02-01 06:45:00	2015-02-01 06:47:00	C2.2	12277.0	POINT(-20 6)	6	-20	-332.0	198.0
120680	2015-02-01 08:41:00	2015-02-01 08:46:00	2015-02-01 08:51:00	C1.8	12275.0	POINT(88 -17)	-17	88	926.0	-300.0
120690	2015-02-01 11:26:00	2015-02-01 11:33:00	2015-02-01 11:45:00	C3.2	12268.0	POINT(48 -13)	-13	48	709.0	-158.0
120700	2015-02-01 19:25:00	2015-02-01 19:30:00	2015-02-01 19:34:00	C1.5	12277.0	POINT(-12 6)	6	-12	-204.0	204.0
120710	2015-02-01 21:13:00	2015-02-01 21:26:00	2015-02-01 21:36:00	C3.0	12268.0	POINT(54 -14)	-14	54	786.0	-166.0
120720	2015-02-02 06:21:00	2015-02-02 06:24:00	2015-02-02 06:27:00	C1.0	12277.0	POINT(-9 7)	7	-9	-167.0	222.0
120730	2015-02-02 14:26:00	2015-02-02 14:37:00	2015-02-02 14:44:00	C1.7	12280.0	POINT(-63 -8)	-8	-63	-859.0	-105.0
120740	2015-02-02 23:01:00	2015-02-02 23:05:00	2015-02-02 23:32:00	C2.6	12277.0	POINT(-14 10)	10	-14	-218.0	290.0
120750	2015-02-03 09:06:00	2015-02-03 09:12:00	2015-02-03 09:17:00	C1.4	12277.0	POINT(2 7)	7	2	36.0	216.0
120760	2015-02-03 09:42:00	2015-02-03 09:47:00	2015-02-03 09:56:00	C2.7	12280.0	POINT(-52 -11)	-11	-52	-755.0	-96.0
120770	2015-02-03 10:39:00	2015-02-03 10:49:00	2015-02-03 11:36:00	C3.9	12277.0	POINT(3 6)	6	3	62.0	206.0
120780	2015-02-03 15:08:00	2015-02-03 15:11:00	2015-02-03 15:26:00	C1.4	12277.0	POINT(4 7)	7	4	102.0	227.0
120790	2015-02-03 17:21:00	2015-02-03 17:26:00	2015-02-03 17:31:00	C1.5	12280.0	POINT(-47 -9)	-9	-47	-720.0	-75.0
120800	2015-02-03 20:59:00	2015-02-03 21:11:00	2015-02-03 21:39:00	C1.9	12277.0	POINT(9 6)	6	9	149.0	231.0
120810	2015-02-03 22:51:00	2015-02-03 22:54:00	2015-02-03 23:19:00	C2.1	12277.0	POINT(9 7)	7	9	158.0	230.0
120820	2015-02-04 02:08:00	2015-02-04 02:15:00	2015-02-04 02:21:00	M1.2	12277.0	POINT(14 10)	10	14	181.0	239.0
120830	2015-02-04 10:03:00	2015-02-04 10:07:00	2015-02-04 10:09:00	C2.2	12277.0	POINT(24 4)	4	24	347.0	173.0
120840	2015-02-04 18:43:00	2015-02-04 19:12:00	2015-02-04 19:37:00	C3.0	12280.0	POINT(-47 -9)	-9	-47	-703.0	-152.0
120850	2015-02-05 05:07:00	2015-02-05 05:16:00	2015-02-05 05:20:00	C1.1	12277.0	POINT(11 13)	13	11	175.0	320.0
120860	2015-02-05 07:23:00	2015-02-05 07:26:00	2015-02-05 07:31:00	C1.3	12277.0	POINT(11 12)	12	11	196.0	308.0
120870	2015-02-05 09:45:00	2015-02-05 09:53:00	2015-02-05 10:04:00	C3.3	12277.0	POINT(14 12)	12	14	247.0	300.0
120880	2015-02-06 03:05:00	2015-02-06 03:15:00	2015-02-06 03:24:00	C1.1	12281.0	POINT(-53 13)	13	-53	-761.0	282.0
120890	2015-02-06 10:02:00	2015-02-06 10:17:00	2015-02-06 10:29:00	C1.4	12280.0	POINT(-12 -9)	-9	-12	-195.0	-56.0
120900	2015-02-06 22:56:00	2015-02-06 23:02:00	2015-02-06 23:14:00	C1.5	12277.0	POINT(38 10)	10	38	601.0	254.0
120910	2015-02-07 01:05:00	2015-02-07 01:21:00	2015-02-07 01:29:00	C1.4	12280.0	POINT(-2 -7)	-7	-2	-36.0	-25.0
120920	2015-02-07 10:42:00	2015-02-07 10:50:00	2015-02-07 10:57:00	C1.8	12277.0	POINT(45 9)	9	45	681.0	243.0
120930	2015-02-07 11:36:00	2015-02-07 11:51:00	2015-02-07 11:55:00	C1.2		POINT(3 -7)	-7	3	65.0	-21.0
120940	2015-02-07 12:18:00	2015-02-07 12:22:00	2015-02-07 12:25:00	C1.9	12280.0	POINT(2 -9)	-9	2	45.0	-51.0
120950	2015-02-07 13:07:00	2015-02-07 13:35:00	2015-02-07 13:43:00	C1.4		POINT(-88 -12)	-12	-88	-960.0	-213.0
120960	2015-02-07 17:44:00	2015-02-07 17:54:00	2015-02-07 18:04:00	C2.3		POINT(-88 -12)	-12	-88	-958.0	-210.0
120970	2015-02-07 19:28:00	2015-02-07 19:38:00	2015-02-07 19:51:00	C2.3	12277.0	POINT(58 8)	8	58	803.0	216.0
120980	2015-02-08 05:07:00	2015-02-08 05:18:00	2015-02-08 05:23:00	C2.6	12277.0	POINT(56 10)	10	56	798.0	224.0
120990	2015-02-08 05:41:00	2015-02-08 05:58:00	2015-02-08 06:33:00	C2.6	12277.0	POINT(13 -9)	-9	13	231.0	-62.0
121000	2015-02-08 08:46:00	2015-02-08 09:13:00	2015-02-08 09:25:00	C1.8	12282.0	POINT(-78 12)	12	-78	-930.0	202.0
121010	2015-02-08 10:27:00	2015-02-08 10:47:00	2015-02-08 11:36:00	C1.7	12280.0	POINT(17 -8)	-8	17	273.0	-17.0
121020	2015-02-08 10:32:00	2015-02-08 11:00:00	2015-02-08 11:16:00	C2.6	12280.0	POINT(17 -6)	-6	17	295.0	-9.0
121030	2015-02-08 14:28:00	2015-02-08 15:06:00	2015-02-08 15:25:00	C1.7	12280.0	POINT(19 -7)	-7	19	314.0	-118.0
121040	2015-02-08 20:23:00	2015-02-08 21:04:00	2015-02-08 21:16:00	C3.1	12277.0	POINT(70 6)	6	70	909.0	101.0
121050	2015-02-09 01:26:00	2015-02-09 01:48:00	2015-02-09 02:02:00	C2.1	12280.0	POINT(26 -7)	-7	26	435.0	-16.0
121060	2015-02-09 03:11:00	2015-02-09 03:31:00	2015-02-09 03:51:00	C1.5	12280.0	POINT(26 -7)	-7	26	437.0	-21.0
121070	2015-02-09 05:14:00	2015-02-09 05:22:00	2015-02-09 05:28:00	C1.7	12282.0	POINT(-67 13)	13	-67	-889.0	267.0
121080	2015-02-09 05:57:00	2015-02-09 06:07:00	2015-02-09 06:14:00	C3.7		POINT(-65 -13)	-13	-65	-873.0	-166.0
121090	2015-02-09 07:04:00	2015-02-09 07:12:00	2015-02-09 07:26:00	C1.7	12281.0	POINT(-3 13)	13	-3	-67.0	326.0
121100	2015-02-09 08:22:00	2015-02-09 08:27:00	2015-02-09 08:32:00	C1.4	12282.0	POINT(-71 8)	8	-71	-912.0	158.0
121110	2015-02-09 09:02:00	2015-02-09 09:05:00	2015-02-09 09:08:00	C1.5	12281.0	POINT(-73 9)	9	-73	-919.0	167.0
121120	2015-02-09 18:13:00	2015-02-09 18:26:00	2015-02-09 19:32:00	C3.1	12280.0	POINT(33 -8)	-8	33	524.0	-135.0
121130	2015-02-09 22:36:00	2015-02-09 22:40:00	2015-02-09 22:45:00	C1.8	12280.0	POINT(-65 7)	7	-65	-874.0	179.0
121140	2015-02-09 22:59:00	2015-02-09 23:35:00	2015-02-10 00:14:00	M2.4	12282.0	POINT(-61 12)	12	-61	-835.0	267.0
121150	2015-02-10 01:58:00	2015-02-10 02:02:00	2015-02-10 02:07:00	C8.3	12280.0	POINT(42 -8)	-8	42	626.0	-38.0
121160	2015-02-10 03:11:00	2015-02-10 03:31:00	2015-02-10 03:51:00	C1.5	12280.0	POINT(-51 -13)	-13	-51	-753.0	-151.0
121170	2015-02-10 04:17:00	2015-02-10 04:21:00	2015-02-10 04:30:00	C2.9	12280.0	POINT(41 -7)	-7	41	642.0	-40.0
121180	2015-02-10 08:29:00	2015-02-10 08:44:00	2015-02-10 08:53:00	C2.7	12282.0	POINT(-62 10)	10	-62	-884.0	212.0
121190	2015-02-10 13:56:00	2015-02-10 14:07:00	2015-02-10 14:19:00	C1.5	12277.0	POINT(89 4)	4	89	969.0	67.0
121200	2015-02-11 01:37:00	2015-02-11 02:06:00	2015-02-11 02:20:00	C1.0	12282.0	POINT(-42 5)	5	-42	-683.0	177.0
121210	2015-02-11 05:17:00	2015-02-11 05:20:00	2015-02-11 06:15:00	C1.0	12282.0	POINT(-40 5)	5	-40	-639.0	217.0
121220	2015-02-12 02:03:00	2015-02-12 02:12:00	2015-02-12 02:17:00	C6.0	12280.0	POINT(70 -6)	-6	70	894.0	-71.0
121230	2015-02-12 04:05:00	2015-02-12 04:08:00	2015-02-12 04:10:00	B8.7	12282.0	POINT(-26 8)	8	-26	-435.0	239.0
121240	2015-02-12 07:53:00	2015-02-12 07:56:00	2015-02-12 08:09:00	B7.4	12282.0	POINT(-38 12)	12	-38	-598.0	289.0
121250	2015-02-12 14:06:00	2015-02-12 14:09:00	2015-02-12 14:28:00	C1.0	12282.0	POINT(-25 8)	8	-25	-381.0	195.0
121260	2015-02-13 02:20:00	2015-02-13 02:28:00	2015-02-13 02:51:00	B9.6	12282.0	POINT(-17 12)	12	-17	-278.0	306.0
121270	2015-02-14 12:29:00	2015-02-14 12:37:00	2015-02-14 12:49:00	B7.1	12284.0	POINT(4 13)	13	4	66.0	218.0
121280	2015-02-14 22:49:00	2015-02-14 22:54:00	2015-02-14 22:57:00	B6.9	12284.0	POINT(-47 11)	11	-47	-707.0	271.0
121290	2015-02-15 00:46:00	2015-02-15 00:51:00	2015-02-15 00:56:00	B9.0	12283.0	POINT(37 7)	7	37	581.0	194.0
121300	2015-02-15 09:02:00	2015-02-15 09:07:00	2015-02-15 09:14:00	B6.2	12282.0	POINT(17 11)	11	17	281.0	294.0
121310	2015-02-16 15:48:00	2015-02-16 16:00:00	2015-02-16 16:06:00	B8.8	12282.0	POINT(29 8)	8	29	478.0	237.0
121320	2015-02-17 06:35:00	2015-02-17 06:44:00	2015-02-17 06:55:00	B7.3	12282.0	POINT(39 4)	4	39	603.0	211.0
121330	2015-02-18 11:00:00	2015-02-18 11:03:00	2015-02-18 11:11:00	B5.7	12287.0	POINT(-30 15)	15	-30	-491.0	347.0
121340	2015-02-18 16:17:00	2015-02-18 16:20:00	2015-02-18 16:23:00	B8.7	12289.0	POINT(-75 -9)	-9	-75	-936.0	-119.0
121350	2015-02-18 19:12:00	2015-02-18 19:17:00	2015-02-18 19:20:00	B7.9	12289.0	POINT(-72 -9)	-9	-72	-927.0	-122.0
121360	2015-02-18 21:38:00	2015-02-18 21:45:00	2015-02-18 21:51:00	C1.1		POINT(63 14)	14	63	839.0	234.0
121370	2015-02-18 21:53:00	2015-02-18 22:08:00	2015-02-18 22:13:00	C3.5	12282.0	POINT(62 14)	14	62	831.0	234.0
121380	2015-02-19 00:53:00	2015-02-19 00:58:00	2015-02-19 01:01:00	C1.2	12282.0	POINT(61 13)	13	61	827.0	218.0
121390	2015-02-19 01:08:00	2015-02-19 01:12:00	2015-02-19 01:15:00	B9.5	12289.0	POINT(63 9)	9	63	854.0	151.0
121400	2015-02-19 17:42:00	2015-02-19 18:06:00	2015-02-19 18:25:00	C1.1		POINT(88 -17)	-17	88	929.0	-294.0
121410	2015-02-20 01:06:00	2015-02-20 01:10:00	2015-02-20 01:15:00	B6.1	12287.0	POINT(-5 12)	12	-5	-84.0	331.0
121420	2015-02-20 10:01:00	2015-02-20 10:27:00	2015-02-20 10:51:00	C1.5	12286.0	POINT(87 -19)	-19	87	953.0	-331.0
121430	2015-02-20 15:04:00	2015-02-20 15:22:00	2015-02-20 15:54:00	C2.3	12286.0	POINT(88 -17)	-17	88	949.0	-296.0
121440	2015-02-20 18:17:00	2015-02-20 18:25:00	2015-02-20 18:35:00	B8.6		POINT(87 -18)	-18	87	932.0	-306.0
121450	2015-02-20 20:10:00	2015-02-20 20:15:00	2015-02-20 20:21:00	C1.3	12286.0	POINT(87 -18)	-18	87	931.0	-306.0
121460	2015-02-20 21:56:00	2015-02-20 21:59:00	2015-02-20 22:02:00	B7.1	12286.0	POINT(87 -20)	-20	87	929.0	-345.0
121470	2015-02-20 23:16:00	2015-02-20 23:19:00	2015-02-20 23:22:00	B7.2	12286.0	POINT(88 -17)	-17	88	933.0	-288.0
121480	2015-02-21 00:38:00	2015-02-21 00:42:00	2015-02-21 00:45:00	B8.8	12286.0	POINT(88 -17)	-17	88	930.0	-297.0
121490	2015-02-21 03:28:00	2015-02-21 03:33:00	2015-02-21 03:50:00	C1.0	12286.0	POINT(88 -17)	-17	88	935.0	-292.0
121500	2015-02-21 04:56:00	2015-02-21 05:02:00	2015-02-21 05:11:00	C1.2	12286.0	POINT(87 -20)	-20	87	924.0	-339.0
121510	2015-02-21 18:20:00	2015-02-21 18:50:00	2015-02-21 19:41:00	B7.1	12291.0	POINT(-14 20)	20	-14	-235.0	441.0
121520	2015-02-22 20:02:00	2015-02-22 20:21:00	2015-02-22 21:02:00	B9.2	12288.0	POINT(89 -8)	-8	89	971.0	-152.0
121530	2015-02-23 00:10:00	2015-02-23 00:26:00	2015-02-23 00:42:00	C1.1	12288.0	POINT(89 -8)	-8	89	983.0	-149.0
121540	2015-02-23 03:07:00	2015-02-23 03:15:00	2015-02-23 03:23:00	B7.2	12292.0	POINT(-63 -9)	-9	-63	-855.0	-93.0
121550	2015-02-23 09:29:00	2015-02-23 09:39:00	2015-02-23 09:47:00	B4.8	12292.0	POINT(-61 -8)	-8	-61	-846.0	-86.0
121560	2015-02-23 11:57:00	2015-02-23 12:02:00	2015-02-23 12:06:00	B5.2	12292.0	POINT(-61 -6)	-6	-61	-843.0	-59.0
121570	2015-02-24 09:54:00	2015-02-24 10:57:00	2015-02-24 11:53:00	C1.4		POINT(-87 -21)	-21	-87	-948.0	-374.0
121580	2015-02-24 22:19:00	2015-02-24 22:23:00	2015-02-24 22:27:00	B7.1		POINT(-65 1)	1	-65	-882.0	79.0
121590	2015-02-26 17:47:00	2015-02-26 17:57:00	2015-02-26 18:05:00	B4.1	12293.0	POINT(-47 5)	5	-47	-710.0	180.0
121600	2015-02-26 22:30:00	2015-02-26 22:37:00	2015-02-26 22:45:00	B4.2	12293.0	POINT(-44 5)	5	-44	-673.0	173.0
121610	2015-02-27 09:02:00	2015-02-27 09:54:00	2015-02-27 10:03:00	B9.6	12294.0	POINT(6 14)	14	6	98.0	234.0
121620	2015-02-27 23:05:00	2015-02-27 23:09:00	2015-02-27 23:12:00	C1.0	12291.0	POINT(52 20)	20	52	723.0	399.0
121630	2015-02-28 05:21:00	2015-02-28 05:28:00	2015-02-28 05:40:00	C2.5	12294.0	POINT(15 -13)	-13	15	244.0	-217.0
121640	2015-02-28 07:33:00	2015-02-28 07:47:00	2015-02-28 07:55:00	C1.1	12294.0	POINT(18 -14)	-14	18	290.0	-234.0
121650	2015-02-28 08:04:00	2015-02-28 08:08:00	2015-02-28 08:11:00	C1.0	12290.0	POINT(-73 21)	21	-73	-864.0	347.0
121660	2015-02-28 08:58:00	2015-02-28 09:39:00	2015-02-28 10:07:00	C5.6	12294.0	POINT(17 -13)	-13	17	276.0	-88.0
121670	2015-02-28 13:35:00	2015-02-28 13:40:00	2015-02-28 13:46:00	C2.2	12290.0	POINT(61 19)	19	61	807.0	371.0
121680	2015-02-28 21:12:00	2015-02-28 21:42:00	2015-02-28 22:01:00	B9.7	12293.0	POINT(26 -13)	-13	26	419.0	-125.0
121690	2015-02-28 22:32:00	2015-02-28 22:37:00	2015-02-28 22:44:00	C1.4	12290.0	POINT(66 20)	20	66	831.0	386.0
121700	2015-02-28 23:00:00	2015-02-28 23:05:00	2015-02-28 23:10:00	C1.5	12290.0	POINT(68 20)	20	68	845.0	376.0
121710	2015-03-01 01:58:00	2015-03-01 01:59:00	2015-03-01 02:11:00	C1.0	12290.0	POINT(66 19)	19	66	848.0	384.0
121720	2015-03-01 05:04:00	2015-03-01 05:13:00	2015-03-01 05:21:00	C3.7	12290.0	POINT(66 20)	20	66	836.0	380.0
121730	2015-03-01 08:55:00	2015-03-01 09:56:00	2015-03-01 10:21:00	B7.4	12290.0	POINT(71 21)	21	71	855.0	390.0
121740	2015-03-01 15:33:00	2015-03-01 16:13:00	2015-03-01 16:31:00	C6.8	12290.0	POINT(74 20)	20	74	894.0	374.0
121750	2015-03-02 01:40:00	2015-03-02 01:47:00	2015-03-02 01:57:00	C1.1	12290.0	POINT(82 20)	20	82	900.0	366.0
121760	2015-03-02 02:34:00	2015-03-02 03:01:00	2015-03-02 03:07:00	C2.3	12290.0	POINT(82 22)	22	82	888.0	377.0
121770	2015-03-02 03:40:00	2015-03-02 03:43:00	2015-03-02 03:45:00	C1.3	12290.0	POINT(87 20)	20	87	916.0	338.0
121780	2015-03-02 05:13:00	2015-03-02 05:18:00	2015-03-02 05:26:00	C2.5	12290.0	POINT(86 20)	20	86	924.0	353.0
121790	2015-03-02 05:50:00	2015-03-02 05:55:00	2015-03-02 06:04:00	C2.9		POINT(-88 -11)	-11	-88	-960.0	-189.0
121800	2015-03-02 06:31:00	2015-03-02 06:39:00	2015-03-02 06:44:00	M1.0	12290.0	POINT(84 19)	19	84	894.0	372.0
121810	2015-03-02 07:04:00	2015-03-02 07:10:00	2015-03-02 07:20:00	C3.2	12290.0	POINT(-14 -82)	-82	-14	-32.0	-958.0
121820	2015-03-02 07:43:00	2015-03-02 07:48:00	2015-03-02 07:54:00	C5.2	12290.0	POINT(87 19)	19	87	926.0	325.0
121830	2015-03-02 08:37:00	2015-03-02 08:41:00	2015-03-02 08:49:00	C3.2		POINT(-88 -11)	-11	-88	-956.0	-193.0
121840	2015-03-02 09:12:00	2015-03-02 09:16:00	2015-03-02 09:18:00	C3.1	12290.0	POINT(85 20)	20	85	916.0	347.0
121850	2015-03-02 09:37:00	2015-03-02 09:48:00	2015-03-02 09:58:00	M1.1	12290.0	POINT(86 20)	20	86	911.0	352.0
121860	2015-03-02 10:24:00	2015-03-02 10:34:00	2015-03-02 10:58:00	C5.5	12290.0	POINT(86 21)	21	86	919.0	369.0
121870	2015-03-02 12:59:00	2015-03-02 13:07:00	2015-03-02 13:13:00	C3.4	12290.0	POINT(86 20)	20	86	910.0	353.0
121880	2015-03-02 14:07:00	2015-03-02 14:13:00	2015-03-02 14:21:00	C2.1	12290.0	POINT(87 18)	18	87	928.0	317.0
121890	2015-03-02 15:10:00	2015-03-02 15:28:00	2015-03-02 15:37:00	M3.7	12290.0	POINT(86 21)	21	86	909.0	366.0
121900	2015-03-02 17:23:00	2015-03-02 17:37:00	2015-03-02 17:51:00	C3.9	12290.0	POINT(87 20)	20	87	917.0	338.0
121910	2015-03-02 19:21:00	2015-03-02 19:31:00	2015-03-02 19:36:00	M4.1	12290.0	POINT(87 19)	19	87	915.0	335.0
121920	2015-03-02 22:59:00	2015-03-02 23:16:00	2015-03-02 23:31:00	C6.0		POINT(87 19)	19	87	922.0	336.0
121930	2015-03-03 00:17:00	2015-03-03 00:27:00	2015-03-03 00:34:00	C3.5	12290.0	POINT(87 19)	19	87	918.0	335.0
121940	2015-03-03 01:25:00	2015-03-03 01:35:00	2015-03-03 01:42:00	M8.2	12290.0	POINT(87 21)	21	87	912.0	352.0
121950	2015-03-03 06:08:00	2015-03-03 06:08:00	2015-03-03 06:10:00	C1.9	12292.0	POINT(46 -10)	-10	46	685.0	-168.0
121960	2015-03-03 07:44:00	2015-03-03 07:50:00	2015-03-03 07:55:00	C1.3	12292.0	POINT(48 -9)	-9	48	714.0	-83.0
121970	2015-03-03 08:49:00	2015-03-03 08:55:00	2015-03-03 09:07:00	C1.1	12290.0	POINT(87 19)	19	87	922.0	326.0
121980	2015-03-03 13:21:00	2015-03-03 13:37:00	2015-03-03 13:59:00	C4.0	12290.0	POINT(87 16)	16	87	929.0	266.0
121990	2015-03-04 06:25:00	2015-03-04 06:31:00	2015-03-04 06:45:00	C1.0	12292.0	POINT(63 -11)	-11	63	860.0	-85.0
122000	2015-03-04 09:51:00	2015-03-04 10:33:00	2015-03-04 11:00:00	C2.8	12292.0	POINT(67 -11)	-11	67	879.0	-98.0
122010	2015-03-04 13:35:00	2015-03-04 13:37:00	2015-03-04 13:47:00	C1.1	12293.0	POINT(33 5)	5	33	525.0	84.0
122020	2015-03-04 17:08:00	2015-03-04 17:13:00	2015-03-04 17:19:00	B9.5		POINT(69 -8)	-8	69	897.0	-98.0
122030	2015-03-05 04:13:00	2015-03-05 04:19:00	2015-03-05 04:26:00	C1.3	12297.0	POINT(-49 -12)	-12	-49	-723.0	-125.0
122040	2015-03-05 08:46:00	2015-03-05 09:47:00	2015-03-05 10:02:00	C3.5	12297.0	POINT(-87 -19)	-19	-87	-923.0	-332.0
122050	2015-03-05 17:06:00	2015-03-05 18:11:00	2015-03-05 18:26:00	M1.2	12297.0	POINT(-88 -14)	-14	-88	-953.0	-249.0
122060	2015-03-05 19:35:00	2015-03-05 19:55:00	2015-03-05 20:04:00	C4.0	12293.0	POINT(-87 -18)	-18	-87	-933.0	-306.0
122070	2015-03-05 22:45:00	2015-03-05 22:59:00	2015-03-05 23:06:00	C1.9	12297.0	POINT(-87 -18)	-18	-87	-935.0	-313.0
122080	2015-03-06 04:14:00	2015-03-06 04:57:00	2015-03-06 05:27:00	M3.0	12297.0	POINT(-87 -20)	-20	-87	-943.0	-362.0
122090	2015-03-06 06:55:00	2015-03-06 08:15:00	2015-03-06 08:28:00	M1.5	12297.0	POINT(-87 -20)	-20	-87	-984.0	-374.0
122100	2015-03-06 15:04:00	2015-03-06 15:08:00	2015-03-06 15:13:00	C2.5	12297.0	POINT(-87 -18)	-18	-87	-926.0	-303.0
122110	2015-03-06 15:48:00	2015-03-06 15:51:00	2015-03-06 15:57:00	C2.6	12297.0	POINT(-87 -18)	-18	-87	-924.0	-302.0
122120	2015-03-06 16:00:00	2015-03-06 16:06:00	2015-03-06 16:22:00	C2.7	12297.0	POINT(-88 -17)	-17	-88	-934.0	-294.0
122130	2015-03-06 21:06:00	2015-03-06 21:11:00	2015-03-06 21:16:00	C2.2	12297.0	POINT(-87 -18)	-18	-87	-918.0	-303.0
122140	2015-03-06 21:28:00	2015-03-06 21:32:00	2015-03-06 21:35:00	C1.7	12297.0	POINT(-89 -14)	-14	-89	-934.0	-245.0
122150	2015-03-06 23:36:00	2015-03-06 23:41:00	2015-03-06 23:46:00	C2.2	12297.0	POINT(-82 -18)	-18	-82	-916.0	-303.0
122160	2015-03-07 03:58:00	2015-03-07 04:02:00	2015-03-07 04:06:00	C1.0	12297.0	POINT(-86 -18)	-18	-86	-914.0	-299.0
122170	2015-03-07 06:32:00	2015-03-07 06:36:00	2015-03-07 06:40:00	C1.7	12297.0	POINT(-80 -18)	-18	-80	-905.0	-298.0
122180	2015-03-07 09:35:00	2015-03-07 09:39:00	2015-03-07 09:41:00	C1.2	12297.0	POINT(-71 -13)	-13	-71	-891.0	-178.0
122190	2015-03-07 09:59:00	2015-03-07 10:30:00	2015-03-07 11:14:00	C1.8	12297.0	POINT(-83 -19)	-19	-83	-907.0	-305.0
122200	2015-03-07 21:45:00	2015-03-07 22:22:00	2015-03-07 22:58:00	M9.2	12297.0	POINT(-74 -19)	-19	-74	-880.0	-286.0
122210	2015-03-08 09:03:00	2015-03-08 09:24:00	2015-03-08 10:12:00	C2.5	12297.0	POINT(-57 -18)	-18	-57	-800.0	-159.0
122220	2015-03-08 14:38:00	2015-03-08 14:45:00	2015-03-08 14:47:00	C1.1	12297.0	POINT(-59 -14)	-14	-59	-820.0	-174.0
122230	2015-03-09 00:03:00	2015-03-09 00:06:00	2015-03-09 00:09:00	C1.1	12297.0	POINT(-57 -15)	-15	-57	-786.0	-197.0
122240	2015-03-09 00:12:00	2015-03-09 00:15:00	2015-03-09 00:17:00	C3.0	12297.0	POINT(-56 -16)	-16	-56	-773.0	-206.0
122250	2015-03-09 00:55:00	2015-03-09 01:14:00	2015-03-09 01:31:00	C1.8	12297.0	POINT(-58 -16)	-16	-58	-777.0	-200.0
122260	2015-03-09 02:35:00	2015-03-09 02:53:00	2015-03-09 03:09:00	C1.5	12297.0	POINT(-57 -16)	-16	-57	-767.0	-195.0
122270	2015-03-09 04:16:00	2015-03-09 04:20:00	2015-03-09 04:24:00	C1.3		POINT(-52 -15)	-15	-52	-740.0	-191.0
122280	2015-03-09 04:17:00	2015-03-09 04:21:00	2015-03-09 04:41:00	C2.7		POINT(-53 -17)	-17	-53	-738.0	-282.0
122290	2015-03-09 05:43:00	2015-03-09 06:02:00	2015-03-09 06:27:00	C2.9	12297.0	POINT(-48 -15)	-15	-48	-693.0	-250.0
122300	2015-03-09 10:02:00	2015-03-09 10:08:00	2015-03-09 10:16:00	C4.0	12297.0	POINT(-50 -14)	-14	-50	-718.0	-233.0
122310	2015-03-09 11:13:00	2015-03-09 11:17:00	2015-03-09 11:21:00	C1.1	12297.0	POINT(-51 -14)	-14	-51	-721.0	-191.0
122320	2015-03-09 12:13:00	2015-03-09 12:37:00	2015-03-09 12:47:00	B7.9	12297.0	POINT(-50 -14)	-14	-50	-718.0	-233.0
122330	2015-03-09 14:18:00	2015-03-09 14:34:00	2015-03-09 14:55:00	M4.5	12297.0	POINT(-49 -15)	-15	-49	-699.0	-190.0
122340	2015-03-09 17:36:00	2015-03-09 17:42:00	2015-03-09 17:52:00	C9.1	12297.0	POINT(-46 -13)	-13	-46	-665.0	-175.0
122350	2015-03-09 18:15:00	2015-03-09 18:19:00	2015-03-09 18:21:00	B8.2		POINT(-46 -16)	-16	-46	-673.0	-189.0
122360	2015-03-09 18:48:00	2015-03-09 19:01:00	2015-03-09 19:05:00	B7.3	12297.0	POINT(-44 -17)	-17	-44	-628.0	-215.0
122370	2015-03-09 22:05:00	2015-03-09 22:11:00	2015-03-09 22:15:00	C1.3		POINT(-41 -17)	-17	-41	-610.0	-208.0
122380	2015-03-09 22:19:00	2015-03-09 22:25:00	2015-03-09 22:37:00	C1.2		POINT(-37 -16)	-16	-37	-561.0	-174.0
122390	2015-03-09 23:00:00	2015-03-09 23:11:00	2015-03-09 23:14:00	C1.6	12297.0	POINT(-43 -16)	-16	-43	-642.0	-185.0
122400	2015-03-09 23:29:00	2015-03-09 23:53:00	2015-03-10 00:12:00	M5.8	12297.0	POINT(-45 -18)	-18	-45	-664.0	-233.0
122410	2015-03-10 03:19:00	2015-03-10 03:24:00	2015-03-10 03:28:00	M5.1	12297.0	POINT(-40 -15)	-15	-40	-600.0	-250.0
122420	2015-03-10 04:08:00	2015-03-10 04:13:00	2015-03-10 04:19:00	C1.3	12297.0	POINT(-41 -16)	-16	-41	-599.0	-186.0
122430	2015-03-10 04:21:00	2015-03-10 04:25:00	2015-03-10 04:28:00	C4.5	12297.0	POINT(-42 -16)	-16	-42	-616.0	-185.0
122440	2015-03-10 06:28:00	2015-03-10 06:37:00	2015-03-10 06:42:00	C1.4	12297.0	POINT(-40 -16)	-16	-40	-597.0	-266.0
122450	2015-03-10 06:47:00	2015-03-10 06:50:00	2015-03-10 06:53:00	C1.4	12297.0	POINT(-39 -16)	-16	-39	-584.0	-266.0
122460	2015-03-10 07:18:00	2015-03-10 07:27:00	2015-03-10 07:29:00	C2.7	12297.0	POINT(-37 -15)	-15	-37	-561.0	-250.0
122470	2015-03-10 08:48:00	2015-03-10 08:51:00	2015-03-10 08:58:00	C1.5	12297.0	POINT(-37 -15)	-15	-37	-579.0	-185.0
122480	2015-03-10 11:51:00	2015-03-10 11:55:00	2015-03-10 11:58:00	B8.0	12297.0	POINT(-35 -15)	-15	-35	-544.0	-181.0
122490	2015-03-10 12:41:00	2015-03-10 12:45:00	2015-03-10 12:51:00	B7.9	12297.0	POINT(-34 -17)	-17	-34	-516.0	-282.0
122500	2015-03-10 13:05:00	2015-03-10 13:10:00	2015-03-10 13:14:00	C1.0	12297.0	POINT(-36 -16)	-16	-36	-557.0	-178.0
122510	2015-03-10 13:44:00	2015-03-10 13:51:00	2015-03-10 13:56:00	B9.7	12297.0	POINT(-35 -15)	-15	-35	-544.0	-165.0
122520	2015-03-10 14:55:00	2015-03-10 15:24:00	2015-03-10 15:27:00	C1.2	12297.0	POINT(-33 -18)	-18	-33	-500.0	-298.0
122530	2015-03-10 17:15:00	2015-03-10 17:18:00	2015-03-10 17:21:00	C1.1	12297.0	POINT(-32 -15)	-15	-32	-495.0	-152.0
122540	2015-03-10 19:14:00	2015-03-10 19:18:00	2015-03-10 19:21:00	B9.4	12297.0	POINT(-30 -15)	-15	-30	-479.0	-150.0
122550	2015-03-10 20:38:00	2015-03-10 20:56:00	2015-03-10 21:11:00	C4.7	12297.0	POINT(-31 -17)	-17	-31	-470.0	-155.0
122560	2015-03-10 22:14:00	2015-03-10 22:19:00	2015-03-10 22:22:00	C1.3	12297.0	POINT(-29 -20)	-20	-29	-430.0	-186.0
122570	2015-03-10 23:00:00	2015-03-10 23:12:00	2015-03-10 23:18:00	C2.3	12297.0	POINT(-28 -16)	-16	-28	-446.0	-159.0
122580	2015-03-10 23:19:00	2015-03-10 23:27:00	2015-03-10 23:32:00	C3.3	12297.0	POINT(-31 -17)	-17	-31	-475.0	-168.0
122590	2015-03-10 23:46:00	2015-03-11 00:02:00	2015-03-11 00:06:00	M2.9	12297.0	POINT(-28 -16)	-16	-28	-439.0	-157.0
122600	2015-03-11 01:16:00	2015-03-11 01:19:00	2015-03-11 01:23:00	C1.1	12297.0	POINT(-28 -15)	-15	-28	-440.0	-149.0
122610	2015-03-11 02:12:00	2015-03-11 02:19:00	2015-03-11 02:25:00	C2.8	12297.0	POINT(-29 -17)	-17	-29	-446.0	-175.0
122620	2015-03-11 04:47:00	2015-03-11 05:03:00	2015-03-11 05:11:00	C4.5	12297.0	POINT(-26 -16)	-16	-26	-399.0	-148.0
122630	2015-03-11 05:11:00	2015-03-11 05:15:00	2015-03-11 05:18:00	C4.0		POINT(-26 -15)	-15	-26	-418.0	-152.0
122640	2015-03-11 05:45:00	2015-03-11 06:07:00	2015-03-11 06:19:00	C1.3	12297.0	POINT(-25 -16)	-16	-25	-388.0	-147.0
122650	2015-03-11 06:05:00	2015-03-11 06:09:00	2015-03-11 06:14:00	C2.7	12297.0	POINT(-24 -15)	-15	-24	-391.0	-147.0
122660	2015-03-11 06:45:00	2015-03-11 06:48:00	2015-03-11 06:51:00	C1.0	12297.0	POINT(-25 -20)	-20	-25	-383.0	-330.0
122670	2015-03-11 07:10:00	2015-03-11 07:18:00	2015-03-11 07:43:00	M1.8	12297.0	POINT(-26 -16)	-16	-26	-407.0	-266.0
122680	2015-03-11 07:51:00	2015-03-11 07:57:00	2015-03-11 08:03:00	M2.6	12297.0	POINT(-23 -15)	-15	-23	-372.0	-147.0
122690	2015-03-11 09:17:00	2015-03-11 09:23:00	2015-03-11 09:46:00	C1.8		POINT(-25 -15)	-15	-25	-383.0	-145.0
122700	2015-03-11 11:21:00	2015-03-11 11:34:00	2015-03-11 12:01:00	C5.8	12297.0	POINT(-25 -15)	-15	-25	-387.0	-173.0
122710	2015-03-11 13:05:00	2015-03-11 13:16:00	2015-03-11 13:23:00	C2.3	12297.0	POINT(-24 -16)	-16	-24	-393.0	-178.0
122720	2015-03-11 14:30:00	2015-03-11 14:38:00	2015-03-11 14:46:00	C2.0		POINT(-21 -17)	-17	-21	-338.0	-177.0
122730	2015-03-11 15:15:00	2015-03-11 15:26:00	2015-03-11 15:38:00	C1.7	12297.0	POINT(-21 -15)	-15	-21	-339.0	-139.0
122740	2015-03-11 16:11:00	2015-03-11 16:22:00	2015-03-11 16:29:00	X2.1	12297.0	POINT(-22 -17)	-17	-22	-350.0	-174.0
122750	2015-03-11 18:37:00	2015-03-11 18:51:00	2015-03-11 18:57:00	M1.0	12297.0	POINT(-18 -16)	-16	-18	-295.0	-140.0
122760	2015-03-11 22:08:00	2015-03-11 22:19:00	2015-03-11 22:37:00	C7.8	12297.0	POINT(-16 -15)	-15	-16	-260.0	-136.0
122770	2015-03-11 23:32:00	2015-03-11 23:45:00	2015-03-11 23:55:00	C6.7	12297.0	POINT(-17 -17)	-17	-17	-273.0	-170.0
122780	2015-03-12 02:10:00	2015-03-12 02:18:00	2015-03-12 02:25:00	C7.1	12299.0	POINT(-76 -7)	-7	-76	-930.0	-88.0
122790	2015-03-12 03:18:00	2015-03-12 03:23:00	2015-03-12 03:39:00	C5.7	12297.0	POINT(-13 -15)	-15	-13	-215.0	-146.0
122800	2015-03-12 04:41:00	2015-03-12 04:46:00	2015-03-12 04:50:00	M3.2	12297.0	POINT(-11 -15)	-15	-11	-191.0	-136.0
122810	2015-03-12 07:26:00	2015-03-12 07:33:00	2015-03-12 07:41:00	C2.7	12297.0	POINT(-11 -16)	-16	-11	-192.0	-167.0
122820	2015-03-12 08:09:00	2015-03-12 08:15:00	2015-03-12 08:25:00	C4.3	12297.0	POINT(-12 -16)	-16	-12	-195.0	-167.0
122830	2015-03-12 08:59:00	2015-03-12 09:14:00	2015-03-12 09:46:00	C8.4	12297.0	POINT(-13 -16)	-16	-13	-213.0	-164.0
122840	2015-03-12 11:38:00	2015-03-12 11:50:00	2015-03-12 12:02:00	M1.6	12297.0	POINT(-11 -17)	-17	-11	-188.0	-171.0
122850	2015-03-12 12:09:00	2015-03-12 12:14:00	2015-03-12 12:18:00	M1.4	12297.0	POINT(-5 -18)	-18	-5	-81.0	-196.0
122860	2015-03-12 13:45:00	2015-03-12 14:04:00	2015-03-12 14:33:00	M4.2	12297.0	POINT(-6 -15)	-15	-6	-97.0	-249.0
122870	2015-03-12 17:59:00	2015-03-12 18:03:00	2015-03-12 18:13:00	B9.0	12297.0	POINT(-6 -16)	-16	-6	-108.0	-163.0
122880	2015-03-12 19:48:00	2015-03-12 19:51:00	2015-03-12 19:53:00	C1.6	12299.0	POINT(-64 -6)	-6	-64	-870.0	-53.0
122890	2015-03-12 20:24:00	2015-03-12 20:34:00	2015-03-12 20:48:00	C4.8	12297.0	POINT(-5 -17)	-17	-5	-92.0	-169.0
122900	2015-03-12 21:44:00	2015-03-12 21:51:00	2015-03-12 21:56:00	M2.7	12297.0	POINT(-1 -15)	-15	-1	-16.0	-249.0
122910	2015-03-12 22:33:00	2015-03-12 22:38:00	2015-03-12 22:44:00	C3.6	12297.0	POINT(-5 -17)	-17	-5	-81.0	-167.0
122920	2015-03-12 22:54:00	2015-03-12 22:58:00	2015-03-12 23:02:00	C3.4	12297.0	POINT(-1 -15)	-15	-1	-16.0	-249.0
122930	2015-03-12 23:24:00	2015-03-12 23:31:00	2015-03-12 23:39:00	C1.9	12297.0	POINT(-5 -17)	-17	-5	-89.0	-168.0
122940	2015-03-13 01:02:00	2015-03-13 01:07:00	2015-03-13 01:13:00	C2.0	12297.0	POINT(-5 -17)	-17	-5	-82.0	-171.0
122950	2015-03-13 03:47:00	2015-03-13 04:01:00	2015-03-13 04:16:00	M1.2	12297.0	POINT(-3 -17)	-17	-3	-63.0	-174.0
122960	2015-03-13 05:49:00	2015-03-13 06:07:00	2015-03-13 06:12:00	M1.8	12297.0	POINT(2 -14)	-14	2	45.0	-126.0
122970	2015-03-13 07:32:00	2015-03-13 07:37:00	2015-03-13 07:40:00	C6.9	12297.0	POINT(1 -16)	-16	1	72.0	-132.0
122980	2015-03-13 10:50:00	2015-03-13 10:54:00	2015-03-13 10:59:00	C1.6	12297.0	POINT(5 -15)	-15	5	85.0	-138.0
122990	2015-03-13 11:07:00	2015-03-13 11:23:00	2015-03-13 11:47:00	C1.9	12297.0	POINT(5 -14)	-14	5	84.0	-116.0
123000	2015-03-13 20:36:00	2015-03-13 20:46:00	2015-03-13 20:55:00	C6.2	12297.0	POINT(10 -15)	-15	10	166.0	-142.0
123010	2015-03-13 22:07:00	2015-03-13 22:19:00	2015-03-13 22:31:00	C2.0	12297.0	POINT(12 -19)	-19	12	201.0	-203.0
123020	2015-03-14 01:44:00	2015-03-14 01:53:00	2015-03-14 02:06:00	C2.3	12297.0	POINT(14 -14)	-14	14	232.0	-126.0
123030	2015-03-14 04:04:00	2015-03-14 04:10:00	2015-03-14 04:17:00	C1.3	12297.0	POINT(13 -15)	-15	13	222.0	-144.0
123040	2015-03-14 04:23:00	2015-03-14 04:40:00	2015-03-14 04:54:00	M1.3	12297.0	POINT(12 -14)	-14	12	224.0	-140.0
123050	2015-03-14 06:03:00	2015-03-14 06:08:00	2015-03-14 06:13:00	C1.4	12297.0	POINT(14 -17)	-17	14	236.0	-160.0
123060	2015-03-14 07:56:00	2015-03-14 08:02:00	2015-03-14 08:06:00	C1.3	12297.0	POINT(15 -17)	-17	15	248.0	-162.0
123070	2015-03-14 08:11:00	2015-03-14 08:24:00	2015-03-14 08:35:00	C2.1	12297.0	POINT(13 -16)	-16	13	219.0	-165.0
123080	2015-03-14 11:44:00	2015-03-14 11:55:00	2015-03-14 12:24:00	C2.6	12297.0	POINT(20 -21)	-21	20	320.0	-206.0
123090	2015-03-14 13:21:00	2015-03-14 13:26:00	2015-03-14 13:30:00	C1.7	12297.0	POINT(19 -16)	-16	19	296.0	-150.0
123100	2015-03-14 15:17:00	2015-03-14 15:21:00	2015-03-14 15:26:00	B7.3	12297.0	POINT(14 -20)	-20	14	230.0	-210.0
123110	2015-03-14 16:25:00	2015-03-14 16:29:00	2015-03-14 16:32:00	B5.7	12297.0	POINT(15 -20)	-20	15	239.0	-219.0
123120	2015-03-14 18:35:00	2015-03-14 18:45:00	2015-03-14 21:26:00	C5.3	12297.0	POINT(17 -23)	-23	17	358.0	-162.0
123130	2015-03-14 19:12:00	2015-03-14 19:16:00	2015-03-14 19:21:00	C1.4	12297.0	POINT(21 -15)	-15	21	347.0	-147.0
123140	2015-03-14 20:41:00	2015-03-14 20:48:00	2015-03-14 20:56:00	C1.6	12297.0	POINT(23 -16)	-16	23	369.0	-161.0
123150	2015-03-14 22:15:00	2015-03-14 22:19:00	2015-03-14 22:22:00	C1.1	12297.0	POINT(24 -16)	-16	24	386.0	-163.0
123160	2015-03-14 23:07:00	2015-03-14 23:14:00	2015-03-14 23:24:00	C1.9	12297.0	POINT(25 -16)	-16	25	381.0	-144.0
123170	2015-03-15 00:35:00	2015-03-15 00:38:00	2015-03-15 00:49:00	C2.4	12297.0	POINT(26 -16)	-16	26	427.0	-185.0
123180	2015-03-15 01:15:00	2015-03-15 02:13:00	2015-03-15 03:20:00	C9.1	12297.0	POINT(25 -22)	-22	25	446.0	-272.0
123190	2015-03-15 09:20:00	2015-03-15 09:30:00	2015-03-15 09:35:00	B9.3	12297.0	POINT(24 -19)	-19	24	378.0	-219.0
123200	2015-03-15 09:36:00	2015-03-15 09:40:00	2015-03-15 09:46:00	M1.0	12297.0	POINT(24 -20)	-20	24	385.0	-202.0
123210	2015-03-15 10:17:00	2015-03-15 10:23:00	2015-03-15 10:27:00	C1.3	12297.0	POINT(25 -19)	-19	25	398.0	-195.0
123220	2015-03-15 11:31:00	2015-03-15 12:03:00	2015-03-15 12:20:00	C6.8	12297.0	POINT(25 -21)	-21	25	402.0	-222.0
123230	2015-03-15 13:03:00	2015-03-15 13:06:00	2015-03-15 13:09:00	C2.4	12297.0	POINT(32 -18)	-18	32	489.0	-197.0
123240	2015-03-15 14:01:00	2015-03-15 14:06:00	2015-03-15 14:09:00	C1.2	12297.0	POINT(33 -17)	-17	33	509.0	-170.0
123250	2015-03-15 21:44:00	2015-03-15 21:49:00	2015-03-15 21:53:00	C1.0	12297.0	POINT(39 -17)	-17	39	593.0	-195.0
123260	2015-03-15 22:42:00	2015-03-15 23:22:00	2015-03-15 23:38:00	M1.2	12297.0	POINT(32 -19)	-19	32	489.0	-218.0
123270	2015-03-16 04:17:00	2015-03-16 04:21:00	2015-03-16 04:24:00	B8.0	12297.0	POINT(34 -20)	-20	34	519.0	-240.0
123280	2015-03-16 07:21:00	2015-03-16 07:25:00	2015-03-16 07:31:00	B6.4	12297.0	POINT(37 -22)	-22	37	555.0	-254.0
123290	2015-03-16 08:18:00	2015-03-16 08:23:00	2015-03-16 08:28:00	B8.7	12297.0	POINT(37 -17)	-17	37	562.0	-210.0
123300	2015-03-16 08:33:00	2015-03-16 09:52:00	2015-03-16 09:59:00	C1.8	12297.0	POINT(37 -16)	-16	37	572.0	-207.0
123310	2015-03-16 09:38:00	2015-03-16 09:52:00	2015-03-16 09:59:00	C1.9	12297.0	POINT(38 -18)	-18	38	572.0	-207.0
123320	2015-03-16 10:16:00	2015-03-16 10:20:00	2015-03-16 10:24:00	B9.6	12297.0	POINT(43 -16)	-16	43	638.0	-182.0
123330	2015-03-16 10:39:00	2015-03-16 10:57:00	2015-03-16 11:51:00	M1.6	12297.0	POINT(39 -17)	-17	39	578.0	-198.0
123340	2015-03-16 12:55:00	2015-03-16 12:59:00	2015-03-16 13:01:00	C1.1	12297.0	POINT(45 -16)	-16	45	659.0	-194.0
123350	2015-03-16 13:49:00	2015-03-16 13:54:00	2015-03-16 13:59:00	C2.8	12297.0	POINT(41 -16)	-16	41	600.0	-198.0
123360	2015-03-16 17:55:00	2015-03-16 17:59:00	2015-03-16 18:01:00	B8.7	12297.0	POINT(42 -17)	-17	42	627.0	-200.0
123370	2015-03-16 18:42:00	2015-03-16 18:45:00	2015-03-16 18:47:00	B6.2	12297.0	POINT(42 -17)	-17	42	627.0	-199.0
123380	2015-03-16 20:12:00	2015-03-16 20:15:00	2015-03-16 20:20:00	C5.5	12297.0	POINT(43 -17)	-17	43	631.0	-199.0
123390	2015-03-16 20:38:00	2015-03-16 20:49:00	2015-03-16 21:00:00	C8.1	12297.0	POINT(48 -22)	-22	48	675.0	-284.0
123400	2015-03-17 01:45:00	2015-03-17 01:52:00	2015-03-17 01:54:00	C1.9	12297.0	POINT(48 -19)	-19	48	677.0	-213.0
123410	2015-03-17 21:14:00	2015-03-17 21:19:00	2015-03-17 21:25:00	C1.1		POINT(57 -20)	-20	57	760.0	-275.0
123420	2015-03-17 22:49:00	2015-03-17 23:34:00	2015-03-17 23:48:00	M1.0	12297.0	POINT(56 -21)	-21	56	846.0	-215.0
123430	2015-03-18 02:13:00	2015-03-18 02:20:00	2015-03-18 02:45:00	C1.7	12297.0	POINT(60 -20)	-20	60	792.0	-269.0
123440	2015-03-18 03:40:00	2015-03-18 03:59:00	2015-03-18 04:19:00	C6.1	12297.0	POINT(60 -20)	-20	60	817.0	-229.0
123450	2015-03-18 06:41:00	2015-03-18 06:58:00	2015-03-18 07:20:00	C3.9	12302.0	POINT(59 10)	10	59	821.0	240.0
123460	2015-03-18 07:34:00	2015-03-18 07:36:00	2015-03-18 07:41:00	C9.3	12302.0	POINT(59 10)	10	59	822.0	238.0
123470	2015-03-18 08:32:00	2015-03-18 09:51:00	2015-03-18 10:00:00	C2.8	12302.0	POINT(61 8)	8	61	837.0	233.0
123480	2015-03-18 10:16:00	2015-03-18 10:31:00	2015-03-18 10:51:00	C5.5	12302.0	POINT(61 8)	8	61	836.0	240.0
123490	2015-03-18 11:15:00	2015-03-18 11:20:00	2015-03-18 11:25:00	C1.1	12302.0	POINT(61 10)	10	61	830.0	234.0
123500	2015-03-18 12:21:00	2015-03-18 12:27:00	2015-03-18 12:30:00	C1.0	12297.0	POINT(67 -21)	-21	67	831.0	-299.0
123510	2015-03-18 12:47:00	2015-03-18 13:14:00	2015-03-18 13:25:00	C3.8	12302.0	POINT(66 9)	9	66	851.0	241.0
123520	2015-03-18 13:53:00	2015-03-18 13:57:00	2015-03-18 14:03:00	B7.4	12297.0	POINT(66 -19)	-19	66	833.0	-272.0
123530	2015-03-18 14:19:00	2015-03-18 14:24:00	2015-03-18 14:27:00	C1.3	12297.0	POINT(66 -19)	-19	66	834.0	-282.0
123540	2015-03-18 14:27:00	2015-03-18 14:32:00	2015-03-18 14:36:00	C1.4	12302.0	POINT(64 10)	10	64	858.0	224.0
123550	2015-03-18 16:05:00	2015-03-18 16:10:00	2015-03-18 16:15:00	C3.5	12302.0	POINT(67 -19)	-19	67	842.0	-269.0
123560	2015-03-18 16:18:00	2015-03-18 16:31:00	2015-03-18 16:42:00	C7.6	12297.0	POINT(68 -18)	-18	68	854.0	-261.0
123570	2015-03-18 17:56:00	2015-03-18 18:00:00	2015-03-18 18:02:00	C2.3	12302.0	POINT(67 10)	10	67	877.0	220.0
123580	2015-03-18 18:31:00	2015-03-18 18:36:00	2015-03-18 18:40:00	C2.2	12297.0	POINT(71 -16)	-16	71	876.0	-235.0
123590	2015-03-18 20:59:00	2015-03-18 21:02:00	2015-03-18 21:04:00	C1.3	12302.0	POINT(65 10)	10	65	867.0	219.0
123600	2015-03-18 22:30:00	2015-03-18 22:36:00	2015-03-18 22:41:00	C2.0	12302.0	POINT(68 11)	11	68	878.0	226.0
123610	2015-03-18 22:55:00	2015-03-18 23:01:00	2015-03-18 23:05:00	C3.4	12302.0	POINT(66 10)	10	66	887.0	211.0
123620	2015-03-19 00:44:00	2015-03-19 01:30:00	2015-03-19 01:48:00	B9.5	12302.0	POINT(63 10)	10	63	891.0	222.0
123630	2015-03-19 01:20:00	2015-03-19 01:31:00	2015-03-19 01:34:00	C2.2	12302.0	POINT(69 10)	10	69	889.0	222.0
123640	2015-03-19 12:33:00	2015-03-19 13:02:00	2015-03-19 13:14:00	C1.2	12297.0	POINT(79 11)	11	79	927.0	214.0
123650	2015-03-19 23:49:00	2015-03-19 23:52:00	2015-03-19 23:55:00	B5.6		POINT(77 10)	10	77	926.0	195.0
123660	2015-03-20 00:57:00	2015-03-20 01:33:00	2015-03-20 02:11:00	C7.9	12297.0	POINT(84 -19)	-19	84	905.0	-308.0
123670	2015-03-20 21:59:00	2015-03-20 22:06:00	2015-03-20 22:17:00	B7.9		POINT(81 -15)	-15	81	915.0	-243.0
123680	2015-03-21 00:00:00	2015-03-21 00:04:00	2015-03-21 00:07:00	B6.8		POINT(-41 21)	21	-41	-593.0	438.0
123690	2015-03-21 00:13:00	2015-03-21 00:18:00	2015-03-21 00:23:00	C1.4	12297.0	POINT(84 -21)	-21	84	890.0	-343.0
123700	2015-03-21 07:35:00	2015-03-21 08:09:00	2015-03-21 09:25:00	C1.7		POINT(-19 19)	19	-19	-311.0	426.0
123710	2015-03-22 21:33:00	2015-03-22 21:39:00	2015-03-22 21:46:00	C1.1		POINT(-72 6)	6	-72	-912.0	143.0
123720	2015-03-22 22:12:00	2015-03-22 22:18:00	2015-03-22 22:24:00	C1.3		POINT(-72 6)	6	-72	-911.0	141.0
123730	2015-03-23 07:20:00	2015-03-23 07:24:00	2015-03-23 07:28:00	B8.8		POINT(-88 -25)	-25	-88	-866.0	-412.0
123740	2015-03-23 08:49:00	2015-03-23 09:11:00	2015-03-23 09:20:00	C3.6		POINT(-86 -25)	-25	-86	-866.0	-408.0
123750	2015-03-23 17:12:00	2015-03-23 17:17:00	2015-03-23 17:22:00	C1.1		POINT(-87 -25)	-25	-87	-869.0	-402.0
123760	2015-03-23 17:43:00	2015-03-23 17:47:00	2015-03-23 17:56:00	B8.6	12305.0	POINT(-50 -9)	-9	-50	-739.0	-69.0
123770	2015-03-23 20:02:00	2015-03-23 20:06:00	2015-03-23 20:11:00	C1.4		POINT(-83 -25)	-25	-83	-861.0	-403.0
123780	2015-03-23 23:02:00	2015-03-23 23:13:00	2015-03-23 23:15:00	B9.1		POINT(-84 -25)	-25	-84	-867.0	-395.0
123790	2015-03-24 01:55:00	2015-03-24 01:58:00	2015-03-24 02:06:00	B9.4	12312.0	POINT(-67 8)	8	-67	-876.0	189.0
123800	2015-03-24 05:48:00	2015-03-24 05:54:00	2015-03-24 06:01:00	C1.5		POINT(-79 -25)	-25	-79	-854.0	-391.0
123810	2015-03-24 16:21:00	2015-03-24 16:24:00	2015-03-24 16:26:00	C1.0		POINT(-76 -27)	-27	-76	-828.0	-421.0
123820	2015-03-25 01:34:00	2015-03-25 01:44:00	2015-03-25 01:53:00	C2.6	12305.0	POINT(-24 -8)	-8	-24	-359.0	-36.0
123830	2015-03-25 03:20:00	2015-03-25 03:24:00	2015-03-25 03:28:00	C1.3	12305.0	POINT(31 20)	20	31	467.0	431.0
123840	2015-03-25 04:36:00	2015-03-25 04:46:00	2015-03-25 05:11:00	C8.7	12305.0	POINT(-31 -10)	-10	-31	-489.0	-47.0
123850	2015-03-25 07:20:00	2015-03-25 07:27:00	2015-03-25 07:30:00	C1.8	12305.0	POINT(-27 -11)	-11	-27	-426.0	-68.0
123860	2015-03-25 08:23:00	2015-03-25 08:29:00	2015-03-25 08:32:00	C3.2	12305.0	POINT(-50 9)	9	-50	-729.0	239.0
123870	2015-03-25 13:38:00	2015-03-25 14:04:00	2015-03-25 14:23:00	C1.0	12305.0	POINT(-26 -9)	-9	-26	-422.0	-54.0
123880	2015-03-25 16:30:00	2015-03-25 16:45:00	2015-03-25 17:01:00	C3.3	12305.0	POINT(-24 -8)	-8	-24	-394.0	-45.0
123890	2015-03-25 18:13:00	2015-03-25 18:18:00	2015-03-25 18:20:00	C1.1	12305.0	POINT(-19 -9)	-9	-19	-317.0	-51.0
123900	2015-03-26 00:06:00	2015-03-26 00:21:00	2015-03-26 00:38:00	C2.8	12305.0	POINT(-21 -8)	-8	-21	-353.0	-43.0
123910	2015-03-26 04:37:00	2015-03-26 04:45:00	2015-03-26 04:56:00	B9.0	12305.0	POINT(-21 -7)	-7	-21	-300.0	-35.0
123920	2015-03-26 08:08:00	2015-03-26 08:11:00	2015-03-26 08:13:00	B7.0	12305.0	POINT(-11 -10)	-10	-11	-186.0	-71.0
123930	2015-03-26 09:26:00	2015-03-26 09:35:00	2015-03-26 09:43:00	B7.0		POINT(-84 -23)	-23	-84	-879.0	-368.0
123940	2015-03-26 10:52:00	2015-03-26 11:00:00	2015-03-26 11:08:00	B6.5	12312.0	POINT(-30 5)	5	-30	-491.0	183.0
123950	2015-03-26 11:30:00	2015-03-26 11:38:00	2015-03-26 11:46:00	B6.0	12312.0	POINT(-32 5)	5	-32	-510.0	191.0
123960	2015-03-26 11:57:00	2015-03-26 12:05:00	2015-03-26 12:13:00	B7.7	12312.0	POINT(-33 9)	9	-33	-524.0	249.0
123970	2015-03-26 14:19:00	2015-03-26 14:32:00	2015-03-26 14:34:00	B8.5	12305.0	POINT(-7 -10)	-10	-7	-129.0	-59.0
123980	2015-03-26 15:18:00	2015-03-26 15:21:00	2015-03-26 15:23:00	C1.1	12305.0	POINT(-6 -8)	-8	-6	-112.0	-26.0
123990	2015-03-26 16:05:00	2015-03-26 16:13:00	2015-03-26 16:22:00	B9.3	12303.0	POINT(51 23)	23	51	693.0	445.0
124000	2015-03-26 19:05:00	2015-03-26 19:21:00	2015-03-26 19:34:00	C1.4	12305.0	POINT(-10 -8)	-8	-10	-186.0	-27.0
124010	2015-03-26 23:37:00	2015-03-26 23:51:00	2015-03-27 00:04:00	C1.2	12305.0	POINT(-6 -8)	-8	-6	-114.0	-27.0
124020	2015-03-27 06:30:00	2015-03-27 06:36:00	2015-03-27 06:41:00	C1.0	12303.0	POINT(51 19)	19	51	711.0	382.0
124030	2015-03-27 12:37:00	2015-03-27 12:43:00	2015-03-27 12:46:00	C1.6	12309.0	POINT(76 14)	14	76	904.0	266.0
124040	2015-03-27 14:30:00	2015-03-27 14:35:00	2015-03-27 14:37:00	C1.1	12309.0	POINT(82 15)	15	82	908.0	258.0
124050	2015-03-27 15:06:00	2015-03-27 15:09:00	2015-03-27 15:12:00	C1.8	12309.0	POINT(81 15)	15	81	903.0	264.0
124060	2015-03-27 16:32:00	2015-03-27 16:36:00	2015-03-27 16:38:00	C1.3	12309.0	POINT(82 16)	16	82	911.0	267.0
124070	2015-03-28 04:48:00	2015-03-28 05:26:00	2015-03-28 05:48:00	C2.2	12305.0	POINT(10 -9)	-9	10	173.0	-41.0
124080	2015-03-28 06:45:00	2015-03-28 06:55:00	2015-03-28 07:04:00	C1.5	12310.0	POINT(11 -7)	-7	11	198.0	-18.0
124090	2015-03-28 07:57:00	2015-03-28 08:12:00	2015-03-28 08:29:00	C2.0	12305.0	POINT(12 -7)	-7	12	198.0	-23.0
124100	2015-03-28 10:27:00	2015-03-28 10:43:00	2015-03-28 10:49:00	C1.0	12312.0	POINT(69 19)	19	69	848.0	354.0
124110	2015-03-28 11:27:00	2015-03-28 11:34:00	2015-03-28 11:44:00	C1.1	12303.0	POINT(67 15)	15	67	846.0	353.0
124120	2015-03-28 12:25:00	2015-03-28 12:29:00	2015-03-28 12:29:00	C2.0	12310.0	POINT(6 4)	4	6	80.0	183.0
124130	2015-03-28 13:18:00	2015-03-28 14:26:00	2015-03-28 14:57:00	C1.2	12303.0	POINT(68 17)	17	68	858.0	330.0
124140	2015-03-28 15:06:00	2015-03-28 15:11:00	2015-03-28 15:20:00	C1.3	12312.0	POINT(-6 10)	10	-6	-85.0	282.0
124150	2015-03-28 16:01:00	2015-03-28 16:05:00	2015-03-28 16:22:00	C2.4	12312.0	POINT(69 15)	15	69	861.0	329.0
124160	2015-03-28 20:13:00	2015-03-28 20:43:00	2015-03-28 20:46:00	C1.8	12303.0	POINT(71 18)	18	71	928.0	193.0
124170	2015-03-29 06:48:00	2015-03-29 06:53:00	2015-03-29 07:04:00	C3.0	12303.0	POINT(77 15)	15	77	898.0	312.0
124180	2015-03-29 10:37:00	2015-03-29 10:42:00	2015-03-29 10:44:00	C2.3	12303.0	POINT(79 16)	16	79	905.0	293.0
124190	2015-03-29 11:28:00	2015-03-29 11:32:00	2015-03-29 11:36:00	C1.5	12315.0	POINT(79 17)	17	79	905.0	297.0
124200	2015-03-29 13:18:00	2015-03-29 13:23:00	2015-03-29 13:31:00	C2.7	12303.0	POINT(84 15)	15	84	902.0	301.0
124210	2015-03-29 13:50:00	2015-03-29 13:50:00	2015-03-29 14:28:00	C1.8	12303.0	POINT(85 18)	18	85	915.0	299.0
124220	2015-03-29 15:20:00	2015-03-29 15:24:00	2015-03-29 15:30:00	C3.2	12303.0	POINT(84 15)	15	84	901.0	302.0
124230	2015-03-29 17:39:00	2015-03-29 17:43:00	2015-03-29 17:46:00	C1.4	12303.0	POINT(79 19)	19	79	887.0	345.0
124240	2015-03-29 18:45:00	2015-03-29 19:42:00	2015-03-29 20:21:00	C1.6	12305.0	POINT(34 -13)	-13	34	533.0	-129.0
124250	2015-03-30 01:38:00	2015-03-30 01:52:00	2015-03-30 02:14:00	C4.7	12303.0	POINT(78 15)	15	78	906.0	281.0
124260	2015-03-30 12:46:00	2015-03-30 12:55:00	2015-03-30 13:02:00	C2.4	12303.0	POINT(78 17)	17	78	898.0	303.0
124270	2015-03-30 15:34:00	2015-03-30 15:47:00	2015-03-30 16:03:00	C1.5	12305.0	POINT(25 7)	7	25	419.0	219.0
124280	2015-03-30 20:21:00	2015-03-30 20:27:00	2015-03-30 20:33:00	C1.6	12303.0	POINT(77 16)	16	77	899.0	296.0
124290	2015-03-30 21:38:00	2015-03-30 22:05:00	2015-03-30 22:16:00	C4.1	12303.0	POINT(48 -7)	-7	48	715.0	-56.0
124300	2015-03-31 04:31:00	2015-03-31 05:58:00	2015-03-31 10:29:00	B7.5		POINT(67 -13)	-13	67	864.0	-176.0
124310	2015-03-31 08:30:00	2015-03-31 09:56:00	2015-03-31 12:20:00	B6.8		POINT(12 -26)	-26	12	191.0	-336.0
124320	2015-04-02 04:19:00	2015-04-02 05:34:00	2015-04-02 06:26:00	C1.3		POINT(60 8)	8	60	823.0	202.0
124330	2015-04-02 13:42:00	2015-04-02 13:47:00	2015-04-02 13:53:00	B8.3	12315.0	POINT(76 -22)	-22	76	873.0	-303.0
124340	2015-04-02 21:57:00	2015-04-02 22:02:00	2015-04-02 22:07:00	C1.0		POINT(82 -9)	-9	82	937.0	-148.0
124350	2015-04-03 06:51:00	2015-04-03 07:26:00	2015-04-03 07:58:00	C1.7		POINT(-81 -1)	-1	-81	-950.0	-8.0
124360	2015-04-03 20:10:00	2015-04-03 20:35:00	2015-04-03 21:01:00	B8.9		POINT(74 22)	22	74	855.0	386.0
124370	2015-04-04 00:17:00	2015-04-04 00:22:00	2015-04-04 00:25:00	B6.1	12318.0	POINT(77 22)	22	77	866.0	382.0
124380	2015-04-04 00:30:00	2015-04-04 00:33:00	2015-04-04 00:35:00	B9.8	12318.0	POINT(-71 7)	7	-71	-900.0	165.0
124390	2015-04-04 11:38:00	2015-04-04 11:54:00	2015-04-04 12:10:00	C1.0	12318.0	POINT(-66 9)	9	-66	-870.0	206.0
124400	2015-04-04 16:10:00	2015-04-04 16:13:00	2015-04-04 16:15:00	B8.5	12320.0	POINT(-48 -14)	-14	-48	-694.0	-173.0
124410	2015-04-04 16:29:00	2015-04-04 16:49:00	2015-04-04 17:09:00	B8.6	12320.0	POINT(71 -25)	-25	71	822.0	-372.0
124420	2015-04-04 19:20:00	2015-04-04 20:14:00	2015-04-04 21:11:00	C1.0	12320.0	POINT(-49 -19)	-19	-49	-690.0	-248.0
124430	2015-04-04 22:16:00	2015-04-05 00:07:00	2015-04-05 01:45:00	C3.8		POINT(-21 -30)	-30	-21	-299.0	-406.0
124440	2015-04-05 03:08:00	2015-04-05 03:36:00	2015-04-05 03:57:00	C1.9		POINT(-10 -27)	-27	-10	-152.0	-341.0
124450	2015-04-05 18:26:00	2015-04-05 18:34:00	2015-04-05 18:42:00	B7.5	12320.0	POINT(71 7)	7	71	901.0	158.0
124460	2015-04-05 20:39:00	2015-04-05 21:03:00	2015-04-05 21:29:00	C3.0	12320.0	POINT(-34 -11)	-11	-34	-533.0	-106.0
124470	2015-04-06 05:46:00	2015-04-06 05:50:00	2015-04-06 05:52:00	C1.2	12318.0	POINT(-48 5)	5	-48	-720.0	157.0
124480	2015-04-06 13:05:00	2015-04-06 13:08:00	2015-04-06 13:10:00	B8.0		POINT(81 23)	23	81	867.0	396.0
124490	2015-04-06 18:35:00	2015-04-06 19:06:00	2015-04-06 19:14:00	C3.0	12320.0	POINT(-14 -14)	-14	-14	-351.0	-145.0
124500	2015-04-07 02:26:00	2015-04-07 02:34:00	2015-04-07 02:55:00	B8.6		POINT(-30 8)	8	-30	-482.0	230.0
124510	2015-04-07 03:32:00	2015-04-07 03:37:00	2015-04-07 03:43:00	B8.2	12318.0	POINT(-29 6)	6	-29	-465.0	240.0
124520	2015-04-07 14:39:00	2015-04-07 14:42:00	2015-04-07 14:48:00	B6.6	12320.0	POINT(-10 -14)	-14	-10	-161.0	-133.0
124530	2015-04-07 21:27:00	2015-04-07 21:31:00	2015-04-07 21:35:00	C1.1	12320.0	POINT(0 -13)	-13	0	11.0	-121.0
124540	2015-04-08 00:02:00	2015-04-08 00:07:00	2015-04-08 00:09:00	C1.0	12320.0	POINT(1 -14)	-14	1	29.0	-123.0
124550	2015-04-08 14:37:00	2015-04-08 14:43:00	2015-04-08 14:47:00	M1.4	12320.0	POINT(4 -14)	-14	4	66.0	-131.0
124560	2015-04-09 00:32:00	2015-04-09 00:42:00	2015-04-09 00:49:00	B5.7	12320.0	POINT(10 -14)	-14	10	164.0	-139.0
124570	2015-04-09 04:51:00	2015-04-09 04:54:00	2015-04-09 04:56:00	B3.8	12320.0	POINT(9 -15)	-15	9	149.0	-152.0
124580	2015-04-09 06:02:00	2015-04-09 06:07:00	2015-04-09 06:09:00	B9.0	12320.0	POINT(10 -15)	-15	10	168.0	-146.0
124590	2015-04-09 06:25:00	2015-04-09 06:35:00	2015-04-09 06:43:00	C5.4	12320.0	POINT(13 -14)	-14	13	218.0	-133.0
124600	2015-04-09 07:24:00	2015-04-09 07:27:00	2015-04-09 07:29:00	C1.6	12320.0	POINT(11 -14)	-14	11	177.0	-146.0
124610	2015-04-09 08:35:00	2015-04-09 08:39:00	2015-04-09 08:41:00	B4.8	12320.0	POINT(12 -15)	-15	12	192.0	-248.0
124620	2015-04-09 09:31:00	2015-04-09 09:34:00	2015-04-09 09:37:00	B4.7	12320.0	POINT(12 -15)	-15	12	215.0	-153.0
124630	2015-04-09 10:57:00	2015-04-09 11:02:00	2015-04-09 11:05:00	B7.1		POINT(-2 -22)	-22	-2	-37.0	-260.0
124640	2015-04-09 12:56:00	2015-04-09 13:01:00	2015-04-09 13:16:00	B5.1	12320.0	POINT(16 -14)	-14	16	262.0	-140.0
124650	2015-04-09 14:33:00	2015-04-09 14:44:00	2015-04-09 14:53:00	B6.7	12320.0	POINT(17 -14)	-14	17	291.0	-137.0
124660	2015-04-09 17:13:00	2015-04-09 17:29:00	2015-04-09 17:38:00	C5.9	12320.0	POINT(21 -15)	-15	21	345.0	-134.0
124670	2015-04-09 18:51:00	2015-04-09 19:01:00	2015-04-09 19:05:00	C6.2	12320.0	POINT(21 -15)	-15	21	346.0	-142.0
124680	2015-04-09 20:15:00	2015-04-09 20:19:00	2015-04-09 20:22:00	B6.9	12320.0	POINT(19 -15)	-15	19	315.0	-156.0
124690	2015-04-09 23:36:00	2015-04-09 23:45:00	2015-04-09 23:51:00	C3.3	12320.0	POINT(21 -15)	-15	21	331.0	-155.0
124700	2015-04-10 04:05:00	2015-04-10 04:23:00	2015-04-10 04:26:00	B8.3	12320.0	POINT(27 -14)	-14	27	433.0	-143.0
124710	2015-04-10 07:57:00	2015-04-10 08:03:00	2015-04-10 08:06:00	C7.9	12320.0	POINT(30 -14)	-14	30	456.0	-145.0
124720	2015-04-10 08:11:00	2015-04-10 08:15:00	2015-04-10 08:18:00	C2.9	12320.0	POINT(30 -12)	-12	30	477.0	-127.0
124730	2015-04-10 09:33:00	2015-04-10 09:52:00	2015-04-10 10:00:00	C2.8	12320.0	POINT(29 -15)	-15	29	466.0	-136.0
124740	2015-04-10 19:19:00	2015-04-10 19:27:00	2015-04-10 19:36:00	C2.7	12320.0	POINT(34 -14)	-14	34	540.0	-142.0
124750	2015-04-11 02:29:00	2015-04-11 02:41:00	2015-04-11 02:55:00	C4.7	12321.0	POINT(-81 13)	13	-81	-920.0	236.0
124760	2015-04-11 09:41:00	2015-04-11 09:44:00	2015-04-11 09:46:00	B8.7	12322.0	POINT(-46 16)	16	-46	-662.0	263.0
124770	2015-04-11 15:46:00	2015-04-11 15:50:00	2015-04-11 15:54:00	B9.4	12321.0	POINT(-71 13)	13	-71	-887.0	252.0
124780	2015-04-11 16:18:00	2015-04-11 16:26:00	2015-04-11 16:37:00	C1.4	12321.0	POINT(-74 13)	13	-74	-898.0	245.0
124790	2015-04-11 17:12:00	2015-04-11 17:41:00	2015-04-11 17:54:00	C2.1	12321.0	POINT(-77 13)	13	-77	-909.0	237.0
124800	2015-04-11 20:14:00	2015-04-11 21:00:00	2015-04-11 21:50:00	C1.8	12321.0	POINT(-80 10)	10	-80	-926.0	195.0
124810	2015-04-12 00:24:00	2015-04-12 00:29:00	2015-04-12 00:32:00	C3.9	12320.0	POINT(53 -13)	-13	53	750.0	-174.0
124820	2015-04-12 01:13:00	2015-04-12 01:21:00	2015-04-12 01:27:00	C2.9	12321.0	POINT(-81 11)	11	-81	-926.0	206.0
124830	2015-04-12 08:11:00	2015-04-12 08:15:00	2015-04-12 08:19:00	C2.9	12321.0	POINT(-64 14)	14	-64	-866.0	252.0
124840	2015-04-12 08:51:00	2015-04-12 09:50:00	2015-04-12 10:44:00	M1.1	12321.0	POINT(-62 13)	13	-62	-920.0	201.0
124850	2015-04-12 14:39:00	2015-04-12 14:45:00	2015-04-12 14:50:00	C1.7	12321.0	POINT(-60 14)	14	-60	-839.0	268.0
124860	2015-04-12 15:11:00	2015-04-12 15:15:00	2015-04-12 15:20:00	C1.3	12321.0	POINT(-58 12)	12	-58	-794.0	199.0
124870	2015-04-12 16:31:00	2015-04-12 17:18:00	2015-04-12 17:29:00	C2.2	12320.0	POINT(65 -12)	-12	65	849.0	-168.0
124880	2015-04-12 17:58:00	2015-04-12 18:07:00	2015-04-12 18:10:00	C9.0	12321.0	POINT(-60 12)	12	-60	-812.0	253.0
124890	2015-04-12 19:34:00	2015-04-12 19:38:00	2015-04-12 19:42:00	C2.3	12321.0	POINT(-33 14)	14	-33	-508.0	311.0
124900	2015-04-12 21:20:00	2015-04-12 21:27:00	2015-04-12 21:40:00	C2.0	12120.0	POINT(49 -14)	-14	49	708.0	-180.0
124910	2015-04-12 22:16:00	2015-04-12 22:26:00	2015-04-12 22:34:00	C2.9	12323.0	POINT(44 -17)	-17	44	636.0	-218.0
124920	2015-04-12 23:18:00	2015-04-12 23:35:00	2015-04-12 23:59:00	C6.4	12320.0	POINT(30 -14)	-14	30	464.0	-231.0
124930	2015-04-13 02:39:00	2015-04-13 02:43:00	2015-04-13 02:47:00	C2.1	12321.0	POINT(-57 12)	12	-57	-768.0	279.0
124940	2015-04-13 03:57:00	2015-04-13 04:00:00	2015-04-13 04:05:00	C4.3		POINT(73 14)	14	73	888.0	231.0
124950	2015-04-13 06:33:00	2015-04-13 06:37:00	2015-04-13 06:39:00	C1.6	12322.0	POINT(-24 12)	12	-24	-397.0	300.0
124960	2015-04-13 07:26:00	2015-04-13 07:30:00	2015-04-13 07:33:00	C1.2		POINT(70 -13)	-13	70	875.0	-195.0
124970	2015-04-13 08:21:00	2015-04-13 08:26:00	2015-04-13 08:28:00	C4.7	12322.0	POINT(-26 15)	15	-26	-404.0	297.0
124980	2015-04-13 10:06:00	2015-04-13 10:11:00	2015-04-13 10:14:00	C1.9	12320.0	POINT(73 -16)	-16	73	882.0	-201.0
124990	2015-04-13 11:28:00	2015-04-13 11:35:00	2015-04-13 11:39:00	C2.3	12320.0	POINT(74 -16)	-16	74	890.0	-204.0
125000	2015-04-13 13:14:00	2015-04-13 13:18:00	2015-04-13 13:21:00	C1.4	12320.0	POINT(74 -16)	-16	74	895.0	-207.0
125010	2015-04-13 23:09:00	2015-04-13 23:23:00	2015-04-13 23:26:00	C2.9	12320.0	POINT(81 -13)	-13	81	918.0	-214.0
125020	2015-04-15 11:35:00	2015-04-15 11:42:00	2015-04-15 11:53:00	C1.5	12321.0	POINT(-22 14)	14	-22	-372.0	293.0
125030	2015-04-15 20:13:00	2015-04-15 20:21:00	2015-04-15 21:35:00	C7.8	12321.0	POINT(-15 10)	10	-15	-275.0	269.0
125040	2015-04-16 05:25:00	2015-04-16 06:05:00	2015-04-16 06:19:00	C2.0	12321.0	POINT(-20 10)	10	-20	-368.0	261.0
125050	2015-04-16 09:00:00	2015-04-16 09:07:00	2015-04-16 09:14:00	C5.7	12324.0	POINT(-48 25)	25	-48	-657.0	401.0
125060	2015-04-16 11:17:00	2015-04-16 11:22:00	2015-04-16 11:30:00	C2.3	12321.0	POINT(-8 10)	10	-8	-145.0	269.0
125070	2015-04-16 12:23:00	2015-04-16 14:00:00	2015-04-16 14:12:00	C2.0	12321.0	POINT(-5 12)	12	-5	-114.0	266.0
125080	2015-04-16 16:16:00	2015-04-16 16:18:00	2015-04-16 16:39:00	C1.8	12321.0	POINT(-2 12)	12	-2	-76.0	252.0
125090	2015-04-16 18:04:00	2015-04-16 18:11:00	2015-04-16 18:24:00	C1.4	12324.0	POINT(-52 4)	4	-52	-759.0	137.0
125100	2015-04-16 19:07:00	2015-04-16 19:18:00	2015-04-16 19:34:00	C3.3	12325.0	POINT(-51 5)	5	-51	-741.0	142.0
125110	2015-04-17 01:09:00	2015-04-17 01:37:00	2015-04-17 01:44:00	C2.6	12325.0	POINT(-47 5)	5	-47	-701.0	149.0
125120	2015-04-17 04:46:00	2015-04-17 04:57:00	2015-04-17 05:02:00	C1.1	12324.0	POINT(-36 21)	21	-36	-525.0	420.0
125130	2015-04-17 05:23:00	2015-04-17 05:28:00	2015-04-17 05:32:00	C1.5	12324.0	POINT(-36 21)	21	-36	-527.0	414.0
125140	2015-04-17 09:27:00	2015-04-17 09:32:00	2015-04-17 09:39:00	C1.1	12325.0	POINT(-43 8)	8	-43	-641.0	157.0
125150	2015-04-17 12:31:00	2015-04-17 12:37:00	2015-04-17 12:44:00	C1.0	12325.0	POINT(-41 8)	8	-41	-620.0	153.0
125160	2015-04-17 17:56:00	2015-04-17 18:02:00	2015-04-17 18:07:00	C1.2	12324.0	POINT(-27 18)	18	-27	-419.0	387.0
125170	2015-04-18 13:26:00	2015-04-18 13:37:00	2015-04-18 13:46:00	C2.3	12325.0	POINT(-26 1)	1	-26	-452.0	120.0
125180	2015-04-18 14:03:00	2015-04-18 14:08:00	2015-04-18 15:20:00	C5.2	12321.0	POINT(15 10)	10	15	260.0	216.0
125190	2015-04-18 18:09:00	2015-04-18 18:25:00	2015-04-18 18:38:00	C2.9	12321.0	POINT(22 11)	11	22	390.0	255.0
125200	2015-04-18 21:40:00	2015-04-18 21:44:00	2015-04-18 21:49:00	B8.2	12324.0	POINT(-17 18)	18	-17	-187.0	369.0
125210	2015-04-19 00:52:00	2015-04-19 00:57:00	2015-04-19 01:03:00	C1.5	12324.0	POINT(-9 17)	17	-9	-153.0	376.0
125220	2015-04-19 03:20:00	2015-04-19 03:30:00	2015-04-19 03:39:00	C1.4	12321.0	POINT(27 13)	13	27	432.0	296.0
125230	2015-04-19 05:51:00	2015-04-19 06:04:00	2015-04-19 06:15:00	B9.3	12324.0	POINT(-8 19)	19	-8	-138.0	401.0
125240	2015-04-19 06:40:00	2015-04-19 07:19:00	2015-04-19 07:45:00	C2.2		POINT(-12 7)	7	-12	-202.0	207.0
125250	2015-04-20 00:33:00	2015-04-20 00:52:00	2015-04-20 01:05:00	C1.0		POINT(58 11)	11	58	797.0	230.0
125260	2015-04-20 19:51:00	2015-04-20 19:54:00	2015-04-20 19:58:00	C1.2		POINT(78 13)	13	78	909.0	240.0
125270	2015-04-20 20:40:00	2015-04-20 21:16:00	2015-04-20 22:15:00	C2.4	12321.0	POINT(44 9)	9	44	661.0	221.0
125280	2015-04-21 03:49:00	2015-04-21 03:54:00	2015-04-21 04:07:00	C1.2	12322.0	POINT(80 12)	12	80	918.0	225.0
125290	2015-04-21 05:36:00	2015-04-21 05:42:00	2015-04-21 05:52:00	C1.1	12324.0	POINT(24 21)	21	24	347.0	435.0
125300	2015-04-21 07:08:00	2015-04-21 07:21:00	2015-04-21 07:27:00	M1.0	12322.0	POINT(80 9)	9	80	924.0	195.0
125310	2015-04-21 09:55:00	2015-04-21 10:02:00	2015-04-21 10:14:00	C2.4	12322.0	POINT(84 9)	9	84	926.0	187.0
125320	2015-04-21 10:17:00	2015-04-21 10:40:00	2015-04-21 10:59:00	M2.2		POINT(-80 16)	16	-80	-902.0	288.0
125330	2015-04-21 11:41:00	2015-04-21 11:54:00	2015-04-21 12:26:00	M2.2	12322.0	POINT(84 10)	10	84	924.0	190.0
125340	2015-04-21 15:24:00	2015-04-21 15:45:00	2015-04-21 15:51:00	M4.0	12322.0	POINT(84 10)	10	84	926.0	182.0
125350	2015-04-21 16:55:00	2015-04-21 17:00:00	2015-04-21 17:09:00	M2.1	12322.0	POINT(80 10)	10	80	925.0	194.0
125360	2015-04-21 20:48:00	2015-04-21 20:56:00	2015-04-21 21:44:00	C5.0	12325.0	POINT(18 3)	3	18	309.0	122.0
125370	2015-04-21 21:39:00	2015-04-21 21:45:00	2015-04-21 21:55:00	M1.8	12322.0	POINT(80 10)	10	80	925.0	193.0
125380	2015-04-21 21:58:00	2015-04-21 22:01:00	2015-04-21 22:04:00	M1.2	12325.0	POINT(80 9)	9	80	928.0	170.0
125390	2015-04-22 01:11:00	2015-04-22 01:15:00	2015-04-22 01:19:00	C2.3	12325.0	POINT(27 5)	5	27	435.0	164.0
125400	2015-04-22 01:38:00	2015-04-22 01:44:00	2015-04-22 01:50:00	C3.7	12324.0	POINT(32 23)	23	32	486.0	438.0
125410	2015-04-22 02:00:00	2015-04-22 02:07:00	2015-04-22 02:15:00	C4.6	12325.0	POINT(27 5)	5	27	443.0	158.0
125420	2015-04-22 03:00:00	2015-04-22 03:05:00	2015-04-22 03:12:00	C2.8	12333.0	POINT(25 6)	6	25	405.0	185.0
125430	2015-04-22 03:14:00	2015-04-22 03:25:00	2015-04-22 03:34:00	C4.1	12322.0	POINT(35 22)	22	35	507.0	357.0
125440	2015-04-22 06:01:00	2015-04-22 06:11:00	2015-04-22 06:17:00	C2.3		POINT(21 -12)	-12	21	347.0	-132.0
125450	2015-04-22 07:04:00	2015-04-22 07:11:00	2015-04-22 07:18:00	C2.3	12327.0	POINT(-17 -10)	-10	-17	-266.0	-72.0
125460	2015-04-22 07:59:00	2015-04-22 08:06:00	2015-04-22 08:21:00	C3.8	12322.0	POINT(37 21)	21	37	548.0	417.0
125470	2015-04-22 08:30:00	2015-04-22 08:44:00	2015-04-22 08:58:00	M1.1	12322.0	POINT(-5 -9)	-9	-5	-82.0	-149.0
125480	2015-04-22 12:11:00	2015-04-22 12:15:00	2015-04-22 12:20:00	C1.4		POINT(37 21)	21	37	546.0	410.0
125490	2015-04-23 01:14:00	2015-04-23 01:18:00	2015-04-23 01:20:00	C1.7	12321.0	POINT(69 19)	19	69	842.0	344.0
125500	2015-04-23 02:05:00	2015-04-23 02:09:00	2015-04-23 02:20:00	C2.2	12326.0	POINT(67 19)	19	67	833.0	343.0
125510	2015-04-23 03:25:00	2015-04-23 03:29:00	2015-04-23 03:31:00	C1.5	12326.0	POINT(68 19)	19	68	838.0	347.0
125520	2015-04-23 05:06:00	2015-04-23 05:18:00	2015-04-23 05:23:00	C1.6	12324.0	POINT(46 20)	20	46	653.0	395.0
125530	2015-04-23 06:27:00	2015-04-23 06:32:00	2015-04-23 06:37:00	C1.5	12326.0	POINT(67 19)	19	67	851.0	347.0
125540	2015-04-23 07:31:00	2015-04-23 07:43:00	2015-04-23 07:52:00	C1.4	12326.0	POINT(67 19)	19	67	863.0	348.0
125550	2015-04-23 09:18:00	2015-04-23 10:07:00	2015-04-23 10:10:00	M1.1	12322.0	POINT(80 7)	7	80	932.0	144.0
125560	2015-04-23 11:58:00	2015-04-23 12:03:00	2015-04-23 12:08:00	C7.3	12326.0	POINT(74 19)	19	74	863.0	345.0
125570	2015-04-23 14:56:00	2015-04-23 15:20:00	2015-04-23 15:29:00	C3.1	12325.0	POINT(39 -2)	-2	39	591.0	45.0
125580	2015-04-23 17:42:00	2015-04-23 17:46:00	2015-04-23 17:48:00	C2.6	12326.0	POINT(76 19)	19	76	875.0	338.0
125590	2015-04-23 19:56:00	2015-04-23 19:59:00	2015-04-23 20:05:00	C3.0	12333.0	POINT(19 -10)	-10	19	317.0	-93.0
125600	2015-04-24 01:35:00	2015-04-24 01:38:00	2015-04-24 01:44:00	C1.2	12326.0	POINT(85 19)	19	85	896.0	333.0
125610	2015-04-24 02:39:00	2015-04-24 02:51:00	2015-04-24 03:01:00	C1.4	12326.0	POINT(85 19)	19	85	889.0	315.0
125620	2015-04-24 05:01:00	2015-04-24 05:28:00	2015-04-24 05:41:00	C1.4		POINT(79 18)	18	79	888.0	321.0
125630	2015-04-24 08:39:00	2015-04-24 08:43:00	2015-04-24 08:47:00	C2.1	12326.0	POINT(61 23)	23	61	771.0	407.0
125640	2015-04-24 18:02:00	2015-04-24 18:11:00	2015-04-24 18:35:00	C1.0	12331.0	POINT(29 -10)	-10	29	470.0	-96.0
125650	2015-04-24 19:05:00	2015-04-24 19:27:00	2015-04-24 19:40:00	C1.7	12324.0	POINT(68 20)	20	68	827.0	374.0
125660	2015-04-24 20:04:00	2015-04-24 20:23:00	2015-04-24 20:37:00	C1.6		POINT(-27 8)	8	-27	-441.0	210.0
125670	2015-04-24 21:25:00	2015-04-24 21:45:00	2015-04-24 22:05:00	C1.5		POINT(-22 10)	10	-22	-362.0	242.0
125680	2015-04-24 22:52:00	2015-04-24 22:59:00	2015-04-24 23:04:00	C1.3	12331.0	POINT(32 -9)	-9	32	509.0	-98.0
125690	2015-04-24 23:28:00	2015-04-24 23:31:00	2015-04-24 23:38:00	C1.2	12326.0	POINT(34 -10)	-10	34	533.0	-105.0
125700	2015-04-25 12:32:00	2015-04-25 12:35:00	2015-04-25 12:37:00	B8.4	12324.0	POINT(72 2)	2	72	911.0	69.0
125710	2015-04-25 18:03:00	2015-04-25 18:49:00	2015-04-25 19:30:00	C1.9		POINT(-28 22)	22	-28	-418.0	422.0
125720	2015-04-26 11:44:00	2015-04-26 11:49:00	2015-04-26 11:53:00	C1.0	12331.0	POINT(53 -10)	-10	53	750.0	-97.0
125730	2015-04-26 13:10:00	2015-04-26 13:14:00	2015-04-26 13:21:00	B6.5	12327.0	POINT(53 -9)	-9	53	761.0	-111.0
125740	2015-04-26 13:47:00	2015-04-26 14:12:00	2015-04-26 14:21:00	B8.5	12331.0	POINT(54 -8)	-8	54	768.0	-95.0
125750	2015-04-26 17:46:00	2015-04-26 17:51:00	2015-04-26 17:56:00	B6.6	12327.0	POINT(47 -12)	-12	47	681.0	-159.0
125760	2015-04-26 20:51:00	2015-04-26 20:57:00	2015-04-26 21:03:00	C1.4	12331.0	POINT(48 -12)	-12	48	699.0	-161.0
125770	2015-04-28 05:13:00	2015-04-28 05:19:00	2015-04-28 05:22:00	C1.9	12331.0	POINT(77 -9)	-9	77	901.0	-83.0
125780	2015-04-29 16:20:00	2015-04-29 16:34:00	2015-04-29 16:52:00	C1.0	12327.0	POINT(42 9)	9	42	630.0	214.0
125790	2015-04-29 20:22:00	2015-04-29 20:28:00	2015-04-29 20:32:00	B7.0		POINT(-82 -14)	-14	-82	-912.0	-234.0
125800	2015-04-30 19:56:00	2015-04-30 21:08:00	2015-04-30 21:40:00	C1.1	12335.0	POINT(-82 -14)	-14	-82	-913.0	-232.0
125810	2015-05-01 02:48:00	2015-05-01 02:57:00	2015-05-01 03:07:00	C2.3	12335.0	POINT(-82 -15)	-15	-82	-912.0	-240.0
125820	2015-05-01 21:42:00	2015-05-01 21:45:00	2015-05-01 21:53:00	B3.3		POINT(-68 -15)	-15	-68	-853.0	-231.0
125830	2015-05-01 22:54:00	2015-05-01 22:57:00	2015-05-01 23:00:00	B3.9	12335.0	POINT(-67 -16)	-16	-67	-846.0	-246.0
125840	2015-05-02 01:04:00	2015-05-02 01:07:00	2015-05-02 01:10:00	B5.7		POINT(-65 -16)	-16	-65	-833.0	-251.0
125850	2015-05-02 01:53:00	2015-05-02 01:53:00	2015-05-02 02:10:00	B7.2	12335.0	POINT(-65 -16)	-16	-65	-854.0	-251.0
125860	2015-05-02 07:29:00	2015-05-02 07:34:00	2015-05-02 07:40:00	B6.4	12335.0	POINT(-66 -16)	-16	-66	-834.0	-248.0
125870	2015-05-02 16:36:00	2015-05-02 16:49:00	2015-05-02 17:00:00	B5.6	12335.0	POINT(-57 -16)	-16	-57	-773.0	-233.0
125880	2015-05-02 22:00:00	2015-05-02 22:09:00	2015-05-02 22:42:00	B8.8	12335.0	POINT(-54 -16)	-16	-54	-779.0	-247.0
125890	2015-05-03 00:53:00	2015-05-03 00:58:00	2015-05-03 01:10:00	C1.0	12335.0	POINT(-53 -16)	-16	-53	-717.0	-205.0
125900	2015-05-03 02:18:00	2015-05-03 02:28:00	2015-05-03 02:35:00	C1.2	12335.0	POINT(-50 -14)	-14	-50	-712.0	-200.0
125910	2015-05-03 04:07:00	2015-05-03 04:19:00	2015-05-03 04:38:00	B9.8	12335.0	POINT(-51 -15)	-15	-51	-715.0	-210.0
125920	2015-05-03 05:56:00	2015-05-03 06:05:00	2015-05-03 06:13:00	C1.8	12335.0	POINT(-51 -15)	-15	-51	-702.0	-180.0
125930	2015-05-03 08:46:00	2015-05-03 09:04:00	2015-05-03 09:25:00	C1.4		POINT(-48 -15)	-15	-48	-686.0	-205.0
125940	2015-05-03 09:28:00	2015-05-03 09:34:00	2015-05-03 09:44:00	C1.8	12335.0	POINT(-47 -14)	-14	-47	-686.0	-195.0
125950	2015-05-03 14:13:00	2015-05-03 14:16:00	2015-05-03 14:18:00	B7.5	12335.0	POINT(-46 -18)	-18	-46	-655.0	-251.0
125960	2015-05-03 23:04:00	2015-05-03 23:47:00	2015-05-04 00:07:00	C2.2	12335.0	POINT(-39 -17)	-17	-39	-582.0	-244.0
125970	2015-05-04 00:00:00	2015-05-04 00:51:00	2015-05-04 01:43:00	C8.0	12335.0	POINT(-42 -18)	-18	-42	-579.0	-239.0
125980	2015-05-04 02:49:00	2015-05-04 03:03:00	2015-05-04 03:12:00	C3.0	12338.0	POINT(-58 5)	5	-58	-804.0	82.0
125990	2015-05-04 04:18:00	2015-05-04 04:21:00	2015-05-04 04:28:00	C1.5	12335.0	POINT(-35 -18)	-18	-35	-558.0	-213.0
126000	2015-05-04 04:52:00	2015-05-04 04:57:00	2015-05-04 05:24:00	C1.0	12335.0	POINT(-38 -15)	-15	-38	-550.0	-211.0
126010	2015-05-04 05:57:00	2015-05-04 06:00:00	2015-05-04 06:02:00	B8.0	12338.0	POINT(-37 -18)	-18	-37	-555.0	-253.0
126020	2015-05-04 06:34:00	2015-05-04 06:39:00	2015-05-04 06:42:00	B9.7	12335.0	POINT(-35 -15)	-15	-35	-494.0	-216.0
126030	2015-05-04 08:38:00	2015-05-04 08:52:00	2015-05-04 09:01:00	C1.4	12335.0	POINT(-33 -15)	-15	-33	-513.0	-258.0
126040	2015-05-04 10:23:00	2015-05-04 10:32:00	2015-05-04 10:38:00	C2.0		POINT(-80 12)	12	-80	-915.0	217.0
126050	2015-05-04 16:57:00	2015-05-04 17:05:00	2015-05-04 17:12:00	C5.1		POINT(-80 13)	13	-80	-913.0	226.0
126060	2015-05-04 22:40:00	2015-05-04 22:50:00	2015-05-04 22:53:00	C1.7		POINT(43 -21)	-21	43	609.0	-302.0
126070	2015-05-05 02:18:00	2015-05-05 02:33:00	2015-05-05 02:39:00	C2.1	12335.0	POINT(-25 -18)	-18	-25	-385.0	-239.0
126080	2015-05-05 03:00:00	2015-05-05 03:03:00	2015-05-05 03:05:00	C2.5		POINT(-76 11)	11	-76	-913.0	236.0
126090	2015-05-05 03:26:00	2015-05-05 03:30:00	2015-05-05 03:33:00	C1.5	12335.0	POINT(-77 9)	9	-77	-915.0	148.0
126100	2015-05-05 03:43:00	2015-05-05 04:08:00	2015-05-05 04:13:00	C5.1	12338.0	POINT(-77 9)	9	-77	-915.0	148.0
126110	2015-05-05 04:38:00	2015-05-05 04:47:00	2015-05-05 04:52:00	C2.6	12339.0	POINT(-82 11)	11	-82	-922.0	203.0
126120	2015-05-05 05:02:00	2015-05-05 05:06:00	2015-05-05 05:09:00	C2.6	12339.0	POINT(-78 14)	14	-78	-905.0	242.0
126130	2015-05-05 06:56:00	2015-05-05 07:11:00	2015-05-05 07:25:00	C2.6	12335.0	POINT(-21 -18)	-18	-21	-342.0	-266.0
126140	2015-05-05 07:57:00	2015-05-05 08:02:00	2015-05-05 08:05:00	C4.3	12339.0	POINT(-82 14)	14	-82	-914.0	241.0
126150	2015-05-05 08:20:00	2015-05-05 08:37:00	2015-05-05 08:46:00	C3.7		POINT(-82 11)	11	-82	-923.0	202.0
126160	2015-05-05 09:11:00	2015-05-05 09:20:00	2015-05-05 09:30:00	C3.7	12339.0	POINT(-81 12)	12	-81	-917.0	219.0
126170	2015-05-05 09:42:00	2015-05-05 09:47:00	2015-05-05 09:51:00	M1.9	12339.0	POINT(-82 14)	14	-82	-913.0	240.0
126180	2015-05-05 11:20:00	2015-05-05 11:29:00	2015-05-05 11:43:00	C6.6	12335.0	POINT(-19 -17)	-17	-19	-303.0	-223.0
126190	2015-05-05 11:55:00	2015-05-05 11:58:00	2015-05-05 12:00:00	C3.6		POINT(-18 -14)	-14	-18	-300.0	-181.0
126200	2015-05-05 13:45:00	2015-05-05 13:53:00	2015-05-05 13:56:00	M1.2	12339.0	POINT(-75 15)	15	-75	-913.0	243.0
126210	2015-05-05 14:19:00	2015-05-05 14:25:00	2015-05-05 14:32:00	M1.3	12335.0	POINT(-17 -16)	-16	-17	-277.0	-220.0
126220	2015-05-05 16:31:00	2015-05-05 16:35:00	2015-05-05 16:44:00	C1.5	12335.0	POINT(-39 -17)	-17	-39	-572.0	-278.0
126230	2015-05-05 17:04:00	2015-05-05 17:08:00	2015-05-05 17:10:00	C1.9	12335.0	POINT(-15 -17)	-17	-15	-253.0	-192.0
126240	2015-05-05 17:12:00	2015-05-05 17:24:00	2015-05-05 17:30:00	M2.6	12335.0	POINT(-15 -16)	-16	-15	-247.0	-216.0
126250	2015-05-05 18:38:00	2015-05-05 18:41:00	2015-05-05 18:43:00	C1.3	12335.0	POINT(-16 -15)	-15	-16	-244.0	-189.0
126260	2015-05-05 20:53:00	2015-05-05 20:56:00	2015-05-05 21:02:00	C1.9		POINT(-76 14)	14	-76	-895.0	230.0
126270	2015-05-05 21:12:00	2015-05-05 21:16:00	2015-05-05 21:28:00	C1.7	12335.0	POINT(-14 -16)	-16	-14	-221.0	-262.0
126280	2015-05-05 21:33:00	2015-05-05 21:43:00	2015-05-05 21:53:00	C2.5	12339.0	POINT(-81 13)	13	-81	-915.0	222.0
126290	2015-05-05 22:05:00	2015-05-05 22:11:00	2015-05-05 22:15:00	X2.7	12339.0	POINT(-79 15)	15	-79	-902.0	259.0
126300	2015-05-06 01:50:00	2015-05-06 01:55:00	2015-05-06 01:58:00	C3.9	12339.0	POINT(-73 14)	14	-73	-878.0	254.0
126310	2015-05-06 05:06:00	2015-05-06 05:10:00	2015-05-06 05:13:00	C2.3	12339.0	POINT(-72 15)	15	-72	-877.0	269.0
126320	2015-05-06 06:36:00	2015-05-06 06:41:00	2015-05-06 06:46:00	C3.4	12339.0	POINT(-73 16)	16	-73	-896.0	206.0
126330	2015-05-06 06:50:00	2015-05-06 06:54:00	2015-05-06 06:57:00	C2.4		POINT(-69 14)	14	-69	-861.0	260.0
126340	2015-05-06 11:03:00	2015-05-06 11:12:00	2015-05-06 11:23:00	C3.4	12339.0	POINT(-81 13)	13	-81	-914.0	233.0
126350	2015-05-06 11:45:00	2015-05-06 11:49:00	2015-05-06 11:51:00	M1.9	12339.0	POINT(-67 17)	17	-67	-837.0	278.0
126360	2015-05-06 16:08:00	2015-05-06 16:11:00	2015-05-06 16:15:00	C1.5	12335.0	POINT(-5 -15)	-15	-5	-66.0	-197.0
126370	2015-05-06 17:14:00	2015-05-06 17:18:00	2015-05-06 17:23:00	C2.0	12335.0	POINT(-65 15)	15	-65	-839.0	273.0
126380	2015-05-06 20:19:00	2015-05-06 20:23:00	2015-05-06 20:25:00	C2.9	12339.0	POINT(-63 15)	15	-63	-824.0	278.0
126390	2015-05-06 20:19:00	2015-05-06 20:23:00	2015-05-06 20:25:00	C3.0	12339.0	POINT(-64 10)	10	-64	-844.0	200.0
126400	2015-05-07 03:22:00	2015-05-07 03:26:00	2015-05-07 03:32:00	C1.1	12339.0	POINT(-62 11)	11	-62	-828.0	212.0
126410	2015-05-07 04:16:00	2015-05-07 04:31:00	2015-05-07 04:56:00	C1.2	12339.0	POINT(-62 11)	11	-62	-813.0	209.0
126420	2015-05-07 06:24:00	2015-05-07 06:31:00	2015-05-07 06:38:00	C1.6	12339.0	POINT(-60 11)	11	-60	-818.0	216.0
126430	2015-05-07 09:53:00	2015-05-07 09:58:00	2015-05-07 10:57:00	C4.3	12339.0	POINT(-70 16)	16	-70	-785.0	269.0
126440	2015-05-07 15:20:00	2015-05-07 15:28:00	2015-05-07 16:25:00	C1.8	12339.0	POINT(-57 13)	13	-57	-782.0	227.0
126450	2015-05-07 16:49:00	2015-05-07 16:54:00	2015-05-07 17:03:00	C2.8	12339.0	POINT(-53 16)	16	-53	-728.0	288.0
126460	2015-05-07 19:47:00	2015-05-07 20:00:00	2015-05-07 20:09:00	C5.0	12339.0	POINT(-51 15)	15	-51	-713.0	246.0
126470	2015-05-07 23:11:00	2015-05-07 23:15:00	2015-05-07 23:20:00	C1.7	12339.0	POINT(-51 12)	12	-51	-722.0	197.0
126480	2015-05-08 03:56:00	2015-05-08 04:09:00	2015-05-08 04:14:00	C5.5	12339.0	POINT(-46 10)	10	-46	-648.0	274.0
126490	2015-05-08 04:33:00	2015-05-08 04:45:00	2015-05-08 04:48:00	C1.0	12339.0	POINT(-50 11)	11	-50	-712.0	230.0
126500	2015-05-08 04:51:00	2015-05-08 05:01:00	2015-05-08 05:03:00	C1.0	12339.0	POINT(-46 12)	12	-46	-680.0	243.0
126510	2015-05-08 08:00:00	2015-05-08 08:08:00	2015-05-08 08:13:00	C1.5		POINT(-79 16)	16	-79	-896.0	282.0
126520	2015-05-08 09:29:00	2015-05-08 09:32:00	2015-05-08 09:34:00	C1.0	12339.0	POINT(-43 14)	14	-43	-642.0	270.0
126530	2015-05-08 09:37:00	2015-05-08 09:40:00	2015-05-08 09:42:00	C4.1	12339.0	POINT(-49 12)	12	-49	-711.0	207.0
126540	2015-05-08 14:57:00	2015-05-08 15:01:00	2015-05-08 15:04:00	C1.4	12339.0	POINT(-40 12)	12	-40	-674.0	203.0
126550	2015-05-08 19:50:00	2015-05-08 19:55:00	2015-05-08 20:03:00	C1.0	12339.0	POINT(-39 11)	11	-39	-590.0	229.0
126560	2015-05-08 21:32:00	2015-05-08 21:50:00	2015-05-08 22:20:00	C2.0	12339.0	POINT(-36 10)	10	-36	-605.0	228.0
126570	2015-05-09 01:12:00	2015-05-09 01:34:00	2015-05-09 02:21:00	C7.4		POINT(-77 14)	14	-77	-903.0	270.0
126580	2015-05-09 08:01:00	2015-05-09 08:13:00	2015-05-09 08:24:00	C3.0	12339.0	POINT(-35 14)	14	-35	-525.0	295.0
126590	2015-05-09 13:49:00	2015-05-09 13:55:00	2015-05-09 14:34:00	C1.6	12339.0	POINT(-31 11)	11	-31	-444.0	216.0
126600	2015-05-09 16:32:00	2015-05-09 16:35:00	2015-05-09 16:37:00	C1.0	12339.0	POINT(-35 13)	13	-35	-537.0	264.0
126610	2015-05-09 18:40:00	2015-05-09 19:06:00	2015-05-09 19:26:00	C1.1	12339.0	POINT(-35 16)	16	-35	-524.0	262.0
126620	2015-05-10 03:13:00	2015-05-10 03:28:00	2015-05-10 03:54:00	C1.1	12339.0	POINT(-22 14)	14	-22	-367.0	279.0
126630	2015-05-10 08:00:00	2015-05-10 08:29:00	2015-05-10 09:00:00	C1.9	12339.0	POINT(-19 14)	14	-19	-300.0	229.0
126640	2015-05-10 12:45:00	2015-05-10 13:03:00	2015-05-10 13:23:00	C2.2	12339.0	POINT(-15 12)	12	-15	-299.0	278.0
126650	2015-05-10 17:04:00	2015-05-10 17:11:00	2015-05-10 17:19:00	C2.4	12339.0	POINT(-14 14)	14	-14	-222.0	279.0
126660	2015-05-10 21:35:00	2015-05-10 21:55:00	2015-05-10 22:03:00	C2.4	12339.0	POINT(-9 12)	12	-9	-145.0	197.0
126670	2015-05-10 23:17:00	2015-05-10 23:18:00	2015-05-10 23:20:00	C1.7	12344.0	POINT(-71 -9)	-9	-71	-893.0	-116.0
126680	2015-05-10 23:37:00	2015-05-10 23:43:00	2015-05-10 23:51:00	C2.1	12339.0	POINT(-9 14)	14	-9	-155.0	284.0
126690	2015-05-11 01:43:00	2015-05-11 01:54:00	2015-05-11 02:08:00	C1.2	12335.0	POINT(56 -14)	-14	56	770.0	-209.0
126700	2015-05-11 03:45:00	2015-05-11 04:09:00	2015-05-11 04:29:00	C2.5		POINT(-42 18)	18	-42	-613.0	332.0
126710	2015-05-11 06:42:00	2015-05-11 06:48:00	2015-05-11 06:57:00	C1.6	12338.0	POINT(42 3)	3	42	636.0	122.0
126720	2015-05-11 12:10:00	2015-05-11 12:13:00	2015-05-11 12:15:00	C1.2	12339.0	POINT(-4 14)	14	-4	-57.0	263.0
126730	2015-05-11 13:02:00	2015-05-11 13:07:00	2015-05-11 13:15:00	C1.6	12335.0	POINT(68 -17)	-17	68	858.0	-215.0
126740	2015-05-11 17:29:00	2015-05-11 17:29:00	2015-05-11 17:35:00	C1.1	12345.0	POINT(-16 14)	14	-16	-254.0	229.0
126750	2015-05-11 18:33:00	2015-05-11 18:42:00	2015-05-11 18:51:00	C2.0	12339.0	POINT(-1 11)	11	-1	0.0	274.0
126760	2015-05-12 02:15:00	2015-05-12 03:02:00	2015-05-12 03:42:00	C2.6	12339.0	POINT(83 -21)	-21	83	877.0	-345.0
126770	2015-05-12 04:25:00	2015-05-12 04:31:00	2015-05-12 05:18:00	C2.2	12339.0	POINT(4 11)	11	4	40.0	259.0
126780	2015-05-12 10:40:00	2015-05-12 10:46:00	2015-05-12 10:50:00	C1.7	12339.0	POINT(7 12)	12	7	90.0	253.0
126790	2015-05-12 11:45:00	2015-05-12 11:51:00	2015-05-12 11:56:00	C3.0	12339.0	POINT(5 6)	6	5	101.0	203.0
126800	2015-05-13 02:51:00	2015-05-13 02:55:00	2015-05-13 02:59:00	C1.2	12339.0	POINT(16 11)	11	16	237.0	237.0
126810	2015-05-13 03:46:00	2015-05-13 03:51:00	2015-05-13 04:04:00	C1.7	12339.0	POINT(17 11)	11	17	260.0	242.0
126820	2015-05-13 04:09:00	2015-05-13 04:15:00	2015-05-13 04:48:00	C3.1	12342.0	POINT(-20 16)	16	-20	-312.0	261.0
126830	2015-05-13 05:47:00	2015-05-13 05:59:00	2015-05-13 06:17:00	C3.5	12342.0	POINT(-23 16)	16	-23	-356.0	261.0
126840	2015-05-13 09:40:00	2015-05-13 09:45:00	2015-05-13 10:04:00	C2.3	12339.0	POINT(19 10)	10	19	284.0	181.0
126850	2015-05-13 11:04:00	2015-05-13 11:11:00	2015-05-13 11:14:00	C3.2	12339.0	POINT(35 7)	7	35	522.0	197.0
126860	2015-05-13 18:07:00	2015-05-13 18:17:00	2015-05-13 19:39:00	C9.2	12345.0	POINT(16 13)	13	16	681.0	181.0
126870	2015-05-14 05:10:00	2015-05-14 05:10:00	2015-05-14 05:20:00	C1.3	12339.0	POINT(47 11)	11	47	678.0	226.0
126880	2015-05-14 06:52:00	2015-05-14 07:31:00	2015-05-14 07:36:00	C2.5	12339.0	POINT(46 7)	7	46	654.0	201.0
126890	2015-05-14 13:58:00	2015-05-14 14:08:00	2015-05-14 14:24:00	C2.8	12342.0	POINT(-2 18)	18	-2	-21.0	345.0
126900	2015-05-14 16:17:00	2015-05-14 16:31:00	2015-05-14 16:41:00	C2.1	12339.0	POINT(41 13)	13	41	582.0	311.0
126910	2015-05-14 17:45:00	2015-05-14 17:53:00	2015-05-14 17:59:00	C4.8	12339.0	POINT(50 9)	9	50	728.0	181.0
126920	2015-05-14 18:59:00	2015-05-14 19:06:00	2015-05-14 19:15:00	C1.1	12342.0	POINT(3 18)	18	3	43.0	348.0
126930	2015-05-14 23:48:00	2015-05-15 00:11:00	2015-05-15 00:19:00	C2.6	12342.0	POINT(4 18)	18	4	101.0	331.0
126940	2015-05-15 01:58:00	2015-05-15 02:02:00	2015-05-15 02:04:00	C1.1	12339.0	POINT(43 17)	17	43	627.0	313.0
126950	2015-05-15 03:17:00	2015-05-15 03:21:00	2015-05-15 03:25:00	B9.5	12339.0	POINT(44 8)	8	44	654.0	179.0
126960	2015-05-15 05:22:00	2015-05-15 05:25:00	2015-05-15 05:28:00	C1.1	12339.0	POINT(53 9)	9	53	773.0	183.0
126970	2015-05-15 06:44:00	2015-05-15 06:50:00	2015-05-15 06:53:00	C1.8		POINT(-84 -22)	-22	-84	-875.0	-353.0
126980	2015-05-15 08:38:00	2015-05-15 08:43:00	2015-05-15 08:48:00	C1.1	12339.0	POINT(50 9)	9	50	692.0	214.0
126990	2015-05-15 09:05:00	2015-05-15 09:12:00	2015-05-15 09:20:00	C1.2	12339.0	POINT(53 10)	10	53	733.0	222.0
127000	2015-05-15 22:18:00	2015-05-15 22:30:00	2015-05-15 22:39:00	C2.0	12342.0	POINT(15 18)	18	15	239.0	348.0
127010	2015-05-15 23:22:00	2015-05-15 23:29:00	2015-05-15 23:33:00	C2.5	12339.0	POINT(68 9)	9	68	872.0	167.0
127020	2015-05-16 16:49:00	2015-05-16 17:00:00	2015-05-16 17:09:00	B8.6	12339.0	POINT(63 7)	7	63	845.0	146.0
127030	2015-05-17 02:08:00	2015-05-17 02:15:00	2015-05-17 02:24:00	B8.6	12342.0	POINT(25 17)	17	25	386.0	324.0
127040	2015-05-17 15:59:00	2015-05-17 16:02:00	2015-05-17 16:05:00	B9.1	12347.0	POINT(80 12)	12	80	914.0	197.0
127050	2015-05-17 19:39:00	2015-05-17 19:43:00	2015-05-17 19:47:00	B7.9	12339.0	POINT(80 18)	18	80	890.0	300.0
127060	2015-05-18 07:27:00	2015-05-18 07:53:00	2015-05-18 08:08:00	C1.0	12349.0	POINT(-45 -22)	-22	-45	-615.0	-364.0
127070	2015-05-18 08:16:00	2015-05-18 08:21:00	2015-05-18 08:23:00	C1.1	12349.0	POINT(79 12)	12	79	910.0	197.0
127080	2015-05-18 13:11:00	2015-05-18 13:15:00	2015-05-18 13:18:00	B6.7	12342.0	POINT(50 19)	19	50	675.0	336.0
127090	2015-05-18 18:15:00	2015-05-18 18:18:00	2015-05-18 18:20:00	B9.1	12345.0	POINT(52 19)	19	52	714.0	331.0
127100	2015-05-19 10:59:00	2015-05-19 11:02:00	2015-05-19 11:06:00	B7.3		POINT(-55 22)	22	-55	-723.0	385.0
127110	2015-05-19 11:54:00	2015-05-19 11:59:00	2015-05-19 12:02:00	C2.3	12351.0	POINT(-55 25)	25	-55	-704.0	400.0
127120	2015-05-19 12:40:00	2015-05-19 12:45:00	2015-05-19 12:49:00	B7.6	12349.0	POINT(-29 -19)	-19	-29	-415.0	-290.0
127130	2015-05-20 02:49:00	2015-05-20 02:57:00	2015-05-20 03:04:00	B7.7	12349.0	POINT(-19 -20)	-20	-19	-297.0	-297.0
127140	2015-05-20 03:48:00	2015-05-20 04:04:00	2015-05-20 04:27:00	C1.3	12351.0	POINT(-47 23)	23	-47	-641.0	400.0
127150	2015-05-20 07:55:00	2015-05-20 08:09:00	2015-05-20 08:41:00	C1.6	12349.0	POINT(-18 -22)	-22	-18	-251.0	-353.0
127160	2015-05-20 15:02:00	2015-05-20 15:07:00	2015-05-20 15:12:00	B5.8	12351.0	POINT(-40 23)	23	-40	-581.0	398.0
127170	2015-05-20 16:50:00	2015-05-20 17:02:00	2015-05-20 17:22:00	B7.1		POINT(51 -6)	-6	51	737.0	-87.0
127180	2015-05-20 18:31:00	2015-05-20 18:36:00	2015-05-20 18:41:00	B6.2	12346.0	POINT(52 -6)	-6	52	746.0	-91.0
127190	2015-05-21 03:33:00	2015-05-21 03:43:00	2015-05-21 03:52:00	B6.1		POINT(57 -7)	-7	57	796.0	-114.0
127200	2015-05-21 05:22:00	2015-05-21 05:37:00	2015-05-21 05:53:00	B6.3	12346.0	POINT(55 -5)	-5	55	813.0	-78.0
127210	2015-05-21 06:01:00	2015-05-21 06:11:00	2015-05-21 06:17:00	B9.8	12346.0	POINT(56 -5)	-5	56	795.0	-84.0
127220	2015-05-21 06:57:00	2015-05-21 07:06:00	2015-05-21 07:17:00	C1.1	12349.0	POINT(-5 -21)	-21	-5	-55.0	-346.0
127230	2015-05-21 20:39:00	2015-05-21 20:47:00	2015-05-21 20:56:00	B4.2		POINT(-24 23)	23	-24	-365.0	411.0
127240	2015-05-22 16:40:00	2015-05-22 16:45:00	2015-05-22 16:52:00	B5.4	12352.0	POINT(-16 6)	6	-16	-275.0	110.0
127250	2015-05-22 23:41:00	2015-05-22 23:51:00	2015-05-22 23:57:00	C2.0	12349.0	POINT(19 -21)	-21	19	300.0	-326.0
127260	2015-05-23 01:15:00	2015-05-23 01:22:00	2015-05-23 01:32:00	B4.0	12349.0	POINT(19 -23)	-23	19	293.0	-353.0
127270	2015-05-23 03:27:00	2015-05-23 03:33:00	2015-05-23 03:36:00	C1.0	12353.0	POINT(4 7)	7	4	72.0	156.0
127280	2015-05-23 07:18:00	2015-05-23 07:22:00	2015-05-23 07:25:00	C1.1	12353.0	POINT(6 7)	7	6	105.0	151.0
127290	2015-05-23 13:39:00	2015-05-23 13:43:00	2015-05-23 13:48:00	B4.9	12349.0	POINT(30 -20)	-20	30	449.0	-316.0
127300	2015-05-23 16:24:00	2015-05-23 16:30:00	2015-05-23 16:33:00	B3.9	12353.0	POINT(11 7)	7	11	189.0	150.0
127310	2015-05-23 16:39:00	2015-05-23 17:09:00	2015-05-23 17:22:00	B6.0	12349.0	POINT(32 -21)	-21	32	476.0	-311.0
127320	2015-05-23 17:30:00	2015-05-23 17:39:00	2015-05-23 17:41:00	C2.3	12353.0	POINT(13 8)	8	13	203.0	150.0
127330	2015-05-23 23:51:00	2015-05-23 23:56:00	2015-05-24 00:01:00	B6.4	12349.0	POINT(30 -23)	-23	30	458.0	-353.0
127340	2015-05-25 19:33:00	2015-05-25 19:57:00	2015-05-25 20:12:00	B7.4	12351.0	POINT(25 24)	24	25	369.0	414.0
127350	2015-05-26 11:44:00	2015-05-26 11:49:00	2015-05-26 12:02:00	B5.2	12351.0	POINT(38 23)	23	38	545.0	399.0
127360	2015-05-27 07:17:00	2015-05-27 07:22:00	2015-05-27 07:29:00	B3.9		POINT(61 7)	7	61	822.0	115.0
127370	2015-05-27 10:38:00	2015-05-27 10:42:00	2015-05-27 10:47:00	B4.0	12351.0	POINT(52 21)	21	52	672.0	384.0
127380	2015-05-27 21:22:00	2015-05-27 21:31:00	2015-05-27 21:37:00	C1.3	12356.0	POINT(-83 -18)	-18	-83	-891.0	-299.0
127390	2015-05-28 01:51:00	2015-05-28 01:56:00	2015-05-28 02:01:00	B3.4	12351.0	POINT(59 23)	23	59	745.0	391.0
127400	2015-05-30 05:44:00	2015-05-30 05:49:00	2015-05-30 05:54:00	B3.6	12356.0	POINT(-45 -16)	-16	-45	-646.0	-266.0
127410	2015-05-30 06:44:00	2015-05-30 06:57:00	2015-05-30 07:06:00	B3.6	12356.0	POINT(-51 -19)	-19	-51	-698.0	-309.0
127420	2015-05-30 21:55:00	2015-05-30 22:03:00	2015-05-30 22:12:00	B6.5	12358.0	POINT(-81 -3)	-3	-81	-935.0	-62.0
127430	2015-05-31 08:05:00	2015-05-31 08:11:00	2015-05-31 08:18:00	B3.9		POINT(-66 -5)	-5	-66	-863.0	-80.0
127440	2015-05-31 08:50:00	2015-05-31 09:00:00	2015-05-31 09:06:00	B3.7		POINT(-9 14)	14	-9	-135.0	232.0
127450	2015-06-01 03:33:00	2015-06-01 03:40:00	2015-06-01 03:46:00	B6.9		POINT(-12 -16)	-16	-12	-194.0	-254.0
127460	2015-06-02 05:55:00	2015-06-02 05:58:00	2015-06-02 06:02:00	B4.4		POINT(-57 -4)	-4	-57	-796.0	-69.0
127470	2015-06-02 06:49:00	2015-06-02 07:02:00	2015-06-02 07:19:00	C1.9		POINT(-89 15)	15	-89	-911.0	251.0
127480	2015-06-02 10:12:00	2015-06-02 10:17:00	2015-06-02 10:28:00	B6.4	12358.0	POINT(-55 -2)	-2	-55	-775.0	-67.0
127490	2015-06-02 12:14:00	2015-06-02 12:19:00	2015-06-02 12:22:00	B7.6		POINT(-75 10)	10	-75	-900.0	178.0
127500	2015-06-03 20:41:00	2015-06-03 21:48:00	2015-06-03 21:59:00	C1.3	12360.0	POINT(-53 15)	15	-53	-729.0	244.0
127510	2015-06-04 09:36:00	2015-06-04 09:47:00	2015-06-04 09:56:00	C8.1	12361.0	POINT(-73 18)	18	-73	-882.0	261.0
127520	2015-06-04 14:43:00	2015-06-04 15:19:00	2015-06-04 15:37:00	C2.7	12361.0	POINT(-67 18)	18	-67	-906.0	229.0
127530	2015-06-04 23:52:00	2015-06-04 23:56:00	2015-06-05 00:01:00	B7.6		POINT(-65 15)	15	-65	-831.0	246.0
127540	2015-06-05 04:42:00	2015-06-05 05:06:00	2015-06-05 05:18:00	C1.3	12361.0	POINT(-70 19)	19	-70	-843.0	312.0
127550	2015-06-05 05:30:00	2015-06-05 05:36:00	2015-06-05 05:41:00	C1.6	12361.0	POINT(-63 15)	15	-63	-797.0	251.0
127560	2015-06-05 07:00:00	2015-06-05 07:17:00	2015-06-05 07:39:00	C1.6	12361.0	POINT(-62 13)	13	-62	-840.0	243.0
127570	2015-06-05 09:25:00	2015-06-05 09:38:00	2015-06-05 09:48:00	C2.1	12361.0	POINT(-57 17)	17	-57	-792.0	255.0
127580	2015-06-05 17:24:00	2015-06-05 17:34:00	2015-06-05 17:45:00	C3.5	12361.0	POINT(-55 15)	15	-55	-759.0	237.0
127590	2015-06-06 01:01:00	2015-06-06 01:36:00	2015-06-06 01:56:00	B9.3	12361.0	POINT(-57 20)	20	-57	-747.0	330.0
127600	2015-06-06 06:40:00	2015-06-06 07:12:00	2015-06-06 07:42:00	C1.0	12361.0	POINT(-48 -18)	-18	-48	-668.0	-292.0
127610	2015-06-06 19:13:00	2015-06-06 19:22:00	2015-06-06 19:27:00	B5.7	12364.0	POINT(-67 -5)	-5	-67	-872.0	-89.0
127620	2015-06-06 22:26:00	2015-06-06 22:34:00	2015-06-06 22:40:00	C2.2	12365.0	POINT(-64 -5)	-5	-64	-851.0	-93.0
127630	2015-06-07 02:10:00	2015-06-07 02:15:00	2015-06-07 02:19:00	C1.0	12361.0	POINT(-39 15)	15	-39	-581.0	246.0
127640	2015-06-07 07:27:00	2015-06-07 07:30:00	2015-06-07 07:37:00	B8.9	12364.0	POINT(-58 -5)	-5	-58	-807.0	-96.0
127650	2015-06-07 10:23:00	2015-06-07 10:36:00	2015-06-07 10:58:00	C1.6	12362.0	POINT(-37 8)	8	-37	-583.0	84.0
127660	2015-06-07 11:45:00	2015-06-07 11:49:00	2015-06-07 11:53:00	C1.3	12360.0	POINT(-1 16)	16	-1	8.0	244.0
127670	2015-06-07 14:36:00	2015-06-07 14:49:00	2015-06-07 15:10:00	C1.0	12362.0	POINT(-39 12)	12	-39	-587.0	210.0
127680	2015-06-07 17:49:00	2015-06-07 18:00:00	2015-06-07 18:12:00	C1.3	12360.0	POINT(-1 14)	14	-1	-26.0	234.0
127690	2015-06-08 07:28:00	2015-06-08 07:32:00	2015-06-08 07:36:00	B7.0	12365.0	POINT(-49 -13)	-13	-49	-686.0	-242.0
127700	2015-06-08 22:55:00	2015-06-08 22:58:00	2015-06-08 23:01:00	B6.6	12366.0	POINT(-11 16)	16	-11	-180.0	258.0
127710	2015-06-09 03:40:00	2015-06-09 03:53:00	2015-06-09 04:09:00	C5.8	12360.0	POINT(18 13)	13	18	299.0	222.0
127720	2015-06-09 19:55:00	2015-06-09 20:01:00	2015-06-09 20:44:00	C2.8	12364.0	POINT(-24 -4)	-4	-24	-400.0	-68.0
127730	2015-06-10 00:10:00	2015-06-10 00:55:00	2015-06-10 01:28:00	C1.8	12365.0	POINT(-21 -12)	-12	-21	-385.0	-234.0
127740	2015-06-10 01:31:00	2015-06-10 01:41:00	2015-06-10 01:56:00	C2.5	12360.0	POINT(33 13)	13	33	507.0	216.0
127750	2015-06-10 02:14:00	2015-06-10 02:26:00	2015-06-10 02:38:00	C6.0	12367.0	POINT(-89 -21)	-21	-89	-888.0	-342.0
127760	2015-06-10 06:26:00	2015-06-10 06:49:00	2015-06-10 07:19:00	C1.2	12366.0	POINT(-12 17)	17	-12	-188.0	277.0
127770	2015-06-10 12:32:00	2015-06-10 13:05:00	2015-06-10 13:23:00	C3.3	12367.0	POINT(-81 -18)	-18	-81	-882.0	-308.0
127780	2015-06-10 16:35:00	2015-06-10 16:52:00	2015-06-10 17:14:00	C1.2	12361.0	POINT(14 14)	14	14	237.0	225.0
127790	2015-06-10 18:01:00	2015-06-10 18:08:00	2015-06-10 18:18:00	C2.2	12367.0	POINT(-81 -19)	-19	-81	-882.0	-309.0
127800	2015-06-10 21:24:00	2015-06-10 21:27:00	2015-06-10 21:33:00	C1.5	12365.0	POINT(-12 -13)	-13	-12	-191.0	-234.0
127810	2015-06-10 22:08:00	2015-06-10 22:11:00	2015-06-10 22:14:00	C1.2	12360.0	POINT(38 12)	12	38	571.0	192.0
127820	2015-06-11 00:59:00	2015-06-11 01:18:00	2015-06-11 01:34:00	C1.2	12367.0	POINT(-82 -19)	-19	-82	-882.0	-321.0
127830	2015-06-11 02:31:00	2015-06-11 02:43:00	2015-06-11 02:51:00	C4.6	12360.0	POINT(43 13)	13	43	673.0	213.0
127840	2015-06-11 04:55:00	2015-06-11 05:03:00	2015-06-11 05:10:00	C1.8	12360.0	POINT(46 15)	15	46	635.0	252.0
127850	2015-06-11 05:28:00	2015-06-11 05:32:00	2015-06-11 05:36:00	C1.1	12367.0	POINT(-82 -19)	-19	-82	-881.0	-318.0
127860	2015-06-11 05:48:00	2015-06-11 05:58:00	2015-06-11 06:04:00	C1.6	12367.0	POINT(-81 -18)	-18	-81	-884.0	-306.0
127870	2015-06-11 06:13:00	2015-06-11 06:24:00	2015-06-11 06:32:00	C1.3	12367.0	POINT(-83 -19)	-19	-83	-883.0	-318.0
127880	2015-06-11 06:45:00	2015-06-11 06:53:00	2015-06-11 06:58:00	C1.1	12367.0	POINT(-82 -19)	-19	-82	-885.0	-311.0
127890	2015-06-11 08:15:00	2015-06-11 08:20:00	2015-06-11 08:26:00	C1.3	12360.0	POINT(45 13)	13	45	646.0	257.0
127900	2015-06-11 08:28:00	2015-06-11 08:41:00	2015-06-11 08:44:00	C2.4	12360.0	POINT(44 13)	13	44	639.0	212.0
127910	2015-06-11 08:49:00	2015-06-11 08:55:00	2015-06-11 08:59:00	M1.0	12367.0	POINT(-83 -19)	-19	-83	-882.0	-322.0
127920	2015-06-11 11:25:00	2015-06-11 11:32:00	2015-06-11 11:50:00	C3.8	12367.0	POINT(-82 -20)	-20	-82	-878.0	-332.0
127930	2015-06-11 11:56:00	2015-06-11 12:01:00	2015-06-11 12:04:00	C4.5	12367.0	POINT(-82 -20)	-20	-82	-879.0	-326.0
127940	2015-06-11 14:30:00	2015-06-11 14:37:00	2015-06-11 14:41:00	C8.7	12367.0	POINT(-81 -17)	-17	-81	-879.0	-327.0
127950	2015-06-11 15:12:00	2015-06-11 15:19:00	2015-06-11 15:23:00	C7.0	12367.0	POINT(-81 -17)	-17	-81	-877.0	-331.0
127960	2015-06-11 15:55:00	2015-06-11 15:59:00	2015-06-11 16:04:00	C1.3	12367.0	POINT(-81 -20)	-20	-81	-875.0	-318.0
127970	2015-06-11 17:18:00	2015-06-11 17:26:00	2015-06-11 17:30:00	C4.5	12367.0	POINT(-82 -20)	-20	-82	-875.0	-338.0
127980	2015-06-11 17:57:00	2015-06-11 18:00:00	2015-06-11 18:03:00	C1.7	12367.0	POINT(-81 -20)	-20	-81	-873.0	-336.0
127990	2015-06-11 18:16:00	2015-06-11 18:21:00	2015-06-11 18:29:00	C1.5	12361.0	POINT(26 14)	14	26	397.0	236.0
128000	2015-06-11 19:59:00	2015-06-11 20:41:00	2015-06-11 20:48:00	C3.1	12367.0	POINT(-81 -20)	-20	-81	-873.0	-332.0
128010	2015-06-11 22:50:00	2015-06-11 23:06:00	2015-06-11 23:12:00	C1.2	12367.0	POINT(-76 -19)	-19	-76	-866.0	-317.0
128020	2015-06-12 00:03:00	2015-06-12 00:08:00	2015-06-12 00:11:00	C1.2	12367.0	POINT(-76 -19)	-19	-76	-867.0	-307.0
128030	2015-06-12 00:44:00	2015-06-12 00:50:00	2015-06-12 00:54:00	C2.2	12360.0	POINT(58 14)	14	58	777.0	228.0
128040	2015-06-12 01:49:00	2015-06-12 02:06:00	2015-06-12 02:14:00	C4.1	12360.0	POINT(58 15)	15	58	803.0	264.0
128050	2015-06-12 04:33:00	2015-06-12 04:39:00	2015-06-12 04:48:00	C1.9	12367.0	POINT(-75 -19)	-19	-75	-847.0	-368.0
128060	2015-06-12 06:56:00	2015-06-12 07:18:00	2015-06-12 07:31:00	C2.2	12367.0	POINT(-72 -16)	-16	-72	-847.0	-344.0
128070	2015-06-12 11:53:00	2015-06-12 11:58:00	2015-06-12 12:03:00	C2.9	12360.0	POINT(63 12)	12	63	815.0	235.0
128080	2015-06-12 13:09:00	2015-06-12 13:13:00	2015-06-12 13:16:00	C1.8	12367.0	POINT(-69 -20)	-20	-69	-829.0	-323.0
128090	2015-06-12 15:20:00	2015-06-12 15:34:00	2015-06-12 15:37:00	C3.9	12360.0	POINT(-69 -21)	-21	-69	-826.0	-343.0
128100	2015-06-12 19:16:00	2015-06-12 19:19:00	2015-06-12 19:21:00	C1.1	12367.0	POINT(-69 -20)	-20	-69	-829.0	-323.0
128110	2015-06-12 23:32:00	2015-06-12 23:48:00	2015-06-13 00:01:00	C8.7	12360.0	POINT(73 14)	14	73	873.0	238.0
128120	2015-06-13 00:24:00	2015-06-13 00:31:00	2015-06-13 00:45:00	C5.9	12360.0	POINT(74 14)	14	74	862.0	243.0
128130	2015-06-13 01:34:00	2015-06-13 01:42:00	2015-06-13 01:49:00	C3.5	12360.0	POINT(72 14)	14	72	875.0	230.0
128140	2015-06-13 02:25:00	2015-06-13 02:37:00	2015-06-13 02:43:00	C5.9	12360.0	POINT(72 15)	15	72	868.0	244.0
128150	2015-06-13 04:58:00	2015-06-13 05:38:00	2015-06-13 06:01:00	C3.8	12360.0	POINT(74 14)	14	74	883.0	232.0
128160	2015-06-13 06:19:00	2015-06-13 06:25:00	2015-06-13 06:31:00	C4.3	12360.0	POINT(73 14)	14	73	887.0	231.0
128170	2015-06-13 07:11:00	2015-06-13 07:23:00	2015-06-13 07:55:00	M1.3	12360.0	POINT(78 11)	11	78	889.0	241.0
128180	2015-06-13 09:38:00	2015-06-13 09:45:00	2015-06-13 09:49:00	C5.8	12360.0	POINT(77 11)	11	77	894.0	230.0
128190	2015-06-13 10:24:00	2015-06-13 10:29:00	2015-06-13 10:34:00	C2.4	12360.0	POINT(77 11)	11	77	898.0	232.0
128200	2015-06-13 11:57:00	2015-06-13 12:01:00	2015-06-13 12:06:00	C1.3	12360.0	POINT(78 10)	10	78	888.0	182.0
128210	2015-06-13 12:31:00	2015-06-13 12:50:00	2015-06-13 13:10:00	C2.2	12360.0	POINT(80 11)	11	80	903.0	234.0
128220	2015-06-13 14:25:00	2015-06-13 14:37:00	2015-06-13 14:45:00	C4.9	12360.0	POINT(80 11)	11	80	904.0	234.0
128230	2015-06-13 17:27:00	2015-06-13 17:31:00	2015-06-13 17:39:00	C1.3	12360.0	POINT(81 16)	16	81	894.0	269.0
128240	2015-06-13 19:13:00	2015-06-13 19:27:00	2015-06-13 19:38:00	C2.6	12360.0	POINT(84 14)	14	84	904.0	239.0
128250	2015-06-13 21:12:00	2015-06-13 21:25:00	2015-06-13 21:32:00	C2.5	12360.0	POINT(84 14)	14	84	905.0	237.0
128260	2015-06-13 23:09:00	2015-06-13 23:14:00	2015-06-13 23:21:00	C2.2	12360.0	POINT(82 16)	16	82	896.0	270.0
128270	2015-06-14 00:52:00	2015-06-14 00:59:00	2015-06-14 01:09:00	M2.0	12360.0	POINT(73 14)	14	73	906.0	230.0
128280	2015-06-14 03:48:00	2015-06-14 04:17:00	2015-06-14 04:45:00	C5.9	12365.0	POINT(34 -12)	-12	34	525.0	-210.0
128290	2015-06-14 07:51:00	2015-06-14 08:49:00	2015-06-14 09:42:00	C2.7	12360.0	POINT(61 9)	9	61	820.0	153.0
128300	2015-06-14 11:00:00	2015-06-14 11:10:00	2015-06-14 11:22:00	C1.9	12360.0	POINT(-43 -20)	-20	-43	-615.0	-338.0
128310	2015-06-14 20:29:00	2015-06-14 20:52:00	2015-06-14 20:58:00	C1.2	12367.0	POINT(-26 18)	18	-26	-402.0	285.0
128320	2015-06-14 21:29:00	2015-06-14 22:03:00	2015-06-14 22:23:00	C1.3	12267.0	POINT(-36 -21)	-21	-36	-527.0	-364.0
128330	2015-06-15 07:49:00	2015-06-15 07:53:00	2015-06-15 07:55:00	C1.7	12368.0	POINT(70 -9)	-9	70	884.0	-94.0
128340	2015-06-15 10:23:00	2015-06-15 10:32:00	2015-06-15 10:37:00	C2.5		POINT(-81 12)	12	-81	-911.0	208.0
128350	2015-06-15 13:45:00	2015-06-15 13:49:00	2015-06-15 14:15:00	C1.8	12360.0	POINT(56 -12)	-12	56	770.0	-216.0
128360	2015-06-15 14:39:00	2015-06-15 14:42:00	2015-06-15 14:46:00	C1.4		POINT(70 6)	6	70	885.0	96.0
128370	2015-06-15 16:04:00	2015-06-15 16:27:00	2015-06-15 16:50:00	C1.8	12360.0	POINT(-33 5)	5	-33	-514.0	69.0
128380	2015-06-16 02:32:00	2015-06-16 03:27:00	2015-06-16 03:31:00	C2.2	12360.0	POINT(-29 5)	5	-29	-457.0	81.0
128390	2015-06-16 03:32:00	2015-06-16 03:42:00	2015-06-16 03:50:00	C2.4	12360.0	POINT(-18 -20)	-20	-18	-276.0	-347.0
128400	2015-06-16 03:58:00	2015-06-16 04:06:00	2015-06-16 04:12:00	C2.7	12371.0	POINT(-82 14)	14	-82	-906.0	233.0
128410	2015-06-16 19:27:00	2015-06-16 19:30:00	2015-06-16 19:36:00	C1.3	12371.0	POINT(-72 12)	12	-72	-894.0	198.0
128420	2015-06-16 20:11:00	2015-06-16 20:16:00	2015-06-16 20:21:00	C1.9	12371.0	POINT(-73 11)	11	-73	-888.0	182.0
128430	2015-06-16 20:24:00	2015-06-16 20:32:00	2015-06-16 20:48:00	C1.7	12371.0	POINT(-79 11)	11	-79	-909.0	182.0
128440	2015-06-16 20:57:00	2015-06-16 21:17:00	2015-06-16 21:27:00	C2.2	12371.0	POINT(-81 12)	12	-81	-911.0	198.0
128450	2015-06-16 23:31:00	2015-06-17 00:01:00	2015-06-17 00:23:00	C3.2	12371.0	POINT(-76 11)	11	-76	-900.0	188.0
128460	2015-06-17 05:46:00	2015-06-17 06:06:00	2015-06-17 06:35:00	C1.6	12367.0	POINT(-4 -19)	-19	-4	-62.0	-307.0
128470	2015-06-17 13:02:00	2015-06-17 13:30:00	2015-06-17 14:01:00	C1.4	12371.0	POINT(-64 13)	13	-64	-827.0	212.0
128480	2015-06-17 16:39:00	2015-06-17 16:53:00	2015-06-17 17:03:00	C1.0	12367.0	POINT(-63 15)	15	-63	-821.0	228.0
128490	2015-06-17 22:16:00	2015-06-17 22:50:00	2015-06-17 23:26:00	C5.3	12367.0	POINT(11 -19)	-19	11	172.0	-321.0
128500	2015-06-18 00:18:00	2015-06-18 00:24:00	2015-06-18 00:28:00	C7.2	12367.0	POINT(12 -19)	-19	12	188.0	-331.0
128510	2015-06-18 00:33:00	2015-06-18 01:27:00	2015-06-18 01:55:00	M1.2	12365.0	POINT(81 -16)	-16	81	895.0	-273.0
128520	2015-06-18 04:32:00	2015-06-18 04:43:00	2015-06-18 05:32:00	C2.8	12371.0	POINT(-55 15)	15	-55	-767.0	161.0
128530	2015-06-18 06:28:00	2015-06-18 06:31:00	2015-06-18 06:33:00	C2.3	12367.0	POINT(16 -18)	-18	16	254.0	-315.0
128540	2015-06-18 09:41:00	2015-06-18 09:44:00	2015-06-18 09:47:00	C1.1	12371.0	POINT(-54 15)	15	-54	-740.0	234.0
128550	2015-06-18 13:05:00	2015-06-18 13:10:00	2015-06-18 13:15:00	C3.5	12371.0	POINT(-47 12)	12	-47	-687.0	144.0
128560	2015-06-18 14:02:00	2015-06-18 14:07:00	2015-06-18 14:21:00	C1.7	12367.0	POINT(17 -20)	-20	17	260.0	-348.0
128570	2015-06-18 16:29:00	2015-06-18 17:13:00	2015-06-18 19:05:00	M3.0	12371.0	POINT(-50 15)	15	-50	-716.0	148.0
128580	2015-06-18 21:30:00	2015-06-18 21:44:00	2015-06-18 21:59:00	C3.2	12371.0	POINT(-50 15)	15	-50	-664.0	187.0
128590	2015-06-18 23:26:00	2015-06-18 23:50:00	2015-06-19 00:05:00	C2.4	12371.0	POINT(-37 11)	11	-37	-524.0	138.0
128600	2015-06-19 00:44:00	2015-06-19 01:19:00	2015-06-19 01:39:00	C2.8	12371.0	POINT(-44 13)	13	-44	-645.0	204.0
128610	2015-06-19 02:36:00	2015-06-19 03:14:00	2015-06-19 03:21:00	C2.1	12371.0	POINT(23 -18)	-18	23	351.0	-321.0
128620	2015-06-19 04:07:00	2015-06-19 04:19:00	2015-06-19 04:34:00	C1.7	12371.0	POINT(-43 13)	13	-43	-631.0	203.0
128630	2015-06-19 09:19:00	2015-06-19 09:27:00	2015-06-19 09:38:00	C8.1	12371.0	POINT(-39 15)	15	-39	-584.0	196.0
128640	2015-06-19 10:17:00	2015-06-19 10:44:00	2015-06-19 11:00:00	C1.8	12371.0	POINT(-35 13)	13	-35	-594.0	219.0
128650	2015-06-19 15:31:00	2015-06-19 15:35:00	2015-06-19 15:38:00	C1.8	12371.0	POINT(-37 15)	15	-37	-559.0	207.0
128660	2015-06-19 17:37:00	2015-06-19 17:42:00	2015-06-19 17:45:00	C1.1	12371.0	POINT(-36 13)	13	-36	-545.0	207.0
128670	2015-06-19 17:59:00	2015-06-19 18:03:00	2015-06-19 18:07:00	C1.5	12371.0	POINT(-33 14)	14	-33	-542.0	207.0
128680	2015-06-20 02:36:00	2015-06-20 02:42:00	2015-06-20 02:44:00	C2.3	12371.0	POINT(-27 14)	14	-27	-420.0	192.0
128690	2015-06-20 03:10:00	2015-06-20 04:15:00	2015-06-20 04:39:00	C1.4	12371.0	POINT(-24 16)	16	-24	-465.0	209.0
128700	2015-06-20 06:28:00	2015-06-20 06:48:00	2015-06-20 07:09:00	M1.0	12371.0	POINT(-25 13)	13	-25	-438.0	198.0
128710	2015-06-20 19:07:00	2015-06-20 19:12:00	2015-06-20 19:19:00	C1.2	12367.0	POINT(50 -17)	-17	50	694.0	-302.0
128720	2015-06-21 01:02:00	2015-06-21 01:42:00	2015-06-21 02:00:00	M2.0	12371.0	POINT(-13 12)	12	-13	-267.0	185.0
128730	2015-06-21 02:06:00	2015-06-21 02:36:00	2015-06-21 03:02:00	M2.6	12371.0	POINT(-16 12)	12	-16	-268.0	180.0
128740	2015-06-21 09:24:00	2015-06-21 09:42:00	2015-06-21 10:31:00	M3.8	12367.0	POINT(57 -21)	-21	57	759.0	-300.0
128750	2015-06-21 13:28:00	2015-06-21 13:33:00	2015-06-21 13:36:00	C1.3	12367.0	POINT(61 -22)	-22	61	788.0	-311.0
128760	2015-06-21 14:29:00	2015-06-21 14:32:00	2015-06-21 14:34:00	C1.4	12367.0	POINT(61 -22)	-22	61	793.0	-313.0
128770	2015-06-21 15:35:00	2015-06-21 16:40:00	2015-06-21 17:44:00	C2.6	12367.0	POINT(62 -19)	-19	62	812.0	-304.0
128780	2015-06-21 17:56:00	2015-06-21 18:19:00	2015-06-21 18:58:00	M1.1	12367.0	POINT(64 -18)	-18	64	817.0	-307.0
128790	2015-06-21 20:09:00	2015-06-21 20:13:00	2015-06-21 20:15:00	C1.5	12371.0	POINT(65 -17)	-17	65	818.0	-299.0
128800	2015-06-21 22:28:00	2015-06-21 22:40:00	2015-06-21 22:55:00	C6.5	12367.0	POINT(67 -18)	-18	67	828.0	-305.0
128810	2015-06-22 02:15:00	2015-06-22 02:42:00	2015-06-22 03:11:00	C3.2	12371.0	POINT(17 10)	10	17	180.0	194.0
128820	2015-06-22 05:09:00	2015-06-22 05:19:00	2015-06-22 05:40:00	C7.5	12367.0	POINT(69 -19)	-19	69	842.0	-317.0
128830	2015-06-22 07:35:00	2015-06-22 07:40:00	2015-06-22 07:49:00	C1.6	12371.0	POINT(-2 14)	14	-2	-1.0	180.0
128840	2015-06-22 17:20:00	2015-06-22 17:27:00	2015-06-22 17:33:00	C3.9	12371.0	POINT(75 -18)	-18	75	867.0	-306.0
128850	2015-06-22 17:23:00	2015-06-22 18:10:00	2015-06-22 20:53:00	M6.5	12371.0	POINT(8 12)	12	8	102.0	188.0
128860	2015-06-23 03:16:00	2015-06-23 03:30:00	2015-06-23 03:42:00	C1.3	12371.0	POINT(10 14)	14	10	165.0	226.0
128870	2015-06-23 12:09:00	2015-06-23 12:19:00	2015-06-23 12:38:00	C1.9	12371.0	POINT(19 13)	13	19	303.0	210.0
128880	2015-06-23 15:15:00	2015-06-23 15:19:00	2015-06-23 15:23:00	B8.2	12371.0	POINT(19 10)	10	19	294.0	134.0
128890	2015-06-24 01:09:00	2015-06-24 01:14:00	2015-06-24 01:21:00	C1.1	12371.0	POINT(24 12)	12	24	381.0	135.0
128900	2015-06-24 02:44:00	2015-06-24 02:47:00	2015-06-24 02:50:00	B8.3		POINT(24 15)	15	24	381.0	219.0
128910	2015-06-24 02:54:00	2015-06-24 03:02:00	2015-06-24 03:09:00	B9.7		POINT(80 -16)	-16	80	894.0	-267.0
128920	2015-06-24 03:10:00	2015-06-24 03:20:00	2015-06-24 03:34:00	C1.0	12371.0	POINT(25 10)	10	25	392.0	163.0
128930	2015-06-24 04:40:00	2015-06-24 04:52:00	2015-06-24 04:56:00	C1.0	12371.0	POINT(27 12)	12	27	419.0	177.0
128940	2015-06-24 09:59:00	2015-06-24 10:02:00	2015-06-24 10:04:00	B9.4		POINT(32 11)	11	32	493.0	165.0
128950	2015-06-24 15:12:00	2015-06-24 15:29:00	2015-06-24 15:40:00	C5.6	12371.0	POINT(34 15)	15	34	530.0	193.0
128960	2015-06-25 01:13:00	2015-06-25 01:20:00	2015-06-25 01:25:00	C1.3	12371.0	POINT(37 13)	13	37	572.0	144.0
128970	2015-06-25 08:02:00	2015-06-25 08:14:00	2015-06-25 12:35:00	M7.9	12371.0	POINT(42 9)	9	42	623.0	147.0
128980	2015-06-25 21:03:00	2015-06-25 21:06:00	2015-06-25 21:08:00	B7.4	12371.0	POINT(45 9)	9	45	684.0	149.0
128990	2015-06-26 04:32:00	2015-06-26 04:36:00	2015-06-26 04:39:00	B6.1	12371.0	POINT(53 11)	11	53	744.0	162.0
129000	2015-06-26 05:11:00	2015-06-26 05:14:00	2015-06-26 05:20:00	B7.9	12371.0	POINT(53 10)	10	53	744.0	155.0
129010	2015-06-26 05:13:00	2015-06-26 05:27:00	2015-06-26 05:37:00	C1.5	12371.0	POINT(53 10)	10	53	747.0	158.0
129020	2015-06-26 05:42:00	2015-06-26 06:06:00	2015-06-26 06:59:00	B7.4	12371.0	POINT(53 10)	10	53	754.0	149.0
129030	2015-06-26 05:49:00	2015-06-26 06:05:00	2015-06-26 06:28:00	C1.7	12371.0	POINT(55 9)	9	55	752.0	158.0
129040	2015-06-26 06:17:00	2015-06-26 06:20:00	2015-06-26 06:22:00	B8.7		POINT(53 10)	10	53	745.0	151.0
129050	2015-06-26 06:38:00	2015-06-26 06:42:00	2015-06-26 06:51:00	C1.2	12371.0	POINT(55 9)	9	55	758.0	159.0
129060	2015-06-26 08:42:00	2015-06-26 08:45:00	2015-06-26 08:47:00	B5.9	12371.0	POINT(56 11)	11	56	774.0	165.0
129070	2015-06-26 08:58:00	2015-06-26 09:03:00	2015-06-26 09:05:00	B8.6	12371.0	POINT(55 11)	11	55	765.0	162.0
129080	2015-06-26 15:59:00	2015-06-26 16:04:00	2015-06-26 16:08:00	B7.9	12371.0	POINT(57 13)	13	57	806.0	165.0
129090	2015-06-26 20:07:00	2015-06-26 20:10:00	2015-06-26 20:13:00	B6.1	12371.0	POINT(60 15)	15	60	791.0	233.0
129100	2015-06-26 20:32:00	2015-06-26 20:35:00	2015-06-26 20:38:00	B5.3	12371.0	POINT(61 12)	12	61	810.0	193.0
129110	2015-06-27 09:01:00	2015-06-27 09:05:00	2015-06-27 09:07:00	B5.5	12371.0	POINT(68 13)	13	68	854.0	213.0
129120	2015-06-27 10:52:00	2015-06-27 11:04:00	2015-06-27 11:24:00	C1.4	12371.0	POINT(82 16)	16	82	897.0	258.0
129130	2015-06-28 02:21:00	2015-06-28 02:25:00	2015-06-28 02:28:00	B7.9	12371.0	POINT(78 14)	14	78	893.0	233.0
129140	2015-06-28 06:07:00	2015-06-28 06:12:00	2015-06-28 06:16:00	C1.1	12371.0	POINT(82 9)	9	82	920.0	157.0
129150	2015-06-28 08:12:00	2015-06-28 08:15:00	2015-06-28 08:17:00	B5.8	12371.0	POINT(78 13)	13	78	913.0	198.0
129160	2015-06-28 15:04:00	2015-06-28 15:08:00	2015-06-28 15:11:00	B6.8	12373.0	POINT(-79 15)	15	-79	-892.0	252.0
129170	2015-06-28 17:07:00	2015-06-28 17:14:00	2015-06-28 17:18:00	C1.9	12376.0	POINT(-81 15)	15	-81	-901.0	240.0
129180	2015-06-29 00:27:00	2015-06-29 00:36:00	2015-06-29 00:42:00	C2.2	12371.0	POINT(81 13)	13	81	908.0	212.0
129190	2015-06-29 01:29:00	2015-06-29 01:53:00	2015-06-29 02:03:00	C1.2	12373.0	POINT(-65 13)	13	-65	-837.0	207.0
129200	2015-06-29 07:33:00	2015-06-29 07:38:00	2015-06-29 07:43:00	B9.6		POINT(-83 14)	14	-83	-908.0	228.0
129210	2015-06-29 09:59:00	2015-06-29 10:08:00	2015-06-29 10:19:00	C1.5	12373.0	POINT(-64 18)	18	-64	-833.0	276.0
129220	2015-06-29 13:42:00	2015-06-29 13:48:00	2015-06-29 13:53:00	C1.1	12376.0	POINT(-82 14)	14	-82	-905.0	227.0
129230	2015-06-29 14:43:00	2015-06-29 14:55:00	2015-06-29 15:05:00	C2.3	12376.0	POINT(-77 16)	16	-77	-897.0	230.0
129240	2015-06-29 17:58:00	2015-06-29 18:07:00	2015-06-29 18:14:00	C2.4	12373.0	POINT(-63 14)	14	-63	-815.0	250.0
129250	2015-06-30 02:11:00	2015-06-30 02:15:00	2015-06-30 02:18:00	B6.6	12373.0	POINT(-79 14)	14	-79	-896.0	234.0
129260	2015-06-30 05:22:00	2015-06-30 05:28:00	2015-06-30 05:34:00	B7.5	12373.0	POINT(-57 18)	18	-57	-764.0	257.0
129270	2015-06-30 12:22:00	2015-06-30 12:43:00	2015-06-30 12:59:00	C1.4	12376.0	POINT(-70 17)	17	-70	-862.0	213.0
129280	2015-06-30 21:48:00	2015-06-30 22:11:00	2015-06-30 22:24:00	C1.0	12376.0	POINT(-64 13)	13	-64	-831.0	208.0
129290	2015-07-01 05:40:00	2015-07-01 06:13:00	2015-07-01 06:29:00	B8.8	12376.0	POINT(-57 14)	14	-57	-769.0	211.0
129300	2015-07-01 22:42:00	2015-07-01 22:51:00	2015-07-01 23:01:00	C1.4	12376.0	POINT(-81 -17)	-17	-81	-891.0	-287.0
129310	2015-07-02 01:13:00	2015-07-02 01:43:00	2015-07-02 02:05:00	C1.0	12376.0	POINT(-50 14)	14	-50	-705.0	201.0
129320	2015-07-02 05:55:00	2015-07-02 06:18:00	2015-07-02 06:33:00	C1.4	12373.0	POINT(-31 16)	16	-31	-452.0	236.0
129330	2015-07-02 13:52:00	2015-07-02 13:58:00	2015-07-02 14:07:00	C1.1	12373.0	POINT(-19 14)	14	-19	-296.0	181.0
129340	2015-07-02 15:23:00	2015-07-02 15:30:00	2015-07-02 15:39:00	C3.7	12376.0	POINT(-40 15)	15	-40	-584.0	205.0
129350	2015-07-02 17:56:00	2015-07-02 19:26:00	2015-07-02 20:26:00	C1.2	12376.0	POINT(-30 9)	9	-30	-466.0	147.0
129360	2015-07-03 02:54:00	2015-07-03 03:05:00	2015-07-03 03:09:00	C5.6	12378.0	POINT(-75 -16)	-16	-75	-866.0	-295.0
129370	2015-07-03 03:52:00	2015-07-03 03:58:00	2015-07-03 04:02:00	C1.4	12373.0	POINT(-18 18)	18	-18	-257.0	229.0
129380	2015-07-03 04:52:00	2015-07-03 04:59:00	2015-07-03 05:04:00	C1.2	12373.0	POINT(-11 15)	15	-11	-173.0	244.0
129390	2015-07-03 05:49:00	2015-07-03 05:55:00	2015-07-03 06:02:00	C2.0	12378.0	POINT(-70 -16)	-16	-70	-857.0	-293.0
129400	2015-07-03 09:10:00	2015-07-03 09:19:00	2015-07-03 09:24:00	C3.4	12378.0	POINT(-69 -14)	-14	-69	-843.0	-298.0
129410	2015-07-03 11:14:00	2015-07-03 11:24:00	2015-07-03 11:32:00	C1.7	12378.0	POINT(-69 -15)	-15	-69	-854.0	-299.0
129420	2015-07-03 11:56:00	2015-07-03 11:59:00	2015-07-03 12:07:00	B7.6	12378.0	POINT(-70 -13)	-13	-70	-849.0	-272.0
129430	2015-07-03 12:47:00	2015-07-03 12:51:00	2015-07-03 12:53:00	M1.5	12378.0	POINT(-68 -15)	-15	-68	-831.0	-301.0
129440	2015-07-03 18:14:00	2015-07-03 18:20:00	2015-07-03 18:27:00	B8.0	12378.0	POINT(-66 -17)	-17	-66	-822.0	-309.0
129450	2015-07-03 20:44:00	2015-07-03 20:51:00	2015-07-03 20:57:00	C1.3	12378.0	POINT(-61 -17)	-17	-61	-795.0	-303.0
129460	2015-07-04 00:01:00	2015-07-04 00:08:00	2015-07-04 00:17:00	C1.0	12378.0	POINT(-62 -17)	-17	-62	-803.0	-305.0
129470	2015-07-04 15:01:00	2015-07-04 15:05:00	2015-07-04 15:08:00	B5.5	12376.0	POINT(-9 14)	14	-9	-143.0	228.0
129480	2015-07-04 20:33:00	2015-07-04 20:45:00	2015-07-04 20:55:00	B6.4	12378.0	POINT(-50 -19)	-19	-50	-703.0	-314.0
129490	2015-07-05 06:33:00	2015-07-05 06:38:00	2015-07-05 06:44:00	B5.1	12378.0	POINT(-46 -14)	-14	-46	-643.0	-307.0
129500	2015-07-05 06:52:00	2015-07-05 07:00:00	2015-07-05 07:08:00	B6.7	12378.0	POINT(-45 -17)	-17	-45	-644.0	-323.0
129510	2015-07-05 08:52:00	2015-07-05 09:15:00	2015-07-05 09:39:00	B7.4	12381.0	POINT(-56 17)	17	-56	-752.0	210.0
129520	2015-07-05 13:06:00	2015-07-05 13:20:00	2015-07-05 13:35:00	B9.4	12377.0	POINT(73 -16)	-16	73	868.0	-284.0
129530	2015-07-06 00:27:00	2015-07-06 02:13:00	2015-07-06 02:37:00	C1.4	12381.0	POINT(-44 14)	14	-44	-659.0	189.0
129540	2015-07-06 04:00:00	2015-07-06 04:07:00	2015-07-06 04:12:00	C1.2	12381.0	POINT(-44 13)	13	-44	-641.0	188.0
129550	2015-07-06 07:31:00	2015-07-06 07:50:00	2015-07-06 08:02:00	C2.5	12381.0	POINT(-42 17)	17	-42	-615.0	188.0
129560	2015-07-06 08:24:00	2015-07-06 08:44:00	2015-07-06 08:59:00	M1.0	12381.0	POINT(-42 17)	17	-42	-609.0	186.0
129570	2015-07-06 10:41:00	2015-07-06 10:52:00	2015-07-06 10:57:00	C1.3	12381.0	POINT(-40 17)	17	-40	-601.0	187.0
129580	2015-07-06 11:12:00	2015-07-06 11:19:00	2015-07-06 11:30:00	C1.9	12381.0	POINT(-40 17)	17	-40	-600.0	186.0
129590	2015-07-06 11:36:00	2015-07-06 11:42:00	2015-07-06 11:46:00	C5.7	12381.0	POINT(-42 17)	17	-42	-587.0	191.0
129600	2015-07-06 15:26:00	2015-07-06 15:31:00	2015-07-06 15:37:00	C2.2		POINT(-38 14)	14	-38	-573.0	186.0
129610	2015-07-06 16:19:00	2015-07-06 16:22:00	2015-07-06 16:25:00	C3.5	12381.0	POINT(-39 16)	16	-39	-575.0	181.0
129620	2015-07-06 16:31:00	2015-07-06 17:02:00	2015-07-06 17:39:00	C4.9	12381.0	POINT(-37 17)	17	-37	-551.0	186.0
129630	2015-07-06 19:57:00	2015-07-06 20:40:00	2015-07-06 21:20:00	M1.7	12381.0	POINT(-36 18)	18	-36	-524.0	180.0
129640	2015-07-06 23:06:00	2015-07-06 23:09:00	2015-07-06 23:43:00	C1.5	12381.0	POINT(-33 18)	18	-33	-524.0	193.0
129650	2015-07-07 02:52:00	2015-07-07 02:56:00	2015-07-07 03:22:00	C1.3	12381.0	POINT(-30 12)	12	-30	-471.0	169.0
129660	2015-07-07 03:46:00	2015-07-07 03:53:00	2015-07-07 03:58:00	C1.1	12381.0	POINT(-31 14)	14	-31	-474.0	187.0
129670	2015-07-07 03:47:00	2015-07-07 04:08:00	2015-07-07 05:09:00	C2.7	12381.0	POINT(-32 14)	14	-32	-458.0	188.0
129680	2015-07-07 07:28:00	2015-07-07 08:12:00	2015-07-07 08:37:00	C1.1		POINT(-28 12)	12	-28	-435.0	151.0
129690	2015-07-07 17:27:00	2015-07-07 17:31:00	2015-07-07 17:37:00	C1.4	12381.0	POINT(-21 15)	15	-21	-299.0	161.0
129700	2015-07-07 19:20:00	2015-07-07 19:28:00	2015-07-07 19:33:00	C1.1	12381.0	POINT(-21 13)	13	-21	-329.0	212.0
129710	2015-07-07 23:04:00	2015-07-07 23:10:00	2015-07-07 23:13:00	C1.5	12381.0	POINT(-14 11)	11	-14	-238.0	140.0
129720	2015-07-08 11:00:00	2015-07-08 11:06:00	2015-07-08 11:10:00	C1.0		POINT(-80 -22)	-22	-80	-858.0	-369.0
129730	2015-07-09 03:31:00	2015-07-09 03:37:00	2015-07-09 03:50:00	C1.9	12381.0	POINT(-1 13)	13	-1	-14.0	162.0
129740	2015-07-09 18:21:00	2015-07-09 18:28:00	2015-07-09 18:32:00	B9.7	12373.0	POINT(79 17)	17	79	886.0	266.0
129750	2015-07-10 01:21:00	2015-07-10 01:26:00	2015-07-10 01:30:00	B7.3	12384.0	POINT(-54 -22)	-22	-54	-726.0	-390.0
129760	2015-07-10 16:01:00	2015-07-10 16:06:00	2015-07-10 16:23:00	C1.1	12385.0	POINT(48 8)	8	48	730.0	63.0
129770	2015-07-10 23:42:00	2015-07-10 23:45:00	2015-07-10 23:49:00	B7.1	12385.0	POINT(53 6)	6	53	757.0	72.0
129780	2015-07-11 18:27:00	2015-07-11 18:36:00	2015-07-11 18:41:00	C1.0	12385.0	POINT(63 8)	8	63	842.0	87.0
129790	2015-07-11 23:11:00	2015-07-11 23:17:00	2015-07-11 23:25:00	B9.2	12385.0	POINT(67 8)	8	67	864.0	92.0
129800	2015-07-12 10:40:00	2015-07-12 10:51:00	2015-07-12 11:03:00	B6.2	12385.0	POINT(77 5)	5	77	915.0	78.0
129810	2015-07-12 12:02:00	2015-07-12 12:24:00	2015-07-12 12:35:00	B6.9	12385.0	POINT(78 6)	6	78	920.0	97.0
129820	2015-07-13 23:45:00	2015-07-13 23:48:00	2015-07-13 23:50:00	B6.3	12386.0	POINT(12 19)	19	12	185.0	258.0
129830	2015-07-14 03:47:00	2015-07-14 03:54:00	2015-07-14 03:57:00	B6.2		POINT(54 17)	17	54	738.0	248.0
129840	2015-07-14 04:47:00	2015-07-14 05:52:00	2015-07-14 09:19:00	B9.0		POINT(9 -20)	-20	9	150.0	-399.0
129850	2015-07-14 09:20:00	2015-07-14 09:22:00	2015-07-14 09:30:00	C1.0	12381.0	POINT(59 15)	15	59	765.0	263.0
129860	2015-07-14 12:03:00	2015-07-14 12:10:00	2015-07-14 12:28:00	C1.2	12387.0	POINT(-81 13)	13	-81	-907.0	215.0
129870	2015-07-14 15:44:00	2015-07-14 16:00:00	2015-07-14 16:12:00	B8.1	12387.0	POINT(21 11)	11	21	333.0	117.0
129880	2015-07-14 17:23:00	2015-07-14 17:27:00	2015-07-14 17:34:00	B7.1	12387.0	POINT(8 -15)	-15	8	141.0	-321.0
129890	2015-07-16 21:00:00	2015-07-16 21:11:00	2015-07-16 21:20:00	B5.8	12387.0	POINT(-65 16)	16	-65	-821.0	241.0
129900	2015-07-17 15:53:00	2015-07-17 15:59:00	2015-07-17 16:05:00	B5.1	12387.0	POINT(-54 19)	19	-54	-731.0	205.0
129910	2015-07-18 14:28:00	2015-07-18 14:42:00	2015-07-18 14:52:00	C1.8	12388.0	POINT(80 14)	14	80	900.0	225.0
129920	2015-07-19 09:22:00	2015-07-19 10:40:00	2015-07-19 13:02:00	C2.1		POINT(62 -25)	-25	62	755.0	-399.0
129930	2015-07-20 04:32:00	2015-07-20 04:52:00	2015-07-20 05:05:00	B6.4	12388.0	POINT(5 9)	9	5	89.0	80.0
129940	2015-07-21 05:23:00	2015-07-21 05:47:00	2015-07-21 06:20:00	B5.3	12384.0	POINT(-1 16)	16	-1	-22.0	185.0
129950	2015-07-21 12:16:00	2015-07-21 12:20:00	2015-07-21 12:25:00	B2.9	12387.0	POINT(0 17)	17	0	11.0	203.0
129960	2015-07-22 03:54:00	2015-07-22 03:57:00	2015-07-22 04:01:00	B2.4	12386.0	POINT(42 15)	15	42	617.0	197.0
129970	2015-07-24 03:07:00	2015-07-24 03:12:00	2015-07-24 03:15:00	C1.0	12389.0	POINT(-78 -12)	-12	-78	-906.0	-213.0
129980	2015-07-24 03:42:00	2015-07-24 03:48:00	2015-07-24 03:51:00	B4.0		POINT(-79 -12)	-12	-79	-907.0	-216.0
129990	2015-07-24 05:02:00	2015-07-24 05:17:00	2015-07-24 05:38:00	B4.9	12389.0	POINT(-73 -12)	-12	-73	-882.0	-232.0
130000	2015-07-24 08:05:00	2015-07-24 08:23:00	2015-07-24 08:47:00	B5.2	12389.0	POINT(-76 -11)	-11	-76	-901.0	-204.0
130010	2015-07-24 09:47:00	2015-07-24 09:52:00	2015-07-24 09:56:00	B4.6	12389.0	POINT(-73 -12)	-12	-73	-885.0	-224.0
130020	2015-07-24 14:35:00	2015-07-24 14:44:00	2015-07-24 14:49:00	C2.0	12389.0	POINT(-70 -14)	-14	-70	-853.0	-243.0
130030	2015-07-24 17:49:00	2015-07-24 17:55:00	2015-07-24 18:00:00	C2.6	12389.0	POINT(-67 -14)	-14	-67	-842.0	-245.0
130040	2015-07-24 20:45:00	2015-07-24 20:49:00	2015-07-24 20:57:00	B4.6	12389.0	POINT(-66 -11)	-11	-66	-847.0	-224.0
130050	2015-07-24 23:26:00	2015-07-24 23:38:00	2015-07-24 23:51:00	B6.9	12389.0	POINT(-62 -11)	-11	-62	-833.0	-234.0
130060	2015-07-26 09:20:00	2015-07-26 09:23:00	2015-07-26 09:26:00	B4.0	12389.0	POINT(-44 -10)	-10	-44	-638.0	-270.0
130070	2015-07-26 10:20:00	2015-07-26 10:24:00	2015-07-26 10:26:00	B5.8	12389.0	POINT(-44 -10)	-10	-44	-627.0	-270.0
130080	2015-07-26 11:34:00	2015-07-26 11:37:00	2015-07-26 11:39:00	B6.1	12389.0	POINT(-42 -12)	-12	-42	-626.0	-270.0
130090	2015-07-26 12:28:00	2015-07-26 12:34:00	2015-07-26 12:36:00	C1.1	12389.0	POINT(-41 -12)	-12	-41	-615.0	-267.0
130100	2015-07-27 03:40:00	2015-07-27 03:43:00	2015-07-27 03:45:00	B3.7	12390.0	POINT(0 -17)	-17	0	-5.0	-374.0
130110	2015-07-27 12:35:00	2015-07-27 12:39:00	2015-07-27 12:43:00	B3.9	12390.0	POINT(5 -15)	-15	5	95.0	-331.0
130120	2015-07-28 00:38:00	2015-07-28 00:42:00	2015-07-28 00:47:00	B4.3	12390.0	POINT(-22 -13)	-13	-22	-351.0	-298.0
130130	2015-07-30 23:28:00	2015-07-30 23:46:00	2015-07-30 23:53:00	B5.7	12393.0	POINT(-49 17)	17	-49	-689.0	220.0
130140	2015-07-31 03:55:00	2015-07-31 04:02:00	2015-07-31 04:08:00	B5.9	12390.0	POINT(55 -14)	-14	55	755.0	-291.0
130150	2015-08-01 01:14:00	2015-08-01 01:31:00	2015-08-01 01:37:00	B8.0	12393.0	POINT(-36 16)	16	-36	-520.0	173.0
130160	2015-08-01 17:04:00	2015-08-01 17:10:00	2015-08-01 17:16:00	B4.5	12390.0	POINT(74 -13)	-13	74	884.0	-266.0
130170	2015-08-01 17:47:00	2015-08-01 17:51:00	2015-08-01 17:56:00	B8.0	12394.0	POINT(-55 17)	17	-55	-741.0	230.0
130180	2015-08-01 19:59:00	2015-08-01 20:05:00	2015-08-01 20:10:00	C1.5	12390.0	POINT(77 -15)	-15	77	891.0	-266.0
130190	2015-08-01 21:00:00	2015-08-01 21:03:00	2015-08-01 21:09:00	B4.3	12394.0	POINT(-75 -19)	-19	-75	-864.0	-332.0
130200	2015-08-02 02:13:00	2015-08-02 02:21:00	2015-08-02 02:28:00	B7.5	12390.0	POINT(80 -14)	-14	80	903.0	-249.0
130210	2015-08-02 02:54:00	2015-08-02 02:58:00	2015-08-02 03:04:00	B6.1	12390.0	POINT(80 -14)	-14	80	903.0	-249.0
130220	2015-08-02 03:19:00	2015-08-02 03:26:00	2015-08-02 03:35:00	B6.7	12390.0	POINT(80 -14)	-14	80	902.0	-254.0
130230	2015-08-02 10:00:00	2015-08-02 10:03:00	2015-08-02 10:05:00	B3.9	12390.0	POINT(-83 10)	10	-83	-923.0	164.0
130240	2015-08-02 10:12:00	2015-08-02 10:19:00	2015-08-02 10:34:00	B7.4	12390.0	POINT(79 -13)	-13	79	905.0	-232.0
130250	2015-08-02 11:55:00	2015-08-02 11:59:00	2015-08-02 12:03:00	B4.0	12395.0	POINT(-84 10)	10	-84	-925.0	161.0
130260	2015-08-02 21:20:00	2015-08-02 22:43:00	2015-08-02 23:34:00	B7.9		POINT(-82 9)	9	-82	-923.0	147.0
130270	2015-08-03 05:37:00	2015-08-03 05:48:00	2015-08-03 05:56:00	B5.4	12391.0	POINT(8 5)	5	8	131.0	-3.0
130280	2015-08-04 18:36:00	2015-08-04 18:41:00	2015-08-04 18:51:00	B4.4	12396.0	POINT(-46 -15)	-15	-46	-658.0	-324.0
130290	2015-08-05 02:35:00	2015-08-05 02:40:00	2015-08-05 02:43:00	B5.5	12396.0	POINT(-45 -19)	-19	-45	-624.0	-356.0
130300	2015-08-05 04:47:00	2015-08-05 04:51:00	2015-08-05 04:53:00	B5.7	12394.0	POINT(1 11)	11	1	18.0	91.0
130310	2015-08-05 09:06:00	2015-08-05 09:07:00	2015-08-05 09:18:00	B5.2	12396.0	POINT(-39 -15)	-15	-39	-567.0	-335.0
130320	2015-08-05 11:33:00	2015-08-05 11:38:00	2015-08-05 11:46:00	B7.2	12396.0	POINT(-37 -15)	-15	-37	-569.0	-366.0
130330	2015-08-05 16:01:00	2015-08-05 16:06:00	2015-08-05 16:10:00	B7.3	12396.0	POINT(-33 -19)	-19	-33	-489.0	-396.0
130340	2015-08-05 21:26:00	2015-08-05 21:29:00	2015-08-05 21:40:00	B7.1	12396.0	POINT(-30 -16)	-16	-30	-456.0	-354.0
130350	2015-08-06 08:28:00	2015-08-06 08:29:00	2015-08-06 08:30:00	B5.0		POINT(82 14)	14	82	908.0	219.0
130360	2015-08-06 08:38:00	2015-08-06 09:05:00	2015-08-06 09:15:00	C1.0	12396.0	POINT(-24 -16)	-16	-24	-377.0	-348.0
130370	2015-08-06 19:09:00	2015-08-06 19:21:00	2015-08-06 19:36:00	C2.1	12396.0	POINT(-34 -17)	-17	-34	-505.0	-276.0
130380	2015-08-06 21:40:00	2015-08-06 21:49:00	2015-08-06 21:58:00	C1.5	12396.0	POINT(-18 -16)	-16	-18	-288.0	-363.0
130390	2015-08-07 03:45:00	2015-08-07 03:57:00	2015-08-07 04:06:00	C4.8	12396.0	POINT(-17 -17)	-17	-17	-266.0	-369.0
130400	2015-08-07 06:25:00	2015-08-07 06:34:00	2015-08-07 06:47:00	B6.7	12396.0	POINT(-16 -17)	-17	-16	-213.0	-372.0
130410	2015-08-07 09:01:00	2015-08-07 09:08:00	2015-08-07 09:17:00	C1.1	12396.0	POINT(-15 -17)	-17	-15	-221.0	-370.0
130420	2015-08-07 10:05:00	2015-08-07 10:12:00	2015-08-07 10:23:00	B8.4	12396.0	POINT(-14 -18)	-18	-14	-191.0	-402.0
130430	2015-08-07 14:01:00	2015-08-07 14:49:00	2015-08-07 15:11:00	C1.8	12396.0	POINT(-8 -17)	-17	-8	-158.0	-377.0
130440	2015-08-07 15:57:00	2015-08-07 16:01:00	2015-08-07 16:12:00	B6.7	12394.0	POINT(31 12)	12	31	457.0	93.0
130450	2015-08-07 16:59:00	2015-08-07 17:06:00	2015-08-07 17:26:00	C1.9	12396.0	POINT(-8 -17)	-17	-8	-147.0	-375.0
130460	2015-08-07 18:11:00	2015-08-07 18:15:00	2015-08-07 18:19:00	C2.0	12394.0	POINT(36 11)	11	36	533.0	90.0
130470	2015-08-07 18:40:00	2015-08-07 18:45:00	2015-08-07 18:51:00	C1.6	12396.0	POINT(-6 -17)	-17	-6	-95.0	-380.0
130480	2015-08-07 18:53:00	2015-08-07 19:10:00	2015-08-07 19:24:00	C3.4	12396.0	POINT(-8 -17)	-17	-8	-140.0	-386.0
130490	2015-08-07 19:34:00	2015-08-07 19:41:00	2015-08-07 19:50:00	C5.4	12396.0	POINT(-8 -17)	-17	-8	-131.0	-374.0
130500	2015-08-07 20:39:00	2015-08-07 20:44:00	2015-08-07 20:48:00	C1.0	12396.0	POINT(-5 -16)	-16	-5	-87.0	-370.0
130510	2015-08-07 21:11:00	2015-08-07 21:16:00	2015-08-07 21:20:00	C1.0	12396.0	POINT(-5 -18)	-18	-5	-83.0	-389.0
130520	2015-08-07 22:36:00	2015-08-07 22:43:00	2015-08-07 23:00:00	C1.7	12396.0	POINT(-3 -17)	-17	-3	-55.0	-377.0
130530	2015-08-08 02:38:00	2015-08-08 02:52:00	2015-08-08 03:23:00	C1.4	12396.0	POINT(-4 -18)	-18	-4	-69.0	-401.0
130540	2015-08-08 05:40:00	2015-08-08 06:03:00	2015-08-08 07:02:00	C1.5	12396.0	POINT(0 -17)	-17	0	3.0	-374.0
130550	2015-08-08 09:00:00	2015-08-08 09:15:00	2015-08-08 09:30:00	C1.6	12396.0	POINT(1 -17)	-17	1	24.0	-381.0
130560	2015-08-08 14:17:00	2015-08-08 14:38:00	2015-08-08 14:52:00	C1.0	12396.0	POINT(3 -17)	-17	3	48.0	-380.0
130570	2015-08-08 15:09:00	2015-08-08 15:15:00	2015-08-08 15:23:00	B7.5	12394.0	POINT(-56 -7)	-7	-56	-780.0	-185.0
130580	2015-08-09 07:30:00	2015-08-09 07:52:00	2015-08-09 08:23:00	C4.2	12396.0	POINT(14 -19)	-19	14	218.0	-406.0
130590	2015-08-10 06:04:00	2015-08-10 06:10:00	2015-08-10 06:12:00	B8.2	12396.0	POINT(31 -21)	-21	31	455.0	-339.0
130600	2015-08-10 09:07:00	2015-08-10 09:11:00	2015-08-10 09:13:00	B7.6	12396.0	POINT(37 -18)	-18	37	552.0	-368.0
130610	2015-08-11 01:38:00	2015-08-11 01:42:00	2015-08-11 01:44:00	B3.2	12396.0	POINT(33 -16)	-16	33	507.0	-348.0
130620	2015-08-11 10:17:00	2015-08-11 10:26:00	2015-08-11 10:30:00	B4.9	12396.0	POINT(46 -17)	-17	46	651.0	-276.0
130630	2015-08-11 10:42:00	2015-08-11 10:47:00	2015-08-11 10:51:00	B4.9	12396.0	POINT(43 -19)	-19	43	610.0	-308.0
130640	2015-08-11 14:47:00	2015-08-11 14:54:00	2015-08-11 15:04:00	B6.6	12396.0	POINT(48 -17)	-17	48	672.0	-276.0
130650	2015-08-11 15:11:00	2015-08-11 15:15:00	2015-08-11 15:18:00	C1.0	12396.0	POINT(83 12)	12	83	918.0	188.0
130660	2015-08-11 16:56:00	2015-08-11 17:00:00	2015-08-11 17:09:00	B4.8	12400.0	POINT(-42 17)	17	-42	-601.0	207.0
130670	2015-08-11 21:16:00	2015-08-11 21:23:00	2015-08-11 21:23:00	B4.9		POINT(52 -18)	-18	52	711.0	-357.0
130680	2015-08-12 10:26:00	2015-08-12 10:29:00	2015-08-12 10:33:00	B6.7	12394.0	POINT(-1 15)	15	-1	-15.0	245.0
130690	2015-08-12 14:26:00	2015-08-12 15:26:00	2015-08-12 16:47:00	B7.0		POINT(27 -27)	-27	27	392.0	-514.0
130700	2015-08-13 02:00:00	2015-08-13 02:04:00	2015-08-13 02:07:00	B3.3	12396.0	POINT(65 -18)	-18	65	817.0	-348.0
130710	2015-08-13 08:34:00	2015-08-13 08:38:00	2015-08-13 08:51:00	B3.6		POINT(-16 16)	16	-16	-261.0	173.0
130720	2015-08-13 10:30:00	2015-08-13 10:45:00	2015-08-13 11:00:00	B5.8	12400.0	POINT(-17 18)	18	-17	-290.0	185.0
130730	2015-08-13 13:39:00	2015-08-13 13:53:00	2015-08-13 13:57:00	B2.9	12401.0	POINT(-58 -12)	-12	-58	-797.0	-240.0
130740	2015-08-13 17:24:00	2015-08-13 17:27:00	2015-08-13 17:32:00	B4.1	12401.0	POINT(-56 -11)	-11	-56	-765.0	-238.0
130750	2015-08-13 17:51:00	2015-08-13 18:03:00	2015-08-13 18:10:00	B4.3	12401.0	POINT(-56 -10)	-10	-56	-773.0	-236.0
130760	2015-08-14 00:26:00	2015-08-14 00:33:00	2015-08-14 00:37:00	C1.1	12401.0	POINT(-51 -11)	-11	-51	-728.0	-246.0
130770	2015-08-14 00:51:00	2015-08-14 01:04:00	2015-08-14 01:10:00	C1.1	12401.0	POINT(-51 -10)	-10	-51	-734.0	-238.0
130780	2015-08-14 01:55:00	2015-08-14 02:00:00	2015-08-14 02:04:00	C1.9	12401.0	POINT(-49 -10)	-10	-49	-710.0	-247.0
130790	2015-08-14 03:00:00	2015-08-14 03:04:00	2015-08-14 03:08:00	C1.6	12401.0	POINT(-50 -11)	-11	-50	-707.0	-245.0
130800	2015-08-14 05:30:00	2015-08-14 05:38:00	2015-08-14 05:40:00	B4.4		POINT(-48 -11)	-11	-48	-698.0	-252.0
130810	2015-08-14 07:32:00	2015-08-14 07:35:00	2015-08-14 07:37:00	B5.2	12401.0	POINT(-47 -11)	-11	-47	-683.0	-239.0
130820	2015-08-15 04:25:00	2015-08-15 04:30:00	2015-08-15 04:35:00	B5.5	12401.0	POINT(-38 -13)	-13	-38	-552.0	-285.0
130830	2015-08-15 05:07:00	2015-08-15 05:10:00	2015-08-15 05:12:00	B4.3	12401.0	POINT(-36 -12)	-12	-36	-558.0	-294.0
130840	2015-08-15 12:02:00	2015-08-15 12:31:00	2015-08-15 12:59:00	C1.6	12401.0	POINT(-33 -8)	-8	-33	-502.0	-269.0
130850	2015-08-16 06:30:00	2015-08-16 06:42:00	2015-08-16 06:51:00	B2.8	12401.0	POINT(-22 -10)	-10	-22	-359.0	-291.0
130860	2015-08-16 22:59:00	2015-08-16 23:05:00	2015-08-16 23:08:00	B3.9		POINT(-62 6)	6	-62	-837.0	48.0
130870	2015-08-17 00:20:00	2015-08-17 00:25:00	2015-08-17 00:29:00	B2.7	12401.0	POINT(-14 -11)	-11	-14	-229.0	-291.0
130880	2015-08-17 08:41:00	2015-08-17 08:45:00	2015-08-17 08:50:00	B2.8	12403.0	POINT(-83 -13)	-13	-83	-914.0	-237.0
130890	2015-08-17 13:49:00	2015-08-17 13:53:00	2015-08-17 13:57:00	B2.1	12401.0	POINT(-4 -10)	-10	-4	-67.0	-284.0
130900	2015-08-17 14:20:00	2015-08-17 14:24:00	2015-08-17 14:27:00	B2.6	12401.0	POINT(-3 -11)	-11	-3	-63.0	-294.0
130910	2015-08-18 00:01:00	2015-08-18 00:22:00	2015-08-18 00:36:00	B2.9	12403.0	POINT(-79 -30)	-30	-79	-803.0	-494.0
130920	2015-08-18 14:53:00	2015-08-18 15:12:00	2015-08-18 15:34:00	B4.3	12403.0	POINT(-60 -17)	-17	-60	-789.0	-341.0
130930	2015-08-19 05:18:00	2015-08-19 05:38:00	2015-08-19 05:45:00	B4.8	12403.0	POINT(-64 -13)	-13	-64	-831.0	-263.0
130940	2015-08-19 10:48:00	2015-08-19 10:53:00	2015-08-19 10:55:00	B6.8	12403.0	POINT(-58 -10)	-10	-58	-782.0	-264.0
130950	2015-08-19 11:46:00	2015-08-19 11:50:00	2015-08-19 11:54:00	B3.0	12403.0	POINT(-58 -10)	-10	-58	-784.0	-266.0
130960	2015-08-19 12:01:00	2015-08-19 12:04:00	2015-08-19 12:08:00	B3.6	12403.0	POINT(-57 -12)	-12	-57	-777.0	-197.0
130970	2015-08-19 12:13:00	2015-08-19 12:17:00	2015-08-19 12:19:00	B5.4	12403.0	POINT(-58 -10)	-10	-58	-774.0	-265.0
130980	2015-08-19 13:03:00	2015-08-19 13:07:00	2015-08-19 13:32:00	B6.1	12401.0	POINT(21 -11)	-11	21	333.0	-180.0
130990	2015-08-19 13:54:00	2015-08-19 14:21:00	2015-08-19 14:43:00	B6.4	12403.0	POINT(-51 -21)	-21	-51	-692.0	-406.0
131000	2015-08-19 15:58:00	2015-08-19 16:01:00	2015-08-19 16:03:00	B4.5		POINT(23 -9)	-9	23	375.0	-254.0
131010	2015-08-19 17:59:00	2015-08-19 18:04:00	2015-08-19 18:09:00	B6.2	12403.0	POINT(-58 -15)	-15	-58	-772.0	-307.0
131020	2015-08-19 19:35:00	2015-08-19 19:38:00	2015-08-19 19:41:00	B4.6	12403.0	POINT(-55 -12)	-12	-55	-762.0	-274.0
131030	2015-08-19 21:50:00	2015-08-19 21:53:00	2015-08-19 21:58:00	B4.0	12403.0	POINT(-52 -13)	-13	-52	-732.0	-281.0
131040	2015-08-19 22:27:00	2015-08-19 22:47:00	2015-08-19 23:03:00	B5.1	12403.0	POINT(-57 -15)	-15	-57	-767.0	-314.0
131050	2015-08-20 00:54:00	2015-08-20 00:58:00	2015-08-20 01:00:00	B5.5	12403.0	POINT(-50 -12)	-12	-50	-712.0	-282.0
131060	2015-08-20 02:32:00	2015-08-20 02:35:00	2015-08-20 02:37:00	B4.2	12403.0	POINT(28 -12)	-12	28	438.0	-305.0
131070	2015-08-20 05:08:00	2015-08-20 05:26:00	2015-08-20 06:29:00	C3.4	12403.0	POINT(-45 -13)	-13	-45	-643.0	-344.0
131080	2015-08-20 07:00:00	2015-08-20 07:23:00	2015-08-20 07:28:00	C1.7	12403.0	POINT(-49 -18)	-18	-49	-681.0	-287.0
131090	2015-08-20 07:47:00	2015-08-20 08:09:00	2015-08-20 08:47:00	C1.6	12403.0	POINT(-47 -13)	-13	-47	-669.0	-288.0
131100	2015-08-20 13:46:00	2015-08-20 13:50:00	2015-08-20 13:55:00	B8.2	12403.0	POINT(-46 -12)	-12	-46	-632.0	-293.0
131110	2015-08-20 14:25:00	2015-08-20 15:59:00	2015-08-20 16:19:00	C1.1	12403.0	POINT(-45 -13)	-13	-45	-671.0	-342.0
131120	2015-08-20 17:50:00	2015-08-20 17:53:00	2015-08-20 17:55:00	B9.6	12403.0	POINT(-43 -15)	-15	-43	-622.0	-339.0
131130	2015-08-20 21:34:00	2015-08-20 21:38:00	2015-08-20 21:45:00	C1.3	12403.0	POINT(-39 -14)	-14	-39	-607.0	-317.0
131140	2015-08-20 22:23:00	2015-08-20 22:28:00	2015-08-20 22:38:00	B8.9	12403.0	POINT(-40 -16)	-16	-40	-580.0	-367.0
131150	2015-08-20 23:30:00	2015-08-20 23:41:00	2015-08-20 23:44:00	C1.1	12403.0	POINT(-41 -16)	-16	-41	-576.0	-364.0
131160	2015-08-21 00:27:00	2015-08-21 00:30:00	2015-08-21 00:32:00	B9.7	12403.0	POINT(-39 -16)	-16	-39	-566.0	-340.0
131170	2015-08-21 01:51:00	2015-08-21 02:15:00	2015-08-21 03:11:00	M1.2	12403.0	POINT(-39 -16)	-16	-39	-576.0	-297.0
131180	2015-08-21 07:56:00	2015-08-21 08:04:00	2015-08-21 08:11:00	B9.1	12403.0	POINT(-33 -14)	-14	-33	-508.0	-336.0
131190	2015-08-21 08:17:00	2015-08-21 08:26:00	2015-08-21 08:50:00	C1.2	12403.0	POINT(-34 -14)	-14	-34	-504.0	-338.0
131200	2015-08-21 09:34:00	2015-08-21 09:48:00	2015-08-21 10:07:00	M1.4	12403.0	POINT(-26 -17)	-17	-26	-411.0	-376.0
131210	2015-08-21 14:33:00	2015-08-21 14:39:00	2015-08-21 14:57:00	C1.2	12403.0	POINT(-30 -9)	-9	-30	-456.0	-279.0
131220	2015-08-21 19:10:00	2015-08-21 20:34:00	2015-08-21 20:50:00	M1.1	12403.0	POINT(-26 -12)	-12	-26	-430.0	-347.0
131230	2015-08-21 23:34:00	2015-08-21 23:46:00	2015-08-21 23:53:00	C1.3	12403.0	POINT(-16 -22)	-22	-16	-242.0	-355.0
131240	2015-08-22 00:20:00	2015-08-22 00:27:00	2015-08-22 00:37:00	C2.0	12403.0	POINT(-22 -15)	-15	-22	-343.0	-245.0
131250	2015-08-22 06:27:00	2015-08-22 06:33:00	2015-08-22 06:37:00	C5.1	12403.0	POINT(-22 -15)	-15	-22	-354.0	-362.0
131260	2015-08-22 06:39:00	2015-08-22 06:49:00	2015-08-22 06:59:00	M1.2	12403.0	POINT(-13 -15)	-15	-13	-212.0	-356.0
131270	2015-08-22 08:34:00	2015-08-22 08:43:00	2015-08-22 08:48:00	C6.7	12403.0	POINT(-22 -16)	-16	-22	-345.0	-363.0
131280	2015-08-22 09:09:00	2015-08-22 09:21:00	2015-08-22 09:39:00	C5.1	12403.0	POINT(-20 -12)	-12	-20	-322.0	-317.0
131290	2015-08-22 10:21:00	2015-08-22 10:25:00	2015-08-22 10:31:00	C6.3	12403.0	POINT(-21 -15)	-15	-21	-329.0	-362.0
131300	2015-08-22 11:17:00	2015-08-22 11:34:00	2015-08-22 11:47:00	C3.4	12403.0	POINT(-18 -15)	-15	-18	-306.0	-402.0
131310	2015-08-22 13:22:00	2015-08-22 13:22:00	2015-08-22 15:17:00	C2.2	12403.0	POINT(-19 -15)	-15	-19	-262.0	-348.0
131320	2015-08-22 15:19:00	2015-08-22 15:29:00	2015-08-22 15:31:00	C1.6	12403.0	POINT(-19 -15)	-15	-19	-243.0	-368.0
131330	2015-08-22 15:42:00	2015-08-22 16:21:00	2015-08-22 16:49:00	C1.6	12403.0	POINT(-16 -15)	-15	-16	-278.0	-368.0
131340	2015-08-22 18:43:00	2015-08-22 18:57:00	2015-08-22 19:01:00	C2.2	12403.0	POINT(-16 -16)	-16	-16	-252.0	-371.0
131350	2015-08-22 20:04:00	2015-08-22 20:42:00	2015-08-22 20:54:00	C3.1		POINT(-15 -16)	-16	-15	-251.0	-369.0
131360	2015-08-22 21:19:00	2015-08-22 21:24:00	2015-08-22 21:28:00	M3.5	12403.0	POINT(-15 -15)	-15	-15	-244.0	-369.0
131370	2015-08-22 22:34:00	2015-08-22 22:37:00	2015-08-22 22:40:00	C1.5	12403.0	POINT(-14 -15)	-15	-14	-232.0	-362.0
131380	2015-08-22 23:02:00	2015-08-22 23:29:00	2015-08-22 23:57:00	C2.7	12403.0	POINT(-12 -14)	-14	-12	-196.0	-345.0
131390	2015-08-23 07:00:00	2015-08-23 07:14:00	2015-08-23 07:23:00	C6.6	12403.0	POINT(-9 -15)	-15	-9	-157.0	-382.0
131400	2015-08-23 08:53:00	2015-08-23 08:57:00	2015-08-23 09:13:00	C2.4	12403.0	POINT(-7 -15)	-15	-7	-143.0	-375.0
131410	2015-08-23 09:53:00	2015-08-23 09:56:00	2015-08-23 09:58:00	B9.8	12403.0	POINT(-4 -16)	-16	-4	-73.0	-380.0
131420	2015-08-23 11:15:00	2015-08-23 11:21:00	2015-08-23 11:26:00	C1.7	12403.0	POINT(-9 -16)	-16	-9	-125.0	-376.0
131430	2015-08-23 18:56:00	2015-08-23 19:07:00	2015-08-23 19:27:00	C3.9	12403.0	POINT(-2 -17)	-17	-2	-42.0	-389.0
131440	2015-08-23 20:44:00	2015-08-23 20:57:00	2015-08-23 21:05:00	C2.2	12403.0	POINT(-1 -16)	-16	-1	-21.0	-386.0
131450	2015-08-24 06:11:00	2015-08-24 06:15:00	2015-08-24 06:24:00	C3.2	12403.0	POINT(2 -16)	-16	2	22.0	-384.0
131460	2015-08-24 06:35:00	2015-08-24 06:40:00	2015-08-24 06:46:00	C1.3	12403.0	POINT(5 -14)	-14	5	66.0	-374.0
131470	2015-08-24 07:08:00	2015-08-24 07:12:00	2015-08-24 07:15:00	C6.7	12403.0	POINT(4 -15)	-15	4	34.0	-384.0
131480	2015-08-24 07:26:00	2015-08-24 07:33:00	2015-08-24 07:35:00	M5.6	12403.0	POINT(4 -15)	-15	4	-13.0	-349.0
131490	2015-08-24 08:05:00	2015-08-24 08:08:00	2015-08-24 08:11:00	C2.8	12403.0	POINT(8 -14)	-14	8	147.0	-357.0
131500	2015-08-24 09:52:00	2015-08-24 09:58:00	2015-08-24 10:01:00	C1.5	12403.0	POINT(4 -15)	-15	4	60.0	-383.0
131510	2015-08-24 10:12:00	2015-08-24 10:19:00	2015-08-24 10:25:00	C1.6	12403.0	POINT(5 -15)	-15	5	9.0	-348.0
131520	2015-08-24 10:33:00	2015-08-24 10:37:00	2015-08-24 10:39:00	C1.1	12403.0	POINT(10 -14)	-14	10	165.0	-351.0
131530	2015-08-24 11:59:00	2015-08-24 12:06:00	2015-08-24 12:09:00	C2.5	12403.0	POINT(7 -14)	-14	7	34.0	-337.0
131540	2015-08-24 13:21:00	2015-08-24 13:25:00	2015-08-24 13:30:00	C1.6	12403.0	POINT(7 -15)	-15	7	95.0	-384.0
131550	2015-08-24 13:47:00	2015-08-24 13:56:00	2015-08-24 13:59:00	C2.1	12403.0	POINT(8 -15)	-15	8	47.0	-343.0
131560	2015-08-24 15:03:00	2015-08-24 15:12:00	2015-08-24 15:27:00	C5.8	12403.0	POINT(9 -15)	-15	9	143.0	-245.0
131570	2015-08-24 17:16:00	2015-08-24 17:22:00	2015-08-24 17:26:00	C1.3	12403.0	POINT(7 -16)	-16	7	125.0	-384.0
131580	2015-08-24 17:40:00	2015-08-24 17:46:00	2015-08-24 17:49:00	M1.0	12403.0	POINT(4 -14)	-14	4	72.0	-346.0
131590	2015-08-24 19:18:00	2015-08-24 19:22:00	2015-08-24 19:25:00	C1.3	12403.0	POINT(10 -18)	-18	10	170.0	-407.0
131600	2015-08-24 19:45:00	2015-08-24 19:53:00	2015-08-24 20:51:00	C1.2	12403.0	POINT(1 -14)	-14	1	16.0	-229.0
131610	2015-08-24 22:06:00	2015-08-24 22:11:00	2015-08-24 22:15:00	C1.4	12403.0	POINT(11 -14)	-14	11	115.0	-348.0
131620	2015-08-24 22:40:00	2015-08-24 22:45:00	2015-08-24 22:48:00	C3.0		POINT(11 -16)	-16	11	177.0	-382.0
131630	2015-08-24 23:06:00	2015-08-24 23:09:00	2015-08-24 23:11:00	C1.1		POINT(17 -13)	-13	17	284.0	-329.0
131640	2015-08-25 01:40:00	2015-08-25 01:46:00	2015-08-25 01:54:00	B7.6	12403.0	POINT(10 -18)	-18	10	162.0	-415.0
131650	2015-08-25 02:00:00	2015-08-25 02:03:00	2015-08-25 02:06:00	B9.2	12403.0	POINT(20 -16)	-16	20	331.0	-332.0
131660	2015-08-25 02:12:00	2015-08-25 02:18:00	2015-08-25 02:20:00	B8.2	12403.0	POINT(20 -16)	-16	20	210.0	-384.0
131670	2015-08-25 02:35:00	2015-08-25 02:42:00	2015-08-25 02:47:00	C3.6	12403.0	POINT(9 -16)	-16	9	143.0	-353.0
131680	2015-08-25 03:26:00	2015-08-25 03:30:00	2015-08-25 03:32:00	B8.7	12403.0	POINT(11 -18)	-18	11	185.0	-411.0
131690	2015-08-25 04:14:00	2015-08-25 04:20:00	2015-08-25 04:24:00	C1.1	12403.0	POINT(21 -15)	-15	21	311.0	-338.0
131700	2015-08-25 05:46:00	2015-08-25 05:50:00	2015-08-25 05:52:00	B8.5	12403.0	POINT(21 -15)	-15	21	354.0	-340.0
131710	2015-08-25 06:18:00	2015-08-25 06:31:00	2015-08-25 06:37:00	C4.3	12403.0	POINT(20 -15)	-15	20	359.0	-339.0
131720	2015-08-25 07:55:00	2015-08-25 08:02:00	2015-08-25 08:24:00	C2.3	12403.0	POINT(14 -17)	-17	14	294.0	-351.0
131730	2015-08-25 09:44:00	2015-08-25 09:47:00	2015-08-25 09:50:00	C1.7	12403.0	POINT(15 -17)	-17	15	207.0	-352.0
131740	2015-08-25 11:55:00	2015-08-25 11:59:00	2015-08-25 12:03:00	C2.3	12403.0	POINT(17 -18)	-18	17	287.0	-384.0
131750	2015-08-25 12:33:00	2015-08-25 12:38:00	2015-08-25 12:44:00	C1.3	12403.0	POINT(25 -15)	-15	25	384.0	-332.0
131760	2015-08-25 13:56:00	2015-08-25 14:02:00	2015-08-25 14:05:00	B9.5	12403.0	POINT(19 -18)	-18	19	293.0	-389.0
131770	2015-08-25 14:48:00	2015-08-25 14:53:00	2015-08-25 14:58:00	C1.1	12403.0	POINT(27 -15)	-15	27	446.0	-332.0
131780	2015-08-25 15:37:00	2015-08-25 15:40:00	2015-08-25 15:43:00	B9.7	12403.0	POINT(18 -16)	-16	18	332.0	-383.0
131790	2015-08-25 17:14:00	2015-08-25 17:17:00	2015-08-25 17:22:00	C1.0		POINT(20 -17)	-17	20	324.0	-383.0
131800	2015-08-25 18:01:00	2015-08-25 18:05:00	2015-08-25 18:08:00	C1.3	12403.0	POINT(26 -11)	-11	26	399.0	-317.0
131810	2015-08-25 19:23:00	2015-08-25 19:27:00	2015-08-25 19:31:00	C2.2	12403.0	POINT(28 -14)	-14	28	470.0	-330.0
131820	2015-08-25 19:47:00	2015-08-25 19:50:00	2015-08-25 19:53:00	B8.6	12403.0	POINT(23 -16)	-16	23	365.0	-375.0
131830	2015-08-25 22:01:00	2015-08-25 22:17:00	2015-08-25 22:28:00	B9.1	12403.0	POINT(39 -15)	-15	39	583.0	-340.0
131840	2015-08-25 23:40:00	2015-08-25 23:53:00	2015-08-26 00:04:00	C2.8	12403.0	POINT(40 -18)	-18	40	577.0	-366.0
131850	2015-08-26 02:56:00	2015-08-26 03:01:00	2015-08-26 03:04:00	C1.5	12403.0	POINT(27 -21)	-21	27	402.0	-340.0
131860	2015-08-26 13:40:00	2015-08-26 13:50:00	2015-08-26 18:40:00	C9.5	12403.0	POINT(41 -11)	-11	41	585.0	-331.0
131870	2015-08-26 19:20:00	2015-08-26 19:22:00	2015-08-26 19:24:00	C1.7	12403.0	POINT(44 -14)	-14	44	640.0	-229.0
131880	2015-08-26 19:32:00	2015-08-26 19:43:00	2015-08-26 19:50:00	C1.7	12403.0	POINT(50 -9)	-9	50	718.0	-148.0
131890	2015-08-26 23:55:00	2015-08-27 00:03:00	2015-08-27 00:12:00	C2.4	12403.0	POINT(44 -14)	-14	44	639.0	-229.0
131900	2015-08-27 01:36:00	2015-08-27 01:38:00	2015-08-27 01:45:00	C1.2	12403.0	POINT(39 -14)	-14	39	579.0	-229.0
131910	2015-08-27 02:33:00	2015-08-27 02:42:00	2015-08-27 02:45:00	C1.0	12403.0	POINT(49 -12)	-12	49	675.0	-320.0
131920	2015-08-27 03:25:00	2015-08-27 03:29:00	2015-08-27 03:36:00	C1.3	12403.0	POINT(49 -14)	-14	49	692.0	-312.0
131930	2015-08-27 03:38:00	2015-08-27 03:41:00	2015-08-27 03:44:00	C1.0	12403.0	POINT(49 -14)	-14	49	695.0	-229.0
131940	2015-08-27 04:48:00	2015-08-27 05:44:00	2015-08-27 06:03:00	M2.9	12403.0	POINT(45 -14)	-14	45	701.0	-313.0
131950	2015-08-27 17:10:00	2015-08-27 17:34:00	2015-08-27 17:39:00	B7.1	12403.0	POINT(57 -14)	-14	57	771.0	-301.0
131960	2015-08-27 20:24:00	2015-08-27 20:31:00	2015-08-27 20:34:00	C1.4	12403.0	POINT(57 -14)	-14	57	785.0	-299.0
131970	2015-08-28 00:29:00	2015-08-28 00:37:00	2015-08-28 00:46:00	C1.2	12403.0	POINT(61 -14)	-14	61	808.0	-296.0
131980	2015-08-28 02:42:00	2015-08-28 02:51:00	2015-08-28 03:06:00	C8.0	12403.0	POINT(59 -13)	-13	59	810.0	-293.0
131990	2015-08-28 06:17:00	2015-08-28 06:28:00	2015-08-28 06:38:00	C4.5	12403.0	POINT(72 -16)	-16	72	869.0	-306.0
132000	2015-08-28 08:13:00	2015-08-28 08:19:00	2015-08-28 08:31:00	C3.7	12403.0	POINT(63 -14)	-14	63	834.0	-287.0
132010	2015-08-28 09:44:00	2015-08-28 09:47:00	2015-08-28 09:49:00	C1.0	12405.0	POINT(65 -14)	-14	65	835.0	-229.0
132020	2015-08-28 09:52:00	2015-08-28 09:58:00	2015-08-28 10:04:00	C1.3	12403.0	POINT(65 -14)	-14	65	840.0	-285.0
132030	2015-08-28 11:22:00	2015-08-28 11:44:00	2015-08-28 11:54:00	C5.3	12403.0	POINT(67 -14)	-14	67	848.0	-285.0
132040	2015-08-28 12:44:00	2015-08-28 12:55:00	2015-08-28 13:00:00	C2.6	12403.0	POINT(67 -14)	-14	67	852.0	-282.0
132050	2015-08-28 13:04:00	2015-08-28 13:16:00	2015-08-28 13:23:00	M2.2	12403.0	POINT(65 -14)	-14	65	846.0	-284.0
132060	2015-08-28 15:35:00	2015-08-28 15:38:00	2015-08-28 15:46:00	C1.2	12403.0	POINT(65 -14)	-14	65	837.0	-251.0
132070	2015-08-28 15:49:00	2015-08-28 15:53:00	2015-08-28 16:00:00	C1.5	12403.0	POINT(66 -14)	-14	66	863.0	-270.0
132080	2015-08-28 17:15:00	2015-08-28 17:19:00	2015-08-28 17:21:00	B9.5	12403.0	POINT(69 -14)	-14	69	864.0	-276.0
132090	2015-08-28 17:34:00	2015-08-28 17:38:00	2015-08-28 17:42:00	C2.0	12403.0	POINT(70 -14)	-14	70	866.0	-275.0
132100	2015-08-28 18:36:00	2015-08-28 18:44:00	2015-08-28 18:55:00	C1.1	12403.0	POINT(66 -11)	-11	66	862.0	-243.0
132110	2015-08-28 18:44:00	2015-08-28 19:04:00	2015-08-28 19:24:00	M2.1	12403.0	POINT(70 -13)	-13	70	869.0	-273.0
132120	2015-08-28 19:30:00	2015-08-28 19:39:00	2015-08-28 19:42:00	C4.6	12403.0	POINT(70 -13)	-13	70	872.0	-278.0
132130	2015-08-28 20:21:00	2015-08-28 20:29:00	2015-08-28 20:38:00	C2.1	12403.0	POINT(78 -13)	-13	78	903.0	-245.0
132140	2015-08-28 21:27:00	2015-08-28 21:39:00	2015-08-28 21:44:00	C1.7	12405.0	POINT(74 -15)	-15	74	884.0	-279.0
132150	2015-08-28 22:10:00	2015-08-28 22:13:00	2015-08-28 22:16:00	C1.2	12403.0	POINT(73 -14)	-14	73	882.0	-264.0
132160	2015-08-28 23:39:00	2015-08-28 23:47:00	2015-08-28 23:57:00	C4.8	12403.0	POINT(75 -14)	-14	75	884.0	-278.0
132170	2015-08-29 03:01:00	2015-08-29 03:04:00	2015-08-29 03:06:00	B9.1	12403.0	POINT(79 -15)	-15	79	900.0	-266.0
132180	2015-08-29 07:20:00	2015-08-29 07:32:00	2015-08-29 07:40:00	C2.3	12403.0	POINT(-82 -44)	-44	-82	-1229.0	-1229.0
132190	2015-08-29 14:01:00	2015-08-29 14:20:00	2015-08-29 14:26:00	C1.4	12405.0	POINT(-28 -23)	-23	-28	-421.0	-476.0
132200	2015-08-29 14:46:00	2015-08-29 15:25:00	2015-08-29 15:41:00	C2.3	12403.0	POINT(80 -13)	-13	80	911.0	-236.0
132210	2015-08-29 19:59:00	2015-08-29 20:37:00	2015-08-29 20:57:00	C2.4	12403.0	POINT(79 -18)	-18	79	888.0	-313.0
132220	2015-08-30 02:01:00	2015-08-30 03:30:00	2015-08-30 04:23:00	M1.4	12403.0	POINT(80 -17)	-17	80	893.0	-305.0
132230	2015-08-30 09:23:00	2015-08-30 09:38:00	2015-08-30 10:00:00	C1.0	12403.0	POINT(79 -16)	-16	79	896.0	-288.0
132240	2015-08-30 13:29:00	2015-08-30 13:51:00	2015-08-30 13:54:00	C1.0	12405.0	POINT(-15 -23)	-23	-15	-237.0	-480.0
132250	2015-08-31 04:55:00	2015-08-31 05:22:00	2015-08-31 06:01:00	C2.2	12403.0	POINT(79 -12)	-12	79	911.0	-227.0
132260	2015-08-31 14:27:00	2015-08-31 14:38:00	2015-08-31 14:47:00	B4.5	12405.0	POINT(-1 -21)	-21	-1	-21.0	-489.0
132270	2015-09-02 07:50:00	2015-09-02 07:55:00	2015-09-02 08:00:00	B5.0	12407.0	POINT(82 16)	16	82	902.0	255.0
132280	2015-09-03 02:09:00	2015-09-03 02:13:00	2015-09-03 02:17:00	B2.9		POINT(-36 -19)	-19	-36	-542.0	-399.0
132290	2015-09-03 03:02:00	2015-09-03 03:08:00	2015-09-03 03:12:00	B3.0		POINT(-36 -19)	-19	-36	-534.0	-401.0
132300	2015-09-03 07:00:00	2015-09-03 07:03:00	2015-09-03 07:08:00	B3.1	12407.0	POINT(-82 -44)	-44	-82	-1229.0	-1229.0
132310	2015-09-03 09:38:00	2015-09-03 09:43:00	2015-09-03 09:51:00	B3.0	12407.0	POINT(-34 -19)	-19	-34	-504.0	-405.0
132320	2015-09-03 11:28:00	2015-09-03 11:37:00	2015-09-03 11:48:00	C1.7	12407.0	POINT(82 14)	14	82	914.0	215.0
132330	2015-09-03 22:48:00	2015-09-03 22:53:00	2015-09-03 22:58:00	B2.8		POINT(-26 -19)	-19	-26	-406.0	-412.0
132340	2015-09-04 05:13:00	2015-09-04 05:18:00	2015-09-04 05:26:00	B4.4	12409.0	POINT(-28 6)	6	-28	-413.0	-34.0
132350	2015-09-05 02:11:00	2015-09-05 02:15:00	2015-09-05 02:20:00	B3.0	12410.0	POINT(-11 -18)	-18	-11	-172.0	-294.0
132360	2015-09-05 10:06:00	2015-09-05 10:10:00	2015-09-05 10:13:00	B2.2	12409.0	POINT(-6 5)	5	-6	-105.0	-24.0
132370	2015-09-11 02:39:00	2015-09-11 02:45:00	2015-09-11 03:08:00	B4.2	12415.0	POINT(-80 -19)	-19	-80	-884.0	-338.0
132380	2015-09-11 12:25:00	2015-09-11 12:29:00	2015-09-11 12:32:00	B3.6	12415.0	POINT(14 -11)	-11	14	226.0	-181.0
132390	2015-09-11 12:52:00	2015-09-11 13:12:00	2015-09-11 13:17:00	B6.7	12415.0	POINT(-79 -20)	-20	-79	-878.0	-351.0
132400	2015-09-11 16:23:00	2015-09-11 16:27:00	2015-09-11 16:33:00	B3.3	12415.0	POINT(-75 -20)	-20	-75	-864.0	-357.0
132410	2015-09-11 16:43:00	2015-09-11 16:46:00	2015-09-11 16:49:00	B4.3	12414.0	POINT(17 -9)	-9	17	283.0	-278.0
132420	2015-09-11 21:03:00	2015-09-11 21:07:00	2015-09-11 21:10:00	B3.6	12415.0	POINT(-71 -24)	-24	-71	-822.0	-426.0
132430	2015-09-11 21:30:00	2015-09-11 21:37:00	2015-09-11 21:43:00	C1.3	12414.0	POINT(18 -8)	-8	18	290.0	-263.0
132440	2015-09-13 04:15:00	2015-09-13 04:20:00	2015-09-13 04:29:00	B6.4	12414.0	POINT(33 -9)	-9	33	523.0	-251.0
132450	2015-09-13 05:20:00	2015-09-13 05:24:00	2015-09-13 05:33:00	B6.1	12414.0	POINT(35 -11)	-11	35	528.0	-251.0
132460	2015-09-13 12:35:00	2015-09-13 12:39:00	2015-09-13 12:43:00	B4.5	12415.0	POINT(-49 -19)	-19	-49	-680.0	-419.0
132470	2015-09-14 00:37:00	2015-09-14 00:42:00	2015-09-14 00:45:00	B5.7	12415.0	POINT(-40 -21)	-21	-40	-578.0	-425.0
132480	2015-09-14 02:51:00	2015-09-14 02:54:00	2015-09-14 02:56:00	B3.5	12415.0	POINT(37 2)	2	37	587.0	-50.0
132490	2015-09-14 07:42:00	2015-09-14 07:45:00	2015-09-14 07:47:00	B2.7	12415.0	POINT(-41 -21)	-21	-41	-585.0	-428.0
132500	2015-09-14 17:36:00	2015-09-14 17:41:00	2015-09-14 17:52:00	B9.6	12415.0	POINT(-34 -19)	-19	-34	-501.0	-422.0
132510	2015-09-14 22:14:00	2015-09-14 22:19:00	2015-09-14 22:22:00	B5.8	12415.0	POINT(-27 -20)	-20	-27	-384.0	-437.0
132520	2015-09-15 00:09:00	2015-09-15 00:17:00	2015-09-15 00:21:00	B8.7	12415.0	POINT(-25 -20)	-20	-25	-360.0	-452.0
132530	2015-09-15 01:16:00	2015-09-15 01:20:00	2015-09-15 01:23:00	B5.5	12415.0	POINT(-24 -21)	-21	-24	-368.0	-447.0
132540	2015-09-15 01:23:00	2015-09-15 01:27:00	2015-09-15 01:29:00	B7.9		POINT(-24 -21)	-21	-24	-364.0	-443.0
132550	2015-09-15 01:55:00	2015-09-15 01:59:00	2015-09-15 02:03:00	B7.7	12415.0	POINT(-23 -20)	-20	-23	-356.0	-442.0
132560	2015-09-15 02:17:00	2015-09-15 02:20:00	2015-09-15 02:22:00	C1.0	12415.0	POINT(-23 -21)	-21	-23	-350.0	-448.0
132570	2015-09-15 02:46:00	2015-09-15 02:58:00	2015-09-15 03:00:00	C1.2	12415.0	POINT(-23 -21)	-21	-23	-356.0	-443.0
132580	2015-09-15 05:12:00	2015-09-15 05:19:00	2015-09-15 05:25:00	C1.3	12415.0	POINT(-27 -19)	-19	-27	-417.0	-420.0
132590	2015-09-15 05:56:00	2015-09-15 06:00:00	2015-09-15 06:03:00	B6.0	12415.0	POINT(-21 -21)	-21	-21	-326.0	-450.0
132600	2015-09-15 06:07:00	2015-09-15 06:11:00	2015-09-15 06:13:00	C1.2	12415.0	POINT(-21 -20)	-20	-21	-330.0	-436.0
132610	2015-09-15 07:07:00	2015-09-15 07:11:00	2015-09-15 07:15:00	C1.0	12415.0	POINT(-22 -20)	-20	-22	-323.0	-443.0
132620	2015-09-15 12:03:00	2015-09-15 12:06:00	2015-09-15 12:09:00	B5.6		POINT(-19 -21)	-21	-19	-294.0	-447.0
132630	2015-09-15 14:42:00	2015-09-15 14:51:00	2015-09-15 14:59:00	C1.0	12415.0	POINT(-18 -20)	-20	-18	-271.0	-458.0
132640	2015-09-16 01:31:00	2015-09-16 01:37:00	2015-09-16 01:42:00	B5.7		POINT(-12 -22)	-22	-12	-190.0	-472.0
132650	2015-09-16 02:05:00	2015-09-16 02:24:00	2015-09-16 02:36:00	C3.0	12415.0	POINT(-10 -20)	-20	-10	-166.0	-443.0
132660	2015-09-16 04:20:00	2015-09-16 05:44:00	2015-09-16 05:58:00	C1.3	12414.0	POINT(73 -10)	-10	73	897.0	-212.0
132670	2015-09-16 05:29:00	2015-09-16 05:44:00	2015-09-16 05:56:00	C1.3	12414.0	POINT(73 -10)	-10	73	897.0	-210.0
132680	2015-09-16 08:21:00	2015-09-16 09:59:00	2015-09-16 10:15:00	C1.2	12415.0	POINT(-9 -20)	-20	-9	-149.0	-444.0
132690	2015-09-16 12:37:00	2015-09-16 12:47:00	2015-09-16 13:02:00	C1.4	12415.0	POINT(-7 -20)	-20	-7	-77.0	-444.0
132700	2015-09-16 13:38:00	2015-09-16 13:41:00	2015-09-16 13:51:00	B9.3	12415.0	POINT(-6 -20)	-20	-6	-84.0	-446.0
132710	2015-09-16 15:20:00	2015-09-16 15:28:00	2015-09-16 15:43:00	C3.0	12415.0	POINT(-5 -20)	-20	-5	-54.0	-446.0
132720	2015-09-16 18:46:00	2015-09-16 18:54:00	2015-09-16 19:01:00	C1.3	12415.0	POINT(-2 -20)	-20	-2	-38.0	-443.0
132730	2015-09-16 19:08:00	2015-09-16 19:20:00	2015-09-16 19:24:00	C7.8	12415.0	POINT(-1 -20)	-20	-1	-20.0	-452.0
132740	2015-09-16 22:15:00	2015-09-16 22:22:00	2015-09-16 22:34:00	C1.0	12415.0	POINT(0 -20)	-20	0	12.0	-446.0
132750	2015-09-16 23:48:00	2015-09-16 23:57:00	2015-09-17 00:04:00	C6.0	12415.0	POINT(1 -21)	-21	1	27.0	-453.0
132760	2015-09-17 01:21:00	2015-09-17 01:29:00	2015-09-17 01:40:00	C2.4	12415.0	POINT(0 -20)	-20	0	0.0	-446.0
132770	2015-09-17 02:05:00	2015-09-17 02:09:00	2015-09-17 02:12:00	B8.5		POINT(1 -20)	-20	1	27.0	-439.0
132780	2015-09-17 02:52:00	2015-09-17 03:03:00	2015-09-17 03:09:00	C9.5	12415.0	POINT(1 -21)	-21	1	30.0	-446.0
132790	2015-09-17 03:11:00	2015-09-17 03:14:00	2015-09-17 03:17:00	C4.9	12415.0	POINT(1 -20)	-20	1	23.0	-442.0
132800	2015-09-17 05:59:00	2015-09-17 06:11:00	2015-09-17 06:13:00	C2.9	12415.0	POINT(0 -20)	-20	0	0.0	-326.0
132810	2015-09-17 06:34:00	2015-09-17 06:48:00	2015-09-17 07:09:00	C1.0	12415.0	POINT(-1 -21)	-21	-1	-15.0	-342.0
132820	2015-09-17 08:57:00	2015-09-17 09:06:00	2015-09-17 09:19:00	C1.3	12415.0	POINT(4 -20)	-20	4	113.0	-439.0
132830	2015-09-17 09:28:00	2015-09-17 09:34:00	2015-09-17 09:34:00	M1.1	12415.0	POINT(4 -21)	-21	4	86.0	-425.0
132840	2015-09-17 11:11:00	2015-09-17 11:15:00	2015-09-17 11:19:00	B6.5	12415.0	POINT(6 -20)	-20	6	129.0	-430.0
132850	2015-09-17 12:22:00	2015-09-17 12:28:00	2015-09-17 12:44:00	B7.9	12415.0	POINT(8 -19)	-19	8	144.0	-437.0
132860	2015-09-17 15:50:00	2015-09-17 15:55:00	2015-09-17 16:12:00	B8.5	12415.0	POINT(10 -19)	-19	10	168.0	-431.0
132870	2015-09-17 17:16:00	2015-09-17 17:26:00	2015-09-17 17:52:00	C1.3	12415.0	POINT(11 -19)	-19	11	180.0	-432.0
132880	2015-09-17 18:08:00	2015-09-17 18:18:00	2015-09-17 18:27:00	C3.2	12415.0	POINT(10 -20)	-20	10	161.0	-451.0
132890	2015-09-17 19:10:00	2015-09-17 19:22:00	2015-09-17 19:29:00	C1.6	12415.0	POINT(12 -22)	-22	12	198.0	-467.0
132900	2015-09-17 19:47:00	2015-09-17 19:54:00	2015-09-17 19:57:00	C3.3	12415.0	POINT(12 -19)	-19	12	175.0	-441.0
132910	2015-09-17 21:07:00	2015-09-17 21:15:00	2015-09-17 21:19:00	C6.7	12415.0	POINT(12 -19)	-19	12	189.0	-445.0
132920	2015-09-17 22:33:00	2015-09-17 22:37:00	2015-09-17 22:40:00	B8.0	12415.0	POINT(15 -17)	-17	15	230.0	-402.0
132930	2015-09-17 22:56:00	2015-09-17 23:00:00	2015-09-17 23:05:00	C3.9	12415.0	POINT(15 -19)	-19	15	221.0	-438.0
132940	2015-09-18 01:05:00	2015-09-18 01:12:00	2015-09-18 01:19:00	C1.3	12415.0	POINT(11 -21)	-21	11	195.0	-443.0
132950	2015-09-18 04:00:00	2015-09-18 04:04:00	2015-09-18 04:17:00	C1.0	12415.0	POINT(17 -19)	-19	17	264.0	-432.0
132960	2015-09-18 04:22:00	2015-09-18 06:31:00	2015-09-18 07:20:00	C2.6	12415.0	POINT(10 -21)	-21	10	216.0	-437.0
132970	2015-09-18 11:16:00	2015-09-18 11:36:00	2015-09-18 11:47:00	C1.4	12415.0	POINT(24 -21)	-21	24	375.0	-431.0
132980	2015-09-18 13:05:00	2015-09-18 13:13:00	2015-09-18 13:23:00	B9.1	12415.0	POINT(26 -21)	-21	26	395.0	-435.0
132990	2015-09-18 14:34:00	2015-09-18 15:17:00	2015-09-18 15:42:00	B6.1	12415.0	POINT(27 -20)	-20	27	406.0	-437.0
133000	2015-09-18 21:34:00	2015-09-18 22:04:00	2015-09-18 22:44:00	B8.2	12415.0	POINT(30 -21)	-21	30	452.0	-444.0
133010	2015-09-19 11:14:00	2015-09-19 11:20:00	2015-09-19 11:32:00	B5.8	12415.0	POINT(34 -20)	-20	34	507.0	-425.0
133020	2015-09-19 16:34:00	2015-09-19 17:12:00	2015-09-19 17:19:00	C1.5	12415.0	POINT(37 -19)	-19	37	554.0	-405.0
133030	2015-09-19 21:08:00	2015-09-19 21:46:00	2015-09-19 21:55:00	C2.4	12419.0	POINT(0 12)	12	0	6.0	95.0
133040	2015-09-20 04:55:00	2015-09-20 05:03:00	2015-09-20 05:17:00	M1.5	12420.0	POINT(-83 9)	9	-83	-936.0	141.0
133050	2015-09-20 09:32:00	2015-09-20 09:34:00	2015-09-20 09:36:00	C2.6	12415.0	POINT(-89 8)	8	-89	-945.0	147.0
133060	2015-09-20 12:25:00	2015-09-20 12:28:00	2015-09-20 12:31:00	B5.7	12415.0	POINT(52 -20)	-20	52	709.0	-398.0
133070	2015-09-20 13:49:00	2015-09-20 13:54:00	2015-09-20 13:58:00	B9.1	12420.0	POINT(-83 9)	9	-83	-936.0	149.0
133080	2015-09-20 14:09:00	2015-09-20 14:14:00	2015-09-20 14:24:00	C1.4	12415.0	POINT(49 -19)	-19	49	686.0	-392.0
133090	2015-09-20 17:30:00	2015-09-20 17:57:00	2015-09-20 19:59:00	M2.1	12415.0	POINT(24 -20)	-20	24	365.0	-326.0
133100	2015-09-20 23:24:00	2015-09-20 23:28:00	2015-09-20 23:31:00	B8.2	12415.0	POINT(58 -20)	-20	58	764.0	-386.0
133110	2015-09-21 00:10:00	2015-09-21 00:21:00	2015-09-21 00:29:00	C2.8	12420.0	POINT(-79 9)	9	-79	-932.0	153.0
133120	2015-09-21 01:57:00	2015-09-21 02:04:00	2015-09-21 02:08:00	C4.2	12420.0	POINT(-83 8)	8	-83	-932.0	126.0
133130	2015-09-21 03:29:00	2015-09-21 03:33:00	2015-09-21 03:37:00	B6.3	12420.0	POINT(-79 8)	8	-79	-929.0	126.0
133140	2015-09-21 03:54:00	2015-09-21 04:00:00	2015-09-21 04:05:00	C1.5	12420.0	POINT(-78 8)	8	-78	-926.0	122.0
133150	2015-09-21 05:11:00	2015-09-21 05:18:00	2015-09-21 05:22:00	C8.8	12420.0	POINT(-79 8)	8	-79	-923.0	128.0
133160	2015-09-21 14:47:00	2015-09-21 14:50:00	2015-09-21 14:54:00	B5.3	12415.0	POINT(-72 10)	10	-72	-896.0	141.0
133170	2015-09-21 18:52:00	2015-09-21 18:53:00	2015-09-21 18:54:00	B5.4	12420.0	POINT(-49 14)	14	-49	-708.0	161.0
133180	2015-09-22 14:57:00	2015-09-22 15:01:00	2015-09-22 15:06:00	B4.5	12420.0	POINT(-53 7)	7	-53	-760.0	62.0
133190	2015-09-22 15:40:00	2015-09-22 15:44:00	2015-09-22 15:51:00	B4.7	12420.0	POINT(-53 8)	8	-53	-763.0	75.0
133200	2015-09-23 03:08:00	2015-09-23 03:12:00	2015-09-23 03:15:00	B5.6		POINT(-55 12)	12	-55	-774.0	134.0
133210	2015-09-23 05:07:00	2015-09-23 05:19:00	2015-09-23 05:23:00	C1.6		POINT(-49 -19)	-19	-49	-692.0	-384.0
133220	2015-09-23 07:23:00	2015-09-23 07:30:00	2015-09-23 07:34:00	C2.9	12415.0	POINT(78 -17)	-17	78	896.0	-300.0
133230	2015-09-23 09:54:00	2015-09-23 10:02:00	2015-09-23 10:06:00	C1.8	12415.0	POINT(-46 -19)	-19	-46	-653.0	-388.0
133240	2015-09-23 11:34:00	2015-09-23 11:38:00	2015-09-23 11:41:00	C1.2	12422.0	POINT(-47 -21)	-21	-47	-660.0	-422.0
133250	2015-09-23 12:52:00	2015-09-23 12:57:00	2015-09-23 13:13:00	B6.9	12422.0	POINT(-47 -19)	-19	-47	-641.0	-413.0
133260	2015-09-23 14:41:00	2015-09-23 14:48:00	2015-09-23 14:54:00	C1.5	12422.0	POINT(-43 -20)	-20	-43	-622.0	-410.0
133270	2015-09-23 15:39:00	2015-09-23 15:43:00	2015-09-23 15:52:00	B5.4	12422.0	POINT(-45 -21)	-21	-45	-636.0	-425.0
133280	2015-09-23 17:35:00	2015-09-23 17:42:00	2015-09-23 17:48:00	B8.8	12422.0	POINT(-42 -20)	-20	-42	-623.0	-427.0
133290	2015-09-23 18:54:00	2015-09-23 18:57:00	2015-09-23 19:01:00	C3.2	12422.0	POINT(-42 -21)	-21	-42	-603.0	-433.0
133300	2015-09-23 19:34:00	2015-09-23 19:48:00	2015-09-23 20:01:00	C1.1	12422.0	POINT(-42 -23)	-23	-42	-597.0	-459.0
133310	2015-09-23 22:27:00	2015-09-23 22:32:00	2015-09-23 22:35:00	B6.3	12422.0	POINT(-41 -21)	-21	-41	-586.0	-435.0
133320	2015-09-24 03:02:00	2015-09-24 03:14:00	2015-09-24 03:37:00	B6.4	12422.0	POINT(-36 -22)	-22	-36	-525.0	-451.0
133330	2015-09-24 04:47:00	2015-09-24 04:51:00	2015-09-24 04:58:00	B6.6	12421.0	POINT(-17 17)	17	-17	-257.0	165.0
133340	2015-09-24 07:58:00	2015-09-24 08:01:00	2015-09-24 08:08:00	B5.1	12421.0	POINT(-14 17)	17	-14	-226.0	170.0
133350	2015-09-24 11:31:00	2015-09-24 11:35:00	2015-09-24 11:39:00	B6.1	12421.0	POINT(-13 16)	16	-13	-213.0	166.0
133360	2015-09-24 18:49:00	2015-09-24 18:51:00	2015-09-24 19:00:00	B5.9	12421.0	POINT(-9 17)	17	-9	-164.0	177.0
133370	2015-09-24 21:40:00	2015-09-24 21:46:00	2015-09-24 21:50:00	C1.8	12422.0	POINT(-27 -19)	-19	-27	-425.0	-423.0
133380	2015-09-24 22:54:00	2015-09-24 23:06:00	2015-09-24 23:24:00	B5.4	12422.0	POINT(-27 -19)	-19	-27	-407.0	-422.0
133390	2015-09-24 23:41:00	2015-09-24 23:47:00	2015-09-25 00:07:00	C3.3	12421.0	POINT(78 -16)	-16	78	881.0	-333.0
133400	2015-09-25 02:17:00	2015-09-25 02:23:00	2015-09-25 02:31:00	B9.6	12422.0	POINT(-26 -21)	-21	-26	-389.0	-426.0
133410	2015-09-25 16:58:00	2015-09-25 17:01:00	2015-09-25 17:04:00	B9.8	12422.0	POINT(-8 -20)	-20	-8	-125.0	-327.0
133420	2015-09-25 20:13:00	2015-09-25 20:20:00	2015-09-25 20:26:00	C1.1	12422.0	POINT(-13 -19)	-19	-13	-216.0	-457.0
133430	2015-09-25 22:30:00	2015-09-25 22:38:00	2015-09-25 22:41:00	B8.4	12422.0	POINT(-16 -17)	-17	-16	-267.0	-410.0
133440	2015-09-26 01:24:00	2015-09-26 01:29:00	2015-09-26 01:33:00	C1.5	12422.0	POINT(-9 -22)	-22	-9	-170.0	-459.0
133450	2015-09-26 04:14:00	2015-09-26 04:21:00	2015-09-26 04:31:00	C1.0	12422.0	POINT(-11 -21)	-21	-11	-138.0	-452.0
133460	2015-09-26 06:11:00	2015-09-26 06:14:00	2015-09-26 06:17:00	B6.3	12422.0	POINT(-13 -23)	-23	-13	-218.0	-467.0
133470	2015-09-26 06:33:00	2015-09-26 06:38:00	2015-09-26 06:43:00	B8.6	12422.0	POINT(-10 -22)	-22	-10	-153.0	-455.0
133480	2015-09-26 12:51:00	2015-09-26 12:55:00	2015-09-26 12:59:00	C1.1	12422.0	POINT(-4 -21)	-21	-4	-75.0	-459.0
133490	2015-09-26 20:30:00	2015-09-26 20:34:00	2015-09-26 20:36:00	B7.4	12422.0	POINT(23 15)	15	23	365.0	156.0
133500	2015-09-27 05:56:00	2015-09-27 06:02:00	2015-09-27 06:07:00	C1.9	12422.0	POINT(4 -22)	-22	4	59.0	-463.0
133510	2015-09-27 07:36:00	2015-09-27 07:58:00	2015-09-27 08:06:00	C2.1	12422.0	POINT(7 -21)	-21	7	101.0	-455.0
133520	2015-09-27 10:20:00	2015-09-27 10:40:00	2015-09-27 10:46:00	M1.9	12422.0	POINT(8 -22)	-22	8	123.0	-358.0
133530	2015-09-27 12:20:00	2015-09-27 12:26:00	2015-09-27 12:29:00	C2.4	12422.0	POINT(8 -21)	-21	8	197.0	-444.0
133540	2015-09-27 12:47:00	2015-09-27 12:51:00	2015-09-27 13:02:00	C2.4	12422.0	POINT(12 -20)	-20	12	215.0	-444.0
133550	2015-09-27 13:30:00	2015-09-27 13:34:00	2015-09-27 13:38:00	C1.4	12423.0	POINT(28 16)	16	28	443.0	178.0
133560	2015-09-27 13:41:00	2015-09-27 13:46:00	2015-09-27 13:51:00	C2.2	12422.0	POINT(6 -21)	-21	6	98.0	-462.0
133570	2015-09-27 15:30:00	2015-09-27 15:38:00	2015-09-27 15:43:00	C5.4	12422.0	POINT(16 -20)	-20	16	241.0	-444.0
133580	2015-09-27 16:12:00	2015-09-27 16:16:00	2015-09-27 16:28:00	C2.0	12422.0	POINT(12 -21)	-21	12	198.0	-450.0
133590	2015-09-27 16:39:00	2015-09-27 16:49:00	2015-09-27 16:55:00	C4.3	12422.0	POINT(11 -21)	-21	11	144.0	-468.0
133600	2015-09-27 17:41:00	2015-09-27 17:46:00	2015-09-27 17:50:00	C4.2	12422.0	POINT(11 -21)	-21	11	258.0	-444.0
133610	2015-09-27 18:35:00	2015-09-27 18:53:00	2015-09-27 19:02:00	C4.1	12423.0	POINT(64 -9)	-9	64	848.0	-210.0
133620	2015-09-27 19:42:00	2015-09-27 19:57:00	2015-09-27 20:18:00	C9.3	12422.0	POINT(18 -20)	-20	18	275.0	-443.0
133630	2015-09-27 20:54:00	2015-09-27 21:00:00	2015-09-27 21:15:00	M1.0	12422.0	POINT(16 -21)	-21	16	238.0	-450.0
133640	2015-09-27 23:16:00	2015-09-27 23:29:00	2015-09-27 23:37:00	C7.9	12422.0	POINT(14 -21)	-21	14	216.0	-34.0
133650	2015-09-28 03:44:00	2015-09-28 03:56:00	2015-09-28 04:12:00	M3.6	12423.0	POINT(67 -9)	-9	67	896.0	-182.0
133660	2015-09-28 04:14:00	2015-09-28 05:31:00	2015-09-28 05:58:00	C2.0	12423.0	POINT(73 -10)	-10	73	904.0	-205.0
133670	2015-09-28 06:21:00	2015-09-28 06:54:00	2015-09-28 07:08:00	C4.5	12423.0	POINT(23 -21)	-21	23	356.0	-452.0
133680	2015-09-28 07:20:00	2015-09-28 07:33:00	2015-09-28 07:58:00	M1.1	12422.0	POINT(20 -22)	-22	20	335.0	-447.0
133690	2015-09-28 08:47:00	2015-09-28 09:04:00	2015-09-28 09:12:00	C3.7	12423.0	POINT(72 -9)	-9	72	900.0	-186.0
133700	2015-09-28 11:21:00	2015-09-28 11:32:00	2015-09-28 11:50:00	C8.5	12422.0	POINT(24 -22)	-22	24	384.0	-443.0
133710	2015-09-28 11:52:00	2015-09-28 11:57:00	2015-09-28 12:00:00	C8.1		POINT(75 -9)	-9	75	915.0	-186.0
133720	2015-09-28 12:30:00	2015-09-28 12:36:00	2015-09-28 12:49:00	C5.4		POINT(20 -21)	-21	20	317.0	-450.0
133730	2015-09-28 12:57:00	2015-09-28 13:16:00	2015-09-28 13:56:00	M1.1	12422.0	POINT(25 -22)	-22	25	379.0	-456.0
133740	2015-09-28 14:12:00	2015-09-28 14:33:00	2015-09-28 14:45:00	C9.8	12422.0	POINT(21 -22)	-22	21	334.0	-451.0
133750	2015-09-28 16:42:00	2015-09-28 16:45:00	2015-09-28 16:47:00	C3.4	12422.0	POINT(30 -20)	-20	30	455.0	-421.0
133760	2015-09-28 17:08:00	2015-09-28 17:11:00	2015-09-28 17:14:00	C2.8	12422.0	POINT(24 -21)	-21	24	369.0	-450.0
133770	2015-09-28 20:15:00	2015-09-28 20:21:00	2015-09-28 20:40:00	C7.6	12423.0	POINT(66 -7)	-7	66	929.0	-174.0
133780	2015-09-28 21:32:00	2015-09-28 21:52:00	2015-09-28 22:00:00	C4.3	12422.0	POINT(29 -20)	-20	29	436.0	-327.0
133790	2015-09-28 22:28:00	2015-09-28 22:32:00	2015-09-28 22:37:00	C2.4		POINT(30 -21)	-21	30	449.0	-446.0
133800	2015-09-28 23:41:00	2015-09-28 23:45:00	2015-09-28 23:47:00	C2.0	12422.0	POINT(26 -21)	-21	26	395.0	-442.0
133810	2015-09-29 00:44:00	2015-09-29 00:52:00	2015-09-29 00:56:00	C2.4	12422.0	POINT(28 -21)	-21	28	425.0	-449.0
133820	2015-09-29 03:11:00	2015-09-29 03:16:00	2015-09-29 03:31:00	M1.2	12423.0	POINT(78 -8)	-8	78	932.0	-167.0
133830	2015-09-29 03:41:00	2015-09-29 03:42:00	2015-09-29 03:48:00	M1.1	12422.0	POINT(36 -20)	-20	36	529.0	-327.0
133840	2015-09-29 04:41:00	2015-09-29 04:46:00	2015-09-29 04:55:00	C5.1	12428.0	POINT(66 -7)	-7	66	933.0	-149.0
133850	2015-09-29 05:05:00	2015-09-29 05:16:00	2015-09-29 05:23:00	M2.9	12422.0	POINT(37 -21)	-21	37	539.0	-425.0
133860	2015-09-29 05:33:00	2015-09-29 05:37:00	2015-09-29 05:39:00	M1.2	12423.0	POINT(82 -9)	-9	82	932.0	-167.0
133870	2015-09-29 05:53:00	2015-09-29 05:56:00	2015-09-29 06:04:00	M1.0	12422.0	POINT(37 -19)	-19	37	555.0	-409.0
133880	2015-09-29 06:15:00	2015-09-29 06:18:00	2015-09-29 06:23:00	C8.6	12422.0	POINT(38 -19)	-19	38	556.0	-409.0
133890	2015-09-29 06:35:00	2015-09-29 06:43:00	2015-09-29 07:11:00	M1.4	12422.0	POINT(34 -20)	-20	34	558.0	-413.0
133900	2015-09-29 08:46:00	2015-09-29 08:51:00	2015-09-29 08:55:00	M1.3	12423.0	POINT(77 -10)	-10	77	919.0	-166.0
133910	2015-09-29 09:22:00	2015-09-29 09:26:00	2015-09-29 09:28:00	C5.2	12422.0	POINT(33 -21)	-21	33	487.0	-439.0
133920	2015-09-29 10:04:00	2015-09-29 10:18:00	2015-09-29 10:31:00	C3.1	12423.0	POINT(77 -10)	-10	77	919.0	-166.0
133930	2015-09-29 11:09:00	2015-09-29 11:15:00	2015-09-29 11:20:00	M1.6	12422.0	POINT(39 -20)	-20	39	575.0	-413.0
133940	2015-09-29 12:54:00	2015-09-29 13:04:00	2015-09-29 13:23:00	C4.6	12422.0	POINT(35 -21)	-21	35	510.0	-403.0
133950	2015-09-29 17:34:00	2015-09-29 17:42:00	2015-09-29 17:51:00	C5.0	12422.0	POINT(40 -21)	-21	40	584.0	-432.0
133960	2015-09-29 19:08:00	2015-09-29 19:24:00	2015-09-29 19:34:00	M1.1	12422.0	POINT(36 -20)	-20	36	652.0	-339.0
133970	2015-09-29 22:50:00	2015-09-29 23:06:00	2015-09-29 23:16:00	C3.7	12422.0	POINT(42 -19)	-19	42	590.0	-440.0
133980	2015-09-30 00:05:00	2015-09-30 00:17:00	2015-09-30 00:32:00	C5.0	12423.0	POINT(41 -19)	-19	41	602.0	-396.0
133990	2015-09-30 02:45:00	2015-09-30 03:02:00	2015-09-30 03:04:00	C6.7	12422.0	POINT(44 -22)	-22	44	609.0	-446.0
134000	2015-09-30 04:26:00	2015-09-30 04:29:00	2015-09-30 04:31:00	C3.2	12422.0	POINT(50 -19)	-19	50	696.0	-383.0
134010	2015-09-30 06:47:00	2015-09-30 06:53:00	2015-09-30 07:38:00	C5.9	12422.0	POINT(46 -20)	-20	46	643.0	-433.0
134020	2015-09-30 10:49:00	2015-09-30 10:59:00	2015-09-30 11:13:00	M1.3	12422.0	POINT(50 -20)	-20	50	691.0	-399.0
134030	2015-09-30 11:36:00	2015-09-30 11:39:00	2015-09-30 11:41:00	C4.4	12422.0	POINT(53 -19)	-19	53	723.0	-387.0
134040	2015-09-30 13:14:00	2015-09-30 13:20:00	2015-09-30 13:28:00	M1.1	12422.0	POINT(59 -23)	-23	59	738.0	-389.0
134050	2015-09-30 21:52:00	2015-09-30 22:01:00	2015-09-30 22:05:00	C1.4	12422.0	POINT(60 -19)	-19	60	786.0	-373.0
134060	2015-09-30 22:06:00	2015-09-30 22:11:00	2015-09-30 22:17:00	C2.4	12422.0	POINT(59 -18)	-18	59	791.0	-371.0
134070	2015-09-30 23:39:00	2015-09-30 23:43:00	2015-09-30 23:48:00	C1.7	12422.0	POINT(64 -19)	-19	64	792.0	-373.0
134080	2015-10-01 01:46:00	2015-10-01 02:13:00	2015-10-01 02:25:00	C6.3	12422.0	POINT(59 -20)	-20	59	749.0	-384.0
134090	2015-10-01 05:39:00	2015-10-01 05:53:00	2015-10-01 06:16:00	C1.6	12423.0	POINT(75 -20)	-20	75	869.0	-354.0
134100	2015-10-01 08:15:00	2015-10-01 09:34:00	2015-10-01 09:56:00	C7.6	12422.0	POINT(56 -19)	-19	56	756.0	-381.0
134110	2015-10-01 08:32:00	2015-10-01 08:35:00	2015-10-01 08:38:00	C3.5	12422.0	POINT(65 -23)	-23	65	774.0	-388.0
134120	2015-10-01 09:19:00	2015-10-01 09:34:00	2015-10-01 09:52:00	C7.7	12422.0	POINT(62 -24)	-24	62	756.0	-381.0
134130	2015-10-01 13:03:00	2015-10-01 13:10:00	2015-10-01 13:14:00	M4.5	12422.0	POINT(64 -23)	-23	64	783.0	-384.0
134140	2015-10-01 17:20:00	2015-10-01 17:32:00	2015-10-01 17:50:00	C1.6		POINT(62 -20)	-20	62	800.0	-374.0
134150	2015-10-01 21:10:00	2015-10-01 21:24:00	2015-10-01 21:47:00	C3.7	12422.0	POINT(65 -19)	-19	65	820.0	-368.0
134160	2015-10-02 00:06:00	2015-10-02 00:13:00	2015-10-02 00:17:00	M5.5	12422.0	POINT(67 -19)	-19	67	826.0	-377.0
134170	2015-10-02 01:26:00	2015-10-02 01:29:00	2015-10-02 01:31:00	C1.9	12422.0	POINT(75 -21)	-21	75	861.0	-375.0
134180	2015-10-02 02:28:00	2015-10-02 02:31:00	2015-10-02 02:36:00	C1.5	12422.0	POINT(68 -20)	-20	68	835.0	-374.0
134190	2015-10-02 04:08:00	2015-10-02 04:10:00	2015-10-02 04:35:00	C2.1	12422.0	POINT(73 -19)	-19	73	836.0	-368.0
134200	2015-10-02 06:19:00	2015-10-02 06:24:00	2015-10-02 06:30:00	C4.0	12422.0	POINT(73 -19)	-19	73	870.0	-355.0
134210	2015-10-02 06:54:00	2015-10-02 07:09:00	2015-10-02 07:23:00	C5.8	12422.0	POINT(78 -20)	-20	78	876.0	-363.0
134220	2015-10-02 07:44:00	2015-10-02 07:49:00	2015-10-02 07:53:00	C4.8	12422.0	POINT(68 -21)	-21	68	843.0	-367.0
134230	2015-10-02 08:30:00	2015-10-02 08:38:00	2015-10-02 08:45:00	C7.6	12422.0	POINT(83 -25)	-25	83	854.0	-366.0
134240	2015-10-02 09:14:00	2015-10-02 09:17:00	2015-10-02 09:19:00	C3.0	12422.0	POINT(87 -20)	-20	87	894.0	-346.0
134250	2015-10-02 11:37:00	2015-10-02 11:44:00	2015-10-02 11:54:00	C3.0	12422.0	POINT(74 -20)	-20	74	863.0	-364.0
134260	2015-10-02 12:19:00	2015-10-02 12:26:00	2015-10-02 12:31:00	M1.0	12422.0	POINT(73 -20)	-20	73	861.0	-366.0
134270	2015-10-02 13:31:00	2015-10-02 13:37:00	2015-10-02 13:49:00	C7.2	12422.0	POINT(67 -20)	-20	67	866.0	-365.0
134280	2015-10-02 15:26:00	2015-10-02 15:32:00	2015-10-02 15:37:00	C8.8	12422.0	POINT(73 -20)	-20	73	864.0	-364.0
134290	2015-10-02 17:08:00	2015-10-02 17:18:00	2015-10-02 17:23:00	M1.0	12422.0	POINT(76 -19)	-19	76	876.0	-362.0
134300	2015-10-02 17:55:00	2015-10-02 18:00:00	2015-10-02 18:03:00	C8.1	12422.0	POINT(77 -19)	-19	77	887.0	-326.0
134310	2015-10-02 18:45:00	2015-10-02 18:50:00	2015-10-02 19:01:00	C2.9	12422.0	POINT(76 -20)	-20	76	880.0	-351.0
134320	2015-10-03 00:11:00	2015-10-03 00:19:00	2015-10-03 00:24:00	C2.5	12427.0	POINT(77 -19)	-19	77	881.0	-346.0
134330	2015-10-03 03:14:00	2015-10-03 03:21:00	2015-10-03 03:27:00	C1.3	12427.0	POINT(79 -20)	-20	79	882.0	-356.0
134340	2015-10-03 06:25:00	2015-10-03 06:33:00	2015-10-03 06:40:00	C3.3	12422.0	POINT(80 -19)	-19	80	888.0	-341.0
134350	2015-10-03 08:15:00	2015-10-03 10:33:00	2015-10-03 10:42:00	C1.7	12422.0	POINT(79 -17)	-17	79	897.0	-312.0
134360	2015-10-03 10:27:00	2015-10-03 10:32:00	2015-10-03 10:40:00	C1.7		POINT(79 -17)	-17	79	896.0	-311.0
134370	2015-10-03 11:32:00	2015-10-03 11:39:00	2015-10-03 11:45:00	C2.7	12422.0	POINT(77 -17)	-17	77	893.0	-311.0
134380	2015-10-03 13:02:00	2015-10-03 13:08:00	2015-10-03 13:14:00	C2.1	12422.0	POINT(78 -17)	-17	78	896.0	-309.0
134390	2015-10-03 15:12:00	2015-10-03 15:20:00	2015-10-03 15:26:00	C1.1	12422.0	POINT(79 -17)	-17	79	899.0	-305.0
134400	2015-10-03 16:23:00	2015-10-03 16:44:00	2015-10-03 16:52:00	C1.1	12420.0	POINT(-58 -10)	-10	-58	-804.0	-234.0
134410	2015-10-03 18:04:00	2015-10-03 18:09:00	2015-10-03 18:15:00	C2.7	12420.0	POINT(78 -17)	-17	78	896.0	-306.0
134420	2015-10-03 20:26:00	2015-10-03 20:32:00	2015-10-03 21:01:00	B7.9	12427.0	POINT(31 18)	18	31	473.0	214.0
134430	2015-10-03 23:07:00	2015-10-03 23:12:00	2015-10-03 23:18:00	B8.5	12427.0	POINT(78 -18)	-18	78	890.0	-321.0
134440	2015-10-04 02:34:00	2015-10-04 02:41:00	2015-10-04 02:48:00	M1.0	12422.0	POINT(78 -18)	-18	78	893.0	-318.0
134450	2015-10-04 16:13:00	2015-10-04 16:18:00	2015-10-04 16:30:00	B7.2	12427.0	POINT(40 14)	14	40	610.0	161.0
134460	2015-10-06 08:17:00	2015-10-06 11:14:00	2015-10-06 11:26:00	B1.7	12427.0	POINT(62 19)	19	62	802.0	274.0
134470	2015-10-07 05:21:00	2015-10-07 05:34:00	2015-10-07 05:45:00	B2.6	12427.0	POINT(73 18)	18	73	872.0	273.0
134480	2015-10-07 06:32:00	2015-10-07 06:36:00	2015-10-07 06:40:00	B1.4	12427.0	POINT(73 18)	18	73	873.0	269.0
134490	2015-10-07 07:52:00	2015-10-07 07:58:00	2015-10-07 08:05:00	B5.1	12427.0	POINT(73 18)	18	73	881.0	275.0
134500	2015-10-08 01:23:00	2015-10-08 01:27:00	2015-10-08 01:31:00	B1.7	12427.0	POINT(83 18)	18	83	902.0	297.0
134510	2015-10-08 06:07:00	2015-10-08 06:14:00	2015-10-08 06:20:00	B2.7	12427.0	POINT(84 18)	18	84	904.0	297.0
134520	2015-10-09 21:34:00	2015-10-09 21:39:00	2015-10-09 22:17:00	B1.8	12431.0	POINT(46 -46)	-46	46	480.0	-741.0
134530	2015-10-10 10:58:00	2015-10-10 11:04:00	2015-10-10 11:09:00	B1.5	12432.0	POINT(72 14)	14	72	887.0	212.0
134540	2015-10-11 16:01:00	2015-10-11 16:42:00	2015-10-11 17:37:00	B4.3		POINT(-47 -21)	-21	-47	-664.0	-416.0
134550	2015-10-11 21:55:00	2015-10-11 22:29:00	2015-10-11 23:26:00	C3.2		POINT(-88 -8)	-8	-88	-948.0	-151.0
134560	2015-10-12 06:38:00	2015-10-12 06:57:00	2015-10-12 07:07:00	B4.8		POINT(-41 -21)	-21	-41	-588.0	-429.0
134570	2015-10-12 11:13:00	2015-10-12 11:33:00	2015-10-12 11:56:00	B5.3		POINT(-82 -7)	-7	-82	-944.0	-134.0
134580	2015-10-12 17:40:00	2015-10-12 17:48:00	2015-10-12 17:56:00	C1.2		POINT(-80 -8)	-8	-80	-939.0	-156.0
134590	2015-10-13 01:12:00	2015-10-13 01:16:00	2015-10-13 01:26:00	C4.5	12434.0	POINT(-80 -7)	-7	-80	-939.0	-148.0
134600	2015-10-13 02:56:00	2015-10-13 03:03:00	2015-10-13 03:11:00	C1.2	12434.0	POINT(-81 -10)	-10	-81	-935.0	-185.0
134610	2015-10-13 07:53:00	2015-10-13 08:14:00	2015-10-13 08:37:00	C1.0	12434.0	POINT(62 18)	18	62	807.0	262.0
134620	2015-10-13 13:12:00	2015-10-13 13:16:00	2015-10-13 13:21:00	B4.6	12434.0	POINT(-83 -8)	-8	-83	-946.0	-144.0
134630	2015-10-13 14:05:00	2015-10-13 14:11:00	2015-10-13 14:14:00	C9.5	12434.0	POINT(-80 -9)	-9	-80	-937.0	-168.0
134640	2015-10-13 14:33:00	2015-10-13 14:44:00	2015-10-13 14:56:00	C3.3	12434.0	POINT(-81 -9)	-9	-81	-938.0	-167.0
134650	2015-10-13 21:26:00	2015-10-13 21:29:00	2015-10-13 21:33:00	B3.8		POINT(-75 -7)	-7	-75	-921.0	-153.0
134660	2015-10-13 23:34:00	2015-10-13 23:40:00	2015-10-13 23:46:00	B6.4	12434.0	POINT(-76 -6)	-6	-76	-929.0	-131.0
134670	2015-10-14 07:09:00	2015-10-14 07:12:00	2015-10-14 07:16:00	B4.5	12434.0	POINT(-79 -10)	-10	-79	-929.0	-167.0
134680	2015-10-14 07:48:00	2015-10-14 07:53:00	2015-10-14 07:57:00	B8.8	12434.0	POINT(-81 -11)	-11	-81	-932.0	-198.0
134690	2015-10-14 13:20:00	2015-10-14 13:38:00	2015-10-14 13:45:00	C1.8	12434.0	POINT(-68 -9)	-9	-68	-920.0	-195.0
134700	2015-10-14 15:46:00	2015-10-14 15:54:00	2015-10-14 16:02:00	B7.6	12432.0	POINT(-5 -22)	-22	-5	-56.0	-464.0
134710	2015-10-14 17:37:00	2015-10-14 17:47:00	2015-10-14 18:00:00	C1.5	12434.0	POINT(-73 -10)	-10	-73	-911.0	-207.0
134720	2015-10-14 23:33:00	2015-10-14 23:39:00	2015-10-14 23:44:00	B8.7	12434.0	POINT(-70 -10)	-10	-70	-893.0	-211.0
134730	2015-10-15 01:22:00	2015-10-15 01:53:00	2015-10-15 02:30:00	C1.5	12434.0	POINT(-71 -10)	-10	-71	-898.0	-197.0
134740	2015-10-15 03:38:00	2015-10-15 03:45:00	2015-10-15 03:49:00	B8.0	12434.0	POINT(-69 -11)	-11	-69	-879.0	-231.0
134750	2015-10-15 06:22:00	2015-10-15 06:30:00	2015-10-15 06:40:00	B9.9	12434.0	POINT(-58 -7)	-7	-58	-815.0	-180.0
134760	2015-10-15 06:41:00	2015-10-15 06:47:00	2015-10-15 06:50:00	C1.7	12434.0	POINT(-59 -11)	-11	-59	-818.0	-234.0
134770	2015-10-15 07:40:00	2015-10-15 07:46:00	2015-10-15 07:49:00	C1.1	12434.0	POINT(-59 -10)	-10	-59	-812.0	-231.0
134780	2015-10-15 08:29:00	2015-10-15 09:04:00	2015-10-15 09:07:00	B5.9	12434.0	POINT(-62 -10)	-10	-62	-839.0	-215.0
134790	2015-10-15 10:11:00	2015-10-15 10:15:00	2015-10-15 10:24:00	B6.2	12434.0	POINT(-65 -12)	-12	-65	-857.0	-239.0
134800	2015-10-15 10:42:00	2015-10-15 10:48:00	2015-10-15 10:52:00	C2.7	12434.0	POINT(-57 -11)	-11	-57	-798.0	-238.0
134810	2015-10-15 12:22:00	2015-10-15 12:28:00	2015-10-15 12:31:00	C1.1	12434.0	POINT(-56 -11)	-11	-56	-791.0	-238.0
134820	2015-10-15 13:12:00	2015-10-15 13:25:00	2015-10-15 13:28:00	C1.1	12434.0	POINT(-60 -12)	-12	-60	-823.0	-249.0
134830	2015-10-15 13:42:00	2015-10-15 13:49:00	2015-10-15 13:52:00	C3.6	12434.0	POINT(-55 -11)	-11	-55	-783.0	-241.0
134840	2015-10-15 16:09:00	2015-10-15 16:17:00	2015-10-15 16:21:00	C2.2	12434.0	POINT(-54 -10)	-10	-54	-769.0	-241.0
134850	2015-10-15 18:31:00	2015-10-15 18:38:00	2015-10-15 18:41:00	C3.9	12434.0	POINT(-52 -11)	-11	-52	-754.0	-251.0
134860	2015-10-15 19:10:00	2015-10-15 19:19:00	2015-10-15 19:24:00	C1.0	12434.0	POINT(-52 -11)	-11	-52	-752.0	-245.0
134870	2015-10-15 19:27:00	2015-10-15 19:32:00	2015-10-15 19:36:00	C1.1	12434.0	POINT(-52 -11)	-11	-52	-753.0	-246.0
134880	2015-10-15 19:51:00	2015-10-15 19:56:00	2015-10-15 19:59:00	C3.4	12434.0	POINT(-52 -11)	-11	-52	-757.0	-230.0
134890	2015-10-15 21:35:00	2015-10-15 21:41:00	2015-10-15 21:49:00	C3.1	12434.0	POINT(-52 -11)	-11	-52	-747.0	-236.0
134900	2015-10-15 22:45:00	2015-10-15 23:05:00	2015-10-15 23:26:00	C4.9	12434.0	POINT(-83 12)	12	-83	-933.0	193.0
134910	2015-10-15 23:27:00	2015-10-15 23:31:00	2015-10-15 23:37:00	M1.1	12434.0	POINT(-50 -11)	-11	-50	-723.0	-251.0
134920	2015-10-16 04:45:00	2015-10-16 04:49:00	2015-10-16 04:54:00	B9.4	12434.0	POINT(-42 -6)	-6	-42	-653.0	-183.0
134930	2015-10-16 06:11:00	2015-10-16 06:16:00	2015-10-16 06:20:00	M1.1	12434.0	POINT(-46 -11)	-11	-46	-675.0	-253.0
134940	2015-10-16 08:57:00	2015-10-16 09:03:00	2015-10-16 09:06:00	C3.4	12434.0	POINT(-45 -12)	-12	-45	-663.0	-261.0
134950	2015-10-16 09:58:00	2015-10-16 10:02:00	2015-10-16 10:05:00	B8.3	12434.0	POINT(-44 -10)	-10	-44	-658.0	-249.0
134960	2015-10-16 10:13:00	2015-10-16 10:20:00	2015-10-16 10:24:00	C3.1	12434.0	POINT(-43 -11)	-11	-43	-654.0	-261.0
134970	2015-10-16 12:44:00	2015-10-16 13:07:00	2015-10-16 13:19:00	C3.8	12434.0	POINT(-42 -12)	-12	-42	-633.0	-273.0
134980	2015-10-16 13:20:00	2015-10-16 13:24:00	2015-10-16 13:28:00	C4.3	12435.0	POINT(-82 -13)	-13	-82	-926.0	-237.0
134990	2015-10-16 13:36:00	2015-10-16 13:42:00	2015-10-16 13:46:00	C4.2	12434.0	POINT(-41 -11)	-11	-41	-630.0	-270.0
135000	2015-10-16 17:54:00	2015-10-16 17:59:00	2015-10-16 18:02:00	C1.1	12434.0	POINT(-39 -11)	-11	-39	-606.0	-262.0
135010	2015-10-16 19:49:00	2015-10-16 19:52:00	2015-10-16 20:01:00	B7.8	12434.0	POINT(-39 -10)	-10	-39	-607.0	-247.0
135020	2015-10-16 21:53:00	2015-10-16 21:58:00	2015-10-16 22:15:00	C1.1	12434.0	POINT(-36 -11)	-11	-36	-567.0	-267.0
135030	2015-10-17 01:21:00	2015-10-17 01:40:00	2015-10-17 01:56:00	C3.4	12435.0	POINT(-75 -14)	-14	-75	-899.0	-270.0
135040	2015-10-17 02:43:00	2015-10-17 02:48:00	2015-10-17 02:59:00	C1.3	12434.0	POINT(-45 -12)	-12	-45	-665.0	-200.0
135050	2015-10-17 04:13:00	2015-10-17 04:17:00	2015-10-17 04:22:00	C2.8	12435.0	POINT(-75 -15)	-15	-75	-907.0	-248.0
135060	2015-10-17 06:25:00	2015-10-17 06:29:00	2015-10-17 06:32:00	C2.5	12434.0	POINT(-33 -10)	-10	-33	-524.0	-260.0
135070	2015-10-17 12:31:00	2015-10-17 12:35:00	2015-10-17 12:39:00	C4.5	12434.0	POINT(-27 -7)	-7	-27	-426.0	-230.0
135080	2015-10-17 12:45:00	2015-10-17 12:49:00	2015-10-17 12:52:00	C2.3	12434.0	POINT(-27 -8)	-8	-27	-435.0	-227.0
135090	2015-10-17 14:22:00	2015-10-17 14:29:00	2015-10-17 14:39:00	C1.8	12435.0	POINT(-83 10)	10	-83	-941.0	156.0
135100	2015-10-17 15:38:00	2015-10-17 15:44:00	2015-10-17 15:51:00	C1.5	12435.0	POINT(-79 -18)	-18	-79	-897.0	-320.0
135110	2015-10-17 16:53:00	2015-10-17 16:56:00	2015-10-17 17:00:00	C1.0	12434.0	POINT(-25 -9)	-9	-25	-426.0	-275.0
135120	2015-10-17 18:39:00	2015-10-17 18:51:00	2015-10-17 19:00:00	C8.6	12437.0	POINT(-79 -18)	-18	-79	-896.0	-325.0
135130	2015-10-17 20:09:00	2015-10-17 20:23:00	2015-10-17 20:28:00	M1.1	12437.0	POINT(-79 -18)	-18	-79	-895.0	-327.0
135140	2015-10-17 20:35:00	2015-10-17 20:42:00	2015-10-17 20:46:00	M1.5	12437.0	POINT(-79 -19)	-19	-79	-893.0	-333.0
135150	2015-10-17 21:12:00	2015-10-17 21:19:00	2015-10-17 21:25:00	C4.7	12434.0	POINT(-28 -10)	-10	-28	-451.0	-252.0
135160	2015-10-17 21:52:00	2015-10-17 21:59:00	2015-10-17 22:02:00	C4.8	12437.0	POINT(-79 -19)	-19	-79	-892.0	-336.0
135170	2015-10-17 23:18:00	2015-10-17 23:35:00	2015-10-17 23:48:00	C6.6	12437.0	POINT(-79 -16)	-16	-79	-907.0	-293.0
135180	2015-10-18 05:08:00	2015-10-18 05:11:00	2015-10-18 05:13:00	C1.5	12436.0	POINT(-77 8)	8	-77	-930.0	120.0
135190	2015-10-18 07:24:00	2015-10-18 07:30:00	2015-10-18 07:50:00	C1.3	12436.0	POINT(-74 7)	7	-74	-918.0	103.0
135200	2015-10-18 20:02:00	2015-10-18 20:08:00	2015-10-18 20:13:00	C1.4	12437.0	POINT(-82 -20)	-20	-82	-896.0	-339.0
135210	2015-10-19 01:58:00	2015-10-19 02:06:00	2015-10-19 02:15:00	C1.7		POINT(-60 9)	9	-60	-830.0	121.0
135220	2015-10-19 04:32:00	2015-10-19 04:40:00	2015-10-19 04:46:00	C1.4	12434.0	POINT(-6 -10)	-10	-6	-99.0	-238.0
135230	2015-10-19 09:33:00	2015-10-19 09:37:00	2015-10-19 09:44:00	C1.2	12436.0	POINT(-57 9)	9	-57	-798.0	113.0
135240	2015-10-19 13:36:00	2015-10-19 13:43:00	2015-10-19 13:59:00	C1.9	12434.0	POINT(-5 -10)	-10	-5	-8.0	-248.0
135250	2015-10-19 16:39:00	2015-10-19 16:42:00	2015-10-19 16:44:00	B8.2		POINT(-55 9)	9	-55	-782.0	106.0
135260	2015-10-19 17:23:00	2015-10-19 17:27:00	2015-10-19 17:29:00	C3.9	12436.0	POINT(-56 9)	9	-56	-788.0	96.0
135270	2015-10-19 17:39:00	2015-10-19 17:50:00	2015-10-19 18:01:00	C1.3	12436.0	POINT(-51 10)	10	-51	-753.0	112.0
135280	2015-10-19 18:37:00	2015-10-19 18:43:00	2015-10-19 18:45:00	C1.8	12434.0	POINT(4 -12)	-12	4	65.0	-200.0
135290	2015-10-19 21:48:00	2015-10-19 21:52:00	2015-10-19 21:57:00	B9.6	12436.0	POINT(-50 10)	10	-50	-731.0	108.0
135300	2015-10-20 03:56:00	2015-10-20 04:04:00	2015-10-20 04:16:00	C1.2	12437.0	POINT(-46 -19)	-19	-46	-664.0	-374.0
135310	2015-10-20 04:58:00	2015-10-20 05:01:00	2015-10-20 05:03:00	C1.0	12436.0	POINT(-49 9)	9	-49	-722.0	98.0
135320	2015-10-20 07:24:00	2015-10-20 07:27:00	2015-10-20 07:29:00	C1.0	12436.0	POINT(-47 8)	8	-47	-701.0	87.0
135330	2015-10-20 12:26:00	2015-10-20 12:29:00	2015-10-20 12:31:00	B7.6	12436.0	POINT(-47 9)	9	-47	-699.0	95.0
135340	2015-10-20 13:23:00	2015-10-20 13:26:00	2015-10-20 13:28:00	B8.5	12436.0	POINT(-44 9)	9	-44	-673.0	89.0
135350	2015-10-20 13:56:00	2015-10-20 13:59:00	2015-10-20 14:01:00	C1.1	12437.0	POINT(14 -8)	-8	14	237.0	-237.0
135360	2015-10-21 00:12:00	2015-10-21 00:19:00	2015-10-21 00:23:00	C1.7	12436.0	POINT(-27 6)	6	-27	-443.0	29.0
135370	2015-10-21 01:46:00	2015-10-21 01:49:00	2015-10-21 01:51:00	B8.0	12436.0	POINT(-37 7)	7	-37	-578.0	54.0
135380	2015-10-21 02:00:00	2015-10-21 02:09:00	2015-10-21 02:14:00	C1.6	12436.0	POINT(-27 6)	6	-27	-425.0	29.0
135390	2015-10-21 04:29:00	2015-10-21 04:34:00	2015-10-21 04:36:00	C6.3	12436.0	POINT(-37 6)	6	-37	-562.0	51.0
135400	2015-10-21 05:31:00	2015-10-21 05:37:00	2015-10-21 05:43:00	C2.7	12436.0	POINT(-24 6)	6	-24	-396.0	27.0
135410	2015-10-21 11:51:00	2015-10-21 12:00:00	2015-10-21 12:07:00	C2.6	12436.0	POINT(-20 6)	6	-20	-331.0	26.0
135420	2015-10-21 13:52:00	2015-10-21 13:58:00	2015-10-21 14:04:00	C1.7	12436.0	POINT(-30 7)	7	-30	-494.0	44.0
135430	2015-10-21 14:28:00	2015-10-21 14:31:00	2015-10-21 14:33:00	C1.1	12436.0	POINT(-30 9)	9	-30	-491.0	76.0
135440	2015-10-21 17:48:00	2015-10-21 17:56:00	2015-10-21 18:00:00	C7.7	12436.0	POINT(-24 8)	8	-24	-279.0	33.0
135450	2015-10-22 02:13:00	2015-10-22 03:40:00	2015-10-22 05:15:00	C4.4	12434.0	POINT(27 -11)	-11	27	545.0	-248.0
135460	2015-10-23 06:36:00	2015-10-23 06:41:00	2015-10-23 06:45:00	B5.9	12436.0	POINT(80 -13)	-13	80	924.0	-242.0
135470	2015-10-23 14:28:00	2015-10-23 14:35:00	2015-10-23 14:42:00	B9.0	12436.0	POINT(5 5)	5	5	110.0	18.0
135480	2015-10-23 15:36:00	2015-10-23 15:39:00	2015-10-23 15:42:00	B7.1		POINT(-15 -20)	-20	-15	-243.0	-419.0
135490	2015-10-23 16:56:00	2015-10-23 17:03:00	2015-10-23 17:15:00	B9.3		POINT(-7 -22)	-22	-7	-117.0	-446.0
135500	2015-10-24 04:20:00	2015-10-24 04:28:00	2015-10-24 04:32:00	C1.9	12434.0	POINT(64 -8)	-8	64	863.0	-182.0
135510	2015-10-24 12:26:00	2015-10-24 12:29:00	2015-10-24 12:31:00	B5.8	12434.0	POINT(68 -14)	-14	68	882.0	-233.0
135520	2015-10-24 13:20:00	2015-10-24 13:30:00	2015-10-24 13:43:00	B7.7	12436.0	POINT(15 9)	9	15	231.0	127.0
135530	2015-10-24 14:29:00	2015-10-24 15:16:00	2015-10-24 15:50:00	C1.0	12434.0	POINT(54 -10)	-10	54	778.0	-217.0
135540	2015-10-24 21:21:00	2015-10-24 21:30:00	2015-10-24 21:34:00	C1.3	12434.0	POINT(72 -12)	-12	72	901.0	-231.0
135550	2015-10-24 23:29:00	2015-10-25 00:03:00	2015-10-25 00:41:00	B9.7	12434.0	POINT(18 10)	10	18	295.0	96.0
135560	2015-10-25 04:57:00	2015-10-25 05:16:00	2015-10-25 05:27:00	B9.2	12434.0	POINT(79 -12)	-12	79	924.0	-229.0
135570	2015-10-25 05:48:00	2015-10-25 05:55:00	2015-10-25 06:02:00	B6.8	12434.0	POINT(79 -12)	-12	79	925.0	-225.0
135580	2015-10-26 01:00:00	2015-10-26 01:12:00	2015-10-26 01:20:00	B7.2	12436.0	POINT(38 -12)	-12	38	592.0	-267.0
135590	2015-10-26 10:21:00	2015-10-26 10:29:00	2015-10-26 10:41:00	C2.1	12437.0	POINT(23 -20)	-20	23	363.0	-423.0
135600	2015-10-26 13:04:00	2015-10-26 13:08:00	2015-10-26 13:15:00	B8.9		POINT(39 12)	12	39	597.0	151.0
135610	2015-10-27 05:05:00	2015-10-27 05:14:00	2015-10-27 05:20:00	C1.0	12436.0	POINT(49 12)	12	49	717.0	152.0
135620	2015-10-27 11:06:00	2015-10-27 12:08:00	2015-10-27 13:08:00	C1.5		POINT(35 -19)	-19	35	530.0	-388.0
135630	2015-10-27 13:08:00	2015-10-27 14:29:00	2015-10-27 15:15:00	C3.2		POINT(61 8)	8	61	839.0	105.0
135640	2015-10-27 15:39:00	2015-10-27 15:50:00	2015-10-27 16:02:00	C2.3	12435.0	POINT(69 -14)	-14	69	876.0	-266.0
135650	2015-10-27 18:32:00	2015-10-27 18:54:00	2015-10-27 19:03:00	C1.7		POINT(42 -20)	-20	42	617.0	-389.0
135660	2015-10-27 20:10:00	2015-10-27 20:19:00	2015-10-27 20:28:00	C1.4		POINT(-82 6)	6	-82	-950.0	98.0
135670	2015-10-28 05:53:00	2015-10-28 06:06:00	2015-10-28 06:23:00	C1.2	12437.0	POINT(53 -17)	-17	53	742.0	-341.0
135680	2015-10-28 07:05:00	2015-10-28 07:08:00	2015-10-28 07:11:00	C1.3		POINT(-44 14)	14	-44	-656.0	185.0
135690	2015-10-28 08:33:00	2015-10-28 08:39:00	2015-10-28 08:47:00	C1.6	12437.0	POINT(53 -21)	-21	53	726.0	-395.0
135700	2015-10-28 09:31:00	2015-10-28 09:37:00	2015-10-28 09:42:00	C1.9	12436.0	POINT(61 12)	12	61	826.0	200.0
135710	2015-10-28 09:50:00	2015-10-28 10:23:00	2015-10-28 10:55:00	C1.8	12436.0	POINT(75 6)	6	75	930.0	86.0
135720	2015-10-28 17:04:00	2015-10-28 17:07:00	2015-10-28 17:10:00	B7.8		POINT(70 0)	0	70	911.0	-33.0
135730	2015-10-29 00:17:00	2015-10-29 00:21:00	2015-10-29 00:27:00	C1.5	12443.0	POINT(-82 7)	7	-82	-949.0	122.0
135740	2015-10-29 01:03:00	2015-10-29 01:25:00	2015-10-29 01:40:00	C1.1	12440.0	POINT(30 18)	18	30	463.0	245.0
135750	2015-10-29 02:12:00	2015-10-29 02:20:00	2015-10-29 02:25:00	C1.0	12443.0	POINT(-83 6)	6	-83	-949.0	120.0
135760	2015-10-29 02:18:00	2015-10-29 02:19:00	2015-10-29 02:21:00	C1.0		POINT(-84 5)	5	-84	-956.0	89.0
135770	2015-10-29 04:32:00	2015-10-29 04:39:00	2015-10-29 04:46:00	C1.0	12443.0	POINT(76 12)	12	76	916.0	189.0
135780	2015-10-29 07:10:00	2015-10-29 07:10:00	2015-10-29 07:16:00	C1.1	12443.0	POINT(-83 6)	6	-83	-952.0	105.0
135790	2015-10-29 08:04:00	2015-10-29 08:07:00	2015-10-29 08:09:00	B9.3		POINT(-82 6)	6	-82	-950.0	106.0
135800	2015-10-29 10:31:00	2015-10-29 10:38:00	2015-10-29 10:44:00	C1.3	12443.0	POINT(-82 8)	8	-82	-945.0	138.0
135810	2015-10-29 12:26:00	2015-10-29 12:29:00	2015-10-29 12:31:00	B9.5		POINT(-81 7)	7	-81	-948.0	107.0
135820	2015-10-29 14:02:00	2015-10-29 14:06:00	2015-10-29 14:14:00	C1.1	12443.0	POINT(-82 6)	6	-82	-950.0	105.0
135830	2015-10-29 15:01:00	2015-10-29 15:06:00	2015-10-29 15:11:00	C1.5	12443.0	POINT(-78 9)	9	-78	-933.0	136.0
135840	2015-10-29 16:52:00	2015-10-29 16:56:00	2015-10-29 16:59:00	C1.4	12443.0	POINT(-79 6)	6	-79	-942.0	101.0
135850	2015-10-29 17:49:00	2015-10-29 17:52:00	2015-10-29 17:55:00	C1.0	12443.0	POINT(-79 6)	6	-79	-943.0	98.0
135860	2015-10-29 23:08:00	2015-10-29 23:15:00	2015-10-29 23:23:00	C1.6	12443.0	POINT(-76 6)	6	-76	-934.0	89.0
135870	2015-10-30 00:45:00	2015-10-30 00:50:00	2015-10-30 00:56:00	C2.3	12443.0	POINT(-75 6)	6	-75	-929.0	86.0
135880	2015-10-30 01:00:00	2015-10-30 01:05:00	2015-10-30 01:12:00	C2.9	12443.0	POINT(-74 6)	6	-74	-927.0	88.0
135890	2015-10-30 03:47:00	2015-10-30 03:55:00	2015-10-30 04:06:00	C2.8	12443.0	POINT(-75 6)	6	-75	-930.0	86.0
135900	2015-10-30 04:11:00	2015-10-30 04:22:00	2015-10-30 04:31:00	C4.1	12443.0	POINT(-74 6)	6	-74	-925.0	81.0
135910	2015-10-30 04:56:00	2015-10-30 05:03:00	2015-10-30 05:08:00	C3.9	12443.0	POINT(-73 7)	7	-73	-924.0	89.0
135920	2015-10-30 05:41:00	2015-10-30 05:45:00	2015-10-30 05:47:00	C2.5	12443.0	POINT(-72 10)	10	-72	-909.0	140.0
135930	2015-10-30 07:04:00	2015-10-30 07:15:00	2015-10-30 07:21:00	C4.2	12443.0	POINT(-71 6)	6	-71	-910.0	77.0
135940	2015-10-30 08:21:00	2015-10-30 08:41:00	2015-10-30 08:52:00	C5.5	12436.0	POINT(-70 6)	6	-70	-906.0	81.0
135950	2015-10-30 09:50:00	2015-10-30 10:18:00	2015-10-30 10:38:00	C4.6	12443.0	POINT(-68 6)	6	-68	-895.0	81.0
135960	2015-10-30 11:38:00	2015-10-30 11:54:00	2015-10-30 12:02:00	C2.4	12443.0	POINT(-70 6)	6	-70	-909.0	77.0
135970	2015-10-30 12:54:00	2015-10-30 13:01:00	2015-10-30 13:09:00	C3.1	12437.0	POINT(80 -18)	-18	80	904.0	-315.0
135980	2015-10-30 14:14:00	2015-10-30 14:22:00	2015-10-30 14:35:00	C5.9	12443.0	POINT(-66 6)	6	-66	-884.0	78.0
135990	2015-10-30 15:33:00	2015-10-30 15:37:00	2015-10-30 15:41:00	C5.9	12437.0	POINT(81 -18)	-18	81	905.0	-317.0
136000	2015-10-30 16:21:00	2015-10-30 16:25:00	2015-10-30 16:31:00	C5.2	12443.0	POINT(-66 6)	6	-66	-882.0	78.0
136010	2015-10-30 19:57:00	2015-10-30 20:16:00	2015-10-30 20:33:00	C7.8	12443.0	POINT(-66 5)	5	-66	-880.0	57.0
136020	2015-10-31 00:24:00	2015-10-31 00:28:00	2015-10-31 00:31:00	C1.9	12443.0	POINT(-58 5)	5	-58	-822.0	59.0
136030	2015-10-31 05:59:00	2015-10-31 06:35:00	2015-10-31 07:14:00	C3.8	12443.0	POINT(-54 7)	7	-54	-789.0	116.0
136040	2015-10-31 08:35:00	2015-10-31 08:39:00	2015-10-31 08:41:00	C1.7	12443.0	POINT(-57 5)	5	-57	-806.0	62.0
136050	2015-10-31 10:15:00	2015-10-31 10:22:00	2015-10-31 10:29:00	C1.5	12443.0	POINT(-56 7)	7	-56	-802.0	83.0
136060	2015-10-31 12:57:00	2015-10-31 13:02:00	2015-10-31 13:10:00	C1.4	12443.0	POINT(-52 9)	9	-52	-756.0	106.0
136070	2015-10-31 14:54:00	2015-10-31 15:02:00	2015-10-31 15:04:00	C5.2	12443.0	POINT(-55 6)	6	-55	-790.0	69.0
136080	2015-10-31 15:48:00	2015-10-31 15:53:00	2015-10-31 16:03:00	C1.9	12443.0	POINT(-49 6)	6	-49	-735.0	69.0
136090	2015-10-31 17:23:00	2015-10-31 17:28:00	2015-10-31 17:32:00	C2.1	12443.0	POINT(-51 6)	6	-51	-688.0	95.0
136100	2015-10-31 17:48:00	2015-10-31 17:52:00	2015-10-31 17:55:00	M1.0	12443.0	POINT(-51 6)	6	-51	-770.0	71.0
136110	2015-10-31 18:56:00	2015-10-31 19:07:00	2015-10-31 19:17:00	C6.6	12443.0	POINT(-51 7)	7	-51	-749.0	77.0
136120	2015-10-31 18:58:00	2015-10-31 19:32:00	2015-10-31 19:54:00	C9.9	12443.0	POINT(-50 6)	6	-50	-774.0	75.0
136130	2015-10-31 20:36:00	2015-10-31 20:44:00	2015-10-31 21:02:00	C2.7	12443.0	POINT(-49 6)	6	-49	-753.0	66.0
136140	2015-10-31 21:13:00	2015-10-31 21:18:00	2015-10-31 21:23:00	C5.8	12443.0	POINT(-50 5)	5	-50	-754.0	69.0
136150	2015-10-31 22:56:00	2015-10-31 23:04:00	2015-10-31 23:10:00	C6.1	12443.0	POINT(-46 6)	6	-46	-741.0	64.0
136160	2015-10-31 23:54:00	2015-10-31 23:59:00	2015-11-01 00:05:00	C2.7	12443.0	POINT(-48 6)	6	-48	-725.0	57.0
136170	2015-11-01 00:22:00	2015-11-01 00:27:00	2015-11-01 00:30:00	C6.5	12443.0	POINT(-45 6)	6	-45	-677.0	65.0
136180	2015-11-01 01:11:00	2015-11-01 01:15:00	2015-11-01 01:20:00	C6.2	12443.0	POINT(-45 6)	6	-45	-726.0	55.0
136190	2015-11-01 01:55:00	2015-11-01 01:58:00	2015-11-01 02:03:00	C1.5	12443.0	POINT(-48 6)	6	-48	-723.0	66.0
136200	2015-11-01 03:35:00	2015-11-01 03:39:00	2015-11-01 03:44:00	C5.6	12443.0	POINT(-44 6)	6	-44	-708.0	53.0
136210	2015-11-01 05:05:00	2015-11-01 05:12:00	2015-11-01 05:15:00	C1.8	12443.0	POINT(-43 6)	6	-43	-698.0	57.0
136220	2015-11-01 06:22:00	2015-11-01 06:28:00	2015-11-01 06:54:00	C2.4	12443.0	POINT(-43 6)	6	-43	-689.0	58.0
136230	2015-11-01 09:17:00	2015-11-01 09:21:00	2015-11-01 09:26:00	C1.1	12443.0	POINT(-40 6)	6	-40	-620.0	60.0
136240	2015-11-01 10:18:00	2015-11-01 10:21:00	2015-11-01 10:27:00	B9.2	12443.0	POINT(-44 6)	6	-44	-669.0	60.0
136250	2015-11-01 12:03:00	2015-11-01 12:06:00	2015-11-01 12:10:00	C1.3	12443.0	POINT(-43 6)	6	-43	-656.0	63.0
136260	2015-11-01 12:55:00	2015-11-01 12:59:00	2015-11-01 13:01:00	C1.0	12443.0	POINT(-40 9)	9	-40	-632.0	59.0
136270	2015-11-01 16:02:00	2015-11-01 16:38:00	2015-11-01 17:26:00	C5.0	12443.0	POINT(-39 6)	6	-39	-620.0	31.0
136280	2015-11-01 17:34:00	2015-11-01 18:03:00	2015-11-01 18:30:00	C6.3	12443.0	POINT(-39 6)	6	-39	-615.0	35.0
136290	2015-11-01 19:36:00	2015-11-01 19:42:00	2015-11-01 19:56:00	C1.8	12443.0	POINT(-30 8)	8	-30	-478.0	88.0
136300	2015-11-01 20:11:00	2015-11-01 20:23:00	2015-11-01 20:30:00	C4.9	12443.0	POINT(-30 8)	8	-30	-471.0	84.0
136310	2015-11-01 21:29:00	2015-11-01 23:14:00	2015-11-01 23:51:00	C6.4	12443.0	POINT(42 16)	16	42	629.0	216.0
136320	2015-11-02 00:36:00	2015-11-02 00:51:00	2015-11-02 01:32:00	C6.3	12445.0	POINT(44 16)	16	44	628.0	220.0
136330	2015-11-02 05:06:00	2015-11-02 05:12:00	2015-11-02 05:17:00	C2.2	12445.0	POINT(46 15)	15	46	664.0	225.0
136340	2015-11-02 06:03:00	2015-11-02 06:07:00	2015-11-02 06:15:00	C1.2	12445.0	POINT(46 14)	14	46	679.0	219.0
136350	2015-11-02 06:31:00	2015-11-02 06:37:00	2015-11-02 06:47:00	C3.3	12445.0	POINT(47 15)	15	47	671.0	225.0
136360	2015-11-02 09:41:00	2015-11-02 09:56:00	2015-11-02 10:49:00	C7.2	12445.0	POINT(49 13)	13	49	713.0	224.0
136370	2015-11-02 10:57:00	2015-11-02 11:00:00	2015-11-02 11:02:00	C1.3		POINT(-26 7)	7	-26	-432.0	59.0
136380	2015-11-02 13:12:00	2015-11-02 13:19:00	2015-11-02 13:29:00	C1.8	12445.0	POINT(49 13)	13	49	708.0	233.0
136390	2015-11-02 14:29:00	2015-11-02 15:00:00	2015-11-02 15:12:00	C5.0	12443.0	POINT(-23 10)	10	-23	-372.0	167.0
136400	2015-11-02 17:29:00	2015-11-02 17:33:00	2015-11-02 17:36:00	C2.0	12445.0	POINT(52 16)	16	52	736.0	229.0
136410	2015-11-03 00:39:00	2015-11-03 00:53:00	2015-11-03 01:12:00	C2.3	12443.0	POINT(-17 6)	6	-17	-361.0	32.0
136420	2015-11-03 13:52:00	2015-11-03 13:57:00	2015-11-03 14:49:00	C1.4	12443.0	POINT(-12 7)	7	-12	-199.0	117.0
136430	2015-11-03 16:54:00	2015-11-03 16:58:00	2015-11-03 17:12:00	C3.9	12445.0	POINT(63 17)	17	63	839.0	233.0
136440	2015-11-03 18:14:00	2015-11-03 18:20:00	2015-11-03 18:23:00	B9.4		POINT(62 14)	14	62	828.0	215.0
136450	2015-11-03 18:43:00	2015-11-03 19:09:00	2015-11-03 19:31:00	C5.5	12443.0	POINT(-10 7)	7	-10	-194.0	94.0
136460	2015-11-03 21:51:00	2015-11-03 21:56:00	2015-11-03 22:00:00	B9.8	12443.0	POINT(-10 7)	7	-10	-150.0	47.0
136470	2015-11-03 23:29:00	2015-11-03 23:35:00	2015-11-03 23:39:00	C1.7	12445.0	POINT(63 17)	17	63	837.0	219.0
136480	2015-11-04 00:25:00	2015-11-04 00:32:00	2015-11-04 00:37:00	C3.0	12445.0	POINT(63 15)	15	63	843.0	216.0
136490	2015-11-04 01:17:00	2015-11-04 01:20:00	2015-11-04 01:22:00	B9.1	12445.0	POINT(64 14)	14	64	842.0	218.0
136500	2015-11-04 01:24:00	2015-11-04 01:27:00	2015-11-04 01:29:00	B9.9	12445.0	POINT(65 14)	14	65	851.0	215.0
136510	2015-11-04 02:01:00	2015-11-04 02:18:00	2015-11-04 02:49:00	C1.1	12443.0	POINT(66 14)	14	66	859.0	209.0
136520	2015-11-04 03:20:00	2015-11-04 03:26:00	2015-11-04 03:29:00	M1.9	12445.0	POINT(64 15)	15	64	860.0	220.0
136530	2015-11-04 03:53:00	2015-11-04 03:59:00	2015-11-04 04:05:00	C1.4	12443.0	POINT(1 7)	7	1	41.0	74.0
136540	2015-11-04 04:50:00	2015-11-04 04:56:00	2015-11-04 04:59:00	C1.0	12445.0	POINT(64 15)	15	64	863.0	226.0
136550	2015-11-04 08:46:00	2015-11-04 08:47:00	2015-11-04 08:49:00	C4.6	12445.0	POINT(65 17)	17	65	881.0	221.0
136560	2015-11-04 09:21:00	2015-11-04 09:25:00	2015-11-04 09:27:00	B9.6	12445.0	POINT(65 17)	17	65	856.0	252.0
136570	2015-11-04 09:30:00	2015-11-04 09:48:00	2015-11-04 10:55:00	C1.1	12443.0	POINT(-3 8)	8	-3	-50.0	134.0
136580	2015-11-04 11:55:00	2015-11-04 12:03:00	2015-11-04 12:06:00	M2.5	12445.0	POINT(73 12)	12	73	887.0	231.0
136590	2015-11-04 13:27:00	2015-11-04 13:39:00	2015-11-04 13:48:00	M3.7	12443.0	POINT(4 9)	9	4	39.0	80.0
136600	2015-11-04 22:48:00	2015-11-04 22:53:00	2015-11-04 22:58:00	C1.0	12448.0	POINT(-81 5)	5	-81	-951.0	84.0
136610	2015-11-05 19:57:00	2015-11-05 20:09:00	2015-11-05 20:26:00	B7.5	12443.0	POINT(17 6)	6	17	296.0	51.0
136620	2015-11-06 09:00:00	2015-11-06 09:19:00	2015-11-06 09:25:00	C1.0	12448.0	POINT(-57 7)	7	-57	-807.0	93.0
136630	2015-11-06 09:40:00	2015-11-06 09:42:00	2015-11-06 09:46:00	C1.1		POINT(33 3)	3	33	526.0	50.0
136640	2015-11-06 14:35:00	2015-11-06 14:46:00	2015-11-06 14:54:00	C1.8	12449.0	POINT(-88 -14)	-14	-88	-871.0	-410.0
136650	2015-11-06 17:38:00	2015-11-06 18:08:00	2015-11-06 18:49:00	C4.4	12449.0	POINT(-77 -13)	-13	-77	-932.0	-221.0
136660	2015-11-06 21:42:00	2015-11-06 21:49:00	2015-11-06 22:00:00	C1.4	12449.0	POINT(-75 -12)	-12	-75	-923.0	-266.0
136670	2015-11-06 22:52:00	2015-11-06 23:13:00	2015-11-06 23:22:00	C1.6	12446.0	POINT(65 16)	16	65	888.0	243.0
136680	2015-11-06 23:53:00	2015-11-06 23:57:00	2015-11-07 00:03:00	B8.5		POINT(-75 -13)	-13	-75	-913.0	-240.0
136690	2015-11-07 00:15:00	2015-11-07 00:21:00	2015-11-07 00:29:00	C3.0	12448.0	POINT(-51 5)	5	-51	-742.0	52.0
136700	2015-11-07 04:35:00	2015-11-07 04:40:00	2015-11-07 04:44:00	C1.5	12449.0	POINT(-72 -13)	-13	-72	-896.0	-222.0
136710	2015-11-07 05:23:00	2015-11-07 05:32:00	2015-11-07 05:42:00	C2.4	12450.0	POINT(-78 -25)	-25	-78	-856.0	-428.0
136720	2015-11-07 22:59:00	2015-11-07 23:21:00	2015-11-07 23:47:00	C2.5	12449.0	POINT(-66 -18)	-18	-66	-854.0	-311.0
136730	2015-11-08 02:32:00	2015-11-08 02:35:00	2015-11-08 02:38:00	B5.6	12449.0	POINT(-60 -12)	-12	-60	-819.0	-246.0
136740	2015-11-09 12:49:00	2015-11-09 13:12:00	2015-11-09 13:28:00	M3.9	12449.0	POINT(-41 -11)	-11	-41	-598.0	-272.0
136750	2015-11-09 16:30:00	2015-11-09 16:33:00	2015-11-09 16:35:00	C1.3	12443.0	POINT(78 4)	4	78	945.0	64.0
136760	2015-11-10 01:19:00	2015-11-10 01:25:00	2015-11-10 01:45:00	B6.8		POINT(81 5)	5	81	953.0	86.0
136770	2015-11-10 01:54:00	2015-11-10 01:59:00	2015-11-10 02:02:00	C1.1	12443.0	POINT(81 4)	4	81	955.0	66.0
136780	2015-11-10 03:23:00	2015-11-10 03:28:00	2015-11-10 03:54:00	B6.7	12449.0	POINT(-32 -13)	-13	-32	-507.0	-278.0
136790	2015-11-10 07:33:00	2015-11-10 07:39:00	2015-11-10 07:42:00	B8.6	12443.0	POINT(81 4)	4	81	955.0	71.0
136800	2015-11-10 14:00:00	2015-11-10 14:11:00	2015-11-10 14:24:00	C3.7	12443.0	POINT(82 8)	8	82	949.0	132.0
136810	2015-11-10 16:08:00	2015-11-10 16:12:00	2015-11-10 16:16:00	B6.0		POINT(-25 -13)	-13	-25	-401.0	-279.0
136820	2015-11-10 16:45:00	2015-11-10 16:54:00	2015-11-10 17:05:00	C2.7		POINT(-82 -13)	-13	-82	-933.0	-233.0
136830	2015-11-11 11:53:00	2015-11-11 11:58:00	2015-11-11 12:06:00	B6.3	12443.0	POINT(81 8)	8	81	947.0	140.0
136840	2015-11-12 01:09:00	2015-11-12 01:24:00	2015-11-12 01:29:00	B8.9		POINT(-82 8)	8	-82	-949.0	138.0
136850	2015-11-12 03:28:00	2015-11-12 03:37:00	2015-11-12 03:42:00	B8.9		POINT(-53 -8)	-8	-53	-769.0	-180.0
136860	2015-11-12 15:03:00	2015-11-12 15:13:00	2015-11-12 15:21:00	B4.3		POINT(-82 8)	8	-82	-950.0	134.0
136870	2015-11-12 19:20:00	2015-11-12 19:26:00	2015-11-12 19:31:00	B3.9	12452.0	POINT(-51 -16)	-16	-51	-743.0	-308.0
136880	2015-11-13 01:20:00	2015-11-13 01:28:00	2015-11-13 01:36:00	C1.2	12452.0	POINT(-48 -17)	-17	-48	-699.0	-306.0
136890	2015-11-15 14:19:00	2015-11-15 14:25:00	2015-11-15 14:31:00	B5.4	12449.0	POINT(43 -13)	-13	43	650.0	-260.0
136900	2015-11-15 23:01:00	2015-11-16 00:08:00	2015-11-16 01:14:00	B7.8		POINT(24 -16)	-16	24	380.0	-316.0
136910	2015-11-17 13:26:00	2015-11-17 13:29:00	2015-11-17 13:31:00	B5.8	12454.0	POINT(-20 5)	5	-20	-342.0	36.0
136920	2015-11-17 14:38:00	2015-11-17 14:50:00	2015-11-17 14:54:00	B5.3	12454.0	POINT(-20 4)	4	-20	-339.0	38.0
136930	2015-11-17 15:16:00	2015-11-17 15:19:00	2015-11-17 15:22:00	B5.1	12454.0	POINT(-19 4)	4	-19	-331.0	34.0
136940	2015-11-17 15:51:00	2015-11-17 15:54:00	2015-11-17 15:58:00	C1.1	12454.0	POINT(-19 4)	4	-19	-329.0	32.0
136950	2015-11-18 08:34:00	2015-11-18 08:52:00	2015-11-18 09:02:00	B7.0		POINT(-9 11)	11	-9	-153.0	155.0
136960	2015-11-18 19:43:00	2015-11-18 20:09:00	2015-11-18 20:15:00	C1.1	12457.0	POINT(-3 11)	11	-3	-65.0	159.0
136970	2015-11-19 07:44:00	2015-11-19 07:48:00	2015-11-19 07:53:00	B8.0	12457.0	POINT(-83 10)	10	-83	-947.0	174.0
136980	2015-11-20 06:09:00	2015-11-20 06:12:00	2015-11-20 06:16:00	B5.2	12457.0	POINT(-74 11)	11	-74	-915.0	188.0
136990	2015-11-20 11:21:00	2015-11-20 11:25:00	2015-11-20 11:27:00	B5.5	12457.0	POINT(-71 11)	11	-71	-905.0	179.0
137000	2015-11-20 12:26:00	2015-11-20 12:58:00	2015-11-20 13:02:00	B7.3	12455.0	POINT(-71 11)	11	-71	-902.0	177.0
137010	2015-11-21 02:10:00	2015-11-21 02:14:00	2015-11-21 02:17:00	C1.6	12457.0	POINT(-65 9)	9	-65	-854.0	160.0
137020	2015-11-21 03:32:00	2015-11-21 03:41:00	2015-11-21 03:53:00	B7.3	12457.0	POINT(-64 9)	9	-64	-865.0	146.0
137030	2015-11-21 13:11:00	2015-11-21 13:24:00	2015-11-21 13:29:00	C2.0	12454.0	POINT(33 13)	13	33	515.0	202.0
137040	2015-11-21 13:36:00	2015-11-21 13:53:00	2015-11-21 14:05:00	C3.3	12454.0	POINT(34 14)	14	34	541.0	210.0
137050	2015-11-21 17:07:00	2015-11-21 17:11:00	2015-11-21 17:14:00	B8.7	12454.0	POINT(33 16)	16	33	516.0	250.0
137060	2015-11-21 17:33:00	2015-11-21 17:44:00	2015-11-21 17:58:00	C1.6	12454.0	POINT(36 14)	14	36	558.0	215.0
137070	2015-11-21 19:38:00	2015-11-21 19:42:00	2015-11-21 19:48:00	C1.0	12454.0	POINT(35 15)	15	35	537.0	239.0
137080	2015-11-21 22:15:00	2015-11-21 22:21:00	2015-11-21 22:29:00	C1.1	12457.0	POINT(-51 11)	11	-51	-770.0	158.0
137090	2015-11-22 01:37:00	2015-11-22 02:10:00	2015-11-22 02:27:00	C5.1	12454.0	POINT(39 14)	14	39	608.0	217.0
137100	2015-11-22 03:17:00	2015-11-22 03:21:00	2015-11-22 03:25:00	C1.2	12454.0	POINT(38 15)	15	38	587.0	229.0
137110	2015-11-22 05:31:00	2015-11-22 05:38:00	2015-11-22 05:41:00	C5.6	12454.0	POINT(40 15)	15	40	601.0	229.0
137120	2015-11-22 10:17:00	2015-11-22 10:23:00	2015-11-22 10:29:00	C2.4	12457.0	POINT(-47 13)	13	-47	-695.0	212.0
137130	2015-11-22 12:40:00	2015-11-22 12:45:00	2015-11-22 12:49:00	C1.4	12454.0	POINT(44 14)	14	44	658.0	228.0
137140	2015-11-22 13:48:00	2015-11-22 13:51:00	2015-11-22 13:56:00	B7.3	12457.0	POINT(-43 15)	15	-43	-644.0	234.0
137150	2015-11-22 16:31:00	2015-11-22 16:57:00	2015-11-22 17:15:00	C2.0	12454.0	POINT(44 11)	11	44	731.0	240.0
137160	2015-11-22 18:41:00	2015-11-22 18:45:00	2015-11-22 18:48:00	C1.6	12454.0	POINT(48 16)	16	48	702.0	230.0
137170	2015-11-22 18:57:00	2015-11-22 19:00:00	2015-11-22 19:05:00	C1.3	12454.0	POINT(48 14)	14	48	699.0	228.0
137180	2015-11-22 22:39:00	2015-11-22 22:46:00	2015-11-22 22:49:00	C2.6	12454.0	POINT(50 15)	15	50	727.0	230.0
137190	2015-11-23 00:43:00	2015-11-23 00:48:00	2015-11-23 00:52:00	C1.6	12454.0	POINT(51 16)	16	51	737.0	233.0
137200	2015-11-23 01:09:00	2015-11-23 02:28:00	2015-11-23 02:54:00	C8.7	12454.0	POINT(53 12)	12	53	807.0	187.0
137210	2015-11-23 12:03:00	2015-11-23 12:13:00	2015-11-23 12:42:00	C1.3		POINT(58 16)	16	58	791.0	267.0
137220	2015-11-23 17:07:00	2015-11-23 17:21:00	2015-11-23 17:36:00	B8.8		POINT(-30 12)	12	-30	-482.0	181.0
137230	2015-11-23 18:08:00	2015-11-23 18:20:00	2015-11-23 18:31:00	B8.2	12454.0	POINT(65 16)	16	65	849.0	264.0
137240	2015-11-25 07:28:00	2015-11-25 08:27:00	2015-11-25 08:46:00	C1.9		POINT(82 15)	15	82	929.0	254.0
137250	2015-11-25 10:28:00	2015-11-25 10:43:00	2015-11-25 10:50:00	B7.9		POINT(-78 9)	9	-78	-940.0	153.0
137260	2015-11-25 22:09:00	2015-11-25 22:20:00	2015-11-25 22:39:00	B5.6		POINT(81 13)	13	81	934.0	223.0
137270	2015-11-26 21:19:00	2015-11-26 21:41:00	2015-11-26 22:18:00	B9.0		POINT(-50 7)	7	-50	-746.0	111.0
137280	2015-11-27 13:35:00	2015-11-27 13:42:00	2015-11-27 13:48:00	B4.2	12459.0	POINT(-42 8)	8	-42	-649.0	118.0
137290	2015-11-28 10:32:00	2015-11-28 11:34:00	2015-11-28 12:15:00	B6.0	12457.0	POINT(33 19)	19	33	513.0	305.0
137300	2015-11-29 06:04:00	2015-11-29 06:10:00	2015-11-29 06:17:00	B5.9	12458.0	POINT(9 9)	9	9	174.0	146.0
137310	2015-11-29 06:55:00	2015-11-29 07:37:00	2015-11-29 07:52:00	B6.3	12459.0	POINT(-19 5)	5	-19	-303.0	71.0
137320	2015-11-30 08:37:00	2015-11-30 08:50:00	2015-11-30 09:02:00	B8.7	12458.0	POINT(23 9)	9	23	422.0	165.0
137330	2015-11-30 16:52:00	2015-11-30 17:06:00	2015-11-30 17:22:00	C1.0	12458.0	POINT(33 12)	12	33	530.0	164.0
137340	2015-11-30 21:14:00	2015-11-30 21:50:00	2015-11-30 22:19:00	B7.5	12458.0	POINT(32 9)	9	32	539.0	153.0
137350	2015-12-01 04:03:00	2015-12-01 04:08:00	2015-12-01 04:32:00	C1.0	12458.0	POINT(42 11)	11	42	636.0	155.0
137360	2015-12-01 06:17:00	2015-12-01 06:31:00	2015-12-01 06:39:00	B4.1	12458.0	POINT(43 9)	9	43	661.0	157.0
137370	2015-12-01 07:57:00	2015-12-01 08:10:00	2015-12-01 08:18:00	C3.6	12458.0	POINT(43 10)	10	43	644.0	161.0
137380	2015-12-01 14:23:00	2015-12-01 14:34:00	2015-12-01 14:46:00	B3.4	12458.0	POINT(48 12)	12	48	708.0	201.0
137390	2015-12-02 04:25:00	2015-12-02 04:46:00	2015-12-02 05:04:00	C2.2	12458.0	POINT(53 10)	10	53	782.0	159.0
137400	2015-12-02 18:23:00	2015-12-02 18:35:00	2015-12-02 18:55:00	B8.1	12458.0	POINT(60 10)	10	60	844.0	156.0
137410	2015-12-03 06:01:00	2015-12-03 06:28:00	2015-12-03 06:45:00	C1.2	12458.0	POINT(69 9)	9	69	899.0	157.0
137420	2015-12-03 17:12:00	2015-12-03 17:38:00	2015-12-03 17:51:00	B3.3	12459.0	POINT(49 3)	3	49	733.0	50.0
137430	2015-12-03 21:03:00	2015-12-03 22:00:00	2015-12-03 22:18:00	B7.5	12458.0	POINT(76 9)	9	76	935.0	157.0
137440	2015-12-04 02:37:00	2015-12-04 02:48:00	2015-12-04 02:50:00	B5.0	12458.0	POINT(80 8)	8	80	950.0	141.0
137450	2015-12-04 05:26:00	2015-12-04 05:34:00	2015-12-04 05:45:00	C1.0	12463.0	POINT(-76 -9)	-9	-76	-932.0	-165.0
137460	2015-12-04 14:23:00	2015-12-04 14:36:00	2015-12-04 14:51:00	B5.9	12463.0	POINT(-72 -9)	-9	-72	-914.0	-165.0
137470	2015-12-04 16:53:00	2015-12-04 17:02:00	2015-12-04 17:46:00	C4.0	12462.0	POINT(-58 9)	9	-58	-878.0	168.0
137480	2015-12-04 19:27:00	2015-12-04 19:30:00	2015-12-04 19:32:00	B5.6	12463.0	POINT(-67 -10)	-10	-67	-889.0	-162.0
137490	2015-12-04 22:56:00	2015-12-04 23:02:00	2015-12-04 23:05:00	B7.7	12463.0	POINT(-64 -10)	-10	-64	-867.0	-171.0
137500	2015-12-05 07:52:00	2015-12-05 07:59:00	2015-12-05 08:03:00	B3.9	12463.0	POINT(-59 -9)	-9	-59	-830.0	-171.0
137510	2015-12-05 10:43:00	2015-12-05 10:47:00	2015-12-05 10:49:00	B4.4	12463.0	POINT(-60 -9)	-9	-60	-818.0	-170.0
137520	2015-12-05 13:16:00	2015-12-05 13:19:00	2015-12-05 13:22:00	B4.1	12463.0	POINT(-56 -10)	-10	-56	-804.0	-175.0
137530	2015-12-05 15:14:00	2015-12-05 15:21:00	2015-12-05 15:26:00	C1.9	12464.0	POINT(-82 -12)	-12	-82	-941.0	-216.0
137540	2015-12-05 16:16:00	2015-12-05 16:23:00	2015-12-05 16:32:00	C1.9	12463.0	POINT(-55 -10)	-10	-55	-785.0	-169.0
137550	2015-12-05 23:06:00	2015-12-05 23:17:00	2015-12-05 23:33:00	B8.3	12463.0	POINT(-54 -10)	-10	-54	-765.0	-160.0
137560	2015-12-06 03:23:00	2015-12-06 03:26:00	2015-12-06 03:28:00	B7.4	12463.0	POINT(-50 -10)	-10	-50	-727.0	-167.0
137570	2015-12-06 06:43:00	2015-12-06 06:51:00	2015-12-06 07:22:00	B7.5	12463.0	POINT(-47 -9)	-9	-47	-713.0	-159.0
137580	2015-12-06 20:49:00	2015-12-06 21:08:00	2015-12-06 21:21:00	C1.1	12463.0	POINT(-41 -9)	-9	-41	-638.0	-158.0
137590	2015-12-07 03:23:00	2015-12-07 03:30:00	2015-12-07 03:37:00	B7.6	12463.0	POINT(-37 -9)	-9	-37	-581.0	-162.0
137600	2015-12-07 03:49:00	2015-12-07 04:19:00	2015-12-07 04:47:00	C1.1	12465.0	POINT(-82 -7)	-7	-82	-956.0	-130.0
137610	2015-12-07 07:29:00	2015-12-07 07:33:00	2015-12-07 07:39:00	B3.9	12465.0	POINT(-78 -5)	-5	-78	-950.0	-91.0
137620	2015-12-07 09:01:00	2015-12-07 09:04:00	2015-12-07 09:10:00	B3.7	12465.0	POINT(-77 -5)	-5	-77	-946.0	-88.0
137630	2015-12-07 11:39:00	2015-12-07 11:49:00	2015-12-07 11:55:00	B3.4	12465.0	POINT(-75 -5)	-5	-75	-941.0	-87.0
137640	2015-12-07 14:34:00	2015-12-07 14:41:00	2015-12-07 14:49:00	B3.4	12465.0	POINT(-69 -7)	-7	-69	-906.0	-120.0
137650	2015-12-07 18:19:00	2015-12-07 18:26:00	2015-12-07 18:32:00	B4.2	12462.0	POINT(-22 8)	8	-22	-366.0	138.0
137660	2015-12-07 22:39:00	2015-12-07 22:50:00	2015-12-07 23:13:00	C1.0	12463.0	POINT(-25 -9)	-9	-25	-420.0	-155.0
137670	2015-12-08 09:12:00	2015-12-08 09:16:00	2015-12-08 09:22:00	B3.6	12463.0	POINT(-22 -6)	-6	-22	-372.0	-117.0
137680	2015-12-08 13:13:00	2015-12-08 13:17:00	2015-12-08 13:22:00	B4.1		POINT(-26 -14)	-14	-26	-417.0	-239.0
137690	2015-12-08 17:05:00	2015-12-08 17:24:00	2015-12-08 17:35:00	C1.0	12463.0	POINT(-23 -12)	-12	-23	-381.0	-215.0
137700	2015-12-08 18:59:00	2015-12-08 19:14:00	2015-12-08 19:28:00	C6.7	12463.0	POINT(-22 -12)	-12	-22	-364.0	-216.0
137710	2015-12-08 22:40:00	2015-12-08 22:55:00	2015-12-08 23:05:00	C4.5	12466.0	POINT(-20 -13)	-13	-20	-333.0	-214.0
137720	2015-12-09 03:17:00	2015-12-09 03:40:00	2015-12-09 03:52:00	C1.4	12466.0	POINT(-18 -12)	-12	-18	-295.0	-211.0
137730	2015-12-09 08:54:00	2015-12-09 08:58:00	2015-12-09 09:01:00	B6.7	12466.0	POINT(-15 -12)	-12	-15	-230.0	-202.0
137740	2015-12-09 09:19:00	2015-12-09 09:24:00	2015-12-09 09:30:00	B4.7	12466.0	POINT(-51 -6)	-6	-51	-756.0	-101.0
137750	2015-12-09 09:32:00	2015-12-09 09:35:00	2015-12-09 09:38:00	B6.4	12466.0	POINT(-13 -12)	-12	-13	-223.0	-205.0
137760	2015-12-09 10:49:00	2015-12-09 11:00:00	2015-12-09 11:04:00	C1.2	12466.0	POINT(-13 -12)	-12	-13	-196.0	-202.0
137770	2015-12-09 12:07:00	2015-12-09 12:12:00	2015-12-09 12:14:00	C1.2	12466.0	POINT(-12 -12)	-12	-12	-198.0	-202.0
137780	2015-12-09 12:19:00	2015-12-09 12:22:00	2015-12-09 12:27:00	B8.3	12468.0	POINT(-84 -14)	-14	-84	-939.0	-238.0
137790	2015-12-10 00:31:00	2015-12-10 00:36:00	2015-12-10 00:41:00	B5.4	12468.0	POINT(-83 -14)	-14	-83	-937.0	-238.0
137800	2015-12-10 07:19:00	2015-12-10 07:25:00	2015-12-10 07:32:00	B6.9	12468.0	POINT(-82 -17)	-17	-82	-920.0	-294.0
137810	2015-12-10 07:41:00	2015-12-10 07:50:00	2015-12-10 07:57:00	C3.9	12468.0	POINT(-76 -14)	-14	-76	-920.0	-218.0
137820	2015-12-10 16:47:00	2015-12-10 17:05:00	2015-12-10 17:12:00	B5.7	12465.0	POINT(-30 -6)	-6	-30	-506.0	-114.0
137830	2015-12-11 00:29:00	2015-12-11 00:36:00	2015-12-11 00:43:00	B7.8	12467.0	POINT(-2 -9)	-9	-2	-42.0	-160.0
137840	2015-12-11 02:47:00	2015-12-11 02:51:00	2015-12-11 02:55:00	B5.7	12468.0	POINT(-66 -13)	-13	-66	-867.0	-229.0
137850	2015-12-11 03:01:00	2015-12-11 03:07:00	2015-12-11 03:12:00	B8.1	12465.0	POINT(-24 -6)	-6	-24	-387.0	-89.0
137860	2015-12-11 04:22:00	2015-12-11 04:47:00	2015-12-11 05:15:00	C1.4	12468.0	POINT(-75 -15)	-15	-75	-906.0	-264.0
137870	2015-12-11 11:10:00	2015-12-11 11:16:00	2015-12-11 11:21:00	B8.8		POINT(3 -9)	-9	3	57.0	-158.0
137880	2015-12-11 16:48:00	2015-12-11 17:16:00	2015-12-11 17:28:00	C5.6	12465.0	POINT(-16 -6)	-6	-16	-252.0	-123.0
137890	2015-12-12 03:09:00	2015-12-12 03:16:00	2015-12-12 03:21:00	C2.0	12465.0	POINT(-81 16)	16	-81	-923.0	282.0
137900	2015-12-12 04:03:00	2015-12-12 04:31:00	2015-12-12 05:06:00	C1.8	12463.0	POINT(25 -13)	-13	25	405.0	-213.0
137910	2015-12-12 05:05:00	2015-12-12 05:28:00	2015-12-12 05:40:00	C5.2	12468.0	POINT(-82 12)	12	-82	-942.0	213.0
137920	2015-12-12 06:05:00	2015-12-12 06:13:00	2015-12-12 06:22:00	C4.2	12469.0	POINT(-81 11)	11	-81	-942.0	203.0
137930	2015-12-12 07:36:00	2015-12-12 07:41:00	2015-12-12 07:47:00	C1.6	12469.0	POINT(-81 12)	12	-81	-940.0	212.0
137940	2015-12-12 09:18:00	2015-12-12 09:25:00	2015-12-12 09:32:00	C1.3	12466.0	POINT(38 10)	10	38	605.0	180.0
137950	2015-12-12 11:39:00	2015-12-12 11:45:00	2015-12-12 11:53:00	C2.1	12468.0	POINT(-50 -17)	-17	-50	-715.0	-288.0
137960	2015-12-12 13:36:00	2015-12-12 13:46:00	2015-12-12 13:57:00	C7.8	12470.0	POINT(-81 11)	11	-81	-945.0	197.0
137970	2015-12-12 15:19:00	2015-12-12 15:22:00	2015-12-12 15:30:00	C1.0	12470.0	POINT(-81 12)	12	-81	-942.0	204.0
137980	2015-12-12 17:09:00	2015-12-12 17:12:00	2015-12-12 17:16:00	B9.4	12470.0	POINT(-81 12)	12	-81	-941.0	207.0
137990	2015-12-12 17:26:00	2015-12-12 17:34:00	2015-12-12 17:52:00	C1.7	12465.0	POINT(-2 -7)	-7	-2	-47.0	-111.0
138000	2015-12-12 18:09:00	2015-12-12 18:17:00	2015-12-12 18:23:00	C2.8	12469.0	POINT(-76 16)	16	-76	-908.0	274.0
138010	2015-12-12 19:11:00	2015-12-12 19:14:00	2015-12-12 19:16:00	B6.3		POINT(-44 -17)	-17	-44	-651.0	-294.0
138020	2015-12-12 19:32:00	2015-12-12 19:45:00	2015-12-12 20:15:00	C1.1	12470.0	POINT(32 -13)	-13	32	515.0	-212.0
138030	2015-12-13 08:25:00	2015-12-13 10:34:00	2015-12-13 11:28:00	C5.3	12468.0	POINT(-35 -13)	-13	-35	-554.0	-214.0
138040	2015-12-13 21:42:00	2015-12-13 21:46:00	2015-12-13 21:51:00	B7.6	12463.0	POINT(-79 16)	16	-79	-919.0	279.0
138050	2015-12-14 00:06:00	2015-12-14 00:14:00	2015-12-14 00:20:00	C1.0	12469.0	POINT(-52 19)	19	-52	-731.0	330.0
138060	2015-12-14 14:04:00	2015-12-14 14:08:00	2015-12-14 14:10:00	B7.6	12470.0	POINT(-70 18)	18	-70	-872.0	309.0
138070	2015-12-14 14:31:00	2015-12-14 14:41:00	2015-12-14 14:53:00	B9.0	12468.0	POINT(-17 -15)	-15	-17	-294.0	-203.0
138080	2015-12-14 18:28:00	2015-12-14 18:31:00	2015-12-14 18:33:00	B7.5		POINT(-67 17)	17	-67	-858.0	304.0
138090	2015-12-14 22:21:00	2015-12-14 22:24:00	2015-12-14 22:26:00	B5.7		POINT(-64 18)	18	-64	-836.0	311.0
138100	2015-12-15 20:30:00	2015-12-15 20:34:00	2015-12-15 20:42:00	B5.9	12468.0	POINT(-34 17)	17	-34	-530.0	309.0
138110	2015-12-15 21:33:00	2015-12-15 22:00:00	2015-12-15 22:25:00	C1.2	12468.0	POINT(-2 -15)	-15	-2	-32.0	-252.0
138120	2015-12-16 05:44:00	2015-12-16 05:48:00	2015-12-16 05:53:00	B7.0		POINT(0 -17)	-17	0	3.0	-278.0
138130	2015-12-16 08:34:00	2015-12-16 09:03:00	2015-12-16 09:23:00	C6.6	12468.0	POINT(4 -13)	-13	4	45.0	-221.0
138140	2015-12-17 03:29:00	2015-12-17 03:41:00	2015-12-17 03:51:00	B7.6	12470.0	POINT(-31 14)	14	-31	-496.0	262.0
138150	2015-12-17 05:29:00	2015-12-17 05:33:00	2015-12-17 05:35:00	C1.3	12470.0	POINT(-32 13)	13	-32	-509.0	236.0
138160	2015-12-17 12:22:00	2015-12-17 12:35:00	2015-12-17 12:49:00	C1.7	12470.0	POINT(-28 15)	15	-28	-424.0	249.0
138170	2015-12-17 20:59:00	2015-12-17 21:04:00	2015-12-17 21:10:00	B8.2	12468.0	POINT(22 -18)	-18	22	345.0	-294.0
138180	2015-12-18 03:48:00	2015-12-18 04:00:00	2015-12-18 04:12:00	C1.4	12469.0	POINT(-9 20)	20	-9	-155.0	364.0
138190	2015-12-18 04:55:00	2015-12-18 05:09:00	2015-12-18 05:22:00	C4.6	12469.0	POINT(-7 18)	18	-7	-135.0	369.0
138200	2015-12-18 15:29:00	2015-12-18 15:34:00	2015-12-18 15:38:00	B6.1	12468.0	POINT(33 -17)	-17	33	505.0	-288.0
138210	2015-12-18 23:19:00	2015-12-19 01:18:00	2015-12-19 01:59:00	B7.4	12369.0	POINT(8 16)	16	8	131.0	297.0
138220	2015-12-19 01:59:00	2015-12-19 02:04:00	2015-12-19 02:08:00	C3.1	12468.0	POINT(39 -18)	-18	39	580.0	-289.0
138230	2015-12-19 04:43:00	2015-12-19 04:55:00	2015-12-19 05:07:00	B8.3	12468.0	POINT(45 -14)	-14	45	675.0	-220.0
138240	2015-12-19 10:40:00	2015-12-19 10:51:00	2015-12-19 11:01:00	C1.6	12470.0	POINT(9 20)	20	9	145.0	370.0
138250	2015-12-19 12:38:00	2015-12-19 13:26:00	2015-12-19 13:57:00	C1.7		POINT(16 20)	20	16	258.0	365.0
138260	2015-12-19 16:58:00	2015-12-19 17:10:00	2015-12-19 17:24:00	C1.1	12470.0	POINT(12 16)	16	12	194.0	268.0
138270	2015-12-19 21:49:00	2015-12-19 22:28:00	2015-12-19 23:08:00	C4.5	12470.0	POINT(16 18)	18	16	258.0	330.0
138280	2015-12-20 03:57:00	2015-12-20 05:13:00	2015-12-20 05:55:00	C3.8	12472.0	POINT(-81 3)	3	-81	-963.0	60.0
138290	2015-12-20 07:23:00	2015-12-20 07:56:00	2015-12-20 08:24:00	C1.2	12470.0	POINT(12 12)	12	12	203.0	230.0
138300	2015-12-20 10:26:00	2015-12-20 10:38:00	2015-12-20 10:47:00	C1.2	12470.0	POINT(14 15)	15	14	227.0	252.0
138310	2015-12-20 11:17:00	2015-12-20 11:34:00	2015-12-20 11:57:00	C1.6	12472.0	POINT(-81 4)	4	-81	-963.0	73.0
138320	2015-12-20 19:22:00	2015-12-20 19:44:00	2015-12-20 19:58:00	C2.4	12468.0	POINT(63 -13)	-13	63	861.0	-245.0
138330	2015-12-20 21:41:00	2015-12-20 21:50:00	2015-12-20 22:08:00	C2.3	12472.0	POINT(-82 6)	6	-82	-959.0	116.0
138340	2015-12-20 22:33:00	2015-12-20 22:44:00	2015-12-20 22:56:00	C6.0	12472.0	POINT(-81 1)	1	-81	-965.0	33.0
138350	2015-12-20 23:48:00	2015-12-20 23:58:00	2015-12-21 00:05:00	C5.4	12472.0	POINT(-81 1)	1	-81	-965.0	37.0
138360	2015-12-21 00:52:00	2015-12-21 01:03:00	2015-12-21 01:11:00	M2.8	12472.0	POINT(-81 1)	1	-81	-965.0	36.0
138370	2015-12-21 03:10:00	2015-12-21 03:16:00	2015-12-21 03:21:00	C2.4	12472.0	POINT(-81 1)	1	-81	-965.0	28.0
138380	2015-12-21 04:50:00	2015-12-21 04:58:00	2015-12-21 05:04:00	C2.0	12472.0	POINT(-82 5)	5	-82	-961.0	99.0
138390	2015-12-21 05:29:00	2015-12-21 05:39:00	2015-12-21 05:43:00	C9.1	12472.0	POINT(-81 1)	1	-81	-965.0	27.0
138400	2015-12-21 08:25:00	2015-12-21 08:29:00	2015-12-21 08:31:00	C1.7	12472.0	POINT(-81 2)	2	-81	-965.0	40.0
138410	2015-12-21 09:00:00	2015-12-21 09:04:00	2015-12-21 09:09:00	C1.0	12472.0	POINT(-81 1)	1	-81	-965.0	23.0
138420	2015-12-21 10:09:00	2015-12-21 10:19:00	2015-12-21 10:32:00	M1.1	12472.0	POINT(-85 4)	4	-85	-965.0	32.0
138430	2015-12-21 14:17:00	2015-12-21 14:33:00	2015-12-21 14:48:00	C2.1	12473.0	POINT(-79 -22)	-22	-79	-901.0	-357.0
138440	2015-12-21 15:39:00	2015-12-21 16:37:00	2015-12-21 16:41:00	C1.3	12473.0	POINT(-79 -22)	-22	-79	-897.0	-354.0
138450	2015-12-21 18:08:00	2015-12-21 18:27:00	2015-12-21 18:42:00	C6.2	12473.0	POINT(-84 -22)	-22	-84	-896.0	-371.0
138460	2015-12-21 22:23:00	2015-12-21 22:26:00	2015-12-21 22:28:00	C1.1	12470.0	POINT(27 16)	16	27	444.0	278.0
138470	2015-12-21 23:32:00	2015-12-21 23:39:00	2015-12-21 23:40:00	C3.3	12473.0	POINT(-77 -22)	-22	-77	-895.0	-364.0
138480	2015-12-22 03:15:00	2015-12-22 03:34:00	2015-12-22 03:48:00	M1.6	12473.0	POINT(-75 -23)	-23	-75	-878.0	-369.0
138490	2015-12-22 13:06:00	2015-12-22 13:11:00	2015-12-22 14:05:00	C6.3	12472.0	POINT(-74 7)	7	-74	-938.0	96.0
138500	2015-12-22 14:17:00	2015-12-22 14:41:00	2015-12-22 14:46:00	C4.1	12473.0	POINT(-67 -21)	-21	-67	-839.0	-352.0
138510	2015-12-22 18:17:00	2015-12-22 18:32:00	2015-12-22 18:40:00	C1.4	12473.0	POINT(-65 -22)	-22	-65	-821.0	-354.0
138520	2015-12-23 00:23:00	2015-12-23 00:40:00	2015-12-23 00:52:00	M4.7	12473.0	POINT(-63 -22)	-22	-63	-824.0	-353.0
138530	2015-12-23 04:02:00	2015-12-23 04:14:00	2015-12-23 04:37:00	C7.5	12472.0	POINT(-65 5)	5	-65	-882.0	101.0
138540	2015-12-23 17:37:00	2015-12-23 17:44:00	2015-12-23 17:52:00	C1.3	12473.0	POINT(-55 -22)	-22	-55	-749.0	-351.0
138550	2015-12-24 00:41:00	2015-12-24 00:46:00	2015-12-24 00:50:00	C1.7	12472.0	POINT(-51 2)	2	-51	-768.0	60.0
138560	2015-12-24 01:49:00	2015-12-24 02:12:00	2015-12-24 02:22:00	M1.1	12473.0	POINT(-50 -21)	-21	-50	-696.0	-342.0
138570	2015-12-24 04:15:00	2015-12-24 04:35:00	2015-12-24 05:22:00	C5.9	12473.0	POINT(-49 -22)	-22	-49	-682.0	-365.0
138580	2015-12-24 10:46:00	2015-12-24 11:07:00	2015-12-24 11:16:00	C2.0	12472.0	POINT(-48 5)	5	-48	-725.0	77.0
138590	2015-12-25 04:05:00	2015-12-25 05:17:00	2015-12-25 05:30:00	C1.5	12473.0	POINT(-33 -20)	-20	-33	-511.0	-314.0
138600	2015-12-25 09:20:00	2015-12-25 09:38:00	2015-12-25 10:01:00	C2.0	12473.0	POINT(-33 -21)	-21	-33	-520.0	-371.0
138610	2015-12-25 12:33:00	2015-12-25 12:45:00	2015-12-25 13:04:00	C1.0	12473.0	POINT(-33 6)	6	-33	-542.0	134.0
138620	2015-12-25 13:07:00	2015-12-25 13:14:00	2015-12-25 13:25:00	C1.1	12473.0	POINT(-32 -23)	-23	-32	-481.0	-368.0
138630	2015-12-25 16:59:00	2015-12-25 17:29:00	2015-12-25 17:49:00	C6.9	12472.0	POINT(-30 6)	6	-30	-498.0	134.0
138640	2015-12-25 22:48:00	2015-12-25 23:00:00	2015-12-25 23:14:00	C3.0	12473.0	POINT(-23 -21)	-21	-23	-350.0	-299.0
138650	2015-12-26 01:44:00	2015-12-26 01:53:00	2015-12-26 02:32:00	C1.6	12473.0	POINT(-21 -20)	-20	-21	-332.0	-301.0
138660	2015-12-26 05:01:00	2015-12-26 05:10:00	2015-12-26 05:23:00	C7.8	12473.0	POINT(-19 -19)	-19	-19	-303.0	-298.0
138670	2015-12-26 09:48:00	2015-12-26 09:53:00	2015-12-26 09:59:00	B8.3	12473.0	POINT(-18 -20)	-20	-18	-276.0	-302.0
138680	2015-12-26 11:26:00	2015-12-26 12:07:00	2015-12-26 13:18:00	C1.2	12473.0	POINT(-18 -21)	-21	-18	-281.0	-349.0
138690	2015-12-26 15:10:00	2015-12-26 15:26:00	2015-12-26 15:43:00	C4.1	12473.0	POINT(-14 -20)	-20	-14	-221.0	-333.0
138700	2015-12-27 00:10:00	2015-12-27 00:13:00	2015-12-27 00:15:00	B5.6	12473.0	POINT(-5 -19)	-19	-5	-80.0	-317.0
138710	2015-12-27 11:58:00	2015-12-27 12:01:00	2015-12-27 12:04:00	B9.7	12473.0	POINT(5 -23)	-23	5	87.0	-353.0
138720	2015-12-27 18:59:00	2015-12-27 19:10:00	2015-12-27 19:27:00	C2.8	12472.0	POINT(1 1)	1	1	23.0	61.0
138730	2015-12-27 20:41:00	2015-12-27 20:47:00	2015-12-27 20:57:00	C1.0		POINT(72 3)	3	72	927.0	69.0
138740	2015-12-27 21:41:00	2015-12-27 21:46:00	2015-12-27 21:52:00	B9.0	12473.0	POINT(-3 -20)	-20	-3	-54.0	-306.0
138750	2015-12-28 00:18:00	2015-12-28 00:28:00	2015-12-28 00:39:00	C8.0	12473.0	POINT(4 -20)	-20	4	63.0	-333.0
138760	2015-12-28 11:20:00	2015-12-28 12:45:00	2015-12-28 14:09:00	M1.8	12473.0	POINT(11 -23)	-23	11	171.0	-353.0
138770	2015-12-28 15:23:00	2015-12-28 15:31:00	2015-12-28 15:46:00	C7.5	12473.0	POINT(13 -20)	-20	13	208.0	-297.0
138780	2015-12-28 16:56:00	2015-12-28 17:00:00	2015-12-28 17:03:00	C4.1	12473.0	POINT(23 -19)	-19	23	343.0	-302.0
138790	2015-12-28 22:43:00	2015-12-28 22:49:00	2015-12-28 22:52:00	C2.8	12473.0	POINT(27 -10)	-10	27	392.0	-297.0
138800	2015-12-29 00:53:00	2015-12-29 01:06:00	2015-12-29 01:26:00	C1.4	12472.0	POINT(18 -20)	-20	18	283.0	-333.0
138810	2015-12-29 10:08:00	2015-12-29 10:31:00	2015-12-29 10:53:00	C6.8	12473.0	POINT(22 -20)	-20	22	372.0	-281.0
138820	2015-12-29 15:31:00	2015-12-29 15:36:00	2015-12-29 15:44:00	B8.3	12473.0	POINT(26 -19)	-19	26	414.0	-287.0
138830	2015-12-29 17:51:00	2015-12-29 17:59:00	2015-12-29 18:11:00	C1.5	12473.0	POINT(28 -19)	-19	28	439.0	-284.0
138840	2015-12-29 20:07:00	2015-12-29 20:19:00	2015-12-29 20:34:00	C2.5	12473.0	POINT(30 -19)	-19	30	452.0	-284.0
138850	2015-12-30 06:06:00	2015-12-30 06:13:00	2015-12-30 06:19:00	B9.3	12473.0	POINT(37 -18)	-18	37	563.0	-276.0
138860	2015-12-30 13:39:00	2015-12-30 14:17:00	2015-12-30 14:44:00	B9.1	12473.0	POINT(39 -19)	-19	39	618.0	-276.0
138870	2015-12-30 18:15:00	2015-12-30 18:18:00	2015-12-30 18:22:00	B5.9	12473.0	POINT(51 -20)	-20	51	699.0	-308.0
138880	2015-12-30 18:59:00	2015-12-30 19:05:00	2015-12-30 19:07:00	C1.1	12473.0	POINT(50 -22)	-22	50	697.0	-338.0
138890	2015-12-30 19:18:00	2015-12-30 20:07:00	2015-12-30 20:14:00	B7.0	12473.0	POINT(39 -24)	-24	39	565.0	-365.0
138900	2015-12-30 22:39:00	2015-12-30 22:45:00	2015-12-30 22:48:00	C4.3	12473.0	POINT(39 -24)	-24	39	576.0	-365.0
138910	2015-12-31 02:14:00	2015-12-31 02:18:00	2015-12-31 02:22:00	B5.2	12473.0	POINT(43 -23)	-23	43	618.0	-355.0
138920	2015-12-31 03:20:00	2015-12-31 03:23:00	2015-12-31 03:25:00	B4.5	12473.0	POINT(50 -20)	-20	50	702.0	-313.0
138930	2015-12-31 08:23:00	2015-12-31 08:29:00	2015-12-31 08:33:00	B5.8	12473.0	POINT(58 -20)	-20	58	779.0	-322.0
138940	2015-12-31 13:19:00	2015-12-31 13:26:00	2015-12-31 13:29:00	B7.4	12473.0	POINT(61 -20)	-20	61	803.0	-320.0
138950	2015-12-31 17:19:00	2015-12-31 17:25:00	2015-12-31 17:28:00	C1.4	12473.0	POINT(63 -20)	-20	63	821.0	-318.0
138960	2015-12-31 19:57:00	2015-12-31 20:11:00	2015-12-31 20:15:00	C1.6	12473.0	POINT(65 -20)	-20	65	830.0	-323.0
138970	2015-12-31 23:00:00	2015-12-31 23:05:00	2015-12-31 23:11:00	B6.1	12473.0	POINT(55 -21)	-21	55	755.0	-323.0
138980	2015-12-31 23:14:00	2015-12-31 23:21:00	2015-12-31 23:29:00	B6.7	12473.0	POINT(66 -18)	-18	66	851.0	-288.0
138990	2016-01-01 04:38:00	2016-01-01 04:41:00	2016-01-01 04:51:00	B6.2	12477.0	POINT(67 -19)	-19	67	851.0	-301.0
139000	2016-01-01 06:33:00	2016-01-01 06:38:00	2016-01-01 06:43:00	C2.3	12473.0	POINT(67 -19)	-19	67	857.0	-293.0
139010	2016-01-01 09:36:00	2016-01-01 09:48:00	2016-01-01 09:56:00	C2.4	12473.0	POINT(71 -20)	-20	71	881.0	-296.0
139020	2016-01-01 17:30:00	2016-01-01 17:36:00	2016-01-01 17:43:00	B8.4	12473.0	POINT(70 -18)	-18	70	872.0	-291.0
139030	2016-01-01 20:18:00	2016-01-01 20:21:00	2016-01-01 20:23:00	B5.5	12473.0	POINT(72 -20)	-20	72	872.0	-324.0
139040	2016-01-01 22:25:00	2016-01-01 22:30:00	2016-01-01 22:33:00	C2.7	12473.0	POINT(74 -22)	-22	74	871.0	-357.0
139050	2016-01-01 23:10:00	2016-01-02 00:11:00	2016-01-02 01:01:00	M2.3	12473.0	POINT(82 -25)	-25	82	876.0	-408.0
139060	2016-01-03 20:20:00	2016-01-03 20:24:00	2016-01-03 20:27:00	B4.7	12476.0	POINT(-40 -11)	-11	-40	-603.0	-126.0
139070	2016-01-04 06:17:00	2016-01-04 06:21:00	2016-01-04 06:24:00	B4.1	12479.0	POINT(-13 10)	10	-13	-225.0	228.0
139080	2016-01-05 16:32:00	2016-01-05 16:48:00	2016-01-05 16:59:00	B3.8		POINT(-36 -6)	-6	-36	-584.0	-57.0
139090	2016-01-05 23:33:00	2016-01-05 23:37:00	2016-01-05 23:38:00	B6.3	12476.0	POINT(-11 -11)	-11	-11	-195.0	-134.0
139100	2016-01-06 00:14:00	2016-01-06 00:25:00	2016-01-06 00:37:00	B4.4	12476.0	POINT(-10 -10)	-10	-10	-171.0	-117.0
139110	2016-01-06 03:27:00	2016-01-06 03:48:00	2016-01-06 04:03:00	B6.6	12480.0	POINT(-82 2)	2	-82	-966.0	45.0
139120	2016-01-06 06:13:00	2016-01-06 06:16:00	2016-01-06 06:20:00	B5.6	12478.0	POINT(-10 4)	4	-10	-176.0	137.0
139130	2016-01-06 09:20:00	2016-01-06 09:25:00	2016-01-06 09:28:00	B8.2	12480.0	POINT(-82 2)	2	-82	-967.0	47.0
139140	2016-01-06 11:31:00	2016-01-06 11:37:00	2016-01-06 11:39:00	C1.8	12480.0	POINT(-81 2)	2	-81	-965.0	48.0
139150	2016-01-06 14:44:00	2016-01-06 14:45:00	2016-01-06 14:46:00	B9.3	12480.0	POINT(-81 1)	1	-81	-965.0	38.0
139160	2016-01-06 19:25:00	2016-01-06 19:30:00	2016-01-06 19:34:00	B6.8	12480.0	POINT(-80 0)	0	-80	-961.0	20.0
139170	2016-01-06 21:47:00	2016-01-06 22:00:00	2016-01-06 22:17:00	B7.0	12480.0	POINT(-80 2)	2	-80	-960.0	46.0
139180	2016-01-06 23:00:00	2016-01-06 23:09:00	2016-01-06 23:23:00	B5.8		POINT(-79 2)	2	-79	-957.0	46.0
139190	2016-01-07 01:45:00	2016-01-07 01:48:00	2016-01-07 01:51:00	B6.0	12480.0	POINT(-76 1)	1	-76	-950.0	47.0
139200	2016-01-07 02:39:00	2016-01-07 02:42:00	2016-01-07 02:44:00	B7.0	12480.0	POINT(-77 2)	2	-77	-952.0	50.0
139210	2016-01-07 03:48:00	2016-01-07 03:52:00	2016-01-07 03:59:00	B8.1	12480.0	POINT(-76 2)	2	-76	-948.0	49.0
139220	2016-01-07 06:11:00	2016-01-07 06:17:00	2016-01-07 06:23:00	C1.0	12480.0	POINT(-73 0)	0	-73	-933.0	32.0
139230	2016-01-07 12:36:00	2016-01-07 12:39:00	2016-01-07 12:41:00	B4.3	12480.0	POINT(-71 3)	3	-71	-924.0	53.0
139240	2016-01-08 00:04:00	2016-01-08 00:21:00	2016-01-08 00:28:00	B4.2	12481.0	POINT(56 -19)	-19	56	770.0	-291.0
139250	2016-01-08 04:09:00	2016-01-08 04:14:00	2016-01-08 04:18:00	B4.5	12481.0	POINT(58 -19)	-19	58	787.0	-293.0
139260	2016-01-08 11:23:00	2016-01-08 11:31:00	2016-01-08 11:41:00	B8.6	12482.0	POINT(3 3)	3	3	51.0	51.0
139270	2016-01-10 17:09:00	2016-01-10 17:13:00	2016-01-10 17:17:00	B4.2	12483.0	POINT(-20 15)	15	-20	-322.0	252.0
139280	2016-01-11 11:18:00	2016-01-11 11:21:00	2016-01-11 11:24:00	B4.0		POINT(81 -1)	-1	81	964.0	-22.0
139290	2016-01-11 17:00:00	2016-01-11 17:14:00	2016-01-11 17:33:00	B4.4	12480.0	POINT(-9 3)	3	-9	-169.0	125.0
139300	2016-01-11 20:41:00	2016-01-11 21:14:00	2016-01-11 21:36:00	B4.9	12480.0	POINT(-6 1)	1	-6	-114.0	102.0
139310	2016-01-12 09:03:00	2016-01-12 09:07:00	2016-01-12 09:12:00	B6.8	12483.0	POINT(1 16)	16	1	16.0	347.0
139320	2016-01-12 13:39:00	2016-01-12 13:53:00	2016-01-12 14:09:00	B5.3	12480.0	POINT(0 2)	2	0	20.0	93.0
139330	2016-01-12 19:19:00	2016-01-12 19:31:00	2016-01-12 19:54:00	B3.3	12480.0	POINT(5 2)	2	5	84.0	34.0
139340	2016-01-12 21:51:00	2016-01-12 22:31:00	2016-01-12 22:44:00	B4.0	12480.0	POINT(7 1)	1	7	132.0	105.0
139350	2016-01-13 07:05:00	2016-01-13 07:25:00	2016-01-13 07:43:00	B3.9	12483.0	POINT(12 20)	20	12	191.0	407.0
139360	2016-01-13 11:13:00	2016-01-13 11:22:00	2016-01-13 11:27:00	B2.5	12480.0	POINT(14 4)	4	14	246.0	156.0
139370	2016-01-13 13:33:00	2016-01-13 13:51:00	2016-01-13 14:10:00	B2.4	12483.0	POINT(15 20)	20	15	239.0	402.0
139380	2016-01-13 14:57:00	2016-01-13 15:05:00	2016-01-13 15:13:00	B2.4		POINT(76 -9)	-9	76	936.0	-146.0
139390	2016-01-13 16:59:00	2016-01-13 17:05:00	2016-01-13 17:08:00	B2.3	12483.0	POINT(74 -9)	-9	74	929.0	-141.0
139400	2016-01-13 18:27:00	2016-01-13 18:34:00	2016-01-13 18:41:00	B4.4		POINT(71 -10)	-10	71	913.0	-149.0
139410	2016-01-13 23:51:00	2016-01-14 00:01:00	2016-01-14 00:11:00	B2.5	12480.0	POINT(22 3)	3	22	368.0	136.0
139420	2016-01-14 10:04:00	2016-01-14 10:08:00	2016-01-14 10:17:00	B3.7	12480.0	POINT(33 3)	3	33	524.0	133.0
139430	2016-01-15 02:34:00	2016-01-15 02:39:00	2016-01-15 02:41:00	C2.8	12480.0	POINT(41 3)	3	41	642.0	122.0
139440	2016-01-15 11:35:00	2016-01-15 11:40:00	2016-01-15 11:44:00	B4.2	12480.0	POINT(47 3)	3	47	714.0	116.0
139450	2016-01-15 12:10:00	2016-01-15 12:16:00	2016-01-15 12:18:00	C1.0	12480.0	POINT(47 3)	3	47	719.0	107.0
139460	2016-01-15 13:25:00	2016-01-15 13:28:00	2016-01-15 13:31:00	B5.1	12480.0	POINT(47 3)	3	47	724.0	105.0
139470	2016-01-15 13:52:00	2016-01-15 13:55:00	2016-01-15 14:01:00	B3.2	12480.0	POINT(48 2)	2	48	727.0	99.0
139480	2016-01-15 15:18:00	2016-01-15 15:25:00	2016-01-15 15:31:00	C1.7	12480.0	POINT(49 7)	7	49	728.0	118.0
139490	2016-01-15 17:41:00	2016-01-15 17:45:00	2016-01-15 17:48:00	B4.4	12480.0	POINT(48 4)	4	48	730.0	126.0
139500	2016-01-15 19:56:00	2016-01-15 20:02:00	2016-01-15 20:05:00	B8.6	12480.0	POINT(50 2)	2	50	758.0	89.0
139510	2016-01-15 20:09:00	2016-01-15 20:16:00	2016-01-15 20:36:00	B8.8		POINT(51 4)	4	51	761.0	119.0
139520	2016-01-15 21:59:00	2016-01-15 22:03:00	2016-01-15 22:05:00	C1.1	12480.0	POINT(51 1)	1	51	762.0	69.0
139530	2016-01-16 00:14:00	2016-01-16 00:17:00	2016-01-16 00:19:00	B5.6	12480.0	POINT(52 4)	4	52	777.0	120.0
139540	2016-01-16 01:28:00	2016-01-16 01:31:00	2016-01-16 01:33:00	B3.2	12480.0	POINT(53 0)	0	53	789.0	56.0
139550	2016-01-16 03:32:00	2016-01-16 03:36:00	2016-01-16 03:39:00	B8.7	12480.0	POINT(55 1)	1	55	800.0	77.0
139560	2016-01-16 06:40:00	2016-01-16 06:57:00	2016-01-16 07:05:00	B6.0	12480.0	POINT(-44 11)	11	-44	-668.0	242.0
139570	2016-01-16 11:15:00	2016-01-16 11:18:00	2016-01-16 11:21:00	B4.5	12480.0	POINT(59 1)	1	59	840.0	68.0
139580	2016-01-16 13:20:00	2016-01-16 13:24:00	2016-01-16 13:27:00	B3.5	12480.0	POINT(61 1)	1	61	854.0	63.0
139590	2016-01-16 20:05:00	2016-01-16 20:09:00	2016-01-16 20:11:00	B4.2	12480.0	POINT(65 1)	1	65	885.0	60.0
139600	2016-01-17 10:36:00	2016-01-17 10:49:00	2016-01-17 11:12:00	B3.7	12485.0	POINT(-29 15)	15	-29	-461.0	321.0
139610	2016-01-18 15:58:00	2016-01-18 16:25:00	2016-01-18 16:36:00	B3.9	12485.0	POINT(-14 15)	15	-14	-230.0	330.0
139620	2016-01-19 03:28:00	2016-01-19 03:38:00	2016-01-19 03:42:00	B2.6		POINT(-46 2)	2	-46	-704.0	105.0
139630	2016-01-19 08:49:00	2016-01-19 09:00:00	2016-01-19 09:06:00	B2.9	12485.0	POINT(-2 12)	12	-2	-42.0	295.0
139640	2016-01-19 10:33:00	2016-01-19 10:36:00	2016-01-19 10:41:00	B4.1		POINT(-42 2)	2	-42	-654.0	111.0
139650	2016-01-19 20:47:00	2016-01-19 21:12:00	2016-01-19 21:44:00	B5.5		POINT(-51 -14)	-14	-51	-735.0	-235.0
139660	2016-01-20 00:58:00	2016-01-20 01:02:00	2016-01-20 01:04:00	B3.7	12484.0	POINT(-68 3)	3	-68	-908.0	93.0
139670	2016-01-20 04:40:00	2016-01-20 04:46:00	2016-01-20 04:52:00	B6.6	12484.0	POINT(70 7)	7	70	913.0	156.0
139680	2016-01-20 07:29:00	2016-01-20 07:34:00	2016-01-20 07:40:00	C1.3	12484.0	POINT(71 6)	6	71	919.0	156.0
139690	2016-01-20 08:09:00	2016-01-20 08:13:00	2016-01-20 08:18:00	B4.9		POINT(72 7)	7	72	921.0	159.0
139700	2016-01-20 08:45:00	2016-01-20 08:49:00	2016-01-20 09:00:00	B5.2	12484.0	POINT(73 7)	7	73	927.0	158.0
139710	2016-01-20 09:11:00	2016-01-20 09:18:00	2016-01-20 09:21:00	B8.4	12484.0	POINT(73 6)	6	73	926.0	156.0
139720	2016-01-20 11:15:00	2016-01-20 11:19:00	2016-01-20 11:24:00	B9.6	12487.0	POINT(-46 -11)	-11	-46	-692.0	-155.0
139730	2016-01-20 14:25:00	2016-01-20 14:32:00	2016-01-20 14:34:00	C1.3	12487.0	POINT(-45 -12)	-12	-45	-674.0	-154.0
139740	2016-01-20 16:37:00	2016-01-20 16:40:00	2016-01-20 16:42:00	B4.1		POINT(-43 -12)	-12	-43	-657.0	-154.0
139750	2016-01-20 17:04:00	2016-01-20 17:09:00	2016-01-20 17:13:00	B4.8	12487.0	POINT(-42 -13)	-13	-42	-648.0	-149.0
139760	2016-01-20 17:38:00	2016-01-20 17:41:00	2016-01-20 17:44:00	B3.8	12487.0	POINT(-43 -12)	-12	-43	-653.0	-153.0
139770	2016-01-21 01:17:00	2016-01-21 01:45:00	2016-01-21 01:53:00	C2.9	12487.0	POINT(-36 -12)	-12	-36	-573.0	-146.0
139780	2016-01-21 05:36:00	2016-01-21 05:44:00	2016-01-21 05:52:00	C1.3	12488.0	POINT(-51 6)	6	-51	-758.0	166.0
139790	2016-01-21 08:01:00	2016-01-21 08:13:00	2016-01-21 08:27:00	C1.1	12484.0	POINT(80 7)	7	80	954.0	138.0
139800	2016-01-21 13:22:00	2016-01-21 13:51:00	2016-01-21 14:19:00	C1.4	12487.0	POINT(-30 -13)	-13	-30	-475.0	-219.0
139810	2016-01-22 02:23:00	2016-01-22 02:43:00	2016-01-22 02:51:00	B3.8	12484.0	POINT(-39 1)	1	-39	-626.0	96.0
139820	2016-01-22 23:47:00	2016-01-22 23:52:00	2016-01-22 23:55:00	B7.1	12488.0	POINT(-27 6)	6	-27	-450.0	181.0
139830	2016-01-23 00:53:00	2016-01-23 00:57:00	2016-01-23 01:04:00	B4.3	12487.0	POINT(-9 -12)	-12	-9	-156.0	-119.0
139840	2016-01-24 00:01:00	2016-01-24 00:05:00	2016-01-24 00:09:00	B4.5	12487.0	POINT(3 -14)	-14	3	63.0	-152.0
139850	2016-01-24 04:07:00	2016-01-24 04:55:00	2016-01-24 05:38:00	C1.4	12488.0	POINT(-10 6)	6	-10	-177.0	207.0
139860	2016-01-24 08:20:00	2016-01-24 08:24:00	2016-01-24 08:30:00	B5.9	12490.0	POINT(-85 -19)	-19	-85	-918.0	-309.0
139870	2016-01-24 22:12:00	2016-01-24 22:17:00	2016-01-24 22:22:00	B7.4	12488.0	POINT(-1 0)	0	-1	-17.0	0.0
139880	2016-01-25 06:50:00	2016-01-25 06:54:00	2016-01-25 07:01:00	B8.0	12489.0	POINT(-64 9)	9	-64	-866.0	204.0
139890	2016-01-25 07:52:00	2016-01-25 07:55:00	2016-01-25 07:57:00	B4.9	12489.0	POINT(-63 9)	9	-63	-858.0	203.0
139900	2016-01-25 08:14:00	2016-01-25 08:17:00	2016-01-25 08:20:00	B4.6	12489.0	POINT(-64 10)	10	-64	-867.0	208.0
139910	2016-01-25 09:00:00	2016-01-25 09:07:00	2016-01-25 09:11:00	C1.4	12489.0	POINT(-63 9)	9	-63	-860.0	203.0
139920	2016-01-25 10:27:00	2016-01-25 10:33:00	2016-01-25 10:35:00	C1.0	12489.0	POINT(-63 9)	9	-63	-857.0	203.0
139930	2016-01-25 21:54:00	2016-01-25 21:54:00	2016-01-25 21:58:00	B4.7	12489.0	POINT(-55 8)	8	-55	-790.0	135.0
139940	2016-01-26 01:57:00	2016-01-26 02:01:00	2016-01-26 02:04:00	B5.3	12489.0	POINT(-52 8)	8	-52	-764.0	206.0
139950	2016-01-26 03:01:00	2016-01-26 03:05:00	2016-01-26 03:10:00	B7.3	12489.0	POINT(-51 9)	9	-51	-757.0	219.0
139960	2016-01-26 04:53:00	2016-01-26 04:56:00	2016-01-26 04:59:00	B5.3	12489.0	POINT(-50 9)	9	-50	-744.0	220.0
139970	2016-01-26 17:04:00	2016-01-26 17:15:00	2016-01-26 18:40:00	C1.3		POINT(40 -18)	-18	40	601.0	-247.0
139980	2016-01-27 05:26:00	2016-01-27 05:37:00	2016-01-27 05:52:00	B9.4	12489.0	POINT(-38 10)	10	-38	-604.0	242.0
139990	2016-01-27 13:26:00	2016-01-27 13:30:00	2016-01-27 13:34:00	C1.0	12489.0	POINT(-33 11)	11	-33	-509.0	223.0
140000	2016-01-27 19:22:00	2016-01-27 19:27:00	2016-01-27 19:33:00	B5.3	12490.0	POINT(-39 -22)	-22	-39	-572.0	-279.0
140010	2016-01-27 20:28:00	2016-01-27 20:31:00	2016-01-27 20:36:00	B5.2	12490.0	POINT(-48 -18)	-18	-48	-695.0	-249.0
140020	2016-01-28 03:18:00	2016-01-28 03:22:00	2016-01-28 03:25:00	B6.1	12489.0	POINT(42 1)	1	42	656.0	91.0
140030	2016-01-28 05:17:00	2016-01-28 05:23:00	2016-01-28 05:28:00	C5.3	12488.0	POINT(44 1)	1	44	684.0	90.0
140040	2016-01-28 06:52:00	2016-01-28 07:02:00	2016-01-28 07:12:00	C2.8	12488.0	POINT(41 8)	8	41	633.0	135.0
140050	2016-01-28 11:48:00	2016-01-28 12:02:00	2016-01-28 12:16:00	C9.6	12488.0	POINT(45 6)	6	45	723.0	123.0
140060	2016-01-28 21:48:00	2016-01-28 21:57:00	2016-01-28 22:02:00	C3.3	12488.0	POINT(50 9)	9	50	737.0	152.0
140070	2016-01-29 03:14:00	2016-01-29 03:38:00	2016-01-29 04:04:00	B8.7	12490.0	POINT(-30 -20)	-20	-30	-467.0	-262.0
140080	2016-01-29 04:15:00	2016-01-29 04:29:00	2016-01-29 04:36:00	C2.0	12488.0	POINT(54 7)	7	54	782.0	118.0
140090	2016-01-29 07:57:00	2016-01-29 08:18:00	2016-01-29 08:26:00	C3.5	12488.0	POINT(59 2)	2	59	834.0	34.0
140100	2016-01-29 14:53:00	2016-01-29 15:00:00	2016-01-29 15:11:00	B8.8	12488.0	POINT(62 3)	3	62	861.0	106.0
140110	2016-01-29 16:33:00	2016-01-29 16:41:00	2016-01-29 16:49:00	C1.2	12488.0	POINT(61 11)	11	61	840.0	191.0
140120	2016-01-29 17:41:00	2016-01-29 17:44:00	2016-01-29 17:47:00	B4.1	12488.0	POINT(60 7)	7	60	837.0	118.0
140130	2016-01-29 20:48:00	2016-01-29 21:46:00	2016-01-29 22:57:00	C2.0		POINT(83 -20)	-20	83	906.0	-327.0
140140	2016-01-30 21:20:00	2016-01-30 21:25:00	2016-01-30 21:28:00	B9.1	12488.0	POINT(80 4)	4	80	956.0	98.0
140150	2016-01-31 08:09:00	2016-01-31 08:13:00	2016-01-31 08:16:00	B5.3	12488.0	POINT(81 4)	4	81	959.0	90.0
140160	2016-01-31 09:56:00	2016-01-31 10:02:00	2016-01-31 10:07:00	B6.0	12488.0	POINT(80 7)	7	80	953.0	146.0
140170	2016-01-31 15:58:00	2016-01-31 16:01:00	2016-01-31 16:10:00	B4.3	12489.0	POINT(23 10)	10	23	387.0	272.0
140180	2016-01-31 19:01:00	2016-01-31 19:07:00	2016-01-31 19:11:00	B8.6	12488.0	POINT(11 -21)	-21	11	181.0	-268.0
140190	2016-01-31 23:41:00	2016-01-31 23:47:00	2016-01-31 23:51:00	B5.6		POINT(5 -17)	-17	5	96.0	-200.0
140200	2016-02-01 01:09:00	2016-02-01 01:14:00	2016-02-01 01:17:00	C1.6		POINT(14 -22)	-22	14	230.0	-275.0
140210	2016-02-01 03:31:00	2016-02-01 03:36:00	2016-02-01 03:39:00	B9.4		POINT(-80 11)	11	-80	-941.0	206.0
140220	2016-02-01 15:15:00	2016-02-01 15:22:00	2016-02-01 15:29:00	B3.9		POINT(36 10)	10	36	572.0	254.0
140230	2016-02-01 16:10:00	2016-02-01 16:13:00	2016-02-01 16:17:00	B3.6		POINT(36 10)	10	36	575.0	253.0
140240	2016-02-02 04:52:00	2016-02-02 05:00:00	2016-02-02 05:14:00	B4.6	12492.0	POINT(-80 13)	13	-80	-933.0	244.0
140250	2016-02-02 11:25:00	2016-02-02 11:30:00	2016-02-02 11:37:00	B3.6		POINT(-74 14)	14	-74	-909.0	263.0
140260	2016-02-02 14:22:00	2016-02-02 14:52:00	2016-02-02 15:53:00	C1.2		POINT(-89 6)	6	-89	-966.0	111.0
140270	2016-02-03 02:09:00	2016-02-03 02:35:00	2016-02-03 02:45:00	B7.8	12490.0	POINT(45 -21)	-21	45	647.0	-282.0
140280	2016-02-03 04:39:00	2016-02-03 04:59:00	2016-02-03 05:24:00	B6.8	12490.0	POINT(46 -22)	-22	46	653.0	-300.0
140290	2016-02-03 12:03:00	2016-02-03 12:23:00	2016-02-03 12:42:00	C1.0	12492.0	POINT(-62 17)	17	-62	-822.0	284.0
140300	2016-02-03 14:47:00	2016-02-03 14:53:00	2016-02-03 15:02:00	C1.0		POINT(-31 0)	0	-31	-515.0	98.0
140310	2016-02-03 15:12:00	2016-02-03 15:24:00	2016-02-03 15:31:00	C1.8		POINT(-81 5)	5	-81	-958.0	110.0
140320	2016-02-03 16:29:00	2016-02-03 16:34:00	2016-02-03 16:39:00	C1.4	12493.0	POINT(26 -7)	-7	26	413.0	-30.0
140330	2016-02-03 18:25:00	2016-02-03 18:33:00	2016-02-03 18:40:00	B7.5	12493.0	POINT(26 -6)	-6	26	428.0	-34.0
140340	2016-02-03 22:05:00	2016-02-03 22:10:00	2016-02-03 22:17:00	C1.1	12493.0	POINT(28 -7)	-7	28	455.0	-35.0
140350	2016-02-04 02:11:00	2016-02-04 02:15:00	2016-02-04 02:17:00	C1.0	12494.0	POINT(-20 -11)	-11	-20	-339.0	-104.0
140360	2016-02-04 07:09:00	2016-02-04 07:13:00	2016-02-04 07:16:00	C1.1	12490.0	POINT(58 -19)	-19	58	783.0	-264.0
140370	2016-02-04 09:16:00	2016-02-04 09:20:00	2016-02-04 09:25:00	B8.9	12494.0	POINT(-21 -11)	-11	-21	-345.0	-90.0
140380	2016-02-04 12:16:00	2016-02-04 12:21:00	2016-02-04 12:25:00	C2.4	12494.0	POINT(-19 -11)	-11	-19	-317.0	-90.0
140390	2016-02-04 13:41:00	2016-02-04 13:57:00	2016-02-04 15:01:00	C2.1	12494.0	POINT(-16 -11)	-11	-16	-267.0	-94.0
140400	2016-02-04 16:44:00	2016-02-04 16:49:00	2016-02-04 16:53:00	C3.6	12494.0	POINT(-14 -13)	-13	-14	-233.0	-128.0
140410	2016-02-04 18:15:00	2016-02-04 18:22:00	2016-02-04 18:28:00	C5.1	12494.0	POINT(-14 -12)	-12	-14	-231.0	-92.0
140420	2016-02-04 19:46:00	2016-02-04 19:55:00	2016-02-04 19:59:00	C1.1	12490.0	POINT(67 -19)	-19	67	846.0	-290.0
140430	2016-02-04 22:39:00	2016-02-04 22:44:00	2016-02-04 22:48:00	B8.6	12494.0	POINT(-12 -13)	-13	-12	-176.0	-120.0
140440	2016-02-05 00:29:00	2016-02-05 00:33:00	2016-02-05 00:40:00	C1.4		POINT(-88 12)	12	-88	-959.0	213.0
140450	2016-02-05 00:49:00	2016-02-05 00:56:00	2016-02-05 01:03:00	C3.0	12494.0	POINT(-10 -11)	-11	-10	-168.0	-92.0
140460	2016-02-05 03:22:00	2016-02-05 03:26:00	2016-02-05 03:32:00	B8.4	12491.0	POINT(-88 11)	11	-88	-963.0	204.0
140470	2016-02-05 07:15:00	2016-02-05 07:22:00	2016-02-05 07:30:00	C2.9	12494.0	POINT(-6 -12)	-12	-6	-103.0	-95.0
140480	2016-02-05 08:45:00	2016-02-05 08:50:00	2016-02-05 08:59:00	B9.3	12490.0	POINT(-6 -11)	-11	-6	-101.0	-83.0
140490	2016-02-05 13:05:00	2016-02-05 13:11:00	2016-02-05 13:17:00	C1.1	12496.0	POINT(-88 13)	13	-88	-952.0	224.0
140500	2016-02-05 18:02:00	2016-02-05 18:07:00	2016-02-05 18:13:00	B7.7	12495.0	POINT(-88 13)	13	-88	-950.0	229.0
140510	2016-02-05 19:00:00	2016-02-05 21:20:00	2016-02-05 23:49:00	C1.0		POINT(1 -11)	-11	1	21.0	-87.0
140520	2016-02-06 02:40:00	2016-02-06 03:11:00	2016-02-06 03:30:00	C1.1	12494.0	POINT(4 -10)	-10	4	81.0	-77.0
140530	2016-02-06 03:56:00	2016-02-06 04:21:00	2016-02-06 04:39:00	B8.5	12494.0	POINT(7 -11)	-11	7	107.0	-83.0
140540	2016-02-06 15:48:00	2016-02-06 15:51:00	2016-02-06 15:53:00	B6.6	12494.0	POINT(-12 -13)	-13	-12	135.0	-129.0
140550	2016-02-06 19:33:00	2016-02-06 19:38:00	2016-02-06 19:42:00	C1.0	12494.0	POINT(11 -13)	-13	11	172.0	-125.0
140560	2016-02-06 21:48:00	2016-02-06 21:51:00	2016-02-06 21:53:00	B7.8	12494.0	POINT(16 -11)	-11	16	272.0	-93.0
140570	2016-02-06 22:37:00	2016-02-06 22:44:00	2016-02-06 22:48:00	C1.5	12494.0	POINT(13 -13)	-13	13	203.0	-127.0
140580	2016-02-07 01:52:00	2016-02-07 01:58:00	2016-02-07 02:03:00	B8.2	12494.0	POINT(14 -13)	-13	14	229.0	-131.0
140590	2016-02-07 04:39:00	2016-02-07 04:45:00	2016-02-07 04:49:00	C1.7	12496.0	POINT(-48 6)	6	-48	-722.0	179.0
140600	2016-02-07 06:55:00	2016-02-07 06:58:00	2016-02-07 07:01:00	B7.0	12495.0	POINT(66 -11)	-11	66	884.0	-95.0
140610	2016-02-07 10:29:00	2016-02-07 10:35:00	2016-02-07 10:41:00	C1.1	12496.0	POINT(-43 9)	9	-43	-678.0	182.0
140620	2016-02-07 11:54:00	2016-02-07 12:02:00	2016-02-07 12:12:00	C2.7	12496.0	POINT(-38 15)	15	-38	-594.0	291.0
140630	2016-02-08 03:44:00	2016-02-08 03:47:00	2016-02-08 03:50:00	B6.4		POINT(-87 19)	19	-87	-920.0	337.0
140640	2016-02-08 05:22:00	2016-02-08 05:29:00	2016-02-08 05:43:00	C1.6	12492.0	POINT(8 14)	14	8	141.0	346.0
140650	2016-02-08 08:49:00	2016-02-08 08:52:00	2016-02-08 08:54:00	B5.7	12497.0	POINT(-44 10)	10	-44	-677.0	255.0
140660	2016-02-08 16:13:00	2016-02-08 16:18:00	2016-02-08 16:31:00	B7.8	12492.0	POINT(14 15)	15	14	240.0	340.0
140670	2016-02-09 00:26:00	2016-02-09 00:31:00	2016-02-09 00:39:00	B7.4	12492.0	POINT(21 13)	13	21	343.0	329.0
140680	2016-02-09 05:58:00	2016-02-09 06:01:00	2016-02-09 06:06:00	C1.0		POINT(-69 20)	20	-69	-854.0	372.0
140690	2016-02-09 11:58:00	2016-02-09 12:06:00	2016-02-09 12:21:00	B5.6	12492.0	POINT(51 -12)	-12	51	741.0	-133.0
140700	2016-02-09 12:24:00	2016-02-09 12:28:00	2016-02-09 12:33:00	B6.7	12492.0	POINT(25 14)	14	25	408.0	337.0
140710	2016-02-09 17:44:00	2016-02-09 17:47:00	2016-02-09 17:49:00	B5.6	12492.0	POINT(89 -9)	-9	89	964.0	-155.0
140720	2016-02-09 19:26:00	2016-02-09 19:39:00	2016-02-09 19:47:00	B9.1	12494.0	POINT(55 -11)	-11	55	757.0	-164.0
140730	2016-02-09 21:51:00	2016-02-09 22:05:00	2016-02-09 22:08:00	B6.2	12498.0	POINT(-24 12)	12	-24	-392.0	315.0
140740	2016-02-10 02:43:00	2016-02-10 02:50:00	2016-02-10 02:55:00	B9.1	12497.0	POINT(-21 11)	11	-21	-345.0	290.0
140750	2016-02-10 07:50:00	2016-02-10 08:01:00	2016-02-10 08:08:00	B6.3	12497.0	POINT(-18 11)	11	-18	-305.0	293.0
140760	2016-02-10 14:39:00	2016-02-10 14:42:00	2016-02-10 14:44:00	B4.0		POINT(-14 12)	12	-14	-240.0	318.0
140770	2016-02-10 15:12:00	2016-02-10 15:22:00	2016-02-10 15:34:00	C1.3	12497.0	POINT(-16 11)	11	-16	-240.0	293.0
140780	2016-02-10 20:41:00	2016-02-10 20:48:00	2016-02-10 21:03:00	B5.9	12496.0	POINT(4 8)	8	4	102.0	239.0
140790	2016-02-10 22:29:00	2016-02-10 22:35:00	2016-02-10 22:43:00	B5.8	12496.0	POINT(3 10)	10	3	92.0	267.0
140800	2016-02-11 04:08:00	2016-02-11 04:13:00	2016-02-11 04:19:00	B4.7	12497.0	POINT(-1 11)	11	-1	-17.0	299.0
140810	2016-02-11 16:22:00	2016-02-11 16:49:00	2016-02-11 17:04:00	C2.6	12497.0	POINT(-2 11)	11	-2	-11.0	311.0
140820	2016-02-11 20:18:00	2016-02-11 21:03:00	2016-02-11 21:28:00	C8.9	12497.0	POINT(7 11)	11	7	188.0	302.0
140830	2016-02-11 23:54:00	2016-02-11 23:59:00	2016-02-12 00:02:00	C1.2	12492.0	POINT(65 13)	13	65	863.0	270.0
140840	2016-02-12 00:48:00	2016-02-12 00:53:00	2016-02-12 01:00:00	C1.2	12497.0	POINT(10 11)	11	10	149.0	317.0
140850	2016-02-12 06:27:00	2016-02-12 06:36:00	2016-02-12 06:55:00	C2.1	12492.0	POINT(65 12)	12	65	853.0	278.0
140860	2016-02-12 10:36:00	2016-02-12 10:47:00	2016-02-12 10:53:00	M1.0	12497.0	POINT(14 11)	11	14	241.0	298.0
140870	2016-02-12 17:10:00	2016-02-12 17:21:00	2016-02-12 17:27:00	C6.8	12497.0	POINT(17 12)	12	17	303.0	297.0
140880	2016-02-12 21:05:00	2016-02-12 21:10:00	2016-02-12 21:20:00	B7.5	12497.0	POINT(17 11)	11	17	295.0	293.0
140890	2016-02-12 22:04:00	2016-02-12 22:15:00	2016-02-12 22:25:00	B7.7	12497.0	POINT(18 11)	11	18	299.0	293.0
140900	2016-02-12 22:34:00	2016-02-12 22:39:00	2016-02-12 22:43:00	C3.0	12497.0	POINT(21 10)	10	21	346.0	283.0
140910	2016-02-13 00:20:00	2016-02-13 00:26:00	2016-02-13 00:32:00	B8.9	12497.0	POINT(21 11)	11	21	328.0	293.0
140920	2016-02-13 00:59:00	2016-02-13 01:03:00	2016-02-13 01:06:00	B8.0	12497.0	POINT(21 14)	14	21	341.0	338.0
140930	2016-02-13 06:46:00	2016-02-13 06:50:00	2016-02-13 06:54:00	B6.6	12497.0	POINT(23 11)	11	23	376.0	290.0
140940	2016-02-13 08:25:00	2016-02-13 08:31:00	2016-02-13 08:34:00	C1.3	12497.0	POINT(26 13)	13	26	402.0	327.0
140950	2016-02-13 10:04:00	2016-02-13 10:09:00	2016-02-13 10:13:00	C2.8	12497.0	POINT(27 13)	13	27	413.0	327.0
140960	2016-02-13 10:58:00	2016-02-13 11:01:00	2016-02-13 11:06:00	B8.5	12497.0	POINT(26 13)	13	26	417.0	333.0
140970	2016-02-13 13:32:00	2016-02-13 13:43:00	2016-02-13 13:58:00	B6.9	12497.0	POINT(29 11)	11	29	435.0	332.0
140980	2016-02-13 15:16:00	2016-02-13 15:24:00	2016-02-13 15:26:00	M1.8	12497.0	POINT(25 13)	13	25	446.0	333.0
140990	2016-02-13 18:50:00	2016-02-13 18:55:00	2016-02-13 19:02:00	C1.6	12497.0	POINT(30 14)	14	30	479.0	332.0
141000	2016-02-13 20:45:00	2016-02-13 21:05:00	2016-02-13 21:12:00	C2.5	12497.0	POINT(33 14)	14	33	546.0	307.0
141010	2016-02-13 21:29:00	2016-02-13 21:34:00	2016-02-13 21:40:00	C1.1	12497.0	POINT(33 14)	14	33	509.0	322.0
141020	2016-02-13 21:57:00	2016-02-13 22:01:00	2016-02-13 22:06:00	B9.5	12497.0	POINT(29 11)	11	29	477.0	287.0
141030	2016-02-13 22:07:00	2016-02-13 22:13:00	2016-02-13 22:16:00	C2.1		POINT(-89 5)	5	-89	-978.0	89.0
141040	2016-02-13 23:41:00	2016-02-13 23:54:00	2016-02-14 00:02:00	B8.6	12497.0	POINT(33 13)	13	33	519.0	325.0
141050	2016-02-14 00:51:00	2016-02-14 00:58:00	2016-02-14 01:02:00	B9.6	12497.0	POINT(36 12)	12	36	572.0	296.0
141060	2016-02-14 01:18:00	2016-02-14 01:21:00	2016-02-14 01:26:00	C1.3	12500.0	POINT(29 -17)	-17	29	456.0	-191.0
141070	2016-02-14 03:06:00	2016-02-14 03:17:00	2016-02-14 03:31:00	C1.1		POINT(-88 6)	6	-88	-975.0	115.0
141080	2016-02-14 04:27:00	2016-02-14 04:39:00	2016-02-14 04:52:00	C3.4	12497.0	POINT(37 12)	12	37	558.0	320.0
141090	2016-02-14 08:30:00	2016-02-14 08:33:00	2016-02-14 08:36:00	C1.0	12497.0	POINT(38 12)	12	38	594.0	291.0
141100	2016-02-14 09:52:00	2016-02-14 10:25:00	2016-02-14 10:30:00	C6.9	12497.0	POINT(42 12)	12	42	644.0	290.0
141110	2016-02-14 11:53:00	2016-02-14 11:57:00	2016-02-14 12:01:00	C1.4	12497.0	POINT(41 11)	11	41	617.0	291.0
141120	2016-02-14 19:18:00	2016-02-14 19:26:00	2016-02-14 19:29:00	M1.0	12497.0	POINT(47 15)	15	47	697.0	300.0
141130	2016-02-14 21:10:00	2016-02-14 21:18:00	2016-02-14 21:27:00	C2.4	12497.0	POINT(47 15)	15	47	701.0	266.0
141140	2016-02-15 04:02:00	2016-02-15 04:19:00	2016-02-15 04:24:00	C3.9	12497.0	POINT(52 13)	13	52	752.0	294.0
141150	2016-02-15 05:27:00	2016-02-15 05:33:00	2016-02-15 05:38:00	C1.4	12497.0	POINT(54 11)	11	54	774.0	260.0
141160	2016-02-15 06:35:00	2016-02-15 06:38:00	2016-02-15 06:40:00	B6.4		POINT(53 13)	13	53	756.0	292.0
141170	2016-02-15 07:20:00	2016-02-15 07:23:00	2016-02-15 07:32:00	B9.1	12497.0	POINT(52 9)	9	52	761.0	293.0
141180	2016-02-15 08:21:00	2016-02-15 08:39:00	2016-02-15 09:01:00	C5.2	12497.0	POINT(54 12)	12	54	771.0	291.0
141190	2016-02-15 09:21:00	2016-02-15 09:33:00	2016-02-15 10:37:00	C2.3	12497.0	POINT(52 10)	10	52	791.0	286.0
141200	2016-02-15 10:37:00	2016-02-15 10:56:00	2016-02-15 11:59:00	M1.1	12497.0	POINT(52 10)	10	52	776.0	258.0
141210	2016-02-15 14:40:00	2016-02-15 15:04:00	2016-02-15 15:13:00	C3.3	12497.0	POINT(58 14)	14	58	829.0	248.0
141220	2016-02-15 17:14:00	2016-02-15 17:23:00	2016-02-15 17:27:00	C2.5	12497.0	POINT(58 14)	14	58	807.0	256.0
141230	2016-02-15 17:32:00	2016-02-15 17:36:00	2016-02-15 17:39:00	C1.6	12497.0	POINT(62 11)	11	62	844.0	248.0
141240	2016-02-15 17:46:00	2016-02-15 17:52:00	2016-02-15 18:00:00	C4.2	12497.0	POINT(57 11)	11	57	806.0	257.0
141250	2016-02-15 18:08:00	2016-02-15 18:12:00	2016-02-15 18:15:00	C2.2		POINT(62 11)	11	62	844.0	248.0
141260	2016-02-15 18:42:00	2016-02-15 18:46:00	2016-02-15 18:49:00	C2.9	12497.0	POINT(58 14)	14	58	813.0	255.0
141270	2016-02-15 19:31:00	2016-02-15 19:37:00	2016-02-15 19:41:00	C1.2		POINT(60 14)	14	60	822.0	289.0
141280	2016-02-15 19:46:00	2016-02-15 19:52:00	2016-02-15 19:55:00	C1.7	12497.0	POINT(61 14)	14	61	849.0	245.0
141290	2016-02-15 20:02:00	2016-02-15 20:06:00	2016-02-15 20:10:00	C1.6	12497.0	POINT(61 11)	11	61	834.0	185.0
141300	2016-02-15 20:53:00	2016-02-15 20:58:00	2016-02-15 21:05:00	C1.2	12497.0	POINT(64 12)	12	64	858.0	249.0
141310	2016-02-15 21:14:00	2016-02-15 21:40:00	2016-02-15 21:49:00	C4.1	12497.0	POINT(57 16)	16	57	822.0	261.0
141320	2016-02-16 01:45:00	2016-02-16 01:59:00	2016-02-16 02:04:00	C3.5	12497.0	POINT(66 11)	11	66	873.0	235.0
141330	2016-02-16 02:24:00	2016-02-16 02:28:00	2016-02-16 02:30:00	C1.2		POINT(68 12)	12	68	881.0	247.0
141340	2016-02-16 06:37:00	2016-02-16 06:45:00	2016-02-16 06:50:00	C2.4	12497.0	POINT(70 12)	12	70	893.0	240.0
141350	2016-02-16 07:49:00	2016-02-16 07:54:00	2016-02-16 07:59:00	C1.1	12497.0	POINT(65 12)	12	65	863.0	252.0
141360	2016-02-16 10:36:00	2016-02-16 10:39:00	2016-02-16 10:41:00	B7.7	12497.0	POINT(70 12)	12	70	896.0	240.0
141370	2016-02-16 11:34:00	2016-02-16 11:38:00	2016-02-16 11:46:00	B5.4	12497.0	POINT(70 14)	14	70	887.0	280.0
141380	2016-02-16 13:36:00	2016-02-16 13:52:00	2016-02-16 13:57:00	C1.9	12497.0	POINT(72 14)	14	72	894.0	279.0
141390	2016-02-16 15:29:00	2016-02-16 15:48:00	2016-02-16 15:53:00	C2.1	12497.0	POINT(75 12)	12	75	920.0	230.0
141400	2016-02-16 16:47:00	2016-02-16 16:50:00	2016-02-16 16:57:00	C1.2	12497.0	POINT(74 12)	12	74	915.0	240.0
141410	2016-02-16 18:44:00	2016-02-16 18:50:00	2016-02-16 18:53:00	C2.8	12497.0	POINT(75 12)	12	75	921.0	229.0
141420	2016-02-16 22:10:00	2016-02-16 22:15:00	2016-02-16 22:32:00	B8.2	12497.0	POINT(80 14)	14	80	927.0	254.0
141430	2016-02-16 22:51:00	2016-02-16 22:58:00	2016-02-16 23:01:00	C1.3	12497.0	POINT(78 12)	12	78	929.0	226.0
141440	2016-02-16 23:32:00	2016-02-16 23:37:00	2016-02-16 23:40:00	B9.8	12497.0	POINT(77 14)	14	77	919.0	259.0
141450	2016-02-17 00:41:00	2016-02-17 00:46:00	2016-02-17 01:00:00	B9.6	12497.0	POINT(79 13)	13	79	927.0	251.0
141460	2016-02-17 01:03:00	2016-02-17 01:10:00	2016-02-17 01:14:00	C1.4	12497.0	POINT(78 14)	14	78	921.0	260.0
141470	2016-02-17 01:44:00	2016-02-17 01:48:00	2016-02-17 01:50:00	C2.2	12497.0	POINT(80 12)	12	80	935.0	221.0
141480	2016-02-17 02:17:00	2016-02-17 02:20:00	2016-02-17 02:25:00	B9.8	12497.0	POINT(78 13)	13	78	922.0	254.0
141490	2016-02-17 02:33:00	2016-02-17 02:47:00	2016-02-17 02:55:00	C2.0	12497.0	POINT(85 11)	11	85	935.0	227.0
141500	2016-02-17 04:20:00	2016-02-17 04:23:00	2016-02-17 04:27:00	C1.0	12497.0	POINT(81 11)	11	81	941.0	210.0
141510	2016-02-17 04:33:00	2016-02-17 04:39:00	2016-02-17 04:43:00	B9.5	12497.0	POINT(79 14)	14	79	926.0	257.0
141520	2016-02-17 04:54:00	2016-02-17 05:01:00	2016-02-17 05:07:00	C9.4	12497.0	POINT(82 13)	13	82	934.0	247.0
141530	2016-02-17 05:43:00	2016-02-17 05:50:00	2016-02-17 05:53:00	C2.0	12497.0	POINT(80 11)	11	80	940.0	205.0
141540	2016-02-17 06:17:00	2016-02-17 06:22:00	2016-02-17 06:25:00	C2.9	12497.0	POINT(83 12)	12	83	942.0	220.0
141550	2016-02-17 07:52:00	2016-02-17 07:56:00	2016-02-17 07:59:00	B9.1	12497.0	POINT(81 12)	12	81	938.0	222.0
141560	2016-02-17 08:39:00	2016-02-17 08:43:00	2016-02-17 08:46:00	C1.7	12497.0	POINT(79 13)	13	79	924.0	260.0
141570	2016-02-17 09:54:00	2016-02-17 10:02:00	2016-02-17 10:09:00	C2.0	12497.0	POINT(87 16)	16	87	935.0	273.0
141580	2016-02-17 10:59:00	2016-02-17 11:04:00	2016-02-17 11:09:00	C1.0	12497.0	POINT(83 14)	14	83	932.0	259.0
141590	2016-02-17 11:30:00	2016-02-17 11:34:00	2016-02-17 11:37:00	C1.2	12497.0	POINT(87 15)	15	87	937.0	261.0
141600	2016-02-17 11:48:00	2016-02-17 11:52:00	2016-02-17 11:57:00	B8.1	12497.0	POINT(80 14)	14	80	929.0	252.0
141610	2016-02-17 12:25:00	2016-02-17 12:27:00	2016-02-17 12:54:00	C1.3	12497.0	POINT(78 12)	12	78	940.0	260.0
141620	2016-02-17 17:45:00	2016-02-17 17:51:00	2016-02-17 18:02:00	C1.2	12503.0	POINT(-5 5)	5	-5	-60.0	208.0
141630	2016-02-17 18:06:00	2016-02-17 18:13:00	2016-02-17 18:19:00	C7.4	12497.0	POINT(73 16)	16	73	944.0	234.0
141640	2016-02-17 20:05:00	2016-02-17 20:22:00	2016-02-17 20:50:00	C4.6	12497.0	POINT(88 11)	11	88	974.0	207.0
141650	2016-02-17 21:52:00	2016-02-17 21:58:00	2016-02-17 22:02:00	C2.1	12497.0	POINT(88 13)	13	88	946.0	231.0
141660	2016-02-18 01:49:00	2016-02-18 01:58:00	2016-02-18 02:04:00	C7.2	12497.0	POINT(86 13)	13	86	941.0	236.0
141670	2016-02-18 04:01:00	2016-02-18 04:10:00	2016-02-18 04:21:00	C1.0	12497.0	POINT(88 13)	13	88	944.0	228.0
141680	2016-02-18 07:20:00	2016-02-18 07:27:00	2016-02-18 07:32:00	B7.8	12497.0	POINT(88 13)	13	88	953.0	230.0
141690	2016-02-18 16:07:00	2016-02-18 16:44:00	2016-02-18 17:21:00	C1.1	12497.0	POINT(87 14)	14	87	951.0	255.0
141700	2016-02-18 19:59:00	2016-02-18 20:25:00	2016-02-18 20:58:00	C1.2	12497.0	POINT(88 11)	11	88	986.0	198.0
141710	2016-02-18 21:08:00	2016-02-18 21:13:00	2016-02-18 21:17:00	C1.8	12501.0	POINT(-25 2)	2	-25	-392.0	162.0
141720	2016-02-18 23:10:00	2016-02-18 23:15:00	2016-02-18 23:17:00	B4.9		POINT(88 11)	11	88	963.0	191.0
141730	2016-02-18 23:18:00	2016-02-18 23:30:00	2016-02-18 23:45:00	B7.1	12497.0	POINT(88 11)	11	88	965.0	191.0
141740	2016-02-19 00:03:00	2016-02-19 00:19:00	2016-02-19 00:53:00	C1.6	12497.0	POINT(88 10)	10	88	976.0	189.0
141750	2016-02-19 03:06:00	2016-02-19 03:21:00	2016-02-19 03:52:00	C2.0		POINT(-86 -29)	-29	-86	-852.0	-491.0
141760	2016-02-19 04:33:00	2016-02-19 05:08:00	2016-02-19 05:51:00	C2.1	12497.0	POINT(88 8)	8	88	1012.0	156.0
141770	2016-02-19 08:49:00	2016-02-19 09:02:00	2016-02-19 09:21:00	C1.4	12497.0	POINT(88 8)	8	88	977.0	140.0
141780	2016-02-19 12:36:00	2016-02-19 12:40:00	2016-02-19 12:52:00	B4.0	12497.0	POINT(88 9)	9	88	965.0	171.0
141790	2016-02-19 17:49:00	2016-02-19 17:58:00	2016-02-19 18:06:00	C1.0		POINT(-86 -28)	-28	-86	-865.0	-474.0
141800	2016-02-19 22:49:00	2016-02-19 23:10:00	2016-02-19 23:18:00	C2.7		POINT(-87 -23)	-23	-87	-902.0	-394.0
141810	2016-02-20 00:49:00	2016-02-20 01:31:00	2016-02-20 01:42:00	B8.9		POINT(-86 -27)	-27	-86	-876.0	-460.0
141820	2016-02-20 06:49:00	2016-02-20 06:58:00	2016-02-20 07:11:00	B9.6		POINT(-87 -24)	-24	-87	-891.0	-413.0
141830	2016-02-20 08:04:00	2016-02-20 08:09:00	2016-02-20 08:13:00	B4.6		POINT(-87 -24)	-24	-87	-893.0	-405.0
141840	2016-02-21 04:23:00	2016-02-21 04:24:00	2016-02-21 04:29:00	B2.5		POINT(34 7)	7	34	541.0	221.0
141850	2016-02-21 07:43:00	2016-02-21 07:53:00	2016-02-21 07:55:00	B5.1	12505.0	POINT(39 6)	6	39	596.0	239.0
141860	2016-02-21 10:10:00	2016-02-21 10:13:00	2016-02-21 10:21:00	B2.9	12505.0	POINT(38 6)	6	38	591.0	218.0
141870	2016-02-21 13:00:00	2016-02-21 13:04:00	2016-02-21 13:08:00	B5.1	12505.0	POINT(39 6)	6	39	612.0	217.0
141880	2016-02-22 16:27:00	2016-02-22 16:31:00	2016-02-22 16:33:00	B4.0	12505.0	POINT(-86 -7)	-7	-86	-959.0	-119.0
141890	2016-02-22 18:41:00	2016-02-22 18:45:00	2016-02-22 18:47:00	B4.3	12506.0	POINT(-85 -7)	-7	-85	-958.0	-114.0
141900	2016-02-22 20:43:00	2016-02-22 20:55:00	2016-02-22 20:59:00	B8.7	12506.0	POINT(-84 -7)	-7	-84	-954.0	-111.0
141910	2016-02-23 01:01:00	2016-02-23 01:09:00	2016-02-23 01:13:00	B9.7	12506.0	POINT(-79 -7)	-7	-79	-945.0	-110.0
141920	2016-02-24 00:54:00	2016-02-24 01:01:00	2016-02-24 01:04:00	B3.0	12506.0	POINT(-64 -7)	-7	-64	-870.0	-80.0
141930	2016-02-24 01:13:00	2016-02-24 01:18:00	2016-02-24 01:20:00	B3.5	12506.0	POINT(-64 -7)	-7	-64	-870.0	-77.0
141940	2016-02-24 03:43:00	2016-02-24 03:48:00	2016-02-24 03:50:00	B2.6	12506.0	POINT(-64 -7)	-7	-64	-870.0	-70.0
141950	2016-02-24 05:27:00	2016-02-24 05:30:00	2016-02-24 05:32:00	B1.9	12501.0	POINT(48 4)	4	48	729.0	149.0
141960	2016-02-24 06:57:00	2016-02-24 07:02:00	2016-02-24 07:05:00	B2.9	12501.0	POINT(-8 -83)	-83	-8	-20.0	-1089.0
141970	2016-02-24 08:08:00	2016-02-24 08:12:00	2016-02-24 08:15:00	B3.0	12501.0	POINT(50 4)	4	50	747.0	150.0
141980	2016-02-24 12:23:00	2016-02-24 12:29:00	2016-02-24 12:32:00	C1.4	12506.0	POINT(-55 -6)	-6	-55	-793.0	-47.0
141990	2016-02-24 16:41:00	2016-02-24 16:46:00	2016-02-24 16:49:00	B4.4	12506.0	POINT(-53 -9)	-9	-53	-768.0	-41.0
142000	2016-02-24 17:17:00	2016-02-24 17:20:00	2016-02-24 17:22:00	B4.5	12506.0	POINT(-54 -7)	-7	-54	-784.0	-48.0
142010	2016-02-24 18:40:00	2016-02-24 18:46:00	2016-02-24 18:48:00	B4.3	12506.0	POINT(-53 -7)	-7	-53	-776.0	-47.0
142020	2016-02-24 21:24:00	2016-02-24 21:36:00	2016-02-24 21:46:00	B3.4	12506.0	POINT(-58 -7)	-7	-58	-764.0	-50.0
142030	2016-02-25 09:15:00	2016-02-25 09:23:00	2016-02-25 09:43:00	B3.2	12506.0	POINT(-46 -6)	-6	-46	-705.0	-34.0
142040	2016-02-25 10:13:00	2016-02-25 10:16:00	2016-02-25 10:19:00	B3.4	12506.0	POINT(-46 -7)	-7	-46	-698.0	-45.0
142050	2016-02-25 12:59:00	2016-02-25 13:03:00	2016-02-25 13:06:00	B2.4		POINT(-25 -29)	-29	-25	-357.0	-384.0
142060	2016-02-25 19:11:00	2016-02-25 19:56:00	2016-02-25 20:09:00	B8.0	12506.0	POINT(-43 -7)	-7	-43	-659.0	-32.0
142070	2016-02-26 05:10:00	2016-02-26 05:13:00	2016-02-26 05:17:00	B2.8	12506.0	POINT(-35 -6)	-6	-35	-556.0	-16.0
142080	2016-02-26 09:43:00	2016-02-26 09:51:00	2016-02-26 10:06:00	C1.0	12506.0	POINT(-32 -7)	-7	-32	-521.0	-31.0
142090	2016-02-26 21:58:00	2016-02-26 22:02:00	2016-02-26 22:06:00	B3.0	12506.0	POINT(58 19)	19	58	779.0	381.0
142100	2016-02-27 04:51:00	2016-02-27 04:56:00	2016-02-27 05:01:00	B6.5	12506.0	POINT(-17 -8)	-8	-17	-306.0	-9.0
142110	2016-02-27 05:16:00	2016-02-27 05:21:00	2016-02-27 05:26:00	B6.3		POINT(-21 -8)	-8	-21	-359.0	-30.0
142120	2016-02-27 05:44:00	2016-02-27 05:55:00	2016-02-27 06:01:00	C3.3	12506.0	POINT(-20 -10)	-10	-20	-357.0	-23.0
142130	2016-02-27 11:30:00	2016-02-27 11:34:00	2016-02-27 11:37:00	B2.5	12506.0	POINT(-19 -7)	-7	-19	-314.0	-12.0
142140	2016-02-27 15:11:00	2016-02-27 15:15:00	2016-02-27 15:18:00	B2.8	12506.0	POINT(-13 -8)	-8	-13	-223.0	-19.0
142150	2016-02-28 06:30:00	2016-02-28 06:56:00	2016-02-28 07:11:00	B4.5		POINT(-10 -8)	-8	-10	-172.0	-23.0
142160	2016-02-28 11:31:00	2016-02-28 11:38:00	2016-02-28 11:52:00	B4.1		POINT(-2 -7)	-7	-2	-36.0	-1.0
142170	2016-02-28 17:17:00	2016-02-28 17:21:00	2016-02-28 17:32:00	B2.6	12506.0	POINT(1 -6)	-6	1	30.0	6.0
142180	2016-02-29 04:19:00	2016-02-29 04:30:00	2016-02-29 04:41:00	B6.9	12506.0	POINT(3 -8)	-8	3	50.0	-33.0
142190	2016-02-29 16:43:00	2016-02-29 17:06:00	2016-02-29 17:27:00	B5.2	12510.0	POINT(-89 4)	4	-89	-1013.0	84.0
142200	2016-03-01 00:46:00	2016-03-01 00:52:00	2016-03-01 00:56:00	B6.2	12510.0	POINT(-89 5)	5	-89	-979.0	87.0
142210	2016-03-01 17:34:00	2016-03-01 17:57:00	2016-03-01 18:03:00	B3.4	12506.0	POINT(-80 4)	4	-80	-950.0	98.0
142220	2016-03-03 01:36:00	2016-03-03 02:03:00	2016-03-03 02:57:00	B4.6	12510.0	POINT(-64 6)	6	-64	-866.0	164.0
142230	2016-03-03 15:19:00	2016-03-03 15:50:00	2016-03-03 16:08:00	B5.2	12510.0	POINT(-70 9)	9	-70	-897.0	204.0
142240	2016-03-04 06:15:00	2016-03-04 06:30:00	2016-03-04 06:49:00	B3.0	12510.0	POINT(-45 6)	6	-45	-684.0	192.0
142250	2016-03-04 07:47:00	2016-03-04 07:51:00	2016-03-04 07:54:00	B3.2	12514.0	POINT(2 14)	14	2	37.0	365.0
142260	2016-03-04 08:28:00	2016-03-04 09:00:00	2016-03-04 09:21:00	C1.1	12506.0	POINT(67 -9)	-9	67	881.0	-117.0
142270	2016-03-05 00:35:00	2016-03-05 00:40:00	2016-03-05 00:47:00	B3.6	12506.0	POINT(77 -6)	-6	77	936.0	-82.0
142280	2016-03-05 03:16:00	2016-03-05 03:22:00	2016-03-05 03:36:00	B4.4	12515.0	POINT(16 -3)	-3	16	275.0	80.0
142290	2016-03-05 10:48:00	2016-03-05 10:56:00	2016-03-05 11:04:00	B4.7	12506.0	POINT(88 -8)	-8	88	956.0	-135.0
142300	2016-03-06 04:58:00	2016-03-06 05:12:00	2016-03-06 05:19:00	B7.2	12512.0	POINT(19 11)	11	19	299.0	299.0
142310	2016-03-06 06:23:00	2016-03-06 06:27:00	2016-03-06 06:30:00	B2.8	12514.0	POINT(19 11)	11	19	318.0	304.0
142320	2016-03-06 07:26:00	2016-03-06 07:30:00	2016-03-06 07:33:00	B3.1	12512.0	POINT(-14 -82)	-82	-14	-32.0	-957.0
142330	2016-03-06 07:34:00	2016-03-06 07:43:00	2016-03-06 07:45:00	B7.0	12512.0	POINT(19 11)	11	19	312.0	297.0
142340	2016-03-06 09:23:00	2016-03-06 09:27:00	2016-03-06 09:31:00	B5.1	12512.0	POINT(19 11)	11	19	323.0	302.0
142350	2016-03-06 12:33:00	2016-03-06 13:07:00	2016-03-06 13:14:00	B4.3	12512.0	POINT(20 11)	11	20	329.0	298.0
142360	2016-03-06 18:02:00	2016-03-06 18:05:00	2016-03-06 18:08:00	B2.7	12512.0	POINT(26 11)	11	26	418.0	305.0
142370	2016-03-08 03:26:00	2016-03-08 03:30:00	2016-03-08 03:37:00	B2.4	12510.0	POINT(24 1)	1	24	396.0	140.0
142380	2016-03-08 13:03:00	2016-03-08 13:06:00	2016-03-08 13:08:00	C1.5	12511.0	POINT(30 0)	0	30	483.0	0.0
142390	2016-03-08 13:09:00	2016-03-08 13:12:00	2016-03-08 13:14:00	B8.4	12511.0	POINT(31 1)	1	31	497.0	16.0
142400	2016-03-08 18:12:00	2016-03-08 18:16:00	2016-03-08 18:22:00	B7.1	12511.0	POINT(33 1)	1	33	540.0	125.0
142410	2016-03-08 22:34:00	2016-03-08 22:39:00	2016-03-08 22:42:00	B4.1	12519.0	POINT(-88 6)	6	-88	-960.0	101.0
142420	2016-03-09 02:42:00	2016-03-09 02:58:00	2016-03-09 03:11:00	C1.3	12519.0	POINT(-89 5)	5	-89	-980.0	87.0
142430	2016-03-09 05:00:00	2016-03-09 05:04:00	2016-03-09 05:08:00	B4.0	12519.0	POINT(-88 7)	7	-88	-966.0	123.0
142440	2016-03-09 12:26:00	2016-03-09 12:30:00	2016-03-09 12:32:00	B4.1	12519.0	POINT(-88 7)	7	-88	-957.0	131.0
142450	2016-03-09 12:36:00	2016-03-09 12:50:00	2016-03-09 13:06:00	C3.3	12519.0	POINT(-88 7)	7	-88	-969.0	134.0
142460	2016-03-10 18:27:00	2016-03-10 18:30:00	2016-03-10 18:32:00	B3.3	12519.0	POINT(-76 5)	5	-76	-933.0	122.0
142470	2016-03-10 18:42:00	2016-03-10 18:54:00	2016-03-10 19:06:00	B8.4	12512.0	POINT(87 14)	14	87	945.0	243.0
142480	2016-03-11 02:11:00	2016-03-11 02:16:00	2016-03-11 02:20:00	B3.4	12511.0	POINT(79 5)	5	79	945.0	118.0
142490	2016-03-11 03:12:00	2016-03-11 03:15:00	2016-03-11 03:17:00	B2.7	12518.0	POINT(-82 -46)	-46	-82	-723.0	-763.0
142500	2016-03-12 03:43:00	2016-03-12 04:05:00	2016-03-12 04:20:00	B8.8	12519.0	POINT(-57 8)	8	-57	-806.0	212.0
142510	2016-03-12 06:15:00	2016-03-12 06:19:00	2016-03-12 06:23:00	C1.1	12513.0	POINT(46 9)	9	46	660.0	272.0
142520	2016-03-13 21:44:00	2016-03-13 21:48:00	2016-03-13 21:52:00	B6.4	12521.0	POINT(-7 18)	18	-7	-78.0	423.0
142530	2016-03-14 11:03:00	2016-03-14 11:11:00	2016-03-14 11:20:00	B6.9	12522.0	POINT(52 14)	14	52	742.0	314.0
142540	2016-03-14 17:52:00	2016-03-14 17:58:00	2016-03-14 18:02:00	B6.4	12522.0	POINT(56 15)	15	56	785.0	284.0
142550	2016-03-14 22:41:00	2016-03-14 22:46:00	2016-03-14 22:53:00	B5.1	12522.0	POINT(60 13)	13	60	815.0	281.0
142560	2016-03-15 03:47:00	2016-03-15 04:21:00	2016-03-15 04:52:00	B4.3		POINT(-87 17)	17	-87	-947.0	301.0
142570	2016-03-15 09:23:00	2016-03-15 09:29:00	2016-03-15 09:34:00	C1.2	12521.0	POINT(14 21)	21	14	190.0	465.0
142580	2016-03-15 15:32:00	2016-03-15 15:38:00	2016-03-15 15:43:00	C1.0	12521.0	POINT(15 20)	20	15	254.0	419.0
142590	2016-03-15 16:47:00	2016-03-15 16:51:00	2016-03-15 16:54:00	B6.4	12521.0	POINT(15 19)	19	15	236.0	314.0
142600	2016-03-15 18:05:00	2016-03-15 18:11:00	2016-03-15 18:20:00	B8.6	12521.0	POINT(16 19)	19	16	251.0	314.0
142610	2016-03-15 20:37:00	2016-03-15 20:40:00	2016-03-15 20:48:00	B5.2	12521.0	POINT(15 20)	20	15	279.0	467.0
142620	2016-03-16 06:34:00	2016-03-16 06:46:00	2016-03-16 06:57:00	C2.2	12522.0	POINT(88 12)	12	88	940.0	212.0
142630	2016-03-16 19:52:00	2016-03-16 19:55:00	2016-03-16 19:57:00	B4.3	12519.0	POINT(18 3)	3	18	306.0	173.0
142640	2016-03-17 16:13:00	2016-03-17 16:16:00	2016-03-17 16:22:00	B3.5	12524.0	POINT(-70 14)	14	-70	-882.0	273.0
142650	2016-03-18 00:11:00	2016-03-18 00:17:00	2016-03-18 00:24:00	B5.1	12523.0	POINT(35 -9)	-9	35	560.0	-62.0
142660	2016-03-18 18:52:00	2016-03-18 18:56:00	2016-03-18 19:00:00	B3.4	12521.0	POINT(58 19)	19	58	777.0	374.0
142670	2016-03-18 23:03:00	2016-03-18 23:18:00	2016-03-18 23:31:00	B6.7	12519.0	POINT(40 6)	6	40	616.0	100.0
142680	2016-03-19 13:07:00	2016-03-19 13:11:00	2016-03-19 13:14:00	B2.1	12524.0	POINT(-45 16)	16	-45	-657.0	351.0
142690	2016-03-20 00:40:00	2016-03-20 00:49:00	2016-03-20 01:05:00	C1.2	12521.0	POINT(76 21)	21	76	876.0	368.0
142700	2016-03-20 01:22:00	2016-03-20 01:33:00	2016-03-20 01:38:00	C3.7	12521.0	POINT(76 19)	19	76	879.0	353.0
142710	2016-03-20 11:33:00	2016-03-20 11:40:00	2016-03-20 11:44:00	B3.5		POINT(-78 -2)	-2	-78	-942.0	-23.0
142720	2016-03-20 17:59:00	2016-03-20 18:02:00	2016-03-20 18:08:00	B2.1		POINT(-73 -2)	-2	-73	-924.0	-16.0
142730	2016-03-23 02:59:00	2016-03-23 03:54:00	2016-03-23 04:45:00	C1.1	12524.0	POINT(4 20)	20	4	64.0	449.0
142740	2016-03-23 22:05:00	2016-03-23 22:09:00	2016-03-23 22:12:00	B2.8	12526.0	POINT(-89 -5)	-5	-89	-966.0	-93.0
142750	2016-03-23 22:41:00	2016-03-23 22:51:00	2016-03-23 22:56:00	B4.2	12526.0	POINT(-89 -2)	-2	-89	-978.0	-38.0
142760	2016-03-24 12:55:00	2016-03-24 12:58:00	2016-03-24 13:01:00	B2.0	12526.0	POINT(-85 -6)	-6	-85	-952.0	-97.0
142770	2016-03-24 16:59:00	2016-03-24 17:02:00	2016-03-24 17:05:00	B3.3	12524.0	POINT(28 16)	16	28	439.0	372.0
142780	2016-03-25 14:55:00	2016-03-25 15:00:00	2016-03-25 15:02:00	B6.5	12526.0	POINT(-68 -6)	-6	-68	-886.0	-38.0
142790	2016-03-26 07:19:00	2016-03-26 07:22:00	2016-03-26 07:24:00	B1.6	12526.0	POINT(-57 -4)	-4	-57	-811.0	-26.0
142800	2016-03-26 07:34:00	2016-03-26 07:37:00	2016-03-26 07:41:00	B1.7	12526.0	POINT(-58 -4)	-4	-58	-815.0	-14.0
142810	2016-03-26 23:12:00	2016-03-26 23:17:00	2016-03-26 23:27:00	B1.9	12526.0	POINT(-46 -8)	-8	-46	-693.0	-60.0
142820	2016-03-27 06:00:00	2016-03-27 06:07:00	2016-03-27 06:11:00	B3.5	12524.0	POINT(66 15)	15	66	848.0	298.0
142830	2016-03-27 10:23:00	2016-03-27 10:33:00	2016-03-27 10:43:00	B1.7	12524.0	POINT(-41 -5)	-5	-41	-616.0	-25.0
142840	2016-03-27 11:02:00	2016-03-27 11:27:00	2016-03-27 11:33:00	B2.1		POINT(-63 7)	7	-63	-856.0	175.0
142850	2016-03-27 12:13:00	2016-03-27 12:19:00	2016-03-27 12:26:00	B4.2	12524.0	POINT(70 15)	15	70	872.0	291.0
142860	2016-03-27 16:33:00	2016-03-27 16:38:00	2016-03-27 16:42:00	B4.8	12524.0	POINT(72 15)	15	72	882.0	287.0
142870	2016-03-27 19:43:00	2016-03-27 19:48:00	2016-03-27 19:50:00	B4.8	12524.0	POINT(73 15)	15	73	890.0	287.0
142880	2016-03-28 02:18:00	2016-03-28 02:28:00	2016-03-28 02:32:00	C2.1	12524.0	POINT(76 16)	16	76	896.0	292.0
142890	2016-03-28 02:54:00	2016-03-28 02:59:00	2016-03-28 03:04:00	B3.3	12526.0	POINT(-31 -8)	-8	-31	-504.0	-48.0
142900	2016-03-28 07:52:00	2016-03-28 07:57:00	2016-03-28 08:10:00	B3.7	12526.0	POINT(-27 -6)	-6	-27	-436.0	-14.0
142910	2016-03-28 18:38:00	2016-03-28 18:44:00	2016-03-28 19:00:00	B3.4	12524.0	POINT(87 16)	16	87	922.0	264.0
142920	2016-03-28 23:41:00	2016-03-28 23:47:00	2016-03-28 23:56:00	B2.4	12524.0	POINT(87 16)	16	87	930.0	277.0
142930	2016-03-29 03:47:00	2016-03-29 03:59:00	2016-03-29 04:09:00	B2.6	12524.0	POINT(87 16)	16	87	922.0	264.0
142940	2016-03-29 14:48:00	2016-03-29 14:56:00	2016-03-29 15:10:00	B3.5	12524.0	POINT(87 17)	17	87	924.0	296.0
142950	2016-03-30 16:04:00	2016-03-30 16:11:00	2016-03-30 16:16:00	B1.5	12526.0	POINT(1 -7)	-7	1	21.0	-20.0
142960	2016-04-01 02:50:00	2016-04-01 02:54:00	2016-04-01 02:56:00	B1.1	12526.0	POINT(22 -7)	-7	22	368.0	-25.0
142970	2016-04-01 03:00:00	2016-04-01 03:04:00	2016-04-01 03:07:00	B1.3	12526.0	POINT(23 -7)	-7	23	375.0	-22.0
142980	2016-04-01 03:38:00	2016-04-01 03:41:00	2016-04-01 03:44:00	B1.0	12526.0	POINT(23 -7)	-7	23	385.0	-22.0
142990	2016-04-02 12:11:00	2016-04-02 12:17:00	2016-04-02 12:22:00	B2.1	12524.0	POINT(60 6)	6	60	833.0	156.0
143000	2016-04-03 13:35:00	2016-04-03 13:38:00	2016-04-03 13:41:00	B2.2	12528.0	POINT(81 8)	8	81	940.0	149.0
143010	2016-04-03 23:52:00	2016-04-04 00:06:00	2016-04-04 00:17:00	B3.1	12528.0	POINT(-6 5)	5	-6	-102.0	197.0
143020	2016-04-04 09:40:00	2016-04-04 09:43:00	2016-04-04 09:48:00	B1.3		POINT(2 6)	6	2	46.0	216.0
143030	2016-04-04 12:43:00	2016-04-04 12:48:00	2016-04-04 12:56:00	B2.0		POINT(-89 4)	4	-89	-970.0	81.0
143040	2016-04-04 19:25:00	2016-04-04 19:39:00	2016-04-04 19:49:00	B4.1	12528.0	POINT(3 6)	6	3	64.0	213.0
143050	2016-04-05 04:27:00	2016-04-05 04:30:00	2016-04-05 04:33:00	B1.5		POINT(-89 4)	4	-89	-958.0	71.0
143060	2016-04-05 07:31:00	2016-04-05 07:37:00	2016-04-05 07:42:00	B4.6	12528.0	POINT(11 6)	6	11	190.0	206.0
143070	2016-04-05 15:46:00	2016-04-05 15:49:00	2016-04-05 15:54:00	B2.5	12528.0	POINT(16 6)	6	16	264.0	207.0
143080	2016-04-05 17:45:00	2016-04-05 17:48:00	2016-04-05 17:51:00	B2.8	12528.0	POINT(17 6)	6	17	294.0	200.0
143090	2016-04-06 09:57:00	2016-04-06 10:11:00	2016-04-06 10:30:00	C1.1		POINT(89 -3)	-3	89	972.0	-65.0
143100	2016-04-06 16:39:00	2016-04-06 16:52:00	2016-04-06 17:13:00	C1.4	12529.0	POINT(-88 8)	8	-88	-961.0	145.0
143110	2016-04-07 01:10:00	2016-04-07 01:17:00	2016-04-07 01:26:00	C1.4	12529.0	POINT(-88 9)	9	-88	-956.0	162.0
143120	2016-04-07 05:50:00	2016-04-07 05:53:00	2016-04-07 05:55:00	C1.4	12529.0	POINT(-84 9)	9	-84	-941.0	164.0
143130	2016-04-07 09:45:00	2016-04-07 09:48:00	2016-04-07 09:50:00	B8.6	12529.0	POINT(-88 9)	9	-88	-951.0	155.0
143140	2016-04-07 11:06:00	2016-04-07 11:13:00	2016-04-07 11:21:00	C1.9	12529.0	POINT(-88 9)	9	-88	-955.0	164.0
143150	2016-04-07 13:32:00	2016-04-07 13:37:00	2016-04-07 13:44:00	B7.7	12529.0	POINT(-88 10)	10	-88	-953.0	171.0
143160	2016-04-08 05:01:00	2016-04-08 05:05:00	2016-04-08 05:09:00	B7.2	12529.0	POINT(-85 10)	10	-85	-938.0	180.0
143170	2016-04-08 16:10:00	2016-04-08 16:14:00	2016-04-08 16:18:00	B6.1	12529.0	POINT(-77 11)	11	-77	-918.0	210.0
143180	2016-04-08 16:31:00	2016-04-08 16:38:00	2016-04-08 16:45:00	C1.1	12529.0	POINT(-77 11)	11	-77	-917.0	210.0
143190	2016-04-09 05:25:00	2016-04-09 05:30:00	2016-04-09 05:35:00	C1.5	12529.0	POINT(-69 11)	11	-69	-879.0	230.0
143200	2016-04-09 08:46:00	2016-04-09 08:50:00	2016-04-09 08:54:00	B8.7	12529.0	POINT(-63 11)	11	-63	-837.0	182.0
143210	2016-04-09 12:15:00	2016-04-09 13:42:00	2016-04-09 14:44:00	C2.8	12529.0	POINT(-64 12)	12	-64	-848.0	243.0
143220	2016-04-09 16:09:00	2016-04-09 16:13:00	2016-04-09 16:16:00	C1.7	12529.0	POINT(-62 9)	9	-62	-835.0	237.0
143230	2016-04-09 17:47:00	2016-04-09 17:55:00	2016-04-09 17:58:00	C1.6	12529.0	POINT(-60 7)	7	-60	-830.0	207.0
143240	2016-04-09 18:40:00	2016-04-09 18:44:00	2016-04-09 18:46:00	C1.5	12529.0	POINT(-59 7)	7	-59	-810.0	201.0
143250	2016-04-09 20:29:00	2016-04-09 20:34:00	2016-04-09 20:43:00	C1.5	12529.0	POINT(-60 7)	7	-60	-817.0	213.0
143260	2016-04-09 22:01:00	2016-04-09 22:04:00	2016-04-09 22:07:00	C1.4	12529.0	POINT(-57 9)	9	-57	-798.0	215.0
143270	2016-04-09 22:50:00	2016-04-09 22:55:00	2016-04-09 23:07:00	C1.8	12529.0	POINT(-57 7)	7	-57	-801.0	218.0
143280	2016-04-10 00:31:00	2016-04-10 00:44:00	2016-04-10 00:47:00	C1.1	12529.0	POINT(-57 9)	9	-57	-793.0	216.0
143290	2016-04-10 05:49:00	2016-04-10 09:34:00	2016-04-10 13:04:00	C1.5	12529.0	POINT(-61 8)	8	-61	-836.0	190.0
143300	2016-04-11 01:34:00	2016-04-11 02:02:00	2016-04-11 03:07:00	C1.1	12529.0	POINT(-41 16)	16	-41	-609.0	341.0
143310	2016-04-11 13:16:00	2016-04-11 13:20:00	2016-04-11 13:26:00	B8.1	12529.0	POINT(-34 8)	8	-34	-536.0	195.0
143320	2016-04-11 18:28:00	2016-04-11 18:34:00	2016-04-11 18:41:00	C1.0	12529.0	POINT(-55 7)	7	-55	-778.0	116.0
143330	2016-04-11 20:19:00	2016-04-11 20:27:00	2016-04-11 20:35:00	C1.4	12529.0	POINT(-24 11)	11	-24	-374.0	293.0
143340	2016-04-11 21:59:00	2016-04-11 22:12:00	2016-04-11 22:19:00	B9.3	12529.0	POINT(-30 5)	5	-30	-468.0	194.0
143350	2016-04-11 23:56:00	2016-04-12 00:06:00	2016-04-12 00:13:00	C1.3	12529.0	POINT(-29 5)	5	-29	-443.0	197.0
143360	2016-04-12 07:40:00	2016-04-12 07:51:00	2016-04-12 08:10:00	C1.8	12529.0	POINT(-24 6)	6	-24	-399.0	194.0
143370	2016-04-12 15:56:00	2016-04-12 15:59:00	2016-04-12 16:03:00	B4.1		POINT(-13 12)	12	-13	-210.0	198.0
143380	2016-04-13 07:35:00	2016-04-13 07:57:00	2016-04-13 08:16:00	B8.6	12529.0	POINT(-15 10)	10	-15	-245.0	257.0
143390	2016-04-13 11:53:00	2016-04-13 11:58:00	2016-04-13 12:06:00	B6.0	12529.0	POINT(-1 12)	12	-1	-32.0	298.0
143400	2016-04-13 17:03:00	2016-04-13 17:14:00	2016-04-13 17:22:00	B4.3	12529.0	POINT(1 12)	12	1	21.0	301.0
143410	2016-04-13 17:26:00	2016-04-13 17:34:00	2016-04-13 17:40:00	B4.2	12529.0	POINT(-9 9)	9	-9	-157.0	254.0
143420	2016-04-13 22:46:00	2016-04-13 22:53:00	2016-04-13 23:07:00	B6.0		POINT(5 10)	10	5	90.0	274.0
143430	2016-04-13 23:28:00	2016-04-13 23:43:00	2016-04-14 00:01:00	C2.9	12529.0	POINT(5 11)	11	5	92.0	284.0
143440	2016-04-14 01:50:00	2016-04-14 01:54:00	2016-04-14 01:57:00	B7.2	12531.0	POINT(-59 15)	15	-59	-795.0	306.0
143450	2016-04-14 13:21:00	2016-04-14 13:32:00	2016-04-14 13:44:00	C1.8	12529.0	POINT(14 11)	11	14	219.0	271.0
143460	2016-04-14 14:37:00	2016-04-14 14:59:00	2016-04-14 15:10:00	B4.8	12529.0	POINT(4 11)	11	4	222.0	272.0
143470	2016-04-14 17:59:00	2016-04-14 18:07:00	2016-04-14 18:16:00	C1.3	12529.0	POINT(7 12)	12	7	83.0	307.0
143480	2016-04-14 20:16:00	2016-04-14 20:29:00	2016-04-14 20:44:00	B5.1	12529.0	POINT(6 10)	10	6	104.0	270.0
143490	2016-04-14 21:45:00	2016-04-14 21:52:00	2016-04-14 21:55:00	B7.0	12529.0	POINT(9 11)	11	9	148.0	275.0
143500	2016-04-14 23:00:00	2016-04-14 23:02:00	2016-04-14 23:04:00	B4.9	12529.0	POINT(12 12)	12	12	194.0	300.0
143510	2016-04-15 02:46:00	2016-04-15 02:50:00	2016-04-15 03:03:00	B7.6		POINT(9 11)	11	9	158.0	281.0
143520	2016-04-15 06:14:00	2016-04-15 06:26:00	2016-04-15 06:34:00	B7.7	12529.0	POINT(12 9)	9	12	218.0	290.0
143530	2016-04-15 08:11:00	2016-04-15 08:15:00	2016-04-15 08:18:00	B6.8	12529.0	POINT(-89 5)	5	-89	-962.0	93.0
143540	2016-04-15 09:25:00	2016-04-15 09:28:00	2016-04-15 10:01:00	B8.3	12529.0	POINT(18 12)	12	18	281.0	301.0
143550	2016-04-15 12:37:00	2016-04-15 12:42:00	2016-04-15 12:44:00	B7.7	12529.0	POINT(20 13)	13	20	308.0	302.0
143560	2016-04-15 14:04:00	2016-04-15 14:30:00	2016-04-15 14:43:00	C4.1	12529.0	POINT(20 11)	11	20	321.0	182.0
143570	2016-04-15 23:57:00	2016-04-16 00:05:00	2016-04-16 00:16:00	B7.9	12529.0	POINT(34 10)	10	34	529.0	253.0
143580	2016-04-16 05:06:00	2016-04-16 05:13:00	2016-04-16 05:38:00	B7.0	12529.0	POINT(35 9)	9	35	544.0	260.0
143590	2016-04-16 12:30:00	2016-04-16 12:33:00	2016-04-16 12:35:00	B4.8		POINT(38 11)	11	38	577.0	182.0
143600	2016-04-16 14:30:00	2016-04-16 14:39:00	2016-04-16 14:53:00	C1.0		POINT(41 11)	11	41	615.0	265.0
143610	2016-04-16 19:14:00	2016-04-16 19:20:00	2016-04-16 19:23:00	C1.4	12529.0	POINT(16 10)	10	16	259.0	166.0
143620	2016-04-16 19:42:00	2016-04-16 19:58:00	2016-04-16 20:12:00	C5.8	12529.0	POINT(43 13)	13	43	656.0	248.0
143630	2016-04-16 23:06:00	2016-04-16 23:12:00	2016-04-16 23:16:00	B5.8	12529.0	POINT(44 12)	12	44	654.0	272.0
143640	2016-04-17 00:53:00	2016-04-17 00:57:00	2016-04-17 01:00:00	B9.6	12529.0	POINT(44 13)	13	44	654.0	282.0
143650	2016-04-17 03:57:00	2016-04-17 04:01:00	2016-04-17 04:05:00	B7.9	12529.0	POINT(46 13)	13	46	670.0	215.0
143660	2016-04-17 16:48:00	2016-04-17 17:02:00	2016-04-17 17:15:00	B8.4	12529.0	POINT(43 13)	13	43	702.0	231.0
143670	2016-04-17 17:17:00	2016-04-17 17:30:00	2016-04-17 17:47:00	C2.4	12529.0	POINT(43 13)	13	43	635.0	215.0
143680	2016-04-17 21:56:00	2016-04-17 22:00:00	2016-04-17 22:07:00	B4.8		POINT(50 9)	9	50	731.0	212.0
143690	2016-04-18 00:14:00	2016-04-18 00:29:00	2016-04-18 00:39:00	M6.7	12529.0	POINT(62 12)	12	62	816.0	225.0
143700	2016-04-18 12:30:00	2016-04-18 12:46:00	2016-04-18 12:58:00	B4.0	12532.0	POINT(-46 6)	6	-46	-692.0	174.0
143710	2016-04-18 13:18:00	2016-04-18 13:34:00	2016-04-18 13:39:00	B5.0	12529.0	POINT(68 10)	10	68	878.0	197.0
143720	2016-04-18 14:11:00	2016-04-18 14:23:00	2016-04-18 14:36:00	B4.3	12532.0	POINT(-44 8)	8	-44	-666.0	206.0
143730	2016-04-18 14:44:00	2016-04-18 14:52:00	2016-04-18 15:00:00	B5.7	12529.0	POINT(63 15)	15	63	827.0	289.0
143740	2016-04-18 17:55:00	2016-04-18 18:00:00	2016-04-18 18:02:00	B5.1	12529.0	POINT(69 7)	7	69	886.0	149.0
143750	2016-04-19 12:18:00	2016-04-19 12:34:00	2016-04-19 12:42:00	B5.4	12529.0	POINT(77 15)	15	77	899.0	270.0
143760	2016-04-19 12:49:00	2016-04-19 12:57:00	2016-04-19 13:05:00	B6.6	12529.0	POINT(78 15)	15	78	899.0	275.0
143770	2016-04-19 18:12:00	2016-04-19 18:17:00	2016-04-19 18:22:00	B4.4	12529.0	POINT(72 13)	13	72	887.0	249.0
143780	2016-04-19 19:26:00	2016-04-19 19:34:00	2016-04-19 19:42:00	B4.3	12529.0	POINT(74 13)	13	74	894.0	214.0
143790	2016-04-19 22:52:00	2016-04-19 23:02:00	2016-04-19 23:09:00	C1.0	12529.0	POINT(74 14)	14	74	902.0	239.0
143800	2016-04-20 02:24:00	2016-04-20 02:36:00	2016-04-20 02:46:00	B8.5	12529.0	POINT(88 13)	13	88	942.0	225.0
143810	2016-04-20 06:27:00	2016-04-20 06:30:00	2016-04-20 06:32:00	B3.8	12529.0	POINT(88 13)	13	88	932.0	228.0
143820	2016-04-20 07:31:00	2016-04-20 07:41:00	2016-04-20 07:46:00	B4.7	12529.0	POINT(89 -2)	-2	89	954.0	-33.0
143830	2016-04-20 14:33:00	2016-04-20 14:36:00	2016-04-20 14:39:00	B3.2	12529.0	POINT(88 13)	13	88	926.0	231.0
143840	2016-04-20 14:52:00	2016-04-20 15:37:00	2016-04-20 16:37:00	B6.4	12529.0	POINT(89 6)	6	89	971.0	107.0
143850	2016-04-20 21:22:00	2016-04-20 21:44:00	2016-04-20 21:59:00	B4.6	12529.0	POINT(88 9)	9	88	973.0	170.0
143860	2016-04-21 04:28:00	2016-04-21 04:39:00	2016-04-21 04:54:00	B3.5	12532.0	POINT(88 9)	9	88	977.0	170.0
143870	2016-04-21 04:58:00	2016-04-21 05:10:00	2016-04-21 05:23:00	B4.7	12529.0	POINT(88 8)	8	88	975.0	149.0
143880	2016-04-23 21:18:00	2016-04-23 21:21:00	2016-04-23 21:25:00	B1.3		POINT(25 6)	6	25	414.0	176.0
143890	2016-04-24 02:21:00	2016-04-24 02:24:00	2016-04-24 02:26:00	B1.7		POINT(-89 3)	3	-89	-963.0	55.0
143900	2016-04-24 15:56:00	2016-04-24 16:03:00	2016-04-24 16:09:00	B5.9	12532.0	POINT(37 6)	6	37	579.0	163.0
143910	2016-04-25 08:17:00	2016-04-25 08:21:00	2016-04-25 08:28:00	B2.0	12532.0	POINT(49 6)	6	49	723.0	161.0
143920	2016-04-25 15:22:00	2016-04-25 15:27:00	2016-04-25 15:32:00	B2.9	12532.0	POINT(51 4)	4	51	747.0	126.0
143930	2016-04-25 20:04:00	2016-04-25 20:11:00	2016-04-25 20:15:00	B3.0	12536.0	POINT(-75 16)	16	-75	-887.0	287.0
143940	2016-04-26 02:53:00	2016-04-26 02:58:00	2016-04-26 03:03:00	B4.0	12536.0	POINT(-68 16)	16	-68	-853.0	290.0
143950	2016-04-26 04:01:00	2016-04-26 04:07:00	2016-04-26 04:10:00	B4.9	12536.0	POINT(-67 16)	16	-67	-849.0	294.0
143960	2016-04-26 06:13:00	2016-04-26 06:16:00	2016-04-26 06:20:00	B3.5	12536.0	POINT(-63 17)	17	-63	-839.0	293.0
143970	2016-04-26 06:51:00	2016-04-26 06:59:00	2016-04-26 07:11:00	B4.0	12536.0	POINT(-63 17)	17	-63	-841.0	284.0
143980	2016-04-26 09:55:00	2016-04-26 10:01:00	2016-04-26 10:11:00	B2.5		POINT(-65 15)	15	-65	-834.0	284.0
143990	2016-04-26 11:37:00	2016-04-26 11:44:00	2016-04-26 11:49:00	B5.7	12536.0	POINT(-61 17)	17	-61	-822.0	288.0
144000	2016-04-26 12:52:00	2016-04-26 12:58:00	2016-04-26 13:03:00	B3.3		POINT(-88 16)	16	-88	-927.0	270.0
144010	2016-04-26 13:28:00	2016-04-26 13:32:00	2016-04-26 13:36:00	B7.6	12536.0	POINT(-62 15)	15	-62	-814.0	285.0
144020	2016-04-26 20:37:00	2016-04-26 20:43:00	2016-04-26 20:46:00	B8.0		POINT(-88 16)	16	-88	-923.0	280.0
144030	2016-04-26 21:28:00	2016-04-26 21:31:00	2016-04-26 21:33:00	B4.5		POINT(-55 16)	16	-55	-760.0	303.0
144040	2016-04-27 00:03:00	2016-04-27 00:08:00	2016-04-27 00:11:00	B4.3	12536.0	POINT(-53 13)	13	-53	-745.0	270.0
144050	2016-04-27 00:50:00	2016-04-27 00:57:00	2016-04-27 01:05:00	B5.1	12536.0	POINT(-53 15)	15	-53	-744.0	308.0
144060	2016-04-27 03:47:00	2016-04-27 03:51:00	2016-04-27 03:54:00	B7.2	12536.0	POINT(-50 14)	14	-50	-725.0	275.0
144070	2016-04-27 10:11:00	2016-04-27 10:15:00	2016-04-27 10:20:00	B3.5	12532.0	POINT(78 5)	5	78	930.0	109.0
144080	2016-04-27 13:14:00	2016-04-27 13:21:00	2016-04-27 13:26:00	B5.7	12532.0	POINT(79 4)	4	79	933.0	104.0
144090	2016-04-27 15:43:00	2016-04-27 15:48:00	2016-04-27 15:55:00	B4.9	12537.0	POINT(47 9)	9	47	688.0	149.0
144100	2016-04-27 19:18:00	2016-04-27 19:23:00	2016-04-27 19:27:00	B6.9	12537.0	POINT(81 5)	5	81	939.0	95.0
144110	2016-04-27 21:13:00	2016-04-27 21:19:00	2016-04-27 21:26:00	B7.5	12532.0	POINT(-85 -44)	-44	-85	-1229.0	-1229.0
144120	2016-04-28 01:18:00	2016-04-28 01:25:00	2016-04-28 01:36:00	B8.1	12535.0	POINT(-29 4)	4	-29	-468.0	134.0
144130	2016-04-28 03:36:00	2016-04-28 03:42:00	2016-04-28 03:46:00	C1.1	12535.0	POINT(-27 5)	5	-27	-432.0	163.0
144140	2016-04-28 05:57:00	2016-04-28 06:02:00	2016-04-28 06:05:00	C1.8	12535.0	POINT(-25 5)	5	-25	-410.0	161.0
144150	2016-04-28 08:45:00	2016-04-28 08:52:00	2016-04-28 08:55:00	C1.7	12535.0	POINT(-26 4)	4	-26	-384.0	160.0
144160	2016-04-28 09:27:00	2016-04-28 09:32:00	2016-04-28 09:37:00	B6.2	12535.0	POINT(-24 8)	8	-24	-390.0	186.0
144170	2016-04-28 12:46:00	2016-04-28 12:51:00	2016-04-28 12:54:00	C1.9	12535.0	POINT(-21 5)	5	-21	-349.0	155.0
144180	2016-04-28 19:53:00	2016-04-28 19:57:00	2016-04-28 20:00:00	B5.6		POINT(-17 5)	5	-17	-280.0	152.0
144190	2016-04-28 23:18:00	2016-04-28 23:22:00	2016-04-28 23:25:00	B3.4	12535.0	POINT(-14 4)	4	-14	-241.0	147.0
144200	2016-04-29 03:51:00	2016-04-29 03:59:00	2016-04-29 04:07:00	B6.2	12537.0	POINT(70 -8)	-8	70	889.0	-113.0
144210	2016-04-29 07:39:00	2016-04-29 07:43:00	2016-04-29 07:47:00	B4.1	12537.0	POINT(71 -8)	-8	71	896.0	-120.0
144220	2016-04-29 13:22:00	2016-04-29 13:23:00	2016-04-29 13:24:00	B4.7		POINT(77 -6)	-6	77	905.0	-98.0
144230	2016-04-29 13:28:00	2016-04-29 13:31:00	2016-04-29 13:34:00	B5.4	12537.0	POINT(74 -7)	-7	74	911.0	-103.0
144240	2016-04-29 14:24:00	2016-04-29 14:29:00	2016-04-29 14:37:00	B5.3	12537.0	POINT(76 -7)	-7	76	917.0	-108.0
144250	2016-04-29 16:57:00	2016-04-29 17:01:00	2016-04-29 17:03:00	B5.5	12535.0	POINT(-5 7)	7	-5	-76.0	179.0
144260	2016-04-29 19:36:00	2016-04-29 19:43:00	2016-04-29 19:52:00	B4.3	12536.0	POINT(-21 16)	16	-21	-341.0	340.0
144270	2016-04-29 21:33:00	2016-04-29 21:38:00	2016-04-29 21:41:00	B6.7	12537.0	POINT(81 -7)	-7	81	933.0	-107.0
144280	2016-04-30 02:46:00	2016-04-30 02:51:00	2016-04-30 02:56:00	B3.6	12537.0	POINT(85 -7)	-7	85	941.0	-115.0
144290	2016-04-30 04:29:00	2016-04-30 04:34:00	2016-04-30 04:42:00	B4.7	12535.0	POINT(86 -6)	-6	86	944.0	-101.0
144300	2016-04-30 07:40:00	2016-04-30 07:47:00	2016-04-30 07:53:00	B6.2	12537.0	POINT(89 -6)	-6	89	948.0	-102.0
144310	2016-04-30 10:40:00	2016-04-30 10:47:00	2016-04-30 10:52:00	C1.2	12539.0	POINT(-41 16)	16	-41	-605.0	313.0
144320	2016-04-30 12:10:00	2016-04-30 12:17:00	2016-04-30 12:21:00	B5.2	12536.0	POINT(-7 16)	16	-7	-135.0	346.0
144330	2016-04-30 12:32:00	2016-04-30 12:35:00	2016-04-30 12:38:00	B4.7	12536.0	POINT(-44 18)	18	-44	-638.0	342.0
144340	2016-04-30 14:42:00	2016-04-30 14:51:00	2016-04-30 14:59:00	B5.7	12539.0	POINT(-58 21)	21	-58	-755.0	389.0
144350	2016-04-30 16:51:00	2016-04-30 17:12:00	2016-04-30 17:24:00	B4.8	12537.0	POINT(89 -6)	-6	89	957.0	-102.0
144360	2016-04-30 20:04:00	2016-04-30 20:22:00	2016-04-30 20:44:00	B6.9	12537.0	POINT(89 -7)	-7	89	954.0	-133.0
144370	2016-05-01 01:57:00	2016-05-01 02:04:00	2016-05-01 02:15:00	B8.6	12537.0	POINT(89 -5)	-5	89	957.0	-90.0
144380	2016-05-01 09:14:00	2016-05-01 09:22:00	2016-05-01 09:27:00	C2.4	12539.0	POINT(-34 18)	18	-34	-518.0	361.0
144390	2016-05-01 10:03:00	2016-05-01 10:09:00	2016-05-01 10:20:00	B4.8	12539.0	POINT(-33 18)	18	-33	-499.0	352.0
144400	2016-05-01 12:38:00	2016-05-01 12:42:00	2016-05-01 12:49:00	B3.0	12539.0	POINT(-31 19)	19	-31	-463.0	310.0
144410	2016-05-01 14:06:00	2016-05-01 14:15:00	2016-05-01 14:28:00	B5.8	12540.0	POINT(-44 22)	22	-44	-613.0	356.0
144420	2016-05-01 22:50:00	2016-05-01 23:11:00	2016-05-01 23:16:00	B5.0	12539.0	POINT(-27 18)	18	-27	-411.0	294.0
144430	2016-05-01 23:30:00	2016-05-01 23:38:00	2016-05-01 23:47:00	C2.5	12539.0	POINT(-27 18)	18	-27	-414.0	356.0
144440	2016-05-02 03:01:00	2016-05-02 03:10:00	2016-05-02 03:13:00	B3.1	12535.0	POINT(29 6)	6	29	471.0	173.0
144450	2016-05-02 07:12:00	2016-05-02 07:20:00	2016-05-02 07:35:00	B4.5	12539.0	POINT(-21 19)	19	-21	-330.0	370.0
144460	2016-05-02 08:32:00	2016-05-02 08:42:00	2016-05-02 08:47:00	C3.5	12540.0	POINT(-33 21)	21	-33	-495.0	401.0
144470	2016-05-03 00:54:00	2016-05-03 01:00:00	2016-05-03 01:05:00	B6.4	12539.0	POINT(-9 18)	18	-9	-141.0	294.0
144480	2016-05-03 08:10:00	2016-05-03 08:17:00	2016-05-03 08:44:00	B6.2	12541.0	POINT(-68 1)	1	-68	-887.0	54.0
144490	2016-05-03 16:24:00	2016-05-03 16:27:00	2016-05-03 16:30:00	B3.2		POINT(-89 10)	10	-89	-945.0	170.0
144500	2016-05-03 23:10:00	2016-05-03 23:13:00	2016-05-03 23:15:00	B3.1	12539.0	POINT(-88 12)	12	-88	-933.0	205.0
144510	2016-05-03 23:55:00	2016-05-04 00:01:00	2016-05-04 00:04:00	B7.5		POINT(-89 9)	9	-89	-941.0	153.0
144520	2016-05-04 01:03:00	2016-05-04 01:22:00	2016-05-04 01:35:00	B6.9	12541.0	POINT(-54 0)	0	-54	-805.0	57.0
144530	2016-05-04 13:41:00	2016-05-04 13:51:00	2016-05-04 14:07:00	C1.3	12535.0	POINT(61 8)	8	61	828.0	132.0
144540	2016-05-04 18:21:00	2016-05-04 18:24:00	2016-05-04 18:28:00	B3.2	12539.0	POINT(11 20)	20	11	170.0	325.0
144550	2016-05-04 19:59:00	2016-05-04 20:03:00	2016-05-04 20:06:00	B3.0		POINT(-74 12)	12	-74	-898.0	216.0
144560	2016-05-04 22:43:00	2016-05-04 22:48:00	2016-05-04 22:51:00	C1.7	12542.0	POINT(-72 10)	10	-72	-891.0	224.0
144570	2016-05-05 07:21:00	2016-05-05 07:26:00	2016-05-05 07:33:00	B4.1	12536.0	POINT(55 16)	16	55	752.0	296.0
144580	2016-05-05 22:09:00	2016-05-05 22:14:00	2016-05-05 22:27:00	B4.1	12539.0	POINT(26 16)	16	26	412.0	328.0
144590	2016-05-06 10:04:00	2016-05-06 10:10:00	2016-05-06 10:24:00	B4.4	12541.0	POINT(-24 3)	3	-24	-398.0	113.0
144600	2016-05-06 12:28:00	2016-05-06 12:31:00	2016-05-06 12:44:00	B5.3	12541.0	POINT(-23 4)	4	-23	-374.0	114.0
144610	2016-05-07 06:35:00	2016-05-07 06:40:00	2016-05-07 06:47:00	B5.4	12541.0	POINT(-11 4)	4	-11	-183.0	123.0
144620	2016-05-07 12:48:00	2016-05-07 13:01:00	2016-05-07 13:43:00	B5.8	12536.0	POINT(88 13)	13	88	925.0	267.0
144630	2016-05-07 17:04:00	2016-05-07 17:13:00	2016-05-07 17:24:00	C1.9	12541.0	POINT(-6 4)	4	-6	-90.0	131.0
144640	2016-05-08 02:25:00	2016-05-08 02:30:00	2016-05-08 02:38:00	B5.3	12541.0	POINT(0 3)	3	0	0.0	49.0
144650	2016-05-09 05:11:00	2016-05-09 05:23:00	2016-05-09 05:34:00	B9.4	12541.0	POINT(15 1)	1	15	251.0	86.0
144660	2016-05-09 16:17:00	2016-05-09 16:20:00	2016-05-09 16:22:00	B3.3	12542.0	POINT(-5 9)	9	-5	-85.0	203.0
144670	2016-05-09 17:39:00	2016-05-09 17:48:00	2016-05-09 18:00:00	B6.8	12542.0	POINT(-6 9)	9	-6	-104.0	207.0
144680	2016-05-09 23:33:00	2016-05-09 23:43:00	2016-05-09 23:53:00	B8.1	12543.0	POINT(-1 -6)	-6	-1	-37.0	-29.0
144690	2016-05-11 10:56:00	2016-05-11 10:59:00	2016-05-11 11:01:00	B5.7	12542.0	POINT(14 9)	9	14	237.0	203.0
144700	2016-05-11 11:19:00	2016-05-11 11:22:00	2016-05-11 11:24:00	B4.2	12542.0	POINT(14 9)	9	14	238.0	206.0
144710	2016-05-11 14:14:00	2016-05-11 14:22:00	2016-05-11 14:27:00	B8.2	12542.0	POINT(19 9)	9	19	306.0	194.0
144720	2016-05-12 12:20:00	2016-05-12 12:23:00	2016-05-12 12:27:00	B5.3	12544.0	POINT(-30 20)	20	-30	-457.0	365.0
144730	2016-05-12 16:06:00	2016-05-12 16:10:00	2016-05-12 16:14:00	B4.7	12542.0	POINT(32 9)	9	32	509.0	193.0
144740	2016-05-13 05:08:00	2016-05-13 05:09:00	2016-05-13 05:11:00	B3.1	12542.0	POINT(39 8)	8	39	575.0	191.0
144750	2016-05-13 16:16:00	2016-05-13 16:21:00	2016-05-13 16:24:00	B7.4	12544.0	POINT(-22 20)	20	-22	-296.0	349.0
144760	2016-05-13 20:47:00	2016-05-13 20:50:00	2016-05-13 20:52:00	B4.6	12544.0	POINT(-16 21)	21	-16	-252.0	384.0
144770	2016-05-13 22:27:00	2016-05-13 22:39:00	2016-05-13 22:51:00	B4.9	12544.0	POINT(-11 22)	22	-11	-150.0	383.0
144780	2016-05-14 00:51:00	2016-05-14 00:54:00	2016-05-14 00:56:00	B5.8	12543.0	POINT(49 -4)	-4	49	737.0	-65.0
144790	2016-05-14 03:42:00	2016-05-14 03:45:00	2016-05-14 03:48:00	B4.4	12543.0	POINT(52 -5)	-5	52	752.0	-61.0
144800	2016-05-14 05:34:00	2016-05-14 05:37:00	2016-05-14 05:39:00	B3.8	12543.0	POINT(53 -5)	-5	53	757.0	-67.0
144810	2016-05-14 06:18:00	2016-05-14 06:22:00	2016-05-14 06:25:00	B6.1	12543.0	POINT(53 -5)	-5	53	761.0	-63.0
144820	2016-05-14 07:44:00	2016-05-14 07:52:00	2016-05-14 07:58:00	B7.6	12542.0	POINT(53 7)	7	53	749.0	171.0
144830	2016-05-14 09:21:00	2016-05-14 09:31:00	2016-05-14 09:34:00	C2.5	12543.0	POINT(56 -7)	-7	56	780.0	-78.0
144840	2016-05-14 09:39:00	2016-05-14 09:52:00	2016-05-14 10:02:00	B9.0	12544.0	POINT(-7 20)	20	-7	-81.0	354.0
144850	2016-05-14 10:52:00	2016-05-14 10:56:00	2016-05-14 10:59:00	B6.3	12543.0	POINT(56 -5)	-5	56	791.0	-74.0
144860	2016-05-14 11:25:00	2016-05-14 11:34:00	2016-05-14 11:57:00	C7.4	12543.0	POINT(58 -7)	-7	58	792.0	-78.0
144870	2016-05-14 15:15:00	2016-05-14 15:19:00	2016-05-14 15:22:00	C4.8	12543.0	POINT(59 -6)	-6	59	812.0	-79.0
144880	2016-05-14 17:37:00	2016-05-14 17:41:00	2016-05-14 17:43:00	B8.4	12543.0	POINT(61 -6)	-6	61	827.0	-84.0
144890	2016-05-14 19:22:00	2016-05-14 19:27:00	2016-05-14 19:30:00	B6.3		POINT(62 -6)	-6	62	834.0	-86.0
144900	2016-05-14 23:11:00	2016-05-14 23:15:00	2016-05-14 23:23:00	B6.7		POINT(0 20)	20	0	-9.0	367.0
144910	2016-05-15 03:40:00	2016-05-15 03:45:00	2016-05-15 03:52:00	B9.0	12544.0	POINT(1 22)	22	1	16.0	396.0
144920	2016-05-15 03:58:00	2016-05-15 04:09:00	2016-05-15 04:16:00	C4.9	12543.0	POINT(68 -5)	-5	68	880.0	-78.0
144930	2016-05-15 04:57:00	2016-05-15 05:02:00	2016-05-15 05:05:00	C1.3	12544.0	POINT(-33 21)	21	-33	-482.0	340.0
144940	2016-05-15 08:18:00	2016-05-15 08:24:00	2016-05-15 08:30:00	C2.9	12543.0	POINT(63 -5)	-5	63	897.0	-81.0
144950	2016-05-15 09:48:00	2016-05-15 09:51:00	2016-05-15 09:54:00	C1.3	12544.0	POINT(6 21)	21	6	77.0	383.0
144960	2016-05-15 11:51:00	2016-05-15 11:59:00	2016-05-15 12:04:00	C1.2	12544.0	POINT(5 21)	21	5	90.0	387.0
144970	2016-05-15 13:55:00	2016-05-15 14:00:00	2016-05-15 14:06:00	C1.1	12544.0	POINT(7 21)	21	7	111.0	391.0
144980	2016-05-15 14:44:00	2016-05-15 14:48:00	2016-05-15 14:51:00	B6.1	12544.0	POINT(6 21)	21	6	98.0	387.0
144990	2016-05-15 15:19:00	2016-05-15 16:03:00	2016-05-15 17:33:00	C3.2	12542.0	POINT(62 10)	10	62	825.0	164.0
145000	2016-05-15 19:10:00	2016-05-15 19:13:00	2016-05-15 19:17:00	C1.5	12544.0	POINT(11 20)	20	11	175.0	375.0
145010	2016-05-16 00:06:00	2016-05-16 00:57:00	2016-05-16 02:17:00	C1.0	12544.0	POINT(18 18)	18	18	279.0	336.0
145020	2016-05-16 04:38:00	2016-05-16 04:42:00	2016-05-16 04:48:00	B6.0	12545.0	POINT(67 -24)	-24	67	816.0	-334.0
145030	2016-05-16 05:34:00	2016-05-16 05:38:00	2016-05-16 05:43:00	B4.7	12545.0	POINT(67 -23)	-23	67	825.0	-329.0
145040	2016-05-16 15:21:00	2016-05-16 15:25:00	2016-05-16 15:30:00	C1.8	12544.0	POINT(21 18)	18	21	313.0	353.0
145050	2016-05-16 15:47:00	2016-05-16 15:50:00	2016-05-16 15:52:00	B5.1	12544.0	POINT(27 19)	19	27	411.0	359.0
145060	2016-05-16 22:17:00	2016-05-16 22:21:00	2016-05-16 22:23:00	B4.6	12544.0	POINT(27 21)	21	27	410.0	374.0
145070	2016-05-17 04:00:00	2016-05-17 04:08:00	2016-05-17 04:10:00	C1.2	12542.0	POINT(89 9)	9	89	940.0	159.0
145080	2016-05-17 07:38:00	2016-05-17 07:42:00	2016-05-17 07:44:00	B6.1	12544.0	POINT(33 21)	21	33	491.0	378.0
145090	2016-05-17 07:50:00	2016-05-17 07:54:00	2016-05-17 07:57:00	B7.0	12542.0	POINT(36 20)	20	36	534.0	355.0
145100	2016-05-17 20:07:00	2016-05-17 20:11:00	2016-05-17 20:13:00	B4.1	12544.0	POINT(-82 16)	16	-82	-902.0	268.0
145110	2016-05-18 17:52:00	2016-05-18 17:58:00	2016-05-18 18:07:00	B5.1	12544.0	POINT(51 24)	24	51	681.0	408.0
145120	2016-05-20 00:55:00	2016-05-20 00:59:00	2016-05-20 01:02:00	B2.6	12546.0	POINT(-7 -6)	-6	-7	-114.0	-99.0
145130	2016-05-20 04:14:00	2016-05-20 04:18:00	2016-05-20 04:23:00	B3.9	12546.0	POINT(-6 -6)	-6	-6	-98.0	-99.0
145140	2016-05-20 04:35:00	2016-05-20 04:40:00	2016-05-20 04:43:00	B3.7	12546.0	POINT(-7 -8)	-8	-7	-114.0	-131.0
145150	2016-05-20 08:34:00	2016-05-20 08:42:00	2016-05-20 08:47:00	B3.9	12546.0	POINT(0 -10)	-10	0	-13.0	-152.0
145160	2016-05-20 11:36:00	2016-05-20 11:39:00	2016-05-20 11:41:00	B2.5	12546.0	POINT(3 -7)	-7	3	56.0	-89.0
145170	2016-05-20 12:19:00	2016-05-20 12:23:00	2016-05-20 12:28:00	B4.4	12546.0	POINT(-2 -7)	-7	-2	-41.0	-87.0
145180	2016-05-20 19:41:00	2016-05-20 19:45:00	2016-05-20 19:48:00	B3.0		POINT(2 -6)	-6	2	32.0	-99.0
145190	2016-05-21 08:43:00	2016-05-21 08:46:00	2016-05-21 08:50:00	B5.9	12546.0	POINT(9 -9)	-9	9	156.0	-107.0
145200	2016-05-21 10:56:00	2016-05-21 11:00:00	2016-05-21 11:03:00	B7.3	12546.0	POINT(11 -6)	-6	11	188.0	-71.0
145210	2016-05-21 13:55:00	2016-05-21 14:00:00	2016-05-21 14:07:00	C1.0	12546.0	POINT(17 -8)	-8	17	296.0	-125.0
145220	2016-05-21 22:30:00	2016-05-21 22:34:00	2016-05-21 22:40:00	B2.4		POINT(23 -9)	-9	23	377.0	-129.0
145230	2016-05-22 01:21:00	2016-05-22 01:25:00	2016-05-22 01:29:00	B2.5	12546.0	POINT(19 -4)	-4	19	320.0	-53.0
145240	2016-05-22 04:43:00	2016-05-22 04:47:00	2016-05-22 04:51:00	B2.5	12546.0	POINT(21 -4)	-4	21	350.0	-51.0
145250	2016-05-22 09:12:00	2016-05-22 09:21:00	2016-05-22 09:28:00	B5.9	12546.0	POINT(30 -10)	-10	30	467.0	-134.0
145260	2016-05-23 07:41:00	2016-05-23 07:45:00	2016-05-23 07:47:00	B2.0	12546.0	POINT(41 -9)	-9	41	623.0	-140.0
145270	2016-05-23 08:13:00	2016-05-23 08:18:00	2016-05-23 08:24:00	B3.0	12546.0	POINT(41 -11)	-11	41	639.0	-148.0
145280	2016-05-23 13:34:00	2016-05-23 13:38:00	2016-05-23 13:42:00	B3.4		POINT(44 -9)	-9	44	658.0	-144.0
145290	2016-05-23 17:05:00	2016-05-23 17:08:00	2016-05-23 17:11:00	B2.2		POINT(46 -5)	-5	46	688.0	-80.0
145300	2016-05-23 20:05:00	2016-05-23 20:09:00	2016-05-23 20:12:00	B2.5		POINT(44 -4)	-4	44	663.0	-54.0
145310	2016-05-23 20:13:00	2016-05-23 20:17:00	2016-05-23 20:22:00	B6.9		POINT(44 -4)	-4	44	662.0	-53.0
145320	2016-05-23 22:55:00	2016-05-23 22:58:00	2016-05-23 23:02:00	B2.5		POINT(49 -10)	-10	49	707.0	-151.0
145330	2016-05-24 07:22:00	2016-05-24 07:25:00	2016-05-24 07:28:00	B2.7		POINT(55 -10)	-10	55	767.0	-153.0
145340	2016-05-24 08:19:00	2016-05-24 08:24:00	2016-05-24 08:28:00	B5.3	12546.0	POINT(57 -14)	-14	57	770.0	-152.0
145350	2016-05-24 08:31:00	2016-05-24 08:36:00	2016-05-24 08:40:00	B9.6	12546.0	POINT(51 -8)	-8	51	729.0	-131.0
145360	2016-05-24 10:16:00	2016-05-24 10:20:00	2016-05-24 10:23:00	C1.3	12546.0	POINT(59 -11)	-11	59	791.0	-111.0
145370	2016-05-24 13:29:00	2016-05-24 13:33:00	2016-05-24 13:36:00	B2.0		POINT(54 -4)	-4	54	765.0	-58.0
145380	2016-05-24 17:02:00	2016-05-24 17:05:00	2016-05-24 17:12:00	B4.0		POINT(55 -4)	-4	55	782.0	-60.0
145390	2016-05-24 20:49:00	2016-05-24 21:07:00	2016-05-24 21:10:00	B9.5	12546.0	POINT(62 -8)	-8	62	837.0	-123.0
145400	2016-05-24 22:18:00	2016-05-24 22:21:00	2016-05-24 22:26:00	B2.6		POINT(64 -7)	-7	64	849.0	-119.0
145410	2016-05-24 23:24:00	2016-05-24 23:34:00	2016-05-24 23:39:00	B5.5		POINT(60 -4)	-4	60	822.0	-57.0
145420	2016-05-25 01:59:00	2016-05-25 02:03:00	2016-05-25 02:06:00	B3.8	12546.0	POINT(56 -11)	-11	56	853.0	-127.0
145430	2016-05-25 21:04:00	2016-05-25 21:17:00	2016-05-25 21:29:00	B9.3	12548.0	POINT(22 17)	17	22	367.0	291.0
145440	2016-05-26 03:35:00	2016-05-26 03:39:00	2016-05-26 03:44:00	B2.0	12548.0	POINT(27 16)	16	27	425.0	284.0
145450	2016-05-26 13:25:00	2016-05-26 13:37:00	2016-05-26 13:50:00	C1.1	12548.0	POINT(30 14)	14	30	474.0	247.0
145460	2016-05-26 13:45:00	2016-05-26 13:51:00	2016-05-26 13:57:00	C1.0	12546.0	POINT(89 -9)	-9	89	934.0	-162.0
145470	2016-05-26 16:28:00	2016-05-26 16:33:00	2016-05-26 16:37:00	B4.0	12548.0	POINT(34 14)	14	34	495.0	239.0
145480	2016-05-27 16:29:00	2016-05-27 16:45:00	2016-05-27 16:54:00	B3.9		POINT(-89 15)	15	-89	-928.0	250.0
145490	2016-05-27 17:05:00	2016-05-27 17:20:00	2016-05-27 17:40:00	B4.6	12548.0	POINT(50 18)	18	50	697.0	315.0
145500	2016-05-28 11:49:00	2016-05-28 11:55:00	2016-05-28 12:16:00	B3.3	12549.0	POINT(-28 -15)	-15	-28	-421.0	-249.0
145510	2016-05-28 21:19:00	2016-05-28 21:23:00	2016-05-28 21:25:00	B2.8	12549.0	POINT(89 11)	11	89	930.0	184.0
145520	2016-05-29 02:33:00	2016-05-29 03:21:00	2016-05-29 04:30:00	B3.4		POINT(-89 13)	13	-89	-942.0	229.0
145530	2016-05-29 06:50:00	2016-05-29 06:56:00	2016-05-29 07:02:00	B7.2	12548.0	POINT(70 17)	17	70	854.0	288.0
145540	2016-05-29 08:56:00	2016-05-29 09:04:00	2016-05-29 09:11:00	B6.5	12548.0	POINT(71 15)	15	71	852.0	264.0
145550	2016-05-29 14:47:00	2016-05-29 14:50:00	2016-05-29 14:57:00	B1.7	12548.0	POINT(71 15)	15	71	868.0	249.0
145560	2016-05-30 04:10:00	2016-05-30 04:14:00	2016-05-30 04:22:00	B2.1		POINT(18 13)	13	18	297.0	239.0
145570	2016-05-30 07:33:00	2016-05-30 07:37:00	2016-05-30 07:42:00	C1.4	12550.0	POINT(21 13)	13	21	326.0	239.0
145580	2016-05-30 12:06:00	2016-05-30 12:12:00	2016-05-30 12:17:00	B3.0		POINT(23 14)	14	23	359.0	248.0
145590	2016-05-30 13:18:00	2016-05-30 13:24:00	2016-05-30 13:28:00	C1.0	12550.0	POINT(24 15)	15	24	369.0	243.0
145600	2016-05-30 15:02:00	2016-05-30 15:07:00	2016-05-30 15:11:00	B4.1	12550.0	POINT(24 15)	15	24	385.0	243.0
145610	2016-05-30 17:03:00	2016-05-30 17:10:00	2016-05-30 17:12:00	B4.1	12550.0	POINT(25 15)	15	25	408.0	240.0
145620	2016-05-31 19:34:00	2016-05-31 19:41:00	2016-05-31 19:47:00	B2.9	12551.0	POINT(57 4)	4	57	794.0	74.0
145630	2016-05-31 22:34:00	2016-05-31 22:37:00	2016-05-31 22:43:00	B1.8	12551.0	POINT(58 4)	4	58	808.0	79.0
145640	2016-06-01 14:33:00	2016-06-01 14:37:00	2016-06-01 14:41:00	B1.8	12551.0	POINT(67 5)	5	67	873.0	92.0
145650	2016-06-01 16:15:00	2016-06-01 16:19:00	2016-06-01 16:23:00	B2.3	12551.0	POINT(69 5)	5	69	884.0	93.0
145660	2016-06-01 22:20:00	2016-06-01 22:35:00	2016-06-01 22:57:00	B7.9		POINT(-73 13)	13	-73	-881.0	225.0
145670	2016-06-07 05:49:00	2016-06-07 06:06:00	2016-06-07 06:15:00	B1.9		POINT(-32 -23)	-23	-32	-462.0	-373.0
145680	2016-06-08 04:04:00	2016-06-08 04:16:00	2016-06-08 04:28:00	B2.3	12552.0	POINT(20 12)	12	20	323.0	200.0
145690	2016-06-09 04:56:00	2016-06-09 05:01:00	2016-06-09 05:05:00	B2.8	12552.0	POINT(37 14)	14	37	551.0	228.0
145700	2016-06-09 06:24:00	2016-06-09 06:27:00	2016-06-09 06:30:00	B3.5		POINT(38 15)	15	38	563.0	248.0
145710	2016-06-09 06:36:00	2016-06-09 06:39:00	2016-06-09 06:43:00	B2.6		POINT(38 15)	15	38	563.0	252.0
145720	2016-06-09 07:33:00	2016-06-09 07:37:00	2016-06-09 07:44:00	B2.1		POINT(-89 4)	4	-89	-954.0	75.0
145730	2016-06-09 10:17:00	2016-06-09 10:25:00	2016-06-09 10:29:00	B2.7		POINT(40 15)	15	40	596.0	246.0
145740	2016-06-09 10:43:00	2016-06-09 10:47:00	2016-06-09 10:51:00	B2.4		POINT(40 15)	15	40	598.0	248.0
145750	2016-06-09 12:09:00	2016-06-09 12:18:00	2016-06-09 12:23:00	B9.9	12552.0	POINT(42 14)	14	42	613.0	228.0
145760	2016-06-09 12:28:00	2016-06-09 12:34:00	2016-06-09 12:37:00	C1.5		POINT(42 15)	15	42	617.0	246.0
145770	2016-06-09 12:56:00	2016-06-09 13:06:00	2016-06-09 13:10:00	B5.7	12552.0	POINT(43 14)	14	43	625.0	228.0
145780	2016-06-09 13:23:00	2016-06-09 13:26:00	2016-06-09 13:32:00	B3.0		POINT(42 15)	15	42	621.0	245.0
145790	2016-06-09 15:03:00	2016-06-09 15:14:00	2016-06-09 15:17:00	C1.1	12552.0	POINT(45 14)	14	45	648.0	228.0
145800	2016-06-10 00:47:00	2016-06-10 00:52:00	2016-06-10 00:55:00	B3.2		POINT(-89 3)	3	-89	-951.0	62.0
145810	2016-06-10 05:51:00	2016-06-10 05:54:00	2016-06-10 05:56:00	B2.1	12552.0	POINT(51 15)	15	51	712.0	243.0
145820	2016-06-10 09:47:00	2016-06-10 09:48:00	2016-06-10 09:55:00	B2.2	12553.0	POINT(-80 -1)	-1	-80	-932.0	-57.0
145830	2016-06-10 20:48:00	2016-06-10 21:04:00	2016-06-10 21:16:00	B4.9	12552.0	POINT(60 16)	16	60	792.0	260.0
145840	2016-06-10 22:02:00	2016-06-10 22:05:00	2016-06-10 22:07:00	B2.5	12552.0	POINT(62 14)	14	62	812.0	234.0
145850	2016-06-11 00:17:00	2016-06-11 00:20:00	2016-06-11 00:23:00	B2.8	12552.0	POINT(63 14)	14	63	822.0	234.0
145860	2016-06-11 06:32:00	2016-06-11 06:36:00	2016-06-11 06:39:00	B2.6	12552.0	POINT(65 14)	14	65	836.0	230.0
145870	2016-06-11 08:18:00	2016-06-11 08:23:00	2016-06-11 08:26:00	B4.6	12552.0	POINT(67 14)	14	67	845.0	228.0
145880	2016-06-11 13:23:00	2016-06-11 13:24:00	2016-06-11 13:43:00	B4.2	12554.0	POINT(25 8)	8	25	395.0	131.0
145890	2016-06-11 13:55:00	2016-06-11 13:59:00	2016-06-11 14:04:00	B3.5	12552.0	POINT(70 14)	14	70	864.0	230.0
145900	2016-06-11 15:13:00	2016-06-11 15:18:00	2016-06-11 15:24:00	B5.9	12552.0	POINT(71 14)	14	71	869.0	228.0
145910	2016-06-11 20:37:00	2016-06-11 20:41:00	2016-06-11 20:44:00	B4.5	12552.0	POINT(74 14)	14	74	881.0	236.0
145920	2016-06-11 20:50:00	2016-06-11 20:57:00	2016-06-11 21:02:00	B9.7	12552.0	POINT(74 14)	14	74	884.0	231.0
145930	2016-06-11 21:59:00	2016-06-11 22:28:00	2016-06-11 22:43:00	C6.5	12552.0	POINT(79 14)	14	79	900.0	233.0
145940	2016-06-12 01:51:00	2016-06-12 01:55:00	2016-06-12 02:02:00	B4.0	12552.0	POINT(78 14)	14	78	897.0	232.0
145950	2016-06-12 08:09:00	2016-06-12 08:12:00	2016-06-12 08:15:00	B2.8	12552.0	POINT(87 15)	15	87	910.0	246.0
145960	2016-06-12 09:04:00	2016-06-12 09:10:00	2016-06-12 09:18:00	B5.8	12554.0	POINT(37 7)	7	37	571.0	106.0
145970	2016-06-12 20:30:00	2016-06-12 20:40:00	2016-06-12 20:52:00	C1.8	12552.0	POINT(89 14)	14	89	925.0	237.0
145980	2016-06-13 01:45:00	2016-06-13 01:53:00	2016-06-13 01:58:00	B4.9	12552.0	POINT(89 14)	14	89	923.0	241.0
145990	2016-06-13 02:49:00	2016-06-13 02:53:00	2016-06-13 02:57:00	B5.0	12554.0	POINT(46 9)	9	46	682.0	146.0
146000	2016-06-13 04:04:00	2016-06-13 04:15:00	2016-06-13 04:23:00	B9.3	12554.0	POINT(89 14)	14	89	927.0	243.0
146010	2016-06-13 04:35:00	2016-06-13 04:49:00	2016-06-13 05:02:00	B9.2	12552.0	POINT(89 15)	15	89	926.0	251.0
146020	2016-06-13 05:33:00	2016-06-13 05:52:00	2016-06-13 06:18:00	C3.0	12552.0	POINT(89 14)	14	89	935.0	237.0
146030	2016-06-13 18:43:00	2016-06-13 18:55:00	2016-06-13 19:07:00	B4.9		POINT(89 14)	14	89	929.0	234.0
146040	2016-06-15 10:53:00	2016-06-15 10:56:00	2016-06-15 10:58:00	B1.7		POINT(-18 5)	5	-18	-302.0	65.0
146050	2016-06-15 13:00:00	2016-06-15 13:11:00	2016-06-15 13:30:00	B4.2		POINT(81 9)	9	81	919.0	161.0
146060	2016-06-15 20:43:00	2016-06-15 20:47:00	2016-06-15 20:49:00	B2.2		POINT(-13 5)	5	-13	-212.0	69.0
146070	2016-06-16 00:20:00	2016-06-16 00:25:00	2016-06-16 00:34:00	B3.2	12553.0	POINT(-3 -4)	-4	-3	-51.0	-93.0
146080	2016-06-16 09:44:00	2016-06-16 09:48:00	2016-06-16 09:52:00	B2.1		POINT(-7 5)	5	-7	-128.0	77.0
146090	2016-06-16 10:40:00	2016-06-16 10:44:00	2016-06-16 10:46:00	B3.8	12555.0	POINT(46 -9)	-9	46	681.0	-164.0
146100	2016-06-16 11:58:00	2016-06-16 12:03:00	2016-06-16 12:09:00	B2.6	12555.0	POINT(47 -8)	-8	47	692.0	-158.0
146110	2016-06-16 12:12:00	2016-06-16 12:18:00	2016-06-16 12:21:00	B3.5	12555.0	POINT(47 -9)	-9	47	692.0	-164.0
146120	2016-06-16 13:17:00	2016-06-16 13:24:00	2016-06-16 13:27:00	B8.8	12555.0	POINT(50 -8)	-8	50	707.0	-153.0
146130	2016-06-16 15:17:00	2016-06-16 15:23:00	2016-06-16 15:32:00	B3.8	12555.0	POINT(50 -8)	-8	50	722.0	-153.0
146140	2016-06-16 16:09:00	2016-06-16 16:13:00	2016-06-16 16:17:00	B2.9		POINT(-3 6)	6	-3	-52.0	79.0
146150	2016-06-16 17:46:00	2016-06-16 17:53:00	2016-06-16 18:06:00	B4.0	12556.0	POINT(-63 4)	4	-63	-844.0	69.0
146160	2016-06-17 04:04:00	2016-06-17 04:21:00	2016-06-17 04:28:00	B2.3		POINT(0 8)	8	0	6.0	114.0
146170	2016-06-17 04:56:00	2016-06-17 05:19:00	2016-06-17 05:40:00	B2.7	12556.0	POINT(58 -9)	-9	58	794.0	-160.0
146180	2016-06-17 08:25:00	2016-06-17 08:31:00	2016-06-17 08:38:00	B3.4	12555.0	POINT(60 -9)	-9	60	815.0	-163.0
146190	2016-06-17 09:16:00	2016-06-17 09:26:00	2016-06-17 09:34:00	B4.0	12555.0	POINT(61 -9)	-9	61	817.0	-163.0
146200	2016-06-17 12:24:00	2016-06-17 12:29:00	2016-06-17 12:34:00	B3.3	12555.0	POINT(63 -7)	-7	63	840.0	-130.0
146210	2016-06-17 13:10:00	2016-06-17 13:14:00	2016-06-17 13:16:00	B1.7	12555.0	POINT(64 -7)	-7	64	843.0	-131.0
146220	2016-06-17 14:00:00	2016-06-17 14:03:00	2016-06-17 14:05:00	B1.9	12555.0	POINT(64 -6)	-6	64	845.0	-130.0
146230	2016-06-17 20:34:00	2016-06-17 20:40:00	2016-06-17 20:49:00	B2.7	12555.0	POINT(69 -8)	-8	69	875.0	-146.0
146240	2016-06-18 11:44:00	2016-06-18 11:48:00	2016-06-18 11:51:00	B3.8	12555.0	POINT(77 -8)	-8	77	913.0	-142.0
146250	2016-06-18 14:30:00	2016-06-18 14:35:00	2016-06-18 14:39:00	B3.1	12556.0	POINT(80 -8)	-8	80	921.0	-137.0
146260	2016-06-18 16:04:00	2016-06-18 16:11:00	2016-06-18 16:15:00	B2.7	12555.0	POINT(82 -8)	-8	82	925.0	-144.0
146270	2016-06-18 20:31:00	2016-06-18 20:45:00	2016-06-18 20:50:00	B3.2		POINT(24 7)	7	24	390.0	100.0
146280	2016-06-19 07:31:00	2016-06-19 07:57:00	2016-06-19 08:23:00	B2.3	12558.0	POINT(28 11)	11	28	439.0	173.0
146290	2016-06-19 11:44:00	2016-06-19 11:58:00	2016-06-19 12:09:00	C1.7	12558.0	POINT(30 11)	11	30	467.0	170.0
146300	2016-06-19 23:08:00	2016-06-19 23:47:00	2016-06-20 01:13:00	B5.0	12555.0	POINT(89 -6)	-6	89	962.0	-116.0
146310	2016-06-20 02:49:00	2016-06-20 03:00:00	2016-06-20 03:09:00	B9.6	12558.0	POINT(39 11)	11	39	584.0	170.0
146320	2016-06-21 04:38:00	2016-06-21 05:34:00	2016-06-21 07:09:00	B3.8	12553.0	POINT(65 -4)	-4	65	859.0	-90.0
146330	2016-06-24 00:17:00	2016-06-24 00:34:00	2016-06-24 00:44:00	B3.7	12558.0	POINT(58 9)	9	58	795.0	133.0
146340	2016-06-24 22:42:00	2016-06-24 22:56:00	2016-06-24 23:21:00	B3.9		POINT(-81 14)	14	-81	-904.0	225.0
146350	2016-06-25 02:07:00	2016-06-25 03:15:00	2016-06-25 04:26:00	B4.4		POINT(-89 20)	20	-89	-896.0	331.0
146360	2016-06-25 11:01:00	2016-06-25 11:11:00	2016-06-25 11:25:00	B4.9		POINT(-70 14)	14	-70	-862.0	219.0
146370	2016-06-25 15:27:00	2016-06-25 15:44:00	2016-06-25 15:53:00	B4.4		POINT(-89 16)	16	-89	-920.0	276.0
146380	2016-06-26 04:06:00	2016-06-26 04:11:00	2016-06-26 04:17:00	B2.1		POINT(-56 12)	12	-56	-772.0	184.0
146390	2016-06-26 10:46:00	2016-06-26 10:50:00	2016-06-26 10:55:00	B1.3		POINT(-55 14)	14	-55	-759.0	213.0
146400	2016-06-26 15:57:00	2016-06-26 16:04:00	2016-06-26 16:23:00	B3.8		POINT(-51 13)	13	-51	-719.0	201.0
146410	2016-06-27 04:05:00	2016-06-27 04:20:00	2016-06-27 04:28:00	B3.2		POINT(-44 12)	12	-44	-646.0	183.0
146420	2016-06-27 09:42:00	2016-06-27 09:58:00	2016-06-27 10:24:00	B5.8		POINT(-40 14)	14	-40	-619.0	200.0
146430	2016-06-29 02:39:00	2016-06-29 02:56:00	2016-06-29 03:13:00	B2.2		POINT(-17 12)	12	-17	-280.0	161.0
146440	2016-07-02 04:00:00	2016-07-02 04:05:00	2016-07-02 04:10:00	B1.6		POINT(-32 -17)	-17	-32	-488.0	-330.0
146450	2016-07-03 09:52:00	2016-07-03 09:58:00	2016-07-03 10:03:00	B1.6		POINT(4 15)	15	4	56.0	204.0
146460	2016-07-04 01:57:00	2016-07-04 02:01:00	2016-07-04 02:04:00	B1.7		POINT(12 16)	16	12	190.0	221.0
146470	2016-07-04 08:31:00	2016-07-04 08:45:00	2016-07-04 09:20:00	B1.6		POINT(16 15)	15	16	263.0	204.0
146480	2016-07-07 03:03:00	2016-07-07 03:08:00	2016-07-07 03:14:00	B3.9	12561.0	POINT(32 -16)	-16	32	485.0	-319.0
146490	2016-07-07 04:11:00	2016-07-07 04:16:00	2016-07-07 04:20:00	B4.4	12561.0	POINT(33 -17)	-17	33	492.0	-321.0
146500	2016-07-07 04:31:00	2016-07-07 04:39:00	2016-07-07 04:50:00	B4.9	12561.0	POINT(33 -16)	-16	33	504.0	-317.0
146510	2016-07-07 07:49:00	2016-07-07 07:56:00	2016-07-07 08:06:00	C5.1	12561.0	POINT(35 -19)	-19	35	526.0	-320.0
146520	2016-07-08 00:48:00	2016-07-08 00:56:00	2016-07-08 01:05:00	C2.7	12564.0	POINT(-89 9)	9	-89	-944.0	152.0
146530	2016-07-08 02:34:00	2016-07-08 03:16:00	2016-07-08 03:24:00	B9.1	12564.0	POINT(-89 11)	11	-89	-947.0	188.0
146540	2016-07-08 05:16:00	2016-07-08 05:20:00	2016-07-08 05:31:00	B4.3	12564.0	POINT(-89 9)	9	-89	-944.0	150.0
146550	2016-07-08 06:09:00	2016-07-08 06:24:00	2016-07-08 06:31:00	B6.3	12562.0	POINT(-89 10)	10	-89	-940.0	169.0
146560	2016-07-08 17:31:00	2016-07-08 17:36:00	2016-07-08 17:40:00	B4.7	12561.0	POINT(55 -16)	-16	55	751.0	-293.0
146570	2016-07-08 19:45:00	2016-07-08 19:50:00	2016-07-08 19:56:00	B5.5	12564.0	POINT(-89 7)	7	-89	-937.0	125.0
146580	2016-07-08 23:05:00	2016-07-08 23:11:00	2016-07-08 23:13:00	B7.6	12564.0	POINT(-88 9)	9	-88	-929.0	156.0
146590	2016-07-09 09:01:00	2016-07-09 09:05:00	2016-07-09 09:07:00	B9.8	12564.0	POINT(-76 10)	10	-76	-906.0	110.0
146600	2016-07-09 15:49:00	2016-07-09 16:07:00	2016-07-09 16:11:00	C2.6	12564.0	POINT(-73 11)	11	-73	-883.0	186.0
146610	2016-07-09 21:24:00	2016-07-09 21:29:00	2016-07-09 21:32:00	B6.6	12564.0	POINT(-69 11)	11	-69	-861.0	184.0
146620	2016-07-10 00:53:00	2016-07-10 00:59:00	2016-07-10 01:03:00	C8.6	12564.0	POINT(-69 11)	11	-69	-851.0	176.0
146630	2016-07-10 08:40:00	2016-07-10 08:43:00	2016-07-10 08:45:00	B3.4	12564.0	POINT(-64 12)	12	-64	-842.0	119.0
146640	2016-07-10 09:47:00	2016-07-10 09:53:00	2016-07-10 09:59:00	B4.1	12562.0	POINT(-44 -8)	-8	-44	-649.0	-131.0
146650	2016-07-11 21:27:00	2016-07-11 21:33:00	2016-07-11 21:37:00	B9.4	12564.0	POINT(-44 10)	10	-44	-650.0	136.0
146660	2016-07-12 10:59:00	2016-07-12 11:03:00	2016-07-12 11:08:00	B3.9	12565.0	POINT(-71 5)	5	-71	-890.0	70.0
146670	2016-07-13 14:40:00	2016-07-13 14:44:00	2016-07-13 14:49:00	B4.3	12562.0	POINT(-2 -7)	-7	-2	-18.0	-219.0
146680	2016-07-13 19:48:00	2016-07-13 21:02:00	2016-07-13 21:33:00	B8.7	12565.0	POINT(-58 2)	2	-58	-804.0	4.0
146690	2016-07-14 21:35:00	2016-07-14 21:38:00	2016-07-14 21:40:00	B3.1	12565.0	POINT(-44 5)	5	-44	-655.0	42.0
146700	2016-07-15 02:23:00	2016-07-15 02:28:00	2016-07-15 02:32:00	B3.9	12565.0	POINT(-43 4)	4	-43	-647.0	20.0
146710	2016-07-15 03:51:00	2016-07-15 03:54:00	2016-07-15 03:56:00	B5.9	12565.0	POINT(-42 4)	4	-42	-642.0	29.0
146720	2016-07-15 05:06:00	2016-07-15 05:12:00	2016-07-15 05:14:00	B7.4	12567.0	POINT(-41 6)	6	-41	-626.0	18.0
146730	2016-07-15 14:23:00	2016-07-15 14:26:00	2016-07-15 14:29:00	B5.3	12567.0	POINT(-35 5)	5	-35	-544.0	24.0
146740	2016-07-15 15:07:00	2016-07-15 15:11:00	2016-07-15 15:14:00	C2.0	12567.0	POINT(-35 5)	5	-35	-541.0	20.0
146750	2016-07-15 16:42:00	2016-07-15 16:45:00	2016-07-15 16:48:00	B7.9	12567.0	POINT(-34 5)	5	-34	-533.0	21.0
146760	2016-07-15 17:12:00	2016-07-15 17:15:00	2016-07-15 17:17:00	B7.7	12567.0	POINT(-33 5)	5	-33	-521.0	31.0
146770	2016-07-15 18:30:00	2016-07-15 18:33:00	2016-07-15 18:37:00	B7.1	12567.0	POINT(-28 5)	5	-28	-451.0	29.0
146780	2016-07-16 00:28:00	2016-07-16 00:34:00	2016-07-16 00:38:00	C2.1	12567.0	POINT(-30 5)	5	-30	-463.0	20.0
146790	2016-07-16 01:13:00	2016-07-16 01:19:00	2016-07-16 01:23:00	C1.0	12567.0	POINT(-29 5)	5	-29	-456.0	18.0
146800	2016-07-16 02:00:00	2016-07-16 02:49:00	2016-07-16 02:58:00	C1.6	12567.0	POINT(-28 5)	5	-28	-456.0	17.0
146810	2016-07-16 02:46:00	2016-07-16 02:50:00	2016-07-16 02:52:00	C1.7	12567.0	POINT(-28 4)	4	-28	-446.0	14.0
146820	2016-07-16 03:00:00	2016-07-16 03:05:00	2016-07-16 03:08:00	C1.5	12567.0	POINT(-28 5)	5	-28	-451.0	15.0
146830	2016-07-16 03:39:00	2016-07-16 03:43:00	2016-07-16 03:50:00	B8.8	12567.0	POINT(-28 5)	5	-28	-435.0	15.0
146840	2016-07-16 05:25:00	2016-07-16 05:29:00	2016-07-16 05:36:00	B9.0	12567.0	POINT(-27 4)	4	-27	-430.0	15.0
146850	2016-07-16 05:40:00	2016-07-16 05:44:00	2016-07-16 05:48:00	C2.0	12567.0	POINT(-26 5)	5	-26	-417.0	20.0
146860	2016-07-16 05:57:00	2016-07-16 06:00:00	2016-07-16 06:03:00	C1.1	12567.0	POINT(-25 5)	5	-25	-400.0	32.0
146870	2016-07-16 06:57:00	2016-07-16 07:04:00	2016-07-16 07:07:00	C6.8	12567.0	POINT(-26 6)	6	-26	-411.0	15.0
146880	2016-07-16 07:46:00	2016-07-16 07:49:00	2016-07-16 07:56:00	B7.7	12567.0	POINT(-25 5)	5	-25	-399.0	16.0
146890	2016-07-16 08:17:00	2016-07-16 08:23:00	2016-07-16 08:27:00	C1.5	12567.0	POINT(-25 5)	5	-25	-406.0	15.0
146900	2016-07-16 09:19:00	2016-07-16 09:45:00	2016-07-16 09:49:00	C1.0	12567.0	POINT(-24 5)	5	-24	-395.0	18.0
146910	2016-07-16 10:26:00	2016-07-16 10:33:00	2016-07-16 10:38:00	C1.1	12567.0	POINT(-23 5)	5	-23	-382.0	18.0
146920	2016-07-16 12:54:00	2016-07-16 12:59:00	2016-07-16 13:05:00	B9.3	12567.0	POINT(-22 5)	5	-22	-360.0	17.0
146930	2016-07-16 13:52:00	2016-07-16 13:58:00	2016-07-16 14:02:00	B6.9	12567.0	POINT(-22 5)	5	-22	-362.0	15.0
146940	2016-07-17 01:36:00	2016-07-17 01:40:00	2016-07-17 01:43:00	C1.3	12567.0	POINT(-17 4)	4	-17	-264.0	13.0
146950	2016-07-17 05:36:00	2016-07-17 08:03:00	2016-07-17 11:26:00	C1.4	12565.0	POINT(-15 7)	7	-15	-242.0	115.0
146960	2016-07-17 16:34:00	2016-07-17 17:10:00	2016-07-17 17:28:00	C1.0	12565.0	POINT(-2 2)	2	-2	-20.0	-26.0
146970	2016-07-17 18:59:00	2016-07-17 19:15:00	2016-07-17 19:26:00	B8.4	12657.0	POINT(1 4)	4	1	17.0	-7.0
146980	2016-07-17 21:31:00	2016-07-17 23:35:00	2016-07-18 00:01:00	C6.6	12565.0	POINT(0 2)	2	0	-5.0	-34.0
146990	2016-07-18 07:53:00	2016-07-18 08:26:00	2016-07-18 09:30:00	C4.4	12565.0	POINT(7 6)	6	7	120.0	22.0
147000	2016-07-18 18:34:00	2016-07-18 18:39:00	2016-07-18 18:45:00	B5.6	12565.0	POINT(14 8)	8	14	237.0	42.0
147010	2016-07-19 00:13:00	2016-07-19 00:22:00	2016-07-19 00:34:00	C1.0	12565.0	POINT(18 7)	7	18	290.0	39.0
147020	2016-07-19 10:00:00	2016-07-19 11:53:00	2016-07-19 12:34:00	C2.2	12565.0	POINT(22 2)	2	22	358.0	-24.0
147030	2016-07-20 01:20:00	2016-07-20 01:27:00	2016-07-20 01:42:00	C1.3	12567.0	POINT(32 7)	7	32	498.0	34.0
147040	2016-07-20 02:40:00	2016-07-20 02:49:00	2016-07-20 02:59:00	C1.6	12567.0	POINT(30 1)	1	30	473.0	-29.0
147050	2016-07-20 03:08:00	2016-07-20 03:17:00	2016-07-20 03:26:00	C4.2	12567.0	POINT(30 1)	1	30	478.0	-31.0
147060	2016-07-20 03:32:00	2016-07-20 03:35:00	2016-07-20 03:38:00	C2.5	12565.0	POINT(18 7)	7	18	289.0	115.0
147070	2016-07-20 08:13:00	2016-07-20 08:20:00	2016-07-20 08:34:00	B6.6	12567.0	POINT(34 1)	1	34	515.0	-42.0
147080	2016-07-20 14:32:00	2016-07-20 14:42:00	2016-07-20 14:51:00	B6.6	12567.0	POINT(36 7)	7	36	551.0	61.0
147090	2016-07-20 19:33:00	2016-07-20 19:37:00	2016-07-20 19:47:00	B7.5	12567.0	POINT(40 5)	5	40	608.0	-8.0
147100	2016-07-20 22:03:00	2016-07-20 22:17:00	2016-07-20 22:54:00	C4.6	12567.0	POINT(41 5)	5	41	633.0	13.0
147110	2016-07-20 23:30:00	2016-07-20 23:35:00	2016-07-20 23:39:00	C3.6	12567.0	POINT(41 3)	3	41	626.0	2.0
147120	2016-07-20 23:45:00	2016-07-20 23:51:00	2016-07-20 23:54:00	C3.4	12567.0	POINT(42 4)	4	42	638.0	7.0
147130	2016-07-21 00:19:00	2016-07-21 00:37:00	2016-07-21 00:41:00	C3.7	12567.0	POINT(42 3)	3	42	636.0	-2.0
147140	2016-07-21 00:42:00	2016-07-21 00:46:00	2016-07-21 00:50:00	M1.2	12567.0	POINT(42 3)	3	42	641.0	2.0
147150	2016-07-21 01:34:00	2016-07-21 01:49:00	2016-07-21 02:04:00	M1.0	12567.0	POINT(42 2)	2	42	638.0	-23.0
147160	2016-07-21 04:09:00	2016-07-21 04:13:00	2016-07-21 04:16:00	C1.6		POINT(44 3)	3	44	665.0	-2.0
147170	2016-07-21 09:01:00	2016-07-21 09:08:00	2016-07-21 09:09:00	B6.6	12567.0	POINT(47 3)	3	47	691.0	39.0
147180	2016-07-21 09:40:00	2016-07-21 09:44:00	2016-07-21 09:48:00	C1.0	12567.0	POINT(47 0)	0	47	695.0	-10.0
147190	2016-07-21 11:06:00	2016-07-21 11:19:00	2016-07-21 11:22:00	C7.2	12567.0	POINT(48 0)	0	48	707.0	-7.0
147200	2016-07-21 12:47:00	2016-07-21 12:55:00	2016-07-21 13:03:00	C9.1	12567.0	POINT(49 1)	1	49	720.0	12.0
147210	2016-07-21 13:30:00	2016-07-21 13:34:00	2016-07-21 13:37:00	C2.2	12567.0	POINT(50 3)	3	50	719.0	35.0
147220	2016-07-21 14:05:00	2016-07-21 14:08:00	2016-07-21 14:10:00	B6.4	12567.0	POINT(49 7)	7	49	713.0	56.0
147230	2016-07-21 14:12:00	2016-07-21 14:15:00	2016-07-21 14:19:00	B6.0		POINT(50 6)	6	50	720.0	58.0
147240	2016-07-21 15:38:00	2016-07-21 15:42:00	2016-07-21 15:47:00	C1.2	12567.0	POINT(51 3)	3	51	740.0	42.0
147250	2016-07-21 16:02:00	2016-07-21 16:07:00	2016-07-21 16:13:00	B7.2		POINT(51 5)	5	51	737.0	32.0
147260	2016-07-21 17:00:00	2016-07-21 17:04:00	2016-07-21 17:16:00	C1.2	12567.0	POINT(53 5)	5	53	743.0	32.0
147270	2016-07-21 17:36:00	2016-07-21 17:41:00	2016-07-21 17:44:00	B9.7		POINT(52 5)	5	52	747.0	33.0
147280	2016-07-21 18:27:00	2016-07-21 18:31:00	2016-07-21 18:34:00	B7.3	12567.0	POINT(52 4)	4	52	752.0	29.0
147290	2016-07-21 18:52:00	2016-07-21 18:57:00	2016-07-21 18:59:00	B6.5	12567.0	POINT(53 4)	4	53	755.0	29.0
147300	2016-07-21 20:15:00	2016-07-21 20:20:00	2016-07-21 20:24:00	B8.6	12567.0	POINT(54 4)	4	54	769.0	21.0
147310	2016-07-21 20:37:00	2016-07-21 20:40:00	2016-07-21 20:44:00	B4.6	12567.0	POINT(54 4)	4	54	765.0	32.0
147320	2016-07-21 21:35:00	2016-07-21 21:38:00	2016-07-21 21:43:00	B5.9	12567.0	POINT(54 4)	4	54	771.0	29.0
147330	2016-07-21 22:34:00	2016-07-21 22:46:00	2016-07-21 22:58:00	C3.6	12567.0	POINT(55 7)	7	55	772.0	73.0
147340	2016-07-22 06:34:00	2016-07-22 06:51:00	2016-07-22 06:58:00	C6.6	12567.0	POINT(59 1)	1	59	824.0	26.0
147350	2016-07-22 07:23:00	2016-07-22 07:26:00	2016-07-22 07:31:00	C1.2	12567.0	POINT(61 0)	0	61	821.0	16.0
147360	2016-07-22 08:30:00	2016-07-22 08:34:00	2016-07-22 08:38:00	B6.8	12567.0	POINT(62 4)	4	62	837.0	43.0
147370	2016-07-22 11:14:00	2016-07-22 11:31:00	2016-07-22 11:45:00	B9.1	12567.0	POINT(61 5)	5	61	833.0	86.0
147380	2016-07-22 20:09:00	2016-07-22 20:20:00	2016-07-22 20:31:00	C2.4	12567.0	POINT(68 7)	7	68	878.0	71.0
147390	2016-07-22 22:26:00	2016-07-22 22:30:00	2016-07-22 22:34:00	B5.6	12567.0	POINT(73 5)	5	73	899.0	72.0
147400	2016-07-22 23:09:00	2016-07-22 23:15:00	2016-07-22 23:27:00	B7.6	12567.0	POINT(71 3)	3	71	896.0	27.0
147410	2016-07-23 01:46:00	2016-07-23 02:11:00	2016-07-23 02:23:00	M5.0	12567.0	POINT(73 5)	5	73	900.0	72.0
147420	2016-07-23 03:38:00	2016-07-23 03:42:00	2016-07-23 03:45:00	C1.4	12567.0	POINT(71 7)	7	71	887.0	92.0
147430	2016-07-23 05:00:00	2016-07-23 05:16:00	2016-07-23 05:24:00	M7.6	12567.0	POINT(73 5)	5	73	902.0	63.0
147440	2016-07-23 05:09:00	2016-07-23 05:31:00	2016-07-23 06:33:00	M5.5	12567.0	POINT(74 2)	2	74	912.0	26.0
147450	2016-07-23 09:04:00	2016-07-23 09:11:00	2016-07-23 09:16:00	C1.0	12567.0	POINT(77 3)	3	77	920.0	45.0
147460	2016-07-23 10:20:00	2016-07-23 10:32:00	2016-07-23 10:35:00	C1.1	12567.0	POINT(76 4)	4	76	917.0	56.0
147470	2016-07-23 12:48:00	2016-07-23 12:57:00	2016-07-23 13:05:00	C1.8	12567.0	POINT(77 6)	6	77	920.0	99.0
147480	2016-07-23 17:38:00	2016-07-23 17:55:00	2016-07-23 18:04:00	C2.4	12567.0	POINT(89 5)	5	89	951.0	99.0
147490	2016-07-23 21:53:00	2016-07-23 22:00:00	2016-07-23 22:04:00	B6.2	12567.0	POINT(81 3)	3	81	932.0	38.0
147500	2016-07-23 23:06:00	2016-07-23 23:11:00	2016-07-23 23:14:00	B7.8	12567.0	POINT(89 2)	2	89	943.0	32.0
147510	2016-07-23 23:30:00	2016-07-23 23:36:00	2016-07-23 23:45:00	C1.3	12567.0	POINT(89 5)	5	89	948.0	94.0
147520	2016-07-23 23:55:00	2016-07-23 23:58:00	2016-07-24 00:01:00	B8.5	12567.0	POINT(84 7)	7	84	932.0	113.0
147530	2016-07-24 00:50:00	2016-07-24 00:55:00	2016-07-24 00:59:00	C1.2	12567.0	POINT(89 5)	5	89	940.0	82.0
147540	2016-07-24 01:08:00	2016-07-24 01:13:00	2016-07-24 01:17:00	C1.9	12567.0	POINT(89 3)	3	89	944.0	59.0
147550	2016-07-24 03:48:00	2016-07-24 03:52:00	2016-07-24 03:56:00	B6.6	12567.0	POINT(88 7)	7	88	936.0	117.0
147560	2016-07-24 04:50:00	2016-07-24 05:01:00	2016-07-24 05:22:00	C1.5	12567.0	POINT(89 6)	6	89	941.0	109.0
147570	2016-07-24 06:09:00	2016-07-24 06:20:00	2016-07-24 06:32:00	M2.0	12567.0	POINT(84 3)	3	84	938.0	49.0
147580	2016-07-24 07:56:00	2016-07-24 08:04:00	2016-07-24 08:10:00	C1.5	12567.0	POINT(89 6)	6	89	945.0	114.0
147590	2016-07-24 10:28:00	2016-07-24 10:32:00	2016-07-24 10:35:00	C1.0	12567.0	POINT(84 3)	3	84	938.0	49.0
147600	2016-07-24 11:35:00	2016-07-24 11:41:00	2016-07-24 11:48:00	B9.2	12567.0	POINT(89 5)	5	89	940.0	82.0
147610	2016-07-24 11:56:00	2016-07-24 12:02:00	2016-07-24 12:10:00	B9.6	12567.0	POINT(89 7)	7	89	951.0	123.0
147620	2016-07-24 12:18:00	2016-07-24 12:28:00	2016-07-24 12:36:00	C1.5	12567.0	POINT(89 6)	6	89	950.0	107.0
147630	2016-07-24 12:56:00	2016-07-24 13:03:00	2016-07-24 13:13:00	C2.5	12567.0	POINT(89 6)	6	89	948.0	112.0
147640	2016-07-24 13:15:00	2016-07-24 13:23:00	2016-07-24 13:30:00	C3.5	12567.0	POINT(89 7)	7	89	947.0	131.0
147650	2016-07-24 13:34:00	2016-07-24 14:04:00	2016-07-24 14:11:00	C6.9	12567.0	POINT(89 6)	6	89	948.0	115.0
147660	2016-07-24 17:30:00	2016-07-24 17:43:00	2016-07-24 18:12:00	M1.9	12567.0	POINT(89 7)	7	89	950.0	125.0
147670	2016-07-24 22:54:00	2016-07-24 22:58:00	2016-07-24 23:03:00	B4.8	12567.0	POINT(89 6)	6	89	945.0	107.0
147680	2016-07-25 06:51:00	2016-07-25 06:57:00	2016-07-25 07:01:00	B3.6	12567.0	POINT(89 6)	6	89	948.0	108.0
147690	2016-07-25 08:59:00	2016-07-25 09:09:00	2016-07-25 09:26:00	C1.8	12567.0	POINT(89 9)	9	89	933.0	147.0
147700	2016-07-25 18:46:00	2016-07-25 18:53:00	2016-07-25 19:01:00	B2.9	12567.0	POINT(89 7)	7	89	942.0	123.0
147710	2016-07-26 02:08:00	2016-07-26 02:14:00	2016-07-26 02:19:00	B2.2		POINT(88 -13)	-13	88	930.0	-217.0
147720	2016-07-26 02:43:00	2016-07-26 03:13:00	2016-07-26 03:28:00	B3.9		POINT(89 7)	7	89	950.0	132.0
147730	2016-07-26 04:34:00	2016-07-26 04:37:00	2016-07-26 04:43:00	B2.4		POINT(88 -12)	-12	88	921.0	-213.0
147740	2016-07-26 05:07:00	2016-07-26 05:12:00	2016-07-26 05:21:00	B2.0		POINT(88 -12)	-12	88	933.0	-208.0
147750	2016-07-26 06:19:00	2016-07-26 06:26:00	2016-07-26 06:45:00	B3.0		POINT(88 -12)	-12	88	930.0	-206.0
147760	2016-07-26 07:37:00	2016-07-26 07:41:00	2016-07-26 07:43:00	B2.2		POINT(88 -12)	-12	88	938.0	-202.0
147770	2016-07-26 08:46:00	2016-07-26 08:56:00	2016-07-26 09:11:00	B2.5		POINT(88 -13)	-13	88	927.0	-230.0
147780	2016-07-26 13:09:00	2016-07-26 13:19:00	2016-07-26 13:35:00	B4.6		POINT(88 -13)	-13	88	932.0	-233.0
147790	2016-07-26 15:23:00	2016-07-26 15:35:00	2016-07-26 16:05:00	B9.3		POINT(88 -13)	-13	88	927.0	-232.0
147800	2016-07-26 17:08:00	2016-07-26 17:22:00	2016-07-26 17:45:00	B4.5		POINT(88 -12)	-12	88	935.0	-205.0
147810	2016-07-28 13:44:00	2016-07-28 13:48:00	2016-07-28 13:51:00	B1.1		POINT(-36 -17)	-17	-36	-540.0	-360.0
147820	2016-07-30 09:20:00	2016-07-30 09:34:00	2016-07-30 09:41:00	B5.3		POINT(-13 -16)	-16	-13	-181.0	-380.0
147830	2016-07-31 21:25:00	2016-07-31 21:40:00	2016-07-31 21:56:00	B2.9		POINT(3 -16)	-16	3	62.0	-357.0
147840	2016-08-04 22:24:00	2016-08-04 22:28:00	2016-08-04 22:30:00	B1.4	12572.0	POINT(31 14)	14	31	474.25678	144.80101
147850	2016-08-04 22:49:00	2016-08-04 22:54:00	2016-08-04 22:56:00	B2.0	12572.0	POINT(-31 14)	14	-31	-474.25802	144.78449
147860	2016-08-05 00:06:00	2016-08-05 00:09:00	2016-08-05 00:11:00	B1.6	12572.0	POINT(-75 11)	11	-75	-897.44089	154.12683
147870	2016-08-05 00:39:00	2016-08-05 00:44:00	2016-08-05 00:46:00	B8.8	12572.0	POINT(33 14)	14	33	501.47949	146.50629
147880	2016-08-05 00:53:00	2016-08-05 00:56:00	2016-08-05 00:58:00	B2.3	12572.0	POINT(31 12)	12	31	478.10849	111.93723
147890	2016-08-05 02:19:00	2016-08-05 02:24:00	2016-08-05 02:27:00	B5.2	12572.0	POINT(33 14)	14	33	501.48455	146.44432
147900	2016-08-05 03:50:00	2016-08-05 03:54:00	2016-08-05 03:57:00	B3.4	12572.0	POINT(34 14)	14	34	514.86787	147.32295
147910	2016-08-05 04:29:00	2016-08-05 04:34:00	2016-08-05 04:36:00	B2.8	12572.0	POINT(34 11)	11	34	520.89215	98.125953
147920	2016-08-05 05:10:00	2016-08-05 05:14:00	2016-08-05 05:21:00	B3.8	12572.0	POINT(35 11)	11	35	534.2689	99.073937
147930	2016-08-05 08:16:00	2016-08-05 08:19:00	2016-08-05 08:22:00	B1.1	12572.0	POINT(36 14)	14	36	541.16019	149.10695
147940	2016-08-05 09:20:00	2016-08-05 09:29:00	2016-08-05 09:34:00	B3.8	12572.0	POINT(39 11)	11	39	586.09708	103.05897
147950	2016-08-05 10:08:00	2016-08-05 10:12:00	2016-08-05 10:14:00	C1.4	12572.0	POINT(40 11)	11	40	598.61206	104.12853
147960	2016-08-05 12:20:00	2016-08-05 12:23:00	2016-08-05 12:25:00	B1.7	12572.0	POINT(40 12)	12	40	596.49588	120.45648
147970	2016-08-05 18:06:00	2016-08-05 18:11:00	2016-08-05 18:15:00	B2.0	12572.0	POINT(43 17)	17	43	618.65648	204.94971
147980	2016-08-06 00:30:00	2016-08-06 00:43:00	2016-08-06 00:59:00	B3.0		POINT(-89 11)	11	-89	-928.09416	177.66158
147990	2016-08-06 01:49:00	2016-08-06 02:13:00	2016-08-06 03:17:00	B2.9	12572.0	POINT(48 14)	14	48	683.84662	162.17027
148000	2016-08-06 23:58:00	2016-08-07 00:28:00	2016-08-07 00:37:00	B8.8	12571.0	POINT(5 13)	13	5	80.667628	112.739
148010	2016-08-07 01:54:00	2016-08-07 01:58:00	2016-08-07 02:00:00	B5.5	12571.0	POINT(-45 11)	11	-45	-658.50155	108.7151
148020	2016-08-07 05:28:00	2016-08-07 05:35:00	2016-08-07 05:40:00	C1.3	12571.0	POINT(3 13)	13	3	48.442063	112.28098
148030	2016-08-07 10:18:00	2016-08-07 10:24:00	2016-08-07 10:29:00	C1.6		POINT(87 -17)	-17	87	903.16465	-280.01021
148040	2016-08-07 11:37:00	2016-08-07 11:42:00	2016-08-07 11:47:00	B4.7		POINT(87 -19)	-19	87	892.9684	-311.15906
148050	2016-08-07 12:44:00	2016-08-07 12:49:00	2016-08-07 12:54:00	B6.9		POINT(-89 2)	2	-89	-945.03573	31.018379
148060	2016-08-07 13:10:00	2016-08-07 13:13:00	2016-08-07 13:16:00	B5.5	12571.0	POINT(12 13)	13	12	192.43468	114.01208
148070	2016-08-07 13:28:00	2016-08-07 13:38:00	2016-08-07 13:49:00	C2.4		POINT(69 11)	11	69	868.11307	143.45185
148080	2016-08-07 14:37:00	2016-08-07 14:44:00	2016-08-07 14:48:00	M1.3		POINT(70 -12)	-12	70	870.46368	-230.18858
148090	2016-08-07 15:03:00	2016-08-07 15:09:00	2016-08-07 15:16:00	C8.5	12572.0	POINT(-82 9)	9	-82	-925.59816	133.0128
148100	2016-08-07 20:00:00	2016-08-07 20:11:00	2016-08-07 20:27:00	C1.0	12572.0	POINT(81 8)	8	81	925.69465	114.95373
148110	2016-08-07 21:43:00	2016-08-07 21:49:00	2016-08-07 21:56:00	C2.0		POINT(15 12)	12	15	240.48371	98.42447
148120	2016-08-07 22:26:00	2016-08-07 22:32:00	2016-08-07 22:40:00	C5.6	12571.0	POINT(18 13)	13	18	285.99668	116.35634
148130	2016-08-08 01:19:00	2016-08-08 01:23:00	2016-08-08 01:29:00	B7.8	12571.0	POINT(87 -15)	-15	87	912.35752	-248.56065
148140	2016-08-08 02:35:00	2016-08-08 03:01:00	2016-08-08 03:17:00	C3.3		POINT(76 11)	11	76	901.86285	155.01099
148150	2016-08-08 07:29:00	2016-08-08 07:29:00	2016-08-08 07:50:00	C1.6	12572.0	POINT(87 -20)	-20	87	887.57263	-326.64345
148160	2016-08-08 08:36:00	2016-08-08 08:44:00	2016-08-08 09:01:00	C2.8	12572.0	POINT(76 14)	14	76	891.4983	203.3507
148170	2016-08-08 09:05:00	2016-08-08 09:21:00	2016-08-08 09:27:00	C3.1	12574.0	POINT(73 6)	6	73	900.75303	68.225026
148180	2016-08-08 10:01:00	2016-08-08 10:47:00	2016-08-08 11:08:00	C5.6	12574.0	POINT(-72 8)	8	-72	-892.06439	99.248405
148190	2016-08-08 14:53:00	2016-08-08 15:13:00	2016-08-08 16:18:00	B9.8	12574.0	POINT(81 14)	14	81	907.17477	211.8373
148200	2016-08-08 20:13:00	2016-08-08 20:18:00	2016-08-08 20:46:00	C1.7	12571.0	POINT(30 14)	14	30	460.7065	140.51606
148210	2016-08-09 00:34:00	2016-08-09 00:42:00	2016-08-09 00:52:00	C8.9	12574.0	POINT(-67 -3)	-3	-67	-871.03105	-90.051
148220	2016-08-09 01:55:00	2016-08-09 01:58:00	2016-08-09 02:09:00	B7.5		POINT(88 12)	12	88	924.90694	191.95318
148230	2016-08-09 07:39:00	2016-08-09 07:42:00	2016-08-09 07:45:00	B3.5		POINT(-89 5)	5	-89	-942.30973	80.130851
148240	2016-08-09 08:47:00	2016-08-09 08:55:00	2016-08-09 09:00:00	C2.5	12574.0	POINT(-59 4)	4	-59	-810.78638	11.857859
148250	2016-08-09 14:39:00	2016-08-09 14:54:00	2016-08-09 15:01:00	B4.3	12574.0	POINT(-57 7)	7	-57	-789.4507	58.03664
148260	2016-08-09 16:27:00	2016-08-09 16:31:00	2016-08-09 16:35:00	B3.5	12571.0	POINT(-39 10)	10	-39	-588.39607	83.249768
148270	2016-08-09 22:27:00	2016-08-09 22:34:00	2016-08-09 22:37:00	B8.2		POINT(-54 2)	2	-54	-766.96048	-29.047527
148280	2016-08-09 22:32:00	2016-08-09 22:37:00	2016-08-09 22:43:00	B8.7	12574.0	POINT(-53 3)	3	-53	-756.59594	-14.042381
148290	2016-08-10 01:49:00	2016-08-10 02:12:00	2016-08-10 02:22:00	B5.7	12574.0	POINT(-52 3)	3	-52	-746.59653	-15.589776
148300	2016-08-10 09:38:00	2016-08-10 09:41:00	2016-08-10 09:43:00	B3.0	12574.0	POINT(-44 7)	7	-44	-654.49632	39.305094
148310	2016-08-10 11:21:00	2016-08-10 11:25:00	2016-08-10 11:27:00	B4.7	12574.0	POINT(-45 11)	11	-45	-658.86749	106.38985
148320	2016-08-10 14:31:00	2016-08-10 14:51:00	2016-08-10 15:18:00	B8.4		POINT(88 16)	16	88	909.20479	255.68297
148330	2016-08-10 22:11:00	2016-08-10 22:14:00	2016-08-10 22:16:00	B2.4		POINT(58 11)	11	58	789.62567	124.51617
148340	2016-08-11 08:34:00	2016-08-11 08:38:00	2016-08-11 08:42:00	B5.6	12574.0	POINT(-32 8)	8	-32	-498.5099	41.57323
148350	2016-08-11 13:24:00	2016-08-11 13:27:00	2016-08-11 13:29:00	B3.0	12574.0	POINT(-29 8)	8	-29	-456.14506	38.60548
148360	2016-08-11 16:32:00	2016-08-11 16:44:00	2016-08-11 17:03:00	C2.4	12574.0	POINT(-30 4)	4	-30	-473.89277	-26.800182
148370	2016-08-11 19:24:00	2016-08-11 19:29:00	2016-08-11 19:34:00	B4.0	12574.0	POINT(-31 8)	8	-31	-484.56919	40.260231
148380	2016-08-12 04:12:00	2016-08-12 04:21:00	2016-08-12 04:26:00	B4.5	12574.0	POINT(-21 10)	10	-21	-335.44489	64.947058
148390	2016-08-12 06:50:00	2016-08-12 06:58:00	2016-08-12 07:02:00	B7.0	12574.0	POINT(-25 7)	7	-25	-398.6544	18.097694
148400	2016-08-12 10:11:00	2016-08-12 10:16:00	2016-08-12 10:22:00	B4.5	12574.0	POINT(-22 12)	12	-22	-348.27505	98.446153
148410	2016-08-12 11:53:00	2016-08-12 12:22:00	2016-08-12 12:41:00	B4.8	12574.0	POINT(-28 3)	3	-28	-445.53037	-45.810117
148420	2016-08-12 16:23:00	2016-08-12 16:27:00	2016-08-12 16:38:00	B4.3	12574.0	POINT(-18 13)	13	-18	-286.22803	112.2065
148430	2016-08-13 06:09:00	2016-08-13 06:15:00	2016-08-13 06:27:00	B2.5	12574.0	POINT(-19 3)	3	-19	-309.09539	-53.191141
148440	2016-08-13 19:36:00	2016-08-13 19:41:00	2016-08-13 19:44:00	B2.9	12574.0	POINT(-1 8)	8	-1	-16.436522	23.369917
148450	2016-08-14 04:34:00	2016-08-14 04:46:00	2016-08-14 04:54:00	B2.5		POINT(-29 6)	6	-29	-458.32081	3.4954755
148460	2016-08-14 18:06:00	2016-08-14 18:11:00	2016-08-14 18:14:00	B2.7	12578.0	POINT(-80 6)	6	-80	-928.12921	79.469046
148470	2016-08-14 19:29:00	2016-08-14 19:36:00	2016-08-14 19:39:00	C1.1	12578.0	POINT(-80 8)	8	-80	-924.18339	112.15459
148480	2016-08-14 20:00:00	2016-08-14 20:03:00	2016-08-14 20:06:00	B1.9	12578.0	POINT(-75 7)	7	-75	-908.8964	86.585215
148490	2016-08-14 23:11:00	2016-08-14 23:17:00	2016-08-14 23:24:00	B3.7	12578.0	POINT(-76 6)	6	-76	-914.77197	72.011453
148500	2016-08-15 00:17:00	2016-08-15 00:23:00	2016-08-15 00:29:00	C1.1	12578.0	POINT(-74 7)	7	-74	-904.60689	84.722181
148510	2016-08-16 08:08:00	2016-08-16 08:18:00	2016-08-16 08:24:00	B8.1	12578.0	POINT(-58 11)	11	-58	-790.40334	122.17435
148520	2016-08-17 02:30:00	2016-08-17 02:34:00	2016-08-17 02:38:00	B2.2		POINT(-46 6)	6	-46	-679.84861	21.487693
148530	2016-08-17 09:56:00	2016-08-17 10:01:00	2016-08-17 10:06:00	B3.5	12576.0	POINT(30 -15)	-15	30	459.20649	-338.0412
148540	2016-08-18 14:11:00	2016-08-18 14:14:00	2016-08-18 14:17:00	B1.3		POINT(63 13)	13	63	824.37899	162.26483
148550	2016-08-20 05:51:00	2016-08-20 06:00:00	2016-08-20 06:07:00	B4.4	12578.0	POINT(-6 10)	10	-6	-98.018205	52.443775
148560	2016-08-22 09:35:00	2016-08-22 09:38:00	2016-08-22 09:46:00	B1.3	12580.0	POINT(-82 -19)	-19	-82	-888.22391	-321.69544
148570	2016-08-22 14:24:00	2016-08-22 14:36:00	2016-08-22 15:06:00	B1.9		POINT(-24 11)	11	-24	-380.21139	76.805405
148580	2016-08-22 15:36:00	2016-08-22 15:52:00	2016-08-22 16:21:00	B2.0		POINT(-23 11)	11	-23	-365.26506	75.992369
148590	2016-08-22 19:04:00	2016-08-22 19:23:00	2016-08-22 19:28:00	B2.2		POINT(-21 11)	11	-21	-335.04092	74.439828
148600	2016-08-22 21:48:00	2016-08-22 21:52:00	2016-08-22 21:57:00	B2.8	12579.0	POINT(-18 11)	11	-18	-288.93122	72.409237
148610	2016-08-23 02:19:00	2016-08-23 02:23:00	2016-08-23 02:26:00	B2.2	12579.0	POINT(-16 10)	10	-16	-258.57925	54.577319
148620	2016-08-23 03:35:00	2016-08-23 03:39:00	2016-08-23 03:42:00	B3.0	12579.0	POINT(-16 10)	10	-16	-258.58204	54.550175
148630	2016-08-23 04:14:00	2016-08-23 04:35:00	2016-08-23 04:52:00	B2.2	12580.0	POINT(-17 12)	12	-17	-272.41935	88.227998
148640	2016-08-23 06:00:00	2016-08-23 06:03:00	2016-08-23 06:05:00	B2.8	12579.0	POINT(-16 11)	11	-16	-257.75106	71.079223
148650	2016-08-23 08:47:00	2016-08-23 08:51:00	2016-08-23 08:57:00	B2.8	12580.0	POINT(-61 -17)	-17	-61	-794.81789	-329.39072
148660	2016-08-24 08:24:00	2016-08-24 08:56:00	2016-08-24 09:15:00	B2.6		POINT(-50 -17)	-17	-50	-696.77473	-347.47492
148670	2016-08-26 01:28:00	2016-08-26 01:37:00	2016-08-26 01:46:00	B5.8	12579.0	POINT(24 12)	12	24	379.13455	91.804884
148680	2016-08-26 06:50:00	2016-08-26 07:02:00	2016-08-26 07:27:00	B6.6	12579.0	POINT(27 11)	11	27	424.66637	77.75947
148690	2016-08-27 14:24:00	2016-08-27 14:29:00	2016-08-27 14:34:00	B2.5	12582.0	POINT(30 7)	7	30	472.98897	13.85877
148700	2016-08-28 19:58:00	2016-08-28 20:01:00	2016-08-28 20:05:00	B2.6	12582.0	POINT(49 13)	13	49	700.38719	136.9385
148710	2016-08-28 20:12:00	2016-08-28 20:17:00	2016-08-28 20:26:00	B3.0	12583.0	POINT(49 14)	14	49	697.45851	153.29059
148720	2016-08-28 21:25:00	2016-08-28 21:28:00	2016-08-28 21:30:00	C1.0	12583.0	POINT(50 14)	14	50	707.89947	154.79579
148730	2016-08-28 23:14:00	2016-08-28 23:17:00	2016-08-28 23:19:00	B3.6		POINT(51 13)	13	51	721.14431	139.97863
148740	2016-08-29 02:29:00	2016-08-29 02:36:00	2016-08-29 02:39:00	B5.0		POINT(53 13)	13	53	741.01707	143.10872
148750	2016-08-29 03:34:00	2016-08-29 03:46:00	2016-08-29 04:02:00	C2.2	12583.0	POINT(51 12)	12	51	723.97117	123.55935
148760	2016-08-29 04:20:00	2016-08-29 04:27:00	2016-08-29 04:36:00	C1.3	12583.0	POINT(54 13)	13	54	750.61545	144.70508
148770	2016-08-29 07:26:00	2016-08-29 07:31:00	2016-08-29 07:40:00	B5.2	12585.0	POINT(-12 -82)	-82	-12	-27.479818	-949.21511
148780	2016-08-29 10:35:00	2016-08-29 10:39:00	2016-08-29 10:44:00	B5.1	12585.0	POINT(54 14)	14	54	747.51927	160.97988
148790	2016-08-29 17:33:00	2016-08-29 17:36:00	2016-08-29 17:38:00	C1.1	12583.0	POINT(57 16)	16	57	767.60418	198.30341
148800	2016-08-29 23:05:00	2016-08-29 23:09:00	2016-08-29 23:17:00	B5.7	12585.0	POINT(-89 8)	8	-89	-940.53022	129.12622
148810	2016-08-29 23:48:00	2016-08-29 23:55:00	2016-08-30 00:00:00	B8.9	12585.0	POINT(-89 9)	9	-89	-938.096	145.40274
148820	2016-08-30 02:40:00	2016-08-30 02:45:00	2016-08-30 02:51:00	B5.6	12585.0	POINT(-89 8)	8	-89	-940.56226	129.12898
148830	2016-08-30 05:24:00	2016-08-30 05:41:00	2016-08-30 05:51:00	B7.6		POINT(-89 8)	8	-89	-940.58842	129.13126
148840	2016-08-30 09:58:00	2016-08-30 10:06:00	2016-08-30 10:15:00	C1.0	12585.0	POINT(-89 4)	4	-89	-947.52082	63.68535
148850	2016-08-30 18:15:00	2016-08-30 18:46:00	2016-08-30 19:45:00	C2.7		POINT(-89 9)	9	-89	-938.26437	145.4201
148860	2016-08-30 22:41:00	2016-08-30 22:45:00	2016-08-30 22:48:00	C1.5	12583.0	POINT(62 10)	10	62	827.87316	109.02501
148870	2016-08-31 08:12:00	2016-08-31 08:19:00	2016-08-31 08:26:00	C1.1	12585.0	POINT(85 12)	12	85	926.24262	185.94406
148880	2016-08-31 20:10:00	2016-08-31 20:19:00	2016-08-31 20:39:00	C2.2	12585.0	POINT(-74 12)	12	-74	-894.62157	164.14295
148890	2016-09-01 02:27:00	2016-09-01 02:31:00	2016-09-01 02:37:00	B5.8	12585.0	POINT(-71 8)	8	-71	-891.10785	92.968555
148900	2016-09-01 12:53:00	2016-09-01 12:58:00	2016-09-01 13:06:00	B6.1		POINT(-64 5)	5	-64	-852.65052	30.195325
148910	2016-09-02 04:38:00	2016-09-02 04:41:00	2016-09-02 04:43:00	B9.1	12585.0	POINT(-59 8)	8	-59	-808.74614	70.545906
148920	2016-09-02 06:16:00	2016-09-02 06:20:00	2016-09-02 06:22:00	B5.9	12585.0	POINT(-57 10)	10	-57	-787.05507	99.990693
148930	2016-09-02 13:36:00	2016-09-02 13:39:00	2016-09-02 13:42:00	B5.9	12585.0	POINT(-50 5)	5	-50	-727.57528	5.7435941
148940	2016-09-02 18:46:00	2016-09-02 18:49:00	2016-09-02 18:52:00	B8.9	12585.0	POINT(-47 5)	5	-47	-694.7876	1.0370817
148950	2016-09-03 00:42:00	2016-09-03 01:03:00	2016-09-03 01:13:00	B6.4	12585.0	POINT(-54 8)	8	-54	-763.72527	61.863967
148960	2016-09-03 05:25:00	2016-09-03 05:30:00	2016-09-03 05:33:00	B7.1	12585.0	POINT(-50 8)	8	-50	-723.37223	55.331521
148970	2016-09-04 18:04:00	2016-09-04 18:17:00	2016-09-04 18:31:00	B9.2	12585.0	POINT(-21 11)	11	-21	-336.02237	70.526242
148980	2016-09-05 08:34:00	2016-09-05 09:26:00	2016-09-05 09:30:00	B2.2		POINT(-19 9)	9	-19	-307.22004	35.795932
148990	2016-09-05 09:07:00	2016-09-05 09:12:00	2016-09-05 09:22:00	B6.4	12585.0	POINT(-19 9)	9	-19	-307.21928	35.796753
149000	2016-09-05 21:35:00	2016-09-05 21:46:00	2016-09-05 21:52:00	B3.0	12585.0	POINT(-5 7)	7	-5	-82.678423	-3.6224046
149010	2016-09-06 11:05:00	2016-09-06 11:54:00	2016-09-06 12:51:00	B3.5		POINT(0 10)	10	0	0.0	45.913712
149020	2016-09-07 02:28:00	2016-09-07 02:34:00	2016-09-07 02:38:00	B3.0	12585.0	POINT(-8 11)	11	-8	-130.60666	63.699259
149030	2016-09-07 04:11:00	2016-09-07 04:17:00	2016-09-07 04:22:00	B3.6	12585.0	POINT(9 6)	6	9	148.73622	-19.36054
149040	2016-09-07 09:29:00	2016-09-07 09:33:00	2016-09-07 09:36:00	B2.3	12586.0	POINT(77 9)	9	77	916.92457	121.14344
149050	2016-09-07 10:35:00	2016-09-07 10:40:00	2016-09-07 10:50:00	B6.6	12585.0	POINT(12 6)	6	12	197.68519	-18.224686
149060	2016-09-07 12:11:00	2016-09-07 12:14:00	2016-09-07 12:17:00	B2.9	12585.0	POINT(20 6)	6	20	325.14546	-13.610213
149070	2016-09-08 02:25:00	2016-09-08 02:28:00	2016-09-08 02:31:00	B2.2	12585.0	POINT(21 7)	7	21	340.05347	3.7815405
149080	2016-09-08 03:52:00	2016-09-08 03:56:00	2016-09-08 03:58:00	B2.6	12585.0	POINT(21 7)	7	21	340.0589	3.781419
149090	2016-09-08 04:14:00	2016-09-08 04:22:00	2016-09-08 04:25:00	B3.4	12585.0	POINT(22 6)	6	22	356.16614	-12.119281
149100	2016-09-08 04:43:00	2016-09-08 04:47:00	2016-09-08 04:51:00	B8.3	12585.0	POINT(22 6)	6	22	356.16776	-12.119355
149110	2016-09-08 06:04:00	2016-09-08 06:09:00	2016-09-08 06:13:00	B5.1	12585.0	POINT(23 7)	7	23	370.75542	5.3470186
149120	2016-09-08 06:37:00	2016-09-08 06:42:00	2016-09-08 06:46:00	B4.1	12585.0	POINT(-88 13)	13	-88	-927.2383	208.40268
149130	2016-09-08 07:32:00	2016-09-08 07:35:00	2016-09-08 07:39:00	B2.8	12585.0	POINT(24 8)	8	24	385.05083	22.841424
149140	2016-09-08 12:41:00	2016-09-08 12:46:00	2016-09-08 12:53:00	B3.7	12585.0	POINT(26 6)	6	26	416.77578	-8.7110625
149150	2016-09-08 16:19:00	2016-09-08 16:24:00	2016-09-08 16:27:00	B3.1	12585.0	POINT(32 8)	8	32	501.56414	30.663305
149160	2016-09-08 19:13:00	2016-09-08 19:17:00	2016-09-08 19:21:00	B8.2	12585.0	POINT(33 7)	7	33	516.67568	15.147964
149170	2016-09-09 03:02:00	2016-09-09 03:23:00	2016-09-09 03:34:00	B7.9	12588.0	POINT(24 10)	10	24	383.0097	56.162809
149180	2016-09-09 04:28:00	2016-09-09 04:31:00	2016-09-09 04:35:00	B2.8	12589.0	POINT(-11 16)	16	-11	-175.43045	147.64565
149190	2016-09-09 06:56:00	2016-09-09 07:01:00	2016-09-09 07:06:00	B3.8	12585.0	POINT(41 7)	7	41	622.2163	25.20362
149200	2016-09-09 18:37:00	2016-09-09 18:42:00	2016-09-09 18:49:00	B3.6	12585.0	POINT(44 8)	8	44	657.29245	46.050991
149210	2016-09-09 20:24:00	2016-09-09 20:27:00	2016-09-09 20:30:00	B3.7	12585.0	POINT(45 8)	8	45	669.04687	47.512415
149220	2016-09-09 22:17:00	2016-09-09 22:21:00	2016-09-09 22:27:00	B3.9	12585.0	POINT(47 8)	8	47	691.924	50.507875
149230	2016-09-10 06:59:00	2016-09-10 07:06:00	2016-09-10 07:13:00	B3.6	12589.0	POINT(3 15)	15	3	48.369748	129.26102
149240	2016-09-10 08:18:00	2016-09-10 08:23:00	2016-09-10 08:26:00	B5.3	12585.0	POINT(52 8)	8	52	745.38384	58.431232
149250	2016-09-10 13:36:00	2016-09-10 13:39:00	2016-09-10 13:50:00	B2.3	12585.0	POINT(6 14)	14	6	97.050237	113.20511
149260	2016-09-10 18:53:00	2016-09-10 19:22:00	2016-09-10 19:30:00	B9.2	12591.0	POINT(-19 4)	4	-19	-310.72823	-47.569485
149270	2016-09-10 18:54:00	2016-09-10 18:58:00	2016-09-10 19:07:00	B4.8	12591.0	POINT(-20 4)	4	-20	-326.4201	-46.868383
149280	2016-09-10 19:15:00	2016-09-10 19:20:00	2016-09-10 19:41:00	B9.6	12591.0	POINT(-20 4)	4	-20	-326.42144	-46.867282
149290	2016-09-10 20:49:00	2016-09-10 20:59:00	2016-09-10 21:05:00	B2.1	12589.0	POINT(10 14)	14	10	161.2311	114.37294
149300	2016-09-13 04:40:00	2016-09-13 04:44:00	2016-09-13 04:47:00	B2.7	12585.0	POINT(89 9)	9	89	941.46098	145.88605
149310	2016-09-14 15:40:00	2016-09-14 15:44:00	2016-09-14 15:50:00	B1.9	12589.0	POINT(66 14)	14	66	846.89237	182.0099
149320	2016-09-14 19:06:00	2016-09-14 19:11:00	2016-09-14 19:24:00	B2.4	12589.0	POINT(67 14)	14	67	853.31619	183.87861
149330	2016-09-15 03:15:00	2016-09-15 03:20:00	2016-09-15 03:26:00	B2.3	12591.0	POINT(-88 11)	11	-88	-935.83752	176.48927
149340	2016-09-15 04:27:00	2016-09-15 04:38:00	2016-09-15 04:43:00	B4.1		POINT(-81 12)	12	-81	-922.12609	178.58106
149350	2016-09-16 07:43:00	2016-09-16 07:47:00	2016-09-16 07:57:00	B2.4		POINT(88 12)	12	88	932.82789	192.77229
149360	2016-09-16 12:00:00	2016-09-16 12:21:00	2016-09-16 14:15:00	B3.0		POINT(-66 5)	5	-66	-869.89911	34.261701
149370	2016-09-16 12:03:00	2016-09-16 12:21:00	2016-09-16 13:58:00	B2.9		POINT(-66 5)	5	-66	-869.89911	34.261701
149380	2016-09-17 05:55:00	2016-09-17 06:05:00	2016-09-17 06:18:00	B4.0	12592.0	POINT(-54 13)	13	-54	-754.28096	145.21996
149390	2016-09-17 07:00:00	2016-09-17 07:03:00	2016-09-17 07:09:00	B2.1	12592.0	POINT(-52 13)	13	-52	-734.79601	142.00575
149400	2016-09-17 08:08:00	2016-09-17 08:11:00	2016-09-17 08:17:00	B1.9	12592.0	POINT(-51 17)	17	-51	-711.27268	205.8142
149410	2016-09-18 02:44:00	2016-09-18 02:51:00	2016-09-18 02:57:00	B4.1	12592.0	POINT(-43 12)	12	-43	-638.88535	112.32889
149420	2016-09-18 10:41:00	2016-09-18 11:00:00	2016-09-18 11:47:00	B6.8	12592.0	POINT(-36 16)	16	-36	-541.34944	169.42997
149430	2016-09-18 19:39:00	2016-09-18 19:48:00	2016-09-18 19:55:00	B2.0	12592.0	POINT(-32 14)	14	-32	-492.78409	132.14814
149440	2016-09-19 04:59:00	2016-09-19 05:02:00	2016-09-19 05:04:00	B1.8		POINT(47 11)	11	47	687.60927	101.82904
149450	2016-09-19 07:32:00	2016-09-19 07:42:00	2016-09-19 07:52:00	B5.3	12592.0	POINT(-24 14)	14	-24	-378.39596	124.81105
149460	2016-09-19 19:46:00	2016-09-19 19:53:00	2016-09-19 20:01:00	B4.5	12595.0	POINT(55 12)	12	55	767.17886	131.06202
149470	2016-09-19 21:06:00	2016-09-19 21:11:00	2016-09-19 21:14:00	B3.2	12595.0	POINT(57 12)	12	57	785.36798	134.41263
149480	2016-09-20 02:45:00	2016-09-20 02:48:00	2016-09-20 02:54:00	B3.5	12595.0	POINT(58 12)	12	58	794.14731	136.16997
149490	2016-09-21 01:43:00	2016-09-21 01:56:00	2016-09-21 02:07:00	B4.4	12595.0	POINT(19 6)	6	19	310.64738	-11.623835
149500	2016-09-21 10:23:00	2016-09-21 10:39:00	2016-09-21 11:19:00	C1.6	12593.0	POINT(24 6)	6	24	388.07731	-7.7129622
149510	2016-09-21 11:45:00	2016-09-21 11:51:00	2016-09-21 11:54:00	C1.7	12595.0	POINT(78 10)	10	78	921.20978	140.71801
149520	2016-09-21 13:34:00	2016-09-21 13:40:00	2016-09-21 13:46:00	B7.2	12593.0	POINT(83 11)	11	83	931.41458	166.96234
149530	2016-09-21 14:29:00	2016-09-21 14:38:00	2016-09-21 14:46:00	B7.2	12595.0	POINT(84 11)	11	84	933.20577	168.95433
149540	2016-09-21 19:45:00	2016-09-21 19:50:00	2016-09-21 19:58:00	B4.4	12595.0	POINT(88 10)	10	88	940.56395	160.65743
149550	2016-09-21 23:44:00	2016-09-21 23:50:00	2016-09-21 23:56:00	B3.4	12595.0	POINT(85 10)	10	85	937.82045	154.66822
149560	2016-09-22 00:24:00	2016-09-22 00:29:00	2016-09-22 00:33:00	B4.6	12595.0	POINT(86 10)	10	86	939.04246	156.66893
149570	2016-09-22 00:55:00	2016-09-22 00:59:00	2016-09-22 01:03:00	B6.5	12595.0	POINT(86 10)	10	86	939.04779	156.67071
149580	2016-09-22 01:17:00	2016-09-22 01:23:00	2016-09-22 01:27:00	B6.8	12595.0	POINT(89 9)	9	89	943.72213	146.34295
149590	2016-09-22 03:23:00	2016-09-22 03:27:00	2016-09-22 03:32:00	B4.7	12595.0	POINT(89 10)	10	89	941.00085	162.68153
149600	2016-09-22 03:42:00	2016-09-22 04:08:00	2016-09-22 04:17:00	B4.6	12595.0	POINT(88 10)	10	88	940.65249	160.68178
149610	2016-09-22 05:10:00	2016-09-22 05:15:00	2016-09-22 05:19:00	B6.7	12595.0	POINT(89 10)	10	89	941.02007	162.68626
149620	2016-09-22 05:40:00	2016-09-22 05:47:00	2016-09-22 05:52:00	C5.6	12595.0	POINT(89 10)	10	89	941.02576	162.68766
149630	2016-09-22 06:44:00	2016-09-22 06:50:00	2016-09-22 06:56:00	B9.7	12595.0	POINT(88 10)	10	88	940.68131	160.68976
149640	2016-09-22 08:24:00	2016-09-22 08:29:00	2016-09-22 08:32:00	C1.9	12595.0	POINT(88 10)	10	88	940.69892	160.69464
149650	2016-09-22 09:47:00	2016-09-22 10:26:00	2016-09-22 10:51:00	B4.7	12595.0	POINT(88 10)	10	88	940.71975	160.70043
149660	2016-09-22 11:46:00	2016-09-22 11:52:00	2016-09-22 12:07:00	C1.5	12595.0	POINT(88 10)	10	88	940.73506	160.70469
149670	2016-09-22 15:30:00	2016-09-22 15:36:00	2016-09-22 15:47:00	B4.2	12595.0	POINT(88 11)	11	88	937.74528	177.01068
149680	2016-09-22 17:35:00	2016-09-22 17:53:00	2016-09-22 18:09:00	C1.9	12595.0	POINT(88 11)	11	88	937.7696	177.01803
149690	2016-09-22 19:05:00	2016-09-22 19:16:00	2016-09-22 19:45:00	C2.6	12595.0	POINT(88 11)	11	88	937.78434	177.0225
149700	2016-09-23 00:33:00	2016-09-23 00:42:00	2016-09-23 00:58:00	B2.5	12595.0	POINT(88 11)	11	88	937.84225	177.04009
149710	2016-09-23 03:35:00	2016-09-23 05:25:00	2016-09-23 06:45:00	B6.3	12595.0	POINT(28 16)	16	28	433.08755	163.07968
149720	2016-09-23 04:38:00	2016-09-23 05:25:00	2016-09-23 05:57:00	B6.2	12592.0	POINT(28 15)	15	28	435.19304	146.5791
149730	2016-09-23 14:11:00	2016-09-23 14:24:00	2016-09-23 14:38:00	B3.3		POINT(88 12)	12	88	934.67213	193.33134
149740	2016-09-23 21:38:00	2016-09-23 22:01:00	2016-09-23 22:21:00	B4.2		POINT(88 12)	12	88	934.75326	193.35832
149750	2016-09-24 06:28:00	2016-09-24 06:32:00	2016-09-24 06:39:00	B1.9	12597.0	POINT(1 -15)	-15	1	16.186495	-359.36328
149760	2016-09-24 15:40:00	2016-09-24 15:43:00	2016-09-24 15:47:00	B3.9	12597.0	POINT(8 -14)	-14	8	129.67414	-342.51479
149770	2016-09-24 18:10:00	2016-09-24 18:16:00	2016-09-24 18:21:00	B6.9	12597.0	POINT(10 -14)	-14	10	161.79698	-341.84292
149780	2016-09-25 03:06:00	2016-09-25 03:31:00	2016-09-25 03:55:00	B2.8	12593.0	POINT(78 8)	8	78	927.23032	108.39873
149790	2016-09-25 04:12:00	2016-09-25 04:22:00	2016-09-25 04:29:00	B3.2	12597.0	POINT(78 8)	8	78	927.23936	108.40443
149800	2016-09-25 07:13:00	2016-09-25 07:17:00	2016-09-25 07:28:00	B2.0	12597.0	POINT(15 -14)	-14	15	241.17091	-339.4444
149810	2016-09-25 19:05:00	2016-09-25 19:14:00	2016-09-25 19:21:00	C1.3	12597.0	POINT(22 -14)	-14	22	349.05077	-334.80674
149820	2016-09-25 23:25:00	2016-09-25 23:34:00	2016-09-25 23:37:00	B5.1	12597.0	POINT(25 -13)	-13	25	395.43389	-316.61017
149830	2016-09-26 03:53:00	2016-09-26 03:59:00	2016-09-26 04:08:00	B4.2	12597.0	POINT(89 6)	6	89	951.29494	97.2755
149840	2016-09-26 06:43:00	2016-09-26 06:44:00	2016-09-26 06:48:00	B5.0	12597.0	POINT(28 -14)	-14	28	437.41546	-329.56917
149850	2016-09-26 07:52:00	2016-09-26 07:55:00	2016-09-26 07:57:00	B3.1	12597.0	POINT(29 -14)	-14	29	451.69552	-328.60273
149860	2016-09-26 23:46:00	2016-09-26 23:54:00	2016-09-27 00:07:00	B3.4	12597.0	POINT(39 -15)	-15	39	583.53344	-332.99827
149870	2016-09-27 01:15:00	2016-09-27 01:21:00	2016-09-27 01:27:00	B4.1		POINT(40 -14)	-14	40	598.71256	-316.01574
149880	2016-09-27 05:36:00	2016-09-27 05:44:00	2016-09-27 05:58:00	B3.6		POINT(43 -15)	-15	43	632.29235	-327.7589
149890	2016-09-27 07:33:00	2016-09-27 07:48:00	2016-09-27 08:05:00	C1.0	12597.0	POINT(30 -14)	-14	30	465.96021	-327.19669
149900	2016-09-27 09:51:00	2016-09-27 09:58:00	2016-09-27 10:09:00	B4.3	12597.0	POINT(45 -14)	-14	45	658.5134	-309.23479
149910	2016-09-27 12:49:00	2016-09-27 12:54:00	2016-09-27 12:58:00	B2.5		POINT(46 -14)	-14	46	669.8913	-307.78994
149920	2016-09-27 17:57:00	2016-09-27 18:03:00	2016-09-27 18:06:00	B6.7	12597.0	POINT(49 -14)	-14	49	702.75027	-303.37475
149930	2016-09-28 15:55:00	2016-09-28 16:01:00	2016-09-28 16:09:00	B3.9	12597.0	POINT(62 -15)	-15	62	817.96738	-298.06937
149940	2016-09-28 17:02:00	2016-09-28 17:07:00	2016-09-28 17:12:00	B7.5	12597.0	POINT(62 -15)	-15	62	817.97798	-298.0595
149950	2016-09-28 17:43:00	2016-09-28 17:46:00	2016-09-28 17:49:00	B5.3	12597.0	POINT(62 -13)	-13	62	825.16561	-266.26038
149960	2016-09-28 21:10:00	2016-09-28 21:48:00	2016-09-28 22:23:00	B4.2		POINT(68 -15)	-15	68	858.64292	-287.48564
149970	2016-09-29 14:31:00	2016-09-29 14:35:00	2016-09-29 14:39:00	B2.8	12597.0	POINT(73 -15)	-15	73	885.46183	-278.29064
149980	2016-10-01 02:15:00	2016-10-01 02:19:00	2016-10-01 02:24:00	B3.4	12598.0	POINT(-88 13)	13	-88	-933.01709	210.26019
149990	2016-10-02 04:49:00	2016-10-02 04:59:00	2016-10-02 05:08:00	B4.8	12598.0	POINT(-69 12)	12	-69	-876.50778	159.2632
150000	2016-10-02 16:27:00	2016-10-02 16:32:00	2016-10-02 16:41:00	B3.7		POINT(-87 -17)	-17	-87	-915.25253	-283.86937
150010	2016-10-02 17:41:00	2016-10-02 17:44:00	2016-10-02 17:49:00	B2.8	12598.0	POINT(-65 13)	13	-65	-847.99424	168.97107
150020	2016-10-02 18:53:00	2016-10-02 18:57:00	2016-10-02 18:59:00	B3.4	12598.0	POINT(-63 10)	10	-63	-842.73483	116.16246
150030	2016-10-04 03:53:00	2016-10-04 04:09:00	2016-10-04 04:24:00	B6.1	12598.0	POINT(-44 13)	13	-44	-651.1054	138.10178
150040	2016-10-05 01:10:00	2016-10-05 01:14:00	2016-10-05 01:16:00	B5.6	12598.0	POINT(-32 13)	13	-32	-497.11197	125.13106
150050	2016-10-06 11:34:00	2016-10-06 11:37:00	2016-10-06 11:41:00	B2.8		POINT(-9 14)	14	-9	-146.2886	128.44749
150060	2016-10-07 00:36:00	2016-10-07 00:40:00	2016-10-07 00:44:00	B3.5	12598.0	POINT(-3 13)	13	-3	-49.157905	111.16865
150070	2016-10-08 02:15:00	2016-10-08 02:19:00	2016-10-08 02:25:00	B5.3	12598.0	POINT(11 15)	15	11	177.70761	147.36276
150080	2016-10-08 02:15:00	2016-10-08 02:19:00	2016-10-08 02:25:00	B5.3	12598.0	POINT(11 15)	15	11	177.70761	147.36276
150090	2016-10-09 18:58:00	2016-10-09 19:03:00	2016-10-09 19:10:00	B5.1	12598.0	POINT(32 10)	10	32	503.14606	79.259114
150100	2016-10-10 00:54:00	2016-10-10 01:04:00	2016-10-10 01:10:00	B4.1	12598.0	POINT(37 14)	14	37	562.89225	151.1772
150110	2016-10-10 01:17:00	2016-10-10 01:25:00	2016-10-10 01:31:00	B4.6	12598.0	POINT(37 14)	14	37	562.89466	151.19054
150120	2016-10-10 17:36:00	2016-10-10 17:40:00	2016-10-10 17:43:00	B3.8	12599.0	POINT(-89 7)	7	-89	-953.40276	114.62313
150130	2016-10-10 19:53:00	2016-10-10 19:57:00	2016-10-10 20:00:00	B4.0		POINT(48 14)	14	48	694.83531	164.78272
150140	2016-10-11 09:45:00	2016-10-11 09:48:00	2016-10-11 09:51:00	B3.7	12598.0	POINT(-89 6)	6	-89	-955.48011	98.095771
150150	2016-10-12 05:34:00	2016-10-12 05:37:00	2016-10-12 05:39:00	B5.3	12601.0	POINT(71 4)	4	71	907.8221	33.805795
150160	2016-10-12 11:51:00	2016-10-12 11:55:00	2016-10-12 11:59:00	C1.1	12599.0	POINT(38 -18)	-18	38	564.61059	-372.2964
150170	2016-10-12 14:03:00	2016-10-12 14:18:00	2016-10-12 14:35:00	B4.8		POINT(89 5)	5	89	957.41011	81.55789
150180	2016-10-12 17:24:00	2016-10-12 17:29:00	2016-10-12 17:38:00	B4.4		POINT(74 14)	14	74	897.67535	204.56612
150190	2016-10-12 21:00:00	2016-10-12 21:04:00	2016-10-12 21:07:00	B5.3		POINT(78 14)	14	78	913.20508	211.18146
150200	2016-10-13 02:36:00	2016-10-13 02:40:00	2016-10-13 02:52:00	B5.6		POINT(48 -13)	-13	48	698.06673	-281.28557
150210	2016-10-13 03:30:00	2016-10-13 03:34:00	2016-10-13 03:37:00	B5.5		POINT(47 -15)	-15	47	681.05494	-314.42003
150220	2016-10-13 04:29:00	2016-10-13 04:38:00	2016-10-13 04:41:00	B8.8		POINT(47 -14)	-14	47	684.16006	-298.49555
150230	2016-10-13 04:30:00	2016-10-13 04:38:00	2016-10-13 04:45:00	B8.9		POINT(47 -14)	-14	47	684.16006	-298.49555
150240	2016-10-13 05:38:00	2016-10-13 05:41:00	2016-10-13 05:45:00	B3.7		POINT(-54 6)	6	-54	-775.56953	41.482641
150250	2016-10-13 08:25:00	2016-10-13 08:33:00	2016-10-13 09:00:00	B8.7		POINT(49 -14)	-14	49	705.95972	-295.82639
150260	2016-10-13 08:28:00	2016-10-13 08:33:00	2016-10-13 08:40:00	B8.6		POINT(49 -14)	-14	49	705.95972	-295.82639
150270	2016-10-13 17:14:00	2016-10-13 17:20:00	2016-10-13 17:29:00	B7.4		POINT(89 8)	8	89	952.0481	131.38048
150280	2016-10-13 20:40:00	2016-10-13 21:05:00	2016-10-13 21:21:00	C1.3		POINT(-88 -14)	-14	-88	-932.36291	-234.72747
150290	2016-10-14 03:57:00	2016-10-14 04:06:00	2016-10-14 04:19:00	B5.6		POINT(-87 -19)	-19	-87	-907.96883	-316.30671
150300	2016-10-14 08:53:00	2016-10-14 09:00:00	2016-10-14 09:06:00	B8.6	12602.0	POINT(-39 4)	4	-39	-605.87517	-9.9512337
150310	2016-10-14 11:19:00	2016-10-14 11:26:00	2016-10-14 11:33:00	B9.4	12599.0	POINT(67 -12)	-12	67	867.28295	-237.0083
150320	2016-10-14 11:48:00	2016-10-14 12:01:00	2016-10-14 12:28:00	B8.4		POINT(70 -16)	-16	70	869.83917	-296.52582
150330	2016-10-14 13:28:00	2016-10-14 13:31:00	2016-10-14 13:34:00	B4.9	12602.0	POINT(-36 5)	5	-36	-565.22698	3.8958891
150340	2016-10-14 14:43:00	2016-10-14 14:49:00	2016-10-14 14:54:00	C1.0		POINT(-87 -17)	-17	-87	-918.46227	-284.64193
150350	2016-10-15 03:08:00	2016-10-15 03:24:00	2016-10-15 03:40:00	B3.3		POINT(88 -16)	-16	88	924.00316	-267.02446
150360	2016-10-15 04:45:00	2016-10-15 04:55:00	2016-10-15 05:05:00	B3.0	12602.0	POINT(-30 5)	5	-30	-481.02711	-1.035385
150370	2016-10-15 08:33:00	2016-10-15 14:10:00	2016-10-15 15:29:00	B2.6		POINT(87 -17)	-17	87	918.71969	-284.69746
150380	2016-10-15 23:23:00	2016-10-15 23:45:00	2016-10-16 00:04:00	B4.2	12599.0	POINT(88 -15)	-15	88	928.72043	-251.00352
150390	2016-10-16 08:38:00	2016-10-16 10:57:00	2016-10-16 10:57:00	B5.5		POINT(88 -15)	-15	88	928.84415	-251.03245
150400	2016-10-16 10:36:00	2016-10-16 10:57:00	2016-10-16 11:10:00	B5.5		POINT(88 -15)	-15	88	928.84415	-251.03245
150410	2016-10-16 11:27:00	2016-10-16 11:35:00	2016-10-16 11:42:00	B7.5	12599.0	POINT(88 -14)	-14	88	933.06127	-234.8738
150420	2016-10-16 13:29:00	2016-10-16 13:56:00	2016-10-16 14:04:00	B3.5	12602.0	POINT(-9 5)	5	-9	-150.64293	-11.223333
150430	2016-10-16 17:02:00	2016-10-16 17:25:00	2016-10-16 17:58:00	B7.5		POINT(88 -16)	-16	88	924.42209	-267.13426
150440	2016-10-16 17:03:00	2016-10-16 17:25:00	2016-10-16 17:38:00	B7.4		POINT(88 -16)	-16	88	924.42209	-267.13426
150450	2016-10-16 22:42:00	2016-10-16 23:02:00	2016-10-16 23:15:00	B8.4		POINT(88 -15)	-15	88	928.97714	-251.06337
150460	2016-10-17 00:08:00	2016-10-17 00:37:00	2016-10-17 00:52:00	C4.2		POINT(88 -15)	-15	88	928.99453	-251.06739
150470	2016-10-17 06:01:00	2016-10-17 06:21:00	2016-10-17 06:43:00	B2.0		POINT(88 -16)	-16	88	924.5635	-267.17092
150480	2016-10-21 09:46:00	2016-10-21 09:49:00	2016-10-21 09:51:00	B1.2	12603.0	POINT(-12 13)	13	-12	-196.07556	130.85701
150490	2016-10-21 16:39:00	2016-10-21 16:42:00	2016-10-21 16:46:00	B1.6	12603.0	POINT(-8 13)	13	-8	-131.26769	130.21536
150500	2016-10-23 06:41:00	2016-10-23 06:45:00	2016-10-23 06:47:00	B1.3	12602.0	POINT(84 5)	5	84	955.54456	74.645058
150510	2016-10-24 12:30:00	2016-10-24 12:41:00	2016-10-24 14:25:00	B1.4		POINT(89 10)	10	89	949.64774	165.35431
150520	2016-10-25 00:54:00	2016-10-25 01:05:00	2016-10-25 01:13:00	B2.0	12603.0	POINT(38 13)	13	38	580.67782	151.82037
150530	2016-10-25 08:56:00	2016-10-25 09:00:00	2016-10-25 09:05:00	B1.3	12603.0	POINT(42 11)	11	42	635.742	122.51201
150540	2016-10-25 14:25:00	2016-10-25 14:29:00	2016-10-25 14:36:00	B1.3		POINT(-34 -24)	-24	-34	-494.4168	-455.71883
150550	2016-10-25 20:37:00	2016-10-25 20:42:00	2016-10-25 20:47:00	B1.9		POINT(49 14)	14	49	708.57173	180.06959
150560	2016-10-26 03:54:00	2016-10-26 03:57:00	2016-10-26 03:59:00	B1.5		POINT(57 14)	14	57	787.06459	189.2728
150570	2016-10-26 05:24:00	2016-10-26 05:30:00	2016-10-26 05:32:00	B1.2	12603.0	POINT(58 14)	14	58	795.82552	190.50239
150580	2016-10-26 05:34:00	2016-10-26 05:40:00	2016-10-26 05:46:00	B1.7	12603.0	POINT(56 12)	12	56	784.39232	155.04048
150590	2016-10-28 01:27:00	2016-10-28 01:31:00	2016-10-28 01:35:00	B1.6		POINT(80 12)	12	80	930.58164	186.5983
150600	2016-10-28 04:24:00	2016-10-28 04:27:00	2016-10-28 04:30:00	B1.6		POINT(80 13)	13	80	927.02091	203.09941
150610	2016-10-28 07:13:00	2016-10-28 07:17:00	2016-10-28 07:21:00	B3.1	12603.0	POINT(84 13)	13	84	935.89974	208.42993
150620	2016-10-28 08:58:00	2016-10-28 09:05:00	2016-10-28 09:10:00	B2.0	12603.0	POINT(89 13)	13	89	940.55767	215.09613
150630	2016-10-28 21:16:00	2016-10-28 21:21:00	2016-10-28 21:24:00	B2.1		POINT(63 7)	7	63	855.61901	82.072806
150640	2016-10-28 23:38:00	2016-10-28 23:51:00	2016-10-29 00:12:00	B2.6		POINT(66 8)	8	66	875.08319	102.57188
150650	2016-10-29 23:00:00	2016-10-29 23:05:00	2016-10-29 23:11:00	B2.0		POINT(88 17)	17	88	923.17417	278.96039
150660	2016-11-01 03:30:00	2016-11-01 03:41:00	2016-11-01 03:47:00	B1.8		POINT(-16 7)	7	-16	-265.54434	47.868247
150670	2016-11-01 20:16:00	2016-11-01 20:23:00	2016-11-01 20:30:00	B2.5	12604.0	POINT(64 5)	5	64	867.10355	52.686949
150680	2016-11-04 12:26:00	2016-11-04 12:47:00	2016-11-04 13:21:00	B2.2	12605.0	POINT(17 12)	12	17	277.80799	138.25285
150690	2016-11-05 03:20:00	2016-11-05 04:52:00	2016-11-05 06:50:00	B1.1		POINT(27 17)	17	27	421.66187	226.73912
150700	2016-11-07 04:48:00	2016-11-07 05:02:00	2016-11-07 05:05:00	B1.5	12605.0	POINT(68 6)	6	68	893.95891	77.804477
150710	2016-11-10 22:44:00	2016-11-10 22:47:00	2016-11-10 22:50:00	B1.7	12607.0	POINT(72 -17)	-17	72	882.13725	-299.54317
150720	2016-11-12 16:06:00	2016-11-12 16:10:00	2016-11-12 16:14:00	B2.9	12610.0	POINT(-34 14)	14	-34	-527.81146	192.81459
150730	2016-11-13 01:30:00	2016-11-13 01:41:00	2016-11-13 01:55:00	B1.8	12610.0	POINT(-29 15)	15	-29	-455.67221	207.83329
150740	2016-11-13 17:29:00	2016-11-13 17:32:00	2016-11-13 17:36:00	B1.5	12610.0	POINT(-18 13)	13	-18	-293.13908	172.00057
150750	2016-11-14 23:37:00	2016-11-14 23:41:00	2016-11-14 23:44:00	B1.2	12610.0	POINT(-3 14)	14	-3	-49.463261	188.89925
150760	2016-11-15 00:28:00	2016-11-15 00:35:00	2016-11-15 00:42:00	B6.1	12610.0	POINT(0 13)	13	0	-0.0	172.20852
150770	2016-11-15 16:53:00	2016-11-15 16:58:00	2016-11-15 17:01:00	B4.2	12610.0	POINT(8 14)	14	8	131.54972	190.70824
150780	2016-11-15 20:41:00	2016-11-15 20:50:00	2016-11-15 21:13:00	B1.8		POINT(-89 2)	2	-89	-969.08769	33.006451
150790	2016-11-17 19:53:00	2016-11-17 19:57:00	2016-11-17 19:57:00	B1.5		POINT(-72 -16)	-16	-72	-888.1118	-280.02704
150800	2016-11-19 07:10:00	2016-11-19 07:15:00	2016-11-19 07:20:00	B1.9	12611.0	POINT(-40 5)	5	-40	-623.6631	54.887203
150810	2016-11-19 22:46:00	2016-11-19 22:50:00	2016-11-19 22:54:00	B1.1	12611.0	POINT(-32 3)	3	-32	-515.67789	18.859695
150820	2016-11-21 00:24:00	2016-11-21 00:27:00	2016-11-21 00:30:00	B1.2	12610.0	POINT(78 15)	15	78	918.11051	244.18645
150830	2016-11-22 00:05:00	2016-11-22 00:10:00	2016-11-22 00:16:00	B1.6		POINT(-89 10)	10	-89	-956.16405	167.94756
150840	2016-11-22 07:27:00	2016-11-22 07:32:00	2016-11-22 07:41:00	B2.3		POINT(89 15)	15	89	937.89732	250.65002
150850	2016-11-22 08:22:00	2016-11-22 09:23:00	2016-11-22 14:00:00	B1.7		POINT(-89 10)	10	-89	-956.23347	167.97822
150860	2016-11-22 23:45:00	2016-11-23 00:10:00	2016-11-23 00:23:00	B6.0	12612.0	POINT(-89 11)	11	-89	-953.2574	184.68797
150870	2016-11-23 06:18:00	2016-11-23 06:22:00	2016-11-23 06:31:00	B1.4	12612.0	POINT(-89 7)	7	-89	-963.89774	117.77521
150880	2016-11-23 14:54:00	2016-11-23 15:01:00	2016-11-23 15:09:00	B2.2	12612.0	POINT(-79 10)	10	-79	-939.77899	163.05844
150890	2016-11-23 22:28:00	2016-11-23 22:34:00	2016-11-23 22:40:00	B2.7	12612.0	POINT(-75 11)	11	-75	-922.10356	177.97455
150900	2016-11-25 12:17:00	2016-11-25 12:38:00	2016-11-25 12:51:00	B2.5	12612.0	POINT(-54 9)	9	-54	-778.50099	137.12698
150910	2016-11-26 04:05:00	2016-11-26 04:09:00	2016-11-26 04:14:00	B1.8	12612.0	POINT(-43 6)	6	-43	-661.34524	83.793564
150920	2016-11-27 06:18:00	2016-11-27 06:24:00	2016-11-27 06:27:00	B1.4	12611.0	POINT(74 9)	9	74	923.93936	146.06955
150930	2016-11-27 08:33:00	2016-11-27 08:37:00	2016-11-27 08:42:00	B2.4	12611.0	POINT(76 9)	9	76	932.49096	146.84592
150940	2016-11-27 13:55:00	2016-11-27 14:02:00	2016-11-27 14:05:00	B3.1	12613.0	POINT(-25 7)	7	-25	-409.44213	99.237865
150950	2016-11-27 19:13:00	2016-11-27 19:18:00	2016-11-27 19:24:00	B2.0	12613.0	POINT(48 13)	13	48	705.99652	205.32772
150960	2016-11-27 22:00:00	2016-11-27 22:06:00	2016-11-27 22:13:00	B3.2	12611.0	POINT(85 8)	8	85	959.28164	133.48233
150970	2016-11-27 22:46:00	2016-11-27 22:49:00	2016-11-27 22:52:00	B1.9	12611.0	POINT(85 8)	8	85	959.28655	133.48872
150980	2016-11-27 23:00:00	2016-11-27 23:04:00	2016-11-27 23:07:00	B1.9	12611.0	POINT(86 8)	8	86	960.52886	133.84192
150990	2016-11-28 02:05:00	2016-11-28 02:12:00	2016-11-28 02:26:00	B3.6	12611.0	POINT(89 8)	8	89	962.51425	134.90531
151000	2016-11-28 03:35:00	2016-11-28 03:39:00	2016-11-28 03:44:00	B4.7	12611.0	POINT(89 8)	8	89	962.52419	134.90932
151010	2016-11-28 05:31:00	2016-11-28 05:34:00	2016-11-28 05:38:00	B2.2	12611.0	POINT(89 8)	8	89	962.53731	134.91461
151020	2016-11-28 07:55:00	2016-11-28 08:01:00	2016-11-28 08:03:00	C1.4	12611.0	POINT(89 8)	8	89	962.55406	134.92137
151030	2016-11-28 08:40:00	2016-11-28 08:46:00	2016-11-28 08:50:00	B3.8	12611.0	POINT(89 7)	7	89	964.77204	118.10381
151040	2016-11-28 11:45:00	2016-11-28 11:49:00	2016-11-28 11:53:00	B3.5		POINT(89 7)	7	89	964.79292	118.11176
151050	2016-11-28 17:31:00	2016-11-28 17:34:00	2016-11-28 17:36:00	B3.1		POINT(-72 -7)	-7	-72	-918.98259	-124.56313
151060	2016-11-29 01:50:00	2016-11-29 01:55:00	2016-11-29 01:58:00	B9.3		POINT(89 9)	9	89	960.16911	151.7515
151070	2016-11-29 03:33:00	2016-11-29 03:40:00	2016-11-29 03:44:00	B5.9	12615.0	POINT(-64 -8)	-8	-64	-867.0725	-143.58038
151080	2016-11-29 05:40:00	2016-11-29 05:45:00	2016-11-29 05:48:00	B5.5	12615.0	POINT(-63 -8)	-8	-63	-859.63548	-143.79548
151090	2016-11-29 07:03:00	2016-11-29 07:10:00	2016-11-29 07:12:00	C7.5	12615.0	POINT(-62 -8)	-8	-62	-851.93067	-144.02919
151100	2016-11-29 09:53:00	2016-11-29 09:57:00	2016-11-29 10:02:00	B3.8	12615.0	POINT(-60 -5)	-5	-60	-840.75632	-93.850772
151110	2016-11-29 10:08:00	2016-11-29 10:14:00	2016-11-29 10:24:00	B5.4	12615.0	POINT(-60 -7)	-7	-60	-837.66904	-127.6282
151120	2016-11-29 12:05:00	2016-11-29 12:13:00	2016-11-29 12:34:00	C2.6	12615.0	POINT(-63 -7)	-7	-63	-861.65818	-126.70546
151130	2016-11-29 15:47:00	2016-11-29 15:56:00	2016-11-29 16:06:00	B7.8	12615.0	POINT(-57 -7)	-7	-57	-811.41279	-128.17802
151140	2016-11-29 16:17:00	2016-11-29 16:21:00	2016-11-29 16:30:00	B7.5	12615.0	POINT(-55 -7)	-7	-55	-792.63874	-128.67421
151150	2016-11-29 16:36:00	2016-11-29 16:41:00	2016-11-29 16:48:00	C1.1	12615.0	POINT(-57 -7)	-7	-57	-811.4171	-128.14245
151160	2016-11-29 17:19:00	2016-11-29 17:23:00	2016-11-29 17:26:00	M1.0	12615.0	POINT(-57 -7)	-7	-57	-811.42112	-128.10926
151170	2016-11-29 18:58:00	2016-11-29 19:01:00	2016-11-29 19:03:00	B5.9	12615.0	POINT(-54 -7)	-7	-54	-782.89877	-128.79085
151180	2016-11-29 20:49:00	2016-11-29 20:54:00	2016-11-29 21:04:00	B3.5	12615.0	POINT(-54 -7)	-7	-54	-782.90918	-128.69424
151190	2016-11-29 22:34:00	2016-11-29 22:44:00	2016-11-29 22:51:00	B4.4	12615.0	POINT(-53 -7)	-7	-53	-772.92368	-128.8424
151200	2016-11-29 22:57:00	2016-11-29 23:17:00	2016-11-29 23:26:00	C1.9	12615.0	POINT(-50 -7)	-7	-50	-741.52756	-129.51908
151210	2016-11-29 23:29:00	2016-11-29 23:38:00	2016-11-29 23:40:00	M1.2	12615.0	POINT(-52 -8)	-8	-52	-760.93883	-145.87969
151220	2016-11-30 01:00:00	2016-11-30 01:04:00	2016-11-30 01:08:00	B3.4	12615.0	POINT(-51 -7)	-7	-51	-752.2356	-129.18896
151230	2016-11-30 01:14:00	2016-11-30 01:19:00	2016-11-30 01:23:00	C6.0	12615.0	POINT(-51 -7)	-7	-51	-752.23692	-129.1752
151240	2016-11-30 02:09:00	2016-11-30 02:22:00	2016-11-30 02:24:00	C3.1	12615.0	POINT(-51 -7)	-7	-51	-752.24248	-129.11739
151250	2016-11-30 02:48:00	2016-11-30 02:53:00	2016-11-30 02:57:00	B4.7	12615.0	POINT(-51 -7)	-7	-51	-752.24521	-129.08893
151260	2016-11-30 04:38:00	2016-11-30 04:45:00	2016-11-30 04:47:00	B3.7	12615.0	POINT(-50 -7)	-7	-50	-741.55608	-129.2115
151270	2016-11-30 05:06:00	2016-11-30 05:11:00	2016-11-30 05:18:00	B3.8	12615.0	POINT(-50 -8)	-8	-50	-739.8502	-146.03634
151280	2016-11-30 05:22:00	2016-11-30 05:26:00	2016-11-30 05:28:00	B3.9	12614.0	POINT(-18 5)	5	-18	-300.68553	69.756937
151290	2016-11-30 07:09:00	2016-11-30 07:12:00	2016-11-30 07:14:00	B2.4		POINT(-47 -7)	-7	-47	-708.11704	-129.72132
151300	2016-11-30 11:05:00	2016-11-30 11:11:00	2016-11-30 11:19:00	B1.7	12615.0	POINT(-46 -6)	-6	-46	-697.93773	-112.79468
151310	2016-11-30 11:45:00	2016-11-30 11:50:00	2016-11-30 11:53:00	B4.3	12615.0	POINT(-44 -7)	-7	-44	-672.72758	-130.04567
151320	2016-11-30 13:12:00	2016-11-30 13:18:00	2016-11-30 13:21:00	B4.0	12615.0	POINT(-45 -6)	-6	-45	-686.11906	-112.86333
151330	2016-11-30 15:00:00	2016-11-30 15:07:00	2016-11-30 15:11:00	C1.0	12615.0	POINT(-43 -7)	-7	-43	-660.51974	-130.02817
151340	2016-11-30 15:22:00	2016-11-30 15:25:00	2016-11-30 15:27:00	C2.3	12615.0	POINT(-42 -7)	-7	-42	-648.09455	-130.19512
151350	2016-11-30 20:13:00	2016-11-30 20:17:00	2016-11-30 20:22:00	B2.0	12615.0	POINT(-39 -7)	-7	-39	-609.6541	-130.39922
151360	2016-12-01 11:40:00	2016-12-01 11:47:00	2016-12-01 11:59:00	B3.7	12615.0	POINT(-31 -5)	-5	-31	-501.02818	-96.604659
151370	2016-12-01 16:12:00	2016-12-01 17:11:00	2016-12-01 17:18:00	B2.9	12612.0	POINT(29 11)	11	29	464.76105	175.17752
151380	2016-12-01 19:28:00	2016-12-01 19:31:00	2016-12-01 19:33:00	B2.7	12616.0	POINT(1 17)	17	1	16.307018	273.42124
151390	2016-12-02 18:17:00	2016-12-02 18:22:00	2016-12-02 18:38:00	B2.4	12612.0	POINT(43 11)	11	43	653.46846	178.55578
151400	2016-12-03 17:03:00	2016-12-03 17:16:00	2016-12-03 17:24:00	B2.1	12612.0	POINT(1 -5)	-5	1	16.995242	-93.798135
151410	2016-12-03 17:33:00	2016-12-03 18:01:00	2016-12-03 18:13:00	B2.8	12615.0	POINT(1 -4)	-4	1	17.018809	-76.735457
151420	2016-12-03 23:47:00	2016-12-03 23:50:00	2016-12-03 23:52:00	B1.7	12615.0	POINT(1 -6)	-6	1	16.967286	-110.17657
151430	2016-12-04 01:22:00	2016-12-04 01:26:00	2016-12-04 01:29:00	B4.0	12615.0	POINT(2 -6)	-6	2	33.929685	-110.02948
151440	2016-12-04 01:53:00	2016-12-04 01:57:00	2016-12-04 02:02:00	B5.3	12615.0	POINT(2 -5)	-5	2	33.987161	-93.014662
151450	2016-12-04 02:47:00	2016-12-04 02:51:00	2016-12-04 02:54:00	C1.1	12615.0	POINT(3 -6)	-6	3	50.881894	-109.8964
151460	2016-12-04 04:24:00	2016-12-04 04:27:00	2016-12-04 04:30:00	B4.2	12615.0	POINT(4 -6)	-6	4	67.818777	-109.74464
151470	2016-12-04 07:15:00	2016-12-04 07:23:00	2016-12-04 07:25:00	C1.2	12615.0	POINT(5 -7)	-7	5	84.566614	-126.4078
151480	2016-12-04 08:21:00	2016-12-04 08:25:00	2016-12-04 08:30:00	B2.8	12615.0	POINT(6 -5)	-5	6	101.79782	-92.396543
151490	2016-12-04 10:22:00	2016-12-04 10:25:00	2016-12-04 10:27:00	B2.8	12615.0	POINT(6 -5)	-5	6	101.79914	-92.217748
151500	2016-12-04 10:47:00	2016-12-04 10:50:00	2016-12-04 10:53:00	B2.5	12615.0	POINT(7 -5)	-5	7	118.68644	-92.165773
151510	2016-12-04 12:18:00	2016-12-04 12:24:00	2016-12-04 12:29:00	B2.3	12615.0	POINT(8 -5)	-5	8	135.53818	-92.009322
151520	2016-12-04 16:12:00	2016-12-04 16:15:00	2016-12-04 16:19:00	B2.7	12615.0	POINT(15 -6)	-6	15	251.61111	-108.46734
151530	2016-12-04 17:35:00	2016-12-04 17:55:00	2016-12-04 18:14:00	C1.8	12615.0	POINT(16 -6)	-6	16	267.958	-108.29097
151540	2016-12-05 04:00:00	2016-12-05 04:05:00	2016-12-05 04:13:00	B3.5	12615.0	POINT(18 -5)	-5	18	300.92036	-90.381564
151550	2016-12-05 05:57:00	2016-12-05 06:07:00	2016-12-05 06:14:00	C1.2	12615.0	POINT(20 -8)	-8	20	331.05459	-140.95462
151560	2016-12-05 17:10:00	2016-12-05 17:15:00	2016-12-05 17:19:00	B2.5	12615.0	POINT(27 -4)	-4	27	442.61658	-71.974484
151570	2016-12-06 10:08:00	2016-12-06 10:12:00	2016-12-06 10:15:00	B1.7	12615.0	POINT(37 -6)	-6	37	584.74647	-104.29284
151580	2016-12-06 10:37:00	2016-12-06 10:40:00	2016-12-06 10:43:00	B1.6	12615.0	POINT(38 -6)	-6	38	598.1719	-104.22579
151590	2016-12-06 19:07:00	2016-12-06 19:11:00	2016-12-06 19:14:00	B2.9	12615.0	POINT(48 -8)	-8	48	718.56941	-137.16109
151600	2016-12-07 01:14:00	2016-12-07 01:17:00	2016-12-07 01:28:00	B1.6	12615.0	POINT(48 -7)	-7	48	720.25424	-119.90484
151610	2016-12-07 03:34:00	2016-12-07 03:45:00	2016-12-07 03:54:00	B1.6	12615.0	POINT(49 -7)	-7	49	731.42856	-119.73552
151620	2016-12-07 09:57:00	2016-12-07 10:00:00	2016-12-07 10:03:00	B1.7	12615.0	POINT(52 -7)	-7	52	763.58567	-119.32441
151630	2016-12-07 11:19:00	2016-12-07 11:23:00	2016-12-07 11:32:00	B1.7	12615.0	POINT(51 -8)	-8	51	751.37858	-136.15516
151640	2016-12-07 15:52:00	2016-12-07 15:56:00	2016-12-07 16:00:00	B1.6	12615.0	POINT(55 -5)	-5	55	796.55752	-85.090188
151650	2016-12-07 17:52:00	2016-12-07 18:09:00	2016-12-07 18:20:00	B3.6	12615.0	POINT(56 -7)	-7	56	803.16595	-118.8554
151660	2016-12-08 18:14:00	2016-12-08 19:03:00	2016-12-08 19:42:00	B2.2		POINT(81 -6)	-6	81	957.09612	-101.47003
151670	2016-12-09 07:21:00	2016-12-09 07:25:00	2016-12-09 07:27:00	B1.5	12615.0	POINT(77 -5)	-5	77	946.14975	-84.15665
151680	2016-12-10 16:48:00	2016-12-10 17:15:00	2016-12-10 17:37:00	C4.0	12615.0	POINT(89 -7)	-7	89	966.5646	-118.58066
151690	2016-12-11 17:10:00	2016-12-11 17:15:00	2016-12-11 17:18:00	B1.3	12617.0	POINT(40 15)	15	40	606.86185	259.50126
151700	2016-12-11 19:16:00	2016-12-11 19:25:00	2016-12-11 19:29:00	B1.2	12617.0	POINT(42 17)	17	42	625.35888	292.13774
151710	2016-12-15 03:24:00	2016-12-15 03:30:00	2016-12-15 03:34:00	B2.5	12617.0	POINT(89 18)	18	89	926.5829	301.34043
151720	2016-12-15 20:51:00	2016-12-15 20:56:00	2016-12-15 20:59:00	B1.8	12617.0	POINT(86 13)	13	86	947.42719	220.44095
151730	2016-12-15 21:19:00	2016-12-15 21:25:00	2016-12-15 21:29:00	B1.3	12617.0	POINT(89 13)	13	89	949.36913	219.48081
151740	2016-12-16 04:26:00	2016-12-16 04:29:00	2016-12-16 04:36:00	B1.1	12617.0	POINT(89 13)	13	89	949.39379	219.49466
151750	2016-12-16 09:38:00	2016-12-16 09:43:00	2016-12-16 09:53:00	B2.1	12617.0	POINT(89 13)	13	89	949.41173	219.50477
151760	2016-12-21 14:12:00	2016-12-21 14:19:00	2016-12-21 14:26:00	B2.7	12620.0	POINT(45 -22)	-22	45	641.149	-346.37758
151770	2016-12-26 18:47:00	2016-12-26 18:52:00	2016-12-26 18:58:00	B3.0	12621.0	POINT(43 9)	9	43	659.04709	182.60887
151780	2016-12-26 20:56:00	2016-12-26 21:01:00	2016-12-26 21:05:00	B8.3	12621.0	POINT(44 9)	9	44	671.24526	182.24205
151790	2016-12-26 21:58:00	2016-12-26 22:02:00	2016-12-26 22:27:00	B2.9	12621.0	POINT(45 9)	9	45	683.23587	181.79374
151800	2016-12-26 23:25:00	2016-12-26 23:29:00	2016-12-26 23:32:00	B3.3	12621.0	POINT(46 9)	9	46	695.01675	181.35983
151810	2016-12-27 08:20:00	2016-12-27 08:46:00	2016-12-27 08:58:00	B3.1	12621.0	POINT(50 9)	9	50	739.97151	179.69471
151820	2016-12-27 10:04:00	2016-12-27 10:12:00	2016-12-27 10:18:00	B1.6	12621.0	POINT(52 9)	9	52	761.09484	178.61363
151830	2016-12-27 12:33:00	2016-12-27 12:38:00	2016-12-27 12:42:00	B1.5	12621.0	POINT(53 9)	9	53	771.30909	178.1456
151840	2016-12-29 20:11:00	2016-12-29 20:15:00	2016-12-29 20:20:00	B1.3	12619.0	POINT(89 8)	8	89	965.58151	136.38206
151850	2016-12-30 01:30:00	2016-12-30 01:33:00	2016-12-30 01:36:00	B1.0	12619.0	POINT(89 9)	9	89	963.06688	153.19833
151860	2016-12-30 12:22:00	2016-12-30 12:29:00	2016-12-30 12:39:00	B2.2	12621.0	POINT(89 8)	8	89	965.59568	136.3983
151870	2016-12-31 01:32:00	2016-12-31 03:50:00	2016-12-31 04:17:00	B2.4		POINT(89 8)	8	89	965.60754	136.41313
151880	2016-12-31 07:38:00	2016-12-31 08:12:00	2016-12-31 08:36:00	B1.8		POINT(89 8)	8	89	965.61063	136.41726
151890	2017-01-10 10:25:00	2017-01-10 10:30:00	2017-01-10 10:33:00	B7.3		POINT(75 14)	14	75	914.9538	253.04122
151900	2017-01-10 12:56:00	2017-01-10 13:00:00	2017-01-10 13:04:00	B8.8		POINT(77 13)	13	77	926.68988	234.29698
151910	2017-01-10 15:10:00	2017-01-10 15:13:00	2017-01-10 15:17:00	B3.9		POINT(81 16)	16	81	926.39917	278.7714
151920	2017-01-10 15:21:00	2017-01-10 15:25:00	2017-01-10 15:31:00	B4.1		POINT(78 15)	15	78	922.12657	265.99634
151930	2017-01-10 16:36:00	2017-01-10 16:46:00	2017-01-10 16:49:00	B6.6		POINT(81 17)	17	81	921.61123	295.01532
151940	2017-01-10 18:03:00	2017-01-10 18:08:00	2017-01-10 18:13:00	B5.4		POINT(80 17)	17	80	918.99278	296.20483
151950	2017-01-10 21:07:00	2017-01-10 21:12:00	2017-01-10 21:15:00	B1.2		POINT(82 16)	16	82	928.73724	277.6386
151960	2017-01-10 22:36:00	2017-01-10 22:47:00	2017-01-10 22:54:00	B2.5		POINT(84 15)	15	84	937.11019	258.935
151970	2017-01-11 01:53:00	2017-01-11 01:58:00	2017-01-11 02:01:00	B3.2		POINT(84 16)	16	84	932.57284	275.27987
151980	2017-01-11 14:52:00	2017-01-11 15:00:00	2017-01-11 15:40:00	B2.3		POINT(88 13)	13	88	949.61498	221.21389
151990	2017-01-11 15:51:00	2017-01-11 15:54:00	2017-01-11 15:56:00	B2.4		POINT(-89 3)	3	-89	-973.68339	52.147891
152000	2017-01-11 16:04:00	2017-01-11 16:07:00	2017-01-11 16:10:00	B4.0		POINT(88 12)	12	88	953.30081	204.654
152010	2017-01-11 19:23:00	2017-01-11 19:35:00	2017-01-11 20:01:00	B2.4		POINT(-89 2)	2	-89	-974.42529	35.195276
152020	2017-01-11 21:35:00	2017-01-11 21:43:00	2017-01-11 21:53:00	B5.0		POINT(88 12)	12	88	953.29099	204.65967
152030	2017-01-12 05:21:00	2017-01-12 05:53:00	2017-01-12 06:09:00	B2.0		POINT(88 13)	13	88	949.58834	221.22671
152040	2017-01-12 06:56:00	2017-01-12 07:05:00	2017-01-12 07:12:00	B3.4		POINT(88 13)	13	88	949.58608	221.2277
152050	2017-01-12 15:54:00	2017-01-12 16:18:00	2017-01-12 16:41:00	C3.8		POINT(-89 5)	5	-89	-971.25245	86.022878
152060	2017-01-14 07:08:00	2017-01-14 07:16:00	2017-01-14 07:20:00	B2.1		POINT(-65 9)	9	-65	-874.42073	184.24602
152070	2017-01-16 01:41:00	2017-01-16 01:44:00	2017-01-16 01:48:00	B1.3	12626.0	POINT(-41 9)	9	-41	-633.88576	211.81841
152080	2017-01-16 18:12:00	2017-01-16 18:23:00	2017-01-16 18:35:00	B1.4	12625.0	POINT(-26 2)	2	-26	-428.88257	106.59046
152090	2017-01-20 07:46:00	2017-01-20 07:56:00	2017-01-20 08:01:00	B2.7	12628.0	POINT(-61 12)	12	-61	-835.50675	243.1864
152100	2017-01-20 09:33:00	2017-01-20 09:39:00	2017-01-20 09:42:00	B4.3	12628.0	POINT(-57 12)	12	-57	-801.38131	248.36166
152110	2017-01-20 10:37:00	2017-01-20 10:46:00	2017-01-20 10:52:00	B5.3	12628.0	POINT(-58 11)	11	-58	-813.17844	230.65804
152120	2017-01-20 15:09:00	2017-01-20 15:16:00	2017-01-20 15:20:00	B3.1	12628.0	POINT(-56 11)	11	-56	-795.04314	233.32674
152130	2017-01-20 17:09:00	2017-01-20 17:12:00	2017-01-20 17:16:00	B4.1	12627.0	POINT(-34 5)	5	-34	-544.95462	156.82061
152140	2017-01-20 20:57:00	2017-01-20 21:00:00	2017-01-20 21:04:00	B2.6	12627.0	POINT(-31 4)	4	-31	-502.67947	142.636
152150	2017-01-21 02:24:00	2017-01-21 02:32:00	2017-01-21 02:37:00	B7.1	12628.0	POINT(-53 12)	12	-53	-763.27556	253.86792
152160	2017-01-21 03:00:00	2017-01-21 03:05:00	2017-01-21 03:07:00	B7.6	12628.0	POINT(-47 11)	11	-47	-701.73067	244.41649
152170	2017-01-21 04:02:00	2017-01-21 04:05:00	2017-01-21 04:07:00	B3.6	12628.0	POINT(-53 12)	12	-53	-763.27065	253.92302
152180	2017-01-21 06:23:00	2017-01-21 06:29:00	2017-01-21 06:36:00	C1.2	12628.0	POINT(-46 11)	11	-46	-690.2342	245.66136
152190	2017-01-21 07:02:00	2017-01-21 07:05:00	2017-01-21 07:09:00	B8.4	12628.0	POINT(-46 11)	11	-46	-690.23247	245.6863
152200	2017-01-21 07:14:00	2017-01-21 07:26:00	2017-01-21 07:29:00	C9.3	12628.0	POINT(-44 10)	10	-44	-668.7972	231.35567
152210	2017-01-21 08:23:00	2017-01-21 08:26:00	2017-01-21 08:29:00	B3.5	12628.0	POINT(-44 10)	10	-44	-668.7944	231.39906
152220	2017-01-21 08:58:00	2017-01-21 09:06:00	2017-01-21 09:10:00	B3.8	12628.0	POINT(-43 10)	10	-43	-656.64068	232.48237
152230	2017-01-21 09:12:00	2017-01-21 09:17:00	2017-01-21 09:26:00	B5.1	12628.0	POINT(-44 10)	10	-44	-668.79202	231.43591
152240	2017-01-21 09:40:00	2017-01-21 09:46:00	2017-01-21 09:52:00	C1.0	12628.0	POINT(-44 11)	11	-44	-666.61865	247.95937
152250	2017-01-21 10:19:00	2017-01-21 10:23:00	2017-01-21 10:27:00	C1.1	12628.0	POINT(-43 10)	10	-43	-656.63715	232.53894
152260	2017-01-21 10:59:00	2017-01-21 11:08:00	2017-01-21 11:11:00	C6.1	12628.0	POINT(-42 10)	10	-42	-644.28127	233.60844
152270	2017-01-21 13:19:00	2017-01-21 13:26:00	2017-01-21 13:30:00	C1.8	12628.0	POINT(-41 10)	10	-41	-631.72305	234.72965
152280	2017-01-21 14:08:00	2017-01-21 14:11:00	2017-01-21 14:13:00	B5.1	12628.0	POINT(-41 10)	10	-41	-631.72104	234.76369
152290	2017-01-22 12:23:00	2017-01-22 12:27:00	2017-01-22 12:34:00	B2.4	12628.0	POINT(-9 4)	4	-9	-152.74951	156.53281
152300	2017-01-24 16:03:00	2017-01-24 16:08:00	2017-01-24 16:11:00	B1.9	12629.0	POINT(-66 15)	15	-66	-861.04428	287.84705
152310	2017-01-24 17:47:00	2017-01-24 17:55:00	2017-01-24 18:01:00	B5.2	12629.0	POINT(-64 15)	15	-64	-847.25551	290.76309
152320	2017-01-24 18:39:00	2017-01-24 18:45:00	2017-01-24 18:56:00	B2.6	12629.0	POINT(-64 16)	16	-64	-843.14659	306.92516
152330	2017-01-24 23:44:00	2017-01-24 23:49:00	2017-01-24 23:54:00	B3.2	12629.0	POINT(-59 14)	14	-59	-811.94669	281.69735
152340	2017-01-25 02:15:00	2017-01-25 02:20:00	2017-01-25 02:24:00	B4.6	12629.0	POINT(-59 15)	15	-59	-808.26544	297.96953
152350	2017-01-25 03:54:00	2017-01-25 03:58:00	2017-01-25 04:02:00	B2.4	12629.0	POINT(-56 15)	15	-56	-781.89173	302.06131
152360	2017-01-25 04:16:00	2017-01-25 04:20:00	2017-01-25 04:24:00	B3.0		POINT(-56 15)	15	-56	-781.89035	302.07198
152370	2017-01-25 09:43:00	2017-01-25 09:48:00	2017-01-25 09:54:00	B4.0		POINT(-55 16)	16	-55	-768.85103	319.64298
152380	2017-01-25 10:48:00	2017-01-25 10:51:00	2017-01-25 10:55:00	B2.3		POINT(-53 15)	15	-53	-753.33981	306.18703
152390	2017-01-25 15:19:00	2017-01-25 15:30:00	2017-01-25 15:47:00	B6.5	12629.0	POINT(-51 13)	13	-51	-739.58351	276.46259
152400	2017-01-25 16:48:00	2017-01-25 16:53:00	2017-01-25 16:59:00	B4.6	12629.0	POINT(-42 8)	8	-42	-647.57513	204.82099
152410	2017-01-25 17:55:00	2017-01-25 18:01:00	2017-01-25 18:11:00	B3.0	12629.0	POINT(-49 16)	16	-49	-708.60244	327.4861
152420	2017-01-25 19:22:00	2017-01-25 19:32:00	2017-01-25 19:42:00	B3.8	12629.0	POINT(-48 14)	14	-48	-704.36909	296.54907
152430	2017-01-25 20:09:00	2017-01-25 20:12:00	2017-01-25 20:16:00	B2.2	12629.0	POINT(-51 16)	16	-51	-729.57171	325.09145
152440	2017-01-25 21:22:00	2017-01-25 21:28:00	2017-01-25 21:32:00	B8.5	12629.0	POINT(-47 14)	14	-47	-693.22748	297.81552
152450	2017-01-25 22:48:00	2017-01-25 22:51:00	2017-01-25 22:56:00	B2.2	12629.0	POINT(15 11)	11	15	248.53207	275.66519
152460	2017-01-26 03:48:00	2017-01-26 03:52:00	2017-01-26 03:57:00	B2.2	12629.0	POINT(-44 16)	16	-44	-652.37549	333.68853
152470	2017-01-26 04:06:00	2017-01-26 04:12:00	2017-01-26 04:15:00	B4.1	12629.0	POINT(-44 15)	15	-44	-655.55521	317.6738
152480	2017-01-26 04:40:00	2017-01-26 04:43:00	2017-01-26 04:46:00	B2.1	12629.0	POINT(-42 15)	15	-42	-631.53142	319.91275
152490	2017-01-26 05:23:00	2017-01-26 05:28:00	2017-01-26 05:33:00	B2.3	12629.0	POINT(-43 16)	16	-43	-640.51591	334.86374
152500	2017-01-26 06:08:00	2017-01-26 06:13:00	2017-01-26 06:18:00	B3.9	12629.0	POINT(-44 15)	15	-44	-655.54861	317.74901
152510	2017-01-26 12:18:00	2017-01-26 12:21:00	2017-01-26 12:23:00	B2.0	12629.0	POINT(-37 15)	15	-37	-568.12055	325.40616
152520	2017-01-26 16:26:00	2017-01-26 16:33:00	2017-01-26 16:39:00	B2.6	12629.0	POINT(-36 15)	15	-36	-554.89082	326.55521
152530	2017-01-26 16:48:00	2017-01-26 16:51:00	2017-01-26 16:54:00	B2.2	12629.0	POINT(-36 16)	16	-36	-552.19648	342.55572
152540	2017-01-27 10:38:00	2017-01-27 10:45:00	2017-01-27 10:52:00	B5.4	12627.0	POINT(58 5)	5	58	824.67764	135.68854
152550	2017-01-27 15:35:00	2017-01-27 15:39:00	2017-01-27 15:43:00	B2.3	12629.0	POINT(-24 16)	16	-24	-382.24671	353.4066
152560	2017-01-28 20:56:00	2017-01-28 21:09:00	2017-01-28 21:21:00	C2.8	12627.0	POINT(79 6)	6	79	951.27838	120.00716
152570	2017-02-04 05:57:00	2017-02-04 06:00:00	2017-02-04 06:04:00	B1.2	12631.0	POINT(80 -4)	-4	80	956.45054	-49.150855
152580	2017-02-04 12:59:00	2017-02-04 13:12:00	2017-02-04 13:45:00	B1.6	12632.0	POINT(57 17)	17	57	781.92871	338.79265
152590	2017-02-06 16:16:00	2017-02-06 16:22:00	2017-02-06 16:31:00	B1.5	12634.0	POINT(-67 4)	4	-67	-894.50551	109.86693
152600	2017-02-08 23:08:00	2017-02-08 23:11:00	2017-02-08 23:18:00	B1.1	12635.0	POINT(-28 12)	12	-28	-448.12535	297.48499
152610	2017-02-09 00:42:00	2017-02-09 00:50:00	2017-02-09 00:55:00	B2.7	12635.0	POINT(-26 13)	13	-26	-416.83801	315.41534
152620	2017-02-09 01:35:00	2017-02-09 01:40:00	2017-02-09 01:42:00	B3.1	12635.0	POINT(-25 12)	12	-25	-403.43854	300.13308
152630	2017-02-09 01:45:00	2017-02-09 01:51:00	2017-02-09 01:56:00	C1.1	12635.0	POINT(-26 13)	13	-26	-416.83491	315.44674
152640	2017-02-09 02:56:00	2017-02-09 03:09:00	2017-02-09 03:09:00	B6.0	12635.0	POINT(-25 13)	13	-25	-401.86597	316.31188
152650	2017-02-09 03:20:00	2017-02-09 03:26:00	2017-02-09 03:29:00	C1.3	12635.0	POINT(-26 13)	13	-26	-416.83007	315.49553
152660	2017-02-09 05:31:00	2017-02-09 05:42:00	2017-02-09 05:49:00	B6.1	12635.0	POINT(-24 13)	13	-24	-386.76982	317.18641
152670	2017-02-09 06:05:00	2017-02-09 06:12:00	2017-02-09 06:15:00	B3.8	12635.0	POINT(-22 12)	12	-22	-357.62832	302.57763
152680	2017-02-09 06:31:00	2017-02-09 06:35:00	2017-02-09 06:37:00	B3.3	12635.0	POINT(-23 13)	13	-23	-371.55948	317.97913
152690	2017-02-09 06:55:00	2017-02-09 07:02:00	2017-02-09 07:04:00	C1.1	12635.0	POINT(-23 6)	6	-23	-379.3005	203.33212
152700	2017-02-09 07:39:00	2017-02-09 07:48:00	2017-02-09 07:50:00	B3.0	12635.0	POINT(-22 13)	13	-22	-356.23385	318.75199
152710	2017-02-09 09:32:00	2017-02-09 09:37:00	2017-02-09 09:39:00	B3.0	12635.0	POINT(-21 12)	12	-21	-342.12713	303.39302
152720	2017-02-09 10:32:00	2017-02-09 10:35:00	2017-02-09 10:37:00	B1.5	12635.0	POINT(-20 11)	11	-20	-327.69669	287.8875
152730	2017-02-09 10:56:00	2017-02-09 10:59:00	2017-02-09 11:03:00	B1.1	12635.0	POINT(-20 13)	13	-20	-325.25665	320.2298
152740	2017-02-09 11:54:00	2017-02-09 12:04:00	2017-02-09 12:31:00	B1.7	12635.0	POINT(-21 13)	13	-21	-340.7909	319.59088
152750	2017-02-12 04:30:00	2017-02-12 04:34:00	2017-02-12 04:38:00	B1.5	12635.0	POINT(16 12)	12	16	263.04375	308.53006
152760	2017-02-13 06:26:00	2017-02-13 06:36:00	2017-02-13 06:50:00	B1.8	12635.0	POINT(30 11)	11	30	478.55296	282.24092
152770	2017-02-15 12:34:00	2017-02-15 12:43:00	2017-02-15 12:46:00	B2.3	12636.0	POINT(-62 10)	10	-62	-845.89042	221.39624
152780	2017-02-15 20:48:00	2017-02-15 20:51:00	2017-02-15 20:54:00	B1.0	12636.0	POINT(66 12)	12	66	868.94428	246.99415
152790	2017-02-17 09:27:00	2017-02-17 09:32:00	2017-02-17 09:38:00	B1.6	12636.0	POINT(-37 10)	10	-37	-577.20626	260.27966
152800	2017-02-17 09:53:00	2017-02-17 09:56:00	2017-02-17 09:58:00	B1.3	12636.0	POINT(-36 11)	11	-36	-561.94219	277.78384
152810	2017-02-18 00:42:00	2017-02-18 01:45:00	2017-02-18 02:33:00	B2.8		POINT(-87 16)	16	-87	-931.48528	271.40989
152820	2017-02-18 02:56:00	2017-02-18 03:19:00	2017-02-18 03:41:00	B3.1		POINT(-87 16)	16	-87	-931.47202	271.40669
152830	2017-02-19 05:37:00	2017-02-19 05:41:00	2017-02-19 05:48:00	B3.0		POINT(-86 21)	21	-86	-903.48492	352.76995
152840	2017-02-19 16:47:00	2017-02-19 16:50:00	2017-02-19 16:55:00	B2.6		POINT(-87 19)	19	-87	-915.87093	319.29139
152850	2017-02-20 11:22:00	2017-02-20 11:29:00	2017-02-20 11:37:00	B4.5	12638.0	POINT(-75 20)	20	-75	-881.05387	358.40267
152860	2017-02-20 11:51:00	2017-02-20 11:56:00	2017-02-20 12:01:00	B3.7	12638.0	POINT(-86 23)	23	-86	-890.55906	383.71893
152870	2017-02-20 13:43:00	2017-02-20 13:48:00	2017-02-20 13:51:00	B5.4	12638.0	POINT(-76 15)	15	-76	-909.73018	277.12116
152880	2017-02-20 14:14:00	2017-02-20 14:25:00	2017-02-20 14:32:00	B7.5		POINT(-69 19)	19	-69	-857.1976	354.09177
152890	2017-02-20 16:56:00	2017-02-20 17:03:00	2017-02-20 17:11:00	B3.7		POINT(-68 19)	19	-68	-851.36435	355.95303
152900	2017-02-20 23:10:00	2017-02-20 23:14:00	2017-02-20 23:20:00	B2.5	12638.0	POINT(-62 18)	18	-62	-815.80631	351.17591
152910	2017-02-21 05:14:00	2017-02-21 05:22:00	2017-02-21 05:26:00	B3.0	12638.0	POINT(-68 14)	14	-68	-873.65211	276.51772
152920	2017-02-21 06:41:00	2017-02-21 06:45:00	2017-02-21 06:50:00	B2.8	12638.0	POINT(-5 -83)	-83	-5	-10.310372	-941.67434
152930	2017-02-21 11:20:00	2017-02-21 11:23:00	2017-02-21 11:25:00	B2.3	12638.0	POINT(-60 18)	18	-60	-800.18724	354.75387
152940	2017-02-21 11:27:00	2017-02-21 11:31:00	2017-02-21 11:33:00	B2.7	12638.0	POINT(-60 18)	18	-60	-800.18622	354.7546
152950	2017-02-21 13:58:00	2017-02-21 14:01:00	2017-02-21 14:05:00	B2.9	12638.0	POINT(-59 20)	20	-59	-782.5356	387.60498
152960	2017-02-21 22:47:00	2017-02-21 22:53:00	2017-02-21 23:04:00	B3.0	12638.0	POINT(-52 19)	19	-52	-724.13872	383.71531
152970	2017-02-22 13:03:00	2017-02-22 13:27:00	2017-02-22 13:38:00	C4.1	12638.0	POINT(-48 22)	22	-48	-669.67434	435.76039
152980	2017-02-22 21:07:00	2017-02-22 21:13:00	2017-02-22 21:13:00	B4.9	12638.0	POINT(-41 17)	17	-41	-610.03934	368.87104
152990	2017-02-23 14:18:00	2017-02-23 14:28:00	2017-02-23 14:42:00	B2.4	12638.0	POINT(-34 19)	19	-34	-514.15706	408.63803
153000	2017-02-23 20:17:00	2017-02-23 20:24:00	2017-02-23 20:27:00	B5.8	12638.0	POINT(-29 20)	20	-29	-443.06688	429.21847
153010	2017-02-23 20:36:00	2017-02-23 20:53:00	2017-02-23 21:17:00	C1.3	12638.0	POINT(-25 19)	19	-25	-388.69065	417.64827
153020	2017-02-24 00:04:00	2017-02-24 00:12:00	2017-02-24 00:14:00	C1.1	12638.0	POINT(-29 20)	20	-29	-443.05044	429.25105
153030	2017-02-26 23:11:00	2017-02-26 23:18:00	2017-02-26 23:25:00	B3.2	12640.0	POINT(-27 9)	9	-27	-435.93709	257.95323
153040	2017-02-27 04:57:00	2017-02-27 05:00:00	2017-02-27 05:04:00	B1.5	12640.0	POINT(-24 9)	9	-24	-390.58094	260.73138
153050	2017-02-27 17:12:00	2017-02-27 17:23:00	2017-02-27 18:04:00	B2.9	12641.0	POINT(-51 14)	14	-51	-732.0079	307.29329
153060	2017-02-27 20:07:00	2017-02-27 20:17:00	2017-02-27 20:25:00	B9.3	12641.0	POINT(-49 14)	14	-49	-710.94037	310.49686
153070	2017-02-27 21:36:00	2017-02-27 21:39:00	2017-02-27 21:42:00	B2.6	12641.0	POINT(-46 13)	13	-46	-680.59301	299.11811
153080	2017-02-28 00:30:00	2017-02-28 00:45:00	2017-02-28 00:54:00	B5.1		POINT(-46 15)	15	-46	-674.64191	331.02497
153090	2017-02-28 04:30:00	2017-02-28 04:38:00	2017-02-28 04:45:00	B3.3	12641.0	POINT(-47 17)	17	-47	-678.97787	361.02806
153100	2017-02-28 06:23:00	2017-02-28 06:29:00	2017-02-28 06:32:00	B3.5	12641.0	POINT(-43 16)	16	-43	-636.58488	351.19292
153110	2017-02-28 11:42:00	2017-02-28 11:51:00	2017-02-28 12:15:00	B7.7	12641.0	POINT(-42 15)	15	-42	-627.62037	336.83732
153120	2017-03-01 04:07:00	2017-03-01 04:12:00	2017-03-01 04:19:00	B2.1	12641.0	POINT(-30 14)	14	-30	-471.30113	335.74372
153130	2017-03-01 04:30:00	2017-03-01 04:33:00	2017-03-01 04:37:00	B1.9	12641.0	POINT(-29 14)	14	-29	-456.99888	336.77607
153140	2017-03-01 07:39:00	2017-03-01 07:43:00	2017-03-01 07:49:00	B1.2	12641.0	POINT(-26 14)	14	-26	-413.25654	339.68774
153150	2017-03-01 07:57:00	2017-03-01 08:00:00	2017-03-01 08:02:00	B2.8	12641.0	POINT(-26 14)	14	-26	-413.25536	339.68866
153160	2017-03-01 08:03:00	2017-03-01 08:07:00	2017-03-01 08:10:00	B2.6	12641.0	POINT(-27 14)	14	-27	-427.96417	338.75423
153170	2017-03-02 01:16:00	2017-03-02 01:19:00	2017-03-02 01:26:00	B1.2		POINT(-80 4)	4	-80	-951.29347	88.118327
153180	2017-03-02 23:12:00	2017-03-02 23:53:00	2017-03-03 00:08:00	B1.7	12641.0	POINT(-8 15)	15	-8	-130.60603	366.52291
153190	2017-03-03 06:55:00	2017-03-03 07:32:00	2017-03-03 07:46:00	B1.7	12641.0	POINT(-8 -82)	-82	-8	-18.758715	-934.5879
153200	2017-03-04 05:33:00	2017-03-04 05:38:00	2017-03-04 05:44:00	B1.1	12641.0	POINT(7 16)	16	7	113.77805	382.42916
153210	2017-03-04 10:12:00	2017-03-04 10:18:00	2017-03-04 10:27:00	B1.7	12641.0	POINT(10 16)	16	10	162.10567	381.50016
153220	2017-03-04 22:55:00	2017-03-04 22:59:00	2017-03-04 23:08:00	B1.3	12641.0	POINT(22 15)	15	22	351.27642	358.94246
153230	2017-03-06 11:58:00	2017-03-06 12:03:00	2017-03-06 12:10:00	B1.5	12641.0	POINT(38 17)	17	38	570.95645	373.4899
153240	2017-03-07 09:54:00	2017-03-07 09:57:00	2017-03-07 09:59:00	B1.9		POINT(-89 -7)	-7	-89	-959.10186	-114.72797
153250	2017-03-07 10:26:00	2017-03-07 10:29:00	2017-03-07 10:31:00	B1.8		POINT(59 -9)	-9	59	820.09852	-88.147754
153260	2017-03-08 00:05:00	2017-03-08 00:09:00	2017-03-08 00:11:00	B1.8		POINT(88 7)	7	88	958.45829	121.03791
153270	2017-03-08 03:49:00	2017-03-08 03:52:00	2017-03-08 03:54:00	B2.0		POINT(85 -31)	-31	85	825.51491	-484.82859
153280	2017-03-08 04:13:00	2017-03-08 04:17:00	2017-03-08 04:19:00	B2.0		POINT(11 -45)	-45	11	130.82817	-595.27386
153290	2017-03-08 04:37:00	2017-03-08 05:42:00	2017-03-08 05:54:00	B5.1		POINT(72 15)	15	72	888.6068	284.77501
153300	2017-03-08 06:01:00	2017-03-08 06:04:00	2017-03-08 06:06:00	B3.0		POINT(69 14)	14	69	876.43071	274.63239
153310	2017-03-08 08:46:00	2017-03-08 08:49:00	2017-03-08 08:51:00	B1.8		POINT(69 14)	14	69	876.40495	274.62173
153320	2017-03-08 09:37:00	2017-03-08 09:41:00	2017-03-08 09:43:00	B2.1		POINT(-85 -35)	-35	-85	-788.86989	-541.35182
153330	2017-03-08 10:15:00	2017-03-08 10:18:00	2017-03-08 10:20:00	B1.8		POINT(72 14)	14	72	892.59749	268.71313
153340	2017-03-08 11:38:00	2017-03-08 11:41:00	2017-03-08 11:43:00	B1.8		POINT(-86 -29)	-29	-86	-843.34123	-457.43616
153350	2017-03-08 23:34:00	2017-03-08 23:37:00	2017-03-08 23:39:00	B1.9		POINT(87 14)	14	87	936.02739	238.01937
153360	2017-03-16 04:30:00	2017-03-16 05:58:00	2017-03-16 06:05:00	A4.7		POINT(-87 -9)	-9	-87	-951.16789	-143.4888
153370	2017-03-18 02:22:00	2017-03-18 02:29:00	2017-03-18 02:46:00	A8.7		POINT(-87 19)	19	-87	-909.81821	317.19505
153380	2017-03-19 00:10:00	2017-03-19 00:20:00	2017-03-19 00:34:00	A6.5		POINT(-40 -8)	-8	-40	-615.36916	-43.194903
153390	2017-03-20 15:52:00	2017-03-20 15:59:00	2017-03-20 16:06:00	B1.5		POINT(-88 6)	6	-88	-957.05523	103.98495
153400	2017-03-22 18:21:00	2017-03-22 18:58:00	2017-03-22 19:15:00	B3.3	12643.0	POINT(-63 6)	6	-63	-854.3905	152.76456
153410	2017-03-25 22:04:00	2017-03-25 22:13:00	2017-03-25 22:19:00	B2.8	12644.0	POINT(-48 12)	12	-48	-700.85933	274.13416
153420	2017-03-25 23:31:00	2017-03-25 23:39:00	2017-03-25 23:46:00	B2.3	12644.0	POINT(-47 12)	12	-47	-689.76766	275.56275
153430	2017-03-26 02:29:00	2017-03-26 02:34:00	2017-03-26 02:41:00	B4.0	12644.0	POINT(-50 15)	15	-50	-713.26023	318.86029
153440	2017-03-26 03:20:00	2017-03-26 03:28:00	2017-03-26 03:35:00	B1.3	12644.0	POINT(-44 13)	13	-44	-652.69536	295.70787
153450	2017-03-26 10:29:00	2017-03-26 10:32:00	2017-03-26 10:37:00	B1.0	12644.0	POINT(-39 12)	12	-39	-593.7158	286.08709
153460	2017-03-26 13:07:00	2017-03-26 13:12:00	2017-03-26 13:25:00	B1.6	12644.0	POINT(-38 12)	12	-38	-580.83984	287.24831
153470	2017-03-26 15:17:00	2017-03-26 15:35:00	2017-03-26 15:47:00	B1.3	12644.0	POINT(-39 12)	12	-39	-593.67992	285.95813
153480	2017-03-26 15:54:00	2017-03-26 15:58:00	2017-03-26 16:05:00	B1.8	12644.0	POINT(-37 13)	13	-37	-565.57921	304.34527
153490	2017-03-26 19:02:00	2017-03-26 19:05:00	2017-03-26 19:11:00	B1.7	12644.0	POINT(-35 13)	13	-35	-539.07096	306.5733
153500	2017-03-26 21:21:00	2017-03-26 21:28:00	2017-03-26 21:41:00	B4.0	12644.0	POINT(-34 15)	15	-34	-520.97994	339.24408
153510	2017-03-26 23:00:00	2017-03-26 23:17:00	2017-03-26 23:26:00	B2.0	12644.0	POINT(-33 13)	13	-33	-511.89401	308.65479
153520	2017-03-26 23:49:00	2017-03-26 00:00:00	2017-03-27 00:08:00	C1.3	12644.0	POINT(-33 12)	12	-33	-514.03424	293.33952
153530	2017-03-27 06:06:00	2017-03-27 06:12:00	2017-03-27 06:21:00	B2.6		POINT(-29 12)	12	-29	-457.47636	296.55877
153540	2017-03-27 09:18:00	2017-03-27 09:23:00	2017-03-27 09:29:00	B4.7		POINT(-67 7)	7	-67	-879.48748	160.50968
153550	2017-03-27 11:07:00	2017-03-27 11:12:00	2017-03-27 11:18:00	C3.2	12645.0	POINT(-63 -7)	-7	-63	-851.64741	-65.408931
153560	2017-03-27 13:33:00	2017-03-27 13:43:00	2017-03-27 13:48:00	B4.9		POINT(-65 -9)	-9	-65	-861.89062	-102.24769
153570	2017-03-27 14:10:00	2017-03-27 14:16:00	2017-03-27 14:19:00	B4.6		POINT(-63 -7)	-7	-63	-851.61614	-65.451319
153580	2017-03-27 21:34:00	2017-03-27 21:40:00	2017-03-27 21:40:00	B4.1	12644.0	POINT(-20 12)	12	-20	-322.77339	303.40197
153590	2017-03-27 23:41:00	2017-03-27 23:45:00	2017-03-27 23:49:00	B6.8	12644.0	POINT(-17 13)	13	-17	-274.86007	321.10776
153600	2017-03-28 00:19:00	2017-03-28 00:27:00	2017-03-28 00:35:00	C1.1	12644.0	POINT(-18 13)	13	-18	-290.49905	320.49786
153610	2017-03-28 00:50:00	2017-03-28 00:53:00	2017-03-28 00:59:00	B9.1	12645.0	POINT(-58 -10)	-10	-58	-804.4243	-107.0945
153620	2017-03-28 01:52:00	2017-03-28 02:00:00	2017-03-28 02:04:00	B6.6	12644.0	POINT(-16 13)	13	-16	-259.12692	321.58769
153630	2017-03-28 02:56:00	2017-03-28 03:00:00	2017-03-28 03:03:00	B3.1		POINT(-56 -10)	-10	-56	-786.4771	-103.88503
153640	2017-03-28 03:18:00	2017-03-28 03:23:00	2017-03-28 03:25:00	C3.1	12645.0	POINT(-56 -9)	-9	-56	-788.77238	-87.241981
153650	2017-03-28 03:52:00	2017-03-28 03:57:00	2017-03-28 04:07:00	B6.6	12644.0	POINT(-14 13)	13	-14	-227.43503	322.53218
153660	2017-03-28 04:47:00	2017-03-28 04:56:00	2017-03-28 05:03:00	C3.2	12645.0	POINT(-56 -9)	-9	-56	-788.75776	-87.268948
153670	2017-03-28 07:12:00	2017-03-28 07:19:00	2017-03-28 07:23:00	C1.1	12645.0	POINT(-52 -11)	-11	-52	-745.29651	-114.34974
153680	2017-03-28 09:01:00	2017-03-28 09:10:00	2017-03-28 09:16:00	B7.0	12645.0	POINT(-54 -8)	-8	-54	-771.78065	-67.482768
153690	2017-03-28 09:38:00	2017-03-28 09:44:00	2017-03-28 09:50:00	B4.0	12645.0	POINT(-52 -9)	-9	-52	-749.8756	-81.083552
153700	2017-03-28 09:55:00	2017-03-28 10:01:00	2017-03-28 10:04:00	C1.0	12645.0	POINT(-53 -10)	-10	-53	-757.72002	-99.291976
153710	2017-03-28 13:18:00	2017-03-28 13:22:00	2017-03-28 13:25:00	B2.8	12645.0	POINT(-51 -10)	-10	-51	-737.39474	-96.315065
153720	2017-03-28 13:51:00	2017-03-28 13:55:00	2017-03-28 13:59:00	B2.5	12645.0	POINT(-51 -8)	-8	-51	-741.47621	-62.950341
153730	2017-03-28 15:46:00	2017-03-28 15:51:00	2017-03-28 15:56:00	B2.1	12645.0	POINT(68 7)	7	68	885.48179	158.27483
153740	2017-03-28 20:48:00	2017-03-28 20:54:00	2017-03-28 21:00:00	B2.1	12646.0	POINT(70 7)	7	70	897.23954	154.55057
153750	2017-03-28 21:02:00	2017-03-28 21:05:00	2017-03-28 21:07:00	B2.0	12646.0	POINT(71 7)	7	71	902.73197	152.70345
153760	2017-03-29 00:38:00	2017-03-29 00:43:00	2017-03-29 00:48:00	B3.2	12645.0	POINT(-43 -10)	-10	-43	-647.32868	-85.297971
153770	2017-03-29 01:26:00	2017-03-29 01:40:00	2017-03-29 01:45:00	B4.5	12646.0	POINT(-41 10)	10	-41	-622.64981	249.6853
153780	2017-03-29 02:18:00	2017-03-29 02:22:00	2017-03-29 02:26:00	B3.5	12645.0	POINT(-42 -11)	-11	-42	-633.08459	-100.73075
153790	2017-03-29 12:59:00	2017-03-29 13:09:00	2017-03-29 13:20:00	B3.3	12644.0	POINT(1 17)	17	1	16.096986	387.1813
153800	2017-03-29 20:26:00	2017-03-29 20:30:00	2017-03-29 20:32:00	B4.3	12645.0	POINT(-29 -8)	-8	-29	-462.91193	-36.518266
153810	2017-03-29 23:19:00	2017-03-29 23:32:00	2017-03-29 23:50:00	B6.5	12644.0	POINT(9 12)	12	9	147.57619	307.03968
153820	2017-03-30 06:58:00	2017-03-30 07:03:00	2017-03-30 07:10:00	B2.6	12645.0	POINT(88 7)	7	88	952.5096	120.08403
153830	2017-03-30 13:00:00	2017-03-30 13:03:00	2017-03-30 13:05:00	B2.7	12645.0	POINT(-20 -8)	-8	-20	-326.6057	-29.871737
153840	2017-03-30 17:57:00	2017-03-30 18:01:00	2017-03-30 18:03:00	B2.6	12644.0	POINT(23 12)	12	23	368.41231	298.97326
153850	2017-03-30 19:44:00	2017-03-30 19:53:00	2017-03-30 20:00:00	B2.1	12644.0	POINT(23 13)	13	23	366.97217	314.83004
153860	2017-03-31 03:39:00	2017-03-31 03:46:00	2017-03-31 03:50:00	B5.0	12645.0	POINT(-12 -10)	-10	-12	-197.44593	-59.776505
153870	2017-03-31 04:49:00	2017-03-31 04:53:00	2017-03-31 04:55:00	B4.1		POINT(-12 -10)	-10	-12	-197.44332	-59.815741
153880	2017-03-31 05:45:00	2017-03-31 05:50:00	2017-03-31 05:53:00	B3.3	12644.0	POINT(32 13)	13	32	497.47497	306.57776
153890	2017-03-31 06:15:00	2017-03-31 06:19:00	2017-03-31 06:24:00	B2.7	12645.0	POINT(-11 -10)	-10	-11	-181.20156	-59.48838
153900	2017-03-31 13:39:00	2017-03-31 13:42:00	2017-03-31 13:44:00	B3.2	12644.0	POINT(-7 -11)	-11	-7	-115.35438	-75.355055
153910	2017-03-31 14:41:00	2017-03-31 14:47:00	2017-03-31 14:52:00	B3.7	12648.0	POINT(-7 -12)	-12	-7	-114.94321	-92.157149
153920	2017-03-31 17:28:00	2017-03-31 17:37:00	2017-03-31 17:48:00	C1.7	12645.0	POINT(-3 -12)	-12	-3	-49.361289	-91.605999
153930	2017-03-31 19:12:00	2017-03-31 19:19:00	2017-03-31 19:23:00	B2.9	12644.0	POINT(-5 -9)	-9	-5	-83.002573	-41.573201
153940	2017-03-31 21:09:00	2017-03-31 21:12:00	2017-03-31 21:16:00	B3.6	12644.0	POINT(40 14)	14	40	600.56383	313.06414
153950	2017-03-31 22:54:00	2017-03-31 23:01:00	2017-03-31 23:10:00	C1.1	12645.0	POINT(-3 -10)	-10	-3	-49.694839	-58.251127
153960	2017-04-03 13:13:00	2017-04-03 13:23:00	2017-04-03 13:55:00	C7.3	12644.0	POINT(80 17)	17	80	904.0	297.0
153970	2017-04-03 14:19:00	2017-04-03 14:29:00	2017-04-03 14:34:00	M5.8	12644.0	POINT(78 16)	16	78	902.0	284.0
153980	2017-04-03 19:06:00	2017-04-03 19:10:00	2017-04-03 19:14:00	C2.5		POINT(87 15)	15	87	925.0	252.0
153990	2017-04-03 20:07:00	2017-04-03 20:13:00	2017-04-03 20:20:00	C5.0	12644.0	POINT(77 15)	15	77	903.0	270.0
154000	2017-04-03 21:13:00	2017-04-03 21:16:00	2017-04-03 21:18:00	C1.6	12644.0	POINT(77 15)	15	77	903.0	270.0
154010	2017-04-03 22:49:00	2017-04-03 22:51:00	2017-04-03 23:02:00	C2.3	12644.0	POINT(76 15)	15	76	900.0	272.0
154020	2017-04-03 23:43:00	2017-04-03 23:52:00	2017-04-03 23:56:00	C1.7	12645.0	POINT(37 -9)	-9	37	572.0	-65.0
154030	2017-04-04 00:35:00	2017-04-04 00:39:00	2017-04-04 00:54:00	C1.4	12645.0	POINT(37 -12)	-12	37	567.0	-115.0
154040	2017-04-04 01:28:00	2017-04-04 01:32:00	2017-04-04 01:36:00	C1.9	12648.0	POINT(-50 -4)	-4	-50	-735.0	2.0
154050	2017-04-04 06:09:00	2017-04-04 06:16:00	2017-04-04 06:19:00	C1.1	12644.0	POINT(76 -13)	-13	76	908.0	-190.0
154060	2017-04-04 07:02:00	2017-04-04 07:12:00	2017-04-04 07:25:00	C3.7	12644.0	POINT(85 13)	13	85	931.0	223.0
154070	2017-04-04 09:46:00	2017-04-04 09:51:00	2017-04-04 09:58:00	C2.3	12644.0	POINT(75 12)	12	75	907.0	225.0
154080	2017-04-04 11:45:00	2017-04-04 11:48:00	2017-04-04 11:50:00	B9.5		POINT(87 16)	16	87	920.0	268.0
154090	2017-04-04 12:12:00	2017-04-04 12:16:00	2017-04-04 12:18:00	C1.9	12644.0	POINT(83 14)	14	83	924.0	243.0
154100	2017-04-04 13:31:00	2017-04-04 13:41:00	2017-04-04 13:56:00	C2.3	12644.0	POINT(87 16)	16	87	920.0	268.0
154110	2017-04-04 16:14:00	2017-04-04 16:17:00	2017-04-04 16:19:00	C1.0	12645.0	POINT(43 -10)	-10	43	646.0	-90.0
154120	2017-04-04 16:23:00	2017-04-04 16:27:00	2017-04-04 16:34:00	B9.1		POINT(43 -10)	-10	43	646.0	-90.0
154130	2017-04-04 16:55:00	2017-04-04 17:01:00	2017-04-04 17:03:00	C1.9	12644.0	POINT(87 15)	15	87	925.0	252.0
154140	2017-04-04 19:21:00	2017-04-04 19:25:00	2017-04-04 19:27:00	C1.1	12645.0	POINT(44 -10)	-10	44	658.0	-91.0
154150	2017-04-04 19:42:00	2017-04-04 19:45:00	2017-04-04 19:48:00	B9.4		POINT(45 -10)	-10	45	670.0	-92.0
154160	2017-04-04 21:31:00	2017-04-04 21:36:00	2017-04-04 21:39:00	C2.1	12645.0	POINT(48 -10)	-10	48	704.0	-96.0
154170	2017-04-04 21:44:00	2017-04-04 21:48:00	2017-04-04 21:50:00	B9.9		POINT(46 -11)	-11	46	679.0	-110.0
154180	2017-04-04 22:22:00	2017-04-04 22:25:00	2017-04-04 22:27:00	C1.2		POINT(85 15)	15	85	923.0	256.0
154190	2017-04-04 23:30:00	2017-04-04 23:42:00	2017-04-04 23:46:00	C4.9	12645.0	POINT(50 -9)	-9	50	727.0	-82.0
154200	2017-04-05 01:18:00	2017-04-05 01:21:00	2017-04-05 01:23:00	B5.7		POINT(48 -10)	-10	48	704.0	-96.0
154210	2017-04-05 02:45:00	2017-04-05 02:50:00	2017-04-05 02:53:00	B9.8		POINT(88 14)	14	88	930.0	234.0
154220	2017-04-05 03:18:00	2017-04-05 03:22:00	2017-04-05 03:27:00	B5.0		POINT(49 -10)	-10	49	715.0	-98.0
154230	2017-04-05 04:51:00	2017-04-05 04:55:00	2017-04-05 04:58:00	C1.1	12645.0	POINT(52 -13)	-13	52	738.0	-152.0
154240	2017-04-05 08:37:00	2017-04-05 09:37:00	2017-04-05 09:42:00	C1.0	12645.0	POINT(53 -12)	-12	53	751.0	-137.0
154250	2017-04-05 12:24:00	2017-04-05 12:29:00	2017-04-05 12:38:00	B4.3		POINT(55 -11)	-11	55	773.0	-123.0
154260	2017-04-05 15:51:00	2017-04-05 15:55:00	2017-04-05 15:58:00	B5.9		POINT(56 -10)	-10	56	785.0	-108.0
154270	2017-04-05 17:34:00	2017-04-05 17:40:00	2017-04-05 17:45:00	B9.1	12645.0	POINT(57 -10)	-10	57	794.0	-110.0
154280	2017-04-06 06:47:00	2017-04-06 06:50:00	2017-04-06 06:52:00	B2.9	12645.0	POINT(65 -9)	-9	65	860.0	-106.0
154290	2017-04-06 07:23:00	2017-04-06 07:32:00	2017-04-06 07:43:00	B8.4	12645.0	POINT(67 -15)	-15	67	854.0	-208.0
154300	2017-04-06 08:39:00	2017-04-06 09:34:00	2017-04-06 09:45:00	B4.0	12645.0	POINT(79 -11)	-11	79	924.0	-162.0
154310	2017-04-06 10:15:00	2017-04-06 10:26:00	2017-04-06 10:29:00	C1.1	12645.0	POINT(65 -12)	-12	65	851.0	-155.0
154320	2017-04-06 12:01:00	2017-04-06 12:10:00	2017-04-06 12:20:00	C5.5	12645.0	POINT(68 -13)	-13	68	867.0	-177.0
154330	2017-04-06 17:21:00	2017-04-06 17:27:00	2017-04-06 17:34:00	B5.5	12645.0	POINT(71 -10)	-10	71	894.0	-132.0
154340	2017-04-06 21:06:00	2017-04-06 21:16:00	2017-04-06 21:21:00	B4.8	12645.0	POINT(74 -11)	-11	74	905.0	-154.0
154350	2017-04-06 22:59:00	2017-04-06 23:04:00	2017-04-06 23:11:00	B4.7	12645.0	POINT(75 -11)	-11	75	910.0	-156.0
154360	2017-04-07 00:13:00	2017-04-07 00:25:00	2017-04-07 00:33:00	C2.7	12645.0	POINT(75 -11)	-11	75	910.0	-156.0
154370	2017-04-07 08:49:00	2017-04-07 08:55:00	2017-04-07 09:03:00	B9.8	12645.0	POINT(82 -11)	-11	82	932.0	-168.0
154380	2017-04-07 17:13:00	2017-04-07 17:20:00	2017-04-07 17:24:00	B2.6	12645.0	POINT(89 -8)	-8	89	949.0	-131.0
154390	2017-04-07 19:42:00	2017-04-07 19:49:00	2017-04-07 19:52:00	C4.3	12645.0	POINT(89 -10)	-10	89	943.0	-164.0
154400	2017-04-08 00:38:00	2017-04-08 00:47:00	2017-04-08 00:51:00	B4.0	12645.0	POINT(89 -10)	-10	89	943.0	-164.0
154410	2017-04-08 01:42:00	2017-04-08 01:48:00	2017-04-08 01:53:00	B3.0	12650.0	POINT(-88 7)	7	-88	-950.0	120.0
154420	2017-04-08 02:55:00	2017-04-08 03:09:00	2017-04-08 03:17:00	C1.1	12645.0	POINT(89 -11)	-11	89	940.0	-180.0
154430	2017-04-08 08:47:00	2017-04-08 09:05:00	2017-04-08 09:12:00	C1.2	12645.0	POINT(88 -12)	-12	88	936.0	-195.0
154440	2017-04-08 13:23:00	2017-04-08 13:28:00	2017-04-08 13:35:00	B3.2	12650.0	POINT(-88 9)	9	-88	-945.0	152.0
154450	2017-04-08 14:14:00	2017-04-08 14:17:00	2017-04-08 14:23:00	B3.3	12645.0	POINT(88 -12)	-12	88	936.0	-195.0
154460	2017-04-08 15:05:00	2017-04-08 15:10:00	2017-04-08 15:16:00	B3.6	12650.0	POINT(-88 8)	8	-88	-948.0	136.0
154470	2017-04-08 17:03:00	2017-04-08 17:14:00	2017-04-08 17:26:00	B3.1	12650.0	POINT(-88 8)	8	-88	-948.0	136.0
154480	2017-04-08 19:18:00	2017-04-08 19:29:00	2017-04-08 19:45:00	B4.9	12645.0	POINT(88 -13)	-13	88	933.0	-211.0
154490	2017-04-08 23:51:00	2017-04-09 00:16:00	2017-04-09 00:23:00	B2.3	12650.0	POINT(-88 8)	8	-88	-948.0	136.0
154500	2017-04-09 17:21:00	2017-04-09 17:26:00	2017-04-09 17:30:00	B1.8	12648.0	POINT(26 -2)	-2	26	421.0	57.0
154510	2017-04-10 04:23:00	2017-04-10 04:36:00	2017-04-10 04:47:00	B2.7	12650.0	POINT(-73 10)	10	-73	-903.0	194.0
154520	2017-04-10 08:36:00	2017-04-10 08:39:00	2017-04-10 08:47:00	B1.1	12650.0	POINT(-65 12)	12	-65	-850.0	239.0
154530	2017-04-10 09:53:00	2017-04-10 09:58:00	2017-04-10 10:12:00	B1.3	12650.0	POINT(-64 9)	9	-64	-851.0	192.0
154540	2017-04-10 18:16:00	2017-04-10 18:23:00	2017-04-10 18:28:00	B4.8	12650.0	POINT(-66 14)	14	-66	-850.0	270.0
154550	2017-04-10 21:17:00	2017-04-10 21:22:00	2017-04-10 21:26:00	B1.6	12650.0	POINT(-61 10)	10	-61	-826.0	213.0
154560	2017-04-11 02:56:00	2017-04-11 03:00:00	2017-04-11 03:04:00	B3.9	12650.0	POINT(-56 9)	9	-56	-786.0	204.0
154570	2017-04-11 03:45:00	2017-04-11 04:00:00	2017-04-11 04:12:00	B1.3	12650.0	POINT(-56 9)	9	-56	-786.0	204.0
154580	2017-04-11 10:59:00	2017-04-11 11:11:00	2017-04-11 11:16:00	B1.3	12650.0	POINT(-52 9)	9	-52	-747.0	209.0
154590	2017-04-11 18:46:00	2017-04-11 18:50:00	2017-04-11 18:54:00	B1.0	12650.0	POINT(-51 -11)	-11	-51	-732.0	-122.0
154600	2017-04-11 19:38:00	2017-04-11 19:45:00	2017-04-11 19:53:00	B1.4	12650.0	POINT(-50 13)	13	-50	-716.0	276.0
154610	2017-04-12 00:07:00	2017-04-12 00:11:00	2017-04-12 00:32:00	B1.3	12650.0	POINT(-44 9)	9	-44	-659.0	219.0
154620	2017-04-12 14:27:00	2017-04-12 14:32:00	2017-04-12 14:38:00	B2.1		POINT(-40 13)	13	-40	-601.0	287.0
154630	2017-04-14 16:18:00	2017-04-14 16:21:00	2017-04-14 16:25:00	B1.2		POINT(-12 12)	12	-12	-195.0	289.0
154640	2017-04-16 21:53:00	2017-04-16 21:58:00	2017-04-16 22:10:00	B2.6		POINT(-87 23)	23	-87	-878.0	376.0
154650	2017-04-17 01:28:00	2017-04-17 01:39:00	2017-04-17 01:46:00	B3.6	12651.0	POINT(-87 23)	23	-87	-878.0	376.0
154660	2017-04-17 02:17:00	2017-04-17 02:47:00	2017-04-17 03:10:00	C2.0	12651.0	POINT(-88 13)	13	-88	-930.0	217.0
154670	2017-04-17 05:54:00	2017-04-17 05:58:00	2017-04-17 06:02:00	B4.0	12651.0	POINT(-88 9)	9	-88	-943.0	152.0
154680	2017-04-17 07:13:00	2017-04-17 07:21:00	2017-04-17 07:27:00	B7.1	12651.0	POINT(-88 9)	9	-88	-943.0	152.0
154690	2017-04-17 14:40:00	2017-04-17 14:46:00	2017-04-17 14:50:00	B3.6	12651.0	POINT(-88 8)	8	-88	-945.0	135.0
154700	2017-04-17 16:24:00	2017-04-17 16:30:00	2017-04-17 16:33:00	B3.2	12651.0	POINT(-88 9)	9	-88	-943.0	152.0
154710	2017-04-17 18:46:00	2017-04-17 18:53:00	2017-04-17 19:06:00	B5.7	12651.0	POINT(-79 23)	23	-79	-864.0	388.0
154720	2017-04-17 21:21:00	2017-04-17 21:42:00	2017-04-17 21:53:00	B7.5	12651.0	POINT(-88 9)	9	-88	-943.0	152.0
154730	2017-04-17 23:39:00	2017-04-17 23:44:00	2017-04-17 23:48:00	B2.0	12651.0	POINT(-88 10)	10	-88	-940.0	168.0
154740	2017-04-18 00:24:00	2017-04-18 00:28:00	2017-04-18 00:32:00	B2.4	12651.0	POINT(-88 10)	10	-88	-940.0	168.0
154750	2017-04-18 02:18:00	2017-04-18 02:22:00	2017-04-18 02:26:00	B1.7	12651.0	POINT(-86 14)	14	-86	-925.0	236.0
154760	2017-04-18 05:31:00	2017-04-18 05:37:00	2017-04-18 05:42:00	B5.6	12651.0	POINT(-82 14)	14	-82	-918.0	242.0
154770	2017-04-18 05:51:00	2017-04-18 05:54:00	2017-04-18 06:00:00	B2.1	12651.0	POINT(-82 9)	9	-82	-935.0	161.0
154780	2017-04-18 06:31:00	2017-04-18 06:40:00	2017-04-18 06:46:00	B6.9	12651.0	POINT(-83 10)	10	-83	-934.0	176.0
154790	2017-04-18 09:29:00	2017-04-18 09:41:00	2017-04-18 09:55:00	C3.3	12651.0	POINT(-84 9)	9	-84	-938.0	158.0
154800	2017-04-18 19:21:00	2017-04-18 20:10:00	2017-04-18 20:49:00	C5.5	12651.0	POINT(-77 14)	14	-77	-904.0	249.0
154810	2017-04-19 10:01:00	2017-04-19 10:05:00	2017-04-19 10:07:00	B5.4	12651.0	POINT(-65 12)	12	-65	-848.0	234.0
154820	2017-04-19 12:31:00	2017-04-19 12:34:00	2017-04-19 12:37:00	B2.5	12651.0	POINT(-64 12)	12	-64	-841.0	235.0
154830	2017-04-19 16:32:00	2017-04-19 16:36:00	2017-04-19 16:39:00	B7.2	12651.0	POINT(-61 13)	13	-61	-815.0	255.0
154840	2017-04-19 17:53:00	2017-04-19 17:56:00	2017-04-19 18:00:00	B1.6	12651.0	POINT(-63 9)	9	-63	-842.0	188.0
154850	2017-04-20 06:49:00	2017-04-20 06:56:00	2017-04-20 07:04:00	B8.0	12651.0	POINT(-55 13)	13	-55	-764.0	263.0
154860	2017-04-20 08:42:00	2017-04-20 08:46:00	2017-04-20 08:53:00	B1.9		POINT(-42 25)	25	-42	-581.0	461.0
154870	2017-04-20 10:43:00	2017-04-20 10:49:00	2017-04-20 10:58:00	B2.6	12651.0	POINT(-51 13)	13	-51	-725.0	267.0
154880	2017-04-20 21:17:00	2017-04-20 21:22:00	2017-04-20 21:34:00	B3.7	12651.0	POINT(-44 13)	13	-44	-648.0	274.0
154890	2017-04-21 02:58:00	2017-04-21 03:02:00	2017-04-21 03:04:00	B2.4	12651.0	POINT(-43 12)	12	-43	-639.0	259.0
154900	2017-04-21 12:06:00	2017-04-21 12:16:00	2017-04-21 12:26:00	B6.2	12651.0	POINT(-35 16)	16	-35	-528.0	329.0
154910	2017-04-21 17:05:00	2017-04-21 17:10:00	2017-04-21 17:17:00	B2.0	12651.0	POINT(-33 12)	12	-33	-510.0	267.0
154920	2017-04-21 17:23:00	2017-04-21 17:30:00	2017-04-21 17:41:00	B4.1	12651.0	POINT(-34 11)	11	-34	-526.0	251.0
154930	2017-04-21 19:35:00	2017-04-21 19:40:00	2017-04-21 19:44:00	B4.1	12651.0	POINT(-33 13)	13	-33	-508.0	283.0
154940	2017-04-21 22:03:00	2017-04-21 22:07:00	2017-04-21 22:09:00	B2.2		POINT(-78 -8)	-8	-78	-925.0	-115.0
154950	2017-04-22 00:22:00	2017-04-22 00:34:00	2017-04-22 00:42:00	B9.6	12651.0	POINT(-29 14)	14	-29	-450.0	302.0
154960	2017-04-22 10:07:00	2017-04-22 10:10:00	2017-04-22 10:13:00	B1.8	12651.0	POINT(-22 13)	13	-22	-350.0	290.0
154970	2017-04-22 12:08:00	2017-04-22 12:13:00	2017-04-22 12:16:00	B2.0	12653.0	POINT(-69 -8)	-8	-69	-883.0	-103.0
154980	2017-04-22 14:52:00	2017-04-22 14:58:00	2017-04-22 15:01:00	B2.1	12651.0	POINT(-20 12)	12	-20	-320.0	275.0
154990	2017-04-23 02:00:00	2017-04-23 02:04:00	2017-04-23 02:07:00	B2.2	12651.0	POINT(-17 13)	13	-17	-273.0	291.0
155000	2017-04-23 03:02:00	2017-04-23 03:06:00	2017-04-23 03:09:00	B3.7	12651.0	POINT(-16 13)	13	-16	-257.0	292.0
155010	2017-04-23 15:47:00	2017-04-23 15:57:00	2017-04-23 16:12:00	B1.8		POINT(1 25)	25	1	15.0	477.0
155020	2017-04-24 21:31:00	2017-04-24 21:36:00	2017-04-24 21:41:00	B2.2	12653.0	POINT(-40 -11)	-11	-40	-604.0	-122.0
155030	2017-04-24 22:15:00	2017-04-24 22:19:00	2017-04-24 22:25:00	B2.6	12652.0	POINT(-2 14)	14	-2	-32.0	308.0
155040	2017-04-25 00:16:00	2017-04-25 00:24:00	2017-04-25 00:32:00	B1.1		POINT(-1 14)	14	-1	-16.0	308.0
155050	2017-04-25 05:39:00	2017-04-25 05:42:00	2017-04-25 05:50:00	B1.0	12651.0	POINT(22 25)	25	22	325.0	469.0
155060	2017-04-25 06:56:00	2017-04-25 07:01:00	2017-04-25 07:14:00	B1.2	12651.0	POINT(-35 -11)	-11	-35	-539.0	-119.0
155070	2017-04-25 20:14:00	2017-04-25 20:25:00	2017-04-25 20:37:00	B7.2	12651.0	POINT(9 12)	12	9	146.0	274.0
155080	2017-04-26 02:29:00	2017-04-26 02:32:00	2017-04-26 02:36:00	B1.4	12653.0	POINT(-23 -12)	-12	-23	-366.0	-129.0
155090	2017-04-26 12:24:00	2017-04-26 12:30:00	2017-04-26 12:46:00	B2.9	12652.0	POINT(18 12)	12	18	289.0	270.0
155100	2017-04-26 15:28:00	2017-04-26 15:38:00	2017-04-26 15:50:00	B3.4	12652.0	POINT(22 14)	14	22	348.0	300.0
155110	2017-04-26 17:36:00	2017-04-26 17:48:00	2017-04-26 17:58:00	B4.5	12653.0	POINT(-15 -12)	-12	-15	-242.0	-126.0
155120	2017-04-28 17:09:00	2017-04-28 17:12:00	2017-04-28 17:15:00	B1.3	12653.0	POINT(12 -12)	-12	12	195.0	-128.0
155130	2017-04-30 00:12:00	2017-04-30 00:57:00	2017-04-30 02:25:00	B3.0	12653.0	POINT(30 -14)	-14	30	464.0	-171.0
155140	2017-04-30 18:27:00	2017-04-30 18:32:00	2017-04-30 18:37:00	B1.9	12651.0	POINT(71 21)	21	71	841.0	362.0
155150	2017-04-30 23:44:00	2017-04-30 23:48:00	2017-04-30 23:50:00	B1.1	12651.0	POINT(-88 12)	12	-88	-930.0	200.0
155160	2017-05-01 03:55:00	2017-05-01 04:00:00	2017-05-01 04:05:00	B9.9	12652.0	POINT(78 18)	18	78	886.0	307.0
155170	2017-05-01 09:05:00	2017-05-01 09:11:00	2017-05-01 09:15:00	B1.4	12652.0	POINT(79 21)	21	79	873.0	353.0
155180	2017-05-01 12:58:00	2017-05-01 13:03:00	2017-05-01 13:09:00	B2.9	12652.0	POINT(79 19)	19	79	884.0	322.0
155190	2017-05-02 19:33:00	2017-05-02 19:36:00	2017-05-02 19:41:00	B1.3	12654.0	POINT(-5 10)	10	-5	-82.0	231.0
155200	2017-05-05 03:30:00	2017-05-05 03:38:00	2017-05-05 03:43:00	B1.4	12655.0	POINT(-38 14)	14	-38	-570.0	278.0
155210	2017-05-05 04:18:00	2017-05-05 04:37:00	2017-05-05 04:42:00	B4.7	12655.0	POINT(-36 14)	14	-36	-544.0	279.0
155220	2017-05-05 06:09:00	2017-05-05 06:14:00	2017-05-05 06:18:00	B1.5	12654.0	POINT(28 11)	11	28	440.0	236.0
155230	2017-05-05 08:41:00	2017-05-05 08:45:00	2017-05-05 08:50:00	B1.5	12655.0	POINT(-33 13)	13	-33	-506.0	265.0
155240	2017-05-05 10:25:00	2017-05-05 10:33:00	2017-05-05 10:39:00	B4.2	12655.0	POINT(-32 13)	13	-32	-493.0	265.0
155250	2017-05-05 12:23:00	2017-05-05 12:29:00	2017-05-05 12:36:00	B3.4	12655.0	POINT(-31 15)	15	-31	-475.0	298.0
155260	2017-05-05 14:23:00	2017-05-05 14:28:00	2017-05-05 14:36:00	B1.7	12654.0	POINT(32 10)	10	32	498.0	217.0
155270	2017-05-05 15:26:00	2017-05-05 15:35:00	2017-05-05 15:43:00	B2.8	12655.0	POINT(-30 13)	13	-30	-465.0	266.0
155280	2017-05-05 22:50:00	2017-05-05 22:57:00	2017-05-05 23:12:00	B3.3	12655.0	POINT(-26 13)	13	-26	-408.0	268.0
155290	2017-05-06 01:04:00	2017-05-06 01:09:00	2017-05-06 01:14:00	B3.1	12655.0	POINT(-24 12)	12	-24	-380.0	252.0
155300	2017-05-06 11:10:00	2017-05-06 11:14:00	2017-05-06 11:20:00	B1.1	12655.0	POINT(43 10)	10	43	641.0	208.0
155310	2017-05-06 18:27:00	2017-05-06 18:31:00	2017-05-06 18:34:00	B1.0	12654.0	POINT(48 11)	11	48	695.0	221.0
155320	2017-05-06 19:55:00	2017-05-06 20:09:00	2017-05-06 20:23:00	B3.5	12654.0	POINT(52 13)	13	52	732.0	250.0
155330	2017-05-16 04:07:00	2017-05-16 04:16:00	2017-05-16 04:26:00	B2.2	12657.0	POINT(-33 7)	7	-33	-515.0	151.0
155340	2017-05-16 18:06:00	2017-05-16 18:09:00	2017-05-16 18:13:00	B1.2	12657.0	POINT(-24 6)	6	-24	-385.0	137.0
155350	2017-05-18 16:34:00	2017-05-18 16:39:00	2017-05-18 16:44:00	B1.1	12656.0	POINT(-38 10)	10	-38	-577.0	194.0
155360	2017-05-21 07:37:00	2017-05-21 07:44:00	2017-05-21 07:48:00	B1.4	12658.0	POINT(-2 -6)	-6	-2	-33.0	-67.0
155370	2017-05-22 22:01:00	2017-05-22 22:05:00	2017-05-22 22:09:00	B1.5	12660.0	POINT(11 -10)	-10	11	179.0	-137.0
155380	2017-05-23 14:04:00	2017-05-23 14:21:00	2017-05-23 14:37:00	B4.4	12660.0	POINT(21 -12)	-12	21	333.0	-172.0
155390	2017-05-24 02:33:00	2017-05-24 02:36:00	2017-05-24 02:42:00	B1.2		POINT(28 -9)	-9	28	441.0	-125.0
155400	2017-05-24 13:31:00	2017-05-24 13:44:00	2017-05-24 13:56:00	B3.8	12660.0	POINT(35 -11)	-11	35	535.0	-161.0
155410	2017-05-25 13:22:00	2017-05-25 13:26:00	2017-05-25 13:31:00	B2.2		POINT(25 13)	13	25	391.0	235.0
155420	2017-05-25 15:22:00	2017-05-25 15:27:00	2017-05-25 15:33:00	B2.2		POINT(24 12)	12	24	378.0	219.0
155430	2017-05-25 21:10:00	2017-05-25 21:17:00	2017-05-25 21:27:00	B5.0		POINT(28 13)	13	28	435.0	234.0
155440	2017-05-26 01:33:00	2017-05-26 01:36:00	2017-05-26 01:40:00	B1.8	12659.0	POINT(31 12)	12	31	479.0	217.0
155450	2017-05-26 09:25:00	2017-05-26 09:28:00	2017-05-26 09:30:00	B1.2	12659.0	POINT(34 13)	13	34	518.0	232.0
155460	2017-05-26 21:18:00	2017-05-26 21:23:00	2017-05-26 21:32:00	B2.9	12659.0	POINT(44 14)	14	44	640.0	244.0
155470	2017-05-27 08:48:00	2017-05-27 08:51:00	2017-05-27 08:57:00	B2.2	12659.0	POINT(52 11)	11	52	734.0	193.0
155480	2017-05-27 10:22:00	2017-05-27 10:37:00	2017-05-27 10:53:00	B3.1	12659.0	POINT(53 14)	14	53	735.0	241.0
155490	2017-05-27 17:47:00	2017-05-27 18:30:00	2017-05-27 19:04:00	B9.2	12659.0	POINT(55 15)	15	55	751.0	256.0
155500	2017-05-27 21:18:00	2017-05-27 21:24:00	2017-05-27 21:28:00	B4.4	12659.0	POINT(55 13)	13	55	757.0	224.0
155510	2017-05-27 22:08:00	2017-05-27 22:11:00	2017-05-27 22:14:00	B7.2	12659.0	POINT(54 15)	15	54	741.0	256.0
155520	2017-05-28 00:55:00	2017-05-28 01:00:00	2017-05-28 01:03:00	B3.8	12659.0	POINT(56 13)	13	56	766.0	224.0
155530	2017-05-28 06:34:00	2017-05-28 06:39:00	2017-05-28 06:51:00	B6.7	12659.0	POINT(60 11)	11	60	806.0	190.0
155540	2017-05-28 08:45:00	2017-05-28 08:49:00	2017-05-28 09:03:00	B1.6		POINT(60 13)	13	60	800.0	222.0
155550	2017-05-28 10:46:00	2017-05-28 10:51:00	2017-05-28 10:54:00	B8.0	12659.0	POINT(62 13)	13	62	816.0	222.0
155560	2017-05-28 11:39:00	2017-05-28 11:47:00	2017-05-28 11:54:00	B6.6	12659.0	POINT(62 13)	13	62	816.0	222.0
155570	2017-05-28 13:18:00	2017-05-28 13:23:00	2017-05-28 13:29:00	B4.0	12659.0	POINT(63 14)	14	63	820.0	237.0
155580	2017-05-28 14:22:00	2017-05-28 14:25:00	2017-05-28 14:30:00	B1.6	12659.0	POINT(64 13)	13	64	830.0	221.0
155590	2017-05-28 15:42:00	2017-05-28 15:52:00	2017-05-28 15:57:00	B3.0	12659.0	POINT(64 13)	13	64	830.0	221.0
155600	2017-05-28 18:55:00	2017-05-28 18:59:00	2017-05-28 19:04:00	B2.7	12659.0	POINT(67 15)	15	67	843.0	252.0
155610	2017-05-28 19:22:00	2017-05-28 19:28:00	2017-05-28 19:37:00	C3.3	12659.0	POINT(68 14)	14	68	853.0	236.0
155620	2017-05-28 23:05:00	2017-05-28 23:13:00	2017-05-28 23:26:00	C1.0	12659.0	POINT(70 14)	14	70	864.0	235.0
155630	2017-05-29 09:30:00	2017-05-29 09:34:00	2017-05-29 09:37:00	B2.3	12659.0	POINT(78 13)	13	78	903.0	216.0
155640	2017-05-29 11:35:00	2017-05-29 11:41:00	2017-05-29 11:47:00	B2.3	12659.0	POINT(78 13)	13	78	902.0	216.0
155650	2017-05-29 14:40:00	2017-05-29 14:48:00	2017-05-29 14:57:00	B6.8	12659.0	POINT(83 13)	13	83	915.0	215.0
155660	2017-05-29 16:55:00	2017-05-29 16:58:00	2017-05-29 17:00:00	B1.7	12659.0	POINT(81 14)	14	81	907.0	231.0
155670	2017-05-29 18:20:00	2017-05-29 18:24:00	2017-05-29 18:31:00	B2.8	12659.0	POINT(81 14)	14	81	907.0	231.0
155680	2017-05-30 04:01:00	2017-05-30 04:07:00	2017-05-30 04:15:00	B2.9	12659.0	POINT(89 13)	13	89	922.0	213.0
155690	2017-05-30 05:58:00	2017-05-30 06:01:00	2017-05-30 06:03:00	B1.3	12659.0	POINT(89 14)	14	89	918.0	229.0
155700	2017-05-30 06:30:00	2017-05-30 06:38:00	2017-05-30 06:54:00	B1.4		POINT(89 13)	13	89	922.0	213.0
155710	2017-05-30 18:39:00	2017-05-30 18:44:00	2017-05-30 18:47:00	B4.3	12659.0	POINT(89 14)	14	89	918.0	229.0
155720	2017-05-30 19:44:00	2017-05-30 19:47:00	2017-05-30 19:51:00	B6.8	12659.0	POINT(89 14)	14	89	918.0	229.0
155730	2017-05-31 02:11:00	2017-05-31 02:16:00	2017-05-31 02:19:00	B6.3	12659.0	POINT(89 14)	14	89	918.0	229.0
155740	2017-05-31 08:52:00	2017-05-31 09:26:00	2017-05-31 09:48:00	B4.4	12661.0	POINT(-89 7)	7	-89	-939.0	115.0
155750	2017-05-31 11:33:00	2017-05-31 11:40:00	2017-05-31 11:46:00	B6.4	12661.0	POINT(-89 5)	5	-89	-942.0	83.0
155760	2017-05-31 14:40:00	2017-05-31 14:45:00	2017-05-31 14:50:00	B2.4	12661.0	POINT(-89 4)	4	-89	-943.0	66.0
155770	2017-05-31 15:51:00	2017-05-31 15:56:00	2017-05-31 16:12:00	B3.0	12661.0	POINT(-85 7)	7	-85	-935.0	116.0
155780	2017-05-31 17:23:00	2017-05-31 17:31:00	2017-05-31 17:36:00	B3.1	12661.0	POINT(-89 5)	5	-89	-942.0	83.0
155790	2017-05-31 17:48:00	2017-05-31 17:54:00	2017-05-31 17:56:00	B4.1	12661.0	POINT(-89 4)	4	-89	-943.0	66.0
155800	2017-05-31 18:14:00	2017-05-31 18:18:00	2017-05-31 18:25:00	B3.5	12661.0	POINT(-89 6)	6	-89	-940.0	99.0
155810	2017-05-31 18:41:00	2017-05-31 18:48:00	2017-05-31 18:57:00	C1.3	12661.0	POINT(-89 4)	4	-89	-943.0	66.0
155820	2017-05-31 20:53:00	2017-05-31 21:06:00	2017-05-31 21:17:00	C1.3	12661.0	POINT(-89 7)	7	-89	-939.0	115.0
155830	2017-05-31 22:42:00	2017-05-31 22:42:00	2017-05-31 23:14:00	C2.0	12661.0	POINT(-86 4)	4	-86	-941.0	67.0
155840	2017-06-01 01:12:00	2017-06-01 01:43:00	2017-06-01 01:53:00	C6.6	12661.0	POINT(-89 7)	7	-89	-939.0	115.0
155850	2017-06-01 04:48:00	2017-06-01 05:38:00	2017-06-01 06:01:00	B7.8	12661.0	POINT(-89 6)	6	-89	-940.0	99.0
155860	2017-06-01 06:53:00	2017-06-01 07:53:00	2017-06-01 08:09:00	C1.4	12661.0	POINT(-88 5)	5	-88	-942.0	83.0
155870	2017-06-01 09:22:00	2017-06-01 09:25:00	2017-06-01 09:29:00	C2.5	12661.0	POINT(-81 7)	7	-81	-928.0	117.0
155880	2017-06-01 17:34:00	2017-06-01 17:38:00	2017-06-01 17:41:00	C1.0	12661.0	POINT(-77 5)	5	-77	-919.0	85.0
155890	2017-06-01 17:56:00	2017-06-01 18:09:00	2017-06-01 18:33:00	C1.4	12661.0	POINT(-76 5)	5	-76	-915.0	85.0
155900	2017-06-01 20:22:00	2017-06-01 20:28:00	2017-06-01 20:32:00	C1.0	12661.0	POINT(-75 5)	5	-75	-911.0	85.0
155910	2017-06-01 21:31:00	2017-06-01 22:59:00	2017-06-01 23:22:00	C3.0		POINT(-74 5)	5	-74	-907.0	85.0
155920	2017-06-02 01:29:00	2017-06-02 01:33:00	2017-06-02 01:36:00	B8.5	12661.0	POINT(-71 5)	5	-71	-892.0	85.0
155930	2017-06-02 01:42:00	2017-06-02 01:48:00	2017-06-02 01:51:00	C1.1	12661.0	POINT(-72 4)	4	-72	-898.0	69.0
155940	2017-06-02 02:58:00	2017-06-02 03:03:00	2017-06-02 03:08:00	B5.9	12661.0	POINT(-70 5)	5	-70	-887.0	86.0
155950	2017-06-02 05:50:00	2017-06-02 05:55:00	2017-06-02 06:04:00	B8.4	12661.0	POINT(-68 7)	7	-68	-872.0	119.0
155960	2017-06-02 09:47:00	2017-06-02 09:53:00	2017-06-02 09:56:00	B4.6	12661.0	POINT(-64 8)	8	-64	-843.0	135.0
155970	2017-06-02 11:22:00	2017-06-02 11:27:00	2017-06-02 11:36:00	B4.8	12661.0	POINT(-69 5)	5	-69	-881.0	85.0
155980	2017-06-02 12:15:00	2017-06-02 12:23:00	2017-06-02 12:29:00	C1.2	12661.0	POINT(-68 6)	6	-68	-873.0	102.0
155990	2017-06-02 13:32:00	2017-06-02 13:57:00	2017-06-02 14:05:00	B4.0	12661.0	POINT(-66 8)	8	-66	-857.0	135.0
156000	2017-06-02 14:43:00	2017-06-02 14:52:00	2017-06-02 15:01:00	B8.1	12661.0	POINT(-66 8)	8	-66	-857.0	135.0
156010	2017-06-02 15:27:00	2017-06-02 15:31:00	2017-06-02 15:36:00	B4.2	12661.0	POINT(-63 5)	5	-63	-841.0	86.0
156020	2017-06-02 17:50:00	2017-06-02 17:57:00	2017-06-02 18:01:00	C8.0	12661.0	POINT(-62 5)	5	-62	-833.0	86.0
156030	2017-06-02 19:49:00	2017-06-02 19:56:00	2017-06-02 20:02:00	B6.9	12661.0	POINT(-62 5)	5	-62	-833.0	86.0
156040	2017-06-03 09:37:00	2017-06-03 09:57:00	2017-06-03 10:05:00	C2.1	12661.0	POINT(-55 6)	6	-55	-772.0	103.0
156050	2017-06-03 14:47:00	2017-06-03 14:56:00	2017-06-03 15:00:00	C2.5	12661.0	POINT(-52 6)	6	-52	-743.0	103.0
156060	2017-06-03 17:52:00	2017-06-03 17:57:00	2017-06-03 18:01:00	B3.0	12661.0	POINT(-52 7)	7	-52	-741.0	119.0
156070	2017-06-03 19:21:00	2017-06-03 19:34:00	2017-06-03 19:41:00	C2.5	12661.0	POINT(-50 6)	6	-50	-722.0	103.0
156080	2017-06-03 21:40:00	2017-06-03 21:43:00	2017-06-03 21:46:00	B1.6	12661.0	POINT(-47 4)	4	-47	-692.0	70.0
156090	2017-06-03 21:54:00	2017-06-03 21:59:00	2017-06-03 22:09:00	B1.9	12661.0	POINT(-44 5)	5	-44	-656.0	86.0
156100	2017-06-03 23:44:00	2017-06-03 23:51:00	2017-06-03 23:58:00	B6.4	12661.0	POINT(-43 6)	6	-43	-643.0	103.0
156110	2017-06-04 01:01:00	2017-06-04 01:09:00	2017-06-04 01:16:00	B2.2	12661.0	POINT(-43 6)	6	-43	-643.0	103.0
156120	2017-06-04 02:45:00	2017-06-04 02:49:00	2017-06-04 02:54:00	B4.3	12661.0	POINT(-42 5)	5	-42	-632.0	86.0
156130	2017-06-04 06:28:00	2017-06-04 06:32:00	2017-06-04 06:36:00	B1.8	12661.0	POINT(-44 6)	6	-44	-655.0	102.0
156140	2017-06-04 07:16:00	2017-06-04 07:20:00	2017-06-04 07:30:00	B1.1	12661.0	POINT(-40 8)	8	-40	-604.0	135.0
156150	2017-06-04 19:00:00	2017-06-04 19:04:00	2017-06-04 19:08:00	B1.6	12661.0	POINT(-30 5)	5	-30	-473.0	86.0
156160	2017-06-04 21:02:00	2017-06-04 21:05:00	2017-06-04 21:09:00	B1.1	12661.0	POINT(-32 8)	8	-32	-498.0	135.0
156170	2017-06-05 05:14:00	2017-06-05 05:31:00	2017-06-05 05:41:00	C2.7	12661.0	POINT(-30 6)	6	-30	-472.0	101.0
156180	2017-06-05 06:04:00	2017-06-05 07:17:00	2017-06-05 07:47:00	B8.1	12661.0	POINT(74 16)	16	74	874.0	261.0
156190	2017-06-05 07:53:00	2017-06-05 07:59:00	2017-06-05 08:05:00	B5.9	12661.0	POINT(74 16)	16	74	874.0	261.0
156200	2017-06-05 09:16:00	2017-06-05 10:48:00	2017-06-05 11:09:00	C1.2		POINT(75 16)	16	75	879.0	261.0
156210	2017-06-05 11:18:00	2017-06-05 11:37:00	2017-06-05 11:45:00	B3.6		POINT(75 16)	16	75	879.0	261.0
156220	2017-06-05 12:46:00	2017-06-05 12:55:00	2017-06-05 13:06:00	B3.3		POINT(80 16)	16	80	895.0	261.0
156230	2017-06-05 14:26:00	2017-06-05 14:26:00	2017-06-05 14:33:00	B1.6		POINT(77 20)	20	77	866.0	324.0
156240	2017-06-05 16:00:00	2017-06-05 16:10:00	2017-06-05 16:15:00	B5.8	12661.0	POINT(-18 6)	6	-18	-292.0	101.0
156250	2017-06-05 18:38:00	2017-06-05 18:44:00	2017-06-05 18:50:00	B3.0	12661.0	POINT(86 18)	18	86	897.0	292.0
156260	2017-06-05 19:14:00	2017-06-05 19:22:00	2017-06-05 19:26:00	B9.4	12661.0	POINT(-16 6)	6	-16	-260.0	101.0
156270	2017-06-06 01:03:00	2017-06-06 01:06:00	2017-06-06 01:16:00	B1.2		POINT(-12 5)	5	-12	-197.0	84.0
156280	2017-06-06 03:12:00	2017-06-06 03:15:00	2017-06-06 03:18:00	B1.0		POINT(-17 4)	4	-17	-277.0	67.0
156290	2017-06-06 05:11:00	2017-06-06 05:14:00	2017-06-06 05:16:00	B1.0	12661.0	POINT(89 18)	18	89	899.0	292.0
156300	2017-06-06 09:27:00	2017-06-06 09:31:00	2017-06-06 09:34:00	B1.6	12661.0	POINT(89 18)	18	89	899.0	292.0
156310	2017-06-06 11:11:00	2017-06-06 11:24:00	2017-06-06 11:29:00	B1.8		POINT(89 17)	17	89	904.0	276.0
156320	2017-06-06 11:55:00	2017-06-06 11:58:00	2017-06-06 12:00:00	B1.8		POINT(89 17)	17	89	904.0	276.0
156330	2017-06-06 12:34:00	2017-06-06 12:37:00	2017-06-06 12:39:00	B1.8		POINT(89 18)	18	89	899.0	292.0
156340	2017-06-06 13:05:00	2017-06-06 13:08:00	2017-06-06 13:10:00	B1.6		POINT(89 18)	18	89	899.0	292.0
156350	2017-06-06 13:18:00	2017-06-06 13:22:00	2017-06-06 13:25:00	B1.3		POINT(83 17)	17	83	897.0	276.0
156360	2017-06-06 15:09:00	2017-06-06 15:14:00	2017-06-06 15:19:00	B4.1		POINT(89 18)	18	89	899.0	292.0
156370	2017-06-06 20:27:00	2017-06-06 20:47:00	2017-06-06 20:59:00	B5.9	12661.0	POINT(-7 4)	4	-7	-115.0	66.0
156380	2017-06-07 02:12:00	2017-06-07 03:33:00	2017-06-07 03:56:00	C1.3	12661.0	POINT(5 7)	7	5	82.0	114.0
156390	2017-06-07 08:40:00	2017-06-07 08:47:00	2017-06-07 08:57:00	B2.4		POINT(89 19)	19	89	893.0	308.0
156400	2017-06-07 10:03:00	2017-06-07 10:22:00	2017-06-07 10:50:00	C1.2		POINT(89 20)	20	89	888.0	323.0
156410	2017-06-07 12:14:00	2017-06-07 12:18:00	2017-06-07 12:34:00	B1.6	12661.0	POINT(1 4)	4	1	17.0	64.0
156420	2017-06-07 16:22:00	2017-06-07 16:58:00	2017-06-07 17:24:00	B4.4	12661.0	POINT(5 6)	6	5	82.0	97.0
156430	2017-06-08 03:38:00	2017-06-08 03:50:00	2017-06-08 04:09:00	B2.9	12661.0	POINT(15 4)	4	15	245.0	63.0
156440	2017-06-09 11:52:00	2017-06-09 12:53:00	2017-06-09 13:19:00	B4.1	12661.0	POINT(34 7)	7	34	526.0	111.0
156450	2017-06-10 10:18:00	2017-06-10 10:23:00	2017-06-10 10:29:00	B1.7	12661.0	POINT(44 4)	4	44	657.0	61.0
156460	2017-06-11 01:07:00	2017-06-11 01:44:00	2017-06-11 02:23:00	B1.5	12661.0	POINT(29 10)	10	29	453.0	157.0
156470	2017-06-13 18:45:00	2017-06-13 19:40:00	2017-06-13 20:22:00	B3.8	12661.0	POINT(89 4)	4	89	942.0	66.0
156480	2017-06-14 18:59:00	2017-06-14 19:07:00	2017-06-14 19:12:00	B1.9		POINT(89 8)	8	89	935.0	131.0
156490	2017-06-15 05:15:00	2017-06-15 05:18:00	2017-06-15 05:20:00	B1.6	12663.0	POINT(-11 14)	14	-11	-176.0	213.0
156500	2017-06-15 06:26:00	2017-06-15 06:29:00	2017-06-15 06:31:00	B1.4	12663.0	POINT(-10 13)	13	-10	-160.0	197.0
156510	2017-06-15 07:30:00	2017-06-15 07:33:00	2017-06-15 07:35:00	B1.8	12663.0	POINT(-10 13)	13	-10	-160.0	197.0
156520	2017-06-15 09:03:00	2017-06-15 09:06:00	2017-06-15 09:08:00	B2.1	12663.0	POINT(-9 13)	13	-9	-145.0	196.0
156530	2017-06-15 16:57:00	2017-06-15 17:00:00	2017-06-15 17:06:00	B2.9	12663.0	POINT(-6 14)	14	-6	-96.0	212.0
156540	2017-06-17 02:51:00	2017-06-17 02:57:00	2017-06-17 03:01:00	B1.4	12663.0	POINT(15 13)	13	15	239.0	193.0
156550	2017-06-18 09:10:00	2017-06-18 09:21:00	2017-06-18 09:32:00	B2.5	12663.0	POINT(34 14)	14	34	514.0	210.0
156560	2017-06-18 12:35:00	2017-06-18 12:40:00	2017-06-18 12:59:00	B1.4	12663.0	POINT(33 14)	14	33	501.0	210.0
156570	2017-06-18 13:33:00	2017-06-18 13:44:00	2017-06-18 13:54:00	B2.9	12663.0	POINT(38 14)	14	38	566.0	211.0
156580	2017-06-18 21:30:00	2017-06-18 21:40:00	2017-06-18 21:48:00	B2.1	12663.0	POINT(39 14)	14	39	578.0	211.0
156590	2017-06-19 04:24:00	2017-06-19 04:29:00	2017-06-19 04:36:00	B3.0	12663.0	POINT(-89 17)	17	-89	-902.0	275.0
156600	2017-06-19 13:03:00	2017-06-19 13:06:00	2017-06-19 13:09:00	B1.0	12663.0	POINT(47 13)	13	47	675.0	196.0
156610	2017-06-19 15:58:00	2017-06-19 16:05:00	2017-06-19 16:09:00	B5.0	12663.0	POINT(-89 17)	17	-89	-902.0	275.0
156620	2017-06-20 05:32:00	2017-06-20 05:40:00	2017-06-20 05:50:00	B1.4	12663.0	POINT(57 13)	13	57	773.0	198.0
156630	2017-06-20 06:01:00	2017-06-20 07:18:00	2017-06-20 08:48:00	B1.5	12664.0	POINT(-89 22)	22	-89	-875.0	353.0
156640	2017-06-22 00:36:00	2017-06-22 00:49:00	2017-06-22 01:02:00	B1.5	12664.0	POINT(-65 19)	19	-65	-810.0	295.0
156650	2017-06-26 07:23:00	2017-06-26 07:28:00	2017-06-26 07:33:00	B1.3	12664.0	POINT(-3 19)	19	-3	-47.0	272.0
156660	2017-06-27 07:29:00	2017-06-27 07:35:00	2017-06-27 07:41:00	B1.2	12664.0	POINT(10 20)	20	10	155.0	286.0
156670	2017-06-27 20:49:00	2017-06-27 20:53:00	2017-06-27 20:56:00	B1.2	12664.0	POINT(18 18)	18	18	278.0	255.0
156680	2017-06-27 21:09:00	2017-06-27 21:15:00	2017-06-27 21:19:00	B2.6	12664.0	POINT(18 19)	19	18	277.0	271.0
156690	2017-06-28 12:27:00	2017-06-28 15:24:00	2017-06-28 18:35:00	B1.3	12664.0	POINT(24 20)	20	24	362.0	287.0
156700	2017-07-02 12:23:00	2017-07-02 12:39:00	2017-07-02 12:59:00	B3.1	12664.0	POINT(89 16)	16	89	907.0	259.0
156710	2017-07-03 06:17:00	2017-07-03 06:21:00	2017-07-03 06:25:00	B3.5	12664.0	POINT(87 0)	0	87	942.0	-3.0
156720	2017-07-03 06:33:00	2017-07-03 06:35:00	2017-07-03 06:48:00	B8.0	12664.0	POINT(87 0)	0	87	942.0	-3.0
156730	2017-07-03 07:06:00	2017-07-03 07:10:00	2017-07-03 07:12:00	B1.9	12664.0	POINT(89 2)	2	89	943.0	32.0
156740	2017-07-03 07:28:00	2017-07-03 07:31:00	2017-07-03 07:34:00	B1.3	12664.0	POINT(89 2)	2	89	943.0	32.0
156750	2017-07-03 08:47:00	2017-07-03 09:00:00	2017-07-03 09:08:00	B2.4	12664.0	POINT(89 2)	2	89	943.0	32.0
156760	2017-07-03 09:43:00	2017-07-03 09:50:00	2017-07-03 10:04:00	B2.2	12664.0	POINT(89 2)	2	89	943.0	32.0
156770	2017-07-03 10:31:00	2017-07-03 10:51:00	2017-07-03 11:03:00	B2.7	12664.0	POINT(89 2)	2	89	943.0	32.0
156780	2017-07-03 11:21:00	2017-07-03 11:25:00	2017-07-03 11:29:00	B2.6	12664.0	POINT(85 2)	2	85	939.0	28.0
156790	2017-07-03 12:36:00	2017-07-03 12:47:00	2017-07-03 12:53:00	B4.0		POINT(89 2)	2	89	943.0	32.0
156800	2017-07-03 13:31:00	2017-07-03 13:35:00	2017-07-03 13:37:00	B6.2		POINT(89 2)	2	89	943.0	32.0
156810	2017-07-03 15:37:00	2017-07-03 16:15:00	2017-07-03 16:18:00	M1.3		POINT(89 3)	3	89	942.0	48.0
156820	2017-07-03 17:47:00	2017-07-03 17:58:00	2017-07-03 18:02:00	B9.2		POINT(89 2)	2	89	943.0	32.0
156830	2017-07-03 18:12:00	2017-07-03 18:17:00	2017-07-03 18:21:00	B8.7		POINT(89 3)	3	89	942.0	48.0
156840	2017-07-03 19:13:00	2017-07-03 19:17:00	2017-07-03 19:22:00	B2.6		POINT(89 2)	2	89	943.0	32.0
156850	2017-07-03 20:51:00	2017-07-03 20:54:00	2017-07-03 20:56:00	B1.5		POINT(89 3)	3	89	942.0	48.0
156860	2017-07-04 01:43:00	2017-07-04 01:53:00	2017-07-04 02:23:00	B6.9		POINT(89 2)	2	89	943.0	32.0
156870	2017-07-04 04:05:00	2017-07-04 04:25:00	2017-07-04 04:44:00	C1.1		POINT(89 2)	2	89	943.0	32.0
156880	2017-07-05 09:25:00	2017-07-05 09:29:00	2017-07-05 09:31:00	B2.0		POINT(-89 -6)	-6	-89	-938.0	-99.0
156890	2017-07-05 12:49:00	2017-07-05 13:59:00	2017-07-05 14:03:00	B3.5		POINT(-89 4)	4	-89	-941.0	65.0
156900	2017-07-05 13:55:00	2017-07-05 13:59:00	2017-07-05 14:02:00	B3.8		POINT(-89 3)	3	-89	-942.0	48.0
156910	2017-07-05 16:33:00	2017-07-05 16:36:00	2017-07-05 16:39:00	B1.1		POINT(-89 -4)	-4	-89	-941.0	-67.0
156920	2017-07-05 22:51:00	2017-07-05 22:55:00	2017-07-05 22:57:00	B2.4	12665.0	POINT(-80 -5)	-5	-80	-926.0	-92.0
156930	2017-07-06 14:28:00	2017-07-06 14:31:00	2017-07-06 14:34:00	B1.0	12665.0	POINT(-74 -6)	-6	-74	-903.0	-114.0
156940	2017-07-06 17:25:00	2017-07-06 17:25:00	2017-07-06 17:34:00	B1.7	12665.0	POINT(-72 -7)	-7	-72	-892.0	-133.0
156950	2017-07-07 01:19:00	2017-07-07 01:38:00	2017-07-07 01:45:00	B2.6	12665.0	POINT(-65 -6)	-6	-65	-852.0	-123.0
156960	2017-07-07 01:58:00	2017-07-07 02:21:00	2017-07-07 02:32:00	B8.5	12665.0	POINT(-68 -6)	-6	-68	-871.0	-120.0
156970	2017-07-07 03:54:00	2017-07-07 04:03:00	2017-07-07 04:09:00	B9.2	12665.0	POINT(-67 -5)	-5	-67	-866.0	-105.0
156980	2017-07-07 07:46:00	2017-07-07 07:50:00	2017-07-07 07:53:00	B2.1	12665.0	POINT(-63 -5)	-5	-63	-839.0	-109.0
156990	2017-07-07 10:40:00	2017-07-07 10:49:00	2017-07-07 10:52:00	B2.5	12665.0	POINT(-61 -3)	-3	-61	-826.0	-78.0
157000	2017-07-07 11:17:00	2017-07-07 11:33:00	2017-07-07 11:43:00	B3.6	12665.0	POINT(-57 -4)	-4	-57	-791.0	-98.0
157010	2017-07-07 12:34:00	2017-07-07 12:55:00	2017-07-07 13:57:00	B5.7	12665.0	POINT(-55 -6)	-6	-55	-770.0	-132.0
157020	2017-07-07 13:13:00	2017-07-07 13:16:00	2017-07-07 13:19:00	B3.7		POINT(-59 -5)	-5	-59	-807.0	-112.0
157030	2017-07-07 13:37:00	2017-07-07 13:49:00	2017-07-07 13:53:00	C1.0	12665.0	POINT(-60 -4)	-4	-60	-817.0	-95.0
157040	2017-07-07 15:07:00	2017-07-07 15:11:00	2017-07-07 15:15:00	B8.1	12665.0	POINT(-57 -6)	-6	-57	-789.0	-131.0
157050	2017-07-07 20:00:00	2017-07-07 20:04:00	2017-07-07 20:09:00	B2.1	12665.0	POINT(-56 -5)	-5	-56	-781.0	-115.0
157060	2017-07-08 04:57:00	2017-07-08 04:57:00	2017-07-08 05:11:00	B3.9	12665.0	POINT(-50 -7)	-7	-50	-719.0	-153.0
157070	2017-07-08 05:38:00	2017-07-08 06:23:00	2017-07-08 06:31:00	B6.8	12665.0	POINT(-51 -4)	-4	-51	-733.0	-104.0
157080	2017-07-08 07:57:00	2017-07-08 08:04:00	2017-07-08 08:10:00	B5.2	12665.0	POINT(-49 -5)	-5	-49	-711.0	-122.0
157090	2017-07-08 10:45:00	2017-07-08 11:05:00	2017-07-08 11:19:00	B6.5	12665.0	POINT(-47 -5)	-5	-47	-689.0	-123.0
157100	2017-07-08 13:46:00	2017-07-08 13:51:00	2017-07-08 13:55:00	B5.1	12665.0	POINT(-46 -6)	-6	-46	-677.0	-141.0
157110	2017-07-08 16:34:00	2017-07-08 16:41:00	2017-07-08 17:02:00	B3.4	12665.0	POINT(-42 -7)	-7	-42	-629.0	-160.0
157120	2017-07-08 18:32:00	2017-07-08 18:51:00	2017-07-08 19:13:00	B2.6	12665.0	POINT(-41 -6)	-6	-41	-618.0	-145.0
157130	2017-07-08 21:18:00	2017-07-08 21:24:00	2017-07-08 21:27:00	B6.0	12665.0	POINT(-41 -6)	-6	-41	-618.0	-145.0
157140	2017-07-08 21:33:00	2017-07-08 21:37:00	2017-07-08 21:41:00	B4.5		POINT(-40 -8)	-8	-40	-602.0	-178.0
157150	2017-07-08 21:47:00	2017-07-08 22:00:00	2017-07-08 22:02:00	B6.0		POINT(-39 -6)	-6	-39	-592.0	-146.0
157160	2017-07-08 22:23:00	2017-07-08 22:26:00	2017-07-08 22:29:00	B5.8	12665.0	POINT(-39 -6)	-6	-39	-592.0	-146.0
157170	2017-07-08 23:05:00	2017-07-08 23:09:00	2017-07-08 23:18:00	B4.5	12665.0	POINT(-39 -6)	-6	-39	-592.0	-146.0
157180	2017-07-08 23:50:00	2017-07-08 23:53:00	2017-07-08 23:57:00	C3.4	12665.0	POINT(-38 -5)	-5	-38	-581.0	-131.0
157190	2017-07-09 01:20:00	2017-07-09 01:27:00	2017-07-09 01:29:00	B6.6	12665.0	POINT(-37 -6)	-6	-37	-567.0	-148.0
157200	2017-07-09 02:22:00	2017-07-09 02:27:00	2017-07-09 02:30:00	B3.4	12665.0	POINT(-36 -6)	-6	-36	-553.0	-148.0
157210	2017-07-09 03:02:00	2017-07-09 03:06:00	2017-07-09 03:08:00	B7.5	12665.0	POINT(-36 -6)	-6	-36	-553.0	-148.0
157220	2017-07-09 03:04:00	2017-07-09 03:18:00	2017-07-09 03:53:00	M1.3	12665.0	POINT(-37 -8)	-8	-37	-564.0	-180.0
157230	2017-07-09 06:15:00	2017-07-09 06:30:00	2017-07-09 06:40:00	C1.6	12665.0	POINT(-35 -8)	-8	-35	-538.0	-182.0
157240	2017-07-09 07:28:00	2017-07-09 07:33:00	2017-07-09 07:49:00	C1.2	12665.0	POINT(-35 -6)	-6	-35	-540.0	-149.0
157250	2017-07-09 08:24:00	2017-07-09 09:10:00	2017-07-09 09:24:00	C4.0	12665.0	POINT(-34 -5)	-5	-34	-527.0	-134.0
157260	2017-07-09 10:20:00	2017-07-09 10:40:00	2017-07-09 10:49:00	B9.8	12665.0	POINT(-33 -5)	-5	-33	-514.0	-134.0
157270	2017-07-09 11:44:00	2017-07-09 12:12:00	2017-07-09 12:28:00	C5.3	12665.0	POINT(-33 -6)	-6	-33	-513.0	-151.0
157280	2017-07-09 14:05:00	2017-07-09 14:09:00	2017-07-09 14:12:00	B4.4	12665.0	POINT(-31 -6)	-6	-31	-485.0	-152.0
157290	2017-07-09 14:35:00	2017-07-09 14:42:00	2017-07-09 14:49:00	B8.7	12665.0	POINT(-28 -8)	-8	-28	-440.0	-186.0
157300	2017-07-09 15:19:00	2017-07-09 15:27:00	2017-07-09 15:32:00	B4.5	12665.0	POINT(-30 -8)	-8	-30	-469.0	-185.0
157310	2017-07-09 15:39:00	2017-07-09 15:44:00	2017-07-09 15:48:00	B4.6	12665.0	POINT(-32 -6)	-6	-32	-499.0	-152.0
157320	2017-07-09 16:20:00	2017-07-09 16:26:00	2017-07-09 16:32:00	B3.3	12665.0	POINT(-30 -5)	-5	-30	-472.0	-136.0
157330	2017-07-09 17:10:00	2017-07-09 17:38:00	2017-07-09 17:44:00	B5.0	12665.0	POINT(-27 -9)	-9	-27	-425.0	-203.0
157340	2017-07-09 18:29:00	2017-07-09 18:47:00	2017-07-09 18:49:00	B6.6	12665.0	POINT(-27 -6)	-6	-27	-428.0	-154.0
157350	2017-07-09 19:30:00	2017-07-09 19:33:00	2017-07-09 19:38:00	B2.4	12665.0	POINT(-27 -7)	-7	-27	-427.0	-171.0
157360	2017-07-09 20:08:00	2017-07-09 20:12:00	2017-07-09 20:15:00	B5.2	12665.0	POINT(-26 -6)	-6	-26	-413.0	-155.0
157370	2017-07-09 21:33:00	2017-07-09 21:54:00	2017-07-09 22:01:00	B9.0	12665.0	POINT(-26 -7)	-7	-26	-412.0	-171.0
157380	2017-07-09 22:06:00	2017-07-09 22:11:00	2017-07-09 22:15:00	B7.0	12665.0	POINT(-26 -7)	-7	-26	-412.0	-171.0
157390	2017-07-09 23:09:00	2017-07-09 23:32:00	2017-07-09 23:38:00	B3.6	12665.0	POINT(-26 -8)	-8	-26	-411.0	-188.0
157400	2017-07-10 00:00:00	2017-07-10 00:31:00	2017-07-10 00:38:00	C1.5	12665.0	POINT(-31 -9)	-9	-31	-482.0	-201.0
157410	2017-07-10 07:52:00	2017-07-10 07:55:00	2017-07-10 07:59:00	B3.8	12665.0	POINT(-13 -8)	-8	-13	-211.0	-193.0
157420	2017-07-11 01:09:00	2017-07-11 01:13:00	2017-07-11 01:17:00	B3.2	12655.0	POINT(-9 -4)	-4	-9	-148.0	-130.0
157430	2017-07-11 01:58:00	2017-07-11 02:05:00	2017-07-11 02:07:00	B4.9	12665.0	POINT(-8 -8)	-8	-8	-131.0	-195.0
157440	2017-07-11 04:32:00	2017-07-11 04:35:00	2017-07-11 04:39:00	B2.1	12665.0	POINT(-7 -7)	-7	-7	-115.0	-179.0
157450	2017-07-11 12:57:00	2017-07-11 13:04:00	2017-07-11 13:10:00	B8.5	12665.0	POINT(-11 -6)	-6	-11	-180.0	-163.0
157460	2017-07-11 16:55:00	2017-07-11 16:58:00	2017-07-11 17:03:00	B2.8		POINT(0 -4)	-4	0	0.0	-132.0
157470	2017-07-11 17:50:00	2017-07-11 17:54:00	2017-07-11 17:57:00	B2.2		POINT(0 -4)	-4	0	0.0	-132.0
157480	2017-07-11 18:23:00	2017-07-11 18:27:00	2017-07-11 18:31:00	B9.4	12665.0	POINT(1 -4)	-4	1	16.0	-132.0
157490	2017-07-11 20:18:00	2017-07-11 20:31:00	2017-07-11 20:35:00	C1.2	12665.0	POINT(-6 -5)	-5	-6	-99.0	-148.0
157500	2017-07-13 04:49:00	2017-07-13 05:12:00	2017-07-13 05:41:00	B5.5	12665.0	POINT(21 -9)	-9	21	335.0	-211.0
157510	2017-07-13 16:41:00	2017-07-13 16:44:00	2017-07-13 16:50:00	B3.4	12665.0	POINT(15 12)	12	15	240.0	131.0
157520	2017-07-13 17:38:00	2017-07-13 17:43:00	2017-07-13 17:50:00	B4.8	12665.0	POINT(29 -8)	-8	29	455.0	-192.0
157530	2017-07-13 17:49:00	2017-07-13 17:54:00	2017-07-13 18:00:00	B6.1	12665.0	POINT(68 11)	11	68	860.0	154.0
157540	2017-07-13 19:32:00	2017-07-13 19:40:00	2017-07-13 19:49:00	B5.8	12667.0	POINT(70 11)	11	70	872.0	157.0
157550	2017-07-13 20:01:00	2017-07-13 20:05:00	2017-07-13 20:11:00	C8.4	12667.0	POINT(68 11)	11	68	860.0	154.0
157560	2017-07-13 20:44:00	2017-07-13 20:48:00	2017-07-13 20:52:00	B5.7	12667.0	POINT(70 12)	12	70	869.0	173.0
157570	2017-07-13 21:27:00	2017-07-13 21:31:00	2017-07-13 21:33:00	C2.0	12667.0	POINT(69 12)	12	69	863.0	172.0
157580	2017-07-13 21:46:00	2017-07-13 21:55:00	2017-07-13 21:58:00	C5.9	12667.0	POINT(70 11)	11	70	872.0	156.0
157590	2017-07-13 23:30:00	2017-07-13 23:40:00	2017-07-13 23:44:00	C3.0	12667.0	POINT(71 12)	12	71	874.0	174.0
157600	2017-07-14 00:12:00	2017-07-14 00:50:00	2017-07-14 01:00:00	C1.4	12665.0	POINT(30 -5)	-5	30	472.0	-143.0
157610	2017-07-14 01:07:00	2017-07-14 02:09:00	2017-07-14 03:24:00	M2.4	12665.0	POINT(29 -6)	-6	29	457.0	-160.0
157620	2017-07-14 19:18:00	2017-07-14 19:25:00	2017-07-14 19:44:00	C1.4	12665.0	POINT(44 -7)	-7	44	653.0	-166.0
157630	2017-07-15 00:20:00	2017-07-15 00:28:00	2017-07-15 00:38:00	C1.7	12665.0	POINT(46 -8)	-8	46	674.0	-180.0
157640	2017-07-15 02:22:00	2017-07-15 02:26:00	2017-07-15 02:32:00	B2.7	12665.0	POINT(48 -8)	-8	48	696.0	-179.0
157650	2017-07-15 02:35:00	2017-07-15 02:38:00	2017-07-15 02:42:00	B4.1	12665.0	POINT(49 -8)	-8	49	707.0	-178.0
157660	2017-07-15 03:46:00	2017-07-15 03:55:00	2017-07-15 04:01:00	C1.0	12665.0	POINT(29 -6)	-6	29	457.0	-161.0
157670	2017-07-15 04:06:00	2017-07-15 04:10:00	2017-07-15 04:18:00	B8.5	12665.0	POINT(49 -8)	-8	49	707.0	-178.0
157680	2017-07-15 07:39:00	2017-07-15 07:43:00	2017-07-15 07:46:00	B3.4	12665.0	POINT(53 -3)	-3	53	754.0	-93.0
157690	2017-07-15 09:01:00	2017-07-15 09:16:00	2017-07-15 09:20:00	B3.0	12665.0	POINT(54 -3)	-3	54	764.0	-92.0
157700	2017-07-15 10:50:00	2017-07-15 10:53:00	2017-07-15 10:55:00	C1.4	12665.0	POINT(53 -7)	-7	53	750.0	-158.0
157710	2017-07-15 15:39:00	2017-07-15 15:42:00	2017-07-15 15:44:00	B4.4	12665.0	POINT(54 -4)	-4	54	763.0	-108.0
157720	2017-07-15 16:22:00	2017-07-15 16:34:00	2017-07-15 16:39:00	C1.1	12665.0	POINT(58 -3)	-3	58	801.0	-88.0
157730	2017-07-15 19:26:00	2017-07-15 19:36:00	2017-07-15 19:44:00	C5.8	12665.0	POINT(60 -3)	-3	60	818.0	-86.0
157740	2017-07-16 01:58:00	2017-07-16 02:35:00	2017-07-16 02:57:00	C3.1	12665.0	POINT(61 -6)	-6	61	822.0	-134.0
157750	2017-07-16 05:44:00	2017-07-16 05:47:00	2017-07-16 05:49:00	B7.6	12665.0	POINT(62 -4)	-4	62	833.0	-100.0
157760	2017-07-16 07:23:00	2017-07-16 07:26:00	2017-07-16 07:28:00	C1.1	12665.0	POINT(64 -6)	-6	64	845.0	-131.0
157770	2017-07-16 10:25:00	2017-07-16 10:30:00	2017-07-16 10:32:00	B6.1	12655.0	POINT(64 -4)	-4	64	848.0	-98.0
157780	2017-07-16 10:32:00	2017-07-16 10:35:00	2017-07-16 10:37:00	C1.3	12665.0	POINT(64 -5)	-5	64	846.0	-114.0
157790	2017-07-16 10:53:00	2017-07-16 10:57:00	2017-07-16 10:59:00	C1.5	12665.0	POINT(64 -4)	-4	64	848.0	-98.0
157800	2017-07-16 12:13:00	2017-07-16 12:17:00	2017-07-16 12:19:00	B8.7	12665.0	POINT(65 -4)	-4	65	855.0	-97.0
157810	2017-07-16 12:33:00	2017-07-16 12:37:00	2017-07-16 12:39:00	B8.3	12665.0	POINT(65 -4)	-4	65	855.0	-97.0
157820	2017-07-16 17:54:00	2017-07-16 18:04:00	2017-07-16 18:10:00	C1.2	12665.0	POINT(75 -4)	-4	75	910.0	-85.0
157830	2017-07-16 20:48:00	2017-07-16 20:51:00	2017-07-16 20:59:00	B4.7	12665.0	POINT(69 -4)	-4	69	880.0	-92.0
157840	2017-07-16 21:28:00	2017-07-16 21:32:00	2017-07-16 21:36:00	B5.5	12665.0	POINT(70 -4)	-4	70	886.0	-91.0
157850	2017-07-16 22:32:00	2017-07-16 22:35:00	2017-07-16 22:39:00	B4.6	12665.0	POINT(71 -5)	-5	71	890.0	-106.0
157860	2017-07-16 23:19:00	2017-07-16 23:24:00	2017-07-16 23:28:00	B5.8	12665.0	POINT(72 -5)	-5	72	895.0	-105.0
157870	2017-07-17 00:57:00	2017-07-17 01:04:00	2017-07-17 01:08:00	B6.3	12665.0	POINT(71 -7)	-7	71	887.0	-139.0
157880	2017-07-17 02:23:00	2017-07-17 02:28:00	2017-07-17 02:32:00	B3.3	12665.0	POINT(73 -5)	-5	73	900.0	-104.0
157890	2017-07-17 03:24:00	2017-07-17 03:28:00	2017-07-17 03:31:00	C2.3	12665.0	POINT(75 -3)	-3	75	911.0	-69.0
157900	2017-07-17 04:03:00	2017-07-17 04:07:00	2017-07-17 04:09:00	B3.2	12665.0	POINT(73 -4)	-4	73	901.0	-87.0
157910	2017-07-17 05:28:00	2017-07-17 05:32:00	2017-07-17 05:36:00	B4.9	12665.0	POINT(74 -4)	-4	74	906.0	-86.0
157920	2017-07-17 09:00:00	2017-07-17 09:04:00	2017-07-17 09:09:00	B3.1		POINT(76 -4)	-4	76	914.0	-84.0
157930	2017-07-17 09:16:00	2017-07-17 09:20:00	2017-07-17 09:25:00	B4.0		POINT(76 -4)	-4	76	914.0	-84.0
157940	2017-07-17 10:13:00	2017-07-17 10:17:00	2017-07-17 10:20:00	B4.4		POINT(77 -4)	-4	77	918.0	-83.0
157950	2017-07-17 17:09:00	2017-07-17 18:42:00	2017-07-17 20:50:00	C1.2	12665.0	POINT(88 -11)	-11	88	926.0	-182.0
157960	2017-07-18 00:06:00	2017-07-18 00:11:00	2017-07-18 00:14:00	B7.3	12665.0	POINT(89 -5)	-5	89	940.0	-83.0
157970	2017-07-18 00:31:00	2017-07-18 00:40:00	2017-07-18 00:48:00	C2.1	12665.0	POINT(89 -5)	-5	89	940.0	-83.0
157980	2017-07-18 04:31:00	2017-07-18 04:35:00	2017-07-18 04:41:00	B5.6	12665.0	POINT(89 -4)	-4	89	941.0	-67.0
157990	2017-07-18 05:00:00	2017-07-18 05:04:00	2017-07-18 05:07:00	B5.0	12665.0	POINT(89 -4)	-4	89	941.0	-67.0
158000	2017-07-18 05:11:00	2017-07-18 05:15:00	2017-07-18 05:17:00	B8.7	12665.0	POINT(89 -4)	-4	89	941.0	-67.0
158010	2017-07-18 05:32:00	2017-07-18 05:44:00	2017-07-18 05:49:00	C1.3	12665.0	POINT(89 -4)	-4	89	941.0	-67.0
158020	2017-07-18 06:21:00	2017-07-18 06:33:00	2017-07-18 06:50:00	C1.3	12665.0	POINT(89 -4)	-4	89	941.0	-67.0
158030	2017-07-18 08:20:00	2017-07-18 08:29:00	2017-07-18 08:34:00	C1.7	12665.0	POINT(89 -4)	-4	89	941.0	-67.0
158040	2017-07-18 22:11:00	2017-07-18 22:34:00	2017-07-18 22:46:00	C1.1	12665.0	POINT(89 -7)	-7	89	936.0	-116.0
158050	2017-07-18 23:54:00	2017-07-19 00:07:00	2017-07-19 00:18:00	C2.8	12665.0	POINT(89 -6)	-6	89	938.0	-100.0
158060	2017-07-19 22:36:00	2017-07-20 00:01:00	2017-07-20 00:46:00	C1.4	12665.0	POINT(89 -6)	-6	89	938.0	-100.0
158070	2017-07-23 07:34:00	2017-07-23 07:37:00	2017-07-23 07:39:00	B1.5		POINT(-89 3)	3	-89	-943.0	48.0
158080	2017-07-23 22:31:00	2017-07-23 22:39:00	2017-07-23 22:45:00	B1.3		POINT(-89 2)	2	-89	-943.0	31.0
158090	2017-07-27 21:07:00	2017-07-27 21:36:00	2017-07-27 21:49:00	B1.5		POINT(-30 7)	7	-30	-471.0	37.0
158100	2017-07-31 03:16:00	2017-07-31 03:21:00	2017-07-31 03:29:00	B1.4		POINT(-88 -9)	-9	-88	-933.0	-150.0
158110	2017-07-31 09:04:00	2017-07-31 09:13:00	2017-07-31 09:20:00	B9.2		POINT(-89 -6)	-6	-89	-939.0	-100.0
158120	2017-07-31 15:53:00	2017-07-31 15:59:00	2017-07-31 16:08:00	B3.3		POINT(-88 -7)	-7	-88	-937.0	-118.0
158130	2017-07-31 17:17:00	2017-07-31 17:21:00	2017-07-31 17:27:00	B1.3		POINT(-88 -8)	-8	-88	-935.0	-134.0
158140	2017-07-31 18:45:00	2017-07-31 18:57:00	2017-07-31 19:05:00	B4.1		POINT(-88 -7)	-7	-88	-937.0	-118.0
158150	2017-07-31 22:15:00	2017-07-31 22:25:00	2017-07-31 22:30:00	B4.2		POINT(-89 -4)	-4	-89	-942.0	-67.0
158160	2017-07-31 23:22:00	2017-07-31 23:28:00	2017-07-31 23:41:00	B2.5		POINT(-88 -7)	-7	-88	-937.0	-118.0
158170	2017-07-31 23:48:00	2017-08-01 00:01:00	2017-08-01 00:11:00	B5.6		POINT(-89 -4)	-4	-89	-942.0	-67.0
158180	2017-07-31 23:48:00	2017-08-01 00:01:00	2017-08-01 00:11:00	B5.6		POINT(-89 -4)	-4	-89	-942.0	-67.0
158190	2017-08-01 00:25:00	2017-08-01 00:29:00	2017-08-01 00:32:00	B4.5		POINT(-89 -4)	-4	-89	-942.0	-67.0
158200	2017-08-01 01:15:00	2017-08-01 01:18:00	2017-08-01 01:24:00	B2.4		POINT(-88 -7)	-7	-88	-937.0	-118.0
158210	2017-08-01 03:19:00	2017-08-01 03:26:00	2017-08-01 03:35:00	B7.9		POINT(-89 -4)	-4	-89	-942.0	-67.0
158220	2017-08-01 07:39:00	2017-08-01 07:47:00	2017-08-01 07:55:00	C1.4		POINT(-89 -4)	-4	-89	-942.0	-67.0
158230	2017-08-01 09:50:00	2017-08-01 09:55:00	2017-08-01 10:01:00	B2.0		POINT(-89 -4)	-4	-89	-942.0	-67.0
158240	2017-08-01 13:08:00	2017-08-01 13:14:00	2017-08-01 13:21:00	B2.6		POINT(-89 -4)	-4	-89	-942.0	-67.0
158250	2017-08-01 19:54:00	2017-08-01 19:59:00	2017-08-01 20:04:00	B2.8		POINT(-89 -6)	-6	-89	-940.0	-100.0
158260	2017-08-01 22:51:00	2017-08-01 22:57:00	2017-08-01 23:01:00	B1.2		POINT(-82 -4)	-4	-82	-934.0	-79.0
158270	2017-08-02 00:02:00	2017-08-02 00:11:00	2017-08-02 00:18:00	B2.3	12670.0	POINT(-75 -3)	-3	-75	-913.0	-74.0
158280	2017-08-02 19:26:00	2017-08-02 19:32:00	2017-08-02 19:37:00	B1.1	12670.0	POINT(-69 -6)	-6	-69	-879.0	-133.0
158290	2017-08-02 21:37:00	2017-08-02 21:44:00	2017-08-02 21:48:00	B1.5	12670.0	POINT(-68 -6)	-6	-68	-873.0	-135.0
158300	2017-08-02 23:53:00	2017-08-02 23:59:00	2017-08-03 00:04:00	B9.4	12670.0	POINT(-66 -6)	-6	-66	-860.0	-138.0
158310	2017-08-03 00:19:00	2017-08-03 00:23:00	2017-08-03 00:26:00	B2.4	12670.0	POINT(-66 -5)	-5	-66	-862.0	-122.0
158320	2017-08-03 18:17:00	2017-08-03 18:26:00	2017-08-03 18:33:00	B2.3	12670.0	POINT(-56 -6)	-6	-56	-781.0	-153.0
158330	2017-08-03 18:55:00	2017-08-03 19:04:00	2017-08-03 19:23:00	B1.6	12670.0	POINT(-54 -3)	-3	-54	-766.0	-107.0
158340	2017-08-05 17:43:00	2017-08-05 17:50:00	2017-08-05 17:53:00	B1.4	12670.0	POINT(-26 -9)	-9	-26	-411.0	-237.0
158350	2017-08-05 23:00:00	2017-08-05 23:05:00	2017-08-05 23:09:00	B1.3	12670.0	POINT(-25 -6)	-6	-25	-399.0	-190.0
158360	2017-08-06 02:22:00	2017-08-06 02:26:00	2017-08-06 02:31:00	B1.5	12670.0	POINT(-24 -7)	-7	-24	-383.0	-207.0
158370	2017-08-06 09:52:00	2017-08-06 09:56:00	2017-08-06 09:59:00	B1.3	12670.0	POINT(-20 -6)	-6	-20	-323.0	-194.0
158380	2017-08-14 02:05:00	2017-08-14 02:13:00	2017-08-14 02:16:00	C1.8		POINT(-89 9)	9	-89	-935.0	145.0
158390	2017-08-14 03:39:00	2017-08-14 03:48:00	2017-08-14 03:55:00	B6.4		POINT(-89 10)	10	-89	-932.0	161.0
158400	2017-08-14 05:25:00	2017-08-14 05:51:00	2017-08-14 06:11:00	B7.5		POINT(-89 10)	10	-89	-932.0	161.0
158410	2017-08-14 08:21:00	2017-08-14 08:26:00	2017-08-14 08:31:00	B3.2		POINT(-89 10)	10	-89	-932.0	161.0
158420	2017-08-14 09:23:00	2017-08-14 09:27:00	2017-08-14 09:37:00	B1.3		POINT(-89 10)	10	-89	-932.0	161.0
158430	2017-08-14 10:39:00	2017-08-14 10:46:00	2017-08-14 10:49:00	C2.7		POINT(-89 10)	10	-89	-932.0	161.0
158440	2017-08-14 13:31:00	2017-08-14 13:37:00	2017-08-14 13:42:00	B2.4		POINT(-89 10)	10	-89	-932.0	161.0
158450	2017-08-14 14:04:00	2017-08-14 14:11:00	2017-08-14 14:15:00	B3.9		POINT(-89 10)	10	-89	-932.0	161.0
158460	2017-08-14 14:42:00	2017-08-14 14:45:00	2017-08-14 14:47:00	B2.8		POINT(-89 10)	10	-89	-932.0	161.0
158470	2017-08-14 16:20:00	2017-08-14 16:24:00	2017-08-14 16:27:00	C1.1	12671.0	POINT(-78 12)	12	-78	-907.0	174.0
158480	2017-08-14 18:18:00	2017-08-14 18:22:00	2017-08-14 18:27:00	B3.7		POINT(-85 10)	10	-85	-929.0	154.0
158490	2017-08-14 19:00:00	2017-08-14 19:05:00	2017-08-14 19:09:00	B4.1	12671.0	POINT(-86 10)	10	-86	-931.0	156.0
158500	2017-08-14 19:24:00	2017-08-14 19:27:00	2017-08-14 19:30:00	B2.8		POINT(-81 11)	11	-81	-919.0	163.0
158510	2017-08-14 20:27:00	2017-08-14 21:01:00	2017-08-14 21:18:00	C1.2	12671.0	POINT(-82 10)	10	-82	-924.0	148.0
158520	2017-08-14 21:19:00	2017-08-14 21:25:00	2017-08-14 21:41:00	B7.4	12671.0	POINT(-81 9)	9	-81	-924.0	130.0
158530	2017-08-14 21:46:00	2017-08-14 22:10:00	2017-08-14 22:17:00	C2.3	12671.0	POINT(-81 9)	9	-81	-924.0	130.0
158540	2017-08-15 02:08:00	2017-08-15 02:15:00	2017-08-15 02:17:00	C1.0	12671.0	POINT(-80 10)	10	-80	-919.0	145.0
158550	2017-08-15 04:24:00	2017-08-15 04:31:00	2017-08-15 04:33:00	B8.7	12671.0	POINT(-78 11)	11	-78	-910.0	157.0
158560	2017-08-15 05:00:00	2017-08-15 05:07:00	2017-08-15 05:09:00	B7.1	12671.0	POINT(-77 11)	11	-77	-907.0	155.0
158570	2017-08-15 07:51:00	2017-08-15 07:55:00	2017-08-15 07:59:00	B2.5	12671.0	POINT(-73 11)	11	-73	-890.0	148.0
158580	2017-08-15 09:58:00	2017-08-15 10:05:00	2017-08-15 10:12:00	B4.1	12671.0	POINT(-67 10)	10	-67	-860.0	121.0
158590	2017-08-15 10:45:00	2017-08-15 10:51:00	2017-08-15 10:58:00	B3.2	12671.0	POINT(-72 11)	11	-72	-885.0	146.0
158600	2017-08-15 11:06:00	2017-08-15 11:11:00	2017-08-15 11:14:00	B3.4	12671.0	POINT(-73 12)	12	-73	-887.0	164.0
158610	2017-08-15 11:20:00	2017-08-15 11:26:00	2017-08-15 11:30:00	B5.7	12671.0	POINT(-73 12)	12	-73	-887.0	164.0
158620	2017-08-15 11:45:00	2017-08-15 11:49:00	2017-08-15 11:51:00	B8.5	12671.0	POINT(-73 11)	11	-73	-890.0	148.0
158630	2017-08-15 12:20:00	2017-08-15 13:52:00	2017-08-15 14:50:00	C1.1	12671.0	POINT(-68 10)	10	-68	-866.0	123.0
158640	2017-08-15 16:11:00	2017-08-15 16:15:00	2017-08-15 16:17:00	B8.3	12671.0	POINT(-55 9)	9	-55	-768.0	85.0
158650	2017-08-15 18:10:00	2017-08-15 18:11:00	2017-08-15 18:18:00	B3.0	12671.0	POINT(-63 9)	9	-63	-835.0	98.0
158660	2017-08-16 01:33:00	2017-08-16 01:39:00	2017-08-16 01:43:00	B2.8	12671.0	POINT(-66 10)	10	-66	-854.0	119.0
158670	2017-08-16 01:57:00	2017-08-16 02:08:00	2017-08-16 02:20:00	B3.7	12671.0	POINT(-63 12)	12	-63	-827.0	147.0
158680	2017-08-16 06:27:00	2017-08-16 06:32:00	2017-08-16 06:35:00	B2.4	12671.0	POINT(-59 9)	9	-59	-804.0	91.0
158690	2017-08-16 08:29:00	2017-08-16 08:38:00	2017-08-16 08:40:00	B5.2	12671.0	POINT(-54 13)	13	-54	-749.0	149.0
158700	2017-08-16 10:11:00	2017-08-16 10:15:00	2017-08-16 10:21:00	B3.6	12671.0	POINT(-59 12)	12	-59	-796.0	140.0
158710	2017-08-16 11:06:00	2017-08-16 11:11:00	2017-08-16 11:16:00	B4.4		POINT(-57 10)	10	-57	-784.0	104.0
158720	2017-08-16 11:33:00	2017-08-16 11:38:00	2017-08-16 11:45:00	B3.5	12671.0	POINT(-58 12)	12	-58	-788.0	139.0
158730	2017-08-16 17:13:00	2017-08-16 17:17:00	2017-08-16 17:19:00	B3.2		POINT(-44 11)	11	-44	-648.0	102.0
158740	2017-08-16 19:45:00	2017-08-16 19:48:00	2017-08-16 19:54:00	B2.4		POINT(-56 12)	12	-56	-770.0	135.0
158750	2017-08-16 21:49:00	2017-08-16 21:55:00	2017-08-16 21:59:00	B2.5		POINT(-51 10)	10	-51	-727.0	95.0
158760	2017-08-16 22:51:00	2017-08-16 22:56:00	2017-08-16 23:05:00	B2.1		POINT(-53 12)	12	-53	-742.0	131.0
158770	2017-08-16 23:59:00	2017-08-17 00:03:00	2017-08-17 00:08:00	B1.9	12671.0	POINT(-52 10)	10	-52	-737.0	96.0
158780	2017-08-17 00:31:00	2017-08-17 00:35:00	2017-08-17 00:41:00	B2.0	12671.0	POINT(-53 11)	11	-53	-745.0	114.0
158790	2017-08-17 00:50:00	2017-08-17 01:02:00	2017-08-17 01:11:00	B2.5	12671.0	POINT(-53 11)	11	-53	-745.0	114.0
158800	2017-08-17 02:30:00	2017-08-17 02:38:00	2017-08-17 02:39:00	B6.8	12671.0	POINT(-46 12)	12	-46	-669.0	120.0
158810	2017-08-17 06:16:00	2017-08-17 06:19:00	2017-08-17 06:21:00	B1.6	12671.0	POINT(-51 11)	11	-51	-725.0	111.0
158820	2017-08-17 11:27:00	2017-08-17 11:40:00	2017-08-17 11:46:00	B2.9	12671.0	POINT(-49 13)	13	-49	-699.0	141.0
158830	2017-08-17 14:35:00	2017-08-17 14:39:00	2017-08-17 14:41:00	B1.3		POINT(-45 10)	10	-45	-662.0	86.0
158840	2017-08-17 16:13:00	2017-08-17 16:16:00	2017-08-17 16:18:00	B1.2		POINT(-37 10)	10	-37	-563.0	76.0
158850	2017-08-18 00:42:00	2017-08-18 00:59:00	2017-08-18 01:07:00	B1.8	12671.0	POINT(-41 13)	13	-41	-608.0	130.0
158860	2017-08-18 02:30:00	2017-08-18 02:37:00	2017-08-18 02:46:00	B2.4	12671.0	POINT(-34 10)	10	-34	-524.0	72.0
158870	2017-08-18 05:38:00	2017-08-18 05:44:00	2017-08-18 05:48:00	B2.2	12671.0	POINT(-29 10)	10	-29	-454.0	67.0
158880	2017-08-18 08:49:00	2017-08-18 08:52:00	2017-08-18 08:54:00	B9.5	12671.0	POINT(-49 12)	12	-49	-702.0	124.0
158890	2017-08-18 12:56:00	2017-08-18 13:00:00	2017-08-18 13:04:00	B3.0	12671.0	POINT(-29 11)	11	-29	-453.0	84.0
158900	2017-08-18 13:44:00	2017-08-18 13:51:00	2017-08-18 14:02:00	B8.1	12671.0	POINT(-49 12)	12	-49	-702.0	124.0
158910	2017-08-18 19:49:00	2017-08-18 20:02:00	2017-08-18 20:33:00	C4.4	12672.0	POINT(-89 8)	8	-89	-938.0	129.0
158920	2017-08-18 21:01:00	2017-08-18 21:04:00	2017-08-18 21:10:00	C2.9	12671.0	POINT(-20 11)	11	-20	-319.0	76.0
158930	2017-08-19 01:28:00	2017-08-19 01:37:00	2017-08-19 01:50:00	C3.5	12672.0	POINT(-89 7)	7	-89	-940.0	113.0
158940	2017-08-19 04:10:00	2017-08-19 04:51:00	2017-08-19 05:15:00	C3.1	12672.0	POINT(-89 8)	8	-89	-938.0	129.0
158950	2017-08-19 08:59:00	2017-08-19 09:06:00	2017-08-19 09:12:00	C1.1	12671.0	POINT(-89 7)	7	-89	-941.0	113.0
158960	2017-08-19 10:55:00	2017-08-19 11:05:00	2017-08-19 11:13:00	C1.7	12672.0	POINT(-89 6)	6	-89	-942.0	96.0
158970	2017-08-19 12:04:00	2017-08-19 12:18:00	2017-08-19 12:46:00	C1.0	12671.0	POINT(-9 12)	12	-9	-146.0	87.0
158980	2017-08-19 14:40:00	2017-08-19 14:45:00	2017-08-19 14:48:00	B7.2	12672.0	POINT(-89 6)	6	-89	-942.0	96.0
158990	2017-08-19 14:48:00	2017-08-19 14:57:00	2017-08-19 15:01:00	C2.0	12672.0	POINT(-89 7)	7	-89	-941.0	113.0
159000	2017-08-19 15:41:00	2017-08-19 15:47:00	2017-08-19 15:54:00	C1.4	12672.0	POINT(-89 6)	6	-89	-942.0	96.0
159010	2017-08-19 17:10:00	2017-08-19 18:13:00	2017-08-19 18:29:00	B9.9	12671.0	POINT(-16 14)	14	-16	-255.0	123.0
159020	2017-08-19 19:48:00	2017-08-19 19:52:00	2017-08-19 19:57:00	C1.3	12672.0	POINT(-89 7)	7	-89	-941.0	113.0
159030	2017-08-19 20:54:00	2017-08-19 21:55:00	2017-08-19 22:05:00	C7.0	12671.0	POINT(-16 10)	10	-16	-258.0	57.0
159040	2017-08-20 01:36:00	2017-08-20 01:52:00	2017-08-20 02:03:00	M1.1	12672.0	POINT(-89 6)	6	-89	-942.0	96.0
159050	2017-08-20 04:22:00	2017-08-20 04:40:00	2017-08-20 04:53:00	C1.8	12671.0	POINT(-11 11)	11	-11	-178.0	71.0
159060	2017-08-20 06:23:00	2017-08-20 06:27:00	2017-08-20 06:31:00	B6.6	12672.0	POINT(-89 5)	5	-89	-944.0	80.0
159070	2017-08-20 07:45:00	2017-08-20 07:50:00	2017-08-20 07:54:00	C2.9	12671.0	POINT(-2 10)	10	-2	-33.0	52.0
159080	2017-08-20 12:16:00	2017-08-20 12:21:00	2017-08-20 12:26:00	B6.1	12671.0	POINT(-89 3)	3	-89	-946.0	47.0
159090	2017-08-20 14:40:00	2017-08-20 14:45:00	2017-08-20 14:52:00	C1.0	12672.0	POINT(-89 6)	6	-89	-943.0	96.0
159100	2017-08-20 19:20:00	2017-08-20 19:39:00	2017-08-20 19:49:00	C9.4	12672.0	POINT(-85 6)	6	-85	-939.0	89.0
159110	2017-08-21 00:50:00	2017-08-21 01:02:00	2017-08-21 01:07:00	B4.9	12671.0	POINT(3 11)	11	3	49.0	68.0
159120	2017-08-21 02:29:00	2017-08-21 02:34:00	2017-08-21 02:42:00	B7.3	12672.0	POINT(-84 5)	5	-84	-940.0	70.0
159130	2017-08-21 03:05:00	2017-08-21 03:16:00	2017-08-21 03:30:00	C5.9	12672.0	POINT(-78 10)	10	-78	-914.0	140.0
159140	2017-08-21 05:59:00	2017-08-21 06:10:00	2017-08-21 06:18:00	B5.0	12671.0	POINT(-77 5)	5	-77	-921.0	57.0
159150	2017-08-21 07:22:00	2017-08-21 07:40:00	2017-08-21 07:46:00	B9.3	12671.0	POINT(10 10)	10	10	163.0	53.0
159160	2017-08-21 09:48:00	2017-08-21 09:51:00	2017-08-21 09:54:00	B3.4	12671.0	POINT(17 9)	9	17	275.0	40.0
159170	2017-08-21 10:31:00	2017-08-21 11:03:00	2017-08-21 11:38:00	B8.6	12671.0	POINT(13 10)	10	13	211.0	54.0
159180	2017-08-21 17:39:00	2017-08-21 17:57:00	2017-08-21 18:01:00	C3.0		POINT(-70 7)	7	-70	-886.0	76.0
159190	2017-08-21 20:12:00	2017-08-21 20:22:00	2017-08-21 20:26:00	C1.5	12671.0	POINT(23 9)	9	23	367.0	43.0
159200	2017-08-21 21:47:00	2017-08-21 22:38:00	2017-08-21 22:58:00	C1.5	12671.0	POINT(20 10)	10	20	321.0	58.0
159210	2017-08-22 01:53:00	2017-08-22 02:01:00	2017-08-22 02:09:00	B4.3		POINT(25 9)	9	25	397.0	45.0
159220	2017-08-22 04:15:00	2017-08-22 04:20:00	2017-08-22 04:24:00	B6.2	12671.0	POINT(30 8)	8	30	471.0	33.0
159230	2017-08-22 07:02:00	2017-08-22 07:08:00	2017-08-22 07:11:00	B6.3	12671.0	POINT(21 10)	10	21	336.0	58.0
159240	2017-08-22 08:31:00	2017-08-22 08:36:00	2017-08-22 08:39:00	B5.5		POINT(32 8)	8	32	499.0	35.0
159250	2017-08-22 11:09:00	2017-08-22 11:13:00	2017-08-22 11:16:00	C1.0	12671.0	POINT(33 9)	9	33	512.0	52.0
159260	2017-08-22 14:30:00	2017-08-22 14:38:00	2017-08-22 14:45:00	B6.7	12672.0	POINT(-55 7)	7	-55	-773.0	49.0
159270	2017-08-22 15:11:00	2017-08-22 15:17:00	2017-08-22 15:25:00	B6.6	12671.0	POINT(24 11)	11	24	380.0	77.0
159280	2017-08-22 16:05:00	2017-08-22 16:08:00	2017-08-22 16:11:00	B5.6	12671.0	POINT(26 11)	11	26	410.0	79.0
159290	2017-08-22 17:42:00	2017-08-22 17:50:00	2017-08-22 17:53:00	C1.9	12671.0	POINT(37 9)	9	37	566.0	57.0
159300	2017-08-22 19:29:00	2017-08-22 19:37:00	2017-08-22 19:52:00	C1.9	12671.0	POINT(38 10)	10	38	577.0	74.0
159310	2017-08-22 23:17:00	2017-08-22 23:20:00	2017-08-22 23:22:00	B1.9	12672.0	POINT(-50 5)	5	-50	-726.0	8.0
159320	2017-08-22 23:23:00	2017-08-22 23:28:00	2017-08-22 23:32:00	B4.0	12671.0	POINT(-48 5)	5	-48	-704.0	5.0
159330	2017-08-23 00:25:00	2017-08-23 00:45:00	2017-08-23 00:49:00	B3.0	12672.0	POINT(46 2)	2	46	684.0	-47.0
159340	2017-08-23 01:45:00	2017-08-23 01:53:00	2017-08-23 01:56:00	B3.3		POINT(31 11)	11	31	481.0	83.0
159350	2017-08-23 06:24:00	2017-08-23 06:47:00	2017-08-23 06:57:00	C1.6	12671.0	POINT(33 10)	10	33	511.0	69.0
159360	2017-08-23 13:24:00	2017-08-23 13:43:00	2017-08-23 13:55:00	C2.2	12672.0	POINT(-41 7)	7	-41	-620.0	28.0
159370	2017-08-23 17:43:00	2017-08-23 17:55:00	2017-08-23 18:52:00	C1.9	12671.0	POINT(45 10)	10	45	663.0	83.0
159380	2017-08-23 19:10:00	2017-08-23 19:31:00	2017-08-23 19:41:00	C1.2	12672.0	POINT(-39 6)	6	-39	-596.0	9.0
159390	2017-08-24 00:06:00	2017-08-24 00:14:00	2017-08-24 00:18:00	B8.1	12672.0	POINT(-37 7)	7	-37	-569.0	23.0
159400	2017-08-24 00:30:00	2017-08-24 00:37:00	2017-08-24 00:45:00	C3.0	12671.0	POINT(44 11)	11	44	649.0	98.0
159410	2017-08-24 01:19:00	2017-08-24 01:26:00	2017-08-24 01:44:00	C1.6	12671.0	POINT(49 9)	9	49	709.0	73.0
159420	2017-08-24 15:47:00	2017-08-24 15:58:00	2017-08-24 16:07:00	B8.4	12671.0	POINT(53 11)	11	53	746.0	111.0
159430	2017-08-24 21:11:00	2017-08-24 21:15:00	2017-08-24 21:19:00	B2.1	12671.0	POINT(56 10)	10	56	777.0	100.0
159440	2017-08-24 22:49:00	2017-08-24 22:53:00	2017-08-24 22:58:00	B1.9	12672.0	POINT(-25 6)	6	-25	-400.0	-6.0
159450	2017-08-25 00:07:00	2017-08-25 00:12:00	2017-08-25 00:21:00	B3.0	12671.0	POINT(58 11)	11	58	792.0	120.0
159460	2017-08-25 02:07:00	2017-08-25 02:14:00	2017-08-25 02:25:00	B4.6	12671.0	POINT(59 10)	10	59	803.0	105.0
159470	2017-08-25 03:08:00	2017-08-25 03:12:00	2017-08-25 03:15:00	B5.3	12672.0	POINT(-23 6)	6	-23	-370.0	-8.0
159480	2017-08-25 05:55:00	2017-08-25 06:00:00	2017-08-25 06:06:00	B3.4	12672.0	POINT(-22 6)	6	-22	-355.0	-9.0
159490	2017-08-25 07:15:00	2017-08-25 07:27:00	2017-08-25 07:46:00	C5.5	12672.0	POINT(-19 5)	5	-19	-309.0	-28.0
159500	2017-08-25 10:02:00	2017-08-25 10:05:00	2017-08-25 10:08:00	B1.9	12672.0	POINT(-17 10)	10	-17	-274.0	54.0
159510	2017-08-25 12:10:00	2017-08-25 12:18:00	2017-08-25 12:30:00	B3.8	12672.0	POINT(-13 9)	9	-13	-212.0	35.0
159520	2017-08-25 14:06:00	2017-08-25 15:01:00	2017-08-25 16:11:00	B4.0	12672.0	POINT(-16 4)	4	-16	-262.0	-46.0
159530	2017-08-25 21:46:00	2017-08-25 21:49:00	2017-08-25 21:57:00	B2.7	12672.0	POINT(-11 5)	5	-11	-181.0	-32.0
159540	2017-08-26 01:06:00	2017-08-26 01:11:00	2017-08-26 01:17:00	B2.9	12672.0	POINT(-11 7)	7	-11	-181.0	1.0
159550	2017-08-26 02:08:00	2017-08-26 02:15:00	2017-08-26 02:31:00	B3.7	12671.0	POINT(73 10)	10	73	895.0	130.0
159560	2017-08-26 02:58:00	2017-08-26 03:01:00	2017-08-26 03:05:00	B3.4	12672.0	POINT(-10 6)	6	-10	-165.0	-16.0
159570	2017-08-26 08:39:00	2017-08-26 08:43:00	2017-08-26 08:45:00	B1.4	12671.0	POINT(68 12)	12	68	862.0	153.0
159580	2017-08-26 13:34:00	2017-08-26 13:38:00	2017-08-26 13:50:00	B2.0	12671.0	POINT(80 11)	11	80	918.0	160.0
159590	2017-08-26 18:54:00	2017-08-26 19:03:00	2017-08-26 19:09:00	B3.5	12671.0	POINT(74 10)	10	74	900.0	132.0
159600	2017-08-26 20:17:00	2017-08-26 21:00:00	2017-08-26 21:27:00	B5.4	12672.0	POINT(5 5)	5	5	83.0	-34.0
159610	2017-08-27 00:11:00	2017-08-27 00:29:00	2017-08-27 00:38:00	B1.6	12672.0	POINT(77 11)	11	77	909.0	154.0
159620	2017-08-27 01:13:00	2017-08-27 01:18:00	2017-08-27 01:20:00	B3.0	12671.0	POINT(76 18)	18	76	877.0	264.0
159630	2017-08-27 06:02:00	2017-08-27 06:07:00	2017-08-27 06:12:00	B4.3	12671.0	POINT(83 12)	12	83	922.0	182.0
159640	2017-08-27 07:32:00	2017-08-27 07:37:00	2017-08-27 07:46:00	B1.7	12671.0	POINT(84 10)	10	84	930.0	152.0
159650	2017-08-27 09:25:00	2017-08-27 09:29:00	2017-08-27 09:34:00	B2.0	12672.0	POINT(11 6)	6	11	181.0	-16.0
159660	2017-08-27 11:11:00	2017-08-27 11:14:00	2017-08-27 11:18:00	B1.4	12672.0	POINT(13 5)	5	13	214.0	-32.0
159670	2017-08-27 15:11:00	2017-08-27 15:16:00	2017-08-27 15:19:00	C6.3	12671.0	POINT(89 12)	12	89	929.0	194.0
159680	2017-08-27 16:56:00	2017-08-27 17:03:00	2017-08-27 17:16:00	B3.0		POINT(-89 -5)	-5	-89	-946.0	-84.0
159690	2017-08-27 17:46:00	2017-08-27 18:11:00	2017-08-27 18:30:00	B3.5	12671.0	POINT(-88 -8)	-8	-88	-940.0	-135.0
159700	2017-08-28 00:53:00	2017-08-28 00:56:00	2017-08-28 01:03:00	B1.6	12672.0	POINT(21 5)	5	21	340.0	-27.0
159710	2017-08-28 06:12:00	2017-08-28 06:16:00	2017-08-28 06:20:00	B2.7	12672.0	POINT(88 10)	10	88	935.0	160.0
159720	2017-08-28 09:23:00	2017-08-28 09:28:00	2017-08-28 09:38:00	B2.8		POINT(-88 15)	15	-88	-917.0	240.0
159730	2017-08-28 14:41:00	2017-08-28 14:59:00	2017-08-28 15:06:00	B5.5	12672.0	POINT(30 5)	5	30	475.0	-20.0
159740	2017-08-28 15:33:00	2017-08-28 15:40:00	2017-08-28 15:58:00	B9.4	12672.0	POINT(-88 14)	14	-88	-921.0	224.0
159750	2017-08-28 16:30:00	2017-08-28 16:38:00	2017-08-28 16:49:00	B8.3		POINT(-88 14)	14	-88	-921.0	224.0
159760	2017-08-28 19:57:00	2017-08-28 20:02:00	2017-08-28 20:06:00	B6.8		POINT(-88 15)	15	-88	-917.0	240.0
159770	2017-08-28 23:33:00	2017-08-28 23:44:00	2017-08-28 23:55:00	C1.0		POINT(-88 14)	14	-88	-921.0	224.0
159780	2017-08-29 02:55:00	2017-08-29 03:00:00	2017-08-29 03:07:00	C2.8	12674.0	POINT(-88 13)	13	-88	-925.0	208.0
159790	2017-08-29 04:27:00	2017-08-29 04:30:00	2017-08-29 04:54:00	B9.0	12674.0	POINT(-88 14)	14	-88	-921.0	224.0
159800	2017-08-29 06:16:00	2017-08-29 06:21:00	2017-08-29 06:29:00	C1.0	12674.0	POINT(-88 15)	15	-88	-917.0	240.0
159810	2017-08-29 10:20:00	2017-08-29 10:26:00	2017-08-29 10:31:00	B4.2	12674.0	POINT(-88 14)	14	-88	-921.0	224.0
159820	2017-08-29 10:58:00	2017-08-29 11:02:00	2017-08-29 11:17:00	B4.1	12674.0	POINT(-88 13)	13	-88	-925.0	208.0
159830	2017-08-29 12:38:00	2017-08-29 12:46:00	2017-08-29 12:56:00	B3.9	12674.0	POINT(-88 14)	14	-88	-921.0	224.0
159840	2017-08-29 13:56:00	2017-08-29 13:59:00	2017-08-29 14:01:00	B3.6	12674.0	POINT(-90 13)	13	-90	-925.0	212.0
159850	2017-08-29 16:16:00	2017-08-29 16:27:00	2017-08-29 16:37:00	B6.4	12674.0	POINT(-86 13)	13	-86	-923.0	204.0
159860	2017-08-29 19:16:00	2017-08-29 19:21:00	2017-08-29 19:28:00	B5.2	12674.0	POINT(-89 12)	12	-89	-929.0	194.0
159870	2017-08-29 22:14:00	2017-08-29 22:18:00	2017-08-29 22:23:00	C1.3	12674.0	POINT(-85 13)	13	-85	-922.0	202.0
159880	2017-08-30 04:05:00	2017-08-30 04:12:00	2017-08-30 04:21:00	C1.1		POINT(-81 12)	12	-81	-918.0	178.0
159890	2017-08-30 04:51:00	2017-08-30 05:09:00	2017-08-30 05:15:00	B5.5	12674.0	POINT(-69 11)	11	-69	-872.0	138.0
159900	2017-08-30 08:28:00	2017-08-30 08:35:00	2017-08-30 08:46:00	C1.3	12674.0	POINT(-78 13)	13	-78	-906.0	188.0
159910	2017-08-30 11:00:00	2017-08-30 11:05:00	2017-08-30 11:50:00	B8.0		POINT(-70 13)	13	-70	-871.0	173.0
159920	2017-08-30 12:54:00	2017-08-30 13:18:00	2017-08-30 13:32:00	B7.3	12674.0	POINT(-72 14)	14	-72	-878.0	193.0
159930	2017-08-30 16:07:00	2017-08-30 16:36:00	2017-08-30 16:57:00	B5.4	12672.0	POINT(61 3)	3	61	832.0	-8.0
159940	2017-08-30 17:40:00	2017-08-30 17:44:00	2017-08-30 17:50:00	B3.6	12674.0	POINT(-72 14)	14	-72	-878.0	193.0
159950	2017-08-30 18:38:00	2017-08-30 18:45:00	2017-08-30 18:50:00	C5.2	12674.0	POINT(-70 14)	14	-70	-868.0	189.0
159960	2017-08-30 22:20:00	2017-08-30 23:11:00	2017-08-30 23:19:00	C1.3	12674.0	POINT(-69 15)	15	-69	-858.0	203.0
159970	2017-08-31 02:37:00	2017-08-31 02:40:00	2017-08-31 02:42:00	B2.5	12672.0	POINT(58 6)	6	58	803.0	36.0
159980	2017-08-31 03:44:00	2017-08-31 03:48:00	2017-08-31 03:51:00	B5.3		POINT(-67 15)	15	-67	-846.0	200.0
159990	2017-08-31 05:33:00	2017-08-31 05:37:00	2017-08-31 05:41:00	B3.2		POINT(-66 14)	14	-66	-844.0	182.0
160000	2017-08-31 08:21:00	2017-08-31 08:24:00	2017-08-31 08:27:00	B7.9	12672.0	POINT(69 4)	4	69	886.0	23.0
160010	2017-08-31 14:39:00	2017-08-31 14:40:00	2017-08-31 14:44:00	B3.1	12672.0	POINT(-61 14)	14	-61	-808.0	173.0
160020	2017-08-31 16:40:00	2017-08-31 16:44:00	2017-08-31 16:47:00	B2.3	12672.0	POINT(67 9)	9	67	865.0	102.0
160030	2017-08-31 19:45:00	2017-08-31 19:55:00	2017-08-31 20:14:00	B3.1	12674.0	POINT(-57 12)	12	-57	-781.0	133.0
160040	2017-09-01 01:26:00	2017-09-01 01:29:00	2017-09-01 01:32:00	B4.9	12674.0	POINT(72 8)	8	72	896.0	95.0
160050	2017-09-01 02:07:00	2017-09-01 02:12:00	2017-09-01 02:24:00	B3.4	12674.0	POINT(-53 15)	15	-53	-735.0	175.0
160060	2017-09-01 06:30:00	2017-09-01 06:37:00	2017-09-01 06:48:00	B4.6	12674.0	POINT(-12 -82)	-82	-12	-27.0	-950.0
160070	2017-09-01 09:37:00	2017-09-01 09:43:00	2017-09-01 09:52:00	B7.1	12674.0	POINT(-50 14)	14	-50	-708.0	154.0
160080	2017-09-01 10:25:00	2017-09-01 10:28:00	2017-09-01 10:30:00	B3.7	12674.0	POINT(-48 14)	14	-48	-687.0	151.0
160090	2017-09-01 15:04:00	2017-09-01 15:07:00	2017-09-01 15:09:00	B4.8	12674.0	POINT(-45 14)	14	-45	-654.0	147.0
160100	2017-09-01 15:10:00	2017-09-01 15:13:00	2017-09-01 15:15:00	B5.1	12674.0	POINT(-45 14)	14	-45	-654.0	147.0
160110	2017-09-01 15:31:00	2017-09-01 15:37:00	2017-09-01 15:41:00	C2.0	12674.0	POINT(-46 15)	15	-46	-662.0	165.0
160120	2017-09-01 17:08:00	2017-09-01 17:14:00	2017-09-01 17:19:00	C1.2	12674.0	POINT(-44 13)	13	-44	-645.0	129.0
160130	2017-09-01 17:32:00	2017-09-01 17:35:00	2017-09-01 17:38:00	B8.0	12674.0	POINT(-44 13)	13	-44	-645.0	129.0
160140	2017-09-01 20:58:00	2017-09-01 21:02:00	2017-09-01 21:06:00	B5.4	12674.0	POINT(-41 16)	16	-41	-601.0	174.0
160150	2017-09-01 21:57:00	2017-09-01 22:00:00	2017-09-01 22:09:00	B4.6	12674.0	POINT(-42 15)	15	-42	-616.0	159.0
160160	2017-09-01 23:44:00	2017-09-01 23:51:00	2017-09-01 23:59:00	C1.4	12674.0	POINT(-42 15)	15	-42	-616.0	159.0
160170	2017-09-02 00:25:00	2017-09-02 00:28:00	2017-09-02 00:32:00	B7.9	12674.0	POINT(-40 14)	14	-40	-595.0	140.0
160180	2017-09-02 02:22:00	2017-09-02 02:30:00	2017-09-02 02:35:00	C1.1	12674.0	POINT(-39 13)	13	-39	-585.0	122.0
160190	2017-09-02 03:02:00	2017-09-02 03:06:00	2017-09-02 03:26:00	C1.0	12674.0	POINT(-39 13)	13	-39	-585.0	122.0
160200	2017-09-02 04:03:00	2017-09-02 04:07:00	2017-09-02 04:10:00	B6.2	12674.0	POINT(-38 15)	15	-38	-567.0	154.0
160210	2017-09-02 05:16:00	2017-09-02 05:19:00	2017-09-02 05:21:00	B4.1	12674.0	POINT(-38 14)	14	-38	-570.0	137.0
160220	2017-09-02 10:11:00	2017-09-02 10:15:00	2017-09-02 10:17:00	B4.3	12674.0	POINT(-30 13)	13	-30	-465.0	112.0
160230	2017-09-02 10:31:00	2017-09-02 10:35:00	2017-09-02 10:39:00	B4.2	12674.0	POINT(89 7)	7	89	943.0	113.0
160240	2017-09-02 11:47:00	2017-09-02 12:03:00	2017-09-02 13:06:00	B8.5	12674.0	POINT(-35 15)	15	-35	-529.0	150.0
160250	2017-09-02 13:03:00	2017-09-02 13:07:00	2017-09-02 13:09:00	B5.7	12672.0	POINT(89 9)	9	89	939.0	145.0
160260	2017-09-02 15:26:00	2017-09-02 15:41:00	2017-09-02 15:56:00	C7.7	12672.0	POINT(89 4)	4	89	948.0	64.0
160270	2017-09-02 21:56:00	2017-09-02 22:03:00	2017-09-02 22:33:00	C1.5	12672.0	POINT(88 10)	10	88	936.0	160.0
160280	2017-09-03 04:18:00	2017-09-03 04:41:00	2017-09-03 04:54:00	C1.0	12674.0	POINT(-26 14)	14	-26	-406.0	124.0
160290	2017-09-03 08:39:00	2017-09-03 09:26:00	2017-09-03 09:48:00	B7.5	12672.0	POINT(88 11)	11	88	933.0	176.0
160300	2017-09-03 10:19:00	2017-09-03 10:22:00	2017-09-03 10:34:00	B5.9	12674.0	POINT(-20 12)	12	-20	-319.0	87.0
160310	2017-09-03 20:39:00	2017-09-03 20:50:00	2017-09-03 21:21:00	C1.1	12673.0	POINT(0 -7)	-7	0	0.0	-235.0
160320	2017-09-04 02:18:00	2017-09-04 02:22:00	2017-09-04 02:29:00	C1.1	12674.0	POINT(-5 8)	8	-5	-82.0	13.0
160330	2017-09-04 03:33:00	2017-09-04 03:38:00	2017-09-04 03:42:00	C1.2	12673.0	POINT(3 -10)	-10	3	49.0	-283.0
160340	2017-09-04 04:05:00	2017-09-04 04:11:00	2017-09-04 04:17:00	C1.8	12673.0	POINT(3 -9)	-9	3	49.0	-267.0
160350	2017-09-04 05:36:00	2017-09-04 05:49:00	2017-09-04 06:05:00	M1.2	12673.0	POINT(4 -10)	-10	4	66.0	-283.0
160360	2017-09-04 08:08:00	2017-09-04 08:19:00	2017-09-04 08:24:00	C2.9	12673.0	POINT(4 -9)	-9	4	66.0	-267.0
160370	2017-09-04 11:33:00	2017-09-04 11:38:00	2017-09-04 11:42:00	C2.4	12673.0	POINT(8 -8)	-8	8	132.0	-250.0
160380	2017-09-04 11:54:00	2017-09-04 12:22:00	2017-09-04 14:00:00	C8.3	12673.0	POINT(8 -7)	-7	8	132.0	-234.0
160390	2017-09-04 15:11:00	2017-09-04 15:30:00	2017-09-04 15:33:00	M1.5	12673.0	POINT(13 -6)	-6	13	214.0	-216.0
160400	2017-09-04 16:29:00	2017-09-04 16:46:00	2017-09-04 16:50:00	C4.1	12673.0	POINT(9 -8)	-8	9	148.0	-250.0
160410	2017-09-04 17:20:00	2017-09-04 17:39:00	2017-09-04 17:48:00	C6.0	12673.0	POINT(10 -8)	-8	10	164.0	-249.0
160420	2017-09-04 18:05:00	2017-09-04 18:22:00	2017-09-04 18:31:00	M1.0	12673.0	POINT(11 -7)	-7	11	181.0	-233.0
160430	2017-09-04 18:46:00	2017-09-04 19:37:00	2017-09-04 19:52:00	M1.7	12673.0	POINT(11 -9)	-9	11	180.0	-265.0
160440	2017-09-04 19:59:00	2017-09-04 20:02:00	2017-09-04 20:06:00	M1.5	12673.0	POINT(11 -10)	-10	11	179.0	-281.0
160450	2017-09-04 20:28:00	2017-09-04 20:33:00	2017-09-04 20:37:00	M5.5	12673.0	POINT(11 -10)	-10	11	179.0	-281.0
160460	2017-09-04 22:10:00	2017-09-04 22:14:00	2017-09-04 22:19:00	M2.1	12673.0	POINT(12 -9)	-9	12	196.0	-264.0
160470	2017-09-05 00:30:00	2017-09-05 00:35:00	2017-09-05 00:41:00	C9.8	12673.0	POINT(16 -11)	-11	16	258.0	-294.0
160480	2017-09-05 01:03:00	2017-09-05 01:08:00	2017-09-05 01:11:00	M4.2	12673.0	POINT(14 -9)	-9	14	228.0	-264.0
160490	2017-09-05 03:42:00	2017-09-05 03:51:00	2017-09-05 04:04:00	M1.0	12673.0	POINT(15 -9)	-9	15	244.0	-263.0
160500	2017-09-05 04:33:00	2017-09-05 04:53:00	2017-09-05 05:07:00	M3.2	12673.0	POINT(18 -11)	-11	18	290.0	-293.0
160510	2017-09-05 06:33:00	2017-09-05 06:40:00	2017-09-05 06:43:00	M3.8	12673.0	POINT(-8 -82)	-82	-8	-18.0	-951.0
160520	2017-09-05 10:13:00	2017-09-05 10:19:00	2017-09-05 10:25:00	C5.4	12673.0	POINT(18 -10)	-10	18	291.0	-277.0
160530	2017-09-05 12:30:00	2017-09-05 12:34:00	2017-09-05 12:39:00	C2.2	12673.0	POINT(21 -10)	-10	21	337.0	-275.0
160540	2017-09-05 13:25:00	2017-09-05 13:30:00	2017-09-05 14:19:00	C6.9	12673.0	POINT(21 -10)	-10	21	337.0	-275.0
160550	2017-09-05 16:09:00	2017-09-05 16:18:00	2017-09-05 16:28:00	C3.7	12673.0	POINT(22 -9)	-9	22	353.0	-259.0
160560	2017-09-05 17:09:00	2017-09-05 17:14:00	2017-09-05 17:21:00	C4.6	12673.0	POINT(24 -9)	-9	24	384.0	-257.0
160570	2017-09-05 17:37:00	2017-09-05 17:43:00	2017-09-05 17:51:00	M2.3	12673.0	POINT(24 -9)	-9	24	384.0	-257.0
160580	2017-09-05 20:00:00	2017-09-05 21:12:00	2017-09-05 21:20:00	C1.5	12673.0	POINT(25 -8)	-8	25	400.0	-240.0
160590	2017-09-06 06:17:00	2017-09-06 06:22:00	2017-09-06 06:29:00	C1.6	12673.0	POINT(30 -11)	-11	30	469.0	-283.0
160600	2017-09-06 07:29:00	2017-09-06 07:34:00	2017-09-06 07:48:00	C2.7	12673.0	POINT(33 -8)	-8	33	515.0	-232.0
160610	2017-09-06 08:57:00	2017-09-06 09:10:00	2017-09-06 09:17:00	X2.2	12673.0	POINT(32 -8)	-8	32	501.0	-233.0
160620	2017-09-06 11:53:00	2017-09-06 12:02:00	2017-09-06 12:10:00	X9.3	12673.0	POINT(34 -9)	-9	34	527.0	-247.0
160630	2017-09-06 15:54:00	2017-09-06 15:54:00	2017-09-06 17:52:00	M2.5	12673.0	POINT(38 -9)	-9	38	581.0	-242.0
160640	2017-09-06 19:21:00	2017-09-06 19:30:00	2017-09-06 19:35:00	M1.4	12673.0	POINT(38 -8)	-8	38	582.0	-226.0
160650	2017-09-06 23:33:00	2017-09-06 23:39:00	2017-09-06 23:44:00	M1.2		POINT(40 -8)	-8	40	608.0	-223.0
160660	2017-09-07 04:59:00	2017-09-07 05:02:00	2017-09-07 05:08:00	M2.4	12673.0	POINT(45 -7)	-7	45	670.0	-200.0
160670	2017-09-07 05:54:00	2017-09-07 06:25:00	2017-09-07 09:27:00	C8.2	12673.0	POINT(46 -8)	-8	46	680.0	-215.0
160680	2017-09-07 09:16:00	2017-09-07 09:20:00	2017-09-07 09:24:00	C2.3	12673.0	POINT(45 -7)	-7	45	670.0	-200.0
160690	2017-09-07 09:35:00	2017-09-07 09:54:00	2017-09-07 11:28:00	M1.4	12673.0	POINT(47 -8)	-8	47	691.0	-213.0
160700	2017-09-07 10:11:00	2017-09-07 10:15:00	2017-09-07 10:18:00	M7.3	12673.0	POINT(46 -7)	-7	46	682.0	-198.0
160710	2017-09-07 11:45:00	2017-09-07 12:06:00	2017-09-07 12:45:00	C3.0	12673.0	POINT(48 -8)	-8	48	702.0	-212.0
160720	2017-09-07 14:20:00	2017-09-07 14:36:00	2017-09-07 14:55:00	X1.3	12673.0	POINT(49 -11)	-11	49	707.0	-258.0
160730	2017-09-07 18:04:00	2017-09-07 18:28:00	2017-09-07 18:36:00	C5.2	12673.0	POINT(51 -11)	-11	51	728.0	-255.0
160740	2017-09-07 18:40:00	2017-09-07 18:44:00	2017-09-07 18:49:00	C4.5	12673.0	POINT(50 -7)	-7	50	726.0	-192.0
160750	2017-09-07 20:54:00	2017-09-07 20:57:00	2017-09-07 20:59:00	C2.5	12673.0	POINT(52 -7)	-7	52	746.0	-189.0
160760	2017-09-07 21:24:00	2017-09-07 21:37:00	2017-09-07 21:47:00	C5.4	12673.0	POINT(53 -12)	-12	53	745.0	-268.0
160770	2017-09-07 22:55:00	2017-09-07 22:55:00	2017-09-07 23:03:00	C2.7	12677.0	POINT(-11 16)	16	-11	-175.0	148.0
160780	2017-09-07 23:50:00	2017-09-07 23:59:00	2017-09-08 00:14:00	M3.9	12673.0	POINT(50 -9)	-9	50	722.0	-225.0
160790	2017-09-08 01:36:00	2017-09-08 01:40:00	2017-09-08 01:42:00	C5.3	12673.0	POINT(55 -7)	-7	55	776.0	-184.0
160800	2017-09-08 02:10:00	2017-09-08 02:13:00	2017-09-08 02:15:00	C1.2	12673.0	POINT(54 -7)	-7	54	766.0	-186.0
160810	2017-09-08 02:19:00	2017-09-08 02:24:00	2017-09-08 02:29:00	M1.3	12673.0	POINT(54 -9)	-9	54	763.0	-218.0
160820	2017-09-08 03:30:00	2017-09-08 03:34:00	2017-09-08 03:37:00	C1.4	12673.0	POINT(56 -7)	-7	56	785.0	-182.0
160830	2017-09-08 03:39:00	2017-09-08 03:43:00	2017-09-08 03:45:00	M1.2	12673.0	POINT(55 -6)	-6	55	777.0	-168.0
160840	2017-09-08 05:31:00	2017-09-08 05:48:00	2017-09-08 05:53:00	C8.3	12673.0	POINT(59 -9)	-9	59	808.0	-209.0
160850	2017-09-08 06:24:00	2017-09-08 06:27:00	2017-09-08 06:29:00	C2.9	12673.0	POINT(-15 11)	11	-15	-243.0	67.0
160860	2017-09-08 06:35:00	2017-09-08 06:38:00	2017-09-08 06:41:00	C1.7	12673.0	POINT(61 -8)	-8	61	826.0	-189.0
160870	2017-09-08 07:04:00	2017-09-08 07:08:00	2017-09-08 07:10:00	C6.0	12673.0	POINT(57 -7)	-7	57	794.0	-180.0
160880	2017-09-08 07:40:00	2017-09-08 07:49:00	2017-09-08 07:58:00	M8.1	12673.0	POINT(57 -10)	-10	57	788.0	-229.0
160890	2017-09-08 09:36:00	2017-09-08 09:39:00	2017-09-08 09:41:00	C1.3	12673.0	POINT(59 -7)	-7	59	812.0	-177.0
160900	2017-09-08 10:45:00	2017-09-08 10:49:00	2017-09-08 10:51:00	C1.6	12673.0	POINT(60 -6)	-6	60	822.0	-159.0
160910	2017-09-08 11:21:00	2017-09-08 11:27:00	2017-09-08 11:34:00	C1.7	12673.0	POINT(65 -8)	-8	65	856.0	-182.0
160920	2017-09-08 12:09:00	2017-09-08 12:13:00	2017-09-08 12:15:00	C5.9	12673.0	POINT(60 -7)	-7	60	820.0	-175.0
160930	2017-09-08 12:29:00	2017-09-08 12:33:00	2017-09-08 12:40:00	C1.2	12673.0	POINT(65 -8)	-8	65	856.0	-182.0
160940	2017-09-08 15:09:00	2017-09-08 15:47:00	2017-09-08 16:04:00	M2.9	12673.0	POINT(68 -8)	-8	68	875.0	-176.0
160950	2017-09-08 18:15:00	2017-09-08 18:18:00	2017-09-08 18:20:00	C1.7	12673.0	POINT(64 -10)	-10	64	844.0	-216.0
160960	2017-09-08 20:10:00	2017-09-08 20:14:00	2017-09-08 20:16:00	C1.7	12673.0	POINT(66 -7)	-7	66	865.0	-164.0
160970	2017-09-08 22:18:00	2017-09-08 22:24:00	2017-09-08 22:30:00	C2.4	12673.0	POINT(69 -7)	-7	69	884.0	-158.0
160980	2017-09-08 23:16:00	2017-09-08 23:21:00	2017-09-08 23:23:00	C2.0	12673.0	POINT(68 -7)	-7	68	878.0	-160.0
160990	2017-09-08 23:33:00	2017-09-08 23:45:00	2017-09-08 23:56:00	M2.1	12673.0	POINT(69 -8)	-8	69	882.0	-174.0
161000	2017-09-09 00:36:00	2017-09-09 00:39:00	2017-09-09 00:46:00	C1.0	12673.0	POINT(70 -13)	-13	70	873.0	-253.0
161010	2017-09-09 03:02:00	2017-09-09 03:09:00	2017-09-09 03:25:00	C6.3	12673.0	POINT(69 -11)	-11	69	874.0	-223.0
161020	2017-09-09 03:57:00	2017-09-09 04:01:00	2017-09-09 04:07:00	C4.2	12673.0	POINT(68 -9)	-9	68	873.0	-193.0
161030	2017-09-09 04:14:00	2017-09-09 04:28:00	2017-09-09 04:43:00	M1.1	12673.0	POINT(69 -13)	-13	69	867.0	-255.0
161040	2017-09-09 06:23:00	2017-09-09 06:29:00	2017-09-09 06:40:00	C1.4	12673.0	POINT(70 -10)	-10	70	882.0	-205.0
161050	2017-09-09 06:51:00	2017-09-09 06:56:00	2017-09-09 06:58:00	C1.7	12673.0	POINT(70 -10)	-10	70	882.0	-205.0
161060	2017-09-09 07:17:00	2017-09-09 07:27:00	2017-09-09 07:40:00	C1.5	12673.0	POINT(75 -8)	-8	75	912.0	-162.0
161070	2017-09-09 10:50:00	2017-09-09 11:04:00	2017-09-09 11:42:00	M3.7	12673.0	POINT(74 -14)	-14	74	889.0	-261.0
161080	2017-09-09 14:49:00	2017-09-09 14:53:00	2017-09-09 14:58:00	C1.4	12673.0	POINT(88 -9)	-9	88	940.0	-152.0
161090	2017-09-09 16:19:00	2017-09-09 16:25:00	2017-09-09 16:31:00	C1.7	12673.0	POINT(78 -8)	-8	78	923.0	-156.0
161100	2017-09-09 19:09:00	2017-09-09 19:15:00	2017-09-09 19:20:00	C1.8	12673.0	POINT(84 -8)	-8	84	938.0	-144.0
161110	2017-09-09 21:00:00	2017-09-09 21:11:00	2017-09-09 21:25:00	C4.7	12673.0	POINT(88 -9)	-9	88	940.0	-152.0
161120	2017-09-09 22:04:00	2017-09-09 23:53:00	2017-09-10 00:41:00	M1.1	12673.0	POINT(74 -7)	-7	74	910.0	-148.0
161130	2017-09-10 02:40:00	2017-09-10 03:09:00	2017-09-10 03:25:00	C9.0	12673.0	POINT(74 -7)	-7	74	910.0	-148.0
161140	2017-09-10 08:57:00	2017-09-10 09:08:00	2017-09-10 09:16:00	C2.9	12673.0	POINT(84 -9)	-9	84	936.0	-160.0
161150	2017-09-10 14:19:00	2017-09-10 14:23:00	2017-09-10 14:25:00	C1.6	12673.0	POINT(88 -8)	-8	88	943.0	-136.0
161160	2017-09-10 15:23:00	2017-09-10 15:26:00	2017-09-10 15:28:00	C1.0	12673.0	POINT(88 -8)	-8	88	943.0	-136.0
161170	2017-09-10 15:35:00	2017-09-10 16:06:00	2017-09-10 16:31:00	X8.2	12673.0	POINT(88 -8)	-8	88	943.0	-136.0
161180	2017-09-11 09:43:00	2017-09-11 10:10:00	2017-09-11 10:17:00	B9.8	12673.0	POINT(88 11)	11	88	935.0	176.0
161190	2017-09-12 07:22:00	2017-09-12 07:29:00	2017-09-12 07:34:00	C3.0	12680.0	POINT(-48 8)	8	-48	-703.0	52.0
161200	2017-09-12 13:57:00	2017-09-12 14:01:00	2017-09-12 14:08:00	B3.4	12677.0	POINT(43 18)	18	43	620.0	209.0
161210	2017-09-12 15:28:00	2017-09-12 15:35:00	2017-09-12 15:39:00	B3.5	12680.0	POINT(-44 11)	11	-44	-652.0	96.0
161220	2017-09-12 15:54:00	2017-09-12 15:59:00	2017-09-12 16:06:00	B1.7	12680.0	POINT(-43 9)	9	-43	-644.0	61.0
161230	2017-09-12 19:03:00	2017-09-12 19:20:00	2017-09-12 19:28:00	C1.6	12680.0	POINT(-41 10)	10	-41	-618.0	75.0
161240	2017-09-13 05:38:00	2017-09-13 05:41:00	2017-09-13 05:51:00	B1.1	12680.0	POINT(-35 7)	7	-35	-545.0	18.0
161250	2017-09-13 07:39:00	2017-09-13 07:48:00	2017-09-13 08:09:00	B1.4	12680.0	POINT(-34 6)	6	-34	-532.0	0.0
161260	2017-09-20 01:30:00	2017-09-20 01:37:00	2017-09-20 01:43:00	B1.2		POINT(-87 -15)	-15	-87	-921.0	-251.0
161270	2017-09-20 02:51:00	2017-09-20 02:57:00	2017-09-20 03:21:00	B1.7		POINT(-87 -15)	-15	-87	-921.0	-251.0
161280	2017-09-20 05:25:00	2017-09-20 05:31:00	2017-09-20 05:40:00	B1.4		POINT(-87 -15)	-15	-87	-921.0	-251.0
161290	2017-09-20 08:36:00	2017-09-20 08:43:00	2017-09-20 08:48:00	B1.5		POINT(-87 -16)	-16	-87	-917.0	-267.0
161300	2017-09-20 09:42:00	2017-09-20 09:50:00	2017-09-20 09:55:00	B3.2	12681.0	POINT(-87 -14)	-14	-87	-925.0	-235.0
161310	2017-09-20 12:31:00	2017-09-20 12:43:00	2017-09-20 12:52:00	B5.4	12681.0	POINT(-87 -16)	-16	-87	-917.0	-267.0
161320	2017-09-20 19:26:00	2017-09-20 19:32:00	2017-09-20 19:37:00	B8.4	12680.0	POINT(65 7)	7	65	861.0	66.0
161330	2017-09-20 20:00:00	2017-09-20 20:03:00	2017-09-20 20:09:00	B1.0	12680.0	POINT(-84 -12)	-12	-84	-929.0	-209.0
161340	2017-09-20 21:58:00	2017-09-20 22:01:00	2017-09-20 22:04:00	B1.0	12680.0	POINT(67 7)	7	67	874.0	70.0
161350	2017-09-23 05:51:00	2017-09-23 06:03:00	2017-09-23 06:10:00	B3.0	12682.0	POINT(-88 -7)	-7	-88	-948.0	-120.0
161360	2017-09-24 00:13:00	2017-09-24 00:19:00	2017-09-24 00:26:00	B2.1	12682.0	POINT(-88 -9)	-9	-88	-944.0	-152.0
161370	2017-09-24 11:18:00	2017-09-24 11:22:00	2017-09-24 11:24:00	B2.8	12682.0	POINT(-83 -13)	-13	-83	-925.0	-227.0
161380	2017-09-24 23:20:00	2017-09-24 23:27:00	2017-09-24 23:37:00	B2.7	12681.0	POINT(-18 -13)	-13	-18	-289.0	-322.0
161390	2017-09-25 02:14:00	2017-09-25 02:35:00	2017-09-25 02:46:00	B5.7	12681.0	POINT(-17 -13)	-13	-17	-274.0	-323.0
161400	2017-09-25 12:51:00	2017-09-25 12:56:00	2017-09-25 12:59:00	B3.3		POINT(-65 -13)	-13	-65	-846.0	-262.0
161410	2017-09-25 14:35:00	2017-09-25 15:14:00	2017-09-25 15:32:00	B5.9	12681.0	POINT(-10 -9)	-9	-10	-165.0	-262.0
161420	2017-09-25 17:09:00	2017-09-25 17:12:00	2017-09-25 17:14:00	B2.9	12681.0	POINT(-77 12)	12	-77	-913.0	172.0
161430	2017-09-25 20:38:00	2017-09-25 20:46:00	2017-09-25 20:58:00	B2.5	12683.0	POINT(-61 -9)	-9	-61	-828.0	-204.0
161440	2017-09-26 02:16:00	2017-09-26 02:20:00	2017-09-26 02:25:00	B2.3	12683.0	POINT(-71 13)	13	-71	-883.0	177.0
161450	2017-09-26 02:29:00	2017-09-26 02:34:00	2017-09-26 02:38:00	C1.8	12683.0	POINT(-71 13)	13	-71	-883.0	177.0
161460	2017-09-26 06:01:00	2017-09-26 06:05:00	2017-09-26 06:08:00	B4.6	12682.0	POINT(-55 -13)	-13	-55	-765.0	-279.0
161470	2017-09-26 07:47:00	2017-09-26 07:51:00	2017-09-26 07:56:00	B2.7	12683.0	POINT(-68 13)	13	-68	-866.0	172.0
161480	2017-09-26 09:23:00	2017-09-26 09:26:00	2017-09-26 09:30:00	B2.1	12683.0	POINT(-67 13)	13	-67	-860.0	170.0
161490	2017-09-26 13:41:00	2017-09-26 13:45:00	2017-09-26 13:49:00	B3.0	12683.0	POINT(-64 13)	13	-64	-839.0	165.0
161500	2017-09-27 00:01:00	2017-09-27 01:08:00	2017-09-27 01:29:00	C1.7	12681.0	POINT(-60 13)	13	-60	-809.0	158.0
161510	2017-09-27 13:51:00	2017-09-27 14:06:00	2017-09-27 14:29:00	B2.4	12682.0	POINT(-45 -9)	-9	-45	-670.0	-229.0
161520	2017-09-27 17:46:00	2017-09-27 17:50:00	2017-09-27 18:03:00	B2.1	12681.0	POINT(-40 -10)	-10	-40	-608.0	-252.0
161530	2017-09-28 14:09:00	2017-09-28 14:34:00	2017-09-28 15:33:00	B2.9	12681.0	POINT(30 -11)	-11	30	472.0	-279.0
161540	2017-09-29 13:25:00	2017-09-29 13:31:00	2017-09-29 13:38:00	B2.2	12682.0	POINT(-17 -10)	-10	-17	-277.0	-273.0
161550	2017-09-29 14:28:00	2017-09-29 14:32:00	2017-09-29 14:37:00	B2.5	12682.0	POINT(-16 -12)	-12	-16	-259.0	-305.0
161560	2017-09-30 17:04:00	2017-09-30 17:11:00	2017-09-30 17:15:00	B3.5	12682.0	POINT(0 -12)	-12	0	0.0	-309.0
161570	2017-10-03 01:16:00	2017-10-03 01:19:00	2017-10-03 01:21:00	B2.2	12683.0	POINT(18 11)	11	18	292.0	79.0
161580	2017-10-04 01:25:00	2017-10-04 01:28:00	2017-10-04 01:38:00	B1.1	12683.0	POINT(32 11)	11	32	501.0	91.0
161590	2017-10-04 02:46:00	2017-10-04 02:49:00	2017-10-04 02:51:00	B1.7	12683.0	POINT(33 11)	11	33	515.0	92.0
161600	2017-10-04 03:47:00	2017-10-04 03:54:00	2017-10-04 03:58:00	B2.4	12683.0	POINT(33 11)	11	33	515.0	92.0
161610	2017-10-04 10:04:00	2017-10-04 10:08:00	2017-10-04 10:10:00	B1.2	12683.0	POINT(38 15)	15	38	572.0	164.0
161620	2017-10-05 02:43:00	2017-10-05 02:48:00	2017-10-05 02:50:00	B2.4	12682.0	POINT(64 -11)	-11	64	848.0	-229.0
161630	2017-10-05 04:56:00	2017-10-05 05:03:00	2017-10-05 05:09:00	B2.4	12683.0	POINT(48 10)	10	48	704.0	94.0
161640	2017-10-05 06:11:00	2017-10-05 06:19:00	2017-10-05 06:25:00	B3.5	12683.0	POINT(48 10)	10	48	704.0	94.0
161650	2017-10-05 10:59:00	2017-10-05 11:04:00	2017-10-05 11:11:00	B1.2	12683.0	POINT(51 10)	10	51	736.0	99.0
161660	2017-10-05 11:25:00	2017-10-05 11:29:00	2017-10-05 11:31:00	B1.4	12682.0	POINT(69 -12)	-12	69	877.0	-236.0
161670	2017-10-05 13:26:00	2017-10-05 13:41:00	2017-10-05 13:49:00	C1.0	12683.0	POINT(52 10)	10	52	746.0	100.0
161680	2017-10-05 19:51:00	2017-10-05 20:02:00	2017-10-05 20:10:00	B3.3	12683.0	POINT(56 10)	10	56	785.0	106.0
161690	2017-10-05 23:19:00	2017-10-05 23:27:00	2017-10-05 23:33:00	B5.5	12683.0	POINT(57 10)	10	57	794.0	108.0
161700	2017-10-06 00:36:00	2017-10-06 00:39:00	2017-10-06 00:41:00	B1.6	12683.0	POINT(58 11)	11	58	801.0	126.0
161710	2017-10-06 02:52:00	2017-10-06 02:55:00	2017-10-06 03:04:00	B1.6	12683.0	POINT(59 10)	10	59	812.0	111.0
161720	2017-10-06 05:54:00	2017-10-06 05:58:00	2017-10-06 06:01:00	B1.5	12683.0	POINT(60 8)	8	60	825.0	80.0
161730	2017-10-06 11:18:00	2017-10-06 11:21:00	2017-10-06 11:23:00	B2.2	12683.0	POINT(62 11)	11	62	833.0	133.0
161740	2017-10-06 15:35:00	2017-10-06 15:38:00	2017-10-06 15:40:00	B2.8		POINT(66 11)	11	66	862.0	139.0
161750	2017-10-06 16:31:00	2017-10-06 16:34:00	2017-10-06 16:36:00	B9.8	12683.0	POINT(66 11)	11	66	862.0	139.0
161760	2017-10-06 19:21:00	2017-10-06 19:24:00	2017-10-06 19:26:00	B4.5	12683.0	POINT(67 10)	10	67	871.0	125.0
161770	2017-10-06 19:37:00	2017-10-06 19:40:00	2017-10-06 19:42:00	B2.9	12683.0	POINT(67 10)	10	67	871.0	125.0
161780	2017-10-06 22:27:00	2017-10-06 22:31:00	2017-10-06 22:33:00	B3.2		POINT(68 10)	10	68	878.0	126.0
161790	2017-10-06 23:26:00	2017-10-07 00:28:00	2017-10-07 01:12:00	B4.6	12683.0	POINT(71 10)	10	71	895.0	131.0
161800	2017-10-07 02:19:00	2017-10-07 02:23:00	2017-10-07 02:28:00	B4.9	12683.0	POINT(71 10)	10	71	895.0	132.0
161810	2017-10-07 05:22:00	2017-10-07 05:25:00	2017-10-07 05:27:00	B1.2	12683.0	POINT(74 11)	11	74	907.0	153.0
161820	2017-10-07 05:30:00	2017-10-07 05:35:00	2017-10-07 05:38:00	B1.4	12683.0	POINT(75 10)	10	75	914.0	139.0
161830	2017-10-07 05:59:00	2017-10-07 06:02:00	2017-10-07 06:06:00	B1.6	12683.0	POINT(74 11)	11	74	907.0	153.0
161840	2017-10-08 03:47:00	2017-10-08 03:50:00	2017-10-08 03:52:00	B1.1	12683.0	POINT(87 9)	9	87	947.0	144.0
161850	2017-10-08 06:42:00	2017-10-08 06:47:00	2017-10-08 06:50:00	B5.0	12683.0	POINT(89 9)	9	89	948.0	147.0
161860	2017-10-08 12:54:00	2017-10-08 12:59:00	2017-10-08 13:08:00	B1.7	12683.0	POINT(88 12)	12	88	939.0	195.0
161870	2017-10-08 16:17:00	2017-10-08 16:21:00	2017-10-08 16:23:00	B1.8	12683.0	POINT(88 11)	11	88	942.0	178.0
161880	2017-10-08 20:04:00	2017-10-08 20:07:00	2017-10-08 20:10:00	B1.3	12683.0	POINT(88 12)	12	88	939.0	195.0
161890	2017-10-08 20:47:00	2017-10-08 20:50:00	2017-10-08 20:52:00	B1.3	12683.0	POINT(89 10)	10	89	945.0	164.0
161900	2017-10-09 03:21:00	2017-10-09 03:24:00	2017-10-09 03:31:00	B1.4	12683.0	POINT(89 10)	10	89	945.0	164.0
161910	2017-10-20 00:06:00	2017-10-20 00:49:00	2017-10-20 01:01:00	B1.4	12685.0	POINT(-88 -13)	-13	-88	-938.0	-219.0
161920	2017-10-20 13:52:00	2017-10-20 14:03:00	2017-10-20 14:09:00	B3.4	12685.0	POINT(-88 -13)	-13	-88	-938.0	-219.0
161930	2017-10-20 22:45:00	2017-10-20 22:53:00	2017-10-20 22:58:00	B3.9	12685.0	POINT(-88 -13)	-13	-88	-938.0	-219.0
161940	2017-10-20 23:10:00	2017-10-20 23:28:00	2017-10-20 23:37:00	M1.1	12685.0	POINT(-88 -12)	-12	-88	-942.0	-202.0
161950	2017-10-21 19:07:00	2017-10-21 21:06:00	2017-10-21 21:54:00	B3.3		POINT(-88 16)	16	-88	-926.0	262.0
161960	2017-10-22 12:08:00	2017-10-22 12:41:00	2017-10-22 13:01:00	B2.2		POINT(-88 16)	16	-88	-926.0	262.0
161970	2017-10-27 00:36:00	2017-10-27 00:44:00	2017-10-27 00:50:00	B1.8	12686.0	POINT(-33 13)	13	-33	-514.0	150.0
161980	2017-11-12 20:00:00	2017-11-12 20:20:00	2017-11-12 20:29:00	B1.8		POINT(-89 -4)	-4	-89	-967.0	-68.0
161990	2017-11-12 22:56:00	2017-11-12 23:00:00	2017-11-12 23:03:00	B2.4		POINT(-89 -8)	-8	-89	-959.0	-136.0
162000	2017-11-13 06:39:00	2017-11-13 06:48:00	2017-11-13 06:52:00	B7.5		POINT(-89 -6)	-6	-89	-964.0	-102.0
162010	2017-11-13 07:58:00	2017-11-13 08:04:00	2017-11-13 08:09:00	B2.4		POINT(-89 -6)	-6	-89	-964.0	-102.0
162020	2017-11-13 10:34:00	2017-11-13 10:42:00	2017-11-13 10:47:00	B1.3		POINT(-89 -6)	-6	-89	-964.0	-102.0
162030	2017-11-14 10:09:00	2017-11-14 10:12:00	2017-11-14 10:15:00	B1.4	12687.0	POINT(-73 -5)	-5	-73	-925.0	-99.0
162040	2017-11-16 13:02:00	2017-11-16 13:06:00	2017-11-16 13:10:00	B3.7	12687.0	POINT(-52 -10)	-10	-52	-755.0	-196.0
162050	2017-11-16 18:54:00	2017-11-16 18:57:00	2017-11-16 18:59:00	B1.0	12687.0	POINT(-49 -10)	-10	-49	-723.0	-198.0
162060	2017-11-17 00:21:00	2017-11-17 00:28:00	2017-11-17 00:30:00	B6.2	12687.0	POINT(-46 -10)	-10	-46	-689.0	-199.0
162070	2017-11-18 17:48:00	2017-11-18 17:53:00	2017-11-18 17:58:00	B1.1	12687.0	POINT(-19 -8)	-8	-19	-314.0	-174.0
162080	2017-11-21 01:58:00	2017-11-21 02:03:00	2017-11-21 02:10:00	B1.7	12688.0	POINT(74 11)	11	74	917.0	176.0
162090	2017-11-23 09:06:00	2017-11-23 09:14:00	2017-11-23 09:22:00	B1.7	12687.0	POINT(42 -10)	-10	42	642.0	-192.0
162100	2017-11-25 05:21:00	2017-11-25 07:46:00	2017-11-25 09:54:00	B1.6		POINT(-9 18)	18	-9	-145.0	276.0
162110	2017-11-27 11:06:00	2017-11-27 11:17:00	2017-11-27 11:25:00	B2.9	12689.0	POINT(27 15)	15	27	428.0	233.0
162120	2017-12-01 14:07:00	2017-12-01 14:10:00	2017-12-01 14:12:00	B1.0	12689.0	POINT(89 14)	14	89	944.0	235.0
162130	2017-12-07 03:20:00	2017-12-07 03:23:00	2017-12-07 03:28:00	B1.0	12690.0	POINT(17 6)	6	17	284.0	101.0
162140	2017-12-10 10:46:00	2017-12-10 10:54:00	2017-12-10 11:13:00	B1.5		POINT(-89 -9)	-9	-89	-962.0	-152.0
162150	2017-12-11 00:40:00	2017-12-11 00:52:00	2017-12-11 00:59:00	B6.2		POINT(-89 -10)	-10	-89	-959.0	-169.0
162160	2017-12-13 21:41:00	2017-12-13 21:44:00	2017-12-13 21:48:00	B1.2		POINT(-43 -8)	-8	-43	-660.0	-127.0
162170	2017-12-14 05:10:00	2017-12-14 05:26:00	2017-12-14 05:45:00	B1.1		POINT(-43 -7)	-7	-43	-662.0	-109.0
162180	2017-12-14 21:44:00	2017-12-14 22:08:00	2017-12-14 22:25:00	B1.1		POINT(-89 15)	15	-89	-941.0	252.0
162190	2017-12-19 19:52:00	2017-12-19 19:58:00	2017-12-19 20:03:00	B2.4	12692.0	POINT(-61 17)	17	-61	-817.0	297.0
162200	2017-12-20 07:56:00	2017-12-20 08:00:00	2017-12-20 08:06:00	B1.6	12692.0	POINT(-54 17)	17	-54	-756.0	301.0
162210	2017-12-20 18:14:00	2017-12-20 18:22:00	2017-12-20 18:27:00	B3.0	12692.0	POINT(-47 16)	16	-47	-687.0	288.0
162220	2017-12-20 20:49:00	2017-12-20 20:53:00	2017-12-20 21:01:00	B1.2	12692.0	POINT(-46 16)	16	-46	-676.0	288.0
162230	2017-12-20 23:28:00	2017-12-20 23:31:00	2017-12-20 23:34:00	B1.0	12692.0	POINT(-45 17)	17	-45	-661.0	305.0
162240	2017-12-21 23:25:00	2017-12-21 23:30:00	2017-12-21 23:34:00	B1.2	12692.0	POINT(-32 18)	18	-32	-493.0	327.0
162250	2017-12-22 00:17:00	2017-12-22 00:21:00	2017-12-22 00:23:00	B1.7	12692.0	POINT(-31 17)	17	-31	-482.0	311.0
162260	2017-12-22 01:11:00	2017-12-22 01:15:00	2017-12-22 01:17:00	B3.3	12692.0	POINT(-30 16)	16	-30	-470.0	295.0
162270	2017-12-22 01:40:00	2017-12-22 01:50:00	2017-12-22 02:05:00	B7.2	12692.0	POINT(-28 18)	18	-28	-437.0	328.0
162280	2017-12-22 02:28:00	2017-12-22 02:31:00	2017-12-22 02:33:00	B2.4	12692.0	POINT(-30 15)	15	-30	-473.0	279.0
162290	2017-12-22 02:43:00	2017-12-22 02:50:00	2017-12-22 03:06:00	B4.7	12692.0	POINT(-27 19)	19	-27	-420.0	344.0
162300	2017-12-22 03:31:00	2017-12-22 03:36:00	2017-12-22 03:44:00	B2.6	12692.0	POINT(-27 19)	19	-27	-420.0	344.0
162310	2017-12-22 04:03:00	2017-12-22 04:06:00	2017-12-22 04:08:00	B1.2	12692.0	POINT(-28 16)	16	-28	-442.0	296.0
162320	2017-12-22 06:28:00	2017-12-22 06:31:00	2017-12-22 06:36:00	B1.5	12692.0	POINT(-25 19)	19	-25	-391.0	345.0
162330	2017-12-22 11:36:00	2017-12-22 11:40:00	2017-12-22 11:44:00	B3.0	12692.0	POINT(-22 19)	19	-22	-347.0	346.0
162340	2017-12-23 06:24:00	2017-12-23 06:29:00	2017-12-23 06:31:00	B3.3	12692.0	POINT(-19 17)	17	-19	-305.0	316.0
162350	2017-12-23 20:33:00	2017-12-23 20:36:00	2017-12-23 20:43:00	B1.0	12692.0	POINT(0 17)	17	0	0.0	319.0
162360	2017-12-25 07:11:00	2017-12-25 07:16:00	2017-12-25 07:28:00	B1.6	12692.0	POINT(12 18)	18	12	194.0	337.0
162370	2017-12-28 22:25:00	2017-12-28 22:29:00	2017-12-28 22:33:00	B8.3	12692.0	POINT(-89 13)	13	-89	-950.0	220.0
162380	2017-12-29 01:14:00	2017-12-29 01:19:00	2017-12-29 01:21:00	B1.1		POINT(-84 13)	13	-84	-945.0	224.0
162390	2018-01-05 11:16:00	2018-01-05 11:17:00	2018-01-05 11:18:00	A3.7		POINT(89 -14)	-14	89	920.0	-229.0
162400	2018-01-07 04:24:00	2018-01-07 04:33:00	2018-01-07 04:38:00	A7.6		POINT(64 21)	21	64	793.0	306.0
162410	2018-01-12 13:08:00	2018-01-12 13:09:00	2018-01-12 13:10:00	B1.9		POINT(70 -6)	-6	70	912.0	-94.0
162420	2018-01-18 07:28:00	2018-01-18 07:35:00	2018-01-18 07:39:00	B9.7	12696.0	POINT(5 -12)	-12	5	81.0	-223.0
162430	2018-01-18 08:08:00	2018-01-18 08:13:00	2018-01-18 08:16:00	B4.0	12696.0	POINT(5 -12)	-12	5	81.0	-223.0
162440	2018-01-18 09:51:00	2018-01-18 09:57:00	2018-01-18 10:06:00	B1.2	12696.0	POINT(6 -11)	-11	6	97.0	-207.0
162450	2018-01-20 04:48:00	2018-01-20 04:55:00	2018-01-20 05:00:00	B1.7	12696.0	POINT(31 -12)	-12	31	479.0	-292.0
162460	2018-01-20 17:42:00	2018-01-20 17:52:00	2018-01-20 17:58:00	A9.1	12696.0	POINT(38 -12)	-12	38	573.0	-284.0
162470	2018-01-22 02:37:00	2018-01-22 02:57:00	2018-01-22 03:20:00	B9.5	12696.0	POINT(58 -13)	-13	58	798.0	-264.0
162480	2018-01-30 17:35:00	2018-01-30 17:39:00	2018-01-30 17:46:00	B1.3	12697.0	POINT(-52 -8)	-8	-52	-738.0	-148.0
162490	2018-02-04 19:06:00	2018-02-04 19:22:00	2018-02-04 19:27:00	B6.4	12699.0	POINT(-80 -9)	-9	-80	-930.0	-134.0
162500	2018-02-04 19:46:00	2018-02-04 19:51:00	2018-02-04 19:55:00	B3.7	12699.0	POINT(-80 -9)	-9	-80	-930.0	-134.0
162510	2018-02-04 20:18:00	2018-02-04 20:24:00	2018-02-04 20:30:00	C1.1	12699.0	POINT(-87 -5)	-5	-87	-950.0	-78.0
162520	2018-02-04 20:46:00	2018-02-04 20:59:00	2018-02-04 21:07:00	B2.6	12699.0	POINT(-80 -9)	-9	-80	-930.0	-134.0
162530	2018-02-04 21:10:00	2018-02-04 21:15:00	2018-02-04 21:18:00	B7.1	12699.0	POINT(-83 -6)	-6	-83	-943.0	-89.0
162540	2018-02-04 22:28:00	2018-02-04 22:45:00	2018-02-04 22:52:00	B3.0	12699.0	POINT(-89 -5)	-5	-89	-951.0	-81.0
162550	2018-02-04 23:20:00	2018-02-04 23:25:00	2018-02-04 23:29:00	B3.1	12699.0	POINT(-84 -6)	-6	-84	-945.0	-90.0
162560	2018-02-05 01:17:00	2018-02-05 01:20:00	2018-02-05 01:29:00	B1.9	12699.0	POINT(-89 -6)	-6	-89	-943.0	-98.0
162570	2018-02-05 05:38:00	2018-02-05 05:41:00	2018-02-05 05:45:00	B2.0	12699.0	POINT(-78 -7)	-7	-78	-921.0	-108.0
162580	2018-02-05 08:09:00	2018-02-05 08:22:00	2018-02-05 08:27:00	B6.1		POINT(-74 -8)	-8	-74	-904.0	-122.0
162590	2018-02-05 10:37:00	2018-02-05 10:43:00	2018-02-05 10:50:00	B3.0		POINT(-74 -8)	-8	-74	-904.0	-122.0
162600	2018-02-05 11:27:00	2018-02-05 11:38:00	2018-02-05 11:44:00	B2.0		POINT(-75 -7)	-7	-75	-910.0	-106.0
162610	2018-02-05 15:22:00	2018-02-05 15:25:00	2018-02-05 15:27:00	B2.0		POINT(-69 -5)	-5	-69	-883.0	-69.0
162620	2018-02-05 15:45:00	2018-02-05 15:53:00	2018-02-05 16:05:00	B2.7	12699.0	POINT(-71 -10)	-10	-71	-884.0	-153.0
162630	2018-02-05 18:18:00	2018-02-05 18:24:00	2018-02-05 18:26:00	B8.1	12699.0	POINT(-69 -10)	-10	-69	-873.0	-152.0
162640	2018-02-05 19:06:00	2018-02-05 19:09:00	2018-02-05 19:11:00	B1.4		POINT(-73 -6)	-6	-73	-903.0	-88.0
162650	2018-02-05 19:23:00	2018-02-05 19:26:00	2018-02-05 19:28:00	B1.1		POINT(-67 -8)	-8	-67	-866.0	-118.0
162660	2018-02-05 20:30:00	2018-02-05 20:37:00	2018-02-05 20:48:00	B3.3	12699.0	POINT(-68 -10)	-10	-68	-867.0	-151.0
162670	2018-02-05 21:36:00	2018-02-05 21:49:00	2018-02-05 21:53:00	B3.2	12699.0	POINT(-67 -9)	-9	-67	-863.0	-134.0
162680	2018-02-05 22:16:00	2018-02-05 22:21:00	2018-02-05 22:27:00	B4.1	12699.0	POINT(-67 -7)	-7	-67	-868.0	-101.0
162690	2018-02-06 00:38:00	2018-02-06 00:42:00	2018-02-06 00:45:00	B3.2	12699.0	POINT(-64 -7)	-7	-64	-844.0	-125.0
162700	2018-02-06 01:06:00	2018-02-06 01:10:00	2018-02-06 01:15:00	B3.1	12699.0	POINT(-63 -8)	-8	-63	-835.0	-142.0
162710	2018-02-06 02:54:00	2018-02-06 03:00:00	2018-02-06 03:02:00	B2.8	12699.0	POINT(-63 -8)	-8	-63	-835.0	-142.0
162720	2018-02-06 05:19:00	2018-02-06 05:28:00	2018-02-06 05:43:00	B3.7	12699.0	POINT(-65 -7)	-7	-65	-851.0	-125.0
162730	2018-02-06 06:20:00	2018-02-06 06:27:00	2018-02-06 06:34:00	B2.4	12699.0	POINT(-63 -7)	-7	-63	-836.0	-126.0
162740	2018-02-06 09:08:00	2018-02-06 09:14:00	2018-02-06 09:18:00	B2.3	12699.0	POINT(-64 -8)	-8	-64	-842.0	-142.0
162750	2018-02-06 10:54:00	2018-02-06 11:06:00	2018-02-06 11:17:00	B2.7	12699.0	POINT(-60 -7)	-7	-60	-813.0	-127.0
162760	2018-02-06 14:14:00	2018-02-06 14:26:00	2018-02-06 14:48:00	B5.6	12699.0	POINT(-58 -8)	-8	-58	-795.0	-144.0
162770	2018-02-06 17:44:00	2018-02-06 17:49:00	2018-02-06 17:54:00	B1.1	12699.0	POINT(-57 -7)	-7	-57	-788.0	-128.0
162780	2018-02-06 18:45:00	2018-02-06 18:58:00	2018-02-06 19:44:00	C1.0	12699.0	POINT(-57 -8)	-8	-57	-786.0	-145.0
162790	2018-02-07 00:19:00	2018-02-07 00:38:00	2018-02-07 00:46:00	B7.9	12699.0	POINT(-53 -5)	-5	-53	-753.0	-128.0
162800	2018-02-07 07:29:00	2018-02-07 07:32:00	2018-02-07 07:36:00	B1.3	12699.0	POINT(-51 -8)	-8	-51	-728.0	-179.0
162810	2018-02-07 13:31:00	2018-02-07 13:47:00	2018-02-07 13:54:00	C8.1	12699.0	POINT(-45 -6)	-6	-45	-666.0	-153.0
162820	2018-02-07 14:31:00	2018-02-07 14:42:00	2018-02-07 15:10:00	C1.7	12699.0	POINT(-45 -6)	-6	-45	-666.0	-153.0
162830	2018-02-07 18:01:00	2018-02-07 18:05:00	2018-02-07 18:11:00	B1.4	12699.0	POINT(-42 -6)	-6	-42	-630.0	-156.0
162840	2018-02-07 23:32:00	2018-02-07 23:35:00	2018-02-07 23:37:00	B2.1	12699.0	POINT(-39 -8)	-8	-39	-590.0	-191.0
162850	2018-02-08 15:20:00	2018-02-08 15:30:00	2018-02-08 15:35:00	B5.2	12699.0	POINT(-39 -8)	-8	-39	-592.0	-218.0
162860	2018-02-08 16:51:00	2018-02-08 16:59:00	2018-02-08 17:21:00	B7.4	12699.0	POINT(-33 -7)	-7	-33	-514.0	-209.0
162870	2018-02-08 18:39:00	2018-02-08 18:45:00	2018-02-08 18:50:00	B5.1	12699.0	POINT(-31 -7)	-7	-31	-486.0	-211.0
162880	2018-02-08 19:43:00	2018-02-08 19:55:00	2018-02-08 20:01:00	B5.1	12699.0	POINT(-29 -7)	-7	-29	-458.0	-213.0
162890	2018-02-08 20:25:00	2018-02-08 20:34:00	2018-02-08 20:41:00	B6.3	12699.0	POINT(-30 -7)	-7	-30	-472.0	-212.0
162900	2018-02-08 21:10:00	2018-02-08 21:14:00	2018-02-08 21:17:00	B1.6	12699.0	POINT(-30 -6)	-6	-30	-473.0	-196.0
162910	2018-02-08 21:22:00	2018-02-08 21:39:00	2018-02-08 21:45:00	B4.8	12699.0	POINT(-30 -6)	-6	-30	-473.0	-196.0
162920	2018-02-09 03:43:00	2018-02-09 03:48:00	2018-02-09 03:54:00	B2.3	12699.0	POINT(-23 -6)	-6	-23	-372.0	-209.0
162930	2018-02-09 06:31:00	2018-02-09 06:36:00	2018-02-09 06:39:00	B1.6	12699.0	POINT(-24 -7)	-7	-24	-387.0	-224.0
162940	2018-02-09 08:27:00	2018-02-09 08:31:00	2018-02-09 08:35:00	B2.1	12699.0	POINT(-82 -7)	-7	-82	-939.0	-132.0
162950	2018-02-09 12:43:00	2018-02-09 12:47:00	2018-02-09 12:52:00	B1.2	12699.0	POINT(-22 -8)	-8	-22	-356.0	-242.0
162960	2018-02-09 14:51:00	2018-02-09 14:56:00	2018-02-09 15:01:00	B3.2	12699.0	POINT(-20 -8)	-8	-20	-325.0	-243.0
162970	2018-02-09 15:40:00	2018-02-09 15:47:00	2018-02-09 15:52:00	B7.2	12699.0	POINT(-20 -8)	-8	-20	-325.0	-243.0
162980	2018-02-09 16:38:00	2018-02-09 16:43:00	2018-02-09 16:54:00	B4.6	12699.0	POINT(-20 -8)	-8	-20	-325.0	-243.0
162990	2018-02-09 17:45:00	2018-02-09 17:49:00	2018-02-09 17:55:00	B1.2	12699.0	POINT(-17 -5)	-5	-17	-279.0	-196.0
163000	2018-02-09 18:12:00	2018-02-09 18:19:00	2018-02-09 18:29:00	B4.4	12699.0	POINT(-17 -9)	-9	-17	-277.0	-261.0
163010	2018-02-10 13:02:00	2018-02-10 13:21:00	2018-02-10 13:36:00	C4.6	12699.0	POINT(-7 -8)	-8	-7	-117.0	-227.0
163020	2018-02-10 16:31:00	2018-02-10 16:43:00	2018-02-10 16:51:00	B2.4	12699.0	POINT(-5 -8)	-8	-5	-83.0	-227.0
163030	2018-02-10 18:09:00	2018-02-10 18:14:00	2018-02-10 18:17:00	B1.3	12699.0	POINT(1 -8)	-8	1	17.0	-227.0
163040	2018-02-10 20:34:00	2018-02-10 20:40:00	2018-02-10 20:47:00	B1.1	12699.0	POINT(-3 -8)	-8	-3	-50.0	-227.0
163050	2018-02-10 21:35:00	2018-02-10 21:48:00	2018-02-10 21:56:00	B4.7	12699.0	POINT(-2 -8)	-8	-2	-33.0	-227.0
163060	2018-02-11 01:04:00	2018-02-11 01:09:00	2018-02-11 01:11:00	B4.8	12699.0	POINT(5 -8)	-8	5	84.0	-178.0
163070	2018-02-11 04:52:00	2018-02-11 04:55:00	2018-02-11 04:58:00	B1.0	12699.0	POINT(7 -8)	-8	7	118.0	-177.0
163080	2018-02-11 05:29:00	2018-02-11 05:35:00	2018-02-11 05:40:00	B2.6	12699.0	POINT(2 -8)	-8	2	34.0	-177.0
163090	2018-02-11 08:19:00	2018-02-11 08:24:00	2018-02-11 08:27:00	B1.7	12699.0	POINT(9 -8)	-8	9	151.0	-177.0
163100	2018-02-11 09:00:00	2018-02-11 09:07:00	2018-02-11 09:14:00	B3.7	12699.0	POINT(5 -8)	-8	5	84.0	-177.0
163110	2018-02-11 09:50:00	2018-02-11 10:03:00	2018-02-11 10:14:00	B8.3	12699.0	POINT(4 -9)	-9	4	67.0	-194.0
163120	2018-02-11 11:37:00	2018-02-11 11:41:00	2018-02-11 11:44:00	B1.2	12699.0	POINT(3 -10)	-10	3	50.0	-210.0
163130	2018-02-11 13:23:00	2018-02-11 13:29:00	2018-02-11 13:45:00	B1.8	12699.0	POINT(4 -9)	-9	4	67.0	-193.0
163140	2018-02-11 13:53:00	2018-02-11 13:57:00	2018-02-11 14:10:00	B1.6	12699.0	POINT(6 -9)	-9	6	101.0	-193.0
163150	2018-02-11 14:10:00	2018-02-11 14:29:00	2018-02-11 14:43:00	B3.3	12699.0	POINT(7 -8)	-8	7	118.0	-176.0
163160	2018-02-11 16:13:00	2018-02-11 16:18:00	2018-02-11 16:20:00	B1.5	12699.0	POINT(5 -9)	-9	5	84.0	-193.0
163170	2018-02-11 21:29:00	2018-02-11 21:36:00	2018-02-11 21:39:00	B1.2	12699.0	POINT(7 -6)	-6	7	118.0	-142.0
163180	2018-02-11 21:43:00	2018-02-11 21:47:00	2018-02-11 21:49:00	B1.6	12699.0	POINT(7 -6)	-6	7	118.0	-142.0
163190	2018-02-11 22:34:00	2018-02-11 22:37:00	2018-02-11 22:39:00	B1.1	12699.0	POINT(7 -6)	-6	7	118.0	-142.0
163200	2018-02-11 23:10:00	2018-02-11 23:13:00	2018-02-11 23:16:00	B1.0	12699.0	POINT(8 -6)	-6	8	135.0	-142.0
163210	2018-02-12 00:15:00	2018-02-12 01:35:00	2018-02-12 03:21:00	C1.5	12699.0	POINT(14 -10)	-10	14	233.0	-149.0
163220	2018-02-12 06:56:00	2018-02-12 07:00:00	2018-02-12 07:03:00	B4.4	12699.0	POINT(17 -7)	-7	17	284.0	-98.0
163230	2018-02-12 11:36:00	2018-02-12 11:43:00	2018-02-12 12:25:00	B2.8	12699.0	POINT(21 -8)	-8	21	347.0	-115.0
163240	2018-02-12 21:32:00	2018-02-12 21:36:00	2018-02-12 21:40:00	B1.2	12699.0	POINT(25 -7)	-7	25	411.0	-98.0
163250	2018-02-14 08:22:00	2018-02-14 08:25:00	2018-02-14 08:27:00	B1.2	12699.0	POINT(41 -9)	-9	41	631.0	-63.0
163260	2018-02-14 14:43:00	2018-02-14 14:47:00	2018-02-14 14:50:00	B1.0	12699.0	POINT(50 -8)	-8	50	738.0	-59.0
163270	2018-02-14 15:54:00	2018-02-14 16:08:00	2018-02-14 16:20:00	B1.4	12699.0	POINT(49 -10)	-10	49	723.0	-92.0
163280	2018-02-14 23:35:00	2018-02-14 23:39:00	2018-02-14 23:41:00	B1.5	12699.0	POINT(50 -8)	-8	50	738.0	-59.0
163290	2018-02-15 00:47:00	2018-02-15 00:51:00	2018-02-15 00:53:00	B1.2	12699.0	POINT(51 -8)	-8	51	743.0	-59.0
163300	2018-02-15 03:11:00	2018-02-15 03:14:00	2018-02-15 03:16:00	B1.5	12699.0	POINT(52 -8)	-8	52	754.0	-61.0
163310	2018-02-15 06:23:00	2018-02-15 06:26:00	2018-02-15 06:28:00	B1.1	12699.0	POINT(54 -8)	-8	54	774.0	-64.0
163320	2018-02-15 22:19:00	2018-02-15 22:23:00	2018-02-15 22:26:00	B1.4	12699.0	POINT(66 -7)	-7	66	875.0	-69.0
163330	2018-02-15 23:50:00	2018-02-15 23:55:00	2018-02-15 23:58:00	B1.2	12699.0	POINT(69 -8)	-8	69	892.0	-91.0
163340	2018-02-16 04:27:00	2018-02-16 04:37:00	2018-02-16 04:42:00	B3.4	12699.0	POINT(70 -6)	-6	70	894.0	-70.0
163350	2018-02-16 20:57:00	2018-02-16 21:12:00	2018-02-16 21:19:00	A9.7	12699.0	POINT(89 -7)	-7	89	947.0	-114.0
163360	2018-02-17 18:07:00	2018-02-17 18:15:00	2018-02-17 18:28:00	B1.4	12699.0	POINT(89 -9)	-9	89	936.0	-148.0
163370	2018-02-26 11:58:00	2018-02-26 12:02:00	2018-02-26 12:04:00	B1.0	12700.0	POINT(4 5)	5	4	68.0	201.0
163380	2018-02-26 15:48:00	2018-02-26 15:51:00	2018-02-26 15:53:00	B3.3	12700.0	POINT(7 6)	6	7	118.0	218.0
163390	2018-02-28 06:04:00	2018-02-28 06:55:00	2018-02-28 07:30:00	A8.9	12700.0	POINT(27 4)	4	27	434.0	144.0
163400	2018-02-28 14:12:00	2018-02-28 14:27:00	2018-02-28 14:53:00	B2.3	12700.0	POINT(37 8)	8	37	571.0	202.0
163410	2018-02-28 15:23:00	2018-02-28 15:27:00	2018-02-28 15:30:00	B1.4	12700.0	POINT(34 5)	5	34	534.0	155.0
163420	2018-02-28 16:07:00	2018-02-28 16:10:00	2018-02-28 16:12:00	B1.5	12700.0	POINT(34 5)	5	34	534.0	155.0
163430	2018-03-01 22:03:00	2018-03-01 22:07:00	2018-03-01 22:13:00	B1.2	12700.0	POINT(53 5)	5	53	778.0	135.0
163440	2018-03-02 00:30:00	2018-03-02 00:52:00	2018-03-02 01:17:00	B6.8	12700.0	POINT(55 6)	6	55	793.0	168.0
163450	2018-03-02 05:14:00	2018-03-02 05:27:00	2018-03-02 05:34:00	B5.2	12700.0	POINT(58 5)	5	58	822.0	146.0
163460	2018-03-02 07:58:00	2018-03-02 08:03:00	2018-03-02 08:08:00	B1.3	12700.0	POINT(57 5)	5	57	813.0	148.0
163470	2018-03-02 10:56:00	2018-03-02 11:07:00	2018-03-02 11:13:00	C1.9	12700.0	POINT(61 5)	5	61	847.0	141.0
163480	2018-03-03 04:01:00	2018-03-03 04:07:00	2018-03-03 04:12:00	B4.9	12700.0	POINT(72 5)	5	72	914.0	120.0
163490	2018-03-04 02:55:00	2018-03-04 03:01:00	2018-03-04 03:07:00	B1.1	12700.0	POINT(88 6)	6	88	949.0	103.0
163500	2018-03-12 22:10:00	2018-03-12 22:11:00	2018-03-12 22:12:00	A1.1		POINT(-84 33)	33	-84	-813.0	533.0
163510	2018-03-29 16:25:00	2018-03-29 16:34:00	2018-03-29 16:43:00	A9.9		POINT(-89 -8)	-8	-89	-938.0	-131.0
163520	2018-03-30 02:56:00	2018-03-30 03:00:00	2018-03-30 03:02:00	B1.7		POINT(-74 -9)	-9	-74	-897.0	-155.0
163530	2018-03-30 04:11:00	2018-03-30 04:15:00	2018-03-30 04:19:00	B1.8		POINT(-73 -9)	-9	-73	-893.0	-156.0
163540	2018-03-30 05:07:00	2018-03-30 05:15:00	2018-03-30 05:21:00	B4.5		POINT(-73 -9)	-9	-73	-893.0	-156.0
163550	2018-03-30 07:57:00	2018-03-30 08:04:00	2018-03-30 08:08:00	C4.6		POINT(-71 -6)	-6	-71	-889.0	-108.0
163560	2018-03-30 11:13:00	2018-03-30 11:17:00	2018-03-30 11:20:00	B2.1		POINT(-69 -12)	-12	-69	-863.0	-206.0
163570	2018-03-30 17:58:00	2018-03-30 18:07:00	2018-03-30 18:15:00	B2.0		POINT(-68 -10)	-10	-68	-863.0	-174.0
163580	2018-03-31 01:44:00	2018-03-31 01:48:00	2018-03-31 01:55:00	B1.5		POINT(-60 -10)	-10	-60	-807.0	-203.0
163590	2018-03-31 08:59:00	2018-03-31 09:11:00	2018-03-31 09:23:00	B7.1		POINT(-55 -11)	-11	-55	-761.0	-225.0
163600	2018-03-31 16:16:00	2018-03-31 16:20:00	2018-03-31 16:25:00	B1.1		POINT(-52 -10)	-10	-52	-734.0	-212.0
163610	2018-04-01 00:49:00	2018-04-01 00:53:00	2018-04-01 00:57:00	B1.1	12703.0	POINT(-43 -13)	-13	-43	-650.0	-161.0
163620	2018-04-01 12:51:00	2018-04-01 13:08:00	2018-04-01 13:19:00	B9.0	12703.0	POINT(-43 -9)	-9	-43	-659.0	-93.0
163630	2018-04-03 03:56:00	2018-04-03 04:05:00	2018-04-03 04:15:00	B2.1	12703.0	POINT(-23 -10)	-10	-23	-372.0	-58.0
163640	2018-04-03 14:13:00	2018-04-03 14:17:00	2018-04-03 14:32:00	B1.2	12703.0	POINT(-17 -9)	-9	-17	-279.0	-38.0
163650	2018-04-03 20:30:00	2018-04-03 20:35:00	2018-04-03 20:38:00	B2.0	12703.0	POINT(-12 -10)	-10	-12	-198.0	-52.0
163660	2018-04-06 19:29:00	2018-04-06 19:30:00	2018-04-06 19:31:00	A1.1		POINT(88 -19)	-19	88	892.0	-308.0
163670	2018-04-12 02:37:00	2018-04-12 02:45:00	2018-04-12 02:47:00	A9.5		POINT(-64 10)	10	-64	-864.0	179.0
163680	2018-04-14 00:09:00	2018-04-14 00:12:00	2018-04-14 00:15:00	B1.0	12704.0	POINT(-38 11)	11	-38	-588.0	276.0
163690	2018-04-14 19:10:00	2018-04-14 19:19:00	2018-04-14 19:30:00	B2.4		POINT(-89 7)	7	-89	-963.0	119.0
163700	2018-04-15 00:05:00	2018-04-15 00:10:00	2018-04-15 00:24:00	B1.4		POINT(-88 7)	7	-88	-955.0	121.0
163710	2018-04-15 12:37:00	2018-04-15 12:40:00	2018-04-15 12:43:00	B3.5	12705.0	POINT(-8 16)	16	-8	-129.0	377.0
163720	2018-04-15 13:46:00	2018-04-15 13:49:00	2018-04-15 13:54:00	B1.0	12705.0	POINT(-8 16)	16	-8	-129.0	377.0
163730	2018-04-18 12:50:00	2018-04-18 13:04:00	2018-04-18 13:50:00	B3.3	12706.0	POINT(-89 1)	1	-89	-943.0	16.0
163740	2018-04-18 15:48:00	2018-04-18 16:00:00	2018-04-18 16:15:00	B4.0	12706.0	POINT(-89 2)	2	-89	-943.0	32.0
163750	2018-04-18 18:20:00	2018-04-18 18:28:00	2018-04-18 18:35:00	B1.4	12706.0	POINT(55 7)	7	55	769.0	99.0
163760	2018-04-20 08:16:00	2018-04-20 08:19:00	2018-04-20 08:23:00	B1.1	12706.0	POINT(-69 2)	2	-69	-886.0	-8.0
163770	2018-04-20 09:39:00	2018-04-20 09:42:00	2018-04-20 09:47:00	B1.0	12706.0	POINT(-68 3)	3	-68	-879.0	7.0
163780	2018-04-20 16:55:00	2018-04-20 17:04:00	2018-04-20 17:12:00	B5.3	12706.0	POINT(-63 4)	4	-63	-844.0	14.0
163790	2018-04-20 22:12:00	2018-04-20 22:19:00	2018-04-20 22:25:00	B3.6	12706.0	POINT(-59 2)	2	-59	-814.0	-26.0
163800	2018-04-21 06:01:00	2018-04-21 06:08:00	2018-04-21 06:19:00	B1.1	12706.0	POINT(-55 5)	5	-55	-781.0	15.0
163810	2018-04-21 10:45:00	2018-04-21 10:51:00	2018-04-21 10:58:00	B2.0	12706.0	POINT(-53 1)	1	-53	-765.0	-55.0
163820	2018-04-21 18:44:00	2018-04-21 18:51:00	2018-04-21 19:04:00	B1.8	12706.0	POINT(-48 3)	3	-48	-711.0	-29.0
163830	2018-04-21 20:55:00	2018-04-21 20:58:00	2018-04-21 21:00:00	B1.2	12706.0	POINT(-45 3)	3	-45	-677.0	-34.0
163840	2018-04-21 21:37:00	2018-04-21 21:40:00	2018-04-21 21:44:00	B1.1	12706.0	POINT(-45 3)	3	-45	-677.0	-34.0
163850	2018-04-23 18:40:00	2018-04-23 18:43:00	2018-04-23 18:45:00	B1.0		POINT(-21 2)	2	-21	-349.0	0.0
163860	2018-04-24 21:37:00	2018-04-24 21:45:00	2018-04-24 21:52:00	B2.1	12706.0	POINT(-18 2)	2	-18	-302.0	61.0
163870	2018-04-28 20:26:00	2018-04-28 20:32:00	2018-04-28 20:46:00	B1.5	12706.0	POINT(50 1)	1	50	733.0	72.0
163880	2018-04-30 19:11:00	2018-04-30 19:14:00	2018-04-30 19:19:00	B1.1	12706.0	POINT(83 5)	5	83	934.0	79.0
163890	2018-05-01 21:08:00	2018-05-01 21:15:00	2018-05-01 21:25:00	B1.6	12706.0	POINT(89 3)	3	89	973.0	52.0
163900	2018-05-06 02:55:00	2018-05-06 02:56:00	2018-05-06 02:57:00	A1.1		POINT(-38 -10)	-10	-38	-574.0	-182.0
163910	2018-05-10 03:28:00	2018-05-10 03:29:00	2018-05-10 03:30:00	A1.1		POINT(19 -9)	-9	19	311.0	-239.0
163920	2018-05-22 04:29:00	2018-05-22 05:07:00	2018-05-22 05:44:00	B2.8		POINT(-89 12)	12	-89	-942.0	198.0
163930	2018-05-22 14:47:00	2018-05-22 14:59:00	2018-05-22 15:19:00	B8.9		POINT(-89 12)	12	-89	-942.0	198.0
163940	2018-05-22 22:28:00	2018-05-22 22:42:00	2018-05-22 22:55:00	B2.4		POINT(-89 14)	14	-89	-935.0	230.0
163950	2018-05-23 02:49:00	2018-05-23 02:56:00	2018-05-23 03:09:00	B2.0	12712.0	POINT(-89 14)	14	-89	-942.0	234.0
163960	2018-05-23 03:30:00	2018-05-23 03:35:00	2018-05-23 03:42:00	B1.8	12712.0	POINT(-89 14)	14	-89	-942.0	234.0
163970	2018-05-23 03:58:00	2018-05-23 04:14:00	2018-05-23 04:23:00	B3.2	12712.0	POINT(-89 14)	14	-89	-942.0	234.0
163980	2018-05-23 05:27:00	2018-05-23 05:34:00	2018-05-23 05:42:00	B2.0	12712.0	POINT(-89 14)	14	-89	-942.0	234.0
163990	2018-05-23 06:00:00	2018-05-23 06:04:00	2018-05-23 06:12:00	B1.6	12712.0	POINT(-89 14)	14	-89	-942.0	234.0
164000	2018-05-23 06:17:00	2018-05-23 06:21:00	2018-05-23 06:28:00	B2.3	12712.0	POINT(-89 14)	14	-89	-942.0	234.0
164010	2018-05-23 07:51:00	2018-05-23 08:18:00	2018-05-23 08:24:00	B1.7	12712.0	POINT(-89 14)	14	-89	-942.0	234.0
164020	2018-05-23 08:43:00	2018-05-23 08:48:00	2018-05-23 08:54:00	B1.8	12712.0	POINT(-89 14)	14	-89	-942.0	234.0
164030	2018-05-23 08:55:00	2018-05-23 09:01:00	2018-05-23 09:08:00	B2.8	12712.0	POINT(-89 13)	13	-89	-946.0	218.0
164040	2018-05-23 09:59:00	2018-05-23 10:03:00	2018-05-23 10:06:00	B4.4	12712.0	POINT(-89 14)	14	-89	-942.0	234.0
164050	2018-05-23 11:08:00	2018-05-23 11:12:00	2018-05-23 11:15:00	B1.4	12712.0	POINT(-89 14)	14	-89	-942.0	234.0
164060	2018-05-23 11:37:00	2018-05-23 11:50:00	2018-05-23 11:53:00	B2.5	12712.0	POINT(-89 14)	14	-89	-942.0	234.0
164070	2018-05-23 13:01:00	2018-05-23 13:05:00	2018-05-23 13:09:00	B8.1	12712.0	POINT(-89 14)	14	-89	-942.0	234.0
164080	2018-05-23 14:22:00	2018-05-23 14:26:00	2018-05-23 14:34:00	B1.7	12712.0	POINT(-89 14)	14	-89	-942.0	234.0
164090	2018-05-23 16:38:00	2018-05-23 16:41:00	2018-05-23 16:43:00	B1.6	12711.0	POINT(25 6)	6	25	410.0	68.0
164100	2018-05-23 17:44:00	2018-05-23 17:48:00	2018-05-23 17:50:00	B2.8	12712.0	POINT(-89 14)	14	-89	-942.0	234.0
164110	2018-05-23 17:53:00	2018-05-23 17:56:00	2018-05-23 17:58:00	B2.4	12712.0	POINT(-84 14)	14	-84	-937.0	231.0
164120	2018-05-23 18:03:00	2018-05-23 18:21:00	2018-05-23 18:33:00	C2.0	12712.0	POINT(-89 14)	14	-89	-942.0	234.0
164130	2018-05-23 19:39:00	2018-05-23 19:42:00	2018-05-23 19:44:00	B1.0	12712.0	POINT(-89 14)	14	-89	-942.0	234.0
164140	2018-05-23 20:47:00	2018-05-23 20:56:00	2018-05-23 20:59:00	B1.1	12712.0	POINT(-89 14)	14	-89	-942.0	234.0
164150	2018-05-23 21:05:00	2018-05-23 21:17:00	2018-05-23 21:21:00	B2.0	12712.0	POINT(-89 14)	14	-89	-942.0	234.0
164160	2018-05-23 21:54:00	2018-05-23 21:59:00	2018-05-23 22:03:00	B2.3	12712.0	POINT(-89 14)	14	-89	-942.0	234.0
164170	2018-05-24 02:58:00	2018-05-24 03:20:00	2018-05-24 03:39:00	B3.0	12712.0	POINT(-89 16)	16	-89	-937.0	269.0
164180	2018-05-24 06:16:00	2018-05-24 06:23:00	2018-05-24 06:35:00	B4.5	12712.0	POINT(-84 15)	15	-84	-937.0	255.0
164190	2018-05-24 11:16:00	2018-05-24 11:20:00	2018-05-24 11:38:00	B1.2	12712.0	POINT(-79 15)	15	-79	-925.0	257.0
164200	2018-05-24 12:22:00	2018-05-24 12:30:00	2018-05-24 12:35:00	B9.8	12710.0	POINT(-33 16)	16	-33	-512.0	291.0
164210	2018-05-24 15:28:00	2018-05-24 15:32:00	2018-05-24 15:36:00	B1.4	12712.0	POINT(-76 15)	15	-76	-915.0	259.0
164220	2018-05-24 16:08:00	2018-05-24 16:15:00	2018-05-24 16:22:00	B4.4	12712.0	POINT(-77 15)	15	-77	-918.0	258.0
164230	2018-05-24 17:34:00	2018-05-24 17:37:00	2018-05-24 17:44:00	B1.2	12712.0	POINT(-76 15)	15	-76	-915.0	259.0
164240	2018-05-25 14:04:00	2018-05-25 14:42:00	2018-05-25 14:52:00	B1.2	12712.0	POINT(-65 15)	15	-65	-855.0	287.0
164250	2018-05-25 20:01:00	2018-05-25 20:09:00	2018-05-25 20:16:00	B3.7	12711.0	POINT(53 5)	5	53	777.0	137.0
164260	2018-05-25 23:32:00	2018-05-25 23:35:00	2018-05-25 23:38:00	B1.9	12712.0	POINT(-59 14)	14	-59	-812.0	279.0
164270	2018-05-26 01:11:00	2018-05-26 01:15:00	2018-05-26 01:22:00	B1.3	12712.0	POINT(-58 14)	14	-58	-800.0	294.0
164280	2018-05-26 04:18:00	2018-05-26 04:22:00	2018-05-26 04:26:00	B1.1	12712.0	POINT(-56 14)	14	-56	-782.0	297.0
164290	2018-05-27 01:00:00	2018-05-27 01:04:00	2018-05-27 01:07:00	B1.1	12712.0	POINT(-44 14)	14	-44	-651.0	315.0
164300	2018-05-27 18:49:00	2018-05-27 18:52:00	2018-05-27 18:56:00	B1.1	12712.0	POINT(-34 14)	14	-34	-524.0	327.0
164310	2018-05-28 12:15:00	2018-05-28 12:18:00	2018-05-28 12:20:00	B1.1		POINT(-26 15)	15	-26	-406.0	322.0
164320	2018-05-28 13:42:00	2018-05-28 13:47:00	2018-05-28 13:51:00	B1.3		POINT(-26 15)	15	-26	-406.0	322.0
164330	2018-05-28 14:25:00	2018-05-28 14:28:00	2018-05-28 14:32:00	B1.4	12712.0	POINT(-26 15)	15	-26	-406.0	322.0
164340	2018-05-28 15:02:00	2018-05-28 15:07:00	2018-05-28 15:11:00	B7.2		POINT(-26 15)	15	-26	-406.0	322.0
164350	2018-05-28 15:57:00	2018-05-28 16:01:00	2018-05-28 16:05:00	B5.2		POINT(-25 15)	15	-25	-391.0	323.0
164360	2018-05-28 16:14:00	2018-05-28 16:21:00	2018-05-28 16:42:00	B7.0	12712.0	POINT(-25 15)	15	-25	-391.0	323.0
164370	2018-05-28 16:52:00	2018-05-28 17:04:00	2018-05-28 17:05:00	C2.7	12712.0	POINT(-24 16)	16	-24	-375.0	339.0
164380	2018-05-28 18:43:00	2018-05-28 18:44:00	2018-05-28 18:57:00	B2.0	12712.0	POINT(-24 16)	16	-24	-375.0	339.0
164390	2018-05-28 20:50:00	2018-05-28 20:54:00	2018-05-28 20:57:00	B1.7	12712.0	POINT(-23 15)	15	-23	-362.0	324.0
164400	2018-05-29 00:36:00	2018-05-29 00:40:00	2018-05-29 00:47:00	B2.7	12712.0	POINT(-19 15)	15	-19	-299.0	279.0
164410	2018-05-29 01:25:00	2018-05-29 01:28:00	2018-05-29 01:35:00	B1.2	12712.0	POINT(-20 15)	15	-20	-314.0	278.0
164420	2018-05-29 16:18:00	2018-05-29 16:21:00	2018-05-29 16:28:00	B1.0	12712.0	POINT(-9 14)	14	-9	-144.0	263.0
164430	2018-05-30 18:14:00	2018-05-30 18:17:00	2018-05-30 18:20:00	B1.1		POINT(5 13)	13	5	80.0	187.0
164440	2018-05-30 19:04:00	2018-05-30 19:08:00	2018-05-30 19:11:00	B1.3	12710.0	POINT(52 17)	17	52	713.0	260.0
164450	2018-05-31 00:59:00	2018-05-31 01:08:00	2018-05-31 01:21:00	B5.0	12712.0	POINT(9 15)	15	9	143.0	169.0
164460	2018-05-31 03:41:00	2018-05-31 04:34:00	2018-05-31 04:46:00	B2.2	12712.0	POINT(13 17)	17	13	204.0	203.0
164470	2018-05-31 06:52:00	2018-05-31 06:58:00	2018-05-31 07:05:00	B2.0	12712.0	POINT(12 15)	15	12	190.0	170.0
164480	2018-05-31 08:41:00	2018-05-31 08:45:00	2018-05-31 08:48:00	B1.3	12712.0	POINT(12 15)	15	12	190.0	170.0
164490	2018-05-31 10:40:00	2018-05-31 10:58:00	2018-05-31 11:07:00	B2.6	12712.0	POINT(16 14)	14	16	253.0	155.0
164500	2018-05-31 13:21:00	2018-05-31 14:22:00	2018-05-31 15:14:00	B2.3		POINT(-89 17)	17	-89	-902.0	274.0
164510	2018-05-31 16:04:00	2018-05-31 16:13:00	2018-05-31 16:17:00	B1.9	12712.0	POINT(18 15)	15	18	283.0	171.0
164520	2018-05-31 21:02:00	2018-05-31 21:09:00	2018-05-31 21:13:00	B1.2	12712.0	POINT(19 15)	15	19	298.0	171.0
164530	2018-05-31 21:33:00	2018-05-31 21:43:00	2018-05-31 21:47:00	B1.3	12712.0	POINT(22 13)	13	22	346.0	140.0
164540	2018-05-31 22:56:00	2018-05-31 23:02:00	2018-05-31 23:07:00	B2.8	12712.0	POINT(20 16)	16	20	312.0	188.0
164550	2018-06-01 04:57:00	2018-06-01 05:04:00	2018-06-01 05:09:00	B2.1	12712.0	POINT(23 15)	15	23	369.0	326.0
164560	2018-06-01 06:05:00	2018-06-01 06:10:00	2018-06-01 06:16:00	B2.8	12712.0	POINT(28 13)	13	28	448.0	291.0
164570	2018-06-01 07:53:00	2018-06-01 07:56:00	2018-06-01 08:01:00	B1.1	12712.0	POINT(24 16)	16	24	383.0	342.0
164580	2018-06-02 04:27:00	2018-06-02 04:30:00	2018-06-02 04:37:00	B1.8	12712.0	POINT(39 14)	14	39	595.0	323.0
164590	2018-06-02 08:04:00	2018-06-02 08:11:00	2018-06-02 08:22:00	B2.4	12712.0	POINT(41 15)	15	41	617.0	336.0
164600	2018-06-02 18:22:00	2018-06-02 18:41:00	2018-06-02 18:46:00	B2.8	12712.0	POINT(47 15)	15	47	687.0	328.0
164610	2018-06-02 20:46:00	2018-06-02 20:51:00	2018-06-02 20:54:00	B1.6	12712.0	POINT(49 14)	14	49	712.0	309.0
164620	2018-06-02 21:52:00	2018-06-02 21:57:00	2018-06-02 22:09:00	B2.0	12712.0	POINT(20 16)	16	20	320.0	373.0
164630	2018-06-02 22:31:00	2018-06-02 22:35:00	2018-06-02 22:39:00	B1.1	12712.0	POINT(49 14)	14	49	712.0	309.0
164640	2018-06-02 23:56:00	2018-06-03 00:01:00	2018-06-03 00:15:00	B1.7	12712.0	POINT(50 13)	13	50	721.0	291.0
164650	2018-06-03 00:41:00	2018-06-03 00:44:00	2018-06-03 00:47:00	B1.1	12712.0	POINT(49 13)	13	49	711.0	292.0
164660	2018-06-03 02:31:00	2018-06-03 02:37:00	2018-06-03 02:52:00	B2.0	12712.0	POINT(53 12)	12	53	755.0	270.0
164670	2018-06-03 05:51:00	2018-06-03 05:57:00	2018-06-03 06:01:00	B1.8	12712.0	POINT(52 13)	13	52	742.0	287.0
164680	2018-06-03 06:32:00	2018-06-03 06:36:00	2018-06-03 06:41:00	B1.6	12712.0	POINT(52 12)	12	52	745.0	271.0
164690	2018-06-03 07:53:00	2018-06-03 07:56:00	2018-06-03 07:58:00	B7.9	12712.0	POINT(54 14)	14	54	758.0	300.0
164700	2018-06-03 17:47:00	2018-06-03 17:52:00	2018-06-03 17:57:00	B1.6	12712.0	POINT(60 15)	15	60	808.0	305.0
164710	2018-06-06 10:44:00	2018-06-06 11:00:00	2018-06-06 11:06:00	C1.0	12712.0	POINT(89 14)	14	89	916.0	228.0
164720	2018-06-06 11:39:00	2018-06-06 11:43:00	2018-06-06 11:46:00	B1.3	12712.0	POINT(89 15)	15	89	912.0	244.0
164730	2018-06-11 19:05:00	2018-06-11 19:12:00	2018-06-11 19:18:00	B1.8	12713.0	POINT(-89 6)	6	-89	-965.0	101.0
164740	2018-06-12 20:51:00	2018-06-12 20:54:00	2018-06-12 20:59:00	B1.1	12713.0	POINT(-74 4)	4	-74	-936.0	74.0
164750	2018-06-15 06:46:00	2018-06-15 06:49:00	2018-06-15 06:52:00	B1.1	12713.0	POINT(-41 5)	5	-41	-632.0	173.0
164760	2018-06-15 09:45:00	2018-06-15 09:48:00	2018-06-15 09:50:00	B1.0	12713.0	POINT(-40 4)	4	-40	-620.0	158.0
164770	2018-06-16 05:16:00	2018-06-16 05:20:00	2018-06-16 05:23:00	B1.6	12713.0	POINT(-27 4)	4	-27	-434.0	144.0
164780	2018-06-17 06:53:00	2018-06-17 06:57:00	2018-06-17 07:06:00	B1.0	12713.0	POINT(-12 4)	4	-12	-197.0	101.0
164790	2018-06-17 13:12:00	2018-06-17 14:29:00	2018-06-17 15:02:00	B1.2	12713.0	POINT(-8 4)	4	-8	-132.0	100.0
164800	2018-06-18 08:40:00	2018-06-18 08:44:00	2018-06-18 08:47:00	B1.0	12713.0	POINT(1 5)	5	1	16.0	56.0
164810	2018-06-19 02:23:00	2018-06-19 02:26:00	2018-06-19 02:28:00	B1.0	12714.0	POINT(41 7)	7	41	617.0	56.0
164820	2018-06-20 00:00:00	2018-06-20 00:06:00	2018-06-20 00:11:00	B1.8	12714.0	POINT(54 8)	8	54	761.0	65.0
164830	2018-06-20 03:56:00	2018-06-20 04:25:00	2018-06-20 04:33:00	B1.8	12715.0	POINT(-30 7)	7	-30	-472.0	18.0
164840	2018-06-20 11:57:00	2018-06-20 12:02:00	2018-06-20 12:05:00	B1.8	12713.0	POINT(31 5)	5	31	488.0	-15.0
164850	2018-06-20 19:28:00	2018-06-20 19:35:00	2018-06-20 19:39:00	B6.3	12715.0	POINT(-20 8)	8	-20	-322.0	25.0
164860	2018-06-20 22:58:00	2018-06-20 23:03:00	2018-06-20 23:07:00	B2.6	12715.0	POINT(-16 8)	8	-16	-260.0	23.0
164870	2018-06-21 01:09:00	2018-06-21 01:15:00	2018-06-21 01:18:00	C2.1	12715.0	POINT(-15 8)	8	-15	-246.0	19.0
164880	2018-06-22 03:31:00	2018-06-22 03:35:00	2018-06-22 03:38:00	B1.4	12715.0	POINT(-3 8)	8	-3	-50.0	42.0
164890	2018-06-22 08:36:00	2018-06-22 08:40:00	2018-06-22 08:45:00	B2.5	12713.0	POINT(55 3)	3	55	790.0	-3.0
164900	2018-06-22 18:08:00	2018-06-22 18:10:00	2018-06-22 18:14:00	B1.1	12715.0	POINT(59 4)	4	59	826.0	20.0
164910	2018-06-22 22:00:00	2018-06-22 22:04:00	2018-06-22 22:07:00	B1.7		POINT(58 4)	4	58	817.0	19.0
164920	2018-06-23 05:06:00	2018-06-23 05:16:00	2018-06-23 05:24:00	B3.2	12715.0	POINT(9 9)	9	9	151.0	115.0
164930	2018-06-23 08:18:00	2018-06-23 08:28:00	2018-06-23 08:31:00	B1.8	12715.0	POINT(11 8)	8	11	184.0	98.0
164940	2018-06-23 09:58:00	2018-06-23 10:03:00	2018-06-23 10:11:00	B1.9	12715.0	POINT(14 4)	4	14	235.0	31.0
164950	2018-06-23 14:35:00	2018-06-23 14:38:00	2018-06-23 14:40:00	B4.7	12713.0	POINT(78 3)	3	78	949.0	43.0
164960	2018-06-23 18:06:00	2018-06-23 18:09:00	2018-06-23 18:11:00	B2.4	12713.0	POINT(78 3)	3	78	949.0	43.0
164970	2018-06-23 21:37:00	2018-06-23 21:40:00	2018-06-23 21:43:00	B1.3	12713.0	POINT(77 6)	6	77	942.0	93.0
164980	2018-06-24 01:31:00	2018-06-24 01:45:00	2018-06-24 01:51:00	B8.6	12715.0	POINT(24 8)	8	24	394.0	159.0
164990	2018-06-24 05:52:00	2018-06-24 05:58:00	2018-06-24 06:03:00	B3.3	12713.0	POINT(86 5)	5	86	969.0	87.0
165000	2018-06-24 08:38:00	2018-06-24 08:42:00	2018-06-24 08:49:00	B3.2	12713.0	POINT(88 5)	5	88	971.0	86.0
165010	2018-06-24 13:55:00	2018-06-24 14:03:00	2018-06-24 14:19:00	B2.9	12713.0	POINT(89 6)	6	89	969.0	102.0
165020	2018-06-24 17:45:00	2018-06-24 17:52:00	2018-06-24 17:57:00	B3.5	12715.0	POINT(31 10)	10	31	496.0	193.0
165030	2018-06-24 21:38:00	2018-06-24 21:43:00	2018-06-24 21:46:00	B2.5	12713.0	POINT(89 6)	6	89	969.0	102.0
165040	2018-06-25 02:31:00	2018-06-25 02:35:00	2018-06-25 02:38:00	B2.5	12713.0	POINT(89 6)	6	89	969.0	103.0
165050	2018-06-27 04:01:00	2018-06-27 04:08:00	2018-06-27 04:13:00	B1.6	12715.0	POINT(24 8)	8	24	390.0	241.0
165060	2018-06-27 05:17:00	2018-06-27 05:38:00	2018-06-27 06:16:00	B2.3	12715.0	POINT(62 7)	7	62	846.0	172.0
165070	2018-07-06 19:41:00	2018-07-06 20:07:00	2018-07-06 20:42:00	C1.6		POINT(-89 7)	7	-89	-937.0	115.0
165080	2018-07-07 04:47:00	2018-07-07 04:51:00	2018-07-07 05:00:00	B1.2		POINT(-89 5)	5	-89	-940.0	81.0
165090	2018-07-07 11:59:00	2018-07-07 12:04:00	2018-07-07 12:12:00	B1.3		POINT(-89 4)	4	-89	-941.0	64.0
165100	2018-07-07 21:25:00	2018-07-07 21:28:00	2018-07-07 21:30:00	B1.0		POINT(-89 5)	5	-89	-940.0	81.0
165110	2018-07-07 21:31:00	2018-07-07 21:35:00	2018-07-07 21:42:00	B1.0		POINT(-89 4)	4	-89	-941.0	64.0
165120	2018-07-08 02:46:00	2018-07-08 02:49:00	2018-07-08 02:51:00	B1.0		POINT(-25 -46)	-46	-25	-279.0	-749.0
165130	2018-07-15 08:39:00	2018-07-15 08:47:00	2018-07-15 08:54:00	B1.5		POINT(8 7)	7	8	134.0	234.0
165140	2018-07-15 10:58:00	2018-07-15 11:04:00	2018-07-15 11:15:00	B1.3		POINT(8 7)	7	8	134.0	234.0
165150	2018-07-28 13:21:00	2018-07-28 13:40:00	2018-07-28 13:52:00	A5.5		POINT(-89 -7)	-7	-89	-947.0	-114.0
165160	2018-07-29 21:45:00	2018-07-29 21:48:00	2018-07-29 21:53:00	B1.0		POINT(-76 -7)	-7	-76	-914.0	-108.0
165170	2018-08-03 15:45:00	2018-08-03 15:46:00	2018-08-03 15:47:00	A1.0		POINT(-89 0)	0	-89	-963.0	2.0
165180	2018-08-10 16:00:00	2018-08-10 16:01:00	2018-08-10 16:02:00	A1.0		POINT(88 -8)	-8	88	953.0	-137.0
165190	2018-08-14 05:00:00	2018-08-14 05:01:00	2018-08-14 05:02:00	A1.0		POINT(83 -42)	-42	83	716.0	-634.0
165200	2018-08-14 12:36:00	2018-08-14 12:43:00	2018-08-14 12:54:00	A9.3		POINT(-60 -8)	-8	-60	-834.0	-76.0
165210	2018-08-16 09:12:00	2018-08-16 09:18:00	2018-08-16 09:23:00	A8.9	12718.0	POINT(-33 -8)	-8	-33	-517.0	-61.0
165220	2018-08-23 20:23:00	2018-08-23 20:38:00	2018-08-23 20:46:00	A6.8	12719.0	POINT(6 -9)	-9	6	101.0	-188.0
165230	2018-08-24 12:47:00	2018-08-24 12:50:00	2018-08-24 12:57:00	B1.0	12720.0	POINT(18 6)	6	18	301.0	128.0
165240	2018-08-24 21:54:00	2018-08-24 21:58:00	2018-08-24 22:01:00	B1.6	12719.0	POINT(21 -7)	-7	21	348.0	-93.0
165250	2018-08-25 02:00:00	2018-08-25 02:05:00	2018-08-25 02:09:00	B2.6	12720.0	POINT(24 7)	7	24	395.0	197.0
165260	2018-08-25 03:04:00	2018-08-25 03:09:00	2018-08-25 03:12:00	B3.4	12720.0	POINT(25 7)	7	25	411.0	196.0
165270	2018-08-25 03:23:00	2018-08-25 03:32:00	2018-08-25 03:34:00	B1.4	12719.0	POINT(25 7)	7	25	411.0	196.0
165280	2018-08-25 05:21:00	2018-08-25 05:25:00	2018-08-25 05:29:00	B1.8	12720.0	POINT(26 7)	7	26	426.0	196.0
165290	2018-08-25 07:01:00	2018-08-25 07:04:00	2018-08-25 07:06:00	B1.4	12720.0	POINT(28 7)	7	28	456.0	194.0
165300	2018-08-25 07:36:00	2018-08-25 07:40:00	2018-08-25 07:54:00	B1.0	12720.0	POINT(28 7)	7	28	456.0	194.0
165310	2018-08-25 08:02:00	2018-08-25 08:13:00	2018-08-25 08:30:00	B2.6	12720.0	POINT(32 8)	8	32	513.0	208.0
165320	2018-08-25 10:35:00	2018-08-25 10:48:00	2018-08-25 11:01:00	B4.1	12720.0	POINT(32 8)	8	32	513.0	208.0
165330	2018-08-25 18:29:00	2018-08-25 18:33:00	2018-08-25 18:37:00	B1.0	12720.0	POINT(38 8)	8	38	596.0	203.0
165340	2018-08-25 21:24:00	2018-08-25 21:28:00	2018-08-25 21:30:00	B1.9	12720.0	POINT(40 7)	7	40	624.0	185.0
165350	2018-09-06 08:01:00	2018-09-06 08:01:00	2018-09-06 08:01:00	A2.0		POINT(-7 2)	2	-7	-115.0	10.0
165360	2018-09-10 12:50:00	2018-09-10 12:53:00	2018-09-10 12:55:00	A3.5		POINT(35 11)	11	35	544.0	108.0
165370	2018-09-11 07:56:00	2018-09-11 07:59:00	2018-09-11 08:01:00	B1.0		POINT(-26 -8)	-8	-26	-423.0	-173.0
165380	2018-09-13 17:56:00	2018-09-13 17:58:00	2018-09-13 18:02:00	A1.8		POINT(-86 29)	29	-86	-850.0	476.0
165390	2018-09-16 04:34:00	2018-09-16 04:35:00	2018-09-16 04:36:00	A1.0		POINT(88 -10)	-10	88	940.0	-162.0
165400	2018-09-26 15:27:00	2018-09-26 15:29:00	2018-09-26 15:30:00	A1.8		POINT(89 5)	5	89	967.0	86.0
165410	2018-10-02 04:41:00	2018-10-02 04:45:00	2018-10-02 04:48:00	B1.1		POINT(34 -10)	-10	34	536.0	-72.0
165420	2018-10-10 05:04:00	2018-10-10 05:08:00	2018-10-10 05:09:00	A1.8		POINT(3 35)	35	3	41.0	474.0
165430	2018-10-10 08:15:00	2018-10-10 08:22:00	2018-10-10 08:31:00	B1.7	12724.0	POINT(-88 -7)	-7	-88	-955.0	-120.0
165440	2018-10-12 01:43:00	2018-10-12 01:50:00	2018-10-12 01:56:00	B2.1	12724.0	POINT(-72 -7)	-7	-72	-921.0	-112.0
165450	2018-10-12 14:04:00	2018-10-12 14:08:00	2018-10-12 14:13:00	B7.1	12724.0	POINT(-61 -6)	-6	-61	-850.0	-91.0
165460	2018-10-13 13:28:00	2018-10-13 13:34:00	2018-10-13 13:42:00	B2.3	12724.0	POINT(-55 -11)	-11	-55	-786.0	-139.0
165470	2018-10-29 18:28:00	2018-10-29 18:29:00	2018-10-29 18:30:00	A1.0		POINT(82 -56)	-56	82	525.0	-783.0
165480	2018-11-01 09:32:00	2018-11-01 09:37:00	2018-11-01 09:39:00	A2.0		POINT(89 10)	10	89	960.0	170.0
165490	2018-11-06 18:27:00	2018-11-06 18:30:00	2018-11-06 18:31:00	A2.2		POINT(89 3)	3	89	942.0	49.0
165500	2018-11-08 10:11:00	2018-11-08 10:12:00	2018-11-08 10:14:00	A2.9		POINT(86 -37)	-37	86	755.0	-572.0
165510	2018-11-10 11:41:00	2018-11-10 11:43:00	2018-11-10 11:44:00	A2.0		POINT(89 5)	5	89	959.0	82.0
165520	2018-11-17 10:53:00	2018-11-17 10:57:00	2018-11-17 10:58:00	A5.3		POINT(34 0)	0	34	532.0	29.0
165530	2018-11-24 02:10:00	2018-11-24 02:13:00	2018-11-24 02:15:00	B1.1	12728.0	POINT(-9 3)	3	-9	-153.0	76.0
165540	2018-11-26 12:10:00	2018-11-26 12:11:00	2018-11-26 12:12:00	A1.1		POINT(22 5)	5	22	364.0	193.0
165550	2018-12-03 12:27:00	2018-12-03 12:28:00	2018-12-03 12:29:00	A1.1		POINT(-61 -61)	-61	-61	-409.0	-809.0
165560	2018-12-05 02:31:00	2018-12-05 02:36:00	2018-12-05 02:39:00	B1.5	12729.0	POINT(25 -5)	-5	25	401.0	-49.0
165570	2018-12-05 20:19:00	2018-12-05 20:25:00	2018-12-05 20:33:00	B1.3	12729.0	POINT(36 -4)	-4	36	558.0	-37.0
165580	2018-12-05 20:38:00	2018-12-05 20:41:00	2018-12-05 20:45:00	B1.1	12729.0	POINT(36 -5)	-5	36	557.0	-54.0
165590	2018-12-07 19:51:00	2018-12-07 19:55:00	2018-12-07 20:02:00	B1.2	12729.0	POINT(64 -7)	-7	64	843.0	-149.0
165600	2018-12-09 07:05:00	2018-12-09 07:10:00	2018-12-09 07:16:00	B2.4	12729.0	POINT(89 -5)	-5	89	951.0	-85.0
165610	2018-12-09 14:49:00	2018-12-09 14:53:00	2018-12-09 14:56:00	B1.1	12729.0	POINT(-38 -49)	-49	-38	-386.0	-778.0
165620	2018-12-09 20:35:00	2018-12-09 20:39:00	2018-12-09 20:44:00	B1.0	12729.0	POINT(89 -6)	-6	89	949.0	-101.0
165630	2018-12-11 08:54:00	2018-12-11 09:00:00	2018-12-11 09:04:00	A3.1		POINT(-73 -1)	-1	-73	-929.0	-29.0
165640	2018-12-15 13:49:00	2018-12-15 13:53:00	2018-12-15 13:58:00	B1.0	12731.0	POINT(-42 12)	12	-42	-632.0	285.0
165650	2018-12-20 00:01:00	2018-12-20 00:12:00	2018-12-20 00:21:00	A6.4		POINT(18 12)	12	18	288.0	91.0
165660	2018-12-26 09:44:00	2018-12-26 09:46:00	2018-12-26 09:48:00	A2.1		POINT(-5 -50)	-50	-5	-55.0	-665.0
165670	2018-12-29 13:16:00	2018-12-29 13:17:00	2018-12-29 13:18:00	A1.1		POINT(-89 -12)	-12	-89	-927.0	-196.0
165680	2019-01-02 01:44:00	2019-01-02 01:50:00	2019-01-02 01:55:00	B2.8	12732.0	POINT(21 10)	10	21	350.0	215.0
165690	2019-01-02 18:32:00	2019-01-02 18:38:00	2019-01-02 18:44:00	B1.2		POINT(30 10)	10	30	484.0	231.0
165700	2019-01-03 16:40:00	2019-01-03 17:14:00	2019-01-03 17:33:00	B1.9		POINT(-89 10)	10	-89	-975.0	189.0
165710	2019-01-04 11:04:00	2019-01-04 11:35:00	2019-01-04 11:46:00	B4.2	12732.0	POINT(55 10)	10	55	795.0	213.0
165720	2019-01-06 01:56:00	2019-01-06 02:01:00	2019-01-06 02:09:00	B3.1	12732.0	POINT(73 8)	8	73	923.0	168.0
165730	2019-01-06 03:35:00	2019-01-06 03:41:00	2019-01-06 03:47:00	B1.3	12732.0	POINT(74 8)	8	74	931.0	167.0
165740	2019-01-06 04:23:00	2019-01-06 04:52:00	2019-01-06 05:14:00	B2.1	12732.0	POINT(78 8)	8	78	944.0	162.0
165750	2019-01-06 05:32:00	2019-01-06 05:51:00	2019-01-06 06:01:00	B8.6	12732.0	POINT(75 9)	9	75	934.0	168.0
165760	2019-01-06 08:35:00	2019-01-06 08:40:00	2019-01-06 08:48:00	B1.4	12732.0	POINT(80 9)	9	80	949.0	168.0
165770	2019-01-06 10:31:00	2019-01-06 10:51:00	2019-01-06 11:00:00	C1.6	12732.0	POINT(79 9)	9	79	947.0	169.0
165780	2019-01-06 13:33:00	2019-01-06 13:37:00	2019-01-06 13:39:00	B1.6	12732.0	POINT(78 11)	11	78	938.0	198.0
165790	2019-01-07 10:19:00	2019-01-07 10:23:00	2019-01-07 10:26:00	B1.1	12732.0	POINT(89 9)	9	89	963.0	164.0
165800	2019-01-12 19:05:00	2019-01-12 19:06:00	2019-01-12 19:07:00	A1.1		POINT(88 20)	20	88	928.0	343.0
165810	2019-01-16 00:32:00	2019-01-16 00:34:00	2019-01-16 00:35:00	A8.8		POINT(86 33)	33	86	828.0	547.0
165820	2019-01-19 22:00:00	2019-01-19 22:01:00	2019-01-19 22:02:00	A1.1		POINT(-88 11)	11	-88	-977.0	203.0
165830	2019-01-23 21:45:00	2019-01-23 21:49:00	2019-01-23 21:52:00	B1.2	12733.0	POINT(-10 6)	6	-10	-176.0	197.0
165840	2019-01-24 18:55:00	2019-01-24 18:58:00	2019-01-24 19:00:00	B1.0	12733.0	POINT(2 6)	6	2	34.0	196.0
165850	2019-01-25 01:06:00	2019-01-25 01:11:00	2019-01-25 01:16:00	B1.7	12733.0	POINT(5 6)	6	5	88.0	194.0
165860	2019-01-25 02:07:00	2019-01-25 02:24:00	2019-01-25 02:27:00	B1.4	12733.0	POINT(5 6)	6	5	96.0	196.0
165870	2019-01-25 04:05:00	2019-01-25 04:11:00	2019-01-25 04:23:00	B6.9	12733.0	POINT(7 5)	5	7	125.0	189.0
165880	2019-01-25 08:29:00	2019-01-25 08:35:00	2019-01-25 08:41:00	B2.3	12733.0	POINT(9 5)	5	9	165.0	191.0
165890	2019-01-25 16:03:00	2019-01-25 16:11:00	2019-01-25 16:22:00	B2.3	12733.0	POINT(14 5)	5	14	245.0	183.0
165900	2019-01-25 21:13:00	2019-01-25 21:27:00	2019-01-25 21:35:00	B4.6	12733.0	POINT(17 5)	5	17	298.0	189.0
165910	2019-01-26 03:34:00	2019-01-26 03:49:00	2019-01-26 03:54:00	B1.5	12733.0	POINT(24 3)	3	24	410.0	147.0
165920	2019-01-26 06:36:00	2019-01-26 06:47:00	2019-01-26 06:51:00	B2.2	12733.0	POINT(21 6)	6	21	356.0	198.0
165930	2019-01-26 07:52:00	2019-01-26 08:01:00	2019-01-26 08:07:00	B1.2	12733.0	POINT(27 3)	3	27	444.0	147.0
165940	2019-01-26 08:10:00	2019-01-26 08:13:00	2019-01-26 08:17:00	B1.3	12733.0	POINT(22 7)	7	22	376.0	214.0
165950	2019-01-26 13:12:00	2019-01-26 13:22:00	2019-01-26 13:34:00	C5.0	12733.0	POINT(26 5)	5	26	429.0	185.0
165960	2019-01-26 15:51:00	2019-01-26 15:55:00	2019-01-26 15:58:00	B2.9		POINT(27 6)	6	27	447.0	193.0
165970	2019-01-26 16:14:00	2019-01-26 16:28:00	2019-01-26 16:35:00	B8.6	12733.0	POINT(25 6)	6	25	514.0	151.0
165980	2019-01-26 18:49:00	2019-01-26 19:13:00	2019-01-26 19:20:00	B1.9	12733.0	POINT(33 4)	4	33	537.0	150.0
165990	2019-01-26 23:41:00	2019-01-26 23:44:00	2019-01-26 23:48:00	B1.1	12733.0	POINT(31 6)	6	31	510.0	195.0
166000	2019-01-28 01:00:00	2019-01-28 01:04:00	2019-01-28 01:08:00	B1.1	12733.0	POINT(50 4)	4	50	737.0	147.0
166010	2019-01-28 17:32:00	2019-01-28 17:37:00	2019-01-28 19:16:00	B1.2	12733.0	POINT(61 5)	5	61	850.0	135.0
166020	2019-01-28 19:48:00	2019-01-28 19:53:00	2019-01-28 19:58:00	B1.9	12733.0	POINT(62 5)	5	62	859.0	134.0
166030	2019-01-29 05:03:00	2019-01-29 05:07:00	2019-01-29 05:23:00	B2.4	12733.0	POINT(67 3)	3	67	897.0	124.0
166040	2019-01-29 06:36:00	2019-01-29 06:41:00	2019-01-29 06:45:00	B2.6	12733.0	POINT(68 5)	5	68	903.0	124.0
166050	2019-01-29 07:20:00	2019-01-29 07:36:00	2019-01-29 07:42:00	B8.4	12733.0	POINT(71 4)	4	71	921.0	102.0
166060	2019-01-29 10:21:00	2019-01-29 10:34:00	2019-01-29 10:40:00	C1.9	12733.0	POINT(72 4)	4	72	927.0	100.0
166070	2019-01-29 15:03:00	2019-01-29 15:22:00	2019-01-29 15:36:00	B3.5	12733.0	POINT(77 4)	4	77	947.0	89.0
166080	2019-01-29 21:18:00	2019-01-29 21:29:00	2019-01-29 21:48:00	C2.0	12733.0	POINT(79 4)	4	79	956.0	89.0
166090	2019-01-30 02:09:00	2019-01-30 02:14:00	2019-01-30 02:20:00	B1.7	12733.0	POINT(82 4)	4	82	962.0	94.0
166100	2019-01-30 04:33:00	2019-01-30 04:36:00	2019-01-30 04:40:00	B1.6	12733.0	POINT(89 4)	4	89	970.0	79.0
166110	2019-01-30 05:13:00	2019-01-30 05:27:00	2019-01-30 05:35:00	B3.6	12733.0	POINT(89 4)	4	89	972.0	85.0
166120	2019-01-30 05:56:00	2019-01-30 06:11:00	2019-01-30 06:19:00	C5.2	12733.0	POINT(85 4)	4	85	968.0	78.0
166130	2019-01-30 07:41:00	2019-01-30 07:44:00	2019-01-30 07:46:00	B3.2	12733.0	POINT(89 5)	5	89	974.0	88.0
166140	2019-01-30 08:28:00	2019-01-30 08:34:00	2019-01-30 08:43:00	B2.3	12733.0	POINT(85 4)	4	85	968.0	83.0
166150	2019-01-30 10:31:00	2019-01-30 10:38:00	2019-01-30 10:43:00	B8.5	12733.0	POINT(89 4)	4	89	974.0	77.0
166160	2019-01-30 11:16:00	2019-01-30 11:24:00	2019-01-30 11:32:00	C1.3	12733.0	POINT(89 5)	5	89	971.0	89.0
166170	2019-01-30 14:10:00	2019-01-30 14:15:00	2019-01-30 14:18:00	B1.7	12733.0	POINT(89 4)	4	89	976.0	86.0
166180	2019-01-30 15:22:00	2019-01-30 15:26:00	2019-01-30 15:29:00	B1.1	12733.0	POINT(89 4)	4	89	977.0	71.0
166190	2019-01-30 17:00:00	2019-01-30 17:05:00	2019-01-30 17:07:00	B9.7	12733.0	POINT(89 4)	4	89	979.0	74.0
166200	2019-01-30 19:20:00	2019-01-30 19:28:00	2019-01-30 20:00:00	B4.1	12733.0	POINT(89 4)	4	89	981.0	73.0
166210	2019-01-30 20:27:00	2019-01-30 20:34:00	2019-01-30 20:40:00	B5.3	12733.0	POINT(89 4)	4	89	980.0	74.0
166220	2019-01-30 22:28:00	2019-01-30 22:32:00	2019-01-30 22:35:00	B2.5	12733.0	POINT(89 4)	4	89	973.0	75.0
166230	2019-01-31 00:54:00	2019-01-31 00:58:00	2019-01-31 01:03:00	B7.2	12733.0	POINT(89 4)	4	89	974.0	72.0
166240	2019-01-31 02:21:00	2019-01-31 02:29:00	2019-01-31 02:40:00	B2.8	12733.0	POINT(89 6)	6	89	978.0	104.0
166250	2019-01-31 15:38:00	2019-01-31 15:43:00	2019-01-31 15:48:00	B1.2	12733.0	POINT(89 2)	2	89	973.0	33.0
166260	2019-01-31 16:42:00	2019-01-31 16:53:00	2019-01-31 17:16:00	B1.5	12733.0	POINT(89 2)	2	89	973.0	33.0
166270	2019-02-01 04:57:00	2019-02-01 05:18:00	2019-02-01 05:30:00	B1.5	12733.0	POINT(89 5)	5	89	983.0	96.0
166280	2019-02-01 08:37:00	2019-02-01 09:13:00	2019-02-01 09:44:00	B1.8	12733.0	POINT(88 7)	7	88	977.0	122.0
166290	2019-02-08 08:50:00	2019-02-08 08:51:00	2019-02-08 08:52:00	A1.1		POINT(-70 -28)	-28	-70	-807.0	-432.0
166300	2019-02-18 16:00:00	2019-02-18 16:04:00	2019-02-18 16:05:00	A1.4		POINT(-27 5)	5	-27	-442.0	191.0
166310	2019-02-20 04:02:00	2019-02-20 04:24:00	2019-02-20 04:57:00	A9.7		POINT(0 6)	6	0	8.0	228.0
166320	2019-03-06 05:17:00	2019-03-06 05:26:00	2019-03-06 05:31:00	A4.9		POINT(-24 8)	8	-24	-399.0	258.0
166330	2019-03-08 03:07:00	2019-03-08 03:19:00	2019-03-08 03:58:00	C1.3	12734.0	POINT(3 9)	9	3	76.0	278.0
166340	2019-03-09 04:28:00	2019-03-09 04:32:00	2019-03-09 04:38:00	B1.1	12734.0	POINT(18 8)	8	18	305.0	257.0
166350	2019-03-09 12:17:00	2019-03-09 12:26:00	2019-03-09 12:36:00	B6.2	12734.0	POINT(19 11)	11	19	335.0	258.0
166360	2019-03-16 14:08:00	2019-03-16 14:09:00	2019-03-16 14:10:00	A1.1		POINT(-89 4)	4	-89	-974.0	78.0
166370	2019-03-18 12:09:00	2019-03-18 12:13:00	2019-03-18 12:16:00	B1.3	12735.0	POINT(-25 2)	2	-25	-416.0	141.0
166380	2019-03-18 13:39:00	2019-03-18 13:43:00	2019-03-18 13:46:00	B1.2	12735.0	POINT(-24 2)	2	-24	-400.0	144.0
166390	2019-03-18 13:48:00	2019-03-18 13:51:00	2019-03-18 13:55:00	B1.6	12735.0	POINT(-24 2)	2	-24	-401.0	144.0
166400	2019-03-18 16:25:00	2019-03-18 16:38:00	2019-03-18 16:42:00	B1.7	12735.0	POINT(-22 2)	2	-22	-376.0	146.0
166410	2019-03-18 17:31:00	2019-03-18 17:34:00	2019-03-18 17:38:00	B1.3	12735.0	POINT(-21 2)	2	-21	-359.0	144.0
166420	2019-03-18 18:32:00	2019-03-18 18:35:00	2019-03-18 18:38:00	B1.2	12735.0	POINT(-22 2)	2	-22	-353.0	143.0
166430	2019-03-20 00:17:00	2019-03-20 00:20:00	2019-03-20 00:22:00	B1.1		POINT(21 9)	9	21	356.0	271.0
166440	2019-03-20 07:07:00	2019-03-20 07:14:00	2019-03-20 07:16:00	B6.1		POINT(23 9)	9	23	378.0	265.0
166450	2019-03-20 10:35:00	2019-03-20 11:18:00	2019-03-20 11:34:00	C4.8	12736.0	POINT(26 9)	9	26	432.0	251.0
166460	2019-03-20 12:19:00	2019-03-20 12:25:00	2019-03-20 12:28:00	B4.4	12736.0	POINT(26 9)	9	26	419.0	249.0
166470	2019-03-20 13:06:00	2019-03-20 13:09:00	2019-03-20 13:14:00	B1.0	12736.0	POINT(26 9)	9	26	432.0	255.0
166480	2019-03-20 13:40:00	2019-03-20 13:43:00	2019-03-20 13:49:00	B1.0	12736.0	POINT(27 8)	8	27	442.0	253.0
166490	2019-03-20 14:23:00	2019-03-20 14:32:00	2019-03-20 14:48:00	B2.1	12736.0	POINT(28 9)	9	28	449.0	243.0
166500	2019-03-20 17:36:00	2019-03-20 17:59:00	2019-03-20 18:12:00	B3.2	12736.0	POINT(29 9)	9	29	476.0	242.0
166510	2019-03-20 21:19:00	2019-03-20 21:24:00	2019-03-20 21:32:00	B1.8	12736.0	POINT(31 10)	10	31	506.0	234.0
166520	2019-03-21 00:04:00	2019-03-21 00:13:00	2019-03-21 00:19:00	B8.0	12736.0	POINT(34 9)	9	34	515.0	245.0
166530	2019-03-21 02:52:00	2019-03-21 03:00:00	2019-03-21 03:04:00	C1.2	12736.0	POINT(35 7)	7	35	545.0	224.0
166540	2019-03-21 03:08:00	2019-03-21 03:12:00	2019-03-21 03:15:00	C5.6	12736.0	POINT(34 8)	8	34	539.0	242.0
166550	2019-03-21 07:56:00	2019-03-21 07:59:00	2019-03-21 08:01:00	B1.6	12736.0	POINT(41 8)	8	41	627.0	221.0
166560	2019-03-21 09:45:00	2019-03-21 10:12:00	2019-03-21 10:22:00	B1.4	12736.0	POINT(42 9)	9	42	639.0	245.0
166570	2019-03-21 11:17:00	2019-03-21 11:21:00	2019-03-21 11:31:00	B1.1	12736.0	POINT(42 8)	8	42	647.0	234.0
166580	2019-03-21 14:40:00	2019-03-21 14:44:00	2019-03-21 14:47:00	C1.5	12736.0	POINT(41 11)	11	41	622.0	235.0
166590	2019-03-21 15:42:00	2019-03-21 15:45:00	2019-03-21 15:47:00	B2.2	12736.0	POINT(44 8)	8	44	675.0	217.0
166600	2019-03-21 15:58:00	2019-03-21 16:01:00	2019-03-21 16:03:00	C1.2	12736.0	POINT(45 7)	7	45	683.0	207.0
166610	2019-03-21 17:13:00	2019-03-21 17:21:00	2019-03-21 17:39:00	C2.6	12736.0	POINT(46 11)	11	46	680.0	183.0
166620	2019-03-21 19:54:00	2019-03-21 19:59:00	2019-03-21 20:02:00	B8.8	12736.0	POINT(44 8)	8	44	668.0	219.0
166630	2019-03-21 20:54:00	2019-03-21 21:13:00	2019-03-21 21:19:00	B9.9	12736.0	POINT(49 9)	9	49	718.0	150.0
166640	2019-03-22 00:27:00	2019-03-22 00:34:00	2019-03-22 00:38:00	C2.1	12736.0	POINT(45 8)	8	45	684.0	228.0
166650	2019-03-22 02:00:00	2019-03-22 02:06:00	2019-03-22 02:08:00	B6.7	12736.0	POINT(47 8)	8	47	699.0	223.0
166660	2019-03-22 03:59:00	2019-03-22 04:14:00	2019-03-22 04:28:00	B6.5	12736.0	POINT(54 5)	5	54	707.0	225.0
166670	2019-03-22 05:05:00	2019-03-22 05:14:00	2019-03-22 05:17:00	C4.8	12736.0	POINT(50 6)	6	50	714.0	225.0
166680	2019-03-22 07:54:00	2019-03-22 08:01:00	2019-03-22 08:04:00	C2.6	12736.0	POINT(50 9)	9	50	736.0	219.0
166690	2019-03-22 08:13:00	2019-03-22 08:19:00	2019-03-22 08:22:00	C1.3	12736.0	POINT(50 9)	9	50	731.0	225.0
166700	2019-03-22 10:14:00	2019-03-22 10:19:00	2019-03-22 10:25:00	C1.0	12736.0	POINT(51 10)	10	51	741.0	220.0
166710	2019-03-22 11:54:00	2019-03-22 11:58:00	2019-03-22 12:04:00	B3.5	12736.0	POINT(52 8)	8	52	756.0	218.0
166720	2019-03-22 12:10:00	2019-03-22 12:13:00	2019-03-22 12:15:00	B3.7	12736.0	POINT(52 8)	8	52	756.0	215.0
166730	2019-03-22 12:31:00	2019-03-22 12:39:00	2019-03-22 12:42:00	B8.5	12736.0	POINT(52 10)	10	52	756.0	215.0
166740	2019-03-22 12:46:00	2019-03-22 12:54:00	2019-03-22 12:57:00	B7.0	12736.0	POINT(52 10)	10	52	750.0	227.0
166750	2019-03-22 13:48:00	2019-03-22 13:52:00	2019-03-22 13:55:00	B4.9	12736.0	POINT(54 8)	8	54	771.0	134.0
166760	2019-03-22 14:13:00	2019-03-22 14:18:00	2019-03-22 14:21:00	B3.5	12736.0	POINT(53 10)	10	53	767.0	212.0
166770	2019-03-22 14:41:00	2019-03-22 14:44:00	2019-03-22 14:46:00	B2.1	12736.0	POINT(57 8)	8	57	807.0	205.0
166780	2019-03-22 15:24:00	2019-03-22 15:34:00	2019-03-22 15:55:00	B4.4	12736.0	POINT(59 10)	10	59	813.0	177.0
166790	2019-03-22 16:38:00	2019-03-22 16:42:00	2019-03-22 16:46:00	B2.3	12736.0	POINT(62 10)	10	62	845.0	220.0
166800	2019-03-22 16:55:00	2019-03-22 17:03:00	2019-03-22 17:07:00	B3.6	12736.0	POINT(58 7)	7	58	819.0	182.0
166810	2019-03-22 19:29:00	2019-03-22 19:47:00	2019-03-22 19:56:00	B6.3	12736.0	POINT(61 7)	7	61	838.0	177.0
166820	2019-03-22 20:16:00	2019-03-22 20:23:00	2019-03-22 20:33:00	C1.4	12736.0	POINT(59 10)	10	59	830.0	179.0
166830	2019-03-22 20:52:00	2019-03-22 21:19:00	2019-03-22 21:31:00	B9.7	12736.0	POINT(62 7)	7	62	845.0	176.0
166840	2019-03-22 21:11:00	2019-03-22 21:19:00	2019-03-22 21:26:00	B9.8	12736.0	POINT(61 9)	9	61	841.0	179.0
166850	2019-03-22 22:35:00	2019-03-22 22:39:00	2019-03-22 22:42:00	B3.2	12736.0	POINT(63 7)	7	63	853.0	176.0
166860	2019-03-22 23:57:00	2019-03-23 00:04:00	2019-03-23 00:15:00	B8.1	12736.0	POINT(61 9)	9	61	860.0	168.0
166870	2019-03-23 01:16:00	2019-03-23 01:31:00	2019-03-23 01:43:00	B3.2	12736.0	POINT(66 7)	7	66	867.0	170.0
166880	2019-03-23 01:50:00	2019-03-23 01:53:00	2019-03-23 02:01:00	B5.0	12736.0	POINT(62 7)	7	62	851.0	174.0
166890	2019-03-23 02:07:00	2019-03-23 02:12:00	2019-03-23 02:14:00	B6.1	12736.0	POINT(64 7)	7	64	864.0	167.0
166900	2019-03-23 02:57:00	2019-03-23 03:02:00	2019-03-23 03:05:00	B2.5	12736.0	POINT(66 7)	7	66	865.0	168.0
166910	2019-03-23 03:10:00	2019-03-23 03:17:00	2019-03-23 03:23:00	B6.6	12736.0	POINT(66 7)	7	66	877.0	148.0
166920	2019-03-23 05:06:00	2019-03-23 05:09:00	2019-03-23 05:11:00	B3.0	12736.0	POINT(64 7)	7	64	862.0	176.0
166930	2019-03-23 06:02:00	2019-03-23 06:10:00	2019-03-23 06:16:00	B3.4	12736.0	POINT(68 5)	5	68	894.0	135.0
166940	2019-03-23 10:33:00	2019-03-23 10:40:00	2019-03-23 10:44:00	B2.7	12736.0	POINT(71 5)	5	71	908.0	126.0
166950	2019-03-23 12:10:00	2019-03-23 12:16:00	2019-03-23 12:22:00	B3.1	12736.0	POINT(69 11)	11	69	882.0	183.0
166960	2019-03-23 12:41:00	2019-03-23 12:49:00	2019-03-23 13:01:00	B5.7	12736.0	POINT(73 7)	7	73	915.0	150.0
166970	2019-03-23 14:18:00	2019-03-23 14:22:00	2019-03-23 14:24:00	B3.0	12736.0	POINT(69 9)	9	69	888.0	174.0
166980	2019-03-23 18:14:00	2019-03-23 18:17:00	2019-03-23 18:20:00	B5.7	12736.0	POINT(70 10)	10	70	893.0	222.0
166990	2019-03-23 18:49:00	2019-03-23 18:53:00	2019-03-23 18:55:00	B4.5	12736.0	POINT(72 7)	7	72	909.0	161.0
167000	2019-03-23 18:57:00	2019-03-23 19:00:00	2019-03-23 19:15:00	B4.5	12736.0	POINT(77 8)	8	77	929.0	167.0
167010	2019-03-23 20:48:00	2019-03-23 20:51:00	2019-03-23 20:54:00	B2.1	12736.0	POINT(72 11)	11	72	902.0	218.0
167020	2019-03-23 21:09:00	2019-03-23 21:20:00	2019-03-23 21:27:00	B8.9	12736.0	POINT(78 8)	8	78	933.0	158.0
167030	2019-03-23 22:04:00	2019-03-23 22:11:00	2019-03-23 22:19:00	B5.3	12736.0	POINT(81 6)	6	81	945.0	132.0
167040	2019-03-23 22:36:00	2019-03-23 22:39:00	2019-03-23 22:41:00	B8.0	12736.0	POINT(73 8)	8	73	911.0	179.0
167050	2019-03-23 23:30:00	2019-03-23 23:59:00	2019-03-24 00:17:00	B9.9	12736.0	POINT(75 10)	10	75	941.0	151.0
167060	2019-03-24 02:28:00	2019-03-24 02:33:00	2019-03-24 02:51:00	B8.6	12736.0	POINT(81 7)	7	81	944.0	140.0
167070	2019-03-24 04:35:00	2019-03-24 04:39:00	2019-03-24 04:44:00	B4.8	12736.0	POINT(84 7)	7	84	950.0	135.0
167080	2019-03-24 07:13:00	2019-03-24 07:20:00	2019-03-24 07:27:00	B4.3	12736.0	POINT(84 10)	10	84	948.0	132.0
167090	2019-03-24 08:03:00	2019-03-24 09:22:00	2019-03-24 09:33:00	B1.8	12736.0	POINT(88 7)	7	88	976.0	122.0
167100	2019-03-24 14:32:00	2019-03-24 14:37:00	2019-03-24 14:43:00	B2.6	12736.0	POINT(88 9)	9	88	957.0	155.0
167110	2019-03-24 19:16:00	2019-03-24 19:31:00	2019-03-24 19:40:00	B9.6	12736.0	POINT(88 7)	7	88	969.0	124.0
167120	2019-03-25 06:07:00	2019-03-25 06:15:00	2019-03-25 06:27:00	B1.5	12736.0	POINT(89 5)	5	89	969.0	99.0
167130	2019-03-25 06:52:00	2019-03-25 07:23:00	2019-03-25 07:27:00	B2.2	12736.0	POINT(88 6)	6	88	969.0	105.0
167140	2019-03-25 09:42:00	2019-03-25 09:47:00	2019-03-25 09:53:00	B1.3	12736.0	POINT(89 5)	5	89	966.0	101.0
167150	2019-03-25 11:29:00	2019-03-25 11:34:00	2019-03-25 11:44:00	B1.7	12736.0	POINT(88 6)	6	88	961.0	115.0
167160	2019-03-25 13:08:00	2019-03-25 14:10:00	2019-03-25 14:35:00	B3.6	12736.0	POINT(88 6)	6	88	969.0	110.0
167170	2019-03-25 18:03:00	2019-03-25 18:11:00	2019-03-25 18:25:00	B4.1	12736.0	POINT(89 5)	5	89	972.0	88.0
167180	2019-03-25 21:26:00	2019-03-25 21:48:00	2019-03-25 22:23:00	B3.4	12736.0	POINT(89 5)	5	89	975.0	96.0
167190	2019-03-31 12:00:00	2019-03-31 12:01:00	2019-03-31 12:02:00	A1.1		POINT(13 -37)	-37	13	178.0	-494.0
167200	2019-04-07 03:51:00	2019-04-07 03:55:00	2019-04-07 03:58:00	B1.6	12738.0	POINT(-88 7)	7	-88	-961.0	133.0
167210	2019-04-07 08:31:00	2019-04-07 08:40:00	2019-04-07 08:53:00	B5.3	12738.0	POINT(-88 9)	9	-88	-974.0	163.0
167220	2019-04-07 10:47:00	2019-04-07 11:00:00	2019-04-07 11:26:00	B7.6	12738.0	POINT(-88 8)	8	-88	-957.0	140.0
167230	2019-04-07 19:04:00	2019-04-07 19:11:00	2019-04-07 19:18:00	B1.3	12738.0	POINT(-88 9)	9	-88	-962.0	165.0
167240	2019-04-07 20:04:00	2019-04-07 20:08:00	2019-04-07 20:15:00	B1.2	12738.0	POINT(-88 10)	10	-88	-956.0	174.0
167250	2019-04-08 06:15:00	2019-04-08 06:25:00	2019-04-08 06:35:00	B2.7	12738.0	POINT(-88 11)	11	-88	-951.0	193.0
167260	2019-04-08 09:49:00	2019-04-08 09:52:00	2019-04-08 09:54:00	B1.0	12738.0	POINT(-71 8)	8	-71	-897.0	170.0
167270	2019-04-08 13:55:00	2019-04-08 14:00:00	2019-04-08 14:08:00	B5.6	12738.0	POINT(-68 6)	6	-68	-888.0	171.0
167280	2019-04-08 15:50:00	2019-04-08 15:53:00	2019-04-08 15:57:00	B2.6	12738.0	POINT(-68 6)	6	-68	-883.0	177.0
167290	2019-04-08 16:01:00	2019-04-08 16:13:00	2019-04-08 16:17:00	B3.3	12738.0	POINT(-67 8)	8	-67	-877.0	174.0
167300	2019-04-08 22:20:00	2019-04-08 22:25:00	2019-04-08 22:29:00	B1.7	12738.0	POINT(-64 7)	7	-64	-854.0	176.0
167310	2019-04-09 05:17:00	2019-04-09 05:25:00	2019-04-09 05:33:00	B3.3	12738.0	POINT(-64 7)	7	-64	-857.0	160.0
167320	2019-04-09 23:22:00	2019-04-09 23:26:00	2019-04-09 23:31:00	B1.3	12738.0	POINT(-52 5)	5	-52	-757.0	147.0
167330	2019-04-09 23:44:00	2019-04-09 23:51:00	2019-04-09 23:58:00	B2.0	12738.0	POINT(-53 7)	7	-53	-764.0	176.0
167340	2019-04-10 02:02:00	2019-04-10 02:08:00	2019-04-10 02:15:00	B1.3	12738.0	POINT(-51 5)	5	-51	-747.0	155.0
167350	2019-04-10 04:59:00	2019-04-10 05:24:00	2019-04-10 06:01:00	B2.0		POINT(-54 10)	10	-54	-763.0	166.0
167360	2019-04-10 16:51:00	2019-04-10 17:11:00	2019-04-10 17:34:00	B2.1	12738.0	POINT(-48 10)	10	-48	-706.0	231.0
167370	2019-04-11 17:12:00	2019-04-11 17:23:00	2019-04-11 17:35:00	B1.2	12738.0	POINT(-28 9)	9	-28	-455.0	240.0
167380	2019-04-12 09:20:00	2019-04-12 09:27:00	2019-04-12 09:32:00	B3.6	12738.0	POINT(-17 9)	9	-17	-276.0	149.0
167390	2019-04-12 11:19:00	2019-04-12 11:22:00	2019-04-12 11:27:00	B1.7	12738.0	POINT(-22 9)	9	-22	-356.0	243.0
167400	2019-04-12 11:29:00	2019-04-12 11:37:00	2019-04-12 11:47:00	B7.1	12738.0	POINT(-21 9)	9	-21	-340.0	249.0
167410	2019-04-13 02:24:00	2019-04-13 02:28:00	2019-04-13 02:31:00	B1.3	12738.0	POINT(-10 6)	6	-10	-170.0	201.0
167420	2019-04-13 03:45:00	2019-04-13 03:49:00	2019-04-13 03:53:00	B1.0	12738.0	POINT(-10 6)	6	-10	-168.0	203.0
167430	2019-04-14 18:59:00	2019-04-14 19:02:00	2019-04-14 19:04:00	B1.4	12738.0	POINT(18 3)	3	18	295.0	50.0
167440	2019-04-14 20:44:00	2019-04-14 20:47:00	2019-04-14 20:49:00	B1.3	12738.0	POINT(20 3)	3	20	338.0	154.0
167450	2019-04-14 21:08:00	2019-04-14 21:11:00	2019-04-14 21:14:00	B1.4	12738.0	POINT(20 3)	3	20	329.0	141.0
167460	2019-04-15 19:27:00	2019-04-15 19:31:00	2019-04-15 19:34:00	B3.3	12738.0	POINT(34 4)	4	34	537.0	139.0
167470	2019-04-19 16:10:00	2019-04-19 16:13:00	2019-04-19 16:16:00	B1.3	12738.0	POINT(88 4)	4	88	951.0	72.0
167480	2019-04-20 00:09:00	2019-04-20 00:13:00	2019-04-20 00:17:00	B1.6	12738.0	POINT(89 3)	3	89	957.0	57.0
167490	2019-04-20 00:39:00	2019-04-20 00:50:00	2019-04-20 01:03:00	B8.1	12738.0	POINT(89 7)	7	89	950.0	131.0
167500	2019-04-20 09:24:00	2019-04-20 09:28:00	2019-04-20 09:32:00	B6.8	12738.0	POINT(89 3)	3	89	959.0	54.0
167510	2019-04-29 05:44:00	2019-04-29 05:45:00	2019-04-29 05:47:00	A7.1		POINT(-89 4)	4	-89	-978.0	70.0
167520	2019-05-03 14:20:00	2019-05-03 14:49:00	2019-05-03 15:07:00	B3.9	12740.0	POINT(-88 11)	11	-88	-951.0	200.0
167530	2019-05-03 22:49:00	2019-05-03 23:31:00	2019-05-03 23:49:00	C1.0	12740.0	POINT(-88 11)	11	-88	-939.0	190.0
167540	2019-05-04 13:00:00	2019-05-04 13:08:00	2019-05-04 13:15:00	B2.2	12740.0	POINT(-77 10)	10	-77	-913.0	191.0
167550	2019-05-04 22:03:00	2019-05-04 22:10:00	2019-05-04 22:23:00	B2.7	12740.0	POINT(-71 9)	9	-71	-890.0	182.0
167560	2019-05-04 22:28:00	2019-05-04 22:43:00	2019-05-04 22:57:00	C2.1	12740.0	POINT(-72 7)	7	-72	-890.0	195.0
167570	2019-05-05 06:37:00	2019-05-05 06:42:00	2019-05-05 06:44:00	B2.3	12740.0	POINT(-63 6)	6	-63	-842.0	148.0
167580	2019-05-05 09:30:00	2019-05-05 09:33:00	2019-05-05 09:36:00	B1.8	12740.0	POINT(-61 7)	7	-61	-830.0	151.0
167590	2019-05-05 11:45:00	2019-05-05 11:49:00	2019-05-05 11:51:00	B7.5	12740.0	POINT(-60 7)	7	-60	-821.0	151.0
167600	2019-05-05 13:36:00	2019-05-05 13:42:00	2019-05-05 13:45:00	B9.8	12740.0	POINT(-58 5)	5	-58	-811.0	152.0
167610	2019-05-05 13:50:00	2019-05-05 13:53:00	2019-05-05 13:55:00	B1.8		POINT(-58 6)	6	-58	-807.0	144.0
167620	2019-05-05 14:51:00	2019-05-05 14:54:00	2019-05-05 15:00:00	B1.6	12740.0	POINT(-58 7)	7	-58	-804.0	154.0
167630	2019-05-05 21:21:00	2019-05-05 21:43:00	2019-05-05 21:52:00	B6.4	12740.0	POINT(-60 7)	7	-60	-803.0	200.0
167640	2019-05-05 22:27:00	2019-05-05 22:30:00	2019-05-05 22:32:00	B4.4	12740.0	POINT(-53 7)	7	-53	-761.0	161.0
167650	2019-05-06 00:45:00	2019-05-06 00:49:00	2019-05-06 00:53:00	B2.6	12740.0	POINT(-55 9)	9	-55	-775.0	195.0
167660	2019-05-06 05:04:00	2019-05-06 05:10:00	2019-05-06 05:12:00	C9.9	12740.0	POINT(-49 8)	8	-49	-728.0	173.0
167670	2019-05-06 07:23:00	2019-05-06 07:41:00	2019-05-06 07:54:00	C1.7	12740.0	POINT(-51 10)	10	-51	-752.0	192.0
167680	2019-05-06 08:35:00	2019-05-06 08:46:00	2019-05-06 08:58:00	C2.0	12740.0	POINT(-47 9)	9	-47	-708.0	175.0
167690	2019-05-06 09:55:00	2019-05-06 10:02:00	2019-05-06 10:05:00	C1.5	12740.0	POINT(-47 8)	8	-47	-695.0	177.0
167700	2019-05-06 11:44:00	2019-05-06 11:51:00	2019-05-06 11:57:00	B2.5	12740.0	POINT(-46 8)	8	-46	-682.0	179.0
167710	2019-05-06 13:35:00	2019-05-06 13:54:00	2019-05-06 13:57:00	C7.3	12740.0	POINT(-45 8)	8	-45	-666.0	132.0
167720	2019-05-06 17:45:00	2019-05-06 17:49:00	2019-05-06 17:52:00	C1.0	12740.0	POINT(-44 8)	8	-44	-642.0	182.0
167730	2019-05-06 18:33:00	2019-05-06 18:37:00	2019-05-06 18:41:00	B2.9	12740.0	POINT(-43 8)	8	-43	-641.0	175.0
167740	2019-05-06 19:14:00	2019-05-06 19:17:00	2019-05-06 19:19:00	B2.8	12740.0	POINT(-43 8)	8	-43	-653.0	143.0
167750	2019-05-06 19:27:00	2019-05-06 19:30:00	2019-05-06 19:32:00	B3.0	12740.0	POINT(-43 8)	8	-43	-647.0	153.0
167760	2019-05-06 19:41:00	2019-05-06 19:50:00	2019-05-06 19:52:00	C1.0	12740.0	POINT(-43 8)	8	-43	-631.0	177.0
167770	2019-05-06 20:12:00	2019-05-06 20:15:00	2019-05-06 20:17:00	B2.5	12740.0	POINT(-43 9)	9	-43	-646.0	195.0
167780	2019-05-06 20:39:00	2019-05-06 20:43:00	2019-05-06 20:45:00	B3.4	12740.0	POINT(-42 5)	5	-42	-646.0	141.0
167790	2019-05-06 22:16:00	2019-05-06 22:31:00	2019-05-06 22:39:00	B4.8	12740.0	POINT(-42 9)	9	-42	-639.0	198.0
167800	2019-05-06 23:10:00	2019-05-06 23:13:00	2019-05-06 23:16:00	B7.6	12740.0	POINT(-40 6)	6	-40	-613.0	149.0
167810	2019-05-06 23:50:00	2019-05-06 23:53:00	2019-05-06 23:55:00	B3.4	12740.0	POINT(-39 7)	7	-39	-602.0	173.0
167820	2019-05-07 01:38:00	2019-05-07 01:45:00	2019-05-07 01:48:00	B6.5	12740.0	POINT(-46 9)	9	-46	-675.0	148.0
167830	2019-05-07 03:43:00	2019-05-07 03:47:00	2019-05-07 03:52:00	B2.4	12740.0	POINT(-46 9)	9	-46	-675.0	148.0
167840	2019-05-07 04:52:00	2019-05-07 04:57:00	2019-05-07 05:00:00	B3.4	12740.0	POINT(-37 10)	10	-37	-563.0	165.0
167850	2019-05-07 07:18:00	2019-05-07 07:25:00	2019-05-07 07:27:00	B3.1	12740.0	POINT(-46 9)	9	-46	-545.0	181.0
167860	2019-05-07 08:37:00	2019-05-07 08:41:00	2019-05-07 08:44:00	B2.0	12740.0	POINT(-46 9)	9	-46	-675.0	148.0
167870	2019-05-07 09:18:00	2019-05-07 09:23:00	2019-05-07 09:25:00	B5.0	12740.0	POINT(-34 8)	8	-34	-526.0	132.0
167880	2019-05-07 09:29:00	2019-05-07 09:35:00	2019-05-07 09:39:00	B8.0	12740.0	POINT(-39 9)	9	-39	-591.0	148.0
167890	2019-05-07 09:51:00	2019-05-07 10:48:00	2019-05-07 10:58:00	C1.2	12740.0	POINT(-53 8)	8	-53	-752.0	132.0
167900	2019-05-07 11:18:00	2019-05-07 11:56:00	2019-05-07 12:13:00	C1.4	12740.0	POINT(-53 8)	8	-53	-752.0	132.0
167910	2019-05-07 13:30:00	2019-05-07 13:33:00	2019-05-07 13:38:00	B3.2	12740.0	POINT(-53 8)	8	-53	-500.0	180.0
167920	2019-05-08 21:21:00	2019-05-08 21:29:00	2019-05-08 21:37:00	B1.9	12740.0	POINT(-18 10)	10	-18	-292.0	222.0
167930	2019-05-09 05:40:00	2019-05-09 05:51:00	2019-05-09 05:56:00	C6.7	12740.0	POINT(-13 9)	9	-13	-215.0	206.0
167940	2019-05-10 08:39:00	2019-05-10 08:47:00	2019-05-10 08:56:00	B2.0	12741.0	POINT(-36 7)	7	-36	-554.0	115.0
167950	2019-05-10 17:29:00	2019-05-10 17:34:00	2019-05-10 17:40:00	B2.2	12741.0	POINT(-31 7)	7	-31	-492.0	166.0
167960	2019-05-10 18:26:00	2019-05-10 18:42:00	2019-05-10 18:48:00	B2.2	12740.0	POINT(11 12)	12	11	177.0	197.0
167970	2019-05-13 15:02:00	2019-05-13 15:52:00	2019-05-13 17:10:00	B3.5	12741.0	POINT(6 2)	2	6	144.0	93.0
167980	2019-05-15 08:32:00	2019-05-15 08:40:00	2019-05-15 08:49:00	B3.5	12741.0	POINT(32 7)	7	32	507.0	162.0
167990	2019-05-15 16:42:00	2019-05-15 16:56:00	2019-05-15 17:03:00	B2.0	12741.0	POINT(34 5)	5	34	564.0	152.0
168000	2019-05-15 19:15:00	2019-05-15 19:24:00	2019-05-15 19:27:00	C2.0	12741.0	POINT(36 8)	8	36	565.0	156.0
168010	2019-05-15 19:47:00	2019-05-15 19:56:00	2019-05-15 20:02:00	B2.3	12741.0	POINT(38 7)	7	38	592.0	153.0
168020	2019-05-16 04:53:00	2019-05-16 04:56:00	2019-05-16 04:58:00	B1.4	12741.0	POINT(42 7)	7	42	636.0	151.0
168030	2019-05-23 09:10:00	2019-05-23 09:13:00	2019-05-23 09:16:00	A7.0		POINT(89 -17)	-17	89	921.0	-283.0
168040	2019-05-30 17:55:00	2019-05-30 17:56:00	2019-05-30 17:57:00	A1.0		POINT(-89 35)	35	-89	-794.0	564.0
168050	2019-06-01 14:48:00	2019-06-01 14:54:00	2019-06-01 15:00:00	B2.2		POINT(-89 6)	6	-89	-951.0	116.0
168060	2019-06-06 12:20:00	2019-06-06 12:21:00	2019-06-06 12:22:00	A1.1		POINT(-89 -23)	-23	-89	-877.0	-382.0
168070	2019-06-14 19:50:00	2019-06-14 19:51:00	2019-06-14 19:52:00	A1.1		POINT(89 -34)	-34	89	778.0	-541.0
168080	2019-06-23 00:10:00	2019-06-23 00:11:00	2019-06-23 00:12:00	A1.1		POINT(88 46)	46	88	651.0	687.0
168090	2019-07-06 06:08:00	2019-07-06 06:09:00	2019-07-06 06:10:00	A1.1		POINT(50 18)	18	50	686.0	272.0
168100	2019-07-06 17:15:00	2019-07-06 17:19:00	2019-07-06 17:21:00	B1.3		POINT(-56 -28)	-28	-56	-693.0	-474.0
168110	2019-07-06 19:47:00	2019-07-06 19:50:00	2019-07-06 19:52:00	B1.1		POINT(-54 -28)	-28	-54	-675.0	-484.0
168120	2019-07-06 21:17:00	2019-07-06 21:21:00	2019-07-06 21:24:00	B3.6		POINT(-53 -28)	-28	-53	-670.0	-480.0
168130	2019-07-07 00:59:00	2019-07-07 01:02:00	2019-07-07 01:04:00	B1.5		POINT(-51 -27)	-27	-51	-657.0	-473.0
168140	2019-07-07 08:25:00	2019-07-07 08:32:00	2019-07-07 08:39:00	B1.2		POINT(-46 -27)	-27	-46	-614.0	-467.0
168150	2019-07-15 11:40:00	2019-07-15 11:41:00	2019-07-15 11:42:00	A1.1		POINT(-86 39)	39	-86	-732.0	596.0
168160	2019-07-19 15:51:00	2019-07-19 15:52:00	2019-07-19 15:53:00	A1.1		POINT(88 -14)	-14	88	915.0	-241.0
168170	2019-08-04 13:14:00	2019-08-04 13:15:00	2019-08-04 13:16:00	A1.1		POINT(-89 -5)	-5	-89	-948.0	-92.0
168180	2019-08-11 14:40:00	2019-08-11 14:41:00	2019-08-11 14:42:00	A1.1		POINT(86 -27)	-27	86	843.0	-444.0
168190	2019-08-18 22:34:00	2019-08-18 22:35:00	2019-08-18 22:36:00	A1.1		POINT(88 12)	12	88	926.0	197.0
168200	2019-08-26 03:00:00	2019-08-26 03:01:00	2019-08-26 03:02:00	A1.1		POINT(-75 -27)	-27	-75	-818.0	-456.0
168210	2019-10-01 01:41:00	2019-10-01 01:45:00	2019-10-01 01:49:00	B1.6		POINT(-75 -8)	-8	-75	-917.0	-169.0
168220	2019-11-05 05:58:00	2019-11-05 06:11:00	2019-11-05 06:24:00	B1.3		POINT(17 -29)	-29	17	251.0	-533.0
168230	2019-11-18 12:52:00	2019-11-18 13:03:00	2019-11-18 13:12:00	B1.1		POINT(0 -25)	-25	0	5.0	-458.0
168240	2019-12-27 14:50:00	2019-12-27 14:51:00	2019-12-27 14:52:00	A1.1		POINT(-9 -32)	-32	-9	-140.0	-496.0
168250	2020-01-10 11:52:00	2020-01-10 11:59:00	2020-01-10 12:24:00	B1.6	12756.0	POINT(72 23)	23	72	854.0	407.0
168260	2020-01-10 14:41:00	2020-01-10 14:45:00	2020-01-10 14:51:00	B1.6	12756.0	POINT(75 23)	23	75	866.0	404.0
168270	2020-01-19 18:33:00	2020-01-19 18:35:00	2020-01-19 18:41:00	B1.0		POINT(-30 22)	22	-30	-434.0	339.0
168280	2020-01-24 19:47:00	2020-01-24 19:51:00	2020-01-24 19:53:00	B1.3		POINT(-87 -30)	-30	-87	-851.0	-495.0
168290	2020-01-25 07:11:00	2020-01-25 07:14:00	2020-01-25 07:18:00	B1.1	12757.0	POINT(-24 2)	2	-24	-403.0	121.0
168300	2020-01-31 14:47:00	2020-01-31 15:03:00	2020-01-31 15:23:00	A9.6	12757.0	POINT(66 4)	4	66	893.0	112.0
168310	2020-02-07 18:22:00	2020-02-07 18:37:00	2020-02-07 18:49:00	B1.0		POINT(62 -32)	-32	62	727.0	-474.0
168320	2020-03-11 05:49:00	2020-03-11 05:56:00	2020-03-11 06:00:00	B2.3		POINT(0 -31)	-31	0	-8.0	-399.0
168330	2020-04-04 00:43:00	2020-04-04 00:52:00	2020-04-04 00:56:00	B4.2	12759.0	POINT(1 28)	28	1	14.0	450.0
168340	2020-04-04 01:30:00	2020-04-04 01:38:00	2020-04-04 01:42:00	B1.4	12759.0	POINT(1 28)	28	1	14.0	450.0
168350	2020-04-06 05:35:00	2020-04-06 05:48:00	2020-04-06 05:58:00	B2.5	12759.0	POINT(14 28)	28	14	204.0	450.0
168360	2020-04-06 08:22:00	2020-04-06 08:31:00	2020-04-06 08:38:00	B1.8	12759.0	POINT(15 28)	28	15	219.0	450.0
168370	2020-04-07 01:46:00	2020-04-07 01:59:00	2020-04-07 02:06:00	B4.5	12759.0	POINT(24 28)	28	24	344.0	450.0
168380	2020-04-09 00:01:00	2020-04-09 09:32:00	2020-04-09 09:18:00	B1.6	12759.0	POINT(58 28)	28	58	717.0	449.0
168390	2020-04-30 12:09:00	2020-04-30 12:17:00	2020-04-30 12:21:00	B1.3	12762.0	POINT(61 23)	23	61	766.0	372.0
168400	2020-05-01 14:30:00	2020-05-01 14:36:00	2020-05-01 14:40:00	B2.6	12762.0	POINT(75 23)	23	75	846.0	372.0
168410	2020-05-15 20:04:00	2020-05-15 20:22:00	2020-05-15 20:38:00	A7.9		POINT(-88 31)	31	-88	-822.0	511.0
168420	2020-05-27 18:04:00	2020-05-27 18:18:00	2020-05-27 18:35:00	B1.4		POINT(-88 34)	34	-88	-795.0	539.0
168430	2020-05-28 09:31:00	2020-05-28 09:40:00	2020-05-28 10:30:00	B1.1		POINT(-88 33)	33	-88	-809.0	534.0
168440	2020-05-28 10:13:00	2020-05-28 10:36:00	2020-05-28 11:00:00	B2.9		POINT(-88 33)	33	-88	-804.0	524.0
168450	2020-05-28 23:27:00	2020-05-28 23:34:00	2020-05-28 23:40:00	B1.4		POINT(-89 33)	33	-89	-798.0	525.0
168460	2020-05-29 01:21:00	2020-05-29 01:29:00	2020-05-29 01:35:00	B1.2		POINT(-89 33)	33	-89	-810.0	532.0
168470	2020-05-29 02:41:00	2020-05-29 02:44:00	2020-05-29 02:56:00	B1.6		POINT(-89 33)	33	-89	-798.0	526.0
168480	2020-05-29 03:39:00	2020-05-29 03:48:00	2020-05-29 04:00:00	B1.1		POINT(-89 33)	33	-89	-807.0	526.0
168490	2020-05-29 04:35:00	2020-05-29 04:42:00	2020-05-29 04:48:00	B1.0		POINT(-89 33)	33	-89	-797.0	528.0
168500	2020-05-29 06:49:00	2020-05-29 06:59:00	2020-05-29 07:05:00	B1.4		POINT(-89 33)	33	-89	-801.0	531.0
168510	2020-05-29 07:13:00	2020-05-29 07:24:00	2020-05-29 07:28:00	M1.1		POINT(-89 32)	32	-89	-806.0	509.0
168520	2020-05-29 08:29:00	2020-05-29 08:35:00	2020-05-29 08:41:00	B3.1		POINT(-89 33)	33	-89	-795.0	529.0
168530	2020-05-29 09:38:00	2020-05-29 09:46:00	2020-05-29 09:52:00	B4.2		POINT(-89 33)	33	-89	-799.0	533.0
168540	2020-05-29 10:41:00	2020-05-29 10:46:00	2020-05-29 10:50:00	C9.3		POINT(-89 32)	32	-89	-806.0	509.0
168550	2020-05-29 11:01:00	2020-05-29 11:06:00	2020-05-29 11:11:00	B2.5		POINT(-89 34)	34	-89	-811.0	561.0
168560	2020-05-29 11:18:00	2020-05-29 11:21:00	2020-05-29 11:25:00	B2.9		POINT(-89 32)	32	-89	-806.0	507.0
168570	2020-05-29 13:23:00	2020-05-29 13:45:00	2020-05-29 13:59:00	B2.6		POINT(-89 32)	32	-89	-806.0	504.0
168580	2020-05-29 14:18:00	2020-05-29 14:22:00	2020-05-29 14:27:00	C1.1		POINT(-89 32)	32	-89	-806.0	506.0
168590	2020-05-29 15:40:00	2020-05-29 15:47:00	2020-05-29 15:53:00	B2.4		POINT(-89 31)	31	-89	-807.0	500.0
168600	2020-05-29 16:37:00	2020-05-29 16:48:00	2020-05-29 16:55:00	B8.7		POINT(-89 31)	31	-89	-807.0	497.0
168610	2020-06-02 04:21:00	2020-06-02 04:55:00	2020-06-02 04:39:00	B1.5		POINT(-89 -25)	-25	-89	-885.0	-428.0
168620	2020-06-02 06:13:00	2020-06-02 06:19:00	2020-06-02 06:24:00	B2.9		POINT(-89 -25)	-25	-89	-860.0	-418.0
168630	2020-06-04 23:52:00	2020-06-05 00:01:00	2020-06-05 00:06:00	B3.5		POINT(-59 -26)	-26	-59	-729.0	-428.0
168640	2020-06-05 12:07:00	2020-06-05 12:16:00	2020-06-05 12:39:00	B0.9		POINT(-60 -26)	-26	-60	-740.0	-415.0
168650	2020-06-06 10:13:00	2020-06-06 10:20:00	2020-06-06 10:27:00	B1.0		POINT(-42 -24)	-24	-42	-587.0	-386.0
168660	2020-06-06 19:07:00	2020-06-06 19:19:00	2020-06-06 19:30:00	B2.7		POINT(-38 -24)	-24	-38	-540.0	-393.0
168670	2020-06-06 19:58:00	2020-06-06 20:02:00	2020-06-06 20:07:00	B1.1		POINT(-38 -24)	-24	-38	-540.0	-393.0
168680	2020-06-06 20:18:00	2020-06-06 20:27:00	2020-06-06 20:31:00	B1.4		POINT(-37 -24)	-24	-37	-524.0	-392.0
168690	2020-06-06 23:54:00	2020-06-07 00:01:00	2020-06-07 00:10:00	B1.0		POINT(-34 -21)	-21	-34	-501.0	-356.0
168700	2020-06-07 05:07:00	2020-06-07 05:14:00	2020-06-07 05:27:00	B1.6	12765.0	POINT(-32 -23)	-23	-32	-468.0	-379.0
168710	2020-06-07 20:38:00	2020-06-07 20:47:00	2020-06-07 20:51:00	B1.4	12765.0	POINT(-23 -24)	-24	-23	-341.0	-389.0
168720	2020-06-07 21:33:00	2020-06-07 21:46:00	2020-06-07 21:56:00	B6.4	12765.0	POINT(-24 -24)	-24	-24	-350.0	-389.0
168730	2020-06-09 03:01:00	2020-06-09 03:11:00	2020-06-09 03:18:00	B1.5	12765.0	POINT(-9 -27)	-27	-9	-143.0	-444.0
168750	2020-08-01 10:30:00	2020-08-01 10:40:00	2020-08-01 10:53:00	B1.9		POINT(-78 26)	26	-78	-827.0	407.0
168760	2020-08-03 01:47:00	2020-08-03 01:54:00	2020-08-03 01:58:00	B2.1	12770.0	POINT(-87 24)	24	-87	-863.0	401.0
168770	2020-08-03 03:19:00	2020-08-03 03:22:00	2020-08-03 03:26:00	B2.7	12770.0	POINT(-87 24)	24	-87	-861.0	395.0
168780	2020-08-03 03:30:00	2020-08-03 03:35:00	2020-08-03 03:39:00	B2.1	12770.0	POINT(-87 24)	24	-87	-863.0	402.0
168790	2020-08-03 03:41:00	2020-08-03 03:43:00	2020-08-03 03:48:00	B3.0	12770.0	POINT(-87 23)	23	-87	-869.0	387.0
168800	2020-08-03 05:44:00	2020-08-03 05:54:00	2020-08-03 06:03:00	B1.3	12770.0	POINT(-87 24)	24	-87	-868.0	390.0
168810	2020-08-03 07:42:00	2020-08-03 07:46:00	2020-08-03 07:50:00	B1.2	12770.0	POINT(-87 24)	24	-87	-864.0	387.0
168820	2020-08-03 08:34:00	2020-08-03 08:39:00	2020-08-03 08:46:00	B2.2	12770.0	POINT(-89 22)	22	-89	-873.0	359.0
168830	2020-08-04 12:32:00	2020-08-04 12:40:00	2020-08-04 12:49:00	B1.0	12769.0	POINT(-34 28)	28	-34	-471.0	372.0
168840	2020-08-05 23:52:00	2020-08-05 23:59:00	2020-08-06 00:07:00	B1.4	12770.0	POINT(-51 23)	23	-51	-675.0	324.0
168850	2020-08-06 00:07:00	2020-08-06 00:15:00	2020-08-06 00:20:00	B2.2	12770.0	POINT(-50 23)	23	-50	-674.0	314.0
168860	2020-08-08 03:42:00	2020-08-08 03:49:00	2020-08-08 03:55:00	C1.5	12770.0	POINT(-17 22)	22	-17	-323.0	303.0
168870	2020-08-08 15:58:00	2020-08-08 16:05:00	2020-08-08 16:12:00	B1.2	12770.0	POINT(-15 24)	24	-15	-235.0	302.0
168880	2020-08-10 23:47:00	2020-08-10 23:52:00	2020-08-10 23:58:00	B2.3		POINT(15 25)	25	15	225.0	309.0
168890	2020-08-11 08:48:00	2020-08-11 08:55:00	2020-08-11 09:04:00	B1.0		POINT(20 25)	25	20	303.0	319.0
168900	2020-08-11 16:32:00	2020-08-11 16:59:00	2020-08-11 17:17:00	B2.6	12770.0	POINT(24 24)	24	24	365.0	300.0
168910	2020-08-11 19:34:00	2020-08-11 19:41:00	2020-08-11 19:47:00	B1.0		POINT(26 25)	25	26	381.0	316.0
168920	2020-08-11 23:25:00	2020-08-11 23:35:00	2020-08-11 23:41:00	B1.9		POINT(28 25)	25	28	414.0	322.0
168930	2020-08-12 01:37:00	2020-08-12 01:49:00	2020-08-12 01:53:00	B2.0		POINT(29 25)	25	29	426.0	322.0
168940	2020-08-12 01:58:00	2020-08-12 02:02:00	2020-08-12 02:08:00	B1.4		POINT(29 25)	25	29	428.0	320.0
168950	2020-08-12 02:17:00	2020-08-12 02:21:00	2020-08-12 02:25:00	B1.0		POINT(30 25)	25	30	431.0	323.0
168960	2020-08-12 03:44:00	2020-08-12 03:51:00	2020-08-12 04:00:00	B1.0		POINT(-85 -30)	-30	-85	-823.0	-488.0
168970	2020-08-15 06:32:00	2020-08-15 06:47:00	2020-08-15 07:00:00	C2.0	12770.0	POINT(70 26)	26	70	805.0	384.0
168980	2020-08-16 05:11:00	2020-08-16 05:16:00	2020-08-16 05:21:00	A6.8	12770.0	POINT(87 24)	24	87	863.0	396.0
168990	2020-08-16 17:12:00	2020-08-16 17:26:00	2020-08-16 17:36:00	B1.2		POINT(-26 -33)	-33	-26	-359.0	-603.0
169000	2020-08-19 05:11:00	2020-08-19 05:29:00	2020-08-19 05:39:00	B2.3		POINT(37 17)	17	37	554.0	198.0
169010	2020-08-19 05:39:00	2020-08-19 05:54:00	2020-08-19 05:59:00	B2.3		POINT(38 16)	16	38	566.0	182.0
169020	2020-08-19 05:59:00	2020-08-19 06:08:00	2020-08-19 06:13:00	B2.4		POINT(39 16)	16	39	581.0	182.0
169030	2020-08-19 22:36:00	2020-08-19 22:48:00	2020-08-19 23:01:00	B3.9	12772.0	POINT(42 18)	18	42	665.0	203.0
169040	2020-08-20 06:23:00	2020-08-20 06:30:00	2020-08-30 06:37:00	B1.2	12772.0	POINT(51 18)	18	51	713.0	194.0
169050	2020-08-21 01:58:00	2020-08-21 02:11:00	2020-08-21 02:29:00	B1.6		POINT(-52 -31)	-31	-52	-646.0	-546.0
169060	2020-09-08 05:59:00	2020-09-08 06:01:00	2020-09-08 06:02:00	A8.0		POINT(-85 -28)	-28	-85	-847.0	-468.0
169070	2020-09-21 00:46:00	2020-09-21 00:51:00	2020-09-21 00:55:00	B1.1		POINT(-89 28)	28	-89	-836.0	457.0
169080	2020-09-21 01:56:00	2020-09-21 02:01:00	2020-09-21 02:05:00	B1.4		POINT(-87 29)	29	-87	-834.0	455.0
169090	2020-09-21 02:07:00	2020-09-21 02:13:00	2020-09-21 02:18:00	B1.7		POINT(-86 28)	28	-86	-842.0	462.0
169100	2020-09-21 07:02:00	2020-09-21 07:07:00	2020-09-21 07:13:00	B1.2		POINT(-86 27)	27	-86	-851.0	451.0
169110	2020-09-21 08:44:00	2020-09-21 08:48:00	2020-09-21 08:52:00	B2.0		POINT(-86 27)	27	-86	-851.0	453.0
169120	2020-09-21 09:40:00	2020-09-21 09:57:00	2020-09-21 10:05:00	B2.1		POINT(-86 28)	28	-86	-848.0	461.0
169130	2020-09-21 10:05:00	2020-09-21 10:18:00	2020-09-21 10:26:00	B2.6		POINT(-86 28)	28	-86	-855.0	460.0
169140	2020-09-21 10:49:00	2020-09-21 10:52:00	2020-09-21 11:03:00	B3.1		POINT(-86 27)	27	-86	-851.0	452.0
169150	2020-09-21 12:24:00	2020-09-21 12:42:00	2020-09-21 12:52:00	B4.3		POINT(-86 27)	27	-86	-852.0	452.0
169160	2020-09-21 13:18:00	2020-09-21 13:25:00	2020-09-21 13:30:00	B2.1		POINT(-86 27)	27	-86	-854.0	452.0
169170	2020-09-21 13:52:00	2020-09-21 13:58:00	2020-09-21 14:05:00	B1.1		POINT(-89 27)	27	-89	-844.0	444.0
169180	2020-09-21 16:34:00	2020-09-21 16:37:00	2020-09-21 16:41:00	B1.4		POINT(-86 27)	27	-86	-845.0	449.0
169190	2020-09-21 19:32:00	2020-09-21 19:45:00	2020-09-21 19:57:00	B1.4		POINT(-86 26)	26	-86	-868.0	444.0
169200	2020-09-22 01:10:00	2020-09-22 01:19:00	2020-09-22 01:35:00	B1.0		POINT(-86 26)	26	-86	-860.0	440.0
169210	2020-09-23 12:20:00	2020-09-23 12:31:00	2020-09-23 12:52:00	B1.6		POINT(-68 28)	28	-68	-778.0	420.0
169220	2020-09-24 00:20:00	2020-09-24 00:37:00	2020-09-24 00:49:00	B4.7	12773.0	POINT(-63 30)	30	-63	-737.0	438.0
169230	2020-09-25 18:35:00	2020-09-25 18:54:00	2020-09-25 19:15:00	B2.9	12773.0	POINT(-39 28)	28	-39	-534.0	383.0
169240	2020-09-25 22:49:00	2020-09-25 22:56:00	2020-09-25 23:05:00	B1.8	12773.0	POINT(-37 29)	29	-37	-509.0	386.0
169250	2020-09-25 23:59:00	2020-09-26 00:38:00	2020-09-26 00:52:00	C1.1	12773.0	POINT(-36 28)	28	-36	-502.0	378.0
169260	2020-10-05 12:22:00	2020-10-05 12:24:00	2020-10-05 12:27:00	A8.1		POINT(81 31)	31	81	807.0	485.0
169270	2020-10-12 13:06:00	2020-10-12 13:07:00	2020-10-12 13:08:00	A3.0		POINT(11 -25)	-25	11	168.0	-501.0
169280	2020-10-13 11:05:00	2020-10-13 11:12:00	2020-10-13 11:20:00	B1.4		POINT(-88 -10)	-10	-88	-958.0	-182.0
169290	2020-10-14 09:15:00	2020-10-14 09:22:00	2020-10-14 09:35:00	B1.0	12776.0	POINT(-84 -12)	-12	-84	-934.0	-218.0
169300	2020-10-14 09:35:00	2020-10-14 09:39:00	2020-10-14 09:44:00	B1.4	12776.0	POINT(-81 -13)	-13	-81	-925.0	-233.0
169310	2020-10-14 11:27:00	2020-10-14 11:31:00	2020-10-14 11:35:00	B1.1	12776.0	POINT(-79 -13)	-13	-79	-920.0	-234.0
169320	2020-10-14 11:37:00	2020-10-14 11:46:00	2020-10-14 11:58:00	B1.5	12776.0	POINT(-82 -12)	-12	-82	-931.0	-220.0
169330	2020-10-14 12:18:00	2020-10-14 12:28:00	2020-10-14 12:40:00	B1.2	12776.0	POINT(-82 -12)	-12	-82	-930.0	-220.0
169340	2020-10-14 13:46:00	2020-10-14 13:54:00	2020-10-14 14:05:00	B1.7	12776.0	POINT(-79 -12)	-12	-79	-923.0	-221.0
169350	2020-10-14 15:00:00	2020-10-14 15:04:00	2020-10-14 15:11:00	B1.6	12776.0	POINT(-78 -12)	-12	-78	-921.0	-224.0
169360	2020-10-15 03:59:00	2020-10-15 04:07:00	2020-10-15 04:12:00	B1.1	12776.0	POINT(-70 -13)	-13	-70	-881.0	-252.0
169370	2020-10-15 05:15:00	2020-10-15 05:22:00	2020-10-15 05:29:00	B1.4	12776.0	POINT(-66 -12)	-12	-66	-861.0	-250.0
169380	2020-10-16 10:14:00	2020-10-16 10:20:00	2020-10-16 10:24:00	B1.5	12774.0	POINT(86 -26)	-26	86	866.0	-441.0
169390	2020-10-16 12:46:00	2020-10-16 12:57:00	2020-10-16 13:03:00	C1.5	12774.0	POINT(86 -26)	-26	86	866.0	-436.0
169400	2020-10-16 14:57:00	2020-10-16 15:11:00	2020-10-16 15:16:00	C3.5	12774.0	POINT(86 -26)	-26	86	869.0	-434.0
169410	2020-10-16 20:25:00	2020-10-16 20:33:00	2020-10-16 20:39:00	B1.5	12774.0	POINT(86 -25)	-25	86	872.0	-424.0
169420	2020-10-16 21:41:00	2020-10-16 21:48:00	2020-10-16 21:52:00	B3.7	12774.0	POINT(87 -18)	-18	87	920.0	-305.0
169430	2020-10-17 00:46:00	2020-10-17 00:51:00	2020-10-17 01:02:00	B1.3	12774.0	POINT(87 -18)	-18	87	920.0	-308.0
169440	2020-10-18 02:48:00	2020-10-18 02:52:00	2020-10-18 02:56:00	B1.8	12776.0	POINT(-22 -15)	-15	-22	-360.0	-342.0
169450	2020-10-18 05:51:00	2020-10-18 05:58:00	2020-10-18 06:04:00	B1.0		POINT(-24 -13)	-13	-24	-395.0	-307.0
169460	2020-10-18 13:13:00	2020-10-18 13:21:00	2020-10-18 13:26:00	B1.0		POINT(-17 -15)	-15	-17	-273.0	-345.0
169470	2020-10-18 14:20:00	2020-10-18 14:29:00	2020-10-18 14:37:00	B4.0	12776.0	POINT(-16 -14)	-14	-16	-259.0	-347.0
169480	2020-10-18 16:12:00	2020-10-18 16:42:00	2020-10-18 16:54:00	B1.7	12777.0	POINT(71 -22)	-22	71	844.0	-360.0
169490	2020-10-18 18:34:00	2020-10-18 18:53:00	2020-10-18 19:00:00	B1.2	12777.0	POINT(75 -22)	-22	75	870.0	-389.0
169500	2020-10-19 04:39:00	2020-10-19 04:46:00	2020-10-19 04:52:00	B1.5	12776.0	POINT(-8 -15)	-15	-8	-136.0	-347.0
169510	2020-10-19 04:51:00	2020-10-19 04:59:00	2020-10-19 05:04:00	B2.8	12776.0	POINT(-8 -15)	-15	-8	-129.0	-352.0
169520	2020-10-19 06:47:00	2020-10-19 06:54:00	2020-10-19 06:58:00	B1.0	12776.0	POINT(-7 -15)	-15	-7	-114.0	-345.0
169530	2020-10-19 07:11:00	2020-10-19 07:21:00	2020-10-19 07:26:00	B2.7		POINT(-6 -15)	-15	-6	-108.0	-348.0
169540	2020-10-19 07:18:00	2020-10-19 07:31:00	2020-10-19 07:45:00	B2.6	12776.0	POINT(-7 -16)	-16	-7	-108.0	-365.0
169550	2020-10-19 10:20:00	2020-10-19 10:26:00	2020-10-19 10:44:00	B2.3	12776.0	POINT(-6 -16)	-16	-6	-85.0	-352.0
169560	2020-10-20 13:18:00	2020-10-20 13:29:00	2020-10-20 13:35:00	B3.6	12776.0	POINT(9 -16)	-16	9	158.0	-358.0
169570	2020-10-20 22:58:00	2020-10-20 23:05:00	2020-10-20 23:09:00	B3.5		POINT(72 30)	30	72	789.0	452.0
169580	2020-10-24 20:45:00	2020-10-24 20:54:00	2020-10-24 20:58:00	B2.3	12776.0	POINT(65 -18)	-18	65	807.0	-349.0
169590	2020-10-25 11:18:00	2020-10-25 11:22:00	2020-10-25 11:26:00	B1.8	12778.0	POINT(-6 -20)	-20	-6	-109.0	-415.0
169600	2020-10-26 04:22:00	2020-10-26 04:30:00	2020-10-26 04:36:00	B1.2	12778.0	POINT(4 -18)	-18	4	77.0	-388.0
169610	2020-10-26 06:23:00	2020-10-26 06:31:00	2020-10-26 06:46:00	B1.2	12778.0	POINT(5 -18)	-18	5	82.0	-392.0
169620	2020-10-26 19:20:00	2020-10-26 19:27:00	2020-10-26 19:31:00	B1.4	12778.0	POINT(12 -21)	-21	12	189.0	-423.0
169630	2020-10-26 22:45:00	2020-10-26 22:52:00	2020-10-26 22:56:00	B1.6	12778.0	POINT(13 -21)	-21	13	210.0	-422.0
169640	2020-10-26 23:31:00	2020-10-26 23:36:00	2020-10-26 23:40:00	B1.7	12778.0	POINT(14 -21)	-21	14	220.0	-428.0
169650	2020-10-27 02:03:00	2020-10-27 02:31:00	2020-10-27 02:38:00	B2.0	12778.0	POINT(14 -20)	-20	14	278.0	-401.0
169660	2020-10-27 03:21:00	2020-10-27 03:25:00	2020-10-27 03:29:00	B2.2		POINT(15 -21)	-21	15	233.0	-434.0
169670	2020-10-27 04:32:00	2020-10-27 04:42:00	2020-10-27 04:46:00	C1.4	12778.0	POINT(19 -20)	-20	19	300.0	-414.0
169680	2020-10-27 05:37:00	2020-10-27 05:47:00	2020-10-27 05:53:00	B3.2	12778.0	POINT(20 -20)	-20	20	312.0	-416.0
169690	2020-10-27 06:11:00	2020-10-27 06:16:00	2020-10-27 06:21:00	C4.3	12778.0	POINT(19 -20)	-20	19	315.0	-414.0
169700	2020-10-27 07:35:00	2020-10-27 07:39:00	2020-10-27 07:49:00	B6.2	12778.0	POINT(18 -21)	-21	18	294.0	-422.0
169710	2020-10-27 08:43:00	2020-10-27 08:49:00	2020-10-27 09:04:00	B3.2	12778.0	POINT(19 -21)	-21	19	305.0	-422.0
169720	2020-10-27 09:47:00	2020-10-27 09:52:00	2020-10-27 09:56:00	C1.4	12778.0	POINT(20 -21)	-21	20	311.0	-422.0
169730	2020-10-27 10:58:00	2020-10-27 11:03:00	2020-10-27 11:07:00	B4.7	12778.0	POINT(24 -20)	-20	24	368.0	-415.0
169740	2020-10-27 12:46:00	2020-10-27 13:04:00	2020-10-27 13:11:00	B5.5	12778.0	POINT(22 -21)	-21	22	341.0	-428.0
169750	2020-10-27 13:31:00	2020-10-27 13:41:00	2020-10-27 13:54:00	C1.5	12778.0	POINT(22 -21)	-21	22	347.0	-426.0
169760	2020-10-27 15:43:00	2020-10-27 15:54:00	2020-10-27 16:01:00	B7.9	12778.0	POINT(24 -22)	-22	24	366.0	-432.0
169770	2020-10-27 18:15:00	2020-10-27 18:31:00	2020-10-27 18:36:00	B7.3	12778.0	POINT(28 -21)	-21	28	430.0	-414.0
169780	2020-10-27 19:47:00	2020-10-27 19:51:00	2020-10-27 19:56:00	B2.7	12778.0	POINT(27 -21)	-21	27	409.0	-422.0
169790	2020-10-27 21:35:00	2020-10-27 21:39:00	2020-10-27 21:46:00	B8.8	12778.0	POINT(27 -22)	-22	27	414.0	-428.0
169800	2020-10-27 22:32:00	2020-10-27 22:39:00	2020-10-27 22:44:00	B6.0	12778.0	POINT(27 -21)	-21	27	422.0	-421.0
169810	2020-10-28 02:00:00	2020-10-28 02:11:00	2020-10-28 02:16:00	C1.1	12778.0	POINT(30 -22)	-22	30	459.0	-425.0
169820	2020-10-28 03:06:00	2020-10-28 03:17:00	2020-10-28 03:22:00	B7.8	12778.0	POINT(29 -18)	-18	29	458.0	-375.0
169830	2020-10-28 05:33:00	2020-10-28 05:42:00	2020-10-28 05:50:00	B3.9	12778.0	POINT(31 -18)	-18	31	476.0	-371.0
169840	2020-10-28 07:17:00	2020-10-28 07:20:00	2020-10-28 07:27:00	B3.9	12778.0	POINT(33 -22)	-22	33	491.0	-423.0
169850	2020-10-28 08:23:00	2020-10-28 08:29:00	2020-10-28 08:41:00	B3.4	12778.0	POINT(35 -20)	-20	35	525.0	-402.0
169860	2020-10-28 09:40:00	2020-10-28 09:46:00	2020-10-28 09:56:00	B5.1	12778.0	POINT(33 -21)	-21	33	503.0	-409.0
169870	2020-10-28 10:06:00	2020-10-28 10:12:00	2020-10-28 10:19:00	B5.1	12778.0	POINT(33 -18)	-18	33	506.0	-376.0
169880	2020-10-28 10:25:00	2020-10-28 10:33:00	2020-10-28 10:52:00	B5.1	12778.0	POINT(37 -20)	-20	37	546.0	-398.0
169890	2020-10-28 14:27:00	2020-10-28 14:33:00	2020-10-28 14:37:00	B2.2	12779.0	POINT(26 -15)	-15	26	422.0	-330.0
169900	2020-10-28 17:10:00	2020-10-28 17:17:00	2020-10-28 17:22:00	B2.2	12779.0	POINT(28 -15)	-15	28	422.0	-330.0
169910	2020-10-28 17:47:00	2020-10-28 17:56:00	2020-10-28 18:02:00	B4.4	12779.0	POINT(28 -15)	-15	28	422.0	-330.0
169920	2020-10-28 19:33:00	2020-10-28 19:43:00	2020-10-28 19:47:00	C1.3	12779.0	POINT(30 -15)	-15	30	473.0	-326.0
169930	2020-10-28 20:40:00	2020-10-28 20:54:00	2020-10-28 20:58:00	C1.1	12779.0	POINT(31 -16)	-16	31	465.0	-347.0
169940	2020-10-28 21:59:00	2020-10-28 22:11:00	2020-10-28 22:18:00	C1.4	12779.0	POINT(32 -16)	-16	32	481.0	-350.0
169950	2020-10-28 23:26:00	2020-10-28 23:30:00	2020-10-28 23:34:00	B4.3	12779.0	POINT(31 -17)	-17	31	482.0	-357.0
169960	2020-10-28 23:35:00	2020-10-28 23:41:00	2020-10-28 23:45:00	B4.3	12779.0	POINT(32 -16)	-16	32	481.0	-344.0
169970	2020-10-28 23:54:00	2020-10-29 00:02:00	2020-10-29 00:08:00	B5.3	12779.0	POINT(32 -17)	-17	32	493.0	-348.0
169980	2020-10-29 00:45:00	2020-10-29 00:55:00	2020-10-29 01:04:00	B4.5	12779.0	POINT(32 -17)	-17	32	498.0	-348.0
169990	2020-10-29 04:14:00	2020-10-29 04:19:00	2020-10-29 04:23:00	B3.1	12779.0	POINT(33 -17)	-17	33	515.0	-347.0
170000	2020-10-29 04:23:00	2020-10-29 04:31:00	2020-10-29 04:36:00	B4.9	12779.0	POINT(34 -17)	-17	34	522.0	-351.0
170010	2020-10-29 04:48:00	2020-10-29 04:57:00	2020-10-29 05:07:00	B8.9	12779.0	POINT(34 -17)	-17	34	519.0	-347.0
170020	2020-10-29 05:30:00	2020-10-29 05:35:00	2020-10-29 05:46:00	B6.4	12778.0	POINT(34 -17)	-17	34	525.0	-345.0
170030	2020-10-29 07:54:00	2020-10-29 08:02:00	2020-10-29 08:06:00	B4.4	12779.0	POINT(36 -16)	-16	36	546.0	-336.0
170040	2020-10-29 08:49:00	2020-10-29 08:55:00	2020-10-29 09:03:00	B2.8	12779.0	POINT(37 -16)	-16	37	572.0	-330.0
170050	2020-10-29 09:25:00	2020-10-29 09:34:00	2020-10-29 09:39:00	B3.1	12779.0	POINT(36 -17)	-17	36	549.0	-349.0
170060	2020-10-29 09:39:00	2020-10-29 09:48:00	2020-10-29 09:56:00	B4.4	12779.0	POINT(39 -16)	-16	39	579.0	-334.0
170070	2020-10-29 10:07:00	2020-10-29 10:19:00	2020-10-29 10:27:00	B9.6	12779.0	POINT(38 -17)	-17	38	563.0	-348.0
170080	2020-10-29 11:05:00	2020-10-29 11:12:00	2020-10-29 11:16:00	B3.2	12779.0	POINT(37 -16)	-16	37	571.0	-334.0
170090	2020-10-29 11:18:00	2020-10-29 11:26:00	2020-10-29 11:30:00	B3.8	12779.0	POINT(38 -17)	-17	38	570.0	-345.0
170100	2020-10-29 11:30:00	2020-10-29 11:50:00	2020-10-29 12:07:00	C4.3	12779.0	POINT(37 -16)	-16	37	571.0	-347.0
170110	2020-10-29 13:10:00	2020-10-29 13:20:00	2020-10-29 13:27:00	C1.0	12779.0	POINT(38 -17)	-17	38	573.0	-346.0
170120	2020-10-29 14:46:00	2020-10-29 14:51:00	2020-10-29 14:59:00	B6.2	12779.0	POINT(40 -17)	-17	40	594.0	-345.0
170130	2020-10-29 15:53:00	2020-10-29 16:02:00	2020-10-29 16:08:00	C1.3	12779.0	POINT(40 -15)	-15	40	606.0	-343.0
170140	2020-10-29 19:03:00	2020-10-29 19:11:00	2020-10-29 19:22:00	B2.5	12779.0	POINT(43 -17)	-17	43	631.0	-344.0
170150	2020-10-29 20:00:00	2020-10-29 20:16:00	2020-10-29 20:38:00	C1.5	12779.0	POINT(44 -15)	-15	44	637.0	-343.0
170160	2020-10-29 21:41:00	2020-10-29 21:47:00	2020-10-29 21:52:00	B4.0	12779.0	POINT(45 -15)	-15	45	658.0	-331.0
170170	2020-10-29 23:10:00	2020-10-29 23:14:00	2020-10-29 23:20:00	B2.9	12779.0	POINT(45 -15)	-15	45	659.0	-338.0
170180	2020-10-30 00:06:00	2020-10-30 00:12:00	2020-10-30 00:16:00	B3.5	12779.0	POINT(47 -16)	-16	47	679.0	-327.0
170190	2020-10-30 00:58:00	2020-10-30 01:08:00	2020-10-30 01:15:00	B3.7	12779.0	POINT(47 -16)	-16	47	683.0	-329.0
170200	2020-10-30 12:06:00	2020-10-30 12:14:00	2020-10-30 12:18:00	B2.3	12778.0	POINT(64 -19)	-19	64	822.0	-357.0
170210	2020-10-30 13:08:00	2020-10-30 13:13:00	2020-10-30 13:18:00	B3.0	12778.0	POINT(62 -21)	-21	62	799.0	-388.0
170220	2020-10-31 15:19:00	2020-10-31 15:25:00	2020-10-31 15:33:00	B1.0	12778.0	POINT(82 -19)	-19	82	903.0	-328.0
170230	2020-10-31 22:48:00	2020-10-31 22:55:00	2020-10-31 23:00:00	B2.0	12778.0	POINT(88 -20)	-20	88	904.0	-341.0
170240	2020-10-31 23:38:00	2020-10-31 23:45:00	2020-10-31 23:52:00	B1.6	12778.0	POINT(88 -20)	-20	88	905.0	-342.0
170250	2020-11-01 00:45:00	2020-11-01 00:54:00	2020-11-01 01:00:00	B1.9		POINT(87 -21)	-21	87	910.0	-363.0
170260	2020-11-01 01:06:00	2020-11-01 01:12:00	2020-11-01 01:18:00	B1.8		POINT(-88 20)	20	-88	-910.0	347.0
170270	2020-11-01 01:18:00	2020-11-01 01:24:00	2020-11-01 01:28:00	B1.7		POINT(87 -21)	-21	87	908.0	-367.0
170280	2020-11-01 01:37:00	2020-11-01 01:46:00	2020-11-01 01:54:00	B3.2		POINT(87 -21)	-21	87	909.0	-365.0
170290	2020-11-01 05:06:00	2020-11-01 05:14:00	2020-11-01 05:25:00	B2.3		POINT(-88 20)	20	-88	-906.0	341.0
170300	2020-11-01 05:25:00	2020-11-01 05:32:00	2020-11-01 05:36:00	B2.3		POINT(88 -20)	-20	88	919.0	-345.0
170310	2020-11-01 07:15:00	2020-11-01 07:24:00	2020-11-01 07:29:00	B4.2		POINT(88 -19)	-19	88	918.0	-329.0
170320	2020-11-01 12:07:00	2020-11-01 12:20:00	2020-11-01 12:40:00	B7.1		POINT(84 -16)	-16	84	921.0	-282.0
170330	2020-11-01 15:43:00	2020-11-01 15:51:00	2020-11-01 15:57:00	B9.7	12779.0	POINT(88 -21)	-21	88	911.0	-362.0
170340	2020-11-01 17:15:00	2020-11-01 17:30:00	2020-11-01 17:40:00	C3.4	12778.0	POINT(88 -21)	-21	88	909.0	-360.0
170350	2020-11-01 19:01:00	2020-11-01 19:16:00	2020-11-01 19:41:00	C1.6	12779.0	POINT(88 -17)	-17	88	926.0	-301.0
170360	2020-11-02 05:44:00	2020-11-02 05:52:00	2020-11-02 06:02:00	B4.5		POINT(88 -15)	-15	88	942.0	-258.0
170370	2020-11-02 13:14:00	2020-11-02 13:19:00	2020-11-02 13:23:00	B3.9		POINT(-87 -25)	-25	-87	-877.0	-425.0
170380	2020-11-03 06:48:00	2020-11-03 07:03:00	2020-11-03 07:09:00	C1.1		POINT(-81 -24)	-24	-81	-873.0	-402.0
170390	2020-11-03 13:29:00	2020-11-03 13:34:00	2020-11-03 13:38:00	B2.5		POINT(67 19)	19	67	842.0	304.0
170400	2020-11-03 15:10:00	2020-11-03 15:12:00	2020-11-03 15:16:00	B3.0	12781.0	POINT(-79 -24)	-24	-79	-858.0	-411.0
170410	2020-11-03 20:40:00	2020-11-03 20:52:00	2020-11-03 20:54:00	B1.9	12780.0	POINT(-73 -24)	-24	-73	-848.0	-410.0
170420	2020-11-03 20:54:00	2020-11-03 21:08:00	2020-11-03 21:16:00	B4.3	12780.0	POINT(-74 -23)	-23	-74	-855.0	-398.0
170430	2020-11-03 21:16:00	2020-11-03 21:20:00	2020-11-03 21:26:00	B4.7	12780.0	POINT(-50 19)	19	-50	-700.0	315.0
170440	2020-11-04 00:51:00	2020-11-04 00:57:00	2020-11-04 01:02:00	B3.2	12781.0	POINT(-70 -23)	-23	-70	-840.0	-401.0
170450	2020-11-04 02:55:00	2020-11-04 03:04:00	2020-11-04 03:13:00	B3.5	12781.0	POINT(-69 -24)	-24	-69	-827.0	-417.0
170460	2020-11-04 03:13:00	2020-11-04 03:16:00	2020-11-04 03:21:00	B3.9	12781.0	POINT(-70 -24)	-24	-70	-827.0	-428.0
170470	2020-11-04 04:32:00	2020-11-04 04:42:00	2020-11-04 04:47:00	C1.1	12781.0	POINT(-65 -24)	-24	-65	-801.0	-393.0
170480	2020-11-04 06:28:00	2020-11-04 06:35:00	2020-11-04 06:42:00	B2.9	12781.0	POINT(-68 -24)	-24	-68	-819.0	-419.0
170490	2020-11-04 06:42:00	2020-11-04 06:46:00	2020-11-04 06:50:00	B9.2	12781.0	POINT(-66 -24)	-24	-66	-812.0	-419.0
170500	2020-11-04 08:12:00	2020-11-04 08:21:00	2020-11-04 08:25:00	C1.1	12781.0	POINT(-67 -23)	-23	-67	-819.0	-407.0
170510	2020-11-04 09:09:00	2020-11-04 09:15:00	2020-11-04 09:22:00	B2.7	12781.0	POINT(-68 -23)	-23	-68	-827.0	-406.0
170520	2020-11-04 09:44:00	2020-11-04 09:50:00	2020-11-04 09:54:00	B3.5	12781.0	POINT(-66 -24)	-24	-66	-803.0	-419.0
170530	2020-11-04 11:26:00	2020-11-04 11:32:00	2020-11-04 11:39:00	B4.5	12781.0	POINT(-64 -24)	-24	-64	-796.0	-425.0
170540	2020-11-04 11:39:00	2020-11-04 11:45:00	2020-11-04 11:54:00	B8.1	12781.0	POINT(-67 -23)	-23	-67	-824.0	-403.0
170550	2020-11-04 13:40:00	2020-11-04 13:48:00	2020-11-04 13:52:00	B5.4	12781.0	POINT(-63 -23)	-23	-63	-794.0	-416.0
170560	2020-11-04 14:49:00	2020-11-04 14:53:00	2020-11-04 14:57:00	B4.6	12781.0	POINT(-61 -23)	-23	-61	-779.0	-378.0
170570	2020-11-04 15:01:00	2020-11-04 15:09:00	2020-11-04 15:22:00	B4.5	12781.0	POINT(-61 -23)	-23	-61	-779.0	-378.0
170580	2020-11-04 16:58:00	2020-11-04 17:11:00	2020-11-04 17:20:00	C1.8	12781.0	POINT(-59 -23)	-23	-59	-763.0	-378.0
170590	2020-11-04 18:46:00	2020-11-04 19:07:00	2020-11-04 19:20:00	C1.0	12781.0	POINT(-59 -23)	-23	-59	-763.0	-378.0
170600	2020-11-04 19:31:00	2020-11-04 19:37:00	2020-11-04 19:53:00	B8.1	12781.0	POINT(-59 -23)	-23	-59	-763.0	-378.0
170610	2020-11-04 20:04:00	2020-11-04 20:16:00	2020-11-04 20:23:00	C1.0	12781.0	POINT(-59 -23)	-23	-59	-763.0	-378.0
170620	2020-11-04 21:37:00	2020-11-04 21:43:00	2020-11-04 21:50:00	B4.7		POINT(-59 -23)	-23	-59	-763.0	-378.0
170630	2020-11-04 22:24:00	2020-11-04 22:30:00	2020-11-04 22:34:00	B4.4	12781.0	POINT(-59 -23)	-23	-59	-763.0	-378.0
170640	2020-11-04 22:35:00	2020-11-04 22:40:00	2020-11-04 22:57:00	B4.9	12781.0	POINT(-59 -23)	-23	-59	-763.0	-378.0
170650	2020-11-05 00:01:00	2020-11-05 00:22:00	2020-11-05 00:34:00	C7.3	12781.0	POINT(-65 -24)	-24	-65	-801.0	-393.0
170660	2020-11-05 00:53:00	2020-11-05 00:56:00	2020-11-05 01:00:00	C1.8		POINT(-65 -24)	-24	-65	-801.0	-393.0
170670	2020-11-05 01:55:00	2020-11-05 02:04:00	2020-11-05 02:11:00	B7.0	12781.0	POINT(-65 -24)	-24	-65	-801.0	-393.0
170680	2020-11-05 02:44:00	2020-11-05 02:50:00	2020-11-05 02:54:00	C1.4	12781.0	POINT(-57 -23)	-23	-57	-747.0	-420.0
170690	2020-11-05 03:23:00	2020-11-05 03:29:00	2020-11-05 03:34:00	B6.7		POINT(-57 -23)	-23	-57	-744.0	-423.0
170700	2020-11-05 03:38:00	2020-11-05 03:43:00	2020-11-05 03:47:00	B6.0		POINT(-56 -23)	-23	-56	-743.0	-422.0
170710	2020-11-05 04:00:00	2020-11-05 04:06:00	2020-11-05 04:10:00	B8.0	12781.0	POINT(-69 -23)	-23	-69	-831.0	-378.0
170720	2020-11-05 04:41:00	2020-11-05 04:46:00	2020-11-05 04:50:00	B4.0	12781.0	POINT(-56 -23)	-23	-56	-744.0	-419.0
170730	2020-11-05 05:03:00	2020-11-05 05:13:00	2020-11-05 05:23:00	B8.9	12781.0	POINT(-56 -23)	-23	-56	-738.0	-421.0
170740	2020-11-05 06:06:00	2020-11-05 06:16:00	2020-11-05 06:22:00	C1.7	12781.0	POINT(-55 -23)	-23	-55	-756.0	-383.0
170750	2020-11-05 07:10:00	2020-11-05 07:21:00	2020-11-05 07:25:00	B5.7	12781.0	POINT(-55 -23)	-23	-55	-730.0	-417.0
170760	2020-11-05 07:31:00	2020-11-05 07:39:00	2020-11-05 07:43:00	B6.0	12781.0	POINT(-54 -23)	-23	-54	-727.0	-422.0
170770	2020-11-05 07:55:00	2020-11-05 08:04:00	2020-11-05 08:22:00	B5.3	12781.0	POINT(-54 -23)	-23	-54	-725.0	-422.0
170780	2020-11-05 08:52:00	2020-11-05 08:57:00	2020-11-05 09:03:00	B5.5	12781.0	POINT(-53 -24)	-24	-53	-711.0	-431.0
170790	2020-11-05 09:38:00	2020-11-05 09:54:00	2020-11-05 09:58:00	C2.3	12781.0	POINT(-51 -23)	-23	-51	-715.0	-423.0
170800	2020-11-05 10:11:00	2020-11-05 10:20:00	2020-11-05 10:28:00	B8.9	12781.0	POINT(-53 -23)	-23	-53	-711.0	-427.0
170810	2020-11-05 11:19:00	2020-11-05 11:28:00	2020-11-05 11:41:00	B6.2	12781.0	POINT(-53 -20)	-20	-53	-729.0	-381.0
170820	2020-11-05 12:13:00	2020-11-05 12:22:00	2020-11-05 12:26:00	C1.4	12781.0	POINT(-51 -23)	-23	-51	-696.0	-430.0
170830	2020-11-05 13:17:00	2020-11-05 13:27:00	2020-11-05 13:33:00	C1.7	12781.0	POINT(-51 -24)	-24	-51	-688.0	-434.0
170840	2020-11-05 14:03:00	2020-11-05 14:07:00	2020-11-05 14:11:00	C1.2	12781.0	POINT(-48 -23)	-23	-48	-681.0	-437.0
170850	2020-11-05 14:19:00	2020-11-05 14:24:00	2020-11-05 14:35:00	C1.0	12781.0	POINT(-51 -23)	-23	-51	-690.0	-427.0
170860	2020-11-05 16:03:00	2020-11-05 16:14:00	2020-11-05 16:18:00	B8.1	12781.0	POINT(-49 -24)	-24	-49	-675.0	-432.0
170870	2020-11-05 17:42:00	2020-11-05 17:49:00	2020-11-05 17:53:00	B8.6	12781.0	POINT(-48 -23)	-23	-48	-667.0	-433.0
170880	2020-11-05 20:51:00	2020-11-05 20:55:00	2020-11-05 21:01:00	B5.4	12781.0	POINT(-48 -23)	-23	-48	-663.0	-419.0
170890	2020-11-05 21:31:00	2020-11-05 21:38:00	2020-11-05 21:44:00	B5.4	12781.0	POINT(-46 -23)	-23	-46	-651.0	-422.0
170900	2020-11-05 21:51:00	2020-11-05 21:56:00	2020-11-05 22:00:00	C9.0	12781.0	POINT(-48 -23)	-23	-48	-647.0	-423.0
170910	2020-11-05 22:18:00	2020-11-05 22:23:00	2020-11-05 22:33:00	C1.0	12781.0	POINT(-47 -21)	-21	-47	-669.0	-388.0
170920	2020-11-06 00:01:00	2020-11-06 00:05:00	2020-11-06 00:10:00	C2.8		POINT(-46 -24)	-24	-46	-634.0	-447.0
170930	2020-11-06 00:47:00	2020-11-06 00:50:00	2020-11-06 00:54:00	C1.7	12781.0	POINT(-45 -24)	-24	-45	-614.0	-441.0
170940	2020-11-06 01:00:00	2020-11-06 01:04:00	2020-11-06 01:08:00	C2.0		POINT(-45 -23)	-23	-45	-635.0	-420.0
170950	2020-11-06 02:31:00	2020-11-06 02:37:00	2020-11-06 02:45:00	B7.0		POINT(-44 -23)	-23	-44	-617.0	-435.0
170960	2020-11-06 03:09:00	2020-11-06 03:21:00	2020-11-06 03:31:00	B8.0		POINT(-42 -26)	-26	-42	-587.0	-476.0
170970	2020-11-06 03:54:00	2020-11-06 03:57:00	2020-11-06 04:01:00	B7.1		POINT(-42 -26)	-26	-42	-582.0	-424.0
170980	2020-11-06 04:43:00	2020-11-06 04:48:00	2020-11-06 04:54:00	B6.2	12781.0	POINT(-43 -24)	-24	-43	-603.0	-393.0
170990	2020-11-06 05:15:00	2020-11-06 05:22:00	2020-11-06 05:27:00	B6.6	12781.0	POINT(-43 -23)	-23	-43	-607.0	-378.0
171000	2020-11-06 06:30:00	2020-11-06 06:38:00	2020-11-06 06:42:00	B9.6	12781.0	POINT(-42 -23)	-23	-42	-596.0	-378.0
171010	2020-11-06 07:39:00	2020-11-06 07:43:00	2020-11-06 07:47:00	B4.9	12781.0	POINT(-41 -22)	-22	-41	-588.0	-362.0
171020	2020-11-06 08:00:00	2020-11-06 08:07:00	2020-11-06 08:08:00	B3.6	12781.0	POINT(-41 -22)	-22	-41	-588.0	-362.0
171030	2020-11-06 09:44:00	2020-11-06 09:48:00	2020-11-06 09:52:00	B6.2	12781.0	POINT(-40 -23)	-23	-40	-572.0	-378.0
171040	2020-11-06 10:12:00	2020-11-06 10:15:00	2020-11-06 10:19:00	B6.6	12781.0	POINT(-39 -23)	-23	-39	-560.0	-378.0
171050	2020-11-06 10:26:00	2020-11-06 10:36:00	2020-11-06 10:45:00	C1.3	12781.0	POINT(-38 -24)	-24	-38	-544.0	-393.0
171060	2020-11-06 11:46:00	2020-11-06 11:59:00	2020-11-06 12:15:00	B9.2	12781.0	POINT(-37 -24)	-24	-37	-532.0	-393.0
171070	2020-11-06 15:13:00	2020-11-06 15:22:00	2020-11-06 15:26:00	C1.8	12781.0	POINT(-37 -21)	-21	-37	-552.0	-394.0
171080	2020-11-06 16:07:00	2020-11-06 16:14:00	2020-11-06 16:18:00	B4.6	12781.0	POINT(-36 -21)	-21	-36	-532.0	-408.0
171090	2020-11-06 17:23:00	2020-11-06 17:30:00	2020-11-06 17:37:00	B5.2	12781.0	POINT(-35 -21)	-21	-35	-528.0	-408.0
171100	2020-11-06 17:40:00	2020-11-06 17:45:00	2020-11-06 17:49:00	C1.1	12781.0	POINT(-36 -21)	-21	-36	-532.0	-407.0
171110	2020-11-06 18:36:00	2020-11-06 18:46:00	2020-11-06 18:53:00	B4.5	12781.0	POINT(-35 -21)	-21	-35	-529.0	-402.0
171120	2020-11-06 19:31:00	2020-11-06 19:35:00	2020-11-06 19:41:00	B4.0	12781.0	POINT(-34 -21)	-21	-34	-509.0	-411.0
171130	2020-11-06 22:14:00	2020-11-06 22:21:00	2020-11-06 22:26:00	B3.8	12781.0	POINT(-31 -24)	-24	-31	-458.0	-448.0
171140	2020-11-06 23:02:00	2020-11-06 23:11:00	2020-11-06 23:15:00	B3.6	12781.0	POINT(-32 -21)	-21	-32	-480.0	-412.0
171150	2020-11-07 01:03:00	2020-11-07 01:08:00	2020-11-07 01:17:00	B2.6	12781.0	POINT(-29 -24)	-24	-29	-433.0	-448.0
171160	2020-11-07 01:37:00	2020-11-07 01:42:00	2020-11-07 01:47:00	B2.5	12781.0	POINT(-31 -21)	-21	-31	-476.0	-399.0
171170	2020-11-07 01:50:00	2020-11-07 01:58:00	2020-11-07 02:02:00	B3.6	12781.0	POINT(-31 -22)	-22	-31	-474.0	-397.0
171180	2020-11-07 02:37:00	2020-11-07 02:47:00	2020-11-07 02:58:00	B4.0	12781.0	POINT(-31 -23)	-23	-31	-458.0	-442.0
171190	2020-11-07 04:17:00	2020-11-07 04:31:00	2020-11-07 04:37:00	B6.9	12781.0	POINT(-31 -22)	-22	-31	-461.0	-394.0
171200	2020-11-07 06:05:00	2020-11-07 06:14:00	2020-11-07 06:28:00	C1.8	12781.0	POINT(-29 -21)	-21	-29	-436.0	-399.0
171210	2020-11-07 07:11:00	2020-11-07 07:18:00	2020-11-07 07:22:00	B5.5	12781.0	POINT(-28 -25)	-25	-28	-420.0	-464.0
171220	2020-11-07 09:54:00	2020-11-07 10:01:00	2020-11-07 10:07:00	B8.9	12781.0	POINT(-27 -25)	-25	-27	-401.0	-467.0
171230	2020-11-07 11:54:00	2020-11-07 12:06:00	2020-11-07 12:08:00	B5.6	12781.0	POINT(-25 -21)	-21	-25	-390.0	-404.0
171240	2020-11-07 14:08:00	2020-11-07 14:17:00	2020-11-07 14:24:00	B3.7	12781.0	POINT(-26 -21)	-21	-26	-383.0	-408.0
171250	2020-11-07 18:34:00	2020-11-07 18:40:00	2020-11-07 18:50:00	B2.9	12781.0	POINT(-21 -20)	-20	-21	-338.0	-405.0
171260	2020-11-07 20:13:00	2020-11-07 20:28:00	2020-11-07 20:39:00	B4.4	12781.0	POINT(-20 -24)	-24	-20	-314.0	-447.0
171270	2020-11-08 00:59:00	2020-11-08 01:06:00	2020-11-08 01:09:00	B5.3	12781.0	POINT(-18 -20)	-20	-18	-289.0	-401.0
171280	2020-11-08 01:05:00	2020-11-08 01:12:00	2020-11-08 01:36:00	C2.3	12781.0	POINT(-17 -20)	-20	-17	-300.0	-390.0
171290	2020-11-08 02:02:00	2020-11-08 02:08:00	2020-11-08 02:13:00	B6.4	12781.0	POINT(-17 -20)	-20	-17	-281.0	-400.0
171300	2020-11-08 04:08:00	2020-11-08 04:16:00	2020-11-08 04:27:00	B3.9	12781.0	POINT(-16 -23)	-23	-16	-260.0	-436.0
171310	2020-11-08 05:13:00	2020-11-08 05:18:00	2020-11-08 05:23:00	C5.7	12781.0	POINT(-17 -20)	-20	-17	-245.0	-415.0
171320	2020-11-08 11:53:00	2020-11-08 12:02:00	2020-11-08 12:07:00	B6.2	12781.0	POINT(-12 -21)	-21	-12	-188.0	-414.0
171330	2020-11-08 12:07:00	2020-11-08 12:12:00	2020-11-08 12:19:00	B6.3	12781.0	POINT(-12 -23)	-23	-12	-192.0	-437.0
171340	2020-11-08 14:58:00	2020-11-08 15:06:00	2020-11-08 15:15:00	B4.8	12781.0	POINT(-10 -21)	-21	-10	-158.0	-417.0
171350	2020-11-08 16:18:00	2020-11-08 16:28:00	2020-11-08 16:33:00	B3.4	12781.0	POINT(-8 -24)	-24	-8	-133.0	-461.0
171360	2020-11-08 16:33:00	2020-11-08 16:40:00	2020-11-08 16:49:00	B4.2	12781.0	POINT(-8 -25)	-25	-8	-125.0	-476.0
171370	2020-11-08 19:21:00	2020-11-08 19:31:00	2020-11-08 19:41:00	B4.4	12781.0	POINT(-7 -24)	-24	-7	-108.0	-458.0
171380	2020-11-09 05:46:00	2020-11-09 05:58:00	2020-11-09 06:13:00	B3.0	12781.0	POINT(-2 -23)	-23	-2	-37.0	-434.0
171390	2020-11-09 09:57:00	2020-11-09 10:05:00	2020-11-09 10:25:00	B3.1	12781.0	POINT(-87 -30)	-30	-87	-845.0	-492.0
171400	2020-11-10 10:58:00	2020-11-10 11:11:00	2020-11-10 11:23:00	B4.4		POINT(-87 -30)	-30	-87	-851.0	-494.0
171410	2020-11-10 19:36:00	2020-11-10 19:46:00	2020-11-10 19:50:00	C1.3	12781.0	POINT(21 -23)	-23	21	303.0	-456.0
171420	2020-11-11 17:46:00	2020-11-11 17:55:00	2020-11-11 18:11:00	B2.3	12782.0	POINT(-71 -31)	-31	-71	-783.0	-522.0
171430	2020-11-11 18:36:00	2020-11-11 19:12:00	2020-11-11 19:38:00	C2.6	12782.0	POINT(-71 -32)	-32	-71	-782.0	-515.0
171440	2020-11-11 22:13:00	2020-11-11 22:24:00	2020-11-11 22:31:00	B6.4	12781.0	POINT(31 -18)	-18	31	501.0	-368.0
171450	2020-11-12 02:06:00	2020-11-12 02:27:00	2020-11-12 02:35:00	C1.2	12782.0	POINT(-63 -32)	-32	-63	-737.0	-536.0
171460	2020-11-12 03:58:00	2020-11-12 04:13:00	2020-11-12 04:20:00	C2.5	12782.0	POINT(-63 -32)	-32	-63	-731.0	-529.0
171470	2020-11-12 13:17:00	2020-11-12 13:22:00	2020-11-12 13:29:00	B2.1	12782.0	POINT(-54 -31)	-31	-54	-693.0	-527.0
171480	2020-11-12 16:08:00	2020-11-12 16:16:00	2020-11-12 16:29:00	B2.0	12782.0	POINT(-56 -32)	-32	-56	-686.0	-538.0
171490	2020-11-12 16:29:00	2020-11-12 16:33:00	2020-11-12 16:37:00	B1.7	12782.0	POINT(-56 -31)	-31	-56	-690.0	-537.0
171500	2020-11-13 00:04:00	2020-11-13 00:13:00	2020-11-13 00:17:00	B2.6	12782.0	POINT(-54 -32)	-32	-54	-664.0	-543.0
171510	2020-11-13 21:03:00	2020-11-13 21:12:00	2020-11-13 21:17:00	B1.6	12782.0	POINT(61 -23)	-23	61	782.0	-412.0
171520	2020-11-13 23:50:00	2020-11-13 23:59:00	2020-11-14 00:03:00	B7.3	12781.0	POINT(62 -23)	-23	62	788.0	-413.0
171530	2020-11-14 01:39:00	2020-11-14 01:45:00	2020-11-14 01:49:00	B1.4	12781.0	POINT(63 -23)	-23	63	794.0	-411.0
171540	2020-11-14 02:28:00	2020-11-14 02:34:00	2020-11-14 02:39:00	B1.6	12781.0	POINT(64 -23)	-23	64	803.0	-407.0
171550	2020-11-14 05:40:00	2020-11-14 05:44:00	2020-11-14 05:52:00	B1.8	12781.0	POINT(66 -24)	-24	66	812.0	-414.0
171560	2020-11-15 18:26:00	2020-11-15 18:40:00	2020-11-15 18:51:00	B3.3	12781.0	POINT(88 -23)	-23	88	898.0	-398.0
171570	2020-11-15 22:28:00	2020-11-15 22:37:00	2020-11-15 22:43:00	B2.1	12781.0	POINT(88 -22)	-22	88	903.0	-379.0
171580	2020-11-15 23:27:00	2020-11-15 23:35:00	2020-11-15 23:39:00	B2.1	12781.0	POINT(88 -21)	-21	88	908.0	-366.0
171590	2020-11-15 23:50:00	2020-11-15 23:55:00	2020-11-15 23:59:00	B2.4	12781.0	POINT(88 -21)	-21	88	915.0	-354.0
171600	2020-11-16 00:03:00	2020-11-16 00:09:00	2020-11-16 00:14:00	B1.7	12781.0	POINT(88 -21)	-21	88	914.0	-363.0
171610	2020-11-16 02:08:00	2020-11-16 02:15:00	2020-11-16 02:20:00	B1.6	12781.0	POINT(88 -21)	-21	88	914.0	-355.0
171620	2020-11-16 04:40:00	2020-11-16 05:04:00	2020-11-16 05:13:00	B4.8	12781.0	POINT(88 -23)	-23	88	903.0	-387.0
171630	2020-11-16 06:19:00	2020-11-16 06:33:00	2020-11-16 06:45:00	B2.7	12782.0	POINT(-7 -31)	-31	-7	-111.0	-540.0
171640	2020-11-16 06:45:00	2020-11-16 06:49:00	2020-11-16 06:53:00	B2.1	12781.0	POINT(88 -21)	-21	88	913.0	-368.0
171650	2020-11-16 16:57:00	2020-11-16 17:06:00	2020-11-16 17:12:00	B1.9	12782.0	POINT(-88 -20)	-20	-88	-918.0	-339.0
171660	2020-11-19 10:20:00	2020-11-19 10:25:00	2020-11-19 10:31:00	B1.1	12783.0	POINT(89 -17)	-17	89	938.0	-287.0
171670	2020-11-19 17:00:00	2020-11-19 17:06:00	2020-11-19 17:14:00	B1.5	12783.0	POINT(89 -16)	-16	89	942.0	-279.0
171680	2020-11-19 20:38:00	2020-11-19 21:06:00	2020-11-19 21:19:00	B2.0	12783.0	POINT(38 -34)	-34	38	504.0	-572.0
171690	2020-11-20 13:08:00	2020-11-20 13:35:00	2020-11-20 14:23:00	B6.4		POINT(-88 -27)	-27	-88	-881.0	-450.0
171700	2020-11-20 16:11:00	2020-11-20 16:27:00	2020-11-20 16:44:00	B1.7	12783.0	POINT(-42 -22)	-22	-42	-602.0	-403.0
171710	2020-11-20 16:44:00	2020-11-20 17:03:00	2020-11-20 17:11:00	C1.9	12783.0	POINT(-36 -22)	-22	-36	-529.0	-363.0
171720	2020-11-20 18:10:00	2020-11-20 18:45:00	2020-11-20 19:19:00	C1.0		POINT(-88 -25)	-25	-88	-890.0	-434.0
171730	2020-11-21 05:52:00	2020-11-21 05:57:00	2020-11-21 06:06:00	B4.4	12783.0	POINT(-31 -20)	-20	-31	-488.0	-393.0
171740	2020-11-21 14:07:00	2020-11-21 14:13:00	2020-11-21 14:27:00	B3.9		POINT(-88 -22)	-22	-88	-911.0	-370.0
171750	2020-11-21 14:27:00	2020-11-21 14:39:00	2020-11-21 14:48:00	B3.9		POINT(-88 -22)	-22	-88	-905.0	-382.0
171760	2020-11-21 15:56:00	2020-11-21 16:07:00	2020-11-21 16:14:00	B3.8		POINT(-88 -22)	-22	-88	-910.0	-374.0
171770	2020-11-21 17:23:00	2020-11-21 17:31:00	2020-11-21 17:37:00	B5.8		POINT(-88 -23)	-23	-88	-906.0	-395.0
171780	2020-11-22 03:07:00	2020-11-22 03:14:00	2020-11-22 03:18:00	B5.8	12783.0	POINT(-88 -23)	-23	-88	-890.0	-387.0
171790	2020-11-22 07:30:00	2020-11-22 07:38:00	2020-11-22 07:43:00	B7.4		POINT(-88 -24)	-24	-88	-900.0	-409.0
171800	2020-11-22 08:19:00	2020-11-22 08:37:00	2020-11-22 08:59:00	B6.0	12783.0	POINT(-88 -22)	-22	-88	-915.0	-375.0
171810	2020-11-22 08:59:00	2020-11-22 09:02:00	2020-11-22 09:03:00	B5.0		POINT(-89 -18)	-18	-89	-938.0	-312.0
171820	2020-11-22 09:03:00	2020-11-22 09:21:00	2020-11-22 09:41:00	B9.9		POINT(-88 -22)	-22	-88	-911.0	-370.0
171830	2020-11-22 09:24:00	2020-11-22 09:27:00	2020-11-22 09:34:00	C1.3	12785.0	POINT(-88 -21)	-21	-88	-909.0	-366.0
171840	2020-11-22 14:22:00	2020-11-22 14:32:00	2020-11-22 14:37:00	C1.3	12785.0	POINT(-88 -22)	-22	-88	-907.0	-370.0
171850	2020-11-22 14:47:00	2020-11-22 14:57:00	2020-11-22 15:02:00	B9.4	12785.0	POINT(-88 -22)	-22	-88	-905.0	-379.0
171860	2020-11-22 17:23:00	2020-11-22 17:31:00	2020-11-22 17:37:00	C3.3	12785.0	POINT(-80 -23)	-23	-80	-894.0	-390.0
171870	2020-11-22 18:38:00	2020-11-22 18:47:00	2020-11-22 18:54:00	B6.1	12785.0	POINT(-88 -25)	-25	-88	-891.0	-417.0
171880	2020-11-22 20:11:00	2020-11-22 20:19:00	2020-11-22 20:30:00	B5.0	12785.0	POINT(-88 -24)	-24	-88	-890.0	-411.0
171890	2020-11-22 20:30:00	2020-11-22 20:33:00	2020-11-22 20:37:00	B4.7	12785.0	POINT(-88 -24)	-24	-88	-888.0	-410.0
171900	2020-11-22 23:42:00	2020-11-22 23:56:00	2020-11-23 00:08:00	C1.2	12786.0	POINT(-89 -18)	-18	-89	-935.0	-320.0
171910	2020-11-23 06:20:00	2020-11-23 06:27:00	2020-11-23 06:31:00	B8.0	12783.0	POINT(-4 -22)	-22	-4	-83.0	-399.0
171920	2020-11-23 08:37:00	2020-11-23 08:41:00	2020-11-23 08:46:00	B8.0	12783.0	POINT(-3 -23)	-23	-3	-46.0	-379.0
171930	2020-11-23 22:49:00	2020-11-23 22:55:00	2020-11-23 22:59:00	C1.4	12785.0	POINT(-66 -22)	-22	-66	-824.0	-383.0
171940	2020-11-24 04:10:00	2020-11-24 05:17:00	2020-11-24 05:33:00	C1.0	12785.0	POINT(-88 -28)	-28	-88	-863.0	-464.0
171950	2020-11-24 05:33:00	2020-11-24 05:42:00	2020-11-24 05:43:00	C1.0	12785.0	POINT(-80 -25)	-25	-80	-861.0	-428.0
171960	2020-11-24 19:08:00	2020-11-24 19:15:00	2020-11-24 19:32:00	B5.4		POINT(-59 -18)	-18	-59	-794.0	-329.0
171970	2020-11-24 20:00:00	2020-11-24 20:14:00	2020-11-24 20:33:00	B8.6		POINT(-74 -17)	-17	-74	-891.0	-302.0
171980	2020-11-25 00:04:00	2020-11-25 00:14:00	2020-11-25 00:22:00	B6.5	12786.0	POINT(-64 -23)	-23	-64	-807.0	-393.0
171990	2020-11-25 00:22:00	2020-11-25 00:25:00	2020-11-25 00:30:00	B7.4	12785.0	POINT(-56 -24)	-24	-56	-740.0	-412.0
172000	2020-11-25 01:27:00	2020-11-25 01:36:00	2020-11-25 01:43:00	B5.6	12786.0	POINT(-66 -19)	-19	-66	-842.0	-335.0
172010	2020-11-25 03:47:00	2020-11-25 04:02:00	2020-11-25 04:21:00	C3.4	12786.0	POINT(-62 -16)	-16	-62	-857.0	-299.0
172020	2020-11-25 10:41:00	2020-11-25 10:44:00	2020-11-25 10:53:00	B7.1	12786.0	POINT(-69 -20)	-20	-69	-853.0	-347.0
172030	2020-11-25 13:19:00	2020-11-25 13:23:00	2020-11-25 13:27:00	B5.6	12786.0	POINT(-65 -19)	-19	-65	-835.0	-335.0
172040	2020-11-25 13:27:00	2020-11-25 13:33:00	2020-11-25 13:37:00	B8.9	12786.0	POINT(-68 -20)	-20	-68	-848.0	-344.0
172050	2020-11-25 14:40:00	2020-11-25 14:48:00	2020-11-25 14:52:00	B7.2	12786.0	POINT(-66 -19)	-19	-66	-842.0	-343.0
172060	2020-11-25 15:37:00	2020-11-25 15:46:00	2020-11-25 15:55:00	B7.8	12786.0	POINT(-65 -20)	-20	-65	-834.0	-344.0
172070	2020-11-26 00:38:00	2020-11-26 00:47:00	2020-11-26 00:57:00	B6.1	12786.0	POINT(-60 -19)	-19	-60	-798.0	-344.0
172080	2020-11-26 06:52:00	2020-11-26 06:55:00	2020-11-26 06:59:00	C1.8	12786.0	POINT(-48 -21)	-21	-48	-682.0	-354.0
172090	2020-11-26 07:51:00	2020-11-26 07:55:00	2020-11-26 07:59:00	B7.6	12786.0	POINT(-53 -16)	-16	-53	-748.0	-290.0
172100	2020-11-26 12:42:00	2020-11-26 12:53:00	2020-11-26 13:07:00	C3.8	12786.0	POINT(-51 -17)	-17	-51	-707.0	-299.0
172110	2020-11-26 15:35:00	2020-11-26 15:40:00	2020-11-26 15:44:00	C1.0	12786.0	POINT(-41 -12)	-12	-41	-612.0	-252.0
172120	2020-11-26 17:11:00	2020-11-26 17:20:00	2020-11-26 17:26:00	B5.4	12786.0	POINT(-41 -24)	-24	-41	-584.0	-405.0
172130	2020-11-26 19:20:00	2020-11-26 21:23:00	2020-11-26 23:53:00	C2.6		POINT(-89 30)	30	-89	-863.0	517.0
172140	2020-11-27 07:03:00	2020-11-27 07:13:00	2020-11-27 07:26:00	B6.8	12786.0	POINT(-38 -17)	-17	-38	-569.0	-293.0
172150	2020-11-27 13:38:00	2020-11-27 13:53:00	2020-11-27 14:13:00	B9.0	12786.0	POINT(-32 -17)	-17	-32	-517.0	-290.0
172160	2020-11-27 16:45:00	2020-11-27 16:59:00	2020-11-27 17:29:00	C1.5	12786.0	POINT(-35 -16)	-16	-35	-540.0	-294.0
172170	2020-11-27 20:56:00	2020-11-27 21:02:00	2020-11-27 21:07:00	B8.8	12786.0	POINT(-35 -16)	-16	-35	0.0	1.0
172180	2020-11-27 22:43:00	2020-11-27 22:50:00	2020-11-27 22:56:00	B5.9	12786.0	POINT(-31 -17)	-17	-31	-508.0	-303.0
172190	2020-11-28 01:05:00	2020-11-28 01:09:00	2020-11-28 01:13:00	B6.2		POINT(-26 -16)	-16	-26	-410.0	-296.0
172200	2020-11-28 01:21:00	2020-11-28 01:35:00	2020-11-28 01:56:00	C1.5	12786.0	POINT(-31 -17)	-17	-31	-479.0	-298.0
172210	2020-11-28 06:17:00	2020-11-28 06:23:00	2020-11-28 06:44:00	B7.9	12786.0	POINT(-28 -16)	-16	-28	-439.0	-295.0
172220	2020-11-28 07:13:00	2020-11-28 07:26:00	2020-11-28 07:36:00	C1.0		POINT(89 -25)	-25	89	888.0	-432.0
172230	2020-11-28 10:51:00	2020-11-28 10:57:00	2020-11-28 11:07:00	B7.1	12786.0	POINT(-27 -17)	-17	-27	-433.0	-318.0
172240	2020-11-28 13:26:00	2020-11-28 13:35:00	2020-11-28 13:43:00	C2.9	12786.0	POINT(-24 -16)	-16	-24	-389.0	-297.0
172250	2020-11-28 17:29:00	2020-11-28 17:38:00	2020-11-28 17:59:00	C1.2	12786.0	POINT(-22 -15)	-15	-22	-353.0	-296.0
172260	2020-11-28 22:59:00	2020-11-28 23:18:00	2020-11-28 23:32:00	C3.1	12786.0	POINT(-16 -19)	-19	-16	-262.0	-352.0
172270	2020-11-29 00:50:00	2020-11-29 01:16:00	2020-11-29 01:48:00	C1.3	12786.0	POINT(-15 -18)	-18	-15	-251.0	-330.0
172280	2020-11-29 11:24:00	2020-11-29 11:44:00	2020-11-29 12:03:00	C1.6	12786.0	POINT(-11 -20)	-20	-11	-175.0	-359.0
172290	2020-11-29 12:34:00	2020-11-29 13:11:00	2020-11-29 13:41:00	M4.4		POINT(-89 -23)	-23	-89	-911.0	-392.0
172300	2020-11-30 03:12:00	2020-11-30 03:15:00	2020-11-30 03:19:00	B7.9	12786.0	POINT(5 -13)	-13	5	95.0	-238.0
172310	2020-11-30 05:06:00	2020-11-30 05:12:00	2020-11-30 05:16:00	B6.9		POINT(-89 -24)	-24	-89	-897.0	-406.0
172320	2020-11-30 09:24:00	2020-11-30 09:31:00	2020-11-30 09:35:00	B8.1		POINT(-89 -24)	-24	-89	-893.0	-407.0
172330	2020-11-30 19:40:00	2020-11-30 19:50:00	2020-11-30 20:01:00	B8.8	12786.0	POINT(4 -16)	-16	4	89.0	-285.0
172340	2020-12-01 01:00:00	2020-12-01 01:06:00	2020-12-01 01:12:00	B5.6	12786.0	POINT(-89 -27)	-27	-89	-867.0	-447.0
172350	2020-12-01 01:54:00	2020-12-01 01:59:00	2020-12-01 02:03:00	B5.2	12786.0	POINT(-78 -27)	-27	-78	-845.0	-453.0
172360	2020-12-01 02:18:00	2020-12-01 02:42:00	2020-12-01 02:50:00	B9.2	12786.0	POINT(8 -16)	-16	8	146.0	-286.0
172370	2020-12-01 04:08:00	2020-12-01 04:27:00	2020-12-01 04:34:00	C3.8	12790.0	POINT(-75 -23)	-23	-75	-888.0	-395.0
172380	2020-12-01 05:48:00	2020-12-01 05:54:00	2020-12-01 06:04:00	B5.4	12790.0	POINT(-89 -24)	-24	-89	-896.0	-406.0
172390	2020-12-01 07:13:00	2020-12-01 07:21:00	2020-12-01 07:29:00	C1.2	12787.0	POINT(-77 -24)	-24	-77	-866.0	-395.0
172400	2020-12-01 15:40:00	2020-12-01 15:52:00	2020-12-01 16:07:00	B5.7		POINT(22 -21)	-21	22	345.0	-372.0
172410	2020-12-01 22:29:00	2020-12-01 22:41:00	2020-12-01 22:50:00	B6.1	12790.0	POINT(-70 -24)	-24	-70	-837.0	-450.0
172420	2020-12-01 23:11:00	2020-12-01 23:20:00	2020-12-01 23:26:00	C1.4	12786.0	POINT(-2 -18)	-18	-2	-32.0	-300.0
172430	2020-12-02 02:56:00	2020-12-02 03:01:00	2020-12-02 03:07:00	B6.4	12790.0	POINT(32 -13)	-13	32	506.0	-233.0
172440	2020-12-02 06:17:00	2020-12-02 06:25:00	2020-12-02 06:29:00	B6.6	12790.0	POINT(-62 -22)	-22	-62	-803.0	-374.0
172450	2020-12-02 14:49:00	2020-12-02 14:53:00	2020-12-02 14:57:00	B5.2		POINT(38 -12)	-12	38	593.0	-222.0
172460	2020-12-02 19:06:00	2020-12-02 19:15:00	2020-12-02 19:20:00	B5.8		POINT(-56 -22)	-22	-56	-749.0	-372.0
172470	2020-12-03 01:45:00	2020-12-03 01:56:00	2020-12-03 02:03:00	C1.7	12786.0	POINT(-2 -18)	-18	-2	-32.0	-300.0
172480	2020-12-03 05:46:00	2020-12-03 06:04:00	2020-12-03 06:30:00	B9.0	12786.0	POINT(57 -27)	-27	57	732.0	-452.0
172490	2020-12-03 09:55:00	2020-12-03 10:00:00	2020-12-03 10:04:00	C1.2	12790.0	POINT(-50 -23)	-23	-50	-641.0	-429.0
172500	2020-12-03 10:51:00	2020-12-03 11:01:00	2020-12-03 11:13:00	B6.8	12790.0	POINT(41 -17)	-17	41	619.0	-302.0
172510	2020-12-03 15:02:00	2020-12-03 15:13:00	2020-12-03 15:23:00	B5.3	12786.0	POINT(-44 -21)	-21	-44	-630.0	-369.0
172520	2020-12-03 19:29:00	2020-12-03 19:39:00	2020-12-03 19:54:00	B6.5	12786.0	POINT(-41 -21)	-21	-41	-603.0	-370.0
172530	2020-12-03 23:46:00	2020-12-03 23:59:00	2020-12-04 00:29:00	C1.4	12790.0	POINT(-40 -22)	-22	-40	-581.0	-375.0
172540	2020-12-04 13:10:00	2020-12-04 13:19:00	2020-12-04 13:24:00	B5.1	12786.0	POINT(56 -18)	-18	56	768.0	-315.0
172550	2020-12-04 15:08:00	2020-12-04 15:15:00	2020-12-04 15:22:00	B5.0	12786.0	POINT(62 -16)	-16	62	830.0	-287.0
172560	2020-12-04 17:09:00	2020-12-04 17:17:00	2020-12-04 17:22:00	B4.8	12786.0	POINT(58 -18)	-18	58	793.0	-308.0
172570	2020-12-04 19:17:00	2020-12-04 19:25:00	2020-12-04 19:31:00	B6.2	12788.0	POINT(68 -24)	-24	68	827.0	-413.0
172580	2020-12-04 22:18:00	2020-12-04 22:29:00	2020-12-04 22:43:00	B5.3	12790.0	POINT(-28 -25)	-25	-28	-437.0	-413.0
172590	2020-12-05 00:16:00	2020-12-05 00:38:00	2020-12-05 00:52:00	C1.6	12790.0	POINT(-27 -24)	-24	-27	-404.0	-375.0
172600	2020-12-05 08:54:00	2020-12-05 08:59:00	2020-12-05 09:05:00	B6.8		POINT(74 -20)	-20	74	880.0	-340.0
172610	2020-12-05 11:20:00	2020-12-05 11:29:00	2020-12-05 11:36:00	C1.2	12786.0	POINT(76 -20)	-20	76	887.0	-341.0
172620	2020-12-05 12:36:00	2020-12-05 12:41:00	2020-12-05 12:50:00	B5.3	12790.0	POINT(-20 -22)	-22	-20	-310.0	-377.0
172630	2020-12-05 14:20:00	2020-12-05 14:31:00	2020-12-05 14:36:00	B8.7	12786.0	POINT(78 -20)	-20	78	896.0	-336.0
172640	2020-12-05 16:56:00	2020-12-05 17:00:00	2020-12-05 17:04:00	B4.9	12786.0	POINT(80 -20)	-20	80	902.0	-338.0
172650	2020-12-05 17:36:00	2020-12-05 17:47:00	2020-12-05 17:59:00	B8.0	12786.0	POINT(80 -20)	-20	80	902.0	-336.0
172660	2020-12-05 17:59:00	2020-12-05 18:06:00	2020-12-05 18:15:00	C1.2	12790.0	POINT(-18 -24)	-24	-18	-275.0	-411.0
172670	2020-12-06 13:18:00	2020-12-06 13:27:00	2020-12-06 13:36:00	C1.6	12790.0	POINT(-7 -24)	-24	-7	-114.0	-410.0
172680	2020-12-06 23:32:00	2020-12-06 23:42:00	2020-12-06 23:49:00	B8.3	12790.0	POINT(-26 -24)	-24	-26	-390.0	-396.0
172690	2020-12-07 01:09:00	2020-12-07 01:13:00	2020-12-07 01:18:00	B3.5		POINT(-30 -16)	-16	-30	-479.0	-271.0
172700	2020-12-07 01:20:00	2020-12-07 01:24:00	2020-12-07 01:28:00	B3.8		POINT(0 -24)	-24	0	-11.0	-410.0
172710	2020-12-07 02:56:00	2020-12-07 03:03:00	2020-12-07 03:09:00	B3.6		POINT(-29 -16)	-16	-29	-466.0	-272.0
172720	2020-12-07 09:51:00	2020-12-07 09:55:00	2020-12-07 09:59:00	B5.4	12790.0	POINT(4 -25)	-25	4	62.0	-426.0
172730	2020-12-07 14:29:00	2020-12-07 14:38:00	2020-12-07 14:57:00	B6.0	12790.0	POINT(10 -23)	-23	10	103.0	-413.0
172740	2020-12-07 15:46:00	2020-12-07 16:32:00	2020-12-07 17:33:00	C7.4	12790.0	POINT(9 -25)	-25	9	132.0	-427.0
172750	2020-12-08 21:41:00	2020-12-08 21:54:00	2020-12-08 22:10:00	B1.6	12790.0	POINT(-4 -16)	-16	-4	-74.0	-282.0
172760	2020-12-09 00:23:00	2020-12-09 00:33:00	2020-12-09 00:40:00	B1.7	12791.0	POINT(-3 -16)	-16	-3	-57.0	-273.0
172770	2020-12-09 00:40:00	2020-12-09 00:53:00	2020-12-09 01:03:00	B3.2	12791.0	POINT(-3 -16)	-16	-3	-60.0	-275.0
172780	2020-12-10 03:45:00	2020-12-10 04:34:00	2020-12-10 04:48:00	B1.5	12790.0	POINT(43 -31)	-31	43	567.0	-510.0
172790	2020-12-10 10:09:00	2020-12-10 10:22:00	2020-12-10 10:29:00	B1.7	12791.0	POINT(15 -17)	-17	15	245.0	-280.0
172800	2020-12-10 10:41:00	2020-12-10 10:50:00	2020-12-10 11:55:00	B1.1	12791.0	POINT(12 -20)	-20	12	197.0	-339.0
172810	2020-12-10 10:55:00	2020-12-10 11:00:00	2020-12-10 11:01:00	B1.0	12791.0	POINT(16 -17)	-17	16	263.0	-282.0
172820	2020-12-10 11:01:00	2020-12-10 11:11:00	2020-12-10 11:25:00	B1.5	12791.0	POINT(12 -20)	-20	12	195.0	-339.0
172830	2020-12-10 12:47:00	2020-12-10 12:57:00	2020-12-10 13:03:00	B3.1	12791.0	POINT(15 -17)	-17	15	249.0	-296.0
172840	2020-12-10 13:03:00	2020-12-10 13:11:00	2020-12-10 13:18:00	B2.7	12791.0	POINT(17 -17)	-17	17	276.0	-281.0
172850	2020-12-10 15:03:00	2020-12-10 15:50:00	2020-12-10 16:24:00	B2.7	12791.0	POINT(17 -18)	-18	17	281.0	-299.0
172860	2020-12-10 18:05:00	2020-12-10 18:18:00	2020-12-10 18:28:00	B2.4	12791.0	POINT(17 -16)	-16	17	287.0	-272.0
172870	2020-12-11 00:50:00	2020-12-11 01:07:00	2020-12-11 01:17:00	B5.8	12791.0	POINT(22 -16)	-16	22	361.0	-301.0
172880	2020-12-11 03:51:00	2020-12-11 03:59:00	2020-12-11 04:05:00	B1.2	12791.0	POINT(-89 -21)	-21	-89	-920.0	-362.0
172890	2020-12-11 04:28:00	2020-12-11 04:54:00	2020-12-11 05:12:00	B5.3	12792.0	POINT(-89 -21)	-21	-89	-917.0	-369.0
172900	2020-12-11 07:14:00	2020-12-11 07:27:00	2020-12-11 07:36:00	B1.9	12792.0	POINT(-89 -22)	-22	-89	-912.0	-373.0
172910	2020-12-11 08:48:00	2020-12-11 09:03:00	2020-12-11 09:13:00	B1.8	12791.0	POINT(27 -17)	-17	27	429.0	-293.0
172920	2020-12-11 09:54:00	2020-12-11 09:59:00	2020-12-11 10:03:00	B3.0	12791.0	POINT(28 -17)	-17	28	441.0	-282.0
172930	2020-12-11 13:20:00	2020-12-11 13:34:00	2020-12-11 13:48:00	B1.9	12792.0	POINT(-89 -21)	-21	-89	-924.0	-366.0
172940	2020-12-11 15:26:00	2020-12-11 15:33:00	2020-12-11 15:38:00	B1.4	12790.0	POINT(63 -24)	-24	63	795.0	-402.0
172950	2020-12-11 17:55:00	2020-12-11 18:36:00	2020-12-11 19:13:00	B5.0	12791.0	POINT(30 -16)	-16	30	511.0	-298.0
172960	2020-12-12 01:01:00	2020-12-12 01:48:00	2020-12-12 02:04:00	B6.7	12792.0	POINT(-89 -21)	-21	-89	-921.0	-359.0
172970	2020-12-12 06:25:00	2020-12-12 06:30:00	2020-12-12 06:34:00	B1.2	12792.0	POINT(-80 -21)	-21	-80	-894.0	-353.0
172980	2020-12-12 11:02:00	2020-12-12 11:10:00	2020-12-12 11:14:00	B1.3	12792.0	POINT(-78 -21)	-21	-78	-891.0	-350.0
172990	2020-12-12 15:05:00	2020-12-12 15:13:00	2020-12-12 15:21:00	B1.6	12791.0	POINT(43 -16)	-16	43	639.0	-268.0
173000	2020-12-12 16:46:00	2020-12-12 17:59:00	2020-12-12 18:47:00	B1.9	12792.0	POINT(-89 -21)	-21	-89	-916.0	-369.0
173010	2020-12-12 20:29:00	2020-12-12 20:42:00	2020-12-12 20:52:00	B2.3	12792.0	POINT(-75 -19)	-19	-75	-888.0	-325.0
173020	2020-12-13 03:17:00	2020-12-13 03:42:00	2020-12-13 04:09:00	B2.0		POINT(-74 -23)	-23	-74	-858.0	-392.0
173030	2020-12-13 08:45:00	2020-12-13 08:55:00	2020-12-13 09:08:00	B1.4		POINT(-89 -17)	-17	-89	-942.0	-290.0
173040	2020-12-13 19:16:00	2020-12-13 19:21:00	2020-12-13 19:25:00	B3.1	12793.0	POINT(-80 -14)	-14	-80	-936.0	-245.0
173050	2020-12-14 02:12:00	2020-12-14 02:20:00	2020-12-14 02:26:00	B1.3	12792.0	POINT(-58 -27)	-27	-58	-738.0	-439.0
173060	2020-12-14 05:55:00	2020-12-14 05:59:00	2020-12-14 06:04:00	B1.4	12793.0	POINT(-76 -14)	-14	-76	-917.0	-242.0
173070	2020-12-14 06:46:00	2020-12-14 06:57:00	2020-12-14 07:03:00	B1.1	12792.0	POINT(-75 -14)	-14	-75	-915.0	-240.0
173080	2020-12-14 13:40:00	2020-12-14 13:49:00	2020-12-14 13:59:00	B1.4	12792.0	POINT(-52 -23)	-23	-52	-707.0	-387.0
173090	2020-12-14 14:09:00	2020-12-14 14:37:00	2020-12-14 14:56:00	C4.0	12792.0	POINT(-48 -22)	-22	-48	-692.0	-382.0
173100	2020-12-14 18:17:00	2020-12-14 18:24:00	2020-12-14 18:32:00	B2.2	12793.0	POINT(-69 -15)	-15	-69	-881.0	-248.0
173110	2020-12-14 20:08:00	2020-12-14 20:16:00	2020-12-14 20:38:00	B2.4	12793.0	POINT(-67 -15)	-15	-67	-869.0	-261.0
173120	2020-12-14 20:41:00	2020-12-14 20:44:00	2020-12-14 20:56:00	B3.5	12793.0	POINT(-67 -15)	-15	-67	-869.0	-258.0
173130	2020-12-14 22:26:00	2020-12-14 22:33:00	2020-12-14 22:37:00	B2.0	12793.0	POINT(-66 -14)	-14	-66	-863.0	-245.0
173140	2020-12-14 23:13:00	2020-12-14 23:21:00	2020-12-14 23:30:00	B1.7	12793.0	POINT(-67 -15)	-15	-67	-867.0	-261.0
173150	2020-12-15 00:32:00	2020-12-15 00:42:00	2020-12-15 00:48:00	B1.7	12793.0	POINT(-65 -15)	-15	-65	-855.0	-254.0
173160	2020-12-15 00:59:00	2020-12-15 01:10:00	2020-12-15 01:20:00	B5.6	12793.0	POINT(-66 -15)	-15	-66	-860.0	-262.0
173170	2020-12-15 04:19:00	2020-12-15 04:25:00	2020-12-15 04:35:00	B2.5		POINT(-63 -15)	-15	-63	-837.0	-258.0
173180	2020-12-15 05:31:00	2020-12-15 05:37:00	2020-12-15 05:47:00	B1.3		POINT(-40 -21)	-21	-40	-582.0	-354.0
173190	2020-12-15 05:50:00	2020-12-15 05:56:00	2020-12-15 06:05:00	B1.7	12793.0	POINT(-61 -16)	-16	-61	-828.0	-258.0
173200	2020-12-15 07:56:00	2020-12-15 07:59:00	2020-12-15 08:03:00	B1.9		POINT(-60 -15)	-15	-60	-817.0	-254.0
173210	2020-12-15 17:05:00	2020-12-15 17:14:00	2020-12-15 17:21:00	B1.2		POINT(-34 -23)	-23	-34	-509.0	-371.0
173220	2020-12-15 21:37:00	2020-12-15 21:45:00	2020-12-15 21:50:00	B3.2	12793.0	POINT(-51 -16)	-16	-51	-750.0	-239.0
173230	2020-12-15 21:56:00	2020-12-15 22:07:00	2020-12-15 22:17:00	B1.4		POINT(-35 -27)	-27	-35	-501.0	-432.0
173240	2020-12-16 13:29:00	2020-12-16 13:39:00	2020-12-16 13:46:00	B1.8		POINT(-43 -15)	-15	-43	-655.0	-240.0
173250	2020-12-18 17:23:00	2020-12-18 17:30:00	2020-12-18 17:36:00	B2.0	12793.0	POINT(-14 -15)	-15	-14	-236.0	-239.0
173260	2020-12-20 05:49:00	2020-12-20 05:56:00	2020-12-20 06:00:00	B1.1	12793.0	POINT(6 -15)	-15	6	101.0	-235.0
173270	2020-12-21 07:43:00	2020-12-21 07:50:00	2020-12-21 07:56:00	B1.2	12793.0	POINT(20 -17)	-17	20	328.0	-266.0
173280	2020-12-22 07:42:00	2020-12-22 07:54:00	2020-12-22 08:05:00	B1.7	12795.0	POINT(-89 -16)	-16	-89	-943.0	-287.0
173290	2020-12-22 10:04:00	2020-12-22 10:15:00	2020-12-22 10:25:00	B2.5	12795.0	POINT(-89 -16)	-16	-89	-944.0	-288.0
173300	2020-12-22 11:14:00	2020-12-22 11:21:00	2020-12-22 11:27:00	B2.5	12795.0	POINT(-89 -17)	-17	-89	-942.0	-288.0
173310	2020-12-22 11:31:00	2020-12-22 11:39:00	2020-12-22 11:44:00	B2.7	12795.0	POINT(-89 -16)	-16	-89	-942.0	-284.0
173320	2020-12-22 12:19:00	2020-12-22 12:27:00	2020-12-22 12:33:00	B1.5	12795.0	POINT(-89 -16)	-16	-89	-941.0	-286.0
173330	2020-12-22 15:56:00	2020-12-22 16:04:00	2020-12-22 16:09:00	B2.0	12795.0	POINT(-89 -16)	-16	-89	-942.0	-282.0
173340	2020-12-23 05:53:00	2020-12-23 06:08:00	2020-12-23 06:22:00	B3.2	12795.0	POINT(-89 -16)	-16	-89	-935.0	-285.0
173350	2020-12-23 21:46:00	2020-12-23 21:54:00	2020-12-23 22:00:00	B6.1	12795.0	POINT(-72 -16)	-16	-72	-893.0	-266.0
173360	2020-12-24 01:17:00	2020-12-24 01:27:00	2020-12-24 01:34:00	B6.0		POINT(-84 -23)	-23	-84	-893.0	-381.0
173370	2020-12-24 02:18:00	2020-12-24 02:30:00	2020-12-24 02:41:00	B7.3	12795.0	POINT(-71 -17)	-17	-71	-882.0	-287.0
173380	2020-12-24 05:50:00	2020-12-24 05:59:00	2020-12-24 06:06:00	B2.2		POINT(-81 -23)	-23	-81	-884.0	-383.0
173390	2020-12-24 08:08:00	2020-12-24 08:15:00	2020-12-24 08:20:00	B2.1		POINT(-78 -23)	-23	-78	-875.0	-387.0
173400	2020-12-24 22:30:00	2020-12-24 22:40:00	2020-12-24 22:47:00	B1.7	12795.0	POINT(-58 -19)	-19	-58	-784.0	-312.0
173410	2020-12-25 03:57:00	2020-12-25 04:04:00	2020-12-25 04:18:00	B1.6	12795.0	POINT(-55 -20)	-20	-55	-759.0	-318.0
173420	2020-12-25 04:30:00	2020-12-25 04:50:00	2020-12-25 05:13:00	B2.4	12794.0	POINT(-33 -21)	-21	-33	-505.0	-328.0
173430	2020-12-25 14:27:00	2020-12-25 14:54:00	2020-12-25 15:15:00	B2.0		POINT(-62 -24)	-24	-62	-791.0	-384.0
173440	2020-12-26 19:55:00	2020-12-26 20:01:00	2020-12-26 20:05:00	B1.4	12795.0	POINT(-26 -16)	-16	-26	-419.0	-249.0
173450	2020-12-27 02:24:00	2020-12-27 02:29:00	2020-12-27 02:34:00	B1.4	12795.0	POINT(-33 -18)	-18	-33	-511.0	-270.0
173460	2020-12-27 11:29:00	2020-12-27 11:37:00	2020-12-27 11:42:00	B3.4	12795.0	POINT(-29 -19)	-19	-29	-448.0	-288.0
173470	2020-12-27 15:00:00	2020-12-27 15:07:00	2020-12-27 15:11:00	B1.3	12795.0	POINT(-27 -19)	-19	-27	-419.0	-291.0
173480	2020-12-28 08:49:00	2020-12-28 09:01:00	2020-12-28 09:08:00	B1.7	12795.0	POINT(-12 -19)	-19	-12	-191.0	-292.0
173490	2020-12-28 17:09:00	2020-12-28 17:16:00	2020-12-28 17:20:00	B1.1	12795.0	POINT(-12 -18)	-18	-12	-203.0	-269.0
173500	2020-12-29 20:52:00	2020-12-29 21:04:00	2020-12-29 21:08:00	B6.6	12795.0	POINT(5 -16)	-16	5	69.0	-252.0
173510	2020-12-30 02:33:00	2020-12-30 02:39:00	2020-12-30 02:43:00	B1.8	12795.0	POINT(6 -20)	-20	6	106.0	-292.0
173520	2020-12-30 04:15:00	2020-12-30 04:21:00	2020-12-30 04:25:00	B1.1	12795.0	POINT(7 -20)	-20	7	121.0	-290.0
173530	2020-12-30 07:27:00	2020-12-30 07:35:00	2020-12-30 07:48:00	B1.8	12795.0	POINT(14 -18)	-18	14	230.0	-270.0
173540	2020-12-30 09:07:00	2020-12-30 09:13:00	2020-12-30 09:17:00	B1.1		POINT(10 -20)	-20	10	167.0	-295.0
173550	2020-12-30 10:02:00	2020-12-30 10:15:00	2020-12-30 10:23:00	B2.4	12794.0	POINT(39 -19)	-19	39	585.0	-297.0
173560	2020-12-30 10:36:00	2020-12-30 10:43:00	2020-12-30 10:50:00	B2.8		POINT(13 -18)	-18	13	210.0	-271.0
173570	2020-12-30 16:27:00	2020-12-30 16:31:00	2020-12-30 16:35:00	B1.5	12795.0	POINT(13 -19)	-19	13	221.0	-286.0
173580	2020-12-30 21:05:00	2020-12-30 21:12:00	2020-12-30 21:19:00	B1.3	12795.0	POINT(22 -18)	-18	22	350.0	-268.0
173590	2021-01-01 01:46:00	2021-01-01 01:54:00	2021-01-01 01:58:00	B3.1	12795.0	POINT(41 -18)	-18	41	617.0	-278.0
173600	2021-01-01 04:35:00	2021-01-01 04:42:00	2021-01-01 04:46:00	B2.1	12795.0	POINT(44 -19)	-19	44	642.0	-284.0
173610	2021-01-01 14:59:00	2021-01-01 15:04:00	2021-01-01 15:08:00	B1.9	12795.0	POINT(50 -18)	-18	50	711.0	-280.0
173620	2021-01-10 18:30:00	2021-01-10 18:31:00	2021-01-10 18:32:00	A1.0		POINT(-72 -21)	-21	-72	-863.0	-339.0
173630	2021-01-13 12:41:00	2021-01-13 13:02:00	2021-01-13 13:10:00	A4.3		POINT(-28 -21)	-21	-28	-438.0	-290.0
173640	2021-01-17 13:18:00	2021-01-17 13:28:00	2021-01-17 13:35:00	B2.8	12796.0	POINT(26 -22)	-22	26	403.0	-305.0
173650	2021-01-17 23:54:00	2021-01-18 00:01:00	2021-01-18 00:06:00	B1.2	12797.0	POINT(-88 -16)	-16	-88	-941.0	-277.0
173660	2021-01-19 08:39:00	2021-01-19 08:44:00	2021-01-19 08:48:00	B1.5	12798.0	POINT(-71 -16)	-16	-71	-886.0	-249.0
173670	2021-01-19 10:09:00	2021-01-19 10:15:00	2021-01-19 10:21:00	B1.1	12798.0	POINT(-71 -16)	-16	-71	-886.0	-248.0
173680	2021-01-19 10:52:00	2021-01-19 10:55:00	2021-01-19 11:00:00	B1.1	12798.0	POINT(-70 -16)	-16	-70	-882.0	-247.0
173690	2021-01-19 11:09:00	2021-01-19 11:14:00	2021-01-19 11:24:00	B1.1	12798.0	POINT(-71 -16)	-16	-71	-889.0	-247.0
173700	2021-01-19 17:46:00	2021-01-19 17:54:00	2021-01-19 17:59:00	C1.0	12798.0	POINT(-66 -16)	-16	-66	-856.0	-245.0
173710	2021-01-19 19:13:00	2021-01-19 19:19:00	2021-01-19 19:24:00	B1.3	12798.0	POINT(-66 -16)	-16	-66	-858.0	-247.0
173720	2021-01-19 19:26:00	2021-01-19 19:33:00	2021-01-19 19:41:00	B2.6	12798.0	POINT(-65 -16)	-16	-65	-849.0	-246.0
173730	2021-01-19 20:25:00	2021-01-19 20:41:00	2021-01-19 20:45:00	B4.1	12798.0	POINT(-64 -16)	-16	-64	-841.0	-241.0
173740	2021-01-19 22:43:00	2021-01-19 22:52:00	2021-01-19 22:58:00	B1.7	12798.0	POINT(-62 -16)	-16	-62	-825.0	-242.0
173750	2021-01-20 01:03:00	2021-01-20 01:13:00	2021-01-20 01:18:00	B7.0	12798.0	POINT(-61 -16)	-16	-61	-821.0	-244.0
173760	2021-01-20 06:08:00	2021-01-20 06:13:00	2021-01-20 06:21:00	B1.8	12798.0	POINT(-59 -16)	-16	-59	-806.0	-236.0
173770	2021-01-20 06:37:00	2021-01-20 06:56:00	2021-01-20 06:59:00	B1.7	12798.0	POINT(-57 -16)	-16	-57	-788.0	-236.0
173780	2021-01-20 09:49:00	2021-01-20 09:52:00	2021-01-20 09:58:00	B1.6	12798.0	POINT(-57 -16)	-16	-57	-787.0	-234.0
173790	2021-01-20 10:01:00	2021-01-20 10:11:00	2021-01-20 10:23:00	B7.0	12798.0	POINT(-56 -17)	-17	-56	-782.0	-236.0
173800	2021-01-20 12:35:00	2021-01-20 12:53:00	2021-01-20 12:59:00	C1.4	12798.0	POINT(-51 -19)	-19	-51	-743.0	-243.0
173810	2021-01-20 17:29:00	2021-01-20 17:33:00	2021-01-20 17:39:00	B3.1	12798.0	POINT(-85 -44)	-44	-85	-1229.0	-1229.0
173820	2021-01-20 18:25:00	2021-01-20 18:29:00	2021-01-20 18:34:00	B2.0	12798.0	POINT(-52 -17)	-17	-52	-738.0	-236.0
173830	2021-01-20 19:27:00	2021-01-20 19:36:00	2021-01-20 19:44:00	B1.1	12798.0	POINT(-51 -17)	-17	-51	-730.0	-236.0
173840	2021-01-20 23:54:00	2021-01-21 00:06:00	2021-01-21 00:16:00	B2.6	12798.0	POINT(-49 -18)	-18	-49	-705.0	-252.0
173850	2021-01-21 02:02:00	2021-01-21 02:28:00	2021-01-21 02:46:00	B3.9	12798.0	POINT(-48 -18)	-18	-48	-693.0	-255.0
173860	2021-01-21 03:27:00	2021-01-21 03:37:00	2021-01-21 03:54:00	B1.4	12798.0	POINT(-47 -17)	-17	-47	-683.0	-233.0
173870	2021-01-21 04:34:00	2021-01-21 04:40:00	2021-01-21 04:54:00	B1.5	12798.0	POINT(-46 -17)	-17	-46	-677.0	-240.0
173880	2021-01-21 05:21:00	2021-01-21 05:28:00	2021-01-21 05:35:00	B2.0	12798.0	POINT(-44 -17)	-17	-44	-651.0	-226.0
173890	2021-01-21 09:17:00	2021-01-21 09:24:00	2021-01-21 09:29:00	B1.1	12798.0	POINT(-44 -17)	-17	-44	-647.0	-236.0
173900	2021-01-21 09:47:00	2021-01-21 09:59:00	2021-01-21 10:05:00	B5.4	12798.0	POINT(-42 -18)	-18	-42	-641.0	-234.0
173910	2021-01-21 10:27:00	2021-01-21 10:30:00	2021-01-21 10:36:00	B3.3	12798.0	POINT(-42 -18)	-18	-42	-627.0	-242.0
173920	2021-01-21 12:34:00	2021-01-21 12:47:00	2021-01-21 12:50:00	B1.3	12798.0	POINT(-42 -17)	-17	-42	-623.0	-231.0
173930	2021-01-21 12:50:00	2021-01-21 12:53:00	2021-01-21 12:58:00	B3.1	12798.0	POINT(-41 -18)	-18	-41	-622.0	-233.0
173940	2021-01-21 14:59:00	2021-01-21 15:05:00	2021-01-21 15:12:00	B1.2	12798.0	POINT(-40 -17)	-17	-40	-605.0	-230.0
173950	2021-01-21 21:59:00	2021-01-21 22:12:00	2021-01-21 22:22:00	B2.3	12798.0	POINT(-34 -17)	-17	-34	-521.0	-285.0
173960	2021-01-21 22:42:00	2021-01-21 22:51:00	2021-01-21 23:09:00	B1.3	12798.0	POINT(-32 -16)	-16	-32	-497.0	-206.0
173970	2021-01-22 09:37:00	2021-01-22 09:42:00	2021-01-22 09:53:00	B1.5	12798.0	POINT(-28 -17)	-17	-28	-440.0	-216.0
173980	2021-01-23 00:05:00	2021-01-23 00:42:00	2021-01-23 01:30:00	B1.3	12798.0	POINT(-22 -20)	-20	-22	-349.0	-254.0
173990	2021-01-23 23:34:00	2021-01-23 23:53:00	2021-01-24 00:18:00	B3.0	12798.0	POINT(-9 -17)	-17	-9	-131.0	-240.0
174000	2021-01-25 02:25:00	2021-01-25 02:40:00	2021-01-25 02:57:00	B1.5	12799.0	POINT(59 23)	23	59	774.0	424.0
174010	2021-01-25 06:31:00	2021-01-25 06:41:00	2021-01-25 06:48:00	B5.0	12799.0	POINT(60 22)	22	60	783.0	417.0
174020	2021-01-25 08:08:00	2021-01-25 08:19:00	2021-01-25 08:26:00	B2.2	12799.0	POINT(61 24)	24	61	783.0	437.0
174030	2021-01-25 11:20:00	2021-01-25 11:28:00	2021-01-25 11:32:00	B1.6	12799.0	POINT(64 22)	22	64	811.0	406.0
174040	2021-01-26 23:00:00	2021-01-26 23:08:00	2021-01-26 23:16:00	B1.3	12799.0	POINT(87 23)	23	87	905.0	392.0
174050	2021-01-28 22:58:00	2021-01-28 23:08:00	2021-01-28 23:16:00	B3.4	12800.0	POINT(30 18)	18	30	505.0	395.0
174060	2021-01-29 09:41:00	2021-01-29 09:55:00	2021-01-29 10:08:00	B2.5	12800.0	POINT(38 17)	17	38	584.0	372.0
174070	2021-01-29 20:05:00	2021-01-29 20:16:00	2021-01-29 20:27:00	B3.8	12800.0	POINT(44 19)	19	44	650.0	385.0
174080	2021-02-02 13:46:00	2021-02-02 13:53:00	2021-02-02 14:00:00	B1.0	12801.0	POINT(64 16)	16	64	844.0	325.0
174090	2021-02-10 11:42:00	2021-02-10 12:06:00	2021-02-10 12:17:00	B5.7		POINT(-49 -31)	-31	-49	-629.0	-438.0
174100	2021-02-18 11:45:00	2021-02-18 11:53:00	2021-02-18 11:58:00	B1.2	12803.0	POINT(-86 22)	22	-86	-902.0	381.0
174110	2021-02-18 13:25:00	2021-02-18 13:29:00	2021-02-18 13:37:00	B1.0	12803.0	POINT(-86 22)	22	-86	-899.0	379.0
174120	2021-02-18 19:56:00	2021-02-18 20:47:00	2021-02-18 21:09:00	B1.3	12803.0	POINT(-86 24)	24	-86	-897.0	417.0
174130	2021-02-19 08:53:00	2021-02-19 09:01:00	2021-02-19 09:08:00	B1.8	12803.0	POINT(-74 23)	23	-74	-859.0	410.0
174140	2021-02-19 14:40:00	2021-02-19 14:47:00	2021-02-19 14:51:00	B1.1	12803.0	POINT(-74 24)	24	-74	-847.0	433.0
174150	2021-02-20 11:47:00	2021-02-20 11:53:00	2021-02-20 11:58:00	B1.1	12803.0	POINT(-57 22)	22	-57	-758.0	431.0
174160	2021-02-22 17:02:00	2021-02-22 17:07:00	2021-02-22 17:13:00	B4.5	12804.0	POINT(1 19)	19	1	22.0	434.0
174170	2021-02-22 21:19:00	2021-02-22 21:29:00	2021-02-22 21:36:00	B5.4	12804.0	POINT(3 19)	19	3	54.0	431.0
174180	2021-02-22 22:34:00	2021-02-22 22:39:00	2021-02-22 22:50:00	B1.5	12804.0	POINT(4 19)	19	4	78.0	435.0
174190	2021-02-23 00:11:00	2021-02-23 00:16:00	2021-02-23 00:23:00	B3.3	12804.0	POINT(4 19)	19	4	91.0	431.0
174200	2021-02-23 05:18:00	2021-02-23 05:34:00	2021-02-23 05:50:00	B1.8	12805.0	POINT(2 -23)	-23	2	35.0	-278.0
174210	2021-02-23 07:01:00	2021-02-23 07:06:00	2021-02-23 07:14:00	B1.7	12804.0	POINT(9 19)	19	9	154.0	437.0
174220	2021-02-23 09:20:00	2021-02-23 09:24:00	2021-02-23 09:36:00	B1.0	12804.0	POINT(11 18)	18	11	177.0	414.0
174230	2021-02-23 10:16:00	2021-02-23 10:24:00	2021-02-23 10:30:00	B1.2	12804.0	POINT(11 18)	18	11	189.0	412.0
174240	2021-02-23 14:18:00	2021-02-23 14:27:00	2021-02-23 14:32:00	B1.9	12805.0	POINT(7 -23)	-23	7	109.0	-279.0
174250	2021-02-23 14:48:00	2021-02-23 14:52:00	2021-02-23 14:58:00	B1.8	12804.0	POINT(12 18)	18	12	206.0	421.0
174260	2021-02-23 19:50:00	2021-02-23 19:59:00	2021-02-23 20:03:00	B1.8	12804.0	POINT(15 18)	18	15	251.0	422.0
174270	2021-02-24 11:03:00	2021-02-24 11:23:00	2021-02-24 11:32:00	B2.6	12804.0	POINT(25 19)	19	25	395.0	429.0
174280	2021-02-24 14:41:00	2021-02-24 14:47:00	2021-02-24 15:00:00	B1.6	12804.0	POINT(27 18)	18	27	431.0	405.0
174290	2021-02-24 17:37:00	2021-02-24 17:44:00	2021-02-24 17:49:00	B1.7	12804.0	POINT(30 19)	19	30	461.0	426.0
174300	2021-02-24 17:54:00	2021-02-24 18:01:00	2021-02-24 18:08:00	B2.3	12804.0	POINT(30 19)	19	30	461.0	416.0
174310	2021-02-24 19:31:00	2021-02-24 19:39:00	2021-02-24 19:47:00	B1.9	12804.0	POINT(31 19)	19	31	475.0	417.0
174320	2021-02-24 20:59:00	2021-02-24 21:06:00	2021-02-24 21:10:00	B1.1	12804.0	POINT(30 18)	18	30	463.0	402.0
174330	2021-02-25 00:00:00	2021-02-25 00:07:00	2021-02-25 00:15:00	B2.4	12804.0	POINT(34 19)	19	34	513.0	415.0
174340	2021-02-25 00:42:00	2021-02-25 00:52:00	2021-02-25 00:56:00	B3.4	12804.0	POINT(34 19)	19	34	515.0	423.0
174350	2021-02-25 03:08:00	2021-02-25 03:22:00	2021-02-25 03:35:00	B2.7	12804.0	POINT(36 21)	21	36	541.0	442.0
174360	2021-02-25 04:31:00	2021-02-25 04:43:00	2021-02-25 04:54:00	B1.8	12804.0	POINT(35 19)	19	35	528.0	412.0
174370	2021-02-25 05:26:00	2021-02-25 05:32:00	2021-02-25 05:36:00	B2.3	12804.0	POINT(35 19)	19	35	538.0	413.0
174380	2021-02-25 05:44:00	2021-02-25 05:52:00	2021-02-25 05:57:00	B1.3		POINT(37 20)	20	37	555.0	424.0
174390	2021-02-25 06:28:00	2021-02-25 06:37:00	2021-02-25 06:43:00	B4.6	12804.0	POINT(35 18)	18	35	536.0	384.0
174400	2021-02-25 09:31:00	2021-02-25 09:39:00	2021-02-25 09:46:00	B1.3	12804.0	POINT(39 19)	19	39	580.0	404.0
174410	2021-02-25 09:46:00	2021-02-25 09:51:00	2021-02-25 09:58:00	B1.6	12804.0	POINT(39 19)	19	39	580.0	407.0
174420	2021-02-25 13:43:00	2021-02-25 13:47:00	2021-02-25 13:53:00	B1.1	12804.0	POINT(41 18)	18	41	604.0	299.0
174430	2021-02-25 14:01:00	2021-02-25 14:06:00	2021-02-25 14:08:00	B1.0	12804.0	POINT(41 19)	19	41	601.0	315.0
174440	2021-02-25 14:08:00	2021-02-25 14:16:00	2021-02-25 14:21:00	B3.7	12804.0	POINT(41 19)	19	41	606.0	412.0
174450	2021-02-25 15:47:00	2021-02-25 15:55:00	2021-02-25 15:59:00	B1.0	12804.0	POINT(41 19)	19	41	601.0	315.0
174460	2021-02-26 01:25:00	2021-02-26 01:35:00	2021-02-26 01:37:00	B1.1	12804.0	POINT(38 -24)	-24	38	554.0	-309.0
174470	2021-02-26 01:37:00	2021-02-26 01:41:00	2021-02-26 01:47:00	B1.2	12804.0	POINT(39 -23)	-23	39	561.0	-300.0
174480	2021-02-26 04:41:00	2021-02-26 04:47:00	2021-02-26 06:17:00	B1.2	12804.0	POINT(48 20)	20	48	685.0	405.0
174490	2021-02-26 06:17:00	2021-02-26 06:20:00	2021-02-26 06:31:00	B1.4	12804.0	POINT(49 18)	18	49	699.0	374.0
174500	2021-02-26 07:02:00	2021-02-26 07:25:00	2021-02-26 07:48:00	B9.5	12805.0	POINT(46 -21)	-21	46	615.0	-303.0
174510	2021-02-26 19:33:00	2021-02-26 19:38:00	2021-02-26 19:42:00	B1.8	12804.0	POINT(52 19)	19	52	767.0	374.0
174520	2021-02-27 00:38:00	2021-02-27 00:46:00	2021-02-27 00:49:00	B1.0		POINT(54 21)	21	54	736.0	414.0
174530	2021-02-27 00:49:00	2021-02-27 00:54:00	2021-02-27 00:58:00	B2.6		POINT(54 21)	21	54	735.0	418.0
174540	2021-02-27 09:36:00	2021-02-27 09:49:00	2021-02-27 09:55:00	B2.9		POINT(59 21)	21	59	777.0	406.0
174550	2021-02-27 10:51:00	2021-02-27 10:56:00	2021-02-27 11:00:00	B1.3		POINT(59 20)	20	59	784.0	396.0
174560	2021-02-27 12:44:00	2021-02-27 12:51:00	2021-02-27 12:56:00	B1.4		POINT(59 -23)	-23	59	765.0	-321.0
174570	2021-02-27 15:13:00	2021-02-27 15:22:00	2021-02-27 15:28:00	B1.9		POINT(62 21)	21	62	798.0	347.0
174580	2021-02-27 17:22:00	2021-02-27 17:31:00	2021-02-27 17:35:00	B1.5		POINT(63 20)	20	63	811.0	331.0
174590	2021-02-27 17:51:00	2021-02-27 18:00:00	2021-02-27 18:05:00	C2.7	12804.0	POINT(63 23)	23	63	813.0	387.0
174600	2021-02-28 00:04:00	2021-02-28 00:11:00	2021-02-28 00:16:00	B1.4		POINT(66 20)	20	66	830.0	388.0
174610	2021-02-28 06:40:00	2021-02-28 06:46:00	2021-02-28 06:51:00	C3.9	12804.0	POINT(76 20)	20	76	854.0	374.0
174620	2021-02-28 18:01:00	2021-02-28 18:10:00	2021-02-28 18:24:00	B1.1	12804.0	POINT(87 20)	20	87	911.0	344.0
174630	2021-02-28 18:54:00	2021-02-28 18:58:00	2021-02-28 19:06:00	B1.1	12804.0	POINT(87 20)	20	87	912.0	343.0
174640	2021-02-28 20:32:00	2021-02-28 20:39:00	2021-02-28 20:46:00	B1.1	12804.0	POINT(79 20)	20	79	891.0	358.0
174650	2021-02-28 21:10:00	2021-02-28 21:18:00	2021-02-28 21:25:00	B1.1	12804.0	POINT(87 19)	19	87	918.0	329.0
174660	2021-03-01 00:11:00	2021-03-01 00:15:00	2021-03-01 00:19:00	B1.1		POINT(87 14)	14	87	938.0	234.0
174670	2021-03-01 01:00:00	2021-03-01 01:09:00	2021-03-01 01:13:00	B2.0		POINT(87 14)	14	87	938.0	234.0
174680	2021-03-01 02:37:00	2021-03-01 02:46:00	2021-03-01 02:51:00	B1.7		POINT(87 14)	14	87	938.0	234.0
174690	2021-03-01 05:01:00	2021-03-01 05:11:00	2021-03-01 05:15:00	B2.0		POINT(86 20)	20	86	907.0	331.0
174700	2021-03-01 06:39:00	2021-03-01 06:43:00	2021-03-01 06:47:00	B1.9	12804.0	POINT(87 14)	14	87	938.0	234.0
174710	2021-03-01 08:02:00	2021-03-01 08:09:00	2021-03-01 08:14:00	B2.2	12804.0	POINT(87 13)	13	87	942.0	217.0
174720	2021-03-01 13:07:00	2021-03-01 13:39:00	2021-03-01 14:15:00	B1.5	12804.0	POINT(87 19)	19	87	914.0	315.0
174730	2021-03-02 16:18:00	2021-03-02 16:27:00	2021-03-02 16:36:00	B1.9		POINT(-48 -18)	-18	-48	-684.0	-299.0
174740	2021-03-02 18:19:00	2021-03-02 18:22:00	2021-03-02 18:26:00	B1.3	12807.0	POINT(-46 -19)	-19	-46	-658.0	-315.0
174750	2021-03-02 23:53:00	2021-03-03 00:03:00	2021-03-03 00:07:00	C1.2	12807.0	POINT(-43 -16)	-16	-43	-634.0	-266.0
174760	2021-03-03 00:56:00	2021-03-03 01:01:00	2021-03-03 01:05:00	B1.4	12807.0	POINT(-43 -19)	-19	-43	-624.0	-315.0
174770	2021-03-03 01:29:00	2021-03-03 01:34:00	2021-03-03 01:38:00	B1.6	12807.0	POINT(-42 -19)	-19	-42	-612.0	-315.0
174780	2021-03-03 01:50:00	2021-03-03 01:53:00	2021-03-03 01:57:00	B5.1	12807.0	POINT(-42 -19)	-19	-42	-612.0	-315.0
174790	2021-03-03 02:20:00	2021-03-03 02:22:00	2021-03-03 02:29:00	B1.2	12807.0	POINT(-42 -19)	-19	-42	-612.0	-315.0
174800	2021-03-03 02:52:00	2021-03-03 03:02:00	2021-03-03 03:11:00	B1.3	12807.0	POINT(-42 -19)	-19	-42	-612.0	-315.0
174810	2021-03-03 03:40:00	2021-03-03 03:43:00	2021-03-03 03:47:00	B3.0	12807.0	POINT(-41 -19)	-19	-41	-600.0	-315.0
174820	2021-03-03 13:10:00	2021-03-03 13:20:00	2021-03-03 13:26:00	B1.4	12807.0	POINT(-37 -18)	-18	-37	-554.0	-299.0
174830	2021-03-05 10:03:00	2021-03-05 10:10:00	2021-03-05 10:14:00	B1.8		POINT(-85 29)	29	-85	-842.0	469.0
174840	2021-03-05 14:25:00	2021-03-05 14:33:00	2021-03-05 14:37:00	B1.7		POINT(-85 30)	30	-85	-834.0	483.0
174850	2021-03-05 16:14:00	2021-03-05 16:22:00	2021-03-05 16:28:00	B1.7		POINT(-85 28)	28	-85	-850.0	454.0
174860	2021-03-06 19:23:00	2021-03-06 19:33:00	2021-03-06 19:40:00	B1.6		POINT(51 -32)	-32	51	637.0	-512.0
174870	2021-03-06 21:50:00	2021-03-06 21:58:00	2021-03-06 22:04:00	B1.0		POINT(52 -31)	-31	52	653.0	-498.0
174880	2021-03-07 01:17:00	2021-03-07 01:33:00	2021-03-07 02:05:00	B3.2	12806.0	POINT(54 -31)	-31	54	670.0	-498.0
174890	2021-03-07 03:15:00	2021-03-07 03:28:00	2021-03-07 03:39:00	B2.0		POINT(55 -31)	-31	55	679.0	-498.0
174900	2021-03-07 07:05:00	2021-03-07 07:12:00	2021-03-07 07:23:00	B1.1	12806.0	POINT(57 -32)	-32	57	687.0	-512.0
174910	2021-03-07 07:31:00	2021-03-07 07:38:00	2021-03-07 07:42:00	B1.9	12806.0	POINT(56 -31)	-31	56	687.0	-498.0
174920	2021-03-07 17:10:00	2021-03-07 17:19:00	2021-03-07 17:24:00	B1.4	12806.0	POINT(-86 -28)	-28	-86	-851.0	-453.0
174930	2021-03-08 03:03:00	2021-03-08 03:11:00	2021-03-08 03:20:00	B1.3	12806.0	POINT(69 -31)	-31	69	773.0	-497.0
174940	2021-03-09 04:24:00	2021-03-09 04:30:00	2021-03-09 08:32:00	B1.0	12806.0	POINT(86 -31)	-31	86	826.0	-497.0
174950	2021-03-09 08:32:00	2021-03-09 08:37:00	2021-03-09 08:43:00	B1.1	12808.0	POINT(-87 17)	17	-87	-923.0	282.0
174960	2021-03-09 12:15:00	2021-03-09 12:35:00	2021-03-09 12:42:00	C1.6	12808.0	POINT(-87 18)	18	-87	-917.0	298.0
174970	2021-03-09 16:23:00	2021-03-09 16:26:00	2021-03-09 16:30:00	B2.2	12807.0	POINT(-87 19)	19	-87	-912.0	314.0
174980	2021-03-09 17:26:00	2021-03-09 17:29:00	2021-03-09 17:33:00	B1.7	12807.0	POINT(46 -19)	-19	46	657.0	-314.0
174990	2021-03-10 02:12:00	2021-03-10 02:17:00	2021-03-10 02:27:00	B1.0	12808.0	POINT(-75 17)	17	-75	-892.0	282.0
175000	2021-03-11 11:33:00	2021-03-11 11:37:00	2021-03-11 11:41:00	B1.4	12808.0	POINT(-4 30)	30	-4	-58.0	482.0
175010	2021-03-12 18:56:00	2021-03-12 19:04:00	2021-03-12 19:13:00	B2.5	12808.0	POINT(-39 22)	22	-39	-563.0	361.0
175020	2021-03-15 09:55:00	2021-03-15 10:05:00	2021-03-15 10:09:00	B3.0	12808.0	POINT(-2 21)	21	-2	-31.0	345.0
175030	2021-03-16 20:09:00	2021-03-16 20:26:00	2021-03-16 20:40:00	B3.2	12808.0	POINT(17 19)	19	17	266.0	314.0
175040	2021-03-20 14:29:00	2021-03-20 14:36:00	2021-03-20 14:47:00	B1.0	12811.0	POINT(-87 16)	16	-87	-924.0	265.0
175050	2021-03-20 15:31:00	2021-03-20 15:50:00	2021-03-20 16:10:00	B2.1	12811.0	POINT(-87 18)	18	-87	-915.0	297.0
175060	2021-03-20 23:22:00	2021-03-20 23:39:00	2021-03-20 23:51:00	B1.5	12811.0	POINT(-80 23)	23	-80	-873.0	376.0
175070	2021-03-21 15:30:00	2021-03-21 15:38:00	2021-03-21 15:43:00	B1.3		POINT(-87 18)	18	-87	-914.0	297.0
175080	2021-03-21 16:09:00	2021-03-21 16:18:00	2021-03-21 16:27:00	B1.2	12811.0	POINT(-14 10)	10	-14	-229.0	167.0
175090	2021-03-21 18:05:00	2021-03-21 18:18:00	2021-03-21 18:31:00	B1.6		POINT(-87 17)	17	-87	-919.0	281.0
175100	2021-03-21 18:51:00	2021-03-21 19:01:00	2021-03-21 19:14:00	B1.3	12810.0	POINT(-2 24)	24	-2	-30.0	391.0
175110	2021-03-21 21:37:00	2021-03-21 21:46:00	2021-03-21 21:55:00	B1.2	12811.0	POINT(-66 21)	21	-66	-821.0	345.0
175120	2021-03-22 01:10:00	2021-03-22 01:39:00	2021-03-22 01:59:00	B5.6	12810.0	POINT(2 23)	23	2	30.0	376.0
175130	2021-03-22 18:25:00	2021-03-22 18:40:00	2021-03-22 18:52:00	B1.5	12811.0	POINT(-51 20)	20	-51	-703.0	329.0
175140	2021-03-22 20:33:00	2021-03-22 20:40:00	2021-03-22 20:44:00	B1.8	12811.0	POINT(-50 20)	20	-50	-693.0	329.0
175150	2021-03-22 21:23:00	2021-03-22 21:28:00	2021-03-22 21:37:00	B1.0	12811.0	POINT(-50 21)	21	-50	-688.0	345.0
175160	2021-03-23 16:38:00	2021-03-23 16:42:00	2021-03-23 16:48:00	B1.2	12811.0	POINT(-39 20)	20	-39	-569.0	329.0
175170	2021-03-23 20:31:00	2021-03-23 20:34:00	2021-03-23 20:39:00	B1.2	12811.0	POINT(-36 19)	19	-36	-535.0	313.0
175180	2021-03-23 22:16:00	2021-03-23 22:26:00	2021-03-23 22:31:00	B1.2	12811.0	POINT(-36 19)	19	-36	-534.0	313.0
175190	2021-03-24 00:07:00	2021-03-24 00:12:00	2021-03-24 00:33:00	B1.1	12811.0	POINT(-32 20)	20	-32	-479.0	329.0
175200	2021-03-24 04:01:00	2021-03-24 04:07:00	2021-03-24 04:12:00	B1.7	12811.0	POINT(-32 20)	20	-32	-479.0	329.0
175210	2021-03-24 21:52:00	2021-03-24 22:00:00	2021-03-24 22:05:00	B3.0	12812.0	POINT(-46 22)	22	-46	-641.0	360.0
175220	2021-03-25 15:07:00	2021-03-25 15:19:00	2021-03-25 15:28:00	B8.3	12812.0	POINT(-37 21)	21	-37	-540.0	344.0
175230	2021-03-25 15:52:00	2021-03-25 16:03:00	2021-03-25 16:21:00	B1.5	12812.0	POINT(50 21)	21	50	688.0	344.0
175240	2021-03-25 16:41:00	2021-03-25 16:52:00	2021-03-25 17:01:00	B1.8	12810.0	POINT(-36 22)	22	-36	-524.0	360.0
175250	2021-03-25 21:42:00	2021-03-25 21:49:00	2021-03-25 21:56:00	B1.0	12812.0	POINT(-33 22)	22	-33	-485.0	360.0
175260	2021-03-26 13:47:00	2021-03-26 13:56:00	2021-03-26 14:08:00	B1.2	12812.0	POINT(0 21)	21	0	0.0	344.0
175270	2021-03-27 20:34:00	2021-03-27 20:38:00	2021-03-27 20:42:00	B1.2	12812.0	POINT(-5 19)	19	-5	-79.0	313.0
175280	2021-03-30 19:46:00	2021-03-30 20:05:00	2021-03-30 20:18:00	B7.4	12811.0	POINT(53 23)	23	53	706.0	375.0
175290	2021-03-30 20:54:00	2021-03-30 21:02:00	2021-03-30 21:11:00	B1.0	12811.0	POINT(59 21)	21	59	768.0	344.0
175300	2021-04-06 12:43:00	2021-04-06 12:45:00	2021-04-06 12:47:00	A1.2		POINT(86 -29)	-29	86	840.0	-479.0
175310	2021-04-12 19:43:00	2021-04-12 19:53:00	2021-04-12 19:56:00	B2.5	12814.0	POINT(-12 -21)	-21	-12	-193.0	-260.0
175320	2021-04-12 19:56:00	2021-04-12 20:04:00	2021-04-12 20:15:00	B8.4	12814.0	POINT(-13 -21)	-21	-13	-177.0	-277.0
175330	2021-04-12 22:38:00	2021-04-12 22:49:00	2021-04-12 22:57:00	B2.0	12814.0	POINT(-11 -21)	-21	-11	-156.0	-273.0
175340	2021-04-12 22:57:00	2021-04-12 23:00:00	2021-04-12 23:04:00	B1.9	12814.0	POINT(-9 -23)	-23	-9	-152.0	-288.0
175350	2021-04-13 01:06:00	2021-04-13 01:18:00	2021-04-13 01:22:00	B5.9	12814.0	POINT(-9 -21)	-21	-9	-145.0	-259.0
175360	2021-04-13 01:39:00	2021-04-13 01:52:00	2021-04-13 01:58:00	B5.6	12814.0	POINT(-8 -21)	-21	-8	-137.0	-257.0
175370	2021-04-13 12:38:00	2021-04-13 12:47:00	2021-04-13 12:51:00	B2.7	12814.0	POINT(-3 -21)	-21	-3	-49.0	-255.0
175380	2021-04-14 03:57:00	2021-04-14 04:08:00	2021-04-14 04:15:00	B1.3		POINT(-87 -23)	-23	-87	-884.0	-391.0
175390	2021-04-14 04:58:00	2021-04-14 05:06:00	2021-04-14 05:12:00	B1.5		POINT(-87 -23)	-23	-87	-885.0	-389.0
175400	2021-04-14 06:52:00	2021-04-14 06:58:00	2021-04-14 07:10:00	B2.3		POINT(-87 -23)	-23	-87	-884.0	-393.0
175410	2021-04-15 00:02:00	2021-04-15 00:10:00	2021-04-15 00:14:00	B1.7		POINT(-87 -22)	-22	-87	-890.0	-366.0
175420	2021-04-15 10:51:00	2021-04-15 10:58:00	2021-04-15 11:04:00	B1.0		POINT(-87 -24)	-24	-87	-866.0	-396.0
175430	2021-04-15 15:23:00	2021-04-15 15:30:00	2021-04-15 15:39:00	B1.4		POINT(70 -27)	-27	70	796.0	-416.0
175440	2021-04-16 02:05:00	2021-04-16 02:15:00	2021-04-16 02:21:00	B1.2		POINT(-76 -22)	-22	-76	-860.0	-358.0
175450	2021-04-16 10:39:00	2021-04-16 10:47:00	2021-04-16 10:52:00	B1.6	12816.0	POINT(-70 -22)	-22	-70	-833.0	-337.0
175460	2021-04-16 17:17:00	2021-04-16 17:25:00	2021-04-16 17:31:00	B1.6	12814.0	POINT(40 -22)	-22	40	572.0	-297.0
175470	2021-04-16 17:38:00	2021-04-16 17:45:00	2021-04-16 17:51:00	B1.2	12814.0	POINT(40 -22)	-22	40	575.0	-299.0
175480	2021-04-16 17:57:00	2021-04-16 18:10:00	2021-04-16 18:15:00	B3.4	12814.0	POINT(41 -22)	-22	41	579.0	-306.0
175490	2021-04-16 19:32:00	2021-04-16 19:40:00	2021-04-16 19:46:00	B1.3	12815.0	POINT(19 -21)	-21	19	290.0	-269.0
175500	2021-04-16 21:05:00	2021-04-16 21:09:00	2021-04-16 21:14:00	B1.1	12816.0	POINT(-65 -23)	-23	-65	-796.0	-344.0
175510	2021-04-17 15:52:00	2021-04-17 16:08:00	2021-04-17 16:16:00	B1.3		POINT(-88 -20)	-20	-88	-908.0	-347.0
175520	2021-04-17 16:21:00	2021-04-17 17:17:00	2021-04-17 18:25:00	B9.7		POINT(-88 -21)	-21	-88	-904.0	-348.0
175530	2021-04-17 23:23:00	2021-04-17 23:35:00	2021-04-17 23:44:00	B1.2	12816.0	POINT(34 -21)	-21	34	506.0	-288.0
175540	2021-04-17 23:49:00	2021-04-18 00:00:00	2021-04-18 00:04:00	B4.1	12814.0	POINT(-50 -24)	-24	-50	-675.0	-342.0
175550	2021-04-18 08:12:00	2021-04-18 08:16:00	2021-04-18 08:21:00	B1.5	12816.0	POINT(-49 -25)	-25	-49	-639.0	-345.0
175560	2021-04-18 09:23:00	2021-04-18 09:33:00	2021-04-18 09:38:00	B2.3		POINT(-46 -24)	-24	-46	-630.0	-342.0
175570	2021-04-18 10:02:00	2021-04-18 10:07:00	2021-04-18 10:11:00	B1.2		POINT(-46 -24)	-24	-46	-628.0	-342.0
175580	2021-04-18 11:05:00	2021-04-18 11:12:00	2021-04-18 11:20:00	B1.4		POINT(-45 -24)	-24	-45	-622.0	-341.0
175590	2021-04-18 12:25:00	2021-04-18 12:37:00	2021-04-18 12:53:00	B3.8		POINT(-43 -23)	-23	-43	-602.0	-328.0
175600	2021-04-18 20:49:00	2021-04-18 20:53:00	2021-04-18 20:58:00	B1.7	12016.0	POINT(-37 -24)	-24	-37	-534.0	-327.0
175610	2021-04-19 02:47:00	2021-04-19 02:53:00	2021-04-19 02:59:00	B1.2		POINT(-88 -15)	-15	-88	-929.0	-264.0
175620	2021-04-19 04:08:00	2021-04-19 04:15:00	2021-04-19 04:20:00	B1.0		POINT(-35 -24)	-24	-35	-500.0	-388.0
175630	2021-04-19 04:44:00	2021-04-19 04:47:00	2021-04-19 04:52:00	B1.0		POINT(-34 -24)	-24	-34	-494.0	-327.0
175640	2021-04-19 05:11:00	2021-04-19 05:19:00	2021-04-19 05:25:00	B2.7		POINT(-34 -24)	-24	-34	-498.0	-327.0
175650	2021-04-19 07:34:00	2021-04-19 07:40:00	2021-04-19 07:44:00	B1.4		POINT(-88 -15)	-15	-88	-926.0	-252.0
175660	2021-04-19 09:14:00	2021-04-19 09:28:00	2021-04-19 09:48:00	B2.8		POINT(38 16)	16	38	567.0	344.0
175670	2021-04-19 13:55:00	2021-04-19 13:59:00	2021-04-19 14:04:00	B3.1	12817.0	POINT(41 18)	18	41	611.0	339.0
175680	2021-04-19 16:35:00	2021-04-19 16:44:00	2021-04-19 16:48:00	B5.4	12817.0	POINT(43 18)	18	43	621.0	332.0
175690	2021-04-19 17:51:00	2021-04-19 17:59:00	2021-04-19 18:03:00	B3.3		POINT(44 17)	17	44	641.0	339.0
175700	2021-04-19 18:21:00	2021-04-19 18:27:00	2021-04-19 18:43:00	B2.5		POINT(44 16)	16	44	643.0	335.0
175710	2021-04-19 18:59:00	2021-04-19 19:06:00	2021-04-19 19:08:00	B2.5	12817.0	POINT(44 18)	18	44	653.0	330.0
175720	2021-04-19 21:10:00	2021-04-19 21:19:00	2021-04-19 21:25:00	B8.0	12816.0	POINT(-26 -24)	-24	-26	-363.0	-320.0
175730	2021-04-19 22:04:00	2021-04-19 22:15:00	2021-04-19 22:26:00	B6.7	12817.0	POINT(44 18)	18	44	657.0	325.0
175740	2021-04-19 23:19:00	2021-04-19 23:42:00	2021-04-19 23:59:00	M1.1	12816.0	POINT(-25 -24)	-24	-25	-348.0	-326.0
175750	2021-04-20 10:38:00	2021-04-20 10:44:00	2021-04-20 10:51:00	B5.0	12817.0	POINT(54 18)	18	54	738.0	347.0
175760	2021-04-20 11:38:00	2021-04-20 11:45:00	2021-04-20 11:51:00	C1.9	12817.0	POINT(56 19)	19	56	753.0	360.0
175770	2021-04-20 13:09:00	2021-04-20 13:33:00	2021-04-20 14:02:00	B5.9	12817.0	POINT(58 20)	20	58	742.0	342.0
175780	2021-04-20 14:16:00	2021-04-20 14:20:00	2021-04-20 14:28:00	B6.4		POINT(53 17)	17	53	736.0	337.0
175790	2021-04-20 15:02:00	2021-04-20 15:15:00	2021-04-20 15:22:00	B6.6	12816.0	POINT(57 18)	18	57	762.0	341.0
175800	2021-04-20 16:14:00	2021-04-20 16:24:00	2021-04-20 16:38:00	B4.7	12816.0	POINT(55 18)	18	55	750.0	342.0
175810	2021-04-20 17:05:00	2021-04-20 17:13:00	2021-04-20 17:18:00	B5.1	12817.0	POINT(58 20)	20	58	753.0	334.0
175820	2021-04-20 17:44:00	2021-04-20 17:54:00	2021-04-20 17:59:00	B5.0	12816.0	POINT(60 17)	17	60	794.0	324.0
175830	2021-04-20 23:32:00	2021-04-20 23:38:00	2021-04-20 23:47:00	B3.1		POINT(64 17)	17	64	825.0	317.0
175840	2021-04-21 01:18:00	2021-04-21 01:29:00	2021-04-21 01:41:00	C1.5	12817.0	POINT(54 17)	17	54	738.0	279.0
175850	2021-04-21 02:37:00	2021-04-21 02:47:00	2021-04-21 02:53:00	B3.5		POINT(64 18)	18	64	819.0	341.0
175860	2021-04-21 02:58:00	2021-04-21 03:02:00	2021-04-21 03:06:00	B4.8	12817.0	POINT(63 17)	17	63	803.0	323.0
175870	2021-04-21 03:35:00	2021-04-21 03:46:00	2021-04-21 03:58:00	B4.0	12817.0	POINT(88 -23)	-23	88	881.0	-392.0
175880	2021-04-21 04:14:00	2021-04-21 04:18:00	2021-04-21 04:23:00	B3.3	12817.0	POINT(62 17)	17	62	807.0	324.0
175890	2021-04-21 08:31:00	2021-04-21 08:35:00	2021-04-21 08:39:00	B3.2	12817.0	POINT(69 16)	16	69	857.0	294.0
175900	2021-04-21 11:44:00	2021-04-21 11:51:00	2021-04-21 12:08:00	B2.1	12817.0	POINT(69 17)	17	69	854.0	313.0
175910	2021-04-21 12:56:00	2021-04-21 13:03:00	2021-04-21 13:12:00	B2.5	12817.0	POINT(73 17)	17	73	872.0	308.0
175920	2021-04-21 15:08:00	2021-04-21 15:29:00	2021-04-21 15:50:00	B4.9	12817.0	POINT(73 16)	16	73	881.0	288.0
175930	2021-04-21 16:31:00	2021-04-21 16:40:00	2021-04-21 16:49:00	B5.4	12817.0	POINT(74 17)	17	74	876.0	308.0
175940	2021-04-21 16:51:00	2021-04-21 16:58:00	2021-04-21 17:03:00	B6.4	12817.0	POINT(72 17)	17	72	867.0	312.0
175950	2021-04-21 18:10:00	2021-04-21 18:19:00	2021-04-21 18:23:00	B2.1	12816.0	POINT(69 19)	19	69	846.0	340.0
175960	2021-04-21 18:51:00	2021-04-21 19:01:00	2021-04-21 19:05:00	B4.6	12817.0	POINT(74 19)	19	74	869.0	335.0
175970	2021-04-21 19:27:00	2021-04-21 19:32:00	2021-04-21 19:37:00	B6.3	12816.0	POINT(72 20)	20	72	864.0	340.0
175980	2021-04-21 22:39:00	2021-04-21 22:48:00	2021-04-21 22:55:00	B2.6	12817.0	POINT(76 18)	18	76	881.0	313.0
175990	2021-04-22 02:26:00	2021-04-22 02:34:00	2021-04-22 02:53:00	B6.3	12817.0	POINT(76 17)	17	76	885.0	306.0
176000	2021-04-22 04:10:00	2021-04-22 04:35:00	2021-04-22 05:00:00	C3.8	12816.0	POINT(6 -25)	-25	6	95.0	-321.0
176010	2021-04-22 05:00:00	2021-04-22 05:06:00	2021-04-22 05:10:00	C2.7	12816.0	POINT(80 17)	17	80	897.0	302.0
176020	2021-04-22 05:50:00	2021-04-22 05:57:00	2021-04-22 06:02:00	C1.7	12817.0	POINT(76 19)	19	76	876.0	334.0
176030	2021-04-22 07:16:00	2021-04-22 07:23:00	2021-04-22 07:27:00	C2.3	12817.0	POINT(79 17)	17	79	894.0	299.0
176040	2021-04-22 09:14:00	2021-04-22 09:21:00	2021-04-22 09:41:00	C4.3	12817.0	POINT(80 17)	17	80	899.0	297.0
176050	2021-04-22 10:03:00	2021-04-22 10:08:00	2021-04-22 10:14:00	C1.4	12817.0	POINT(80 20)	20	80	884.0	340.0
176060	2021-04-22 10:40:00	2021-04-22 10:49:00	2021-04-22 11:03:00	C3.7	12817.0	POINT(81 17)	17	81	899.0	297.0
176070	2021-04-22 12:18:00	2021-04-22 12:27:00	2021-04-22 12:42:00	C2.8	12816.0	POINT(88 18)	18	88	906.0	303.0
176080	2021-04-22 13:05:00	2021-04-22 13:12:00	2021-04-22 13:18:00	B8.6	12816.0	POINT(88 17)	17	88	909.0	290.0
176090	2021-04-22 14:13:00	2021-04-22 14:30:00	2021-04-22 14:43:00	C2.5	12816.0	POINT(88 18)	18	88	907.0	299.0
176100	2021-04-22 15:44:00	2021-04-22 15:59:00	2021-04-22 16:05:00	C1.0	12816.0	POINT(88 17)	17	88	927.0	286.0
176110	2021-04-22 18:53:00	2021-04-22 19:00:00	2021-04-22 19:04:00	B7.2	12816.0	POINT(88 17)	17	88	909.0	293.0
176120	2021-04-22 20:02:00	2021-04-22 20:11:00	2021-04-22 20:20:00	C8.5	12817.0	POINT(86 20)	20	86	911.0	296.0
176130	2021-04-22 21:26:00	2021-04-22 21:29:00	2021-04-22 21:33:00	B6.3	12817.0	POINT(85 18)	18	85	903.0	300.0
176140	2021-04-22 23:20:00	2021-04-22 23:26:00	2021-04-22 23:35:00	B5.5	12817.0	POINT(88 17)	17	88	914.0	290.0
176150	2021-04-22 23:40:00	2021-04-22 23:48:00	2021-04-22 23:59:00	B5.4	12817.0	POINT(88 18)	18	88	914.0	313.0
176160	2021-04-23 00:49:00	2021-04-23 01:02:00	2021-04-23 01:26:00	B8.3	12816.0	POINT(88 17)	17	88	919.0	296.0
176170	2021-04-23 01:32:00	2021-04-23 01:52:00	2021-04-23 02:02:00	C1.3	12817.0	POINT(88 18)	18	88	912.0	310.0
176180	2021-04-23 02:37:00	2021-04-23 02:52:00	2021-04-23 03:02:00	C1.4	12817.0	POINT(88 18)	18	88	915.0	307.0
176190	2021-04-23 04:23:00	2021-04-23 04:27:00	2021-04-23 04:32:00	B3.2	12816.0	POINT(88 17)	17	88	914.0	288.0
176200	2021-04-23 04:42:00	2021-04-23 04:50:00	2021-04-23 05:02:00	B4.9	12816.0	POINT(88 16)	16	88	925.0	278.0
176210	2021-04-23 05:09:00	2021-04-23 05:25:00	2021-04-23 05:59:00	C1.0	12816.0	POINT(6 -25)	-25	6	90.0	-403.0
176220	2021-04-23 06:14:00	2021-04-23 06:28:00	2021-04-23 06:41:00	C1.4	12816.0	POINT(88 18)	18	88	918.0	303.0
176230	2021-04-23 08:03:00	2021-04-23 08:16:00	2021-04-23 08:29:00	B6.3	12816.0	POINT(88 17)	17	88	926.0	294.0
176240	2021-04-23 11:07:00	2021-04-23 11:16:00	2021-04-23 11:30:00	B4.2	12816.0	POINT(88 18)	18	88	916.0	303.0
176250	2021-04-23 16:33:00	2021-04-23 16:44:00	2021-04-23 17:00:00	B4.1	12817.0	POINT(88 17)	17	88	913.0	285.0
176260	2021-04-23 18:15:00	2021-04-23 18:28:00	2021-04-23 18:38:00	B6.8	12816.0	POINT(30 -21)	-21	30	475.0	-294.0
176270	2021-04-23 23:08:00	2021-04-23 23:12:00	2021-04-23 23:16:00	C2.4	12817.0	POINT(-21 -21)	-21	-21	-330.0	-278.0
176280	2021-04-24 03:35:00	2021-04-24 03:42:00	2021-04-24 03:46:00	B2.1	12816.0	POINT(36 -22)	-22	36	533.0	-297.0
176290	2021-04-24 04:44:00	2021-04-24 05:02:00	2021-04-24 05:16:00	B4.3	12820.0	POINT(88 17)	17	88	916.0	288.0
176300	2021-04-24 14:49:00	2021-04-24 14:55:00	2021-04-24 14:59:00	B4.9	12820.0	POINT(-12 -21)	-21	-12	-195.0	-278.0
176310	2021-04-24 15:35:00	2021-04-24 15:59:00	2021-04-24 16:10:00	B2.0	12820.0	POINT(-12 -21)	-21	-12	-200.0	-275.0
176320	2021-04-24 16:45:00	2021-04-24 16:53:00	2021-04-24 16:58:00	B6.9	12820.0	POINT(-12 -21)	-21	-12	-187.0	-278.0
176330	2021-04-24 17:14:00	2021-04-24 17:17:00	2021-04-24 17:21:00	B3.2	12820.0	POINT(-12 -21)	-21	-12	-189.0	-282.0
176340	2021-04-24 17:33:00	2021-04-24 17:37:00	2021-04-24 17:42:00	B1.7	12820.0	POINT(-11 -21)	-21	-11	-177.0	-281.0
176350	2021-04-24 18:26:00	2021-04-24 18:35:00	2021-04-24 18:39:00	B2.6	12820.0	POINT(-11 -21)	-21	-11	-176.0	-281.0
176360	2021-04-24 18:42:00	2021-04-24 18:49:00	2021-04-24 18:55:00	B4.1	12820.0	POINT(-11 -22)	-22	-11	-176.0	-285.0
176370	2021-04-24 20:02:00	2021-04-24 20:09:00	2021-04-24 20:16:00	B2.1	12820.0	POINT(-11 -21)	-21	-11	-171.0	-272.0
176380	2021-04-24 20:27:00	2021-04-24 20:34:00	2021-04-24 20:40:00	B2.4	12820.0	POINT(-10 -21)	-21	-10	-163.0	-270.0
176390	2021-04-24 20:58:00	2021-04-24 21:08:00	2021-04-24 21:16:00	B1.5		POINT(45 -23)	-23	45	631.0	-324.0
176400	2021-04-24 22:10:00	2021-04-24 22:17:00	2021-04-24 22:22:00	B1.4		POINT(-9 -21)	-21	-9	-139.0	-341.0
176410	2021-04-25 00:00:00	2021-04-25 00:05:00	2021-04-25 00:12:00	B3.4	12820.0	POINT(-8 -21)	-21	-8	-129.0	-275.0
176420	2021-04-25 01:17:00	2021-04-25 01:35:00	2021-04-25 01:51:00	C2.6	12816.0	POINT(46 -25)	-25	46	611.0	-356.0
176430	2021-04-25 10:58:00	2021-04-25 11:01:00	2021-04-25 11:12:00	B1.1	12820.0	POINT(-5 -20)	-20	-5	-78.0	-326.0
176440	2021-04-25 12:36:00	2021-04-25 12:48:00	2021-04-25 13:01:00	B1.2	12816.0	POINT(52 -24)	-24	52	690.0	-351.0
176450	2021-04-25 15:51:00	2021-04-25 15:54:00	2021-04-25 16:03:00	B1.1	12819.0	POINT(35 24)	24	35	500.0	459.0
176460	2021-04-25 16:43:00	2021-04-25 16:55:00	2021-04-25 17:04:00	B4.8	12820.0	POINT(-1 -20)	-20	-1	-30.0	-267.0
176470	2021-04-25 17:41:00	2021-04-25 17:49:00	2021-04-25 17:53:00	B2.0	12820.0	POINT(-1 -21)	-21	-1	-30.0	-278.0
176480	2021-04-25 18:17:00	2021-04-25 18:34:00	2021-04-25 18:51:00	B2.0	12820.0	POINT(0 -20)	-20	0	13.0	-254.0
176490	2021-04-25 21:00:00	2021-04-25 21:07:00	2021-04-25 21:14:00	B1.6	12820.0	POINT(0 -21)	-21	0	8.0	-269.0
176500	2021-04-25 21:21:00	2021-04-25 21:25:00	2021-04-25 21:31:00	B1.3	12820.0	POINT(2 -20)	-20	2	31.0	-262.0
176510	2021-04-25 23:50:00	2021-04-25 23:59:00	2021-04-26 00:12:00	B5.5		POINT(2 -20)	-20	2	39.0	-267.0
176520	2021-04-26 00:48:00	2021-04-26 00:51:00	2021-04-26 00:55:00	B1.8		POINT(3 -20)	-20	3	48.0	-263.0
176530	2021-04-26 01:08:00	2021-04-26 01:28:00	2021-04-26 01:40:00	B2.4		POINT(3 -20)	-20	3	56.0	-263.0
176540	2021-04-26 01:47:00	2021-04-26 01:51:00	2021-04-26 01:53:00	B1.9	12820.0	POINT(4 -22)	-22	4	43.0	-279.0
176550	2021-04-26 02:22:00	2021-04-26 02:30:00	2021-04-26 02:35:00	C1.3	12816.0	POINT(62 -22)	-22	62	781.0	-326.0
176560	2021-04-26 02:52:00	2021-04-26 02:56:00	2021-04-26 03:00:00	B3.9	12820.0	POINT(4 -22)	-22	4	59.0	-267.0
176570	2021-04-26 04:09:00	2021-04-26 04:18:00	2021-04-26 04:34:00	B1.1	12820.0	POINT(4 -20)	-20	4	71.0	-269.0
176580	2021-04-26 04:34:00	2021-04-26 04:47:00	2021-04-26 04:52:00	B1.9	12820.0	POINT(5 -22)	-22	5	69.0	-280.0
176590	2021-04-26 05:01:00	2021-04-26 05:14:00	2021-04-26 05:21:00	B1.6	12820.0	POINT(3 -21)	-21	3	61.0	-278.0
176600	2021-04-26 05:41:00	2021-04-26 05:49:00	2021-04-26 05:56:00	B2.3	12820.0	POINT(4 -21)	-21	4	74.0	-276.0
176610	2021-04-26 08:46:00	2021-04-26 08:56:00	2021-04-26 09:00:00	B1.6	12820.0	POINT(6 -21)	-21	6	93.0	-341.0
176620	2021-04-26 10:10:00	2021-04-26 10:22:00	2021-04-26 10:30:00	B3.2	12820.0	POINT(7 -21)	-21	7	111.0	-278.0
176630	2021-04-26 10:48:00	2021-04-26 10:52:00	2021-04-26 10:56:00	B1.2	12820.0	POINT(9 -24)	-24	9	138.0	-320.0
176640	2021-04-26 12:19:00	2021-04-26 12:25:00	2021-04-26 12:34:00	B1.0		POINT(8 -20)	-20	8	130.0	-266.0
176650	2021-04-26 13:03:00	2021-04-26 13:07:00	2021-04-26 13:12:00	B1.2		POINT(8 -20)	-20	8	135.0	-264.0
176660	2021-04-26 13:29:00	2021-04-26 13:34:00	2021-04-26 13:40:00	B4.2		POINT(9 -20)	-20	9	141.0	-265.0
176670	2021-04-26 13:46:00	2021-04-26 13:51:00	2021-04-26 13:55:00	B1.7		POINT(9 -20)	-20	9	143.0	-261.0
176680	2021-04-26 14:24:00	2021-04-26 14:31:00	2021-04-26 14:37:00	B1.0		POINT(13 -20)	-20	13	212.0	-266.0
176690	2021-04-26 15:50:00	2021-04-26 15:59:00	2021-04-26 16:12:00	B1.1		POINT(51 26)	26	51	670.0	460.0
176700	2021-04-27 04:29:00	2021-04-27 04:34:00	2021-04-27 04:39:00	B1.2	12821.0	POINT(18 -21)	-21	18	279.0	-287.0
176710	2021-04-27 07:37:00	2021-04-27 07:43:00	2021-04-27 07:58:00	B1.2	12821.0	POINT(34 -23)	-23	34	501.0	-321.0
176720	2021-04-27 08:13:00	2021-04-27 08:23:00	2021-04-27 08:36:00	B2.8	12821.0	POINT(34 -20)	-20	34	504.0	-280.0
176730	2021-04-27 16:04:00	2021-04-27 16:13:00	2021-04-27 16:17:00	B3.3	12821.0	POINT(40 -22)	-22	40	573.0	-309.0
176740	2021-04-27 21:41:00	2021-04-27 21:53:00	2021-04-27 22:01:00	B2.2	12820.0	POINT(28 -21)	-21	28	419.0	-288.0
176750	2021-04-28 07:20:00	2021-04-28 07:29:00	2021-04-28 07:37:00	B2.0	12820.0	POINT(32 -20)	-20	32	479.0	-272.0
176760	2021-04-28 07:39:00	2021-04-28 07:45:00	2021-04-28 07:49:00	B3.4	12820.0	POINT(31 -20)	-20	31	470.0	-268.0
176770	2021-04-28 08:04:00	2021-04-28 08:09:00	2021-04-28 08:19:00	B1.2	12820.0	POINT(52 -18)	-18	52	717.0	-261.0
176780	2021-04-28 12:40:00	2021-04-28 12:44:00	2021-04-28 12:48:00	B1.2	12821.0	POINT(52 -19)	-19	52	713.0	-274.0
176790	2021-04-29 13:51:00	2021-04-29 14:01:00	2021-04-29 14:08:00	B1.1	12820.0	POINT(55 -21)	-21	55	734.0	-314.0
176800	2021-04-29 17:59:00	2021-04-29 18:05:00	2021-04-29 18:17:00	B1.4	12821.0	POINT(67 -19)	-19	67	825.0	-297.0
176810	2021-04-29 18:19:00	2021-04-29 18:23:00	2021-04-29 18:29:00	B1.3	12821.0	POINT(67 -20)	-20	67	825.0	-303.0
176820	2021-04-29 19:41:00	2021-04-29 19:54:00	2021-04-29 20:02:00	B1.4	12820.0	POINT(57 -22)	-22	57	741.0	-335.0
176830	2021-04-29 20:34:00	2021-04-29 20:54:00	2021-04-29 21:03:00	B2.4	12821.0	POINT(68 -21)	-21	68	825.0	-326.0
176840	2021-04-29 22:13:00	2021-04-29 22:32:00	2021-04-29 22:41:00	B6.2	12821.0	POINT(70 -20)	-20	70	839.0	-314.0
176850	2021-04-30 03:26:00	2021-04-30 03:33:00	2021-04-30 03:44:00	B1.0	12820.0	POINT(67 -19)	-19	67	828.0	-294.0
176860	2021-04-30 04:04:00	2021-04-30 04:17:00	2021-04-30 04:33:00	B1.9	12818.0	POINT(64 -22)	-22	64	793.0	-340.0
176870	2021-04-30 04:48:00	2021-04-30 04:55:00	2021-04-30 05:02:00	B1.4	12818.0	POINT(74 -21)	-21	74	852.0	-331.0
176880	2021-04-30 11:51:00	2021-04-30 11:59:00	2021-04-30 12:09:00	B1.6	12820.0	POINT(66 -23)	-23	66	800.0	-351.0
176890	2021-04-30 12:43:00	2021-04-30 12:52:00	2021-04-30 13:03:00	B1.0	12820.0	POINT(65 -21)	-21	65	809.0	-321.0
176900	2021-05-01 19:50:00	2021-05-01 19:59:00	2021-05-01 20:16:00	B1.7	12820.0	POINT(88 -20)	-20	88	914.0	-342.0
176910	2021-05-04 08:47:00	2021-05-04 08:52:00	2021-05-04 08:58:00	B1.6		POINT(88 20)	20	88	897.0	330.0
176920	2021-05-04 11:58:00	2021-05-04 12:10:00	2021-05-04 12:40:00	B1.3		POINT(88 20)	20	88	900.0	345.0
176930	2021-05-05 22:25:00	2021-05-05 22:31:00	2021-05-05 22:38:00	B1.2		POINT(-88 15)	15	-88	-927.0	251.0
176940	2021-05-05 22:43:00	2021-05-05 22:48:00	2021-05-05 22:54:00	B1.1		POINT(-88 17)	17	-88	-924.0	296.0
176950	2021-05-06 02:57:00	2021-05-06 03:03:00	2021-05-06 03:08:00	B1.0		POINT(-88 17)	17	-88	-918.0	291.0
176960	2021-05-06 06:04:00	2021-05-06 06:15:00	2021-05-06 06:29:00	B1.2		POINT(-88 18)	18	-88	-915.0	298.0
176970	2021-05-06 07:52:00	2021-05-06 08:01:00	2021-05-06 08:05:00	B3.4		POINT(-88 17)	17	-88	-916.0	294.0
176980	2021-05-06 15:41:00	2021-05-06 15:48:00	2021-05-06 15:52:00	B1.1		POINT(-88 18)	18	-88	-911.0	300.0
176990	2021-05-06 19:06:00	2021-05-06 19:14:00	2021-05-06 19:19:00	B1.1		POINT(-88 16)	16	-88	-922.0	277.0
177000	2021-05-07 00:33:00	2021-05-07 00:38:00	2021-05-07 00:42:00	B2.7		POINT(-88 17)	17	-88	-910.0	291.0
177010	2021-05-07 03:37:00	2021-05-07 03:41:00	2021-05-07 03:45:00	B6.0		POINT(-86 17)	17	-86	-903.0	290.0
177020	2021-05-07 06:49:00	2021-05-07 06:55:00	2021-05-07 06:59:00	B1.4		POINT(-88 17)	17	-88	-908.0	286.0
177030	2021-05-07 14:08:00	2021-05-07 14:14:00	2021-05-07 14:22:00	B2.7		POINT(-83 17)	17	-83	-896.0	278.0
177040	2021-05-07 16:48:00	2021-05-07 16:55:00	2021-05-07 17:05:00	B2.4		POINT(-72 16)	16	-72	-895.0	285.0
177050	2021-05-07 18:43:00	2021-05-07 19:04:00	2021-05-07 19:19:00	M3.9	12822.0	POINT(-78 17)	17	-78	-890.0	294.0
177060	2021-05-08 07:02:00	2021-05-08 07:07:00	2021-05-08 07:16:00	B1.0		POINT(-71 17)	17	-71	-862.0	302.0
177070	2021-05-08 08:22:00	2021-05-08 08:26:00	2021-05-08 08:32:00	B1.5		POINT(-68 15)	15	-68	-853.0	281.0
177080	2021-05-08 10:39:00	2021-05-08 10:47:00	2021-05-08 10:51:00	B1.0		POINT(-68 17)	17	-68	-842.0	302.0
177090	2021-05-08 12:33:00	2021-05-08 13:00:00	2021-05-08 13:19:00	C1.5	12822.0	POINT(-67 17)	17	-67	-840.0	298.0
177100	2021-05-08 14:17:00	2021-05-08 14:27:00	2021-05-08 14:38:00	B2.6		POINT(-67 16)	16	-67	-841.0	297.0
177110	2021-05-08 15:40:00	2021-05-08 15:46:00	2021-05-08 15:50:00	B1.2	12822.0	POINT(-63 16)	16	-63	-804.0	302.0
177120	2021-05-08 18:22:00	2021-05-08 18:45:00	2021-05-08 18:58:00	C8.6	12822.0	POINT(-63 16)	16	-63	-809.0	305.0
177130	2021-05-08 20:56:00	2021-05-08 21:07:00	2021-05-08 21:11:00	B3.0	12822.0	POINT(-58 17)	17	-58	-778.0	308.0
177140	2021-05-09 00:27:00	2021-05-09 00:44:00	2021-05-09 01:00:00	B2.8	12822.0	POINT(-60 16)	16	-60	-791.0	296.0
177150	2021-05-09 01:00:00	2021-05-09 01:09:00	2021-05-09 01:12:00	B2.3	12822.0	POINT(-71 19)	19	-71	-849.0	309.0
177160	2021-05-09 01:12:00	2021-05-09 01:16:00	2021-05-09 01:21:00	B2.8	12822.0	POINT(-56 17)	17	-56	-758.0	310.0
177170	2021-05-09 04:18:00	2021-05-09 04:36:00	2021-05-09 04:42:00	C1.6	12822.0	POINT(-57 15)	15	-57	-767.0	292.0
177180	2021-05-09 05:42:00	2021-05-09 05:47:00	2021-05-09 05:55:00	B1.5	12822.0	POINT(-55 16)	16	-55	-748.0	305.0
177190	2021-05-09 05:55:00	2021-05-09 06:11:00	2021-05-09 06:34:00	B3.0	12822.0	POINT(-67 19)	19	-67	-828.0	333.0
177200	2021-05-09 07:54:00	2021-05-09 07:58:00	2021-05-09 08:05:00	B1.2	12822.0	POINT(-54 16)	16	-54	-743.0	306.0
177210	2021-05-09 13:38:00	2021-05-09 13:58:00	2021-05-09 14:09:00	C4.0	12822.0	POINT(-51 15)	15	-51	-714.0	305.0
177220	2021-05-09 14:20:00	2021-05-09 14:49:00	2021-05-09 15:25:00	C2.0	12822.0	POINT(-57 16)	16	-57	-742.0	278.0
177230	2021-05-09 19:20:00	2021-05-09 19:24:00	2021-05-09 19:31:00	B1.8	12822.0	POINT(-50 17)	17	-50	-705.0	321.0
177240	2021-05-10 07:36:00	2021-05-10 07:44:00	2021-05-10 07:50:00	B1.0		POINT(-47 19)	19	-47	-662.0	347.0
177250	2021-05-10 10:48:00	2021-05-10 10:57:00	2021-05-10 11:01:00	B1.9		POINT(-41 17)	17	-41	-596.0	326.0
177260	2021-05-10 13:44:00	2021-05-10 13:52:00	2021-05-10 13:56:00	B1.9	12823.0	POINT(-45 -23)	-23	-45	-647.0	-338.0
177270	2021-05-10 17:16:00	2021-05-10 17:24:00	2021-05-10 17:28:00	B1.3		POINT(-42 -23)	-23	-42	-588.0	-345.0
177280	2021-05-10 22:49:00	2021-05-10 22:55:00	2021-05-10 22:59:00	B1.0		POINT(-32 17)	17	-32	-491.0	326.0
177290	2021-05-10 23:46:00	2021-05-10 23:55:00	2021-05-11 00:09:00	B1.0	12282.0	POINT(-35 19)	19	-35	-515.0	309.0
177300	2021-05-11 03:10:00	2021-05-11 03:28:00	2021-05-11 03:55:00	B2.5	12822.0	POINT(-30 17)	17	-30	-465.0	329.0
177310	2021-05-11 05:17:00	2021-05-11 05:26:00	2021-05-11 05:34:00	B1.5	12822.0	POINT(-29 16)	16	-29	-448.0	319.0
177320	2021-05-11 06:21:00	2021-05-11 06:39:00	2021-05-11 06:42:00	B2.1	12822.0	POINT(-35 17)	17	-35	-525.0	326.0
177330	2021-05-11 08:24:00	2021-05-11 08:40:00	2021-05-11 09:03:00	B3.4	12822.0	POINT(-31 19)	19	-31	-462.0	309.0
177340	2021-05-12 05:03:00	2021-05-12 05:12:00	2021-05-12 05:28:00	B1.3		POINT(-19 19)	19	-19	-292.0	309.0
177350	2021-05-12 05:34:00	2021-05-12 05:47:00	2021-05-12 05:59:00	B3.1	12822.0	POINT(-20 18)	18	-20	-308.0	293.0
177360	2021-05-12 09:15:00	2021-05-12 09:35:00	2021-05-12 09:47:00	C1.5	12822.0	POINT(-20 17)	17	-20	-310.0	277.0
177370	2021-05-12 21:22:00	2021-05-12 21:29:00	2021-05-12 21:33:00	B1.2	12822.0	POINT(-7 17)	17	-7	-114.0	329.0
177380	2021-05-13 01:36:00	2021-05-13 01:47:00	2021-05-13 01:55:00	B2.5	12822.0	POINT(-2 16)	16	-2	-27.0	322.0
177390	2021-05-13 02:33:00	2021-05-13 02:44:00	2021-05-13 02:51:00	B3.5	12822.0	POINT(-2 16)	16	-2	-31.0	261.0
177400	2021-05-13 11:12:00	2021-05-13 11:16:00	2021-05-13 11:31:00	B1.8	12822.0	POINT(3 16)	16	3	54.0	311.0
177410	2021-05-13 18:07:00	2021-05-13 18:15:00	2021-05-13 18:22:00	B1.3	12822.0	POINT(8 16)	16	8	127.0	320.0
177420	2021-05-14 00:38:00	2021-05-14 01:04:00	2021-05-14 01:31:00	B4.9	12823.0	POINT(4 -22)	-22	4	34.0	-345.0
177430	2021-05-14 16:51:00	2021-05-14 17:01:00	2021-05-14 17:09:00	B1.2		POINT(-49 -20)	-20	-49	-673.0	-309.0
177440	2021-05-17 03:02:00	2021-05-17 03:10:00	2021-05-17 03:17:00	B1.5		POINT(-88 19)	19	-88	-903.0	316.0
177450	2021-05-17 11:52:00	2021-05-17 11:58:00	2021-05-17 12:02:00	B1.2		POINT(-89 16)	16	-89	-919.0	278.0
177460	2021-05-17 14:50:00	2021-05-17 15:01:00	2021-05-17 15:05:00	B3.4		POINT(-89 16)	16	-89	-915.0	277.0
177470	2021-05-17 17:47:00	2021-05-17 17:54:00	2021-05-17 17:58:00	B1.4		POINT(-88 17)	17	-88	-909.0	281.0
177480	2021-05-17 18:16:00	2021-05-17 18:23:00	2021-05-17 18:27:00	B1.4		POINT(-88 21)	21	-88	-888.0	344.0
177490	2021-05-17 18:52:00	2021-05-17 18:57:00	2021-05-17 19:01:00	B4.3		POINT(-88 17)	17	-88	-903.0	289.0
177500	2021-05-17 19:56:00	2021-05-17 20:02:00	2021-05-17 20:07:00	B1.2		POINT(-88 17)	17	-88	-905.0	281.0
177510	2021-05-17 20:55:00	2021-05-17 21:03:00	2021-05-17 21:09:00	B1.4		POINT(-87 16)	16	-87	-909.0	274.0
177520	2021-05-17 21:52:00	2021-05-17 21:59:00	2021-05-17 22:07:00	B3.5		POINT(-87 16)	16	-87	-902.0	283.0
177530	2021-05-17 23:39:00	2021-05-17 23:46:00	2021-05-17 23:56:00	B1.3		POINT(-83 21)	21	-83	-879.0	344.0
177540	2021-05-18 01:58:00	2021-05-18 02:09:00	2021-05-18 02:13:00	C1.1	12824.0	POINT(-84 16)	16	-84	-882.0	300.0
177550	2021-05-18 08:15:00	2021-05-18 08:23:00	2021-05-18 08:27:00	B2.3	12824.0	POINT(-73 16)	16	-73	-878.0	273.0
177560	2021-05-18 13:17:00	2021-05-18 13:22:00	2021-05-18 13:26:00	B1.5	12824.0	POINT(-74 21)	21	-74	-849.0	357.0
177570	2021-05-18 15:50:00	2021-05-18 15:58:00	2021-05-18 16:12:00	B1.0	12824.0	POINT(-88 22)	22	-88	-878.0	366.0
177580	2021-05-18 21:27:00	2021-05-18 21:35:00	2021-05-18 21:45:00	B2.1	12824.0	POINT(-68 17)	17	-68	-845.0	296.0
177590	2021-05-19 02:58:00	2021-05-19 03:07:00	2021-05-19 03:15:00	B1.2	12824.0	POINT(80 18)	18	80	888.0	302.0
177600	2021-05-19 17:02:00	2021-05-19 17:08:00	2021-05-19 17:14:00	B1.3	12824.0	POINT(89 18)	18	89	909.0	296.0
177610	2021-05-20 18:00:00	2021-05-20 18:10:00	2021-05-20 18:17:00	B1.2		POINT(-48 19)	19	-48	-675.0	339.0
177620	2021-05-21 01:09:00	2021-05-21 01:16:00	2021-05-21 01:20:00	B1.5	12824.0	POINT(-38 17)	17	-38	-558.0	312.0
177630	2021-05-21 03:33:00	2021-05-21 03:38:00	2021-05-21 03:42:00	B2.0		POINT(-39 21)	21	-39	-566.0	368.0
177640	2021-05-21 05:11:00	2021-05-21 05:16:00	2021-05-21 05:21:00	B3.0	12824.0	POINT(-37 17)	17	-37	-554.0	314.0
177650	2021-05-21 06:57:00	2021-05-21 07:03:00	2021-05-21 07:07:00	B1.4	12824.0	POINT(-34 17)	17	-34	-516.0	311.0
177660	2021-05-21 08:23:00	2021-05-21 08:30:00	2021-05-21 08:34:00	B1.6	12824.0	POINT(-37 21)	21	-37	-533.0	374.0
177670	2021-05-21 08:41:00	2021-05-21 08:46:00	2021-05-21 08:50:00	B3.8		POINT(-89 16)	16	-89	-916.0	278.0
177680	2021-05-21 09:10:00	2021-05-21 09:16:00	2021-05-21 09:34:00	B1.0	12824.0	POINT(-36 21)	21	-36	-520.0	339.0
177690	2021-05-21 09:34:00	2021-05-21 09:42:00	2021-05-21 09:47:00	B1.9	12824.0	POINT(-37 22)	22	-37	-528.0	372.0
177700	2021-05-21 10:09:00	2021-05-21 10:13:00	2021-05-21 10:17:00	B3.3	12824.0	POINT(-37 22)	22	-37	-524.0	373.0
177710	2021-05-21 11:12:00	2021-05-21 11:22:00	2021-05-21 11:43:00	B1.2		POINT(-89 17)	17	-89	-916.0	293.0
177720	2021-05-21 12:13:00	2021-05-21 12:19:00	2021-05-21 12:23:00	B1.7	12824.0	POINT(-35 21)	21	-35	-510.0	375.0
177730	2021-05-21 13:46:00	2021-05-21 13:55:00	2021-05-21 13:59:00	B3.1	12824.0	POINT(-34 21)	21	-34	-497.0	375.0
177740	2021-05-21 16:45:00	2021-05-21 16:57:00	2021-05-21 17:01:00	B3.6		POINT(-89 17)	17	-89	-915.0	296.0
177750	2021-05-21 19:15:00	2021-05-21 19:28:00	2021-05-21 19:32:00	C4.8	12824.0	POINT(-29 18)	18	-29	-447.0	322.0
177760	2021-05-21 19:45:00	2021-05-21 19:51:00	2021-05-21 19:57:00	B1.7	12824.0	POINT(-26 20)	20	-26	-405.0	351.0
177770	2021-05-21 21:28:00	2021-05-21 21:31:00	2021-05-21 21:41:00	B1.3		POINT(-89 18)	18	-89	-910.0	300.0
177780	2021-05-21 22:11:00	2021-05-21 22:15:00	2021-05-21 22:19:00	B1.5	12824.0	POINT(-26 18)	18	-26	-406.0	325.0
177790	2021-05-21 22:41:00	2021-05-21 22:45:00	2021-05-21 22:49:00	B1.1	12824.0	POINT(-26 18)	18	-26	-399.0	324.0
177800	2021-05-22 00:37:00	2021-05-22 00:46:00	2021-05-22 00:50:00	B1.5	12824.0	POINT(-26 18)	18	-26	-405.0	321.0
177810	2021-05-22 01:21:00	2021-05-22 01:29:00	2021-05-22 01:35:00	B1.8	12824.0	POINT(-26 18)	18	-26	-402.0	320.0
177820	2021-05-22 01:49:00	2021-05-22 02:08:00	2021-05-22 02:15:00	B2.0	12824.0	POINT(-26 17)	17	-26	-397.0	319.0
177830	2021-05-22 02:34:00	2021-05-22 02:45:00	2021-05-22 02:47:00	B1.7		POINT(-26 17)	17	-26	-399.0	309.0
177840	2021-05-22 02:47:00	2021-05-22 02:56:00	2021-05-22 03:00:00	C6.1	12824.0	POINT(-37 17)	17	-37	-545.0	277.0
177850	2021-05-22 03:20:00	2021-05-22 03:33:00	2021-05-22 03:39:00	B4.0	12824.0	POINT(-23 21)	21	-23	-347.0	371.0
177860	2021-05-22 05:29:00	2021-05-22 05:40:00	2021-05-22 05:45:00	B2.4		POINT(-24 18)	18	-24	-375.0	320.0
177870	2021-05-22 06:06:00	2021-05-22 06:17:00	2021-05-22 06:24:00	C6.0	12824.0	POINT(-37 17)	17	-37	-372.0	323.0
177880	2021-05-22 06:45:00	2021-05-22 06:52:00	2021-05-22 06:58:00	C1.3	12824.0	POINT(-37 17)	17	-37	-322.0	371.0
177890	2021-05-22 07:10:00	2021-05-22 08:44:00	2021-05-22 14:03:00	C1.3	12824.0	POINT(-21 17)	17	-21	-333.0	318.0
177900	2021-05-22 11:17:00	2021-05-22 11:23:00	2021-05-22 11:29:00	C2.5	12824.0	POINT(-18 24)	24	-18	-287.0	369.0
177910	2021-05-22 14:04:00	2021-05-22 14:16:00	2021-05-22 14:25:00	C1.1	12824.0	POINT(-18 24)	24	-18	-261.0	375.0
177920	2021-05-22 15:12:00	2021-05-22 15:35:00	2021-05-22 15:44:00	C3.2	12824.0	POINT(-17 21)	21	-17	-258.0	339.0
177930	2021-05-22 16:03:00	2021-05-22 16:18:00	2021-05-22 16:25:00	C1.8	12824.0	POINT(-20 17)	17	-20	-310.0	277.0
177940	2021-05-22 17:03:00	2021-05-22 17:11:00	2021-05-22 17:16:00	M1.1	12824.0	POINT(-20 17)	17	-20	-310.0	277.0
177950	2021-05-22 20:26:00	2021-05-22 20:35:00	2021-05-22 20:42:00	B8.9	12824.0	POINT(-17 18)	18	-17	-263.0	292.0
177960	2021-05-22 21:08:00	2021-05-22 21:15:00	2021-05-22 21:30:00	B7.4	12824.0	POINT(-17 18)	18	-17	-263.0	292.0
177970	2021-05-22 21:30:00	2021-05-22 21:36:00	2021-05-22 21:43:00	M1.4	12824.0	POINT(-15 19)	19	-15	-231.0	308.0
177980	2021-05-22 21:53:00	2021-05-22 22:00:00	2021-05-22 22:05:00	C1.8	12824.0	POINT(-15 18)	18	-15	-244.0	324.0
177990	2021-05-22 22:55:00	2021-05-22 23:02:00	2021-05-22 23:05:00	B8.5	12824.0	POINT(-15 17)	17	-15	-244.0	317.0
178000	2021-05-22 23:05:00	2021-05-22 23:13:00	2021-05-22 23:17:00	C6.8	12824.0	POINT(-16 18)	18	-16	-232.0	326.0
178010	2021-05-23 01:12:00	2021-05-23 01:23:00	2021-05-23 01:29:00	B3.5	12824.0	POINT(-13 18)	18	-13	-216.0	326.0
178020	2021-05-23 01:33:00	2021-05-23 01:40:00	2021-05-23 01:45:00	B5.0	12824.0	POINT(-14 18)	18	-14	-214.0	325.0
178030	2021-05-23 01:51:00	2021-05-23 01:59:00	2021-05-23 02:03:00	B5.7	12824.0	POINT(-14 18)	18	-14	-212.0	324.0
178040	2021-05-23 02:12:00	2021-05-23 02:20:00	2021-05-23 02:29:00	B6.4	12824.0	POINT(-13 18)	18	-13	-210.0	320.0
178050	2021-05-23 03:02:00	2021-05-23 03:06:00	2021-05-23 03:11:00	B3.9	12824.0	POINT(-12 18)	18	-12	-203.0	324.0
178060	2021-05-23 03:33:00	2021-05-23 03:37:00	2021-05-23 03:41:00	B3.6	12824.0	POINT(-11 18)	18	-11	-185.0	326.0
178070	2021-05-23 04:19:00	2021-05-23 04:36:00	2021-05-23 04:43:00	B5.4	12824.0	POINT(-8 19)	19	-8	-137.0	351.0
178080	2021-05-23 04:47:00	2021-05-23 04:51:00	2021-05-23 04:55:00	C1.0	12824.0	POINT(-9 18)	18	-9	-146.0	326.0
178090	2021-05-23 04:59:00	2021-05-23 05:10:00	2021-05-23 05:20:00	C2.7	12824.0	POINT(-11 18)	18	-11	-177.0	327.0
178100	2021-05-23 07:16:00	2021-05-23 07:25:00	2021-05-23 07:33:00	B3.8	12824.0	POINT(-13 19)	19	-13	-164.0	327.0
178110	2021-05-23 07:56:00	2021-05-23 08:04:00	2021-05-23 08:08:00	B5.0	12824.0	POINT(-9 18)	18	-9	-117.0	336.0
178120	2021-05-23 08:19:00	2021-05-23 08:26:00	2021-05-23 08:33:00	B3.3	12824.0	POINT(-11 18)	18	-11	-168.0	326.0
178130	2021-05-23 09:10:00	2021-05-23 09:22:00	2021-05-23 09:35:00	C2.4	12824.0	POINT(-7 20)	20	-7	-84.0	354.0
178140	2021-05-23 10:27:00	2021-05-23 10:48:00	2021-05-23 11:00:00	B9.0	12824.0	POINT(-10 18)	18	-10	-129.0	325.0
178150	2021-05-23 10:55:00	2021-05-23 11:06:00	2021-05-23 11:34:00	M1.1	12824.0	POINT(-10 19)	19	-10	-83.0	358.0
178160	2021-05-23 12:37:00	2021-05-23 12:41:00	2021-05-23 12:45:00	B2.2	12824.0	POINT(-4 18)	18	-4	-72.0	329.0
178170	2021-05-23 12:52:00	2021-05-23 13:00:00	2021-05-23 13:07:00	B2.6	12824.0	POINT(-8 18)	18	-8	-135.0	331.0
178180	2021-05-23 13:32:00	2021-05-23 13:46:00	2021-05-23 13:57:00	B3.2	12824.0	POINT(-8 18)	18	-8	-150.0	338.0
178190	2021-05-23 15:11:00	2021-05-23 15:21:00	2021-05-23 15:25:00	B1.8	12824.0	POINT(-2 19)	19	-2	-33.0	349.0
178200	2021-05-23 16:54:00	2021-05-23 16:56:00	2021-05-23 17:00:00	B3.4	12824.0	POINT(-3 18)	18	-3	-47.0	327.0
178210	2021-05-23 17:00:00	2021-05-23 17:05:00	2021-05-23 17:10:00	C2.2	12824.0	POINT(-1 20)	20	-1	-24.0	357.0
178220	2021-05-23 17:28:00	2021-05-23 17:35:00	2021-05-23 17:39:00	B4.0	12824.0	POINT(-2 18)	18	-2	-44.0	327.0
178230	2021-05-23 18:02:00	2021-05-23 18:10:00	2021-05-23 18:14:00	B2.1	12824.0	POINT(-2 18)	18	-2	-41.0	327.0
178240	2021-05-23 23:33:00	2021-05-23 23:39:00	2021-05-23 23:43:00	B1.2	12824.0	POINT(0 18)	18	0	5.0	326.0
178250	2021-05-24 00:24:00	2021-05-24 00:34:00	2021-05-24 00:38:00	B4.8	12824.0	POINT(3 21)	21	3	46.0	339.0
178260	2021-05-24 04:07:00	2021-05-24 04:23:00	2021-05-24 04:41:00	B3.5	12824.0	POINT(1 17)	17	1	25.0	313.0
178270	2021-05-24 08:11:00	2021-05-24 08:19:00	2021-05-24 08:23:00	B1.2	12824.0	POINT(8 20)	20	8	125.0	362.0
178280	2021-05-24 09:18:00	2021-05-24 09:36:00	2021-05-24 09:37:00	B3.6	12824.0	POINT(2 19)	19	2	31.0	308.0
178290	2021-05-24 13:09:00	2021-05-24 13:17:00	2021-05-24 13:22:00	B1.4	12824.0	POINT(2 23)	23	2	30.0	370.0
178300	2021-05-24 13:46:00	2021-05-24 13:57:00	2021-05-24 14:05:00	B2.1	12824.0	POINT(3 22)	22	3	45.0	354.0
178310	2021-05-24 16:15:00	2021-05-24 16:22:00	2021-05-24 16:26:00	B2.6	12824.0	POINT(5 21)	21	5	77.0	373.0
178320	2021-05-24 18:58:00	2021-05-24 19:05:00	2021-05-24 19:11:00	B1.4		POINT(8 19)	19	8	126.0	333.0
178330	2021-05-24 22:33:00	2021-05-24 22:41:00	2021-05-24 22:49:00	B1.1	12824.0	POINT(12 17)	17	12	200.0	305.0
178340	2021-05-25 00:07:00	2021-05-25 00:27:00	2021-05-25 00:42:00	B1.4	12824.0	POINT(11 17)	17	11	177.0	303.0
178350	2021-05-25 02:04:00	2021-05-25 02:28:00	2021-05-25 02:40:00	B2.7	12824.0	POINT(14 17)	17	14	234.0	308.0
178360	2021-05-25 02:40:00	2021-05-25 02:49:00	2021-05-25 02:53:00	B2.9	12824.0	POINT(11 17)	17	11	176.0	314.0
178370	2021-05-25 09:43:00	2021-05-25 09:51:00	2021-05-25 09:55:00	B1.2	12824.0	POINT(17 18)	18	17	263.0	292.0
178380	2021-05-25 18:00:00	2021-05-25 18:07:00	2021-05-25 18:26:00	B2.8	12824.0	POINT(24 17)	17	24	368.0	276.0
178390	2021-05-25 18:26:00	2021-05-25 18:34:00	2021-05-25 18:41:00	B5.2	12826.0	POINT(47 23)	23	47	637.0	370.0
178400	2021-05-25 18:54:00	2021-05-25 19:02:00	2021-05-25 19:06:00	B5.1	12826.0	POINT(47 23)	23	47	637.0	370.0
178410	2021-05-25 19:33:00	2021-05-25 19:37:00	2021-05-25 19:41:00	B4.8	12826.0	POINT(44 24)	24	44	601.0	385.0
178420	2021-05-25 20:25:00	2021-05-25 20:29:00	2021-05-25 20:40:00	B3.3	12826.0	POINT(48 25)	25	48	638.0	400.0
178430	2021-05-25 23:23:00	2021-05-25 23:28:00	2021-05-25 23:34:00	B4.5	12826.0	POINT(24 16)	16	24	370.0	261.0
178440	2021-05-26 02:21:00	2021-05-26 02:45:00	2021-05-26 03:24:00	B4.2	12826.0	POINT(48 23)	23	48	648.0	370.0
178450	2021-05-26 03:24:00	2021-05-26 03:29:00	2021-05-26 03:33:00	B4.0	12826.0	POINT(48 23)	23	48	648.0	370.0
178460	2021-05-26 04:57:00	2021-05-26 05:56:00	2021-05-26 06:50:00	B5.7	12826.0	POINT(51 23)	23	51	677.0	370.0
178470	2021-05-26 06:32:00	2021-05-26 06:39:00	2021-05-26 06:48:00	B4.7	12826.0	POINT(50 23)	23	50	667.0	370.0
178480	2021-05-26 07:45:00	2021-05-26 07:46:00	2021-05-26 07:52:00	C1.1	12826.0	POINT(50 23)	23	50	667.0	370.0
178490	2021-05-26 08:54:00	2021-05-26 09:01:00	2021-05-26 09:05:00	B9.5	12826.0	POINT(53 23)	23	53	696.0	370.0
178500	2021-05-26 09:26:00	2021-05-26 09:32:00	2021-05-26 09:37:00	B7.6	12826.0	POINT(53 23)	23	53	696.0	370.0
178510	2021-05-26 09:46:00	2021-05-26 09:55:00	2021-05-26 10:00:00	C1.2	12826.0	POINT(53 23)	23	53	696.0	370.0
178520	2021-05-26 10:29:00	2021-05-26 10:35:00	2021-05-26 10:39:00	B5.3	12824.0	POINT(52 22)	22	52	692.0	354.0
178530	2021-05-26 13:37:00	2021-05-26 13:42:00	2021-05-26 13:46:00	B5.0	12826.0	POINT(56 24)	24	56	717.0	385.0
178540	2021-05-26 14:06:00	2021-05-26 14:13:00	2021-05-26 14:17:00	B5.7	12826.0	POINT(56 24)	24	56	717.0	385.0
178550	2021-05-26 14:20:00	2021-05-26 14:30:00	2021-05-26 14:34:00	C1.0	12826.0	POINT(57 25)	25	57	719.0	400.0
178560	2021-05-26 14:41:00	2021-05-26 14:44:00	2021-05-26 14:49:00	B9.1	12826.0	POINT(57 23)	23	57	731.0	370.0
178570	2021-05-26 15:09:00	2021-05-26 15:17:00	2021-05-26 15:36:00	B6.3	12826.0	POINT(57 23)	23	57	731.0	370.0
178580	2021-05-26 16:31:00	2021-05-26 16:35:00	2021-05-26 16:50:00	B5.6	12826.0	POINT(59 25)	25	59	735.0	400.0
178590	2021-05-26 17:03:00	2021-05-26 17:14:00	2021-05-26 17:20:00	C1.2	12826.0	POINT(58 23)	23	58	739.0	370.0
178600	2021-05-26 18:22:00	2021-05-26 18:30:00	2021-05-26 18:34:00	C1.6	12824.0	POINT(34 16)	16	34	515.0	284.0
178610	2021-05-26 18:51:00	2021-05-26 18:58:00	2021-05-26 19:47:00	B7.0	12826.0	POINT(58 22)	22	58	748.0	369.0
178620	2021-05-26 20:26:00	2021-05-26 20:37:00	2021-05-26 20:52:00	C3.0	12826.0	POINT(59 21)	21	59	758.0	362.0
178630	2021-05-26 21:17:00	2021-05-26 21:24:00	2021-05-26 21:29:00	C3.8	12826.0	POINT(59 21)	21	59	761.0	361.0
178640	2021-05-27 00:58:00	2021-05-27 01:01:00	2021-05-27 01:17:00	B5.2	12824.0	POINT(62 21)	21	62	780.0	354.0
178650	2021-05-27 03:07:00	2021-05-27 03:13:00	2021-05-27 03:28:00	C1.4	12826.0	POINT(64 22)	22	64	787.0	376.0
178660	2021-05-27 04:37:00	2021-05-27 04:44:00	2021-05-27 04:53:00	B5.8	12826.0	POINT(64 22)	22	64	791.0	369.0
178670	2021-05-27 05:45:00	2021-05-27 05:55:00	2021-05-27 06:01:00	B4.4	12826.0	POINT(66 23)	23	66	794.0	371.0
178680	2021-05-27 06:20:00	2021-05-27 06:25:00	2021-05-27 06:34:00	B4.3	12826.0	POINT(64 22)	22	64	787.0	372.0
178690	2021-05-27 06:43:00	2021-05-27 06:48:00	2021-05-27 06:53:00	B8.9	12826.0	POINT(66 23)	23	66	789.0	377.0
178700	2021-05-27 07:30:00	2021-05-27 07:36:00	2021-05-27 07:49:00	B3.8	12826.0	POINT(65 21)	21	65	802.0	359.0
178710	2021-05-27 07:58:00	2021-05-27 08:08:00	2021-05-27 08:22:00	B9.8	12826.0	POINT(65 22)	22	65	795.0	375.0
178720	2021-05-27 08:59:00	2021-05-27 09:03:00	2021-05-27 09:08:00	B5.6	12824.0	POINT(67 22)	22	67	806.0	374.0
178730	2021-05-27 09:13:00	2021-05-27 09:20:00	2021-05-27 09:24:00	B5.4	12824.0	POINT(65 22)	22	65	796.0	373.0
178740	2021-05-27 09:39:00	2021-05-27 09:43:00	2021-05-27 09:56:00	B4.7	12826.0	POINT(66 22)	22	66	802.0	354.0
178750	2021-05-27 10:37:00	2021-05-27 10:46:00	2021-05-27 10:53:00	B4.0	12826.0	POINT(70 22)	22	70	824.0	375.0
178760	2021-05-27 11:27:00	2021-05-27 11:31:00	2021-05-27 11:41:00	B6.6	12824.0	POINT(67 21)	21	67	810.0	362.0
178770	2021-05-27 12:22:00	2021-05-27 12:30:00	2021-05-27 12:40:00	B7.5	12826.0	POINT(68 22)	22	68	818.0	364.0
178780	2021-05-27 14:18:00	2021-05-27 14:25:00	2021-05-27 14:29:00	B6.8	12826.0	POINT(72 22)	22	72	835.0	354.0
178790	2021-05-27 16:54:00	2021-05-27 17:03:00	2021-05-27 17:09:00	B8.1	12826.0	POINT(70 22)	22	70	826.0	368.0
178800	2021-05-27 18:53:00	2021-05-27 19:02:00	2021-05-27 19:09:00	B4.1	12826.0	POINT(73 22)	22	73	839.0	354.0
178810	2021-05-27 19:29:00	2021-05-27 19:38:00	2021-05-27 19:45:00	B6.3	12824.0	POINT(52 18)	18	52	714.0	309.0
178820	2021-05-27 21:44:00	2021-05-27 22:07:00	2021-05-27 22:18:00	C1.0	12824.0	POINT(50 20)	20	50	686.0	344.0
178830	2021-05-27 22:54:00	2021-05-27 23:15:00	2021-05-27 23:24:00	C7.6	12824.0	POINT(53 21)	21	53	713.0	318.0
178840	2021-05-28 03:45:00	2021-05-28 03:52:00	2021-05-28 03:57:00	B3.1	12826.0	POINT(81 23)	23	81	861.0	374.0
178850	2021-05-28 07:09:00	2021-05-28 07:17:00	2021-05-28 07:32:00	B1.9	12826.0	POINT(80 22)	22	80	863.0	365.0
178860	2021-05-28 08:15:00	2021-05-28 08:21:00	2021-05-28 08:26:00	B5.0	12826.0	POINT(89 22)	22	89	877.0	354.0
178870	2021-05-28 09:07:00	2021-05-28 09:15:00	2021-05-28 09:20:00	B2.2	12826.0	POINT(82 22)	22	82	867.0	364.0
178880	2021-05-28 09:47:00	2021-05-28 09:57:00	2021-05-28 10:01:00	C3.0	12826.0	POINT(81 22)	22	81	863.0	366.0
178890	2021-05-28 11:06:00	2021-05-28 11:13:00	2021-05-28 11:28:00	B1.9	12826.0	POINT(89 24)	24	89	864.0	386.0
178900	2021-05-28 11:30:00	2021-05-28 11:41:00	2021-05-28 11:47:00	B3.0	12826.0	POINT(86 22)	22	86	871.0	366.0
178910	2021-05-28 12:25:00	2021-05-28 12:31:00	2021-05-28 12:38:00	B2.9	12826.0	POINT(84 23)	23	84	865.0	377.0
178920	2021-05-28 13:11:00	2021-05-28 13:18:00	2021-05-28 13:25:00	B2.1	12824.0	POINT(83 22)	22	83	871.0	354.0
178930	2021-05-28 13:53:00	2021-05-28 14:00:00	2021-05-28 14:05:00	B4.8	12824.0	POINT(59 19)	19	59	769.0	326.0
178940	2021-05-28 19:25:00	2021-05-28 19:33:00	2021-05-28 19:37:00	B2.2	12826.0	POINT(89 22)	22	89	877.0	354.0
178950	2021-05-28 22:19:00	2021-05-28 23:13:00	2021-05-29 00:12:00	C9.4	12824.0	POINT(63 21)	21	63	834.0	315.0
178960	2021-05-29 03:19:00	2021-05-29 03:24:00	2021-05-29 03:32:00	C1.0	12826.0	POINT(89 22)	22	89	884.0	362.0
178970	2021-05-29 03:47:00	2021-05-29 03:52:00	2021-05-29 03:57:00	C1.1	12826.0	POINT(89 22)	22	89	881.0	363.0
178980	2021-05-29 05:39:00	2021-05-29 05:50:00	2021-05-29 05:57:00	C1.7	12826.0	POINT(89 22)	22	89	877.0	354.0
178990	2021-05-29 09:41:00	2021-05-29 09:46:00	2021-05-29 09:54:00	B4.2	12826.0	POINT(89 22)	22	89	887.0	362.0
179000	2021-05-29 16:40:00	2021-05-29 16:45:00	2021-05-29 16:51:00	B4.0	12824.0	POINT(82 18)	18	82	892.0	296.0
179010	2021-05-29 20:13:00	2021-05-29 20:21:00	2021-05-29 20:29:00	B2.8	12824.0	POINT(85 17)	17	85	898.0	288.0
179020	2021-05-29 22:29:00	2021-05-29 22:38:00	2021-05-29 22:48:00	B2.5	12824.0	POINT(86 18)	18	86	896.0	299.0
179030	2021-05-30 06:39:00	2021-05-30 06:45:00	2021-05-30 06:59:00	B1.8	12824.0	POINT(89 17)	17	89	906.0	293.0
179040	2021-05-30 08:27:00	2021-05-30 08:36:00	2021-05-30 08:42:00	B3.6	12824.0	POINT(89 18)	18	89	905.0	294.0
179050	2021-05-30 11:10:00	2021-05-30 11:16:00	2021-05-30 11:20:00	B3.1	12824.0	POINT(89 17)	17	89	902.0	293.0
179060	2021-05-30 13:12:00	2021-05-30 13:17:00	2021-05-30 13:21:00	B2.2	12824.0	POINT(-37 11)	11	-37	-567.0	205.0
179070	2021-05-30 15:57:00	2021-05-30 16:03:00	2021-05-30 16:10:00	B3.7	12827.0	POINT(-36 12)	12	-36	-546.0	209.0
179080	2021-05-30 18:03:00	2021-05-30 18:12:00	2021-05-30 18:19:00	B2.2	12827.0	POINT(-34 11)	11	-34	-519.0	206.0
179090	2021-05-30 19:12:00	2021-05-30 19:15:00	2021-05-30 19:19:00	B2.4	12827.0	POINT(-33 11)	11	-33	-513.0	203.0
179100	2021-05-30 19:52:00	2021-05-30 20:01:00	2021-05-30 20:08:00	B2.7	12824.0	POINT(89 16)	16	89	920.0	270.0
179110	2021-05-30 20:47:00	2021-05-30 20:53:00	2021-05-30 21:00:00	B1.4	12827.0	POINT(-32 11)	11	-32	-497.0	201.0
179120	2021-05-30 21:00:00	2021-05-30 21:03:00	2021-05-30 21:07:00	B1.8	12827.0	POINT(-32 12)	12	-32	-498.0	208.0
179130	2021-05-30 21:38:00	2021-05-30 21:43:00	2021-05-30 22:09:00	B1.3	12827.0	POINT(-31 11)	11	-31	-490.0	201.0
179140	2021-05-30 22:50:00	2021-05-30 22:57:00	2021-05-30 23:03:00	B1.3	12824.0	POINT(89 16)	16	89	921.0	271.0
179150	2021-05-30 23:22:00	2021-05-30 23:29:00	2021-05-30 23:33:00	B2.9	12827.0	POINT(-33 15)	15	-33	-471.0	204.0
179160	2021-05-31 00:25:00	2021-05-31 00:36:00	2021-05-31 00:41:00	B3.3	12827.0	POINT(-32 16)	16	-32	-468.0	204.0
179170	2021-05-31 03:59:00	2021-05-31 04:03:00	2021-05-31 04:07:00	B2.1	12827.0	POINT(-28 12)	12	-28	-449.0	218.0
179180	2021-05-31 04:44:00	2021-05-31 04:51:00	2021-05-31 04:56:00	B1.9	12827.0	POINT(-28 11)	11	-28	-444.0	199.0
179190	2021-05-31 05:34:00	2021-05-31 05:44:00	2021-05-31 05:48:00	B7.7	12827.0	POINT(-27 11)	11	-27	-434.0	204.0
179200	2021-05-31 06:30:00	2021-05-31 06:36:00	2021-05-31 06:41:00	B2.3	12827.0	POINT(-26 11)	11	-26	-420.0	205.0
179210	2021-05-31 08:38:00	2021-05-31 08:45:00	2021-05-31 08:51:00	B1.4	12827.0	POINT(-26 12)	12	-26	-408.0	208.0
179220	2021-05-31 15:26:00	2021-05-31 15:35:00	2021-05-31 15:43:00	B1.4		POINT(-20 11)	11	-20	-326.0	192.0
179230	2021-05-31 15:56:00	2021-05-31 16:03:00	2021-05-31 16:07:00	B1.2		POINT(-18 11)	11	-18	-299.0	200.0
179240	2021-05-31 18:21:00	2021-05-31 18:32:00	2021-05-31 18:33:00	B1.2		POINT(89 23)	23	89	905.0	392.0
179250	2021-05-31 20:46:00	2021-05-31 20:56:00	2021-05-31 21:02:00	B2.1		POINT(-16 11)	11	-16	-261.0	193.0
179260	2021-05-31 23:09:00	2021-05-31 23:19:00	2021-05-31 23:30:00	B1.4		POINT(-15 11)	11	-15	-247.0	195.0
179270	2021-06-01 02:44:00	2021-06-01 02:49:00	2021-06-01 02:56:00	B1.0		POINT(-14 10)	10	-14	-227.0	176.0
179280	2021-06-01 03:27:00	2021-06-01 03:35:00	2021-06-01 03:42:00	B1.1	12827.0	POINT(-12 10)	10	-12	-206.0	177.0
179290	2021-06-01 04:27:00	2021-06-01 04:31:00	2021-06-01 04:35:00	C1.6	12827.0	POINT(-14 13)	13	-14	-184.0	215.0
179300	2021-06-01 06:49:00	2021-06-01 06:52:00	2021-06-01 07:03:00	B1.0	12827.0	POINT(-78 -19)	-19	-78	-877.0	-306.0
179310	2021-06-01 10:30:00	2021-06-01 10:37:00	2021-06-01 10:46:00	B1.0	12827.0	POINT(-17 -32)	-32	-17	-241.0	-504.0
179320	2021-06-01 11:39:00	2021-06-01 11:43:00	2021-06-01 11:47:00	B1.2	12827.0	POINT(-74 -19)	-19	-74	-860.0	-315.0
179330	2021-06-01 12:01:00	2021-06-01 12:07:00	2021-06-01 12:11:00	B1.0	12827.0	POINT(-8 9)	9	-8	-132.0	161.0
179340	2021-06-01 23:13:00	2021-06-01 23:25:00	2021-06-01 23:45:00	B1.6	12827.0	POINT(0 9)	9	0	-15.0	170.0
179350	2021-06-02 05:56:00	2021-06-02 06:06:00	2021-06-02 06:13:00	B1.3	12827.0	POINT(-66 -19)	-19	-66	-815.0	-320.0
179360	2021-06-02 07:35:00	2021-06-02 07:45:00	2021-06-02 07:50:00	B1.2	12827.0	POINT(-61 -19)	-19	-61	-788.0	-305.0
179370	2021-06-02 08:18:00	2021-06-02 08:22:00	2021-06-02 08:26:00	B2.7	12827.0	POINT(-61 -20)	-20	-61	-778.0	-333.0
179380	2021-06-02 13:00:00	2021-06-02 13:16:00	2021-06-02 13:29:00	B2.3	12827.0	POINT(-62 -22)	-22	-62	-773.0	-358.0
179390	2021-06-02 14:14:00	2021-06-02 14:23:00	2021-06-02 14:30:00	B1.5	12827.0	POINT(-61 -21)	-21	-61	-772.0	-345.0
179400	2021-06-02 15:29:00	2021-06-02 15:43:00	2021-06-02 15:59:00	B1.8	12827.0	POINT(-57 -19)	-19	-57	-753.0	-310.0
179410	2021-06-03 01:57:00	2021-06-03 02:05:00	2021-06-03 02:09:00	B5.7	12829.0	POINT(-46 -18)	-18	-46	-656.0	-299.0
179420	2021-06-03 04:09:00	2021-06-03 04:17:00	2021-06-03 04:28:00	B1.1	12829.0	POINT(-51 -19)	-19	-51	-695.0	-310.0
179430	2021-06-03 07:11:00	2021-06-03 07:20:00	2021-06-03 07:40:00	B1.1	12827.0	POINT(17 9)	9	17	281.0	167.0
179440	2021-06-03 09:17:00	2021-06-03 09:25:00	2021-06-03 09:32:00	B1.0	12829.0	POINT(-49 -19)	-19	-49	-676.0	-310.0
179450	2021-06-03 11:46:00	2021-06-03 11:54:00	2021-06-03 12:00:00	B1.3	12827.0	POINT(-26 0)	0	-26	-419.0	6.0
179460	2021-06-03 16:16:00	2021-06-03 16:25:00	2021-06-03 16:39:00	B1.3	12827.0	POINT(22 9)	9	22	363.0	165.0
179470	2021-06-04 00:45:00	2021-06-04 00:54:00	2021-06-04 01:00:00	B2.0	12829.0	POINT(-37 -18)	-18	-37	-546.0	-303.0
179480	2021-06-04 01:03:00	2021-06-04 01:06:00	2021-06-04 01:12:00	B1.7	12829.0	POINT(-38 -19)	-19	-38	-552.0	-306.0
179490	2021-06-04 01:20:00	2021-06-04 01:30:00	2021-06-04 01:43:00	B2.2	12829.0	POINT(-38 -19)	-19	-38	-558.0	-316.0
179500	2021-06-04 02:09:00	2021-06-04 02:16:00	2021-06-04 02:20:00	B1.8	12829.0	POINT(-38 -19)	-19	-38	-552.0	-312.0
179510	2021-06-04 04:47:00	2021-06-04 04:54:00	2021-06-04 04:59:00	B1.0	12829.0	POINT(-35 -19)	-19	-35	-518.0	-318.0
179520	2021-06-04 05:04:00	2021-06-04 05:11:00	2021-06-04 05:18:00	B1.0	12829.0	POINT(-36 -20)	-20	-36	-528.0	-329.0
179530	2021-06-04 07:15:00	2021-06-04 07:23:00	2021-06-04 07:32:00	B1.1	12829.0	POINT(-33 -19)	-19	-33	-494.0	-309.0
179540	2021-06-04 08:12:00	2021-06-04 08:21:00	2021-06-04 08:28:00	B4.5	12827.0	POINT(31 12)	12	31	486.0	204.0
179550	2021-06-04 11:51:00	2021-06-04 12:06:00	2021-06-04 12:14:00	B2.5	12827.0	POINT(33 12)	12	33	515.0	205.0
179560	2021-06-04 14:23:00	2021-06-04 14:30:00	2021-06-04 14:37:00	B3.8	12827.0	POINT(34 12)	12	34	528.0	207.0
179570	2021-06-04 15:54:00	2021-06-04 15:59:00	2021-06-04 16:04:00	B2.9	12827.0	POINT(36 13)	13	36	552.0	218.0
179580	2021-06-04 19:54:00	2021-06-04 20:13:00	2021-06-04 20:30:00	B2.1	12827.0	POINT(38 14)	14	38	574.0	245.0
179590	2021-06-04 23:09:00	2021-06-04 23:18:00	2021-06-04 23:27:00	B1.4	12827.0	POINT(40 11)	11	40	599.0	186.0
179600	2021-06-04 23:57:00	2021-06-05 00:03:00	2021-06-05 00:10:00	B2.3	12829.0	POINT(-24 -19)	-19	-24	-369.0	-319.0
179610	2021-06-05 00:20:00	2021-06-05 00:30:00	2021-06-05 00:39:00	B2.2	12829.0	POINT(-25 -19)	-19	-25	-384.0	-314.0
179620	2021-06-06 01:13:00	2021-06-06 01:21:00	2021-06-06 01:27:00	B1.6	12829.0	POINT(-10 -17)	-17	-10	-165.0	-291.0
179630	2021-06-06 02:39:00	2021-06-06 02:47:00	2021-06-06 02:52:00	B1.4	12828.0	POINT(46 -25)	-25	46	623.0	-411.0
179640	2021-06-06 04:57:00	2021-06-06 05:03:00	2021-06-06 05:11:00	B1.0	12829.0	POINT(-8 -20)	-20	-8	-134.0	-324.0
179650	2021-06-06 18:41:00	2021-06-06 18:46:00	2021-06-06 18:50:00	B1.2	12829.0	POINT(56 -25)	-25	56	714.0	-410.0
179660	2021-06-06 19:02:00	2021-06-06 19:18:00	2021-06-06 19:27:00	B1.6	12829.0	POINT(0 -21)	-21	0	-14.0	-347.0
179670	2021-06-06 21:45:00	2021-06-06 21:52:00	2021-06-06 21:56:00	B1.6	12830.0	POINT(55 -26)	-26	55	696.0	-423.0
179680	2021-06-07 01:20:00	2021-06-07 01:27:00	2021-06-07 01:32:00	B2.0	12829.0	POINT(-2 -19)	-19	-2	-38.0	-320.0
179690	2021-06-07 03:27:00	2021-06-07 03:30:00	2021-06-07 03:43:00	B1.4	12830.0	POINT(61 -25)	-25	61	748.0	-414.0
179700	2021-06-07 04:10:00	2021-06-07 04:18:00	2021-06-07 04:33:00	B1.5	12829.0	POINT(5 -19)	-19	5	80.0	-323.0
179710	2021-06-07 13:25:00	2021-06-07 13:35:00	2021-06-07 13:49:00	B2.1		POINT(85 25)	25	85	853.0	401.0
179720	2021-06-07 14:31:00	2021-06-07 14:35:00	2021-06-07 14:39:00	B3.5		POINT(79 14)	14	79	898.0	243.0
179730	2021-06-07 14:49:00	2021-06-07 14:55:00	2021-06-07 15:03:00	B2.8		POINT(89 25)	25	89	856.0	399.0
179740	2021-06-07 20:49:00	2021-06-07 20:52:00	2021-06-07 21:03:00	B2.0		POINT(84 12)	12	84	917.0	205.0
179750	2021-06-08 03:09:00	2021-06-08 03:15:00	2021-06-08 03:23:00	B2.5	12830.0	POINT(78 -27)	-27	78	833.0	-387.0
179760	2021-06-08 05:11:00	2021-06-08 05:22:00	2021-06-08 05:30:00	B3.2		POINT(89 24)	24	89	872.0	389.0
179770	2021-06-08 09:27:00	2021-06-08 09:34:00	2021-06-08 09:42:00	B2.8		POINT(89 23)	23	89	876.0	387.0
179780	2021-06-08 10:19:00	2021-06-08 10:28:00	2021-06-08 10:39:00	B4.7		POINT(89 23)	23	89	870.0	369.0
179790	2021-06-08 10:46:00	2021-06-08 10:53:00	2021-06-08 10:59:00	C1.4		POINT(89 24)	24	89	871.0	390.0
179800	2021-06-08 13:28:00	2021-06-08 13:39:00	2021-06-08 13:54:00	B3.1		POINT(89 23)	23	89	874.0	387.0
179810	2021-06-08 14:21:00	2021-06-08 14:32:00	2021-06-08 14:41:00	B4.0		POINT(89 23)	23	89	876.0	383.0
179820	2021-06-08 14:58:00	2021-06-08 15:08:00	2021-06-08 15:16:00	B3.8		POINT(89 23)	23	89	876.0	384.0
179830	2021-06-08 15:42:00	2021-06-08 15:51:00	2021-06-08 15:57:00	B4.1		POINT(89 23)	23	89	875.0	383.0
179840	2021-06-08 17:16:00	2021-06-08 17:23:00	2021-06-08 17:30:00	C2.4		POINT(89 23)	23	89	873.0	380.0
179850	2021-06-08 18:07:00	2021-06-08 18:14:00	2021-06-08 18:17:00	B4.1		POINT(89 24)	24	89	871.0	395.0
179860	2021-06-08 18:47:00	2021-06-08 19:08:00	2021-06-08 19:17:00	C1.1		POINT(89 23)	23	89	877.0	375.0
179870	2021-06-08 21:34:00	2021-06-08 21:41:00	2021-06-08 21:44:00	B3.3		POINT(89 -26)	-26	89	849.0	-428.0
179880	2021-06-08 22:32:00	2021-06-08 22:35:00	2021-06-08 22:40:00	B4.0		POINT(89 -26)	-26	89	851.0	-419.0
179890	2021-06-09 00:46:00	2021-06-09 00:50:00	2021-06-09 00:54:00	B4.0	12827.0	POINT(89 -25)	-25	89	858.0	-410.0
179900	2021-06-09 03:28:00	2021-06-09 03:35:00	2021-06-09 03:53:00	B3.1	12830.0	POINT(89 -24)	-24	89	862.0	-398.0
179910	2021-06-09 05:05:00	2021-06-09 05:20:00	2021-06-09 05:30:00	B8.0	12831.0	POINT(89 25)	25	89	860.0	401.0
179920	2021-06-09 08:44:00	2021-06-09 09:07:00	2021-06-09 09:22:00	C3.7	12831.0	POINT(89 27)	27	89	851.0	434.0
179930	2021-06-09 11:35:00	2021-06-09 11:44:00	2021-06-09 11:50:00	B4.5	12830.0	POINT(89 -26)	-26	89	857.0	-432.0
179940	2021-06-09 19:10:00	2021-06-09 19:25:00	2021-06-09 19:27:00	B8.1	12831.0	POINT(89 27)	27	89	858.0	447.0
179950	2021-06-10 04:32:00	2021-06-10 04:37:00	2021-06-10 04:57:00	B2.6	12830.0	POINT(89 -23)	-23	89	878.0	-377.0
179960	2021-06-10 05:59:00	2021-06-10 06:42:00	2021-06-10 06:57:00	C1.1		POINT(-89 -18)	-18	-89	-912.0	-309.0
179970	2021-06-10 09:02:00	2021-06-10 09:08:00	2021-06-10 09:19:00	B4.5	12831.0	POINT(89 23)	23	89	884.0	375.0
179980	2021-06-11 07:58:00	2021-06-11 08:02:00	2021-06-11 08:06:00	B2.1	12833.0	POINT(-89 24)	24	-89	-870.0	389.0
179990	2021-06-11 21:55:00	2021-06-11 22:02:00	2021-06-11 22:06:00	B1.4	12832.0	POINT(25 16)	16	25	392.0	252.0
180000	2021-06-12 00:37:00	2021-06-12 00:47:00	2021-06-12 00:52:00	B1.5	12833.0	POINT(-89 22)	22	-89	-879.0	368.0
180010	2021-06-12 01:24:00	2021-06-12 01:33:00	2021-06-12 01:45:00	B2.4	12833.0	POINT(-89 22)	22	-89	-882.0	365.0
180020	2021-06-12 02:41:00	2021-06-12 02:44:00	2021-06-12 02:48:00	B1.4	12833.0	POINT(-89 22)	22	-89	-876.0	369.0
180030	2021-06-12 17:12:00	2021-06-12 17:17:00	2021-06-12 17:25:00	B1.4	12833.0	POINT(-89 24)	24	-89	-864.0	385.0
180040	2021-06-13 07:40:00	2021-06-13 07:46:00	2021-06-13 07:50:00	B1.0	12833.0	POINT(-79 23)	23	-79	-851.0	372.0
180050	2021-06-14 02:58:00	2021-06-14 03:03:00	2021-06-14 03:07:00	B1.0	12832.0	POINT(53 15)	15	53	732.0	242.0
180060	2021-06-21 17:48:00	2021-06-21 17:54:00	2021-06-21 18:00:00	B1.2	12833.0	POINT(36 22)	22	36	519.0	337.0
180070	2021-06-22 02:29:00	2021-06-22 02:43:00	2021-06-22 02:56:00	B3.7	12833.0	POINT(39 29)	29	39	522.0	441.0
180080	2021-06-22 13:05:00	2021-06-22 13:14:00	2021-06-22 13:20:00	B7.8		POINT(-89 23)	23	-89	-875.0	375.0
180090	2021-06-23 06:43:00	2021-06-23 07:07:00	2021-06-23 07:34:00	C3.4		POINT(-89 14)	14	-89	-927.0	245.0
180100	2021-06-23 20:10:00	2021-06-23 20:26:00	2021-06-23 20:42:00	B2.8		POINT(-75 26)	26	-75	-818.0	414.0
180110	2021-06-24 17:10:00	2021-06-24 17:16:00	2021-06-24 17:22:00	B2.8	12833.0	POINT(72 30)	30	72	777.0	464.0
180120	2021-06-24 21:16:00	2021-06-24 21:23:00	2021-06-24 21:26:00	B1.8		POINT(-88 -19)	-19	-88	-891.0	-312.0
180130	2021-06-24 21:26:00	2021-06-24 21:36:00	2021-06-24 21:50:00	B1.9		POINT(-60 19)	19	-60	-773.0	300.0
180140	2021-06-25 01:41:00	2021-06-25 01:50:00	2021-06-25 01:58:00	B2.0		POINT(-87 -19)	-19	-87	-891.0	-308.0
180150	2021-06-25 02:45:00	2021-06-25 03:04:00	2021-06-25 03:26:00	B6.0	12833.0	POINT(75 21)	21	75	859.0	332.0
180160	2021-06-25 13:45:00	2021-06-25 14:03:00	2021-06-25 14:15:00	C1.7	12833.0	POINT(82 23)	23	82	874.0	362.0
180170	2021-06-25 18:39:00	2021-06-25 18:48:00	2021-06-25 18:57:00	B3.1	12835.0	POINT(-69 -19)	-19	-69	-837.0	-321.0
180180	2021-06-25 18:57:00	2021-06-25 19:05:00	2021-06-25 19:16:00	B8.6	12835.0	POINT(-71 -20)	-20	-71	-841.0	-338.0
180190	2021-06-26 02:08:00	2021-06-26 02:19:00	2021-06-26 02:30:00	B3.9		POINT(-53 11)	11	-53	-742.0	169.0
180200	2021-06-26 02:44:00	2021-06-26 02:52:00	2021-06-26 03:00:00	B3.4		POINT(-51 10)	10	-51	-732.0	148.0
180210	2021-06-26 09:46:00	2021-06-26 09:55:00	2021-06-26 10:04:00	B2.7	12835.0	POINT(89 25)	25	89	858.0	417.0
180220	2021-06-26 11:36:00	2021-06-26 11:46:00	2021-06-26 11:53:00	B2.4	12833.0	POINT(89 26)	26	89	858.0	423.0
180230	2021-06-26 11:53:00	2021-06-26 12:02:00	2021-06-26 12:08:00	B2.7	12833.0	POINT(89 26)	26	89	858.0	420.0
180240	2021-06-27 00:54:00	2021-06-27 01:01:00	2021-06-27 01:07:00	B2.4	12835.0	POINT(-51 -18)	-18	-51	-708.0	-317.0
180250	2021-06-27 20:11:00	2021-06-27 20:20:00	2021-06-27 20:28:00	B3.3	12835.0	POINT(-43 -17)	-17	-43	-623.0	-313.0
180260	2021-06-27 21:43:00	2021-06-27 21:52:00	2021-06-27 22:03:00	B2.3	12836.0	POINT(-35 -26)	-26	-35	-486.0	-459.0
180270	2021-06-27 23:25:00	2021-06-27 23:49:00	2021-06-28 00:36:00	B5.0		POINT(-12 26)	26	-12	-180.0	381.0
180280	2021-06-28 02:00:00	2021-06-28 02:10:00	2021-06-28 02:35:00	B5.0	12835.0	POINT(-39 -17)	-17	-39	-570.0	-312.0
180290	2021-06-28 07:43:00	2021-06-28 07:47:00	2021-06-28 07:51:00	B2.7		POINT(-26 -26)	-26	-26	-376.0	-449.0
180300	2021-06-28 07:54:00	2021-06-28 08:08:00	2021-06-28 08:24:00	B6.9	12836.0	POINT(-25 -26)	-26	-25	-365.0	-459.0
180310	2021-06-28 09:15:00	2021-06-28 09:35:00	2021-06-28 09:47:00	C2.0	12836.0	POINT(-27 -29)	-29	-27	-385.0	-483.0
180320	2021-06-28 11:26:00	2021-06-28 11:33:00	2021-06-28 11:39:00	B4.3		POINT(-31 -17)	-17	-31	-466.0	-324.0
180330	2021-06-28 14:24:00	2021-06-28 14:30:00	2021-06-28 14:37:00	B9.2	12835.0	POINT(-29 -18)	-18	-29	-439.0	-329.0
180340	2021-06-28 17:09:00	2021-06-28 17:14:00	2021-06-28 17:22:00	B5.5	12835.0	POINT(-28 -18)	-18	-28	-432.0	-330.0
180350	2021-06-28 17:58:00	2021-06-28 18:06:00	2021-06-28 18:18:00	B3.8	12835.0	POINT(-28 -17)	-17	-28	-425.0	-326.0
180360	2021-06-28 18:56:00	2021-06-28 19:11:00	2021-06-28 19:16:00	C1.6	12835.0	POINT(-27 -18)	-18	-27	-415.0	-332.0
180370	2021-06-28 19:26:00	2021-06-28 19:37:00	2021-06-28 19:45:00	B7.6	12835.0	POINT(-26 -18)	-18	-26	-403.0	-330.0
180380	2021-06-28 21:42:00	2021-06-28 21:50:00	2021-06-28 22:22:00	B5.5	12835.0	POINT(-26 -18)	-18	-26	-396.0	-335.0
180390	2021-06-28 23:09:00	2021-06-28 23:15:00	2021-06-28 23:22:00	B3.0	12835.0	POINT(-23 -16)	-16	-23	-354.0	-311.0
180400	2021-06-29 05:14:00	2021-06-29 05:37:00	2021-06-29 06:00:00	B6.9		POINT(-8 14)	14	-8	-166.0	228.0
180410	2021-06-29 10:30:00	2021-06-29 10:39:00	2021-06-29 10:44:00	B3.4	12835.0	POINT(-15 -17)	-17	-15	-246.0	-322.0
180420	2021-06-29 11:08:00	2021-06-29 11:24:00	2021-06-29 11:44:00	B6.5	12837.0	POINT(-63 18)	18	-63	-807.0	273.0
180430	2021-06-29 12:32:00	2021-06-29 12:42:00	2021-06-29 12:48:00	B8.6	12835.0	POINT(-14 -17)	-17	-14	-231.0	-323.0
180440	2021-06-29 13:47:00	2021-06-29 13:55:00	2021-06-29 14:00:00	B2.2	12835.0	POINT(-14 -16)	-16	-14	-219.0	-315.0
180450	2021-06-29 14:37:00	2021-06-29 14:42:00	2021-06-29 14:46:00	B6.2	12835.0	POINT(-16 -16)	-16	-16	-263.0	-309.0
180460	2021-06-29 17:25:00	2021-06-29 17:35:00	2021-06-29 17:41:00	B3.2	12835.0	POINT(-15 -16)	-16	-15	-240.0	-309.0
180470	2021-06-29 19:15:00	2021-06-29 19:20:00	2021-06-29 19:27:00	B3.3	12835.0	POINT(-12 -16)	-16	-12	-195.0	-312.0
180480	2021-06-30 02:25:00	2021-06-30 02:31:00	2021-06-30 02:56:00	B2.1	12835.0	POINT(-10 -16)	-16	-10	-163.0	-309.0
180490	2021-06-30 02:56:00	2021-06-30 03:07:00	2021-06-30 03:13:00	B4.8	12835.0	POINT(-9 -19)	-19	-9	-151.0	-342.0
180500	2021-06-30 07:04:00	2021-06-30 07:23:00	2021-06-30 07:39:00	B4.6	12835.0	POINT(-8 -18)	-18	-8	-130.0	-347.0
180510	2021-06-30 08:21:00	2021-06-30 08:40:00	2021-06-30 08:49:00	B4.4	12835.0	POINT(-9 -20)	-20	-9	-116.0	-335.0
180520	2021-06-30 12:48:00	2021-06-30 12:55:00	2021-06-30 13:13:00	B3.8	12835.0	POINT(-3 -17)	-17	-3	-53.0	-323.0
180530	2021-06-30 17:23:00	2021-06-30 17:28:00	2021-06-30 17:32:00	C1.4	12835.0	POINT(2 -16)	-16	2	47.0	-319.0
180540	2021-06-30 18:09:00	2021-06-30 18:15:00	2021-06-30 18:19:00	C3.6	12835.0	POINT(3 -16)	-16	3	56.0	-318.0
180550	2021-06-30 18:39:00	2021-06-30 18:44:00	2021-06-30 18:52:00	B2.8	12835.0	POINT(0 -17)	-17	0	-14.0	-329.0
180560	2021-06-30 23:16:00	2021-06-30 23:22:00	2021-06-30 23:26:00	B2.8	12835.0	POINT(2 -17)	-17	2	39.0	-329.0
180570	2021-07-01 09:06:00	2021-07-01 09:13:00	2021-07-01 09:18:00	B3.0	12835.0	POINT(5 -21)	-21	5	85.0	-384.0
180580	2021-07-01 10:34:00	2021-07-01 10:44:00	2021-07-01 11:01:00	B3.0	12835.0	POINT(5 -19)	-19	5	92.0	-357.0
180590	2021-07-01 13:20:00	2021-07-01 13:26:00	2021-07-01 13:30:00	B2.9	12835.0	POINT(8 -20)	-20	8	128.0	-369.0
180600	2021-07-01 16:58:00	2021-07-01 17:01:00	2021-07-01 17:05:00	B2.5	12835.0	POINT(14 -16)	-16	14	228.0	-310.0
180610	2021-07-01 17:53:00	2021-07-01 18:01:00	2021-07-01 18:08:00	B2.8	12837.0	POINT(-35 18)	18	-35	-522.0	264.0
180620	2021-07-01 18:14:00	2021-07-01 18:24:00	2021-07-01 18:30:00	B5.1	12835.0	POINT(12 -17)	-17	12	165.0	-346.0
180630	2021-07-01 18:45:00	2021-07-01 18:56:00	2021-07-01 19:09:00	B2.8	12835.0	POINT(11 -19)	-19	11	171.0	-365.0
180640	2021-07-02 01:16:00	2021-07-02 01:23:00	2021-07-02 01:32:00	B3.1	12837.0	POINT(-30 18)	18	-30	-459.0	264.0
180650	2021-07-02 06:11:00	2021-07-02 06:17:00	2021-07-02 06:33:00	B2.9	12837.0	POINT(-28 18)	18	-28	-420.0	264.0
180660	2021-07-02 06:33:00	2021-07-02 06:39:00	2021-07-02 06:44:00	B3.2	12837.0	POINT(-24 16)	16	-24	-383.0	227.0
180670	2021-07-02 10:07:00	2021-07-02 10:21:00	2021-07-02 10:46:00	B3.0	12836.0	POINT(27 -30)	-30	27	371.0	-471.0
180680	2021-07-02 18:40:00	2021-07-02 18:43:00	2021-07-02 18:47:00	B3.4	12835.0	POINT(25 -19)	-19	25	384.0	-358.0
180690	2021-07-02 21:48:00	2021-07-02 21:54:00	2021-07-02 22:02:00	B8.5	12838.0	POINT(73 23)	23	73	828.0	364.0
180700	2021-07-02 22:54:00	2021-07-02 23:04:00	2021-07-02 23:08:00	B3.6	12835.0	POINT(28 -16)	-16	28	440.0	-305.0
180710	2021-07-03 01:02:00	2021-07-03 01:15:00	2021-07-03 01:22:00	B5.1	12838.0	POINT(78 23)	23	78	839.0	363.0
180720	2021-07-03 02:14:00	2021-07-03 02:31:00	2021-07-03 02:39:00	C5.7	12838.0	POINT(78 23)	23	78	840.0	362.0
180730	2021-07-03 04:39:00	2021-07-03 04:44:00	2021-07-03 04:55:00	B5.1	12838.0	POINT(79 24)	24	79	843.0	381.0
180740	2021-07-03 04:58:00	2021-07-03 05:08:00	2021-07-03 05:24:00	C1.9	12838.0	POINT(75 24)	24	75	848.0	363.0
180750	2021-07-03 07:04:00	2021-07-03 07:17:00	2021-07-03 07:22:00	M2.7	12838.0	POINT(78 23)	23	78	848.0	365.0
180760	2021-07-03 12:55:00	2021-07-03 13:11:00	2021-07-03 13:22:00	C1.9	12838.0	POINT(83 23)	23	83	861.0	366.0
180770	2021-07-03 14:18:00	2021-07-03 14:29:00	2021-07-03 14:34:00	X1.5	12838.0	POINT(81 24)	24	81	859.0	365.0
180780	2021-07-03 16:26:00	2021-07-03 16:33:00	2021-07-03 16:42:00	B8.6	12835.0	POINT(37 -16)	-16	37	551.0	-325.0
180790	2021-07-03 16:52:00	2021-07-03 16:55:00	2021-07-03 16:59:00	B7.6	12838.0	POINT(84 23)	23	84	861.0	368.0
180800	2021-07-03 16:59:00	2021-07-03 17:02:00	2021-07-03 17:09:00	M1.0	12838.0	POINT(82 24)	24	82	863.0	359.0
180810	2021-07-03 20:00:00	2021-07-03 20:09:00	2021-07-03 20:16:00	B7.0		POINT(88 22)	22	88	874.0	365.0
180820	2021-07-03 21:17:00	2021-07-03 21:24:00	2021-07-03 21:28:00	B5.1	12835.0	POINT(44 -20)	-20	44	617.0	-370.0
180830	2021-07-03 21:34:00	2021-07-03 21:41:00	2021-07-03 21:46:00	B5.2	12838.0	POINT(88 22)	22	88	873.0	365.0
180840	2021-07-03 21:51:00	2021-07-03 22:02:00	2021-07-03 22:08:00	B6.0	12838.0	POINT(88 22)	22	88	869.0	368.0
180850	2021-07-03 23:23:00	2021-07-03 23:30:00	2021-07-03 23:37:00	B6.1	12838.0	POINT(88 22)	22	88	872.0	367.0
180860	2021-07-04 01:03:00	2021-07-04 01:17:00	2021-07-04 01:24:00	B5.7	12838.0	POINT(88 22)	22	88	871.0	362.0
180870	2021-07-04 01:34:00	2021-07-04 01:49:00	2021-07-04 02:14:00	C2.0	12838.0	POINT(88 22)	22	88	877.0	368.0
180880	2021-07-04 03:26:00	2021-07-04 03:36:00	2021-07-04 03:44:00	C2.1	12838.0	POINT(88 23)	23	88	867.0	386.0
180890	2021-07-04 05:01:00	2021-07-04 05:09:00	2021-07-04 05:15:00	M1.5	12838.0	POINT(88 22)	22	88	872.0	363.0
180900	2021-07-04 07:38:00	2021-07-04 07:44:00	2021-07-04 07:50:00	B5.6	12839.0	POINT(-47 18)	18	-47	-655.0	282.0
180910	2021-07-04 07:52:00	2021-07-04 07:57:00	2021-07-04 08:01:00	C1.3	12839.0	POINT(-47 18)	18	-47	-638.0	278.0
180920	2021-07-04 10:56:00	2021-07-04 10:59:00	2021-07-04 11:03:00	B4.7	12839.0	POINT(51 -21)	-21	51	688.0	-372.0
180930	2021-07-04 16:15:00	2021-07-04 16:21:00	2021-07-04 16:30:00	B3.2	12839.0	POINT(-42 19)	19	-42	-606.0	281.0
180940	2021-07-04 17:24:00	2021-07-04 17:35:00	2021-07-04 17:53:00	B3.1	12835.0	POINT(54 -16)	-16	54	735.0	-300.0
180950	2021-07-04 17:57:00	2021-07-04 18:13:00	2021-07-04 18:18:00	C1.7	12835.0	POINT(54 -20)	-20	54	715.0	-408.0
180960	2021-07-04 21:12:00	2021-07-04 21:27:00	2021-07-04 21:45:00	B5.3	12838.0	POINT(88 24)	24	88	866.0	399.0
180970	2021-07-05 04:19:00	2021-07-05 04:31:00	2021-07-05 04:50:00	B4.7	12839.0	POINT(-36 19)	19	-36	863.0	406.0
180980	2021-07-05 04:52:00	2021-07-05 05:09:00	2021-07-05 05:30:00	B5.1	12835.0	POINT(57 -24)	-24	57	726.0	-422.0
180990	2021-07-05 09:52:00	2021-07-05 10:07:00	2021-07-05 10:28:00	B2.9	12838.0	POINT(88 26)	26	88	855.0	422.0
181000	2021-07-05 14:45:00	2021-07-05 15:03:00	2021-07-05 15:33:00	B3.3	12838.0	POINT(88 27)	27	88	849.0	438.0
181010	2021-07-05 16:15:00	2021-07-05 16:22:00	2021-07-05 16:28:00	B3.3	12836.0	POINT(70 -28)	-28	70	786.0	-459.0
181020	2021-07-05 16:36:00	2021-07-05 16:50:00	2021-07-05 17:05:00	B5.3	12838.0	POINT(88 25)	25	88	856.0	417.0
181030	2021-07-05 18:09:00	2021-07-05 18:24:00	2021-07-05 18:33:00	C1.1	12835.0	POINT(65 -22)	-22	65	794.0	-383.0
181040	2021-07-05 18:37:00	2021-07-05 18:43:00	2021-07-05 18:53:00	C1.7	12836.0	POINT(70 -27)	-27	70	787.0	-468.0
181050	2021-07-06 11:23:00	2021-07-06 11:28:00	2021-07-06 11:38:00	B2.5	12835.0	POINT(79 -16)	-16	79	888.0	-278.0
181060	2021-07-06 14:24:00	2021-07-06 14:33:00	2021-07-06 14:38:00	B4.3	12835.0	POINT(76 -18)	-18	76	871.0	-311.0
181070	2021-07-06 19:06:00	2021-07-06 19:15:00	2021-07-06 19:20:00	C1.2	12835.0	POINT(80 -18)	-18	80	882.0	-306.0
181080	2021-07-06 20:53:00	2021-07-06 21:01:00	2021-07-06 21:06:00	B5.2	12835.0	POINT(81 -18)	-18	81	884.0	-309.0
181090	2021-07-06 21:44:00	2021-07-06 21:50:00	2021-07-06 21:54:00	C1.1	12835.0	POINT(81 -20)	-20	81	876.0	-333.0
181100	2021-07-06 23:37:00	2021-07-06 23:50:00	2021-07-06 23:52:00	B3.2	12835.0	POINT(88 -23)	-23	88	869.0	-371.0
181110	2021-07-06 23:52:00	2021-07-07 00:01:00	2021-07-07 00:19:00	B4.6	12835.0	POINT(87 -26)	-26	87	847.0	-413.0
181120	2021-07-07 03:24:00	2021-07-07 03:31:00	2021-07-07 03:35:00	B3.4	12835.0	POINT(88 -18)	-18	88	898.0	-296.0
181130	2021-07-07 07:12:00	2021-07-07 07:16:00	2021-07-07 07:20:00	B2.7	12835.0	POINT(88 -21)	-21	88	881.0	-346.0
181140	2021-07-07 11:26:00	2021-07-07 11:34:00	2021-07-07 11:38:00	B5.5	12835.0	POINT(88 -16)	-16	88	907.0	-268.0
181150	2021-07-07 13:29:00	2021-07-07 13:38:00	2021-07-07 13:43:00	B3.0	12835.0	POINT(88 -16)	-16	88	908.0	-269.0
181160	2021-07-07 15:16:00	2021-07-07 15:46:00	2021-07-07 16:17:00	B6.8	12837.0	POINT(51 17)	17	51	706.0	245.0
181170	2021-07-08 04:09:00	2021-07-08 04:16:00	2021-07-08 04:29:00	B2.5	12835.0	POINT(88 -15)	-15	88	924.0	-251.0
181180	2021-07-08 14:28:00	2021-07-08 14:38:00	2021-07-08 14:45:00	B1.6	12840.0	POINT(88 26)	26	88	854.0	422.0
181190	2021-07-08 17:12:00	2021-07-08 17:19:00	2021-07-08 17:23:00	B1.7	12837.0	POINT(88 26)	26	88	849.0	426.0
181200	2021-07-08 17:33:00	2021-07-08 17:45:00	2021-07-08 17:53:00	B2.8	12840.0	POINT(88 26)	26	88	845.0	423.0
181210	2021-07-08 19:09:00	2021-07-08 19:14:00	2021-07-08 19:19:00	B1.4	12840.0	POINT(88 26)	26	88	843.0	421.0
181220	2021-07-08 19:26:00	2021-07-08 19:33:00	2021-07-08 19:37:00	B2.6	12840.0	POINT(87 26)	26	87	843.0	416.0
181230	2021-07-08 19:46:00	2021-07-08 19:53:00	2021-07-08 19:59:00	B1.2	12840.0	POINT(88 27)	27	88	840.0	431.0
181240	2021-07-08 21:57:00	2021-07-08 22:01:00	2021-07-08 22:07:00	B2.3	12840.0	POINT(88 27)	27	88	843.0	430.0
181250	2021-07-08 22:13:00	2021-07-08 22:19:00	2021-07-08 22:25:00	B3.3	12840.0	POINT(88 27)	27	88	840.0	435.0
181260	2021-07-08 23:23:00	2021-07-08 23:36:00	2021-07-08 23:50:00	B1.3	12840.0	POINT(88 27)	27	88	843.0	434.0
181270	2021-07-09 00:17:00	2021-07-09 00:22:00	2021-07-09 00:26:00	B1.9	12840.0	POINT(88 27)	27	88	842.0	438.0
181280	2021-07-09 01:53:00	2021-07-09 01:58:00	2021-07-09 02:02:00	B1.2	12840.0	POINT(87 26)	26	87	840.0	424.0
181290	2021-07-09 02:29:00	2021-07-09 02:34:00	2021-07-09 02:40:00	B1.1	12840.0	POINT(88 27)	27	88	840.0	440.0
181300	2021-07-09 02:40:00	2021-07-09 02:44:00	2021-07-09 02:49:00	B1.8	12840.0	POINT(88 26)	26	88	850.0	423.0
181310	2021-07-09 04:36:00	2021-07-09 04:40:00	2021-07-09 04:43:00	B1.5	12840.0	POINT(88 27)	27	88	845.0	438.0
181320	2021-07-09 04:43:00	2021-07-09 04:49:00	2021-07-09 04:57:00	B2.1	12840.0	POINT(88 26)	26	88	854.0	424.0
181330	2021-07-09 07:08:00	2021-07-09 07:16:00	2021-07-09 07:30:00	B2.1	12840.0	POINT(88 26)	26	88	852.0	430.0
181340	2021-07-09 07:30:00	2021-07-09 07:55:00	2021-07-09 08:03:00	C6.0	12840.0	POINT(88 27)	27	88	842.0	443.0
181350	2021-07-09 10:31:00	2021-07-09 10:50:00	2021-07-09 10:58:00	C7.0	12840.0	POINT(88 27)	27	88	842.0	440.0
181360	2021-07-09 11:46:00	2021-07-09 11:58:00	2021-07-09 12:07:00	B1.3	12840.0	POINT(88 27)	27	88	849.0	437.0
181370	2021-07-09 12:07:00	2021-07-09 12:15:00	2021-07-09 12:21:00	B1.3	12840.0	POINT(88 26)	26	88	855.0	430.0
181380	2021-07-09 13:08:00	2021-07-09 13:19:00	2021-07-09 13:32:00	B1.2	12840.0	POINT(88 27)	27	88	845.0	442.0
181390	2021-07-09 13:32:00	2021-07-09 13:41:00	2021-07-09 13:49:00	B1.2	12840.0	POINT(88 27)	27	88	852.0	440.0
181400	2021-07-09 14:20:00	2021-07-09 14:38:00	2021-07-09 14:47:00	B3.9	12840.0	POINT(88 27)	27	88	840.0	437.0
181410	2021-07-09 14:47:00	2021-07-09 14:57:00	2021-07-09 15:03:00	B8.3	12840.0	POINT(88 27)	27	88	847.0	434.0
181420	2021-07-09 17:15:00	2021-07-09 17:25:00	2021-07-09 17:30:00	C4.7	12840.0	POINT(88 30)	30	88	816.0	480.0
181430	2021-07-09 20:05:00	2021-07-09 20:12:00	2021-07-09 20:18:00	B1.2	12840.0	POINT(88 27)	27	88	834.0	440.0
181440	2021-07-09 20:36:00	2021-07-09 20:41:00	2021-07-09 20:45:00	B5.1	12841.0	POINT(-61 -19)	-19	-61	-783.0	-336.0
181450	2021-07-09 22:19:00	2021-07-09 22:26:00	2021-07-09 22:30:00	B1.5	12840.0	POINT(88 27)	27	88	841.0	443.0
181460	2021-07-09 23:01:00	2021-07-09 23:17:00	2021-07-09 23:27:00	B1.5	12841.0	POINT(-62 -20)	-20	-62	-786.0	-355.0
181470	2021-07-10 01:56:00	2021-07-10 02:06:00	2021-07-10 02:10:00	B2.9	12840.0	POINT(87 31)	31	87	824.0	499.0
181480	2021-07-10 10:11:00	2021-07-10 10:26:00	2021-07-10 10:40:00	B1.6	12840.0	POINT(87 32)	32	87	809.0	514.0
181490	2021-07-11 01:25:00	2021-07-11 01:32:00	2021-07-11 01:37:00	B7.1	12841.0	POINT(-43 -18)	-18	-43	-624.0	-350.0
181500	2021-07-11 10:37:00	2021-07-11 10:50:00	2021-07-11 10:58:00	B3.2	12841.0	POINT(-38 -18)	-18	-38	-561.0	-353.0
181510	2021-07-11 20:41:00	2021-07-11 20:47:00	2021-07-11 20:56:00	B2.0	12842.0	POINT(-32 -18)	-18	-32	-486.0	-350.0
181520	2021-07-12 15:29:00	2021-07-12 15:38:00	2021-07-12 15:43:00	B1.2	12842.0	POINT(-52 28)	28	-52	-663.0	408.0
181530	2021-07-13 18:28:00	2021-07-13 18:35:00	2021-07-13 18:39:00	B2.0	12843.0	POINT(27 -17)	-17	27	416.0	-341.0
181540	2021-07-14 19:39:00	2021-07-14 19:49:00	2021-07-14 19:59:00	B1.7		POINT(-85 -42)	-42	-85	-713.0	-651.0
181550	2021-07-14 21:20:00	2021-07-14 21:31:00	2021-07-14 21:54:00	B2.1		POINT(-85 -42)	-42	-85	-711.0	-654.0
181560	2021-07-15 01:16:00	2021-07-15 01:27:00	2021-07-15 01:38:00	B1.2		POINT(-85 -42)	-42	-85	-712.0	-647.0
181570	2021-07-15 07:23:00	2021-07-15 07:35:00	2021-07-15 07:44:00	B1.2		POINT(-85 -41)	-41	-85	-717.0	-633.0
181580	2021-07-15 08:14:00	2021-07-15 08:21:00	2021-07-15 08:26:00	B1.1		POINT(-85 -45)	-45	-85	-659.0	-684.0
181590	2021-07-15 18:44:00	2021-07-15 18:56:00	2021-07-15 19:00:00	B5.3	12843.0	POINT(58 -18)	-18	58	761.0	-291.0
181600	2021-07-15 20:06:00	2021-07-15 20:10:00	2021-07-15 20:14:00	B1.3	12843.0	POINT(58 -17)	-17	58	765.0	-276.0
181610	2021-07-15 21:01:00	2021-07-15 21:10:00	2021-07-15 21:14:00	B2.0	12843.0	POINT(60 -17)	-17	60	781.0	-276.0
181620	2021-07-15 21:14:00	2021-07-15 21:19:00	2021-07-15 21:24:00	B4.9		POINT(60 -18)	-18	60	786.0	-324.0
181630	2021-07-15 23:08:00	2021-07-15 23:17:00	2021-07-15 23:18:00	B4.7	12843.0	POINT(61 -18)	-18	61	789.0	-325.0
181640	2021-07-15 23:18:00	2021-07-15 23:23:00	2021-07-15 23:27:00	B6.7	12843.0	POINT(62 -18)	-18	62	798.0	-324.0
181650	2021-07-16 00:15:00	2021-07-16 00:18:00	2021-07-16 00:25:00	B1.2	12843.0	POINT(62 -17)	-17	62	797.0	-276.0
181660	2021-07-16 00:51:00	2021-07-16 01:02:00	2021-07-16 01:12:00	B2.1	12843.0	POINT(62 -17)	-17	62	798.0	-315.0
181670	2021-07-16 01:22:00	2021-07-16 01:27:00	2021-07-16 01:31:00	B2.7	12843.0	POINT(62 -17)	-17	62	797.0	-318.0
181680	2021-07-16 01:58:00	2021-07-16 02:10:00	2021-07-16 02:21:00	B5.8	12843.0	POINT(63 -18)	-18	63	804.0	-322.0
181690	2021-07-16 03:14:00	2021-07-16 03:20:00	2021-07-16 03:25:00	B2.3	12843.0	POINT(63 -17)	-17	63	806.0	-314.0
181700	2021-07-16 03:39:00	2021-07-16 03:48:00	2021-07-16 03:52:00	B2.0	12843.0	POINT(64 -17)	-17	64	811.0	-318.0
181710	2021-07-16 03:52:00	2021-07-16 03:57:00	2021-07-16 04:02:00	B2.3	12843.0	POINT(64 -18)	-18	64	810.0	-327.0
181720	2021-07-16 04:34:00	2021-07-16 04:42:00	2021-07-16 04:49:00	B4.0	12843.0	POINT(63 -17)	-17	63	810.0	-309.0
181730	2021-07-16 04:49:00	2021-07-16 05:00:00	2021-07-16 05:05:00	B5.0	12843.0	POINT(64 -17)	-17	64	813.0	-314.0
181740	2021-07-16 05:49:00	2021-07-16 06:02:00	2021-07-16 06:11:00	B7.8	12843.0	POINT(65 -17)	-17	65	819.0	-315.0
181750	2021-07-16 06:47:00	2021-07-16 06:53:00	2021-07-16 06:57:00	B2.7	12843.0	POINT(65 -17)	-17	65	822.0	-312.0
181760	2021-07-16 07:14:00	2021-07-16 07:27:00	2021-07-16 07:36:00	C1.1	12843.0	POINT(65 -17)	-17	65	820.0	-309.0
181770	2021-07-16 08:27:00	2021-07-16 08:37:00	2021-07-16 08:45:00	C1.7	12843.0	POINT(64 -17)	-17	64	824.0	-312.0
181780	2021-07-16 10:30:00	2021-07-16 10:41:00	2021-07-16 10:51:00	B1.8	12843.0	POINT(68 -18)	-18	68	833.0	-317.0
181790	2021-07-16 11:22:00	2021-07-16 11:32:00	2021-07-16 11:34:00	B2.6	12843.0	POINT(68 -18)	-18	68	837.0	-318.0
181800	2021-07-16 11:34:00	2021-07-16 11:40:00	2021-07-16 11:46:00	B8.1		POINT(68 -17)	-17	68	839.0	-309.0
181810	2021-07-16 12:54:00	2021-07-16 12:59:00	2021-07-16 13:05:00	B4.1	12844.0	POINT(-79 -44)	-44	-79	-665.0	-665.0
181820	2021-07-16 14:19:00	2021-07-16 14:30:00	2021-07-16 14:44:00	B3.4	12843.0	POINT(70 -16)	-16	70	848.0	-315.0
181830	2021-07-16 15:51:00	2021-07-16 16:00:00	2021-07-16 16:09:00	B1.4	12843.0	POINT(72 -18)	-18	72	856.0	-316.0
181840	2021-07-16 16:09:00	2021-07-16 16:14:00	2021-07-16 16:19:00	B1.9	12843.0	POINT(71 -18)	-18	71	851.0	-315.0
181850	2021-07-16 16:23:00	2021-07-16 16:26:00	2021-07-16 16:31:00	B1.9	12844.0	POINT(-75 -43)	-43	-75	-657.0	-666.0
181860	2021-07-16 17:08:00	2021-07-16 17:18:00	2021-07-16 17:27:00	B2.1	12843.0	POINT(73 -18)	-18	73	859.0	-314.0
181870	2021-07-16 18:22:00	2021-07-16 18:27:00	2021-07-16 18:32:00	B1.4	12844.0	POINT(-73 -44)	-44	-73	-651.0	-669.0
181880	2021-07-16 20:40:00	2021-07-16 20:45:00	2021-07-16 20:49:00	B1.5	12844.0	POINT(-72 -43)	-43	-72	-647.0	-669.0
181890	2021-07-17 03:01:00	2021-07-17 03:17:00	2021-07-17 03:30:00	B7.8	12842.0	POINT(3 26)	26	3	38.0	344.0
181900	2021-07-17 05:47:00	2021-07-17 05:55:00	2021-07-17 06:03:00	B1.4	12842.0	POINT(4 25)	25	4	61.0	339.0
181910	2021-07-17 08:01:00	2021-07-17 08:09:00	2021-07-17 08:16:00	B1.1	12842.0	POINT(5 25)	25	5	77.0	339.0
181920	2021-07-17 16:03:00	2021-07-17 16:08:00	2021-07-17 16:12:00	B1.3	12845.0	POINT(0 -15)	-15	0	0.0	-332.0
181930	2021-07-17 16:12:00	2021-07-17 16:16:00	2021-07-17 16:20:00	B4.4	12845.0	POINT(0 -16)	-16	0	-3.0	-335.0
181940	2021-07-17 16:39:00	2021-07-17 16:49:00	2021-07-17 17:01:00	B1.3	12842.0	POINT(9 25)	25	9	147.0	342.0
181950	2021-07-17 17:05:00	2021-07-17 17:14:00	2021-07-17 17:19:00	B4.7	12845.0	POINT(0 -16)	-16	0	3.0	-343.0
181960	2021-07-17 17:41:00	2021-07-17 17:43:00	2021-07-17 17:47:00	B2.2	12845.0	POINT(1 -16)	-16	1	20.0	-338.0
181970	2021-07-17 18:30:00	2021-07-17 18:36:00	2021-07-17 18:40:00	B1.9	12845.0	POINT(1 -16)	-16	1	27.0	-346.0
181980	2021-07-17 19:01:00	2021-07-17 19:07:00	2021-07-17 19:11:00	B1.6	12845.0	POINT(1 -16)	-16	1	23.0	-342.0
181990	2021-07-17 21:39:00	2021-07-17 21:47:00	2021-07-17 21:55:00	B2.0	12843.0	POINT(88 -16)	-16	88	915.0	-272.0
182000	2021-07-17 23:27:00	2021-07-17 23:46:00	2021-07-18 00:04:00	B2.6	12843.0	POINT(88 -16)	-16	88	914.0	-275.0
182010	2021-07-18 01:43:00	2021-07-18 01:47:00	2021-07-18 01:51:00	B2.6	12845.0	POINT(88 -16)	-16	88	917.0	-267.0
182020	2021-07-18 01:58:00	2021-07-18 02:09:00	2021-07-18 02:23:00	B3.4	12843.0	POINT(88 -17)	-17	88	915.0	-283.0
182030	2021-07-18 02:53:00	2021-07-18 03:01:00	2021-07-18 03:05:00	B3.4	12843.0	POINT(88 -16)	-16	88	911.0	-279.0
182040	2021-07-18 03:35:00	2021-07-18 03:53:00	2021-07-18 04:05:00	B2.5	12843.0	POINT(88 -17)	-17	88	916.0	-282.0
182050	2021-07-18 04:05:00	2021-07-18 04:12:00	2021-07-18 04:17:00	B2.8	12843.0	POINT(88 -16)	-16	88	912.0	-272.0
182060	2021-07-18 06:56:00	2021-07-18 07:09:00	2021-07-18 07:21:00	B9.7	12843.0	POINT(88 -17)	-17	88	915.0	-283.0
182070	2021-07-18 10:14:00	2021-07-18 10:23:00	2021-07-18 10:30:00	B1.6		POINT(-88 25)	25	-88	-858.0	415.0
182080	2021-07-18 16:43:00	2021-07-18 16:50:00	2021-07-18 16:54:00	B2.2		POINT(-88 25)	25	-88	-859.0	420.0
182090	2021-07-18 16:54:00	2021-07-18 16:59:00	2021-07-18 17:03:00	B2.2		POINT(-87 26)	26	-87	-857.0	433.0
182100	2021-07-18 19:32:00	2021-07-18 19:42:00	2021-07-18 19:52:00	B3.8		POINT(-88 25)	25	-88	-866.0	409.0
182110	2021-07-19 01:20:00	2021-07-19 01:29:00	2021-07-19 01:43:00	B4.4		POINT(-87 25)	25	-87	-857.0	417.0
182120	2021-07-19 04:49:00	2021-07-19 04:55:00	2021-07-19 05:01:00	B2.1		POINT(-88 24)	24	-88	-862.0	397.0
182130	2021-07-19 13:39:00	2021-07-19 13:46:00	2021-07-19 13:52:00	B4.0	12842.0	POINT(34 24)	24	34	489.0	339.0
182140	2021-07-19 17:21:00	2021-07-19 17:53:00	2021-07-19 18:17:00	B6.8		POINT(-88 -13)	-13	-88	-932.0	-230.0
182150	2021-07-19 18:19:00	2021-07-19 19:07:00	2021-07-19 19:27:00	C1.2		POINT(-88 -14)	-14	-88	-928.0	-239.0
182160	2021-07-20 13:30:00	2021-07-20 13:38:00	2021-07-20 13:45:00	B5.0		POINT(-88 -15)	-15	-88	-929.0	-252.0
182170	2021-07-20 15:36:00	2021-07-20 15:46:00	2021-07-20 15:51:00	B5.0		POINT(-88 -15)	-15	-88	-926.0	-256.0
182180	2021-07-20 16:18:00	2021-07-20 16:33:00	2021-07-20 16:46:00	B5.4		POINT(-63 27)	27	-63	-749.0	404.0
182190	2021-07-20 20:12:00	2021-07-20 20:24:00	2021-07-20 20:31:00	B5.5	12846.0	POINT(-69 25)	25	-69	-797.0	385.0
182200	2021-07-20 23:19:00	2021-07-20 23:27:00	2021-07-20 23:37:00	C1.0		POINT(-88 -15)	-15	-88	-920.0	-258.0
182210	2021-07-21 02:01:00	2021-07-21 02:09:00	2021-07-21 02:15:00	B3.3	12847.0	POINT(-88 -15)	-15	-88	-922.0	-253.0
182220	2021-07-21 09:08:00	2021-07-21 09:35:00	2021-07-21 09:52:00	B8.7		POINT(-88 -16)	-16	-88	-923.0	-272.0
182230	2021-07-21 10:54:00	2021-07-21 11:00:00	2021-07-21 11:07:00	B5.9	12847.0	POINT(-86 -28)	-28	-86	-832.0	-458.0
182240	2021-07-21 11:51:00	2021-07-21 11:58:00	2021-07-21 12:06:00	B8.6	12842.0	POINT(57 25)	25	57	720.0	368.0
182250	2021-07-21 13:39:00	2021-07-21 13:48:00	2021-07-21 13:54:00	B9.3	12842.0	POINT(-88 -14)	-14	-88	-938.0	-239.0
182260	2021-07-21 15:09:00	2021-07-21 15:20:00	2021-07-21 15:33:00	B6.5	12845.0	POINT(55 -13)	-13	55	753.0	-290.0
182270	2021-07-21 15:36:00	2021-07-21 15:42:00	2021-07-21 15:52:00	B7.9	12845.0	POINT(56 -13)	-13	56	766.0	-261.0
182280	2021-07-21 15:55:00	2021-07-21 16:04:00	2021-07-21 16:11:00	C1.2	12849.0	POINT(-87 -21)	-21	-87	-890.0	-349.0
182290	2021-07-21 19:47:00	2021-07-21 20:05:00	2021-07-21 20:19:00	C1.3	12845.0	POINT(55 -13)	-13	55	787.0	-275.0
182300	2021-07-21 22:22:00	2021-07-21 22:30:00	2021-07-21 22:42:00	B5.2	12845.0	POINT(60 -14)	-14	60	794.0	-273.0
182310	2021-07-22 13:12:00	2021-07-22 13:16:00	2021-07-22 13:21:00	B4.8	12849.0	POINT(67 -14)	-14	67	842.0	-271.0
182320	2021-07-23 01:51:00	2021-07-23 02:19:00	2021-07-23 02:39:00	B4.5		POINT(77 -19)	-19	77	869.0	-330.0
182330	2021-07-23 09:58:00	2021-07-23 10:04:00	2021-07-23 10:08:00	B4.1		POINT(82 26)	26	82	834.0	415.0
182340	2021-07-23 14:07:00	2021-07-23 14:14:00	2021-07-23 14:20:00	B2.9	12849.0	POINT(-58 -15)	-15	-58	-773.0	-311.0
182350	2021-07-23 16:32:00	2021-07-23 16:39:00	2021-07-23 16:43:00	B3.7		POINT(89 26)	26	89	848.0	413.0
182360	2021-07-23 17:47:00	2021-07-23 17:54:00	2021-07-23 17:58:00	B2.7	12849.0	POINT(-26 24)	24	-26	-382.0	316.0
182370	2021-07-23 18:52:00	2021-07-23 19:01:00	2021-07-23 19:05:00	B5.6	12849.0	POINT(-25 23)	23	-25	-372.0	312.0
182380	2021-07-23 19:17:00	2021-07-23 19:31:00	2021-07-23 19:44:00	B5.1	12849.0	POINT(-59 -13)	-13	-59	-791.0	-268.0
182390	2021-07-23 20:43:00	2021-07-23 20:50:00	2021-07-23 20:57:00	B3.0	12849.0	POINT(-25 24)	24	-25	-365.0	321.0
182400	2021-07-23 23:54:00	2021-07-24 00:33:00	2021-07-24 01:02:00	C4.3	12849.0	POINT(-52 -16)	-16	-52	-718.0	-323.0
182410	2021-07-24 01:58:00	2021-07-24 02:06:00	2021-07-24 02:10:00	C1.5	12849.0	POINT(87 29)	29	87	829.0	468.0
182420	2021-07-24 08:10:00	2021-07-24 08:16:00	2021-07-24 08:22:00	B4.4	12849.0	POINT(88 -17)	-17	88	913.0	-284.0
182430	2021-07-24 11:45:00	2021-07-24 11:52:00	2021-07-24 11:58:00	B2.7	12849.0	POINT(15 22)	22	15	239.0	282.0
182440	2021-07-25 04:42:00	2021-07-25 04:57:00	2021-07-25 05:13:00	B2.5		POINT(26 20)	20	26	399.0	263.0
182450	2021-07-25 13:27:00	2021-07-25 13:35:00	2021-07-25 13:44:00	B1.8		POINT(-37 -23)	-23	-37	-525.0	-445.0
182460	2021-07-27 02:00:00	2021-07-27 02:13:00	2021-07-27 02:34:00	B1.9		POINT(-12 -14)	-14	-12	-206.0	-315.0
182470	2021-07-27 19:15:00	2021-07-27 19:23:00	2021-07-27 19:29:00	B5.2	12846.0	POINT(28 25)	25	28	412.0	320.0
182480	2021-07-27 21:44:00	2021-07-27 21:50:00	2021-07-27 21:57:00	B5.2	12846.0	POINT(29 25)	25	29	425.0	329.0
182490	2021-07-27 22:08:00	2021-07-27 22:26:00	2021-07-27 22:40:00	B9.7	12849.0	POINT(3 -17)	-17	3	60.0	-365.0
182500	2021-07-28 02:06:00	2021-07-28 02:13:00	2021-07-28 02:18:00	B1.0	12846.0	POINT(32 24)	24	32	458.0	328.0
182510	2021-07-28 05:05:00	2021-07-28 05:11:00	2021-07-28 05:15:00	B1.0	12846.0	POINT(33 24)	24	33	479.0	327.0
182520	2021-07-28 05:18:00	2021-07-28 05:26:00	2021-07-28 05:32:00	B1.4	12846.0	POINT(34 25)	25	34	481.0	333.0
182530	2021-07-28 05:39:00	2021-07-28 05:44:00	2021-07-28 05:50:00	B1.0	12846.0	POINT(33 25)	25	33	471.0	342.0
182540	2021-07-28 07:25:00	2021-07-28 07:38:00	2021-07-28 07:43:00	B6.9	12846.0	POINT(34 26)	26	34	487.0	341.0
182550	2021-07-28 13:53:00	2021-07-28 14:00:00	2021-07-28 14:05:00	B2.9	12846.0	POINT(37 26)	26	37	528.0	345.0
182560	2021-07-28 16:24:00	2021-07-28 16:30:00	2021-07-28 16:35:00	B1.1		POINT(25 -31)	-31	25	343.0	-567.0
182570	2021-07-28 21:09:00	2021-07-28 21:14:00	2021-07-28 21:20:00	B1.6	12846.0	POINT(42 25)	25	42	574.0	347.0
182580	2021-07-28 23:08:00	2021-07-28 23:12:00	2021-07-28 23:20:00	B1.2	12846.0	POINT(42 26)	26	42	579.0	355.0
182590	2021-07-29 19:25:00	2021-07-29 19:34:00	2021-07-29 19:43:00	B1.1	12849.0	POINT(30 -16)	-16	30	454.0	-351.0
182600	2021-07-31 16:05:00	2021-07-31 17:48:00	2021-07-31 19:41:00	B2.4	12849.0	POINT(49 -23)	-23	49	663.0	-431.0
182610	2021-08-02 18:29:00	2021-08-02 18:35:00	2021-08-02 18:38:00	B1.0	12850.0	POINT(26 -33)	-33	26	350.0	-593.0
182620	2021-08-04 03:13:00	2021-08-04 03:29:00	2021-08-04 03:39:00	B5.9	12850.0	POINT(43 -34)	-34	43	544.0	-587.0
182630	2021-08-04 12:25:00	2021-08-04 12:31:00	2021-08-04 12:35:00	B1.1	12850.0	POINT(48 -33)	-33	48	590.0	-575.0
182640	2021-08-05 22:24:00	2021-08-05 22:34:00	2021-08-05 22:56:00	B1.3		POINT(-86 30)	30	-86	-822.0	488.0
182650	2021-08-05 23:22:00	2021-08-05 23:31:00	2021-08-05 23:41:00	B1.4		POINT(71 -33)	-33	71	748.0	-545.0
182660	2021-08-06 07:07:00	2021-08-06 07:13:00	2021-08-06 07:17:00	B1.5	12851.0	POINT(11 14)	14	11	-372.0	-586.0
182670	2021-08-06 15:24:00	2021-08-06 15:31:00	2021-08-06 15:37:00	B1.4	12850.0	POINT(85 -34)	-34	85	772.0	-545.0
182680	2021-08-06 19:12:00	2021-08-06 19:21:00	2021-08-06 19:35:00	B2.6	12850.0	POINT(81 -33)	-33	81	783.0	-525.0
182690	2021-08-06 23:40:00	2021-08-06 23:48:00	2021-08-06 23:54:00	B1.9	12850.0	POINT(85 -33)	-33	85	789.0	-521.0
182700	2021-08-07 16:47:00	2021-08-07 17:01:00	2021-08-07 17:13:00	B5.4	12850.0	POINT(86 -29)	-29	86	832.0	-472.0
182710	2021-08-08 23:46:00	2021-08-09 00:04:00	2021-08-09 00:17:00	C1.3	12853.0	POINT(-66 23)	23	-66	-797.0	335.0
182720	2021-08-09 01:13:00	2021-08-09 01:22:00	2021-08-09 01:30:00	B1.8	12853.0	POINT(-65 24)	24	-65	-786.0	350.0
182730	2021-08-09 01:47:00	2021-08-09 01:57:00	2021-08-09 02:01:00	B1.6	12853.0	POINT(-65 24)	24	-65	-782.0	350.0
182740	2021-08-09 02:05:00	2021-08-09 02:08:00	2021-08-09 02:12:00	B1.9	12853.0	POINT(-64 24)	24	-64	-774.0	351.0
182750	2021-08-09 03:41:00	2021-08-09 03:49:00	2021-08-09 04:03:00	B1.0	12853.0	POINT(-63 24)	24	-63	-769.0	350.0
182760	2021-08-09 05:52:00	2021-08-09 06:03:00	2021-08-09 06:13:00	B1.3	12853.0	POINT(-65 28)	28	-65	-759.0	408.0
182770	2021-08-09 13:51:00	2021-08-09 14:05:00	2021-08-09 14:20:00	B1.5	12853.0	POINT(-56 22)	22	-56	-730.0	313.0
182780	2021-08-09 15:50:00	2021-08-09 15:59:00	2021-08-09 16:03:00	B1.6	12853.0	POINT(-56 24)	24	-56	-720.0	336.0
182790	2021-08-09 18:13:00	2021-08-09 18:20:00	2021-08-09 18:24:00	B3.0	12853.0	POINT(-55 23)	23	-55	-710.0	339.0
182800	2021-08-13 16:14:00	2021-08-13 16:23:00	2021-08-13 16:29:00	B1.2	12853.0	POINT(-3 25)	25	-3	-47.0	303.0
182810	2021-08-13 20:59:00	2021-08-13 21:08:00	2021-08-13 21:12:00	C1.4	12853.0	POINT(0 24)	24	0	-3.0	296.0
182820	2021-08-16 07:05:00	2021-08-16 07:11:00	2021-08-16 07:16:00	B3.4	12857.0	POINT(13 21)	21	13	210.0	241.0
182830	2021-08-16 09:15:00	2021-08-16 09:22:00	2021-08-16 09:32:00	B1.3	12857.0	POINT(18 16)	16	18	281.0	261.0
182840	2021-08-18 18:14:00	2021-08-18 18:23:00	2021-08-18 18:27:00	B1.5	12858.0	POINT(-3 12)	12	-3	-50.0	99.0
182850	2021-08-18 18:27:00	2021-08-18 18:35:00	2021-08-18 18:42:00	B2.1	12858.0	POINT(-3 12)	12	-3	-48.0	99.0
182860	2021-08-18 19:58:00	2021-08-18 20:07:00	2021-08-18 20:11:00	B2.8	12858.0	POINT(-2 13)	13	-2	-41.0	104.0
182870	2021-08-19 15:49:00	2021-08-19 16:17:00	2021-08-19 16:44:00	B2.1		POINT(-87 23)	23	-87	-881.0	383.0
182880	2021-08-20 03:19:00	2021-08-20 03:29:00	2021-08-20 03:39:00	B1.3		POINT(-87 20)	20	-87	-905.0	347.0
182890	2021-08-20 04:37:00	2021-08-20 04:41:00	2021-08-20 04:52:00	B1.5		POINT(70 17)	17	70	852.0	243.0
182900	2021-08-20 05:25:00	2021-08-20 05:48:00	2021-08-20 06:11:00	B3.9	12859.0	POINT(-87 20)	20	-87	-913.0	335.0
182910	2021-08-20 08:49:00	2021-08-20 09:01:00	2021-08-20 09:10:00	B4.2	12859.0	POINT(-87 21)	21	-87	-899.0	353.0
182920	2021-08-20 12:56:00	2021-08-20 13:05:00	2021-08-20 13:09:00	B2.3	12859.0	POINT(-88 17)	17	-88	-918.0	292.0
182930	2021-08-20 14:17:00	2021-08-20 14:30:00	2021-08-20 14:50:00	B9.3	12859.0	POINT(-87 21)	21	-87	-896.0	350.0
182940	2021-08-20 15:45:00	2021-08-20 15:48:00	2021-08-20 15:50:00	C1.7	12859.0	POINT(-87 18)	18	-87	-906.0	311.0
182950	2021-08-20 15:50:00	2021-08-20 15:57:00	2021-08-20 16:01:00	C3.0	12859.0	POINT(-87 19)	19	-87	-909.0	320.0
182960	2021-08-20 16:41:00	2021-08-20 16:49:00	2021-08-20 16:59:00	C2.3	12859.0	POINT(-87 18)	18	-87	-915.0	314.0
182970	2021-08-20 21:30:00	2021-08-20 22:00:00	2021-08-20 22:14:00	C1.4	12859.0	POINT(-87 20)	20	-87	-903.0	342.0
182980	2021-08-20 22:48:00	2021-08-20 22:55:00	2021-08-20 23:01:00	B4.2	12859.0	POINT(-87 18)	18	-87	-908.0	305.0
182990	2021-08-21 00:34:00	2021-08-21 00:42:00	2021-08-21 00:52:00	B1.7	12859.0	POINT(-87 18)	18	-87	-909.0	301.0
183000	2021-08-21 00:52:00	2021-08-21 00:58:00	2021-08-21 01:05:00	B2.5		POINT(-88 17)	17	-88	-906.0	293.0
183010	2021-08-21 02:36:00	2021-08-21 02:46:00	2021-08-21 03:08:00	B3.2	12859.0	POINT(-87 20)	20	-87	-910.0	336.0
183020	2021-08-21 04:05:00	2021-08-21 04:10:00	2021-08-21 04:20:00	B3.3	12859.0	POINT(-87 18)	18	-87	-909.0	306.0
183030	2021-08-21 04:30:00	2021-08-21 04:38:00	2021-08-21 04:43:00	B2.6	12859.0	POINT(-87 18)	18	-87	-907.0	302.0
183040	2021-08-21 06:20:00	2021-08-21 06:34:00	2021-08-21 06:40:00	B1.9	12859.0	POINT(-87 18)	18	-87	-921.0	315.0
183050	2021-08-21 08:01:00	2021-08-21 08:10:00	2021-08-21 08:14:00	B3.2	12859.0	POINT(-86 18)	18	-86	-898.0	289.0
183060	2021-08-21 10:08:00	2021-08-21 10:15:00	2021-08-21 10:26:00	B2.0	12859.0	POINT(-82 18)	18	-82	-890.0	292.0
183070	2021-08-21 10:26:00	2021-08-21 10:37:00	2021-08-21 10:46:00	B2.1	12859.0	POINT(-87 20)	20	-87	-920.0	341.0
183080	2021-08-21 10:46:00	2021-08-21 11:03:00	2021-08-21 11:13:00	B3.1	12859.0	POINT(-87 19)	19	-87	-908.0	329.0
183090	2021-08-21 11:28:00	2021-08-21 11:36:00	2021-08-21 11:41:00	B4.9	12859.0	POINT(-87 18)	18	-87	-899.0	293.0
183100	2021-08-21 18:37:00	2021-08-21 18:42:00	2021-08-21 18:46:00	B3.9	12859.0	POINT(-76 18)	18	-76	-873.0	276.0
183110	2021-08-21 20:54:00	2021-08-21 20:58:00	2021-08-21 21:02:00	B3.9	12859.0	POINT(-74 19)	19	-74	-864.0	279.0
183120	2021-08-21 21:14:00	2021-08-21 21:18:00	2021-08-21 21:22:00	B3.9	12859.0	POINT(-74 18)	18	-74	-867.0	275.0
183130	2021-08-21 21:57:00	2021-08-21 22:04:00	2021-08-21 22:09:00	B2.6	12859.0	POINT(-74 18)	18	-74	-864.0	271.0
183140	2021-08-21 22:11:00	2021-08-21 22:15:00	2021-08-21 22:20:00	B4.7	12859.0	POINT(-73 18)	18	-73	-861.0	266.0
183150	2021-08-21 22:26:00	2021-08-21 22:30:00	2021-08-21 22:35:00	B4.4	12859.0	POINT(-73 18)	18	-73	-863.0	273.0
183160	2021-08-22 00:02:00	2021-08-22 00:08:00	2021-08-22 00:13:00	B2.3	12859.0	POINT(-73 19)	19	-73	-858.0	284.0
183170	2021-08-22 00:18:00	2021-08-22 00:28:00	2021-08-22 00:36:00	B3.5	12859.0	POINT(-72 19)	19	-72	-857.0	278.0
183180	2021-08-22 00:43:00	2021-08-22 00:52:00	2021-08-22 00:56:00	C1.0	12859.0	POINT(-72 20)	20	-72	-854.0	288.0
183190	2021-08-22 01:23:00	2021-08-22 01:33:00	2021-08-22 01:47:00	B3.2	12859.0	POINT(-78 17)	17	-78	-888.0	256.0
183200	2021-08-22 04:09:00	2021-08-22 04:14:00	2021-08-22 04:22:00	C1.2	12859.0	POINT(-75 19)	19	-75	-870.0	269.0
183210	2021-08-22 05:20:00	2021-08-22 05:26:00	2021-08-22 05:30:00	B1.9	12859.0	POINT(-70 19)	19	-70	-843.0	276.0
183220	2021-08-22 05:34:00	2021-08-22 05:39:00	2021-08-22 06:00:00	B1.9	12859.0	POINT(-70 20)	20	-70	-839.0	291.0
183230	2021-08-22 08:28:00	2021-08-22 08:31:00	2021-08-22 08:37:00	B5.2	12859.0	POINT(-69 19)	19	-69	-837.0	275.0
183240	2021-08-22 10:00:00	2021-08-22 10:09:00	2021-08-22 10:16:00	B3.6	12859.0	POINT(-68 20)	20	-68	-828.0	285.0
183250	2021-08-22 10:16:00	2021-08-22 10:20:00	2021-08-22 10:24:00	C1.9	12859.0	POINT(-68 19)	19	-68	-829.0	276.0
183260	2021-08-22 14:46:00	2021-08-22 15:02:00	2021-08-22 15:14:00	B4.4	12859.0	POINT(-69 17)	17	-69	-847.0	243.0
183270	2021-08-23 00:52:00	2021-08-23 00:55:00	2021-08-23 00:59:00	B1.4		POINT(-58 19)	19	-58	-764.0	254.0
183280	2021-08-23 01:03:00	2021-08-23 01:13:00	2021-08-23 01:24:00	B2.1		POINT(-86 17)	17	-86	-902.0	278.0
183290	2021-08-23 15:26:00	2021-08-23 15:33:00	2021-08-23 15:37:00	B1.5		POINT(-49 18)	18	-49	-687.0	232.0
183300	2021-08-23 16:12:00	2021-08-23 16:20:00	2021-08-23 16:29:00	B1.3		POINT(-56 18)	18	-56	-747.0	240.0
183310	2021-08-23 18:21:00	2021-08-23 18:28:00	2021-08-23 18:34:00	B1.3		POINT(-48 19)	19	-48	-668.0	234.0
183320	2021-08-23 20:41:00	2021-08-23 20:47:00	2021-08-23 20:51:00	B1.2		POINT(-46 18)	18	-46	-651.0	224.0
183330	2021-08-24 04:01:00	2021-08-24 04:08:00	2021-08-24 04:12:00	B1.2	12859.0	POINT(-48 21)	21	-48	-667.0	268.0
183340	2021-08-24 11:52:00	2021-08-24 12:00:00	2021-08-24 12:03:00	B1.9	12859.0	POINT(-38 18)	18	-38	-556.0	215.0
183350	2021-08-24 13:35:00	2021-08-24 13:45:00	2021-08-24 13:49:00	B3.2	12859.0	POINT(-40 17)	17	-40	-591.0	196.0
183360	2021-08-24 14:33:00	2021-08-24 14:33:00	2021-08-24 14:44:00	C1.5	12859.0	POINT(-42 19)	19	-42	-605.0	209.0
183370	2021-08-24 19:41:00	2021-08-24 19:44:00	2021-08-24 19:48:00	B2.3	12859.0	POINT(-44 -28)	-28	-44	-584.0	-528.0
183380	2021-08-24 22:01:00	2021-08-24 22:07:00	2021-08-24 22:11:00	B2.3	12860.0	POINT(-44 -28)	-28	-44	-581.0	-527.0
183390	2021-08-24 22:22:00	2021-08-24 22:27:00	2021-08-24 22:32:00	B2.4	12859.0	POINT(10 -14)	-14	10	162.0	-348.0
183400	2021-08-25 01:16:00	2021-08-25 01:24:00	2021-08-25 01:37:00	C1.1	12860.0	POINT(-44 -30)	-30	-44	-574.0	-544.0
183410	2021-08-25 15:35:00	2021-08-25 15:42:00	2021-08-25 15:48:00	B3.0	12860.0	POINT(-73 15)	15	-73	-875.0	225.0
183420	2021-08-25 15:57:00	2021-08-25 16:02:00	2021-08-25 16:07:00	B4.0	12860.0	POINT(-35 -31)	-31	-35	-473.0	-572.0
183430	2021-08-25 21:17:00	2021-08-25 21:24:00	2021-08-25 21:28:00	B1.7	12860.0	POINT(-34 -31)	-31	-34	-458.0	-573.0
183440	2021-08-25 23:10:00	2021-08-25 23:17:00	2021-08-25 23:21:00	B2.1	12859.0	POINT(-33 -31)	-31	-33	-448.0	-574.0
183450	2021-08-25 23:39:00	2021-08-25 23:45:00	2021-08-25 23:54:00	B2.3	12860.0	POINT(-33 -31)	-31	-33	-444.0	-571.0
183460	2021-08-26 05:22:00	2021-08-26 05:32:00	2021-08-26 05:44:00	B6.3	12859.0	POINT(-21 21)	21	-21	-317.0	240.0
183470	2021-08-26 09:35:00	2021-08-26 09:41:00	2021-08-26 09:46:00	B2.6	12861.0	POINT(-63 15)	15	-63	-822.0	206.0
183480	2021-08-26 10:41:00	2021-08-26 10:51:00	2021-08-26 11:00:00	B7.2	12861.0	POINT(-63 15)	15	-63	-816.0	203.0
183490	2021-08-26 12:16:00	2021-08-26 12:23:00	2021-08-26 12:28:00	B3.7	12860.0	POINT(-18 -26)	-26	-18	-275.0	-520.0
183500	2021-08-26 13:47:00	2021-08-26 14:03:00	2021-08-26 14:08:00	B5.5	12860.0	POINT(-61 15)	15	-61	-800.0	204.0
183510	2021-08-26 17:28:00	2021-08-26 17:37:00	2021-08-26 17:46:00	B2.6	12859.0	POINT(-14 19)	19	-14	-220.0	215.0
183520	2021-08-26 17:48:00	2021-08-26 18:18:00	2021-08-26 18:42:00	C3.0	12859.0	POINT(-14 20)	20	-14	-219.0	221.0
183530	2021-08-26 18:57:00	2021-08-26 19:01:00	2021-08-26 19:05:00	C1.3	12860.0	POINT(-23 -28)	-28	-23	-236.0	-522.0
183540	2021-08-26 20:03:00	2021-08-26 20:12:00	2021-08-26 20:17:00	B7.5	12861.0	POINT(-57 15)	15	-57	-770.0	193.0
183550	2021-08-26 21:22:00	2021-08-26 21:34:00	2021-08-26 21:51:00	B4.4	12860.0	POINT(-17 -28)	-28	-17	-215.0	-525.0
183560	2021-08-26 22:40:00	2021-08-26 22:50:00	2021-08-26 22:56:00	B7.3	12859.0	POINT(-17 -28)	-28	-17	-249.0	-551.0
183570	2021-08-26 23:17:00	2021-08-26 23:22:00	2021-08-26 23:26:00	C3.9	12860.0	POINT(-23 -31)	-31	-23	-299.0	-578.0
183580	2021-08-26 23:40:00	2021-08-26 23:43:00	2021-08-26 23:47:00	B3.6	12860.0	POINT(-13 -26)	-26	-13	-197.0	-524.0
183590	2021-08-27 01:45:00	2021-08-27 01:51:00	2021-08-27 01:55:00	B3.3	12860.0	POINT(-12 -26)	-26	-12	-185.0	-521.0
183600	2021-08-27 06:03:00	2021-08-27 06:15:00	2021-08-27 06:21:00	B9.3	12860.0	POINT(-12 -26)	-26	-12	-166.0	-516.0
183610	2021-08-27 07:10:00	2021-08-27 07:16:00	2021-08-27 07:22:00	B3.6	12860.0	POINT(-11 -28)	-28	-11	-170.0	-548.0
183620	2021-08-27 12:11:00	2021-08-27 12:17:00	2021-08-27 12:29:00	B2.5	12860.0	POINT(-6 -28)	-28	-6	-87.0	-445.0
183630	2021-08-27 15:04:00	2021-08-27 15:15:00	2021-08-27 15:24:00	C1.1	12862.0	POINT(67 -28)	-28	67	757.0	-492.0
183640	2021-08-27 16:06:00	2021-08-27 16:16:00	2021-08-27 16:20:00	B4.8	12862.0	POINT(65 -28)	-28	65	761.0	-489.0
183650	2021-08-27 17:08:00	2021-08-27 17:18:00	2021-08-27 17:28:00	B7.8	12862.0	POINT(66 -28)	-28	66	765.0	-488.0
183660	2021-08-27 18:01:00	2021-08-27 18:08:00	2021-08-27 18:13:00	B4.4	12862.0	POINT(65 -28)	-28	65	765.0	-487.0
183670	2021-08-27 18:22:00	2021-08-27 18:30:00	2021-08-27 18:49:00	B4.6	12862.0	POINT(-4 -25)	-25	-4	-68.0	-516.0
183680	2021-08-27 20:14:00	2021-08-27 20:21:00	2021-08-27 20:25:00	C1.7		POINT(-2 -25)	-25	-2	-32.0	-511.0
183690	2021-08-27 20:32:00	2021-08-27 21:09:00	2021-08-27 21:43:00	C7.3	12860.0	POINT(-4 -27)	-27	-4	-54.0	-534.0
183700	2021-08-27 23:55:00	2021-08-28 00:00:00	2021-08-28 00:05:00	C1.2		POINT(-1 -27)	-27	-1	-20.0	-546.0
183710	2021-08-28 00:41:00	2021-08-28 00:45:00	2021-08-28 00:49:00	B5.9		POINT(0 -27)	-27	0	-12.0	-545.0
183720	2021-08-28 00:59:00	2021-08-28 01:08:00	2021-08-28 01:17:00	B5.9		POINT(-3 -29)	-29	-3	-47.0	-563.0
183730	2021-08-28 02:26:00	2021-08-28 02:47:00	2021-08-28 03:03:00	C1.0	12860.0	POINT(-2 -26)	-26	-2	-59.0	-550.0
183740	2021-08-28 04:01:00	2021-08-28 04:09:00	2021-08-28 04:19:00	C1.1		POINT(1 -28)	-28	1	15.0	-552.0
183750	2021-08-28 05:01:00	2021-08-28 05:05:00	2021-08-28 05:09:00	C7.0	12860.0	POINT(-7 -31)	-31	-7	-91.0	-589.0
183760	2021-08-28 05:39:00	2021-08-28 06:11:00	2021-08-28 06:23:00	M4.7	12860.0	POINT(1 -28)	-28	1	15.0	-537.0
183770	2021-08-28 08:38:00	2021-08-28 08:46:00	2021-08-28 08:57:00	C4.2	12860.0	POINT(1 -26)	-26	1	13.0	-521.0
183780	2021-08-28 11:47:00	2021-08-28 11:55:00	2021-08-28 12:04:00	C2.7	12860.0	POINT(4 -27)	-27	4	69.0	-536.0
183790	2021-08-28 12:36:00	2021-08-28 12:50:00	2021-08-28 13:08:00	C1.7	12860.0	POINT(4 -26)	-26	4	66.0	-536.0
183800	2021-08-28 14:21:00	2021-08-28 14:27:00	2021-08-28 14:42:00	B9.1	12860.0	POINT(4 -25)	-25	4	95.0	-546.0
183810	2021-08-28 16:12:00	2021-08-28 16:16:00	2021-08-28 16:20:00	B6.6		POINT(4 -29)	-29	4	67.0	-566.0
183820	2021-08-28 16:26:00	2021-08-28 16:43:00	2021-08-28 16:55:00	C1.4	12860.0	POINT(7 -25)	-25	7	115.0	-526.0
183830	2021-08-28 19:08:00	2021-08-28 19:21:00	2021-08-28 19:28:00	B4.9		POINT(6 -27)	-27	6	96.0	-534.0
183840	2021-08-29 00:34:00	2021-08-29 00:44:00	2021-08-29 00:50:00	C7.4	12860.0	POINT(13 -26)	-26	13	201.0	-518.0
183850	2021-08-29 03:53:00	2021-08-29 03:58:00	2021-08-29 04:02:00	B3.8	12860.0	POINT(13 -27)	-27	13	200.0	-541.0
183860	2021-08-29 06:30:00	2021-08-29 06:35:00	2021-08-29 06:39:00	B7.5		POINT(13 -25)	-25	13	204.0	-517.0
183870	2021-08-29 08:22:00	2021-08-29 08:32:00	2021-08-29 08:39:00	B8.8		POINT(15 -26)	-26	15	232.0	-530.0
183880	2021-08-29 09:54:00	2021-08-29 10:03:00	2021-08-29 10:07:00	C8.1	12860.0	POINT(18 -25)	-25	18	234.0	-515.0
183890	2021-08-29 17:01:00	2021-08-29 17:30:00	2021-08-29 17:51:00	C2.9	12860.0	POINT(23 -24)	-24	23	298.0	-523.0
183900	2021-08-29 18:28:00	2021-08-29 18:31:00	2021-08-29 18:35:00	B9.6		POINT(21 -27)	-27	21	303.0	-538.0
183910	2021-08-29 20:01:00	2021-08-29 20:22:00	2021-08-29 20:51:00	B8.6		POINT(85 -27)	-27	85	856.0	-459.0
183920	2021-08-30 01:21:00	2021-08-30 01:29:00	2021-08-30 01:36:00	B7.2		POINT(20 -26)	-26	20	299.0	-519.0
183930	2021-08-30 01:42:00	2021-08-30 01:54:00	2021-08-30 02:00:00	C1.6	12860.0	POINT(23 -30)	-30	23	332.0	-558.0
183940	2021-08-30 03:02:00	2021-08-30 03:06:00	2021-08-30 03:10:00	B7.2	12860.0	POINT(25 -27)	-27	25	356.0	-534.0
183950	2021-08-30 03:48:00	2021-08-30 03:58:00	2021-08-30 04:04:00	C1.3	12860.0	POINT(26 -28)	-28	26	380.0	-542.0
183960	2021-08-30 04:48:00	2021-08-30 04:53:00	2021-08-30 04:57:00	B3.6		POINT(25 -27)	-27	25	369.0	-532.0
183970	2021-08-30 07:52:00	2021-08-30 07:58:00	2021-08-30 08:06:00	B3.6		POINT(29 -28)	-28	29	410.0	-545.0
183980	2021-08-30 09:29:00	2021-08-30 09:39:00	2021-08-30 09:54:00	C1.1	12860.0	POINT(27 -26)	-26	27	413.0	-521.0
183990	2021-08-30 13:30:00	2021-08-30 13:42:00	2021-08-30 13:55:00	C1.1		POINT(29 -29)	-29	29	411.0	-555.0
184000	2021-08-30 14:40:00	2021-08-30 14:49:00	2021-08-30 14:53:00	B7.0		POINT(27 -26)	-26	27	392.0	-510.0
184010	2021-08-30 14:57:00	2021-08-30 15:04:00	2021-08-30 15:15:00	B7.7	12860.0	POINT(31 -28)	-28	31	435.0	-555.0
184020	2021-08-30 16:07:00	2021-08-30 16:16:00	2021-08-30 16:20:00	C2.0	12860.0	POINT(29 -27)	-27	29	405.0	-513.0
184030	2021-08-30 18:17:00	2021-08-30 18:26:00	2021-08-30 18:34:00	B7.6		POINT(34 -29)	-29	34	474.0	-546.0
184040	2021-08-30 19:29:00	2021-08-30 19:40:00	2021-08-30 19:45:00	C1.7	12860.0	POINT(30 -25)	-25	30	429.0	-512.0
184050	2021-08-30 20:44:00	2021-08-30 20:52:00	2021-08-30 21:03:00	B7.8	12860.0	POINT(31 -26)	-26	31	495.0	-513.0
184060	2021-08-30 21:26:00	2021-08-30 21:34:00	2021-08-30 21:38:00	C3.0	12860.0	POINT(31 -27)	-27	31	442.0	-515.0
184070	2021-08-31 07:00:00	2021-08-31 07:04:00	2021-08-31 07:08:00	B2.1		POINT(38 -27)	-27	38	526.0	-520.0
184080	2021-08-31 10:55:00	2021-08-31 11:01:00	2021-08-31 11:28:00	B1.9	12860.0	POINT(43 -27)	-27	43	579.0	-509.0
184090	2021-08-31 12:55:00	2021-08-31 13:01:00	2021-08-31 13:06:00	B2.6	12860.0	POINT(43 -27)	-27	43	580.0	-518.0
184100	2021-08-31 13:14:00	2021-08-31 13:19:00	2021-08-31 13:26:00	B3.5	12860.0	POINT(45 -27)	-27	45	583.0	-518.0
184110	2021-08-31 14:08:00	2021-08-31 14:21:00	2021-08-31 14:28:00	B7.2	12860.0	POINT(44 -27)	-27	44	588.0	-516.0
184120	2021-08-31 14:42:00	2021-08-31 14:50:00	2021-08-31 14:54:00	B5.6	12860.0	POINT(46 -26)	-26	46	596.0	-509.0
184130	2021-08-31 16:19:00	2021-08-31 16:27:00	2021-08-31 16:31:00	B2.7	12860.0	POINT(45 -27)	-27	45	608.0	-506.0
184140	2021-08-31 16:41:00	2021-08-31 16:50:00	2021-08-31 16:54:00	B6.5	12860.0	POINT(46 -27)	-27	46	612.0	-507.0
184150	2021-08-31 17:46:00	2021-08-31 17:49:00	2021-08-31 17:57:00	B2.0	12860.0	POINT(42 -27)	-27	42	574.0	-513.0
184160	2021-08-31 18:22:00	2021-08-31 18:28:00	2021-08-31 18:32:00	B2.3	12860.0	POINT(47 -27)	-27	47	620.0	-504.0
184170	2021-08-31 18:57:00	2021-08-31 19:11:00	2021-08-31 19:24:00	B7.1	12860.0	POINT(45 -27)	-27	45	618.0	-515.0
184180	2021-08-31 19:42:00	2021-08-31 19:46:00	2021-08-31 19:50:00	B2.3	12860.0	POINT(47 -26)	-26	47	629.0	-491.0
184190	2021-08-31 19:55:00	2021-08-31 20:02:00	2021-08-31 20:06:00	B2.8	12860.0	POINT(47 -26)	-26	47	630.0	-492.0
184200	2021-08-31 21:01:00	2021-08-31 21:07:00	2021-08-31 21:11:00	B2.0	12860.0	POINT(48 -27)	-27	48	630.0	-507.0
184210	2021-09-01 00:40:00	2021-09-01 00:48:00	2021-09-01 00:55:00	B1.9	12860.0	POINT(50 -30)	-30	50	634.0	-549.0
184220	2021-09-01 03:03:00	2021-09-01 03:10:00	2021-09-01 03:16:00	B1.8	12680.0	POINT(52 -28)	-28	52	666.0	-515.0
184230	2021-09-01 04:27:00	2021-09-01 04:33:00	2021-09-01 04:37:00	B2.6	12680.0	POINT(53 -29)	-29	53	666.0	-524.0
184240	2021-09-01 06:40:00	2021-09-01 06:44:00	2021-09-01 06:48:00	B2.5	12860.0	POINT(50 -25)	-25	50	656.0	-472.0
184250	2021-09-01 08:44:00	2021-09-01 08:54:00	2021-09-01 08:59:00	C1.2	12860.0	POINT(57 -30)	-30	57	690.0	-475.0
184260	2021-09-01 10:48:00	2021-09-01 11:03:00	2021-09-01 11:11:00	B2.0		POINT(56 -26)	-26	56	714.0	-476.0
184270	2021-09-01 13:20:00	2021-09-01 13:31:00	2021-09-01 13:43:00	C1.2	12860.0	POINT(57 -31)	-31	57	688.0	-543.0
184280	2021-09-02 00:41:00	2021-09-02 00:46:00	2021-09-02 00:50:00	B3.7	12863.0	POINT(-42 -17)	-17	-42	-611.0	-372.0
184290	2021-09-02 03:27:00	2021-09-02 03:38:00	2021-09-02 03:49:00	B2.8	12860.0	POINT(71 -31)	-31	71	767.0	-529.0
184300	2021-09-02 03:49:00	2021-09-02 03:52:00	2021-09-02 03:58:00	B3.9	12863.0	POINT(-42 -17)	-17	-42	-619.0	-365.0
184310	2021-09-02 05:46:00	2021-09-02 05:51:00	2021-09-02 05:58:00	B2.0	12863.0	POINT(-39 -17)	-17	-39	-575.0	-379.0
184320	2021-09-02 11:37:00	2021-09-02 11:50:00	2021-09-02 11:58:00	B4.2		POINT(74 -30)	-30	74	786.0	-512.0
184330	2021-09-02 20:31:00	2021-09-02 20:55:00	2021-09-02 21:20:00	C1.2	12860.0	POINT(-30 -18)	-18	-30	-462.0	-395.0
184340	2021-09-02 23:37:00	2021-09-02 23:42:00	2021-09-02 23:48:00	B3.4	12863.0	POINT(-29 -18)	-18	-29	-450.0	-405.0
184350	2021-09-03 00:39:00	2021-09-03 00:47:00	2021-09-03 00:58:00	B3.6	12863.0	POINT(-29 -18)	-18	-29	-440.0	-399.0
184360	2021-09-03 06:30:00	2021-09-03 06:39:00	2021-09-03 06:45:00	B4.7	12863.0	POINT(-27 -17)	-17	-27	-413.0	-383.0
184370	2021-09-03 09:36:00	2021-09-03 09:42:00	2021-09-03 09:46:00	B2.9	12863.0	POINT(-25 -17)	-17	-25	-389.0	-389.0
184380	2021-09-03 15:59:00	2021-09-03 16:06:00	2021-09-03 16:27:00	B6.1	12863.0	POINT(-21 -18)	-18	-21	-325.0	-389.0
184390	2021-09-03 20:47:00	2021-09-03 21:12:00	2021-09-03 21:30:00	B5.7	12860.0	POINT(85 -31)	-31	85	833.0	-527.0
184400	2021-09-04 00:02:00	2021-09-04 00:14:00	2021-09-04 00:27:00	B3.9	12860.0	POINT(85 -31)	-31	85	822.0	-505.0
184410	2021-09-04 01:41:00	2021-09-04 01:49:00	2021-09-04 01:53:00	B3.5	12860.0	POINT(85 -31)	-31	85	821.0	-500.0
184420	2021-09-04 04:17:00	2021-09-04 04:30:00	2021-09-04 04:43:00	B5.4	12860.0	POINT(85 -31)	-31	85	822.0	-504.0
184430	2021-09-04 07:37:00	2021-09-04 07:50:00	2021-09-04 08:17:00	B8.1	12860.0	POINT(85 -31)	-31	85	812.0	-490.0
184440	2021-09-04 11:37:00	2021-09-04 11:46:00	2021-09-04 11:55:00	B5.7	12860.0	POINT(85 -32)	-32	85	815.0	-522.0
184450	2021-09-04 12:14:00	2021-09-04 12:22:00	2021-09-04 12:31:00	B4.5	12860.0	POINT(85 -29)	-29	85	838.0	-477.0
184460	2021-09-04 13:00:00	2021-09-04 13:07:00	2021-09-04 13:26:00	B5.0	12860.0	POINT(86 -25)	-25	86	869.0	-420.0
184470	2021-09-04 14:56:00	2021-09-04 15:32:00	2021-09-04 15:55:00	B6.3	12860.0	POINT(85 -29)	-29	85	835.0	-483.0
184480	2021-09-05 02:10:00	2021-09-05 02:16:00	2021-09-05 02:20:00	B4.6		POINT(-46 -22)	-22	-46	-642.0	-435.0
184490	2021-09-05 03:10:00	2021-09-05 03:24:00	2021-09-05 03:42:00	B6.3		POINT(-48 -21)	-21	-48	-634.0	-428.0
184500	2021-09-05 10:56:00	2021-09-05 11:11:00	2021-09-05 11:32:00	B5.1	12868.0	POINT(-41 -19)	-19	-41	-590.0	-406.0
184510	2021-09-05 12:52:00	2021-09-05 13:00:00	2021-09-05 13:06:00	B5.1	12866.0	POINT(-54 -15)	-15	-54	-752.0	-317.0
184520	2021-09-06 05:08:00	2021-09-06 05:15:00	2021-09-06 05:20:00	B4.3		POINT(-24 -21)	-21	-24	-372.0	-453.0
184530	2021-09-06 05:52:00	2021-09-06 05:59:00	2021-09-06 06:03:00	B5.0	12868.0	POINT(-24 -22)	-22	-24	-366.0	-456.0
184540	2021-09-06 13:00:00	2021-09-06 13:04:00	2021-09-06 13:08:00	B4.5	12863.0	POINT(22 -15)	-15	22	348.0	-354.0
184550	2021-09-06 16:57:00	2021-09-06 17:01:00	2021-09-06 17:05:00	B4.5	12863.0	POINT(-39 -15)	-15	-39	-579.0	-342.0
184560	2021-09-06 19:21:00	2021-09-06 19:30:00	2021-09-06 19:35:00	B4.0	12866.0	POINT(-37 -16)	-16	-37	-555.0	-360.0
184570	2021-09-06 21:28:00	2021-09-06 21:31:00	2021-09-06 21:35:00	B4.4	12866.0	POINT(-37 -18)	-18	-37	-543.0	-354.0
184580	2021-09-07 01:45:00	2021-09-07 01:56:00	2021-09-07 02:06:00	B7.3	12866.0	POINT(-33 -16)	-16	-33	-509.0	-370.0
184590	2021-09-07 03:29:00	2021-09-07 03:39:00	2021-09-07 03:46:00	B5.5	12866.0	POINT(-33 -17)	-17	-33	-503.0	-378.0
184600	2021-09-07 04:49:00	2021-09-07 04:59:00	2021-09-07 05:09:00	B4.0		POINT(30 -18)	-18	30	465.0	-395.0
184610	2021-09-07 06:24:00	2021-09-07 06:28:00	2021-09-07 06:33:00	B6.1	12863.0	POINT(32 -19)	-19	32	474.0	-390.0
184620	2021-09-07 09:15:00	2021-09-07 09:26:00	2021-09-07 09:29:00	B6.9	12866.0	POINT(-56 -15)	-15	-56	-446.0	-369.0
184630	2021-09-07 11:50:00	2021-09-07 12:01:00	2021-09-07 12:05:00	B4.7	12866.0	POINT(-28 -20)	-20	-28	-422.0	-419.0
184640	2021-09-07 12:46:00	2021-09-07 12:57:00	2021-09-07 13:08:00	B3.7		POINT(-26 -15)	-15	-26	-414.0	-353.0
184650	2021-09-07 23:42:00	2021-09-08 00:09:00	2021-09-08 00:33:00	C2.3	12864.0	POINT(38 22)	22	38	561.0	282.0
184660	2021-09-08 01:37:00	2021-09-08 01:42:00	2021-09-08 01:48:00	B4.7	12866.0	POINT(-21 -18)	-18	-21	-325.0	-407.0
184670	2021-09-08 03:04:00	2021-09-08 03:14:00	2021-09-08 03:19:00	C1.1	12868.0	POINT(-3 -20)	-20	-3	-45.0	-443.0
184680	2021-09-08 04:26:00	2021-09-08 04:30:00	2021-09-08 04:34:00	B4.4	12868.0	POINT(-3 -20)	-20	-3	-36.0	-446.0
184690	2021-09-08 10:20:00	2021-09-08 10:26:00	2021-09-08 10:31:00	C1.2	12866.0	POINT(-16 -15)	-15	-16	-242.0	-368.0
184700	2021-09-08 12:13:00	2021-09-08 12:21:00	2021-09-08 12:25:00	B8.9		POINT(-13 -17)	-17	-13	-218.0	-391.0
184710	2021-09-08 12:46:00	2021-09-08 12:58:00	2021-09-08 13:04:00	C2.3	12868.0	POINT(3 -20)	-20	3	33.0	-440.0
184720	2021-09-08 15:00:00	2021-09-08 15:11:00	2021-09-08 15:29:00	B7.6	12866.0	POINT(-14 -16)	-16	-14	-218.0	-380.0
184730	2021-09-08 17:11:00	2021-09-08 17:30:00	2021-09-08 17:49:00	C8.3	12866.0	POINT(-12 -16)	-16	-12	-190.0	-369.0
184740	2021-09-08 23:08:00	2021-09-08 23:23:00	2021-09-08 23:33:00	B4.5	12866.0	POINT(-10 -15)	-15	-10	-134.0	-360.0
184750	2021-09-09 08:09:00	2021-09-09 08:31:00	2021-09-09 08:43:00	C3.5	12866.0	POINT(-4 -16)	-16	-4	-64.0	-369.0
184760	2021-09-09 09:58:00	2021-09-09 10:07:00	2021-09-09 10:12:00	B6.6	12868.0	POINT(10 -22)	-22	10	162.0	-476.0
184770	2021-09-09 16:58:00	2021-09-09 17:08:00	2021-09-09 17:10:00	B7.2	12866.0	POINT(1 -15)	-15	1	18.0	-369.0
184780	2021-09-09 17:10:00	2021-09-09 17:16:00	2021-09-09 17:20:00	B8.1	12866.0	POINT(2 -15)	-15	2	35.0	-383.0
184790	2021-09-09 22:30:00	2021-09-09 22:55:00	2021-09-09 23:33:00	B7.5	12868.0	POINT(22 -20)	-20	22	341.0	-435.0
184800	2021-09-10 10:45:00	2021-09-10 10:49:00	2021-09-10 10:53:00	B4.2	12866.0	POINT(10 -17)	-17	10	171.0	-390.0
184810	2021-09-10 20:48:00	2021-09-10 21:34:00	2021-09-10 22:13:00	C1.1	12868.0	POINT(33 -20)	-20	33	487.0	-325.0
184820	2021-09-11 03:11:00	2021-09-11 03:15:00	2021-09-11 03:19:00	B5.0	12868.0	POINT(35 -22)	-22	35	516.0	-458.0
184830	2021-09-11 04:19:00	2021-09-11 04:28:00	2021-09-11 04:38:00	B3.9	12868.0	POINT(38 -17)	-17	38	572.0	-377.0
184840	2021-09-11 04:42:00	2021-09-11 04:52:00	2021-09-11 05:03:00	B7.8	12868.0	POINT(36 -22)	-22	36	526.0	-455.0
184850	2021-09-11 05:11:00	2021-09-11 05:19:00	2021-09-11 05:28:00	C1.3	12868.0	POINT(36 -22)	-22	36	526.0	-458.0
184860	2021-09-11 07:15:00	2021-09-11 07:28:00	2021-09-11 07:38:00	B6.8	12869.0	POINT(19 -37)	-37	19	249.0	-666.0
184870	2021-09-11 07:37:00	2021-09-11 07:43:00	2021-09-11 07:47:00	B5.4	12868.0	POINT(41 -17)	-17	41	601.0	-372.0
184880	2021-09-11 13:14:00	2021-09-11 13:22:00	2021-09-11 13:29:00	B4.7	12866.0	POINT(25 -17)	-17	25	398.0	-389.0
184890	2021-09-11 15:31:00	2021-09-11 15:36:00	2021-09-11 15:42:00	B4.3	12866.0	POINT(26 -15)	-15	26	408.0	-368.0
184900	2021-09-11 17:47:00	2021-09-11 17:54:00	2021-09-11 18:03:00	B4.3	12866.0	POINT(28 -21)	-21	28	420.0	-441.0
184910	2021-09-11 22:41:00	2021-09-11 22:51:00	2021-09-11 23:01:00	B5.0	12869.0	POINT(27 -36)	-36	27	350.0	-560.0
184920	2021-09-12 22:15:00	2021-09-12 22:22:00	2021-09-12 22:27:00	B4.9	12868.0	POINT(59 -21)	-21	59	770.0	-400.0
184930	2021-09-12 22:38:00	2021-09-12 22:40:00	2021-09-12 22:44:00	B4.7	12868.0	POINT(58 -21)	-21	58	761.0	-404.0
184940	2021-09-12 23:32:00	2021-09-12 23:41:00	2021-09-12 23:45:00	B6.5	12868.0	POINT(59 -20)	-20	59	774.0	-398.0
184950	2021-09-13 02:51:00	2021-09-13 02:58:00	2021-09-13 03:02:00	B8.0		POINT(62 -21)	-21	62	792.0	-393.0
184960	2021-09-13 12:31:00	2021-09-13 12:39:00	2021-09-13 12:45:00	B5.8	12868.0	POINT(68 -21)	-21	68	827.0	-383.0
184970	2021-09-13 17:30:00	2021-09-13 17:44:00	2021-09-13 17:48:00	B3.3		POINT(73 -21)	-21	73	849.0	-380.0
184980	2021-09-13 17:48:00	2021-09-13 17:55:00	2021-09-13 17:59:00	B5.9	12868.0	POINT(71 -21)	-21	71	842.0	-381.0
184990	2021-09-14 01:34:00	2021-09-14 01:41:00	2021-09-14 01:45:00	B3.0	12866.0	POINT(60 -19)	-19	60	780.0	-369.0
185000	2021-09-14 03:24:00	2021-09-14 03:30:00	2021-09-14 03:37:00	B4.3	12868.0	POINT(80 -21)	-21	80	874.0	-366.0
185010	2021-09-14 03:37:00	2021-09-14 03:46:00	2021-09-14 03:52:00	B8.5	12868.0	POINT(79 -22)	-22	79	870.0	-374.0
185020	2021-09-14 04:14:00	2021-09-14 04:21:00	2021-09-14 04:25:00	B2.4	12869.0	POINT(53 -36)	-36	53	617.0	-621.0
185030	2021-09-14 04:25:00	2021-09-14 04:29:00	2021-09-14 04:34:00	B3.7	12869.0	POINT(80 -20)	-20	80	879.0	-353.0
185040	2021-09-14 04:44:00	2021-09-14 04:51:00	2021-09-14 04:58:00	B4.9	12868.0	POINT(79 -21)	-21	79	876.0	-359.0
185050	2021-09-14 05:32:00	2021-09-14 05:40:00	2021-09-14 05:47:00	B2.8	12869.0	POINT(55 -36)	-36	55	630.0	-620.0
185060	2021-09-14 06:40:00	2021-09-14 06:49:00	2021-09-14 06:53:00	C1.1	12868.0	POINT(78 -22)	-22	78	875.0	-362.0
185070	2021-09-14 14:04:00	2021-09-14 14:12:00	2021-09-14 14:17:00	B2.6	12868.0	POINT(87 -18)	-18	87	918.0	-319.0
185080	2021-09-14 15:58:00	2021-09-14 16:05:00	2021-09-14 16:12:00	B2.0	12868.0	POINT(86 -21)	-21	86	890.0	-354.0
185090	2021-09-14 18:00:00	2021-09-14 18:09:00	2021-09-14 18:22:00	B3.6	12868.0	POINT(86 -21)	-21	86	891.0	-354.0
185100	2021-09-14 19:09:00	2021-09-14 19:19:00	2021-09-14 19:32:00	B2.3	12866.0	POINT(86 -22)	-22	86	896.0	-368.0
185110	2021-09-15 01:00:00	2021-09-15 01:15:00	2021-09-15 01:23:00	B4.1	12869.0	POINT(65 -36)	-36	65	699.0	-560.0
185120	2021-09-15 02:00:00	2021-09-15 02:09:00	2021-09-15 02:20:00	B1.8	12869.0	POINT(70 -37)	-37	70	712.0	-610.0
185130	2021-09-15 05:01:00	2021-09-15 05:11:00	2021-09-15 05:26:00	B2.2	12869.0	POINT(87 -17)	-17	87	930.0	-297.0
185140	2021-09-15 09:42:00	2021-09-15 09:51:00	2021-09-15 09:58:00	B2.4	12869.0	POINT(87 -17)	-17	87	920.0	-289.0
185150	2021-09-15 10:49:00	2021-09-15 10:57:00	2021-09-15 11:03:00	B2.0	12869.0	POINT(87 -17)	-17	87	920.0	-288.0
185160	2021-09-17 04:09:00	2021-09-17 04:20:00	2021-09-17 04:48:00	C3.5	12871.0	POINT(-85 -30)	-30	-85	-822.0	-498.0
185170	2021-09-18 00:22:00	2021-09-18 00:30:00	2021-09-18 00:37:00	B1.4	12871.0	POINT(-85 -30)	-30	-85	-830.0	-493.0
185180	2021-09-18 00:37:00	2021-09-18 00:46:00	2021-09-18 00:54:00	B2.0	12871.0	POINT(-85 -29)	-29	-85	-833.0	-485.0
185190	2021-09-18 01:03:00	2021-09-18 01:11:00	2021-09-18 01:19:00	B1.7	12871.0	POINT(-85 -30)	-30	-85	-824.0	-498.0
185200	2021-09-18 05:02:00	2021-09-18 05:14:00	2021-09-18 05:24:00	B1.6	12871.0	POINT(-85 -30)	-30	-85	-823.0	-477.0
185210	2021-09-18 07:47:00	2021-09-18 08:27:00	2021-09-18 08:33:00	C2.6	12871.0	POINT(-85 -29)	-29	-85	-847.0	-478.0
185220	2021-09-18 07:48:00	2021-09-18 08:15:00	2021-09-18 08:48:00	C1.6	12871.0	POINT(-85 -29)	-29	-85	-832.0	-463.0
185230	2021-09-18 23:48:00	2021-09-19 00:00:00	2021-09-19 00:06:00	B1.9	12871.0	POINT(-85 -30)	-30	-85	-823.0	-477.0
185240	2021-09-19 01:04:00	2021-09-19 01:15:00	2021-09-19 01:22:00	C1.6	12871.0	POINT(-79 -32)	-32	-79	-794.0	-522.0
185250	2021-09-19 01:30:00	2021-09-19 01:35:00	2021-09-19 01:39:00	B6.0	12871.0	POINT(-75 -31)	-31	-75	-792.0	-515.0
185260	2021-09-19 05:51:00	2021-09-19 05:59:00	2021-09-19 06:03:00	B1.2	12871.0	POINT(-74 -30)	-30	-74	-796.0	-503.0
185270	2021-09-19 06:52:00	2021-09-19 07:00:00	2021-09-19 07:05:00	B1.3	12871.0	POINT(-77 -32)	-32	-77	-788.0	-528.0
185280	2021-09-19 09:29:00	2021-09-19 09:46:00	2021-09-19 09:50:00	B1.5	12871.0	POINT(-85 -32)	-32	-85	-812.0	-525.0
185290	2021-09-19 18:02:00	2021-09-19 18:10:00	2021-09-19 18:14:00	B1.5	12871.0	POINT(-70 -27)	-27	-70	-801.0	-470.0
185300	2021-09-19 19:32:00	2021-09-19 19:40:00	2021-09-19 19:44:00	B2.7	12871.0	POINT(-69 -27)	-27	-69	-795.0	-472.0
185310	2021-09-20 05:56:00	2021-09-20 06:15:00	2021-09-20 06:21:00	B1.1	12871.0	POINT(-60 -31)	-31	-60	-714.0	-542.0
185320	2021-09-20 06:25:00	2021-09-20 06:29:00	2021-09-20 06:34:00	B1.1	12871.0	POINT(-61 -31)	-31	-61	-717.0	-540.0
185330	2021-09-20 07:53:00	2021-09-20 08:02:00	2021-09-20 08:06:00	B2.2	12871.0	POINT(-61 -27)	-27	-61	-744.0	-487.0
185340	2021-09-20 08:23:00	2021-09-20 08:30:00	2021-09-20 08:34:00	B1.0	12871.0	POINT(-61 -27)	-27	-61	-745.0	-487.0
185350	2021-09-20 09:00:00	2021-09-20 09:15:00	2021-09-20 09:20:00	B2.4	12871.0	POINT(-60 -31)	-31	-60	-710.0	-545.0
185360	2021-09-20 09:24:00	2021-09-20 09:36:00	2021-09-20 09:43:00	B8.1	12871.0	POINT(-59 -31)	-31	-59	-703.0	-542.0
185370	2021-09-20 10:38:00	2021-09-20 10:43:00	2021-09-20 10:48:00	B6.3	12871.0	POINT(-60 -27)	-27	-60	-737.0	-489.0
185380	2021-09-20 12:52:00	2021-09-20 12:58:00	2021-09-20 13:02:00	B1.4		POINT(-58 -26)	-26	-58	-726.0	-479.0
185390	2021-09-20 13:39:00	2021-09-20 13:48:00	2021-09-20 13:54:00	B2.3		POINT(-59 -27)	-27	-59	-726.0	-495.0
185400	2021-09-20 14:05:00	2021-09-20 14:11:00	2021-09-20 14:16:00	B1.3		POINT(-58 -26)	-26	-58	-732.0	-476.0
185410	2021-09-20 17:11:00	2021-09-20 17:16:00	2021-09-20 17:20:00	B1.0		POINT(-52 -29)	-29	-52	-658.0	-463.0
185420	2021-09-20 18:18:00	2021-09-20 18:26:00	2021-09-20 18:33:00	B1.5		POINT(-54 -31)	-31	-54	-662.0	-492.0
185430	2021-09-20 19:01:00	2021-09-20 19:09:00	2021-09-20 19:16:00	B2.4		POINT(-54 -31)	-31	-54	-662.0	-492.0
185440	2021-09-20 19:17:00	2021-09-20 19:25:00	2021-09-20 19:29:00	B4.0		POINT(-51 -29)	-29	-51	-649.0	-535.0
185450	2021-09-20 19:38:00	2021-09-20 19:41:00	2021-09-20 19:45:00	B2.1		POINT(-51 -29)	-29	-51	-647.0	-535.0
185460	2021-09-20 20:40:00	2021-09-20 20:44:00	2021-09-20 20:49:00	B1.6		POINT(-51 -29)	-29	-51	-653.0	-536.0
185470	2021-09-20 20:55:00	2021-09-20 21:00:00	2021-09-20 21:04:00	B2.5	12871.0	POINT(-51 -29)	-29	-51	-652.0	-536.0
185480	2021-09-20 21:37:00	2021-09-20 21:42:00	2021-09-20 21:46:00	B3.3	12871.0	POINT(-51 -29)	-29	-51	-647.0	-537.0
185490	2021-09-20 23:04:00	2021-09-20 23:11:00	2021-09-20 23:21:00	B2.6	12871.0	POINT(-53 -27)	-27	-53	-682.0	-504.0
185500	2021-09-21 03:33:00	2021-09-21 03:40:00	2021-09-21 03:46:00	B2.6	12871.0	POINT(-50 -26)	-26	-50	-665.0	-485.0
185510	2021-09-21 04:26:00	2021-09-21 04:29:00	2021-09-21 04:39:00	B2.1	12871.0	POINT(-48 -30)	-30	-48	-615.0	-548.0
185520	2021-09-21 04:57:00	2021-09-21 05:09:00	2021-09-21 05:13:00	B4.1	12871.0	POINT(11 25)	25	11	165.0	302.0
185530	2021-09-21 05:20:00	2021-09-21 05:29:00	2021-09-21 05:36:00	B3.1	12871.0	POINT(-47 -30)	-30	-47	-611.0	-554.0
185540	2021-09-21 06:44:00	2021-09-21 06:49:00	2021-09-21 06:54:00	B2.3	12873.0	POINT(12 25)	25	12	183.0	303.0
185550	2021-09-21 08:20:00	2021-09-21 08:26:00	2021-09-21 08:32:00	B2.0		POINT(29 -26)	-26	29	424.0	-516.0
185560	2021-09-21 08:53:00	2021-09-21 09:03:00	2021-09-21 09:16:00	C1.1	12873.0	POINT(8 26)	26	8	195.0	303.0
185570	2021-09-21 09:42:00	2021-09-21 09:48:00	2021-09-21 09:50:00	B2.3	12871.0	POINT(-43 -30)	-30	-43	-564.0	-555.0
185580	2021-09-21 09:50:00	2021-09-21 09:55:00	2021-09-21 09:59:00	B2.9	12871.0	POINT(-47 -27)	-27	-47	-624.0	-507.0
185590	2021-09-21 10:06:00	2021-09-21 10:16:00	2021-09-21 10:21:00	B8.7	12873.0	POINT(12 26)	26	12	207.0	305.0
185600	2021-09-21 11:07:00	2021-09-21 11:11:00	2021-09-21 11:16:00	B5.0	12873.0	POINT(15 26)	26	15	221.0	302.0
185610	2021-09-21 11:43:00	2021-09-21 11:53:00	2021-09-21 11:57:00	C1.8	12873.0	POINT(15 26)	26	15	217.0	308.0
185620	2021-09-21 12:23:00	2021-09-21 12:29:00	2021-09-21 12:31:00	B1.7	12871.0	POINT(-46 -27)	-27	-46	-620.0	-508.0
185630	2021-09-21 12:31:00	2021-09-21 12:38:00	2021-09-21 12:44:00	B3.2	12871.0	POINT(-46 -27)	-27	-46	-620.0	-508.0
185640	2021-09-21 14:19:00	2021-09-21 14:29:00	2021-09-21 14:35:00	B1.6	12873.0	POINT(16 25)	25	16	246.0	305.0
185650	2021-09-21 16:57:00	2021-09-21 17:03:00	2021-09-21 17:07:00	B1.5	12871.0	POINT(-42 -27)	-27	-42	-569.0	-433.0
185660	2021-09-21 18:05:00	2021-09-21 18:16:00	2021-09-21 18:18:00	B2.1	12871.0	POINT(-43 -27)	-27	-43	-580.0	-433.0
185670	2021-09-21 18:08:00	2021-09-21 18:11:00	2021-09-21 18:18:00	B1.7	12871.0	POINT(-43 -27)	-27	-43	-584.0	-518.0
185680	2021-09-21 18:18:00	2021-09-21 18:28:00	2021-09-21 18:35:00	C1.1	12871.0	POINT(-43 -27)	-27	-43	-578.0	-519.0
185690	2021-09-21 19:07:00	2021-09-21 19:15:00	2021-09-21 19:23:00	B1.6	12871.0	POINT(-41 -31)	-31	-41	-537.0	-573.0
185700	2021-09-21 20:15:00	2021-09-21 20:25:00	2021-09-21 20:30:00	B5.1	12871.0	POINT(-42 -27)	-27	-42	-568.0	-520.0
185710	2021-09-21 23:51:00	2021-09-21 23:55:00	2021-09-21 23:59:00	B4.1	12872.0	POINT(-30 14)	14	-30	-471.0	139.0
185720	2021-09-22 01:52:00	2021-09-22 01:58:00	2021-09-22 02:02:00	B1.8	12871.0	POINT(-35 -29)	-29	-35	-486.0	-554.0
185730	2021-09-22 03:15:00	2021-09-22 03:26:00	2021-09-22 03:41:00	B3.1	12871.0	POINT(-35 -30)	-30	-35	-485.0	-564.0
185740	2021-09-22 04:17:00	2021-09-22 04:21:00	2021-09-22 04:26:00	B2.3	12871.0	POINT(-28 18)	18	-28	-426.0	209.0
185750	2021-09-22 05:22:00	2021-09-22 05:29:00	2021-09-22 05:33:00	B2.4	12871.0	POINT(25 -32)	-32	25	346.0	-599.0
185760	2021-09-22 06:15:00	2021-09-22 06:21:00	2021-09-22 06:30:00	B1.6	12871.0	POINT(-52 3)	3	-52	-759.0	-6.0
185770	2021-09-22 07:56:00	2021-09-22 08:05:00	2021-09-22 08:11:00	B2.1	12871.0	POINT(-29 17)	17	-29	-401.0	150.0
185780	2021-09-22 08:53:00	2021-09-22 09:04:00	2021-09-22 09:16:00	B3.0	12871.0	POINT(-34 -26)	-26	-34	-483.0	-505.0
185790	2021-09-22 09:57:00	2021-09-22 10:07:00	2021-09-22 10:16:00	B3.2	12871.0	POINT(-31 -29)	-29	-31	-428.0	-560.0
185800	2021-09-22 11:17:00	2021-09-22 11:25:00	2021-09-22 11:30:00	B3.2	12872.0	POINT(-24 15)	15	-24	-377.0	146.0
185810	2021-09-22 11:58:00	2021-09-22 12:04:00	2021-09-22 12:11:00	B1.6		POINT(-23 15)	15	-23	-372.0	143.0
185820	2021-09-22 12:28:00	2021-09-22 12:31:00	2021-09-22 12:42:00	B1.6		POINT(24 28)	28	24	356.0	356.0
185830	2021-09-22 13:07:00	2021-09-22 13:16:00	2021-09-22 13:21:00	B2.5		POINT(30 -33)	-33	30	407.0	-603.0
185840	2021-09-22 13:32:00	2021-09-22 13:42:00	2021-09-22 13:48:00	B1.7		POINT(30 -32)	-32	30	407.0	-597.0
185850	2021-09-22 13:49:00	2021-09-22 13:52:00	2021-09-22 13:56:00	B2.2		POINT(-22 15)	15	-22	-360.0	149.0
185860	2021-09-22 14:18:00	2021-09-22 14:22:00	2021-09-22 14:29:00	B1.5		POINT(30 -33)	-33	30	404.0	-603.0
185870	2021-09-22 15:11:00	2021-09-22 15:18:00	2021-09-22 15:30:00	B1.5		POINT(-31 -27)	-27	-31	-446.0	-533.0
185880	2021-09-22 18:05:00	2021-09-22 18:12:00	2021-09-22 18:20:00	B1.6		POINT(-25 -30)	-30	-25	-358.0	-569.0
185890	2021-09-22 18:20:00	2021-09-22 18:23:00	2021-09-22 18:27:00	B1.6		POINT(-30 -28)	-28	-30	-426.0	-538.0
185900	2021-09-22 19:40:00	2021-09-22 19:50:00	2021-09-22 19:55:00	B2.8		POINT(-27 -26)	-26	-27	-397.0	-520.0
185910	2021-09-22 20:04:00	2021-09-22 20:14:00	2021-09-22 20:20:00	C1.1	12871.0	POINT(-28 -26)	-26	-28	-406.0	-536.0
185920	2021-09-22 21:48:00	2021-09-22 21:51:00	2021-09-22 22:01:00	B1.8		POINT(-27 -27)	-27	-27	-396.0	-533.0
185930	2021-09-22 22:21:00	2021-09-22 22:27:00	2021-09-22 22:31:00	B3.0		POINT(-27 -27)	-27	-27	-392.0	-535.0
185940	2021-09-22 23:51:00	2021-09-22 23:58:00	2021-09-23 00:07:00	B1.9		POINT(-14 17)	17	-14	-224.0	183.0
185950	2021-09-23 01:39:00	2021-09-23 01:45:00	2021-09-23 01:57:00	B2.9	12871.0	POINT(-22 -30)	-30	-22	-322.0	-569.0
185960	2021-09-23 02:04:00	2021-09-23 02:13:00	2021-09-23 02:20:00	B2.4	12875.0	POINT(38 -33)	-33	38	497.0	-600.0
185970	2021-09-23 02:56:00	2021-09-23 03:05:00	2021-09-23 03:14:00	B2.0	12871.0	POINT(-21 -30)	-30	-21	-300.0	-573.0
185980	2021-09-23 03:43:00	2021-09-23 03:55:00	2021-09-23 04:02:00	B3.1	12871.0	POINT(-21 -26)	-26	-21	-306.0	-529.0
185990	2021-09-23 04:27:00	2021-09-23 04:44:00	2021-09-23 05:27:00	M2.8	12871.0	POINT(-21 -27)	-27	-21	-311.0	-581.0
186000	2021-09-23 08:00:00	2021-09-23 08:07:00	2021-09-23 08:12:00	B4.2	12871.0	POINT(-23 -27)	-27	-23	-333.0	-528.0
186010	2021-09-23 12:35:00	2021-09-23 12:45:00	2021-09-23 12:50:00	B7.1		POINT(-17 -30)	-30	-17	-246.0	-575.0
186020	2021-09-23 13:43:00	2021-09-23 13:55:00	2021-09-23 14:03:00	B6.0	12871.0	POINT(-18 -27)	-27	-18	-260.0	-525.0
186030	2021-09-23 15:23:00	2021-09-23 15:28:00	2021-09-23 15:39:00	M1.8	12871.0	POINT(-15 -30)	-30	-15	-230.0	-570.0
186040	2021-09-23 19:17:00	2021-09-23 19:24:00	2021-09-23 19:28:00	B3.1		POINT(-15 -27)	-27	-15	-233.0	-539.0
186050	2021-09-23 20:23:00	2021-09-23 20:28:00	2021-09-23 20:32:00	B1.8		POINT(-15 -27)	-27	-15	-226.0	-540.0
186060	2021-09-23 20:34:00	2021-09-23 20:41:00	2021-09-23 20:46:00	C1.0	12871.0	POINT(-15 -27)	-27	-15	-224.0	-538.0
186070	2021-09-23 20:56:00	2021-09-23 21:00:00	2021-09-23 21:04:00	B3.1		POINT(47 -32)	-32	47	592.0	-578.0
186080	2021-09-24 02:46:00	2021-09-24 02:52:00	2021-09-24 02:56:00	B1.8	12871.0	POINT(-9 -29)	-29	-9	-137.0	-573.0
186090	2021-09-24 03:00:00	2021-09-24 03:07:00	2021-09-24 03:12:00	B1.9	12871.0	POINT(-11 -27)	-27	-11	-174.0	-538.0
186100	2021-09-24 06:33:00	2021-09-24 06:42:00	2021-09-24 06:51:00	B2.4	12871.0	POINT(72 -27)	-27	72	812.0	-465.0
186110	2021-09-24 06:56:00	2021-09-24 07:01:00	2021-09-24 07:05:00	C2.9	12871.0	POINT(-12 -23)	-23	-12	-195.0	-485.0
186120	2021-09-24 09:57:00	2021-09-24 10:08:00	2021-09-24 10:13:00	B2.9	12871.0	POINT(-10 -23)	-23	-10	-167.0	-484.0
186130	2021-09-24 15:57:00	2021-09-24 16:05:00	2021-09-24 16:09:00	B1.8	12872.0	POINT(-3 -31)	-31	-3	-46.0	-592.0
186140	2021-09-24 17:58:00	2021-09-24 18:12:00	2021-09-24 18:22:00	B5.3	12871.0	POINT(-1 -26)	-26	-1	-29.0	-527.0
186150	2021-09-24 18:22:00	2021-09-24 18:33:00	2021-09-24 18:41:00	B4.4	12871.0	POINT(-1 -26)	-26	-1	-19.0	-528.0
186160	2021-09-24 20:19:00	2021-09-24 20:23:00	2021-09-24 20:27:00	B2.4	12875.0	POINT(59 -32)	-32	59	697.0	-555.0
186170	2021-09-24 21:11:00	2021-09-24 21:16:00	2021-09-24 21:20:00	B2.5	12871.0	POINT(-1 -27)	-27	-1	-28.0	-543.0
186180	2021-09-24 21:25:00	2021-09-24 21:30:00	2021-09-24 21:34:00	B3.4	12871.0	POINT(-1 -27)	-27	-1	-27.0	-544.0
186190	2021-09-24 22:50:00	2021-09-24 22:55:00	2021-09-24 22:59:00	B3.2	12871.0	POINT(-1 -27)	-27	-1	-18.0	-542.0
186200	2021-09-24 23:34:00	2021-09-24 23:38:00	2021-09-24 23:42:00	B2.0	12872.0	POINT(0 -27)	-27	0	-13.0	-543.0
186210	2021-09-25 00:26:00	2021-09-25 00:33:00	2021-09-25 00:38:00	B2.5	12871.0	POINT(0 -27)	-27	0	-8.0	-543.0
186220	2021-09-25 01:17:00	2021-09-25 01:31:00	2021-09-25 01:36:00	B9.9	12871.0	POINT(4 -29)	-29	4	60.0	-572.0
186230	2021-09-25 03:06:00	2021-09-25 03:12:00	2021-09-25 03:18:00	B1.9	12871.0	POINT(1 -27)	-27	1	21.0	-545.0
186240	2021-09-25 03:27:00	2021-09-25 03:54:00	2021-09-25 04:04:00	C1.4	12871.0	POINT(2 -30)	-30	2	34.0	-585.0
186250	2021-09-25 05:34:00	2021-09-25 05:55:00	2021-09-25 06:11:00	B3.4	12871.0	POINT(16 19)	19	16	261.0	207.0
186260	2021-09-25 07:46:00	2021-09-25 07:57:00	2021-09-25 08:09:00	B5.4	12871.0	POINT(6 -31)	-31	6	71.0	-586.0
186270	2021-09-25 11:10:00	2021-09-25 11:30:00	2021-09-25 11:37:00	C1.0	12871.0	POINT(6 -27)	-27	6	75.0	-539.0
186280	2021-09-25 11:59:00	2021-09-25 12:04:00	2021-09-25 12:08:00	B7.2	12871.0	POINT(7 -29)	-29	7	107.0	-572.0
186290	2021-09-25 14:12:00	2021-09-25 14:19:00	2021-09-25 14:40:00	B1.9	12871.0	POINT(8 -30)	-30	8	122.0	-581.0
186300	2021-09-25 16:04:00	2021-09-25 16:11:00	2021-09-25 16:16:00	B2.1	12871.0	POINT(9 -30)	-30	9	141.0	-579.0
186310	2021-09-25 17:32:00	2021-09-25 17:39:00	2021-09-25 17:46:00	B2.3	12871.0	POINT(9 -27)	-27	9	143.0	-537.0
186320	2021-09-25 19:11:00	2021-09-25 19:17:00	2021-09-25 19:21:00	C1.7	12871.0	POINT(10 -27)	-27	10	150.0	-534.0
186330	2021-09-25 23:01:00	2021-09-25 23:10:00	2021-09-25 23:18:00	B5.0	12871.0	POINT(13 -30)	-30	13	196.0	-576.0
186340	2021-09-26 00:15:00	2021-09-26 00:23:00	2021-09-26 00:31:00	B1.6	12871.0	POINT(-13 18)	18	-13	-209.0	188.0
186350	2021-09-26 00:31:00	2021-09-26 00:39:00	2021-09-26 00:47:00	B6.3	12871.0	POINT(14 -30)	-30	14	211.0	-577.0
186360	2021-09-26 04:15:00	2021-09-26 04:22:00	2021-09-26 04:28:00	B2.1	12871.0	POINT(14 -26)	-26	14	221.0	-531.0
186370	2021-09-26 05:24:00	2021-09-26 05:35:00	2021-09-26 05:41:00	B2.8	12877.0	POINT(-12 -18)	-18	-12	-191.0	-416.0
186380	2021-09-26 06:25:00	2021-09-26 06:31:00	2021-09-26 06:38:00	C1.0	12873.0	POINT(77 24)	24	77	851.0	370.0
186390	2021-09-26 09:13:00	2021-09-26 09:17:00	2021-09-26 09:21:00	B1.8	12871.0	POINT(17 -27)	-27	17	259.0	-537.0
186400	2021-09-26 10:58:00	2021-09-26 11:06:00	2021-09-26 11:10:00	B2.4	12877.0	POINT(-9 -18)	-18	-9	-145.0	-417.0
186410	2021-09-26 11:20:00	2021-09-26 11:24:00	2021-09-26 11:28:00	C1.6	12871.0	POINT(20 -28)	-28	20	279.0	-530.0
186420	2021-09-26 15:38:00	2021-09-26 15:47:00	2021-09-26 16:10:00	B3.7	12872.0	POINT(33 19)	19	33	502.0	233.0
186430	2021-09-26 22:44:00	2021-09-26 23:00:00	2021-09-26 23:17:00	B2.4	12871.0	POINT(31 -29)	-29	31	438.0	-548.0
186440	2021-09-27 08:58:00	2021-09-27 09:23:00	2021-09-27 09:30:00	B2.6	12871.0	POINT(30 -27)	-27	30	435.0	-525.0
186450	2021-09-27 11:40:00	2021-09-27 11:46:00	2021-09-27 11:50:00	B4.5		POINT(35 -29)	-29	35	479.0	-555.0
186460	2021-09-27 13:11:00	2021-09-27 13:22:00	2021-09-27 13:38:00	B4.2		POINT(32 -27)	-27	32	464.0	-521.0
186470	2021-09-27 19:38:00	2021-09-27 19:45:00	2021-09-27 19:50:00	B3.5		POINT(33 -27)	-27	33	474.0	-524.0
186480	2021-09-27 23:46:00	2021-09-27 23:53:00	2021-09-28 00:11:00	B2.4		POINT(51 12)	12	51	728.0	142.0
186490	2021-09-28 01:37:00	2021-09-28 01:47:00	2021-09-28 01:56:00	B3.5	12871.0	POINT(45 -30)	-30	45	592.0	-546.0
186500	2021-09-28 02:49:00	2021-09-28 02:59:00	2021-09-28 03:05:00	B2.9	12871.0	POINT(-67 30)	30	-67	-765.0	438.0
186510	2021-09-28 04:30:00	2021-09-28 04:38:00	2021-09-28 04:45:00	B3.1	12871.0	POINT(-66 30)	30	-66	-760.0	438.0
186520	2021-09-28 05:24:00	2021-09-28 05:40:00	2021-09-28 05:54:00	B6.9	12871.0	POINT(43 -25)	-25	43	594.0	-489.0
186530	2021-09-28 05:32:00	2021-09-28 05:40:00	2021-09-28 23:09:00	B6.7		POINT(43 -25)	-25	43	593.0	-491.0
186540	2021-09-28 05:54:00	2021-09-28 06:34:00	2021-09-28 06:54:00	C1.6		POINT(43 -26)	-26	43	594.0	-493.0
186550	2021-09-28 23:09:00	2021-09-28 23:16:00	2021-09-28 23:21:00	B2.8	12871.0	POINT(55 -34)	-34	55	651.0	-587.0
186560	2021-09-29 00:13:00	2021-09-29 00:18:00	2021-09-29 00:24:00	B4.1	12880.0	POINT(-57 30)	30	-57	-701.0	427.0
186570	2021-09-29 01:25:00	2021-09-29 01:32:00	2021-09-29 01:43:00	B3.9	12880.0	POINT(-56 30)	30	-56	-693.0	424.0
186580	2021-09-29 02:08:00	2021-09-29 02:18:00	2021-09-29 02:23:00	C1.3	12880.0	POINT(-56 30)	30	-56	-689.0	423.0
186590	2021-09-29 11:11:00	2021-09-29 11:20:00	2021-09-29 11:25:00	B8.4	12877.0	POINT(33 -16)	-16	33	512.0	-359.0
186600	2021-09-29 13:51:00	2021-09-29 14:03:00	2021-09-29 14:13:00	B5.4	12877.0	POINT(36 -17)	-17	36	539.0	-359.0
186610	2021-09-29 14:15:00	2021-09-29 14:21:00	2021-09-29 14:25:00	C1.0	12877.0	POINT(37 -18)	-18	37	550.0	-385.0
186620	2021-09-29 16:22:00	2021-09-29 16:29:00	2021-09-29 16:35:00	B7.3	12877.0	POINT(36 -17)	-17	36	519.0	-382.0
186630	2021-09-29 18:50:00	2021-09-29 18:51:00	2021-09-29 19:31:00	B7.1	12877.0	POINT(38 -18)	-18	38	577.0	-354.0
186640	2021-09-29 21:46:00	2021-09-29 21:56:00	2021-09-29 22:02:00	C2.8	12877.0	POINT(40 -17)	-17	40	578.0	-387.0
186650	2021-09-29 22:10:00	2021-09-29 22:13:00	2021-09-29 22:17:00	C1.4	12877.0	POINT(38 -18)	-18	38	570.0	-390.0
186660	2021-09-29 22:34:00	2021-09-29 22:45:00	2021-09-29 22:50:00	C1.6	12877.0	POINT(41 -18)	-18	41	585.0	-384.0
186670	2021-09-29 23:04:00	2021-09-29 23:09:00	2021-09-29 23:20:00	B6.8	12877.0	POINT(39 -19)	-19	39	580.0	-393.0
186680	2021-09-30 05:42:00	2021-09-30 05:49:00	2021-09-30 05:55:00	B9.5	12877.0	POINT(43 -16)	-16	43	639.0	-347.0
186690	2021-09-30 07:48:00	2021-09-30 07:48:00	2021-09-30 08:04:00	B4.9	12880.0	POINT(46 -18)	-18	46	638.0	-390.0
186700	2021-09-30 08:31:00	2021-09-30 08:39:00	2021-09-30 08:45:00	B8.3	12877.0	POINT(47 -18)	-18	47	666.0	-350.0
186710	2021-09-30 10:18:00	2021-09-30 10:23:00	2021-09-30 10:28:00	B4.8	12880.0	POINT(45 -19)	-19	45	643.0	-387.0
186720	2021-09-30 11:46:00	2021-09-30 11:49:00	2021-09-30 11:53:00	B6.5	12877.0	POINT(49 -18)	-18	49	676.0	-369.0
186730	2021-09-30 12:09:00	2021-09-30 12:14:00	2021-09-30 12:18:00	B3.0	12877.0	POINT(50 -18)	-18	50	681.0	-360.0
186740	2021-09-30 12:19:00	2021-09-30 12:24:00	2021-09-30 12:30:00	B5.4	12877.0	POINT(50 -18)	-18	50	680.0	-366.0
186750	2021-09-30 12:43:00	2021-09-30 12:49:00	2021-09-30 12:55:00	C1.2	12877.0	POINT(48 -17)	-17	48	684.0	-364.0
186760	2021-09-30 14:54:00	2021-09-30 15:03:00	2021-09-30 15:24:00	B2.9	12877.0	POINT(51 -18)	-18	51	698.0	-363.0
186770	2021-09-30 17:28:00	2021-09-30 17:32:00	2021-09-30 17:37:00	B2.8	12877.0	POINT(51 -17)	-17	51	714.0	-359.0
186780	2021-09-30 18:17:00	2021-09-30 18:25:00	2021-09-30 18:33:00	B3.2	12877.0	POINT(51 -17)	-17	51	719.0	-359.0
186790	2021-10-01 10:38:00	2021-10-01 10:55:00	2021-10-01 11:20:00	B4.7	12877.0	POINT(63 -21)	-21	63	782.0	-381.0
186800	2021-10-01 18:33:00	2021-10-01 18:47:00	2021-10-01 19:00:00	B2.8	12877.0	POINT(68 -19)	-19	68	841.0	-350.0
186810	2021-10-01 21:30:00	2021-10-01 21:39:00	2021-10-01 21:47:00	B3.1	12880.0	POINT(68 -18)	-18	68	843.0	-347.0
186820	2021-10-02 08:39:00	2021-10-02 08:47:00	2021-10-02 08:51:00	B2.7	12880.0	POINT(-15 31)	31	-15	-213.0	411.0
186830	2021-10-02 13:05:00	2021-10-02 13:12:00	2021-10-02 13:17:00	B2.5		POINT(78 -18)	-18	78	894.0	-315.0
186840	2021-10-02 17:54:00	2021-10-02 18:07:00	2021-10-02 18:16:00	B2.5	12877.0	POINT(82 -15)	-15	82	913.0	-276.0
186850	2021-10-02 22:23:00	2021-10-02 22:40:00	2021-10-02 22:57:00	C1.6	12877.0	POINT(87 -19)	-19	87	906.0	-315.0
186860	2021-10-03 04:08:00	2021-10-03 04:16:00	2021-10-03 04:30:00	B4.8		POINT(87 -19)	-19	87	905.0	-323.0
186870	2021-10-03 07:07:00	2021-10-03 07:22:00	2021-10-03 07:46:00	C1.8		POINT(79 -17)	-17	79	921.0	-296.0
186880	2021-10-03 10:18:00	2021-10-03 10:28:00	2021-10-03 10:34:00	B2.2		POINT(0 31)	31	0	-13.0	399.0
186890	2021-10-03 13:53:00	2021-10-03 14:01:00	2021-10-03 14:05:00	B1.8		POINT(87 -16)	-16	87	926.0	-277.0
186900	2021-10-03 16:20:00	2021-10-03 16:30:00	2021-10-03 16:34:00	B3.0		POINT(9 30)	30	9	139.0	387.0
186910	2021-10-03 21:24:00	2021-10-03 21:34:00	2021-10-03 21:49:00	B2.2		POINT(87 -16)	-16	87	932.0	-284.0
186920	2021-10-04 00:24:00	2021-10-04 00:31:00	2021-10-04 00:42:00	B3.0		POINT(87 -17)	-17	87	929.0	-288.0
186930	2021-10-04 02:25:00	2021-10-04 02:38:00	2021-10-04 02:52:00	B7.5		POINT(87 -17)	-17	87	929.0	-293.0
186940	2021-10-04 02:52:00	2021-10-04 03:07:00	2021-10-04 03:18:00	B9.2		POINT(87 -18)	-18	87	938.0	-313.0
186950	2021-10-04 08:31:00	2021-10-04 08:38:00	2021-10-04 08:40:00	B1.6		POINT(-77 14)	14	-77	-907.0	207.0
186960	2021-10-04 08:40:00	2021-10-04 08:56:00	2021-10-04 09:01:00	B1.6		POINT(13 29)	29	13	192.0	378.0
186970	2021-10-04 09:53:00	2021-10-04 10:03:00	2021-10-04 10:09:00	B2.2		POINT(19 30)	30	19	265.0	387.0
186980	2021-10-04 13:38:00	2021-10-04 13:42:00	2021-10-04 13:51:00	B1.5		POINT(-78 16)	16	-78	-901.0	252.0
186990	2021-10-04 15:39:00	2021-10-04 15:56:00	2021-10-04 16:18:00	B2.3		POINT(87 -16)	-16	87	927.0	-285.0
187000	2021-10-04 16:56:00	2021-10-04 17:02:00	2021-10-04 17:07:00	B2.1		POINT(-72 13)	13	-72	-890.0	198.0
187010	2021-10-04 18:42:00	2021-10-04 18:48:00	2021-10-04 18:52:00	B1.1		POINT(23 30)	30	23	326.0	392.0
187020	2021-10-05 03:54:00	2021-10-05 03:58:00	2021-10-05 04:02:00	B1.4		POINT(-66 15)	15	-66	-849.0	214.0
187030	2021-10-05 11:19:00	2021-10-05 11:26:00	2021-10-05 11:33:00	B1.6		POINT(26 32)	32	26	366.0	435.0
187040	2021-10-06 01:07:00	2021-10-06 01:12:00	2021-10-06 01:18:00	B5.0		POINT(-55 16)	16	-55	-757.0	210.0
187050	2021-10-06 01:51:00	2021-10-06 01:58:00	2021-10-06 02:04:00	B1.6		POINT(-54 15)	15	-54	-759.0	190.0
187060	2021-10-06 02:40:00	2021-10-06 02:46:00	2021-10-06 02:54:00	B1.6		POINT(33 31)	31	33	457.0	425.0
187070	2021-10-06 02:56:00	2021-10-06 03:01:00	2021-10-06 03:06:00	B1.7		POINT(-54 16)	16	-54	-748.0	210.0
187080	2021-10-06 03:31:00	2021-10-06 03:39:00	2021-10-06 03:43:00	B1.8		POINT(-54 16)	16	-54	-744.0	218.0
187090	2021-10-06 04:29:00	2021-10-06 04:34:00	2021-10-06 04:40:00	B1.4		POINT(-85 -30)	-30	-85	-840.0	-493.0
187100	2021-10-06 12:22:00	2021-10-06 12:30:00	2021-10-06 12:35:00	B2.1		POINT(38 31)	31	38	512.0	434.0
187110	2021-10-06 13:10:00	2021-10-06 13:17:00	2021-10-06 13:21:00	B2.0		POINT(-53 16)	16	-53	-743.0	204.0
187120	2021-10-06 15:57:00	2021-10-06 16:12:00	2021-10-06 16:19:00	B2.3		POINT(-48 18)	18	-48	-682.0	236.0
187130	2021-10-06 16:19:00	2021-10-06 16:24:00	2021-10-06 16:29:00	B2.2		POINT(-52 15)	15	-52	-733.0	200.0
187140	2021-10-06 19:41:00	2021-10-06 19:54:00	2021-10-06 20:03:00	B3.1		POINT(-85 -34)	-34	-85	-798.0	-554.0
187150	2021-10-06 22:05:00	2021-10-06 22:20:00	2021-10-06 22:27:00	B7.6		POINT(-49 15)	15	-49	-701.0	192.0
187160	2021-10-07 00:30:00	2021-10-07 00:34:00	2021-10-07 00:38:00	B2.4		POINT(-85 -33)	-33	-85	-798.0	-536.0
187170	2021-10-07 00:40:00	2021-10-07 00:48:00	2021-10-07 01:04:00	B2.1		POINT(-47 15)	15	-47	-689.0	183.0
187180	2021-10-07 02:35:00	2021-10-07 02:46:00	2021-10-07 02:54:00	C5.5		POINT(-46 16)	16	-46	-666.0	196.0
187190	2021-10-07 06:08:00	2021-10-07 06:18:00	2021-10-07 06:27:00	B1.8		POINT(-79 -34)	-34	-79	-774.0	-561.0
187200	2021-10-07 08:08:00	2021-10-07 08:19:00	2021-10-07 08:27:00	B2.4		POINT(-85 -34)	-34	-85	-799.0	-548.0
187210	2021-10-07 10:17:00	2021-10-07 10:23:00	2021-10-07 10:28:00	B1.4		POINT(-76 -33)	-33	-76	-782.0	-542.0
187220	2021-10-07 12:09:00	2021-10-07 12:15:00	2021-10-07 12:20:00	B1.6		POINT(-41 15)	15	-41	-612.0	182.0
187230	2021-10-07 13:17:00	2021-10-07 13:27:00	2021-10-07 13:37:00	B2.6		POINT(18 -23)	-23	18	284.0	-472.0
187240	2021-10-07 21:33:00	2021-10-07 21:40:00	2021-10-07 21:45:00	B1.3		POINT(-31 16)	16	-31	-482.0	180.0
187250	2021-10-07 22:13:00	2021-10-07 22:31:00	2021-10-07 22:43:00	C1.0		POINT(-71 -33)	-33	-71	-759.0	-555.0
187260	2021-10-08 02:06:00	2021-10-08 02:13:00	2021-10-08 02:19:00	B1.3		POINT(-24 19)	19	-24	-378.0	227.0
187270	2021-10-08 03:50:00	2021-10-08 03:54:00	2021-10-08 03:58:00	B1.5		POINT(-23 18)	18	-23	-368.0	212.0
187280	2021-10-08 04:18:00	2021-10-08 04:24:00	2021-10-08 04:28:00	B1.9		POINT(-23 18)	18	-23	-366.0	214.0
187290	2021-10-08 04:49:00	2021-10-08 04:55:00	2021-10-08 04:59:00	B1.7		POINT(-24 18)	18	-24	-365.0	213.0
187300	2021-10-08 05:58:00	2021-10-08 06:01:00	2021-10-08 06:06:00	B1.8		POINT(-24 19)	19	-24	-366.0	212.0
187310	2021-10-08 06:33:00	2021-10-08 06:36:00	2021-10-08 06:40:00	B1.4		POINT(-22 18)	18	-22	-350.0	212.0
187320	2021-10-08 07:08:00	2021-10-08 07:12:00	2021-10-08 07:18:00	B1.6		POINT(-22 18)	18	-22	-350.0	215.0
187330	2021-10-08 07:24:00	2021-10-08 07:24:00	2021-10-08 07:27:00	B3.7		POINT(-23 18)	18	-23	-350.0	214.0
187340	2021-10-08 11:01:00	2021-10-08 11:08:00	2021-10-08 11:15:00	C1.9		POINT(-24 20)	20	-24	-371.0	252.0
187350	2021-10-08 18:15:00	2021-10-08 18:21:00	2021-10-08 18:26:00	B1.9		POINT(-14 18)	18	-14	-236.0	201.0
187360	2021-10-08 19:19:00	2021-10-08 19:56:00	2021-10-08 20:16:00	C2.7		POINT(-12 19)	19	-12	-201.0	215.0
187370	2021-10-09 00:19:00	2021-10-09 00:24:00	2021-10-09 00:28:00	B1.7		POINT(-15 15)	15	-15	-251.0	153.0
187380	2021-10-09 01:18:00	2021-10-09 01:29:00	2021-10-09 01:49:00	B5.8		POINT(79 31)	31	79	806.0	481.0
187390	2021-10-09 06:19:00	2021-10-09 06:38:00	2021-10-09 06:53:00	M1.6	12882.0	POINT(-9 17)	17	-9	-130.0	200.0
187400	2021-10-09 18:55:00	2021-10-09 19:05:00	2021-10-09 19:23:00	B2.4		POINT(86 30)	30	86	831.0	483.0
187410	2021-10-09 20:30:00	2021-10-09 20:45:00	2021-10-09 20:48:00	B3.0		POINT(86 29)	29	86	840.0	484.0
187420	2021-10-09 22:42:00	2021-10-09 22:57:00	2021-10-09 23:06:00	C2.0		POINT(-38 -32)	-32	-38	-514.0	-588.0
187430	2021-10-10 04:27:00	2021-10-10 04:35:00	2021-10-10 04:41:00	B2.0		POINT(86 31)	31	86	827.0	501.0
187440	2021-10-10 08:06:00	2021-10-10 08:12:00	2021-10-10 08:17:00	B2.1		POINT(0 17)	17	0	11.0	191.0
187450	2021-10-10 15:53:00	2021-10-10 15:58:00	2021-10-10 16:03:00	B1.9		POINT(56 25)	25	56	725.0	367.0
187460	2021-10-10 16:11:00	2021-10-10 16:16:00	2021-10-10 16:21:00	B2.0		POINT(-28 -31)	-31	-28	-395.0	-581.0
187470	2021-10-10 22:28:00	2021-10-10 23:02:00	2021-10-10 23:20:00	C2.3		POINT(86 32)	32	86	820.0	530.0
187480	2021-10-11 07:47:00	2021-10-11 07:57:00	2021-10-11 08:04:00	B3.5		POINT(-87 25)	25	-87	-875.0	416.0
187490	2021-10-11 14:41:00	2021-10-11 14:53:00	2021-10-11 15:00:00	B2.0		POINT(25 17)	17	25	394.0	204.0
187500	2021-10-11 16:09:00	2021-10-11 16:14:00	2021-10-11 16:20:00	B2.0		POINT(20 18)	18	20	315.0	214.0
187510	2021-10-11 17:45:00	2021-10-11 17:52:00	2021-10-11 18:10:00	B1.4		POINT(-16 -33)	-33	-16	-228.0	-605.0
187520	2021-10-11 19:18:00	2021-10-11 19:25:00	2021-10-11 19:29:00	B1.9		POINT(21 15)	15	21	344.0	157.0
187530	2021-10-11 19:37:00	2021-10-11 19:45:00	2021-10-11 19:49:00	B2.0		POINT(72 26)	26	72	821.0	401.0
187540	2021-10-11 20:19:00	2021-10-11 20:26:00	2021-10-11 20:31:00	B4.3		POINT(72 27)	27	72	815.0	399.0
187550	2021-10-12 01:36:00	2021-10-12 01:46:00	2021-10-12 01:51:00	B9.5		POINT(31 18)	18	31	436.0	236.0
187560	2021-10-12 02:03:00	2021-10-12 02:16:00	2021-10-12 02:22:00	B7.3		POINT(30 20)	20	30	461.0	251.0
187570	2021-10-12 02:30:00	2021-10-12 02:45:00	2021-10-12 03:01:00	B8.7		POINT(30 19)	19	30	482.0	261.0
187580	2021-10-12 10:54:00	2021-10-12 10:58:00	2021-10-12 11:02:00	B1.3		POINT(88 26)	26	88	859.0	423.0
187590	2021-10-12 11:11:00	2021-10-12 11:22:00	2021-10-12 11:27:00	B1.4		POINT(28 17)	17	28	444.0	210.0
187600	2021-10-12 12:04:00	2021-10-12 12:11:00	2021-10-12 12:16:00	B1.5		POINT(35 19)	19	35	523.0	240.0
187610	2021-10-12 12:57:00	2021-10-12 13:05:00	2021-10-12 13:10:00	B1.6		POINT(85 25)	25	85	864.0	407.0
187620	2021-10-12 14:04:00	2021-10-12 14:10:00	2021-10-12 14:16:00	B1.1		POINT(32 19)	19	32	484.0	239.0
187630	2021-10-12 15:54:00	2021-10-12 16:02:00	2021-10-12 16:13:00	B5.9		POINT(32 15)	15	32	485.0	183.0
187640	2021-10-12 16:34:00	2021-10-12 16:44:00	2021-10-12 16:48:00	B1.8		POINT(33 14)	14	33	509.0	160.0
187650	2021-10-12 22:45:00	2021-10-12 22:52:00	2021-10-12 23:00:00	B1.9		POINT(36 15)	15	36	545.0	184.0
187660	2021-10-13 06:27:00	2021-10-13 06:29:00	2021-10-13 06:33:00	B2.0		POINT(39 17)	17	39	586.0	211.0
187670	2021-10-13 09:54:00	2021-10-13 10:14:00	2021-10-13 10:22:00	B3.3		POINT(50 16)	16	50	708.0	265.0
187680	2021-10-13 10:22:00	2021-10-13 10:31:00	2021-10-13 10:42:00	B4.7		POINT(51 17)	17	51	716.0	230.0
187690	2021-10-13 14:03:00	2021-10-13 14:11:00	2021-10-13 14:19:00	B1.4		POINT(62 17)	17	62	816.0	236.0
187700	2021-10-13 17:09:00	2021-10-13 17:16:00	2021-10-13 17:20:00	B1.8		POINT(60 16)	16	60	800.0	265.0
187710	2021-10-13 18:10:00	2021-10-13 18:19:00	2021-10-13 18:29:00	B1.8		POINT(-14 -38)	-38	-14	-183.0	-592.0
187720	2021-10-13 20:13:00	2021-10-13 20:22:00	2021-10-13 20:27:00	B4.8		POINT(67 15)	15	67	858.0	213.0
187730	2021-10-13 20:32:00	2021-10-13 20:35:00	2021-10-13 20:39:00	B3.7		POINT(66 15)	15	66	854.0	213.0
187740	2021-10-13 21:07:00	2021-10-13 21:17:00	2021-10-13 21:22:00	B5.4		POINT(67 16)	16	67	864.0	216.0
187750	2021-10-13 21:27:00	2021-10-13 21:31:00	2021-10-13 21:35:00	B2.8		POINT(67 16)	16	67	858.0	208.0
187760	2021-10-13 21:51:00	2021-10-13 22:04:00	2021-10-13 22:10:00	C1.3		POINT(67 16)	16	67	853.0	218.0
187770	2021-10-13 23:25:00	2021-10-13 23:32:00	2021-10-13 23:36:00	B2.2		POINT(68 16)	16	68	857.0	214.0
187780	2021-10-13 23:47:00	2021-10-13 23:50:00	2021-10-14 00:15:00	B4.8		POINT(67 15)	15	67	855.0	248.0
187790	2021-10-14 00:57:00	2021-10-14 01:02:00	2021-10-14 01:06:00	B5.3		POINT(68 15)	15	68	863.0	217.0
187800	2021-10-14 01:24:00	2021-10-14 01:34:00	2021-10-14 01:40:00	C2.2		POINT(68 15)	15	68	862.0	219.0
187810	2021-10-14 02:06:00	2021-10-14 02:10:00	2021-10-14 02:14:00	B4.3		POINT(68 14)	14	68	867.0	210.0
187820	2021-10-14 02:54:00	2021-10-14 03:04:00	2021-10-14 03:14:00	C1.8		POINT(71 14)	14	71	884.0	213.0
187830	2021-10-14 05:08:00	2021-10-14 05:13:00	2021-10-14 05:19:00	B2.8		POINT(71 15)	15	71	882.0	221.0
187840	2021-10-14 05:19:00	2021-10-14 05:24:00	2021-10-14 05:36:00	B3.3		POINT(71 15)	15	71	879.0	221.0
187850	2021-10-14 12:49:00	2021-10-14 12:54:00	2021-10-14 13:06:00	B1.2		POINT(58 18)	18	58	781.0	250.0
187860	2021-10-14 15:06:00	2021-10-14 15:13:00	2021-10-14 15:19:00	B1.0		POINT(77 15)	15	77	908.0	227.0
187870	2021-10-15 15:01:00	2021-10-15 15:16:00	2021-10-15 15:29:00	B9.7		POINT(89 13)	13	89	935.0	222.0
187880	2021-10-16 00:37:00	2021-10-16 00:41:00	2021-10-16 00:47:00	B1.4		POINT(78 16)	16	78	906.0	248.0
187890	2021-10-16 11:32:00	2021-10-16 11:40:00	2021-10-16 11:44:00	B1.6		POINT(82 15)	15	82	918.0	249.0
187900	2021-10-17 05:25:00	2021-10-17 05:30:00	2021-10-17 05:35:00	B1.2		POINT(88 16)	16	88	925.0	280.0
187910	2021-10-17 05:50:00	2021-10-17 05:57:00	2021-10-17 06:02:00	B1.5		POINT(88 17)	17	88	918.0	288.0
187920	2021-10-17 06:16:00	2021-10-17 06:23:00	2021-10-17 06:28:00	B1.8		POINT(88 17)	17	88	921.0	293.0
187930	2021-10-18 03:08:00	2021-10-18 03:15:00	2021-10-18 03:23:00	B1.0		POINT(-87 -21)	-21	-87	-909.0	-363.0
187940	2021-10-18 03:23:00	2021-10-18 03:32:00	2021-10-18 03:39:00	B1.2		POINT(-87 -21)	-21	-87	-898.0	-353.0
187950	2021-10-20 18:15:00	2021-10-20 18:22:00	2021-10-20 18:28:00	B1.1		POINT(-87 -20)	-20	-87	-930.0	-349.0
187960	2021-10-20 19:57:00	2021-10-20 20:04:00	2021-10-20 20:10:00	B1.0		POINT(-87 -21)	-21	-87	-898.0	-351.0
187970	2021-10-20 21:00:00	2021-10-20 21:09:00	2021-10-20 21:16:00	B1.7		POINT(-87 -20)	-20	-87	-912.0	-348.0
187980	2021-10-20 21:34:00	2021-10-20 21:46:00	2021-10-20 21:58:00	B4.6		POINT(-87 -23)	-23	-87	-895.0	-398.0
187990	2021-10-20 23:00:00	2021-10-20 23:08:00	2021-10-20 23:15:00	B1.2		POINT(-54 24)	24	-54	-715.0	348.0
188000	2021-10-21 03:40:00	2021-10-21 03:48:00	2021-10-21 04:01:00	B1.4		POINT(-87 -24)	-24	-87	-886.0	-410.0
188010	2021-10-21 05:27:00	2021-10-21 05:34:00	2021-10-21 05:37:00	B1.3		POINT(-87 -23)	-23	-87	-899.0	-393.0
188020	2021-10-21 05:37:00	2021-10-21 05:42:00	2021-10-21 05:49:00	B6.0		POINT(-87 -23)	-23	-87	-899.0	-392.0
188030	2021-10-21 06:53:00	2021-10-21 07:05:00	2021-10-21 07:12:00	B7.3		POINT(-87 -23)	-23	-87	-899.0	-390.0
188040	2021-10-21 08:02:00	2021-10-21 08:15:00	2021-10-21 08:30:00	B3.8		POINT(-87 -23)	-23	-87	-896.0	-390.0
188050	2021-10-21 11:52:00	2021-10-21 12:15:00	2021-10-21 12:27:00	B3.0		POINT(-87 -25)	-25	-87	-889.0	-418.0
188060	2021-10-21 12:46:00	2021-10-21 12:53:00	2021-10-21 13:05:00	B2.7		POINT(-87 -23)	-23	-87	-890.0	-392.0
188070	2021-10-21 13:35:00	2021-10-21 13:41:00	2021-10-21 13:46:00	B2.9		POINT(-87 -23)	-23	-87	-888.0	-398.0
188080	2021-10-21 15:02:00	2021-10-21 15:15:00	2021-10-21 15:32:00	B8.7		POINT(-80 -24)	-24	-80	-863.0	-417.0
188090	2021-10-21 19:29:00	2021-10-21 19:35:00	2021-10-21 19:44:00	B2.3		POINT(-87 -24)	-24	-87	-882.0	-405.0
188100	2021-10-21 20:30:00	2021-10-21 20:37:00	2021-10-21 20:42:00	B2.4		POINT(-87 -24)	-24	-87	-878.0	-407.0
188110	2021-10-21 21:22:00	2021-10-21 21:25:00	2021-10-21 21:30:00	B2.6		POINT(-87 -24)	-24	-87	-878.0	-406.0
188120	2021-10-21 21:45:00	2021-10-21 21:51:00	2021-10-21 22:04:00	B2.4		POINT(-87 -24)	-24	-87	-879.0	-406.0
188130	2021-10-21 22:08:00	2021-10-21 22:13:00	2021-10-21 22:17:00	B4.5		POINT(-87 -24)	-24	-87	-879.0	-403.0
188140	2021-10-21 22:27:00	2021-10-21 22:36:00	2021-10-21 22:42:00	B3.1		POINT(-87 -25)	-25	-87	-878.0	-412.0
188150	2021-10-21 23:35:00	2021-10-21 23:42:00	2021-10-21 23:49:00	B2.5		POINT(-87 -25)	-25	-87	-873.0	-411.0
188160	2021-10-22 02:39:00	2021-10-22 02:48:00	2021-10-22 02:56:00	B3.4		POINT(-87 -24)	-24	-87	-878.0	-408.0
188170	2021-10-22 15:09:00	2021-10-22 15:13:00	2021-10-22 15:17:00	B4.4		POINT(-75 -24)	-24	-75	-851.0	-413.0
188180	2021-10-22 16:06:00	2021-10-22 16:12:00	2021-10-22 16:19:00	B4.3		POINT(-75 -24)	-24	-75	-850.0	-415.0
188190	2021-10-22 17:47:00	2021-10-22 17:55:00	2021-10-22 17:59:00	B6.3		POINT(11 -23)	-23	11	169.0	-469.0
188200	2021-10-22 18:30:00	2021-10-22 18:38:00	2021-10-22 18:48:00	B9.6		POINT(-88 -14)	-14	-88	-944.0	-248.0
188210	2021-10-23 01:06:00	2021-10-23 01:11:00	2021-10-23 01:17:00	B3.5		POINT(-69 -28)	-28	-69	-794.0	-483.0
188220	2021-10-23 02:19:00	2021-10-23 02:24:00	2021-10-23 02:30:00	B5.4		POINT(-68 -28)	-28	-68	-791.0	-483.0
188230	2021-10-23 03:00:00	2021-10-23 03:10:00	2021-10-23 03:20:00	B4.6		POINT(-68 -28)	-28	-68	-789.0	-485.0
188240	2021-10-23 06:53:00	2021-10-23 06:59:00	2021-10-23 07:11:00	B3.6		POINT(-66 -28)	-28	-66	-777.0	-491.0
188250	2021-10-23 12:01:00	2021-10-23 12:11:00	2021-10-23 12:17:00	B6.2		POINT(-88 -14)	-14	-88	-944.0	-253.0
188260	2021-10-23 12:53:00	2021-10-23 12:57:00	2021-10-23 13:01:00	B3.3		POINT(-63 -30)	-30	-63	-747.0	-504.0
188270	2021-10-23 13:47:00	2021-10-23 13:50:00	2021-10-23 13:57:00	B3.7		POINT(-62 -25)	-25	-62	-741.0	-504.0
188280	2021-10-23 14:44:00	2021-10-23 14:49:00	2021-10-23 14:55:00	B3.4		POINT(-59 -28)	-28	-59	-732.0	-495.0
188290	2021-10-23 18:07:00	2021-10-23 18:11:00	2021-10-23 18:17:00	B3.6		POINT(-59 -29)	-29	-59	-727.0	-509.0
188300	2021-10-23 23:01:00	2021-10-23 23:10:00	2021-10-23 23:17:00	B3.7		POINT(-49 -21)	-21	-49	-681.0	-407.0
188310	2021-10-24 07:37:00	2021-10-24 07:44:00	2021-10-24 07:49:00	B3.2		POINT(-54 -29)	-29	-54	-683.0	-521.0
188320	2021-10-24 09:12:00	2021-10-24 09:17:00	2021-10-24 09:21:00	B4.6		POINT(-87 -24)	-24	-87	-881.0	-403.0
188330	2021-10-24 18:12:00	2021-10-24 18:18:00	2021-10-24 18:22:00	B6.0		POINT(-73 -13)	-13	-73	-900.0	-248.0
188340	2021-10-25 02:29:00	2021-10-25 02:37:00	2021-10-25 02:49:00	B4.5		POINT(-41 -27)	-27	-41	-573.0	-500.0
188350	2021-10-25 05:26:00	2021-10-25 05:36:00	2021-10-25 05:47:00	B4.3		POINT(-70 -27)	-27	-70	-811.0	-462.0
188360	2021-10-25 06:10:00	2021-10-25 06:21:00	2021-10-25 06:30:00	B6.3		POINT(-40 -31)	-31	-40	-539.0	-554.0
188370	2021-10-25 16:20:00	2021-10-25 16:23:00	2021-10-25 16:29:00	B5.4		POINT(6 -19)	-19	6	106.0	-398.0
188380	2021-10-25 16:35:00	2021-10-25 16:38:00	2021-10-25 16:42:00	B6.5		POINT(-35 -29)	-29	-35	-489.0	-528.0
188390	2021-10-25 18:34:00	2021-10-25 18:41:00	2021-10-25 18:48:00	B5.0		POINT(-33 -29)	-29	-33	-462.0	-537.0
188400	2021-10-25 19:47:00	2021-10-25 19:56:00	2021-10-25 20:01:00	C8.5		POINT(-88 14)	14	-88	-944.0	250.0
188410	2021-10-25 21:55:00	2021-10-25 22:03:00	2021-10-25 22:16:00	C4.4		POINT(-89 13)	13	-89	-949.0	233.0
188420	2021-10-25 23:31:00	2021-10-25 23:34:00	2021-10-25 23:38:00	C1.6		POINT(-88 19)	19	-88	-915.0	331.0
188430	2021-10-26 00:12:00	2021-10-26 00:19:00	2021-10-26 00:30:00	C1.9		POINT(-30 -28)	-28	-30	-435.0	-523.0
188440	2021-10-26 00:48:00	2021-10-26 01:04:00	2021-10-26 01:13:00	C9.3		POINT(-88 16)	16	-88	-933.0	269.0
188450	2021-10-26 01:43:00	2021-10-26 01:50:00	2021-10-26 01:56:00	C3.5		POINT(-88 14)	14	-88	-940.0	245.0
188460	2021-10-26 02:40:00	2021-10-26 02:47:00	2021-10-26 02:54:00	M1.3		POINT(-88 14)	14	-88	-938.0	249.0
188470	2021-10-26 03:18:00	2021-10-26 03:24:00	2021-10-26 03:29:00	C2.0		POINT(-88 18)	18	-88	-923.0	312.0
188480	2021-10-26 04:27:00	2021-10-26 04:33:00	2021-10-26 04:37:00	C2.3		POINT(-56 -25)	-25	-56	-724.0	-456.0
188490	2021-10-26 05:20:00	2021-10-26 05:25:00	2021-10-26 05:29:00	C1.9		POINT(-88 19)	19	-88	-916.0	325.0
188500	2021-10-26 05:56:00	2021-10-26 06:04:00	2021-10-26 06:10:00	C7.8		POINT(-88 15)	15	-88	-936.0	261.0
188510	2021-10-26 09:43:00	2021-10-26 09:52:00	2021-10-26 10:02:00	C5.0		POINT(-88 15)	15	-88	-931.0	266.0
188520	2021-10-26 11:11:00	2021-10-26 11:25:00	2021-10-26 11:31:00	C4.8		POINT(-88 15)	15	-88	-938.0	259.0
188530	2021-10-26 13:25:00	2021-10-26 13:38:00	2021-10-26 13:48:00	C3.1		POINT(-88 15)	15	-88	-931.0	249.0
188540	2021-10-26 15:42:00	2021-10-26 15:57:00	2021-10-26 16:02:00	M1.0		POINT(-88 15)	15	-88	-931.0	249.0
188550	2021-10-26 22:45:00	2021-10-26 22:52:00	2021-10-26 23:00:00	C1.2		POINT(-89 16)	16	-89	-927.0	266.0
188560	2021-10-26 23:10:00	2021-10-26 23:19:00	2021-10-26 23:25:00	C2.1		POINT(-81 17)	17	-81	-911.0	282.0
188570	2021-10-27 03:50:00	2021-10-27 03:57:00	2021-10-27 04:03:00	C1.0		POINT(-16 -25)	-25	-16	-252.0	-493.0
188580	2021-10-27 05:22:00	2021-10-27 05:35:00	2021-10-27 05:41:00	C2.8		POINT(-15 -28)	-28	-15	-234.0	-523.0
188590	2021-10-27 05:41:00	2021-10-27 05:45:00	2021-10-27 05:47:00	C3.1		POINT(-14 -26)	-26	-14	-223.0	-506.0
188600	2021-10-27 05:47:00	2021-10-27 06:08:00	2021-10-27 06:19:00	C8.5		POINT(-18 -26)	-26	-18	-272.0	-502.0
188610	2021-10-27 07:01:00	2021-10-27 07:10:00	2021-10-27 07:14:00	C1.5		POINT(-15 -26)	-26	-15	-221.0	-519.0
188620	2021-10-27 08:44:00	2021-10-27 08:49:00	2021-10-27 08:56:00	C1.7		POINT(-11 -30)	-30	-11	-170.0	-554.0
188630	2021-10-27 09:38:00	2021-10-27 09:45:00	2021-10-27 09:50:00	B7.2		POINT(-78 16)	16	-78	-906.0	254.0
188640	2021-10-27 09:50:00	2021-10-27 09:54:00	2021-10-27 09:59:00	C2.8		POINT(-12 -27)	-27	-12	-187.0	-511.0
188650	2021-10-27 10:14:00	2021-10-27 10:29:00	2021-10-27 10:36:00	C1.5		POINT(-77 16)	16	-77	-905.0	253.0
188660	2021-10-27 11:49:00	2021-10-27 11:59:00	2021-10-27 12:08:00	C1.6		POINT(-37 -24)	-24	-37	-552.0	-472.0
188670	2021-10-27 12:11:00	2021-10-27 12:19:00	2021-10-27 12:25:00	C2.3		POINT(-14 -26)	-26	-14	-221.0	-503.0
188680	2021-10-27 13:35:00	2021-10-27 13:42:00	2021-10-27 13:48:00	C1.1		POINT(-9 -28)	-28	-9	-141.0	-526.0
188690	2021-10-27 16:21:00	2021-10-27 16:36:00	2021-10-27 16:44:00	C2.1		POINT(-87 18)	18	-87	-915.0	298.0
188700	2021-10-27 17:57:00	2021-10-27 18:05:00	2021-10-27 18:13:00	C1.4		POINT(-80 17)	17	-80	-908.0	275.0
188710	2021-10-27 18:48:00	2021-10-27 18:58:00	2021-10-27 19:04:00	C2.1		POINT(-80 18)	18	-80	-905.0	286.0
188720	2021-10-27 20:44:00	2021-10-27 20:50:00	2021-10-27 20:58:00	C2.1		POINT(-75 18)	18	-75	-885.0	290.0
188730	2021-10-27 21:53:00	2021-10-27 21:59:00	2021-10-27 22:05:00	C1.1		POINT(-5 -26)	-26	-5	-88.0	-505.0
188740	2021-10-27 22:07:00	2021-10-27 22:22:00	2021-10-27 22:27:00	C1.6	12887.0	POINT(-8 -27)	-27	-8	-133.0	-508.0
188750	2021-10-27 22:35:00	2021-10-27 22:44:00	2021-10-27 23:00:00	C1.1		POINT(-8 -26)	-26	-8	-107.0	-527.0
188760	2021-10-28 01:32:00	2021-10-28 01:38:00	2021-10-28 01:45:00	C1.2		POINT(-5 -28)	-28	-5	-57.0	-504.0
188770	2021-10-28 07:30:00	2021-10-28 07:40:00	2021-10-28 07:45:00	M1.4		POINT(-3 -30)	-30	-3	43.0	-482.0
188780	2021-10-28 09:56:00	2021-10-28 10:00:00	2021-10-28 10:05:00	C1.1		POINT(0 -31)	-31	0	0.0	-497.0
188790	2021-10-28 10:19:00	2021-10-28 10:28:00	2021-10-28 10:37:00	M2.2		POINT(-2 -30)	-30	-2	-29.0	-482.0
188800	2021-10-28 11:44:00	2021-10-28 11:54:00	2021-10-28 12:22:00	C1.2		POINT(3 -26)	-26	3	45.0	-423.0
188810	2021-10-28 12:26:00	2021-10-28 12:38:00	2021-10-28 12:49:00	C2.2	12891.0	POINT(-60 16)	16	-60	-823.0	228.0
188820	2021-10-28 13:12:00	2021-10-28 13:21:00	2021-10-28 13:32:00	C3.3		POINT(5 -27)	-27	5	48.0	-506.0
188830	2021-10-28 13:46:00	2021-10-28 13:59:00	2021-10-28 14:05:00	C3.8	12887.0	POINT(3 -31)	-31	3	43.0	-497.0
188840	2021-10-28 15:17:00	2021-10-28 15:35:00	2021-10-28 15:48:00	X1.0	12887.0	POINT(5 -26)	-26	5	15.0	-524.0
188850	2021-10-28 18:07:00	2021-10-28 18:10:00	2021-10-28 18:14:00	C3.1		POINT(-58 16)	16	-58	-792.0	238.0
188860	2021-10-28 19:34:00	2021-10-28 19:45:00	2021-10-28 20:03:00	C3.1		POINT(-59 16)	16	-59	-801.0	229.0
188870	2021-10-28 21:02:00	2021-10-28 21:07:00	2021-10-28 21:11:00	C1.5		POINT(5 -31)	-31	5	78.0	-565.0
188880	2021-10-29 02:04:00	2021-10-29 02:13:00	2021-10-29 02:22:00	B6.9		POINT(12 -27)	-27	12	186.0	-510.0
188890	2021-10-29 02:22:00	2021-10-29 02:42:00	2021-10-29 02:53:00	M1.5	12891.0	POINT(-54 16)	16	-54	-747.0	225.0
188900	2021-10-29 05:43:00	2021-10-29 05:58:00	2021-10-29 06:00:00	C4.8	12891.0	POINT(-53 17)	17	-53	-737.0	229.0
188910	2021-10-29 05:53:00	2021-10-29 06:05:00	2021-10-29 06:30:00	C5.9	12891.0	POINT(-53 17)	17	-53	-755.0	243.0
188920	2021-10-29 07:26:00	2021-10-29 07:45:00	2021-10-29 08:05:00	C1.1	12887.0	POINT(15 -27)	-27	15	263.0	-530.0
188930	2021-10-29 10:46:00	2021-10-29 10:54:00	2021-10-29 11:10:00	B7.3		POINT(14 -27)	-27	14	216.0	-518.0
188940	2021-10-29 11:18:00	2021-10-29 11:26:00	2021-10-29 11:37:00	C1.5		POINT(-49 16)	16	-49	-708.0	223.0
188950	2021-10-29 12:07:00	2021-10-29 12:15:00	2021-10-29 12:20:00	B8.4		POINT(15 -30)	-30	15	227.0	-554.0
188960	2021-10-29 13:20:00	2021-10-29 13:30:00	2021-10-29 13:40:00	C2.5		POINT(18 -29)	-29	18	240.0	-552.0
188970	2021-10-29 18:14:00	2021-10-29 18:21:00	2021-10-29 18:25:00	B7.2		POINT(-43 15)	15	-43	-647.0	196.0
188980	2021-10-29 19:05:00	2021-10-29 19:14:00	2021-10-29 19:18:00	B8.5		POINT(-43 14)	14	-43	-641.0	193.0
188990	2021-10-29 22:00:00	2021-10-29 22:09:00	2021-10-29 22:26:00	B9.1	12891.0	POINT(-42 14)	14	-42	-620.0	191.0
189000	2021-10-29 23:31:00	2021-10-29 23:38:00	2021-10-29 23:43:00	B7.6		POINT(-43 17)	17	-43	-638.0	230.0
189010	2021-10-30 02:27:00	2021-10-30 02:41:00	2021-10-30 02:58:00	B6.6		POINT(-41 16)	16	-41	-612.0	212.0
189020	2021-10-30 03:07:00	2021-10-30 03:15:00	2021-10-30 03:19:00	C3.9		POINT(-38 14)	14	-38	-582.0	188.0
189030	2021-10-30 05:20:00	2021-10-30 05:30:00	2021-10-30 05:38:00	B6.3		POINT(26 -30)	-30	26	375.0	-546.0
189040	2021-10-30 08:40:00	2021-10-30 08:47:00	2021-10-30 08:51:00	B6.6		POINT(-35 14)	14	-35	-538.0	187.0
189050	2021-10-30 09:14:00	2021-10-30 09:22:00	2021-10-30 09:32:00	C1.0		POINT(28 -29)	-29	28	402.0	-540.0
189060	2021-10-30 09:42:00	2021-10-30 09:49:00	2021-10-30 09:58:00	C1.6		POINT(-35 15)	15	-35	-566.0	216.0
189070	2021-10-30 13:33:00	2021-10-30 13:44:00	2021-10-30 13:48:00	C9.0		POINT(-32 15)	15	-32	-497.0	185.0
189080	2021-10-30 15:12:00	2021-10-30 15:29:00	2021-10-30 15:38:00	C3.1		POINT(-34 16)	16	-34	-526.0	214.0
189090	2021-10-30 16:18:00	2021-10-30 16:21:00	2021-10-30 16:25:00	C1.2		POINT(-30 14)	14	-30	-473.0	180.0
189100	2021-10-30 17:52:00	2021-10-30 17:56:00	2021-10-30 18:00:00	B7.9		POINT(32 -30)	-30	32	442.0	-548.0
189110	2021-10-30 19:27:00	2021-10-30 19:31:00	2021-10-30 19:37:00	B7.8		POINT(28 -29)	-29	28	403.0	-540.0
189120	2021-10-30 19:49:00	2021-10-30 19:57:00	2021-10-30 20:04:00	B6.6		POINT(-32 16)	16	-32	-495.0	220.0
189130	2021-10-30 21:22:00	2021-10-30 21:29:00	2021-10-30 21:35:00	C1.0		POINT(34 -30)	-30	34	468.0	-545.0
189140	2021-10-30 22:26:00	2021-10-30 22:31:00	2021-10-30 22:39:00	B6.2		POINT(34 -31)	-31	34	468.0	-554.0
189150	2021-10-30 23:45:00	2021-10-30 23:52:00	2021-10-30 23:58:00	B7.0		POINT(35 -28)	-28	35	492.0	-509.0
189160	2021-10-31 01:17:00	2021-10-31 01:21:00	2021-10-31 01:28:00	B8.5		POINT(36 -29)	-29	36	498.0	-509.0
189170	2021-10-31 03:20:00	2021-10-31 03:24:00	2021-10-31 03:30:00	C1.7		POINT(-30 18)	18	-30	-435.0	213.0
189180	2021-10-31 06:53:00	2021-10-31 07:06:00	2021-10-31 07:12:00	C2.9	12891.0	POINT(-28 19)	19	-28	-404.0	207.0
189190	2021-10-31 18:16:00	2021-10-31 18:27:00	2021-10-31 18:32:00	C1.2		POINT(44 -28)	-28	44	597.0	-511.0
189200	2021-10-31 19:51:00	2021-10-31 20:00:00	2021-10-31 20:04:00	C3.2		POINT(44 -28)	-28	44	597.0	-511.0
189210	2021-10-31 21:30:00	2021-10-31 21:39:00	2021-10-31 21:47:00	B8.0		POINT(44 -28)	-28	44	597.0	-511.0
189220	2021-11-01 00:57:00	2021-11-01 01:45:00	2021-11-01 02:10:00	M1.5		POINT(45 -29)	-29	45	597.0	-468.0
189230	2021-11-01 13:23:00	2021-11-01 13:31:00	2021-11-01 13:42:00	B5.1		POINT(45 -29)	-29	45	597.0	-468.0
189240	2021-11-01 17:28:00	2021-11-01 18:01:00	2021-11-01 18:44:00	C1.3		POINT(45 -29)	-29	45	598.0	-468.0
189250	2021-11-01 20:35:00	2021-11-01 20:44:00	2021-11-01 20:48:00	C2.1		POINT(-11 16)	16	-11	-177.0	266.0
189260	2021-11-01 21:05:00	2021-11-01 21:33:00	2021-11-01 21:51:00	C4.0		POINT(45 -29)	-29	45	598.0	-468.0
189270	2021-11-01 23:35:00	2021-11-01 23:40:00	2021-11-01 23:44:00	C4.5		POINT(-1 14)	14	-1	-16.0	233.0
189280	2021-11-02 01:20:00	2021-11-02 03:01:00	2021-11-02 03:50:00	M1.7		POINT(-1 14)	14	-1	812.0	-455.0
189290	2021-11-02 07:37:00	2021-11-02 07:40:00	2021-11-02 07:44:00	C2.0		POINT(-1 19)	19	-1	8.0	215.0
189300	2021-11-02 12:55:00	2021-11-02 13:05:00	2021-11-02 13:16:00	C1.0		POINT(74 -29)	-29	74	813.0	-489.0
189310	2021-11-02 21:09:00	2021-11-02 21:13:00	2021-11-02 21:17:00	B4.7		POINT(70 -29)	-29	70	800.0	-488.0
189320	2021-11-03 00:10:00	2021-11-03 00:16:00	2021-11-03 00:20:00	B7.2		POINT(67 26)	26	67	804.0	400.0
189330	2021-11-03 00:56:00	2021-11-03 01:11:00	2021-11-03 01:32:00	B4.4		POINT(8 18)	18	8	132.0	244.0
189340	2021-11-03 08:15:00	2021-11-03 08:30:00	2021-11-03 09:05:00	B4.1		POINT(-87 -29)	-29	-87	-859.0	-496.0
189350	2021-11-03 14:03:00	2021-11-03 14:17:00	2021-11-03 14:32:00	B3.5		POINT(17 15)	15	17	273.0	250.0
189360	2021-11-03 14:32:00	2021-11-03 14:38:00	2021-11-03 14:42:00	B3.3		POINT(17 15)	15	17	277.0	198.0
189370	2021-11-03 14:43:00	2021-11-03 14:50:00	2021-11-03 14:57:00	B4.3		POINT(87 -28)	-28	87	866.0	-468.0
189380	2021-11-03 15:00:00	2021-11-03 15:13:00	2021-11-03 15:18:00	B5.4		POINT(87 -28)	-28	87	868.0	-475.0
189390	2021-11-03 18:37:00	2021-11-03 18:43:00	2021-11-03 18:47:00	B2.8		POINT(87 -29)	-29	87	844.0	-483.0
189400	2021-11-03 20:56:00	2021-11-03 21:17:00	2021-11-03 21:40:00	C5.2		POINT(87 -23)	-23	87	894.0	-397.0
189410	2021-11-04 09:54:00	2021-11-04 10:06:00	2021-11-04 10:20:00	B3.4		POINT(-87 -28)	-28	-87	-867.0	-467.0
189420	2021-11-04 10:34:00	2021-11-04 10:55:00	2021-11-04 11:09:00	C3.5		POINT(-87 -29)	-29	-87	-853.0	-480.0
189430	2021-11-04 11:58:00	2021-11-04 12:05:00	2021-11-04 12:09:00	B5.6		POINT(87 -28)	-28	87	854.0	-468.0
189440	2021-11-04 12:25:00	2021-11-04 12:35:00	2021-11-04 12:41:00	C1.0		POINT(87 -29)	-29	87	852.0	-478.0
189450	2021-11-04 13:30:00	2021-11-04 13:46:00	2021-11-04 14:14:00	B5.2		POINT(30 22)	22	30	456.0	311.0
189460	2021-11-04 14:41:00	2021-11-04 14:53:00	2021-11-04 15:02:00	C2.9		POINT(-87 -28)	-28	-87	-861.0	-465.0
189470	2021-11-04 18:21:00	2021-11-04 18:30:00	2021-11-04 18:41:00	B4.6		POINT(-87 -27)	-27	-87	-867.0	-462.0
189480	2021-11-04 23:38:00	2021-11-04 23:50:00	2021-11-05 00:11:00	B3.2		POINT(-87 -28)	-28	-87	-860.0	-472.0
189490	2021-11-05 01:44:00	2021-11-05 01:53:00	2021-11-05 01:57:00	B3.7		POINT(-87 -28)	-28	-87	-853.0	-461.0
189500	2021-11-05 08:33:00	2021-11-05 08:49:00	2021-11-05 09:06:00	B4.4		POINT(-87 -30)	-30	-87	-841.0	-504.0
189510	2021-11-05 10:18:00	2021-11-05 10:23:00	2021-11-05 10:27:00	B2.5		POINT(-87 -28)	-28	-87	-849.0	-467.0
189520	2021-11-05 11:59:00	2021-11-05 12:03:00	2021-11-05 12:09:00	B3.1		POINT(-87 -28)	-28	-87	-846.0	-470.0
189530	2021-11-05 13:05:00	2021-11-05 13:23:00	2021-11-05 13:36:00	B8.8		POINT(-87 -29)	-29	-87	-842.0	-474.0
189540	2021-11-05 15:21:00	2021-11-05 15:30:00	2021-11-05 15:34:00	C1.6		POINT(45 15)	15	45	668.0	221.0
189550	2021-11-05 15:50:00	2021-11-05 15:55:00	2021-11-05 15:59:00	B9.5		POINT(-82 -28)	-28	-82	-840.0	-473.0
189560	2021-11-05 16:23:00	2021-11-05 16:33:00	2021-11-05 16:39:00	B7.6		POINT(-83 -30)	-30	-83	-828.0	-495.0
189570	2021-11-05 18:54:00	2021-11-05 19:05:00	2021-11-05 19:14:00	B2.3		POINT(-73 -28)	-28	-73	-812.0	-481.0
189580	2021-11-05 19:35:00	2021-11-05 19:43:00	2021-11-05 19:47:00	B7.3		POINT(47 16)	16	47	692.0	224.0
189590	2021-11-05 21:36:00	2021-11-05 21:57:00	2021-11-05 22:16:00	C2.3		POINT(-74 -28)	-28	-74	-822.0	-471.0
189600	2021-11-05 23:10:00	2021-11-05 23:16:00	2021-11-05 23:23:00	B3.9		POINT(-75 -28)	-28	-75	-823.0	-476.0
189610	2021-11-06 01:00:00	2021-11-06 01:10:00	2021-11-06 01:22:00	B3.1		POINT(-88 21)	21	-88	-909.0	367.0
189620	2021-11-06 01:22:00	2021-11-06 01:40:00	2021-11-06 01:42:00	B3.3		POINT(52 12)	12	52	753.0	168.0
189630	2021-11-06 01:42:00	2021-11-06 02:23:00	2021-11-06 02:43:00	B4.8		POINT(52 12)	12	52	746.0	201.0
189640	2021-11-06 02:43:00	2021-11-06 02:47:00	2021-11-06 02:51:00	B6.8		POINT(-76 -31)	-31	-76	-807.0	-510.0
189650	2021-11-06 03:22:00	2021-11-06 03:47:00	2021-11-06 03:56:00	C1.1		POINT(-74 -29)	-29	-74	-810.0	-495.0
189660	2021-11-06 04:07:00	2021-11-06 04:18:00	2021-11-06 04:28:00	B9.4		POINT(-73 -28)	-28	-73	-812.0	-484.0
189670	2021-11-06 05:24:00	2021-11-06 05:31:00	2021-11-06 05:39:00	B4.0		POINT(-71 -27)	-27	-71	-809.0	-471.0
189680	2021-11-06 06:49:00	2021-11-06 07:00:00	2021-11-06 07:09:00	B3.5		POINT(-71 -27)	-27	-71	-815.0	-439.0
189690	2021-11-06 07:15:00	2021-11-06 07:20:00	2021-11-06 07:24:00	B3.9		POINT(-2 19)	19	-2	-33.0	255.0
189700	2021-11-06 07:31:00	2021-11-06 07:43:00	2021-11-06 07:50:00	B9.0		POINT(-63 -27)	-27	-63	-793.0	-467.0
189710	2021-11-06 09:28:00	2021-11-06 09:34:00	2021-11-06 09:42:00	B4.5		POINT(-67 -27)	-27	-67	-792.0	-468.0
189720	2021-11-06 10:35:00	2021-11-06 10:44:00	2021-11-06 10:54:00	B2.9		POINT(-68 -28)	-28	-68	-795.0	-474.0
189730	2021-11-06 12:29:00	2021-11-06 12:39:00	2021-11-06 12:44:00	C1.7		POINT(-66 -27)	-27	-66	-783.0	-476.0
189740	2021-11-06 15:13:00	2021-11-06 15:17:00	2021-11-06 15:22:00	B2.6		POINT(-65 -27)	-27	-65	-776.0	-477.0
189750	2021-11-06 15:47:00	2021-11-06 15:53:00	2021-11-06 15:57:00	B2.7		POINT(-65 -28)	-28	-65	-774.0	-480.0
189760	2021-11-06 16:45:00	2021-11-06 16:49:00	2021-11-06 16:57:00	B2.2		POINT(-64 -28)	-28	-64	-771.0	-483.0
189770	2021-11-06 19:51:00	2021-11-06 19:56:00	2021-11-06 20:17:00	B3.2		POINT(-58 -27)	-27	-58	-734.0	-470.0
189780	2021-11-06 22:01:00	2021-11-06 22:08:00	2021-11-06 22:12:00	B6.6	12984.0	POINT(-49 -26)	-26	-49	-656.0	-424.0
189790	2021-11-06 23:22:00	2021-11-06 23:39:00	2021-11-06 23:42:00	B2.8		POINT(67 22)	22	67	827.0	347.0
189800	2021-11-06 23:24:00	2021-11-06 23:40:00	2021-11-06 23:42:00	B3.0		POINT(-79 25)	25	-79	-857.0	410.0
189810	2021-11-06 23:42:00	2021-11-06 23:49:00	2021-11-06 23:58:00	B4.0		POINT(-76 23)	23	-76	-863.0	372.0
189820	2021-11-07 00:03:00	2021-11-07 00:08:00	2021-11-07 00:14:00	B4.4		POINT(-61 -29)	-29	-61	-740.0	-508.0
189830	2021-11-07 01:20:00	2021-11-07 01:25:00	2021-11-07 01:32:00	B1.4		POINT(-55 -28)	-28	-55	-698.0	-498.0
189840	2021-11-07 06:29:00	2021-11-07 06:37:00	2021-11-07 06:48:00	B1.9		POINT(42 10)	10	42	645.0	136.0
189850	2021-11-07 06:48:00	2021-11-07 06:51:00	2021-11-07 06:56:00	B2.1		POINT(-51 -29)	-29	-51	-665.0	-509.0
189860	2021-11-07 07:54:00	2021-11-07 08:08:00	2021-11-07 08:22:00	B2.2		POINT(-56 -26)	-26	-56	-725.0	-455.0
189870	2021-11-07 09:56:00	2021-11-07 10:35:00	2021-11-07 11:25:00	B7.1		POINT(72 24)	24	72	840.0	380.0
189880	2021-11-07 16:22:00	2021-11-07 16:26:00	2021-11-07 16:31:00	B1.6		POINT(-46 -28)	-28	-46	-620.0	-503.0
189890	2021-11-07 18:32:00	2021-11-07 18:37:00	2021-11-07 18:42:00	B1.7		POINT(-45 -29)	-29	-45	-603.0	-519.0
189900	2021-11-07 22:36:00	2021-11-07 22:40:00	2021-11-07 22:47:00	B1.5		POINT(-64 24)	24	-64	-795.0	369.0
189910	2021-11-08 01:50:00	2021-11-08 02:08:00	2021-11-08 02:17:00	B2.9		POINT(-63 24)	24	-63	-786.0	377.0
189920	2021-11-08 02:21:00	2021-11-08 02:31:00	2021-11-08 02:38:00	B3.5		POINT(-62 24)	24	-62	-782.0	379.0
189930	2021-11-08 04:52:00	2021-11-08 05:10:00	2021-11-08 05:21:00	B7.3		POINT(-62 24)	24	-62	-780.0	375.0
189940	2021-11-08 07:29:00	2021-11-08 07:51:00	2021-11-08 08:10:00	C1.2		POINT(-59 25)	25	-59	-755.0	380.0
189950	2021-11-08 09:14:00	2021-11-08 09:30:00	2021-11-08 09:41:00	C1.0		POINT(-59 25)	25	-59	-755.0	383.0
189960	2021-11-08 10:42:00	2021-11-08 10:48:00	2021-11-08 10:55:00	B2.1		POINT(-57 24)	24	-57	-742.0	368.0
189970	2021-11-08 19:27:00	2021-11-08 19:34:00	2021-11-08 19:39:00	B3.1		POINT(-35 -27)	-27	-35	-496.0	-485.0
189980	2021-11-08 19:46:00	2021-11-08 19:53:00	2021-11-08 20:04:00	B2.3		POINT(-35 -27)	-27	-35	-503.0	-492.0
189990	2021-11-08 20:08:00	2021-11-08 20:13:00	2021-11-08 20:17:00	B2.3		POINT(-52 23)	23	-52	-703.0	347.0
190000	2021-11-08 22:44:00	2021-11-08 22:51:00	2021-11-08 22:55:00	B3.4		POINT(-50 24)	24	-50	-683.0	371.0
190010	2021-11-09 01:54:00	2021-11-09 02:14:00	2021-11-09 02:28:00	B5.8		POINT(-59 25)	25	-59	-668.0	290.0
190020	2021-11-09 07:40:00	2021-11-09 07:49:00	2021-11-09 07:54:00	B1.9		POINT(-29 -26)	-26	-29	-427.0	-472.0
190030	2021-11-09 08:47:00	2021-11-09 09:02:00	2021-11-09 09:12:00	B2.0		POINT(-45 21)	21	-45	-650.0	314.0
190040	2021-11-09 15:47:00	2021-11-09 17:02:00	2021-11-09 17:37:00	M2.0		POINT(89 19)	19	89	935.0	338.0
190050	2021-11-10 04:06:00	2021-11-10 04:14:00	2021-11-10 04:22:00	B4.8		POINT(-20 -31)	-31	-20	-290.0	-553.0
190060	2021-11-10 06:26:00	2021-11-10 06:32:00	2021-11-10 06:39:00	B3.5		POINT(88 -25)	-25	88	870.0	-425.0
190070	2021-11-10 13:01:00	2021-11-10 13:11:00	2021-11-10 13:19:00	B2.9		POINT(-14 -32)	-32	-14	-198.0	-513.0
190080	2021-11-10 14:10:00	2021-11-10 14:16:00	2021-11-10 14:24:00	B2.1		POINT(88 -25)	-25	88	878.0	-422.0
190090	2021-11-10 16:28:00	2021-11-10 16:41:00	2021-11-10 16:46:00	B2.1		POINT(-27 25)	25	-27	-403.0	374.0
190100	2021-11-10 17:55:00	2021-11-10 18:03:00	2021-11-10 18:10:00	B3.4		POINT(-26 24)	24	-26	-389.0	362.0
190110	2021-11-10 18:59:00	2021-11-10 19:06:00	2021-11-10 19:12:00	B2.0		POINT(-24 25)	25	-24	-371.0	370.0
190120	2021-11-10 20:27:00	2021-11-10 20:37:00	2021-11-10 20:46:00	B2.1		POINT(-26 24)	24	-26	-391.0	358.0
190130	2021-11-10 22:47:00	2021-11-10 22:54:00	2021-11-10 23:04:00	B1.7		POINT(-8 -27)	-27	-8	-119.0	-504.0
190140	2021-11-10 23:31:00	2021-11-10 23:38:00	2021-11-10 23:43:00	B1.4		POINT(-22 25)	25	-22	-335.0	365.0
190150	2021-11-11 03:39:00	2021-11-11 03:44:00	2021-11-11 03:48:00	B1.8		POINT(-6 -29)	-29	-6	-101.0	-526.0
190160	2021-11-11 03:50:00	2021-11-11 03:56:00	2021-11-11 04:01:00	B2.3		POINT(88 22)	22	88	902.0	376.0
190170	2021-11-11 04:13:00	2021-11-11 04:24:00	2021-11-11 04:30:00	B3.8		POINT(-21 24)	24	-21	-325.0	355.0
190180	2021-11-11 07:09:00	2021-11-11 07:21:00	2021-11-11 07:31:00	B1.5		POINT(88 21)	21	88	911.0	367.0
190190	2021-11-11 09:00:00	2021-11-11 09:08:00	2021-11-11 09:14:00	B1.7		POINT(89 20)	20	89	915.0	342.0
190200	2021-11-11 15:21:00	2021-11-11 15:29:00	2021-11-11 15:38:00	B1.4		POINT(88 -25)	-25	88	887.0	-418.0
190210	2021-11-11 18:06:00	2021-11-11 18:28:00	2021-11-11 18:38:00	B4.3		POINT(-12 25)	25	-12	-188.0	377.0
190220	2021-11-11 22:18:00	2021-11-11 22:28:00	2021-11-11 22:44:00	B1.6		POINT(-10 25)	25	-10	-156.0	364.0
190230	2021-11-12 19:08:00	2021-11-12 19:22:00	2021-11-12 19:30:00	B1.1		POINT(17 -28)	-28	17	259.0	-509.0
190240	2021-11-12 19:30:00	2021-11-12 19:34:00	2021-11-12 19:47:00	B1.2		POINT(21 -29)	-29	21	315.0	-516.0
190250	2021-11-12 19:47:00	2021-11-12 20:08:00	2021-11-12 20:20:00	B1.6		POINT(18 -29)	-29	18	263.0	-521.0
190260	2021-11-12 22:24:00	2021-11-12 23:01:00	2021-11-12 23:34:00	B6.5		POINT(20 -29)	-29	20	291.0	-519.0
190270	2021-11-13 02:49:00	2021-11-13 02:56:00	2021-11-13 03:00:00	B1.6		POINT(26 -28)	-28	26	384.0	-508.0
190280	2021-11-13 03:00:00	2021-11-13 03:04:00	2021-11-13 03:11:00	B1.7		POINT(88 25)	25	88	887.0	414.0
190290	2021-11-13 05:55:00	2021-11-13 06:03:00	2021-11-13 06:08:00	B1.5		POINT(25 -29)	-29	25	364.0	-513.0
190300	2021-11-13 08:33:00	2021-11-13 08:43:00	2021-11-13 08:47:00	C1.2		POINT(26 -28)	-28	26	377.0	-515.0
190310	2021-11-13 14:54:00	2021-11-13 15:06:00	2021-11-13 15:19:00	B1.6		POINT(12 25)	25	12	191.0	369.0
190320	2021-11-14 12:24:00	2021-11-14 12:31:00	2021-11-14 12:36:00	B1.2		POINT(89 15)	15	89	936.0	263.0
190330	2021-11-14 18:31:00	2021-11-14 18:45:00	2021-11-14 18:53:00	B1.6		POINT(-89 14)	14	-89	-952.0	239.0
190340	2021-11-15 07:10:00	2021-11-15 07:13:00	2021-11-15 07:17:00	B1.2		POINT(34 24)	24	34	504.0	371.0
190350	2021-11-15 09:55:00	2021-11-15 10:05:00	2021-11-15 10:12:00	B2.6		POINT(36 26)	26	36	516.0	396.0
190360	2021-11-16 07:07:00	2021-11-16 07:14:00	2021-11-16 07:16:00	B1.1		POINT(-76 14)	14	-76	-912.0	234.0
190370	2021-11-16 10:45:00	2021-11-16 10:54:00	2021-11-16 10:59:00	B1.4		POINT(-70 16)	16	-70	-879.0	255.0
190380	2021-11-16 12:07:00	2021-11-16 12:18:00	2021-11-16 12:23:00	B1.4		POINT(50 26)	26	50	671.0	404.0
190390	2021-11-16 14:50:00	2021-11-16 15:03:00	2021-11-16 15:07:00	B1.7		POINT(-68 16)	16	-68	-866.0	257.0
190400	2021-11-16 15:26:00	2021-11-16 15:33:00	2021-11-16 15:38:00	B1.3		POINT(-69 14)	14	-69	-881.0	236.0
190410	2021-11-16 16:30:00	2021-11-16 16:37:00	2021-11-16 16:42:00	B1.7		POINT(-68 16)	16	-68	-864.0	258.0
190420	2021-11-16 17:20:00	2021-11-16 17:27:00	2021-11-16 17:37:00	B1.1		POINT(-66 16)	16	-66	-854.0	257.0
190430	2021-11-16 17:40:00	2021-11-16 17:46:00	2021-11-16 17:56:00	B2.3		POINT(-69 15)	15	-69	-878.0	240.0
190440	2021-11-16 18:47:00	2021-11-16 19:02:00	2021-11-16 19:22:00	B2.4		POINT(88 -16)	-16	88	947.0	-273.0
190450	2021-11-16 21:15:00	2021-11-16 21:24:00	2021-11-16 21:32:00	B1.8		POINT(89 -14)	-14	89	947.0	-254.0
190460	2021-11-17 03:36:00	2021-11-17 03:52:00	2021-11-17 04:06:00	B1.4		POINT(75 -28)	-28	75	821.0	-478.0
190470	2021-11-17 04:49:00	2021-11-17 04:53:00	2021-11-17 05:01:00	B2.6		POINT(-57 16)	16	-57	-803.0	254.0
190480	2021-11-17 06:07:00	2021-11-17 06:13:00	2021-11-17 06:28:00	B1.0		POINT(74 -29)	-29	74	815.0	-489.0
190490	2021-11-17 08:50:00	2021-11-17 08:57:00	2021-11-17 09:03:00	B1.7		POINT(89 -15)	-15	89	939.0	-252.0
190500	2021-11-17 10:05:00	2021-11-17 10:13:00	2021-11-17 10:17:00	B1.2		POINT(-60 14)	14	-60	-818.0	227.0
190510	2021-11-17 15:01:00	2021-11-17 15:05:00	2021-11-17 15:09:00	B2.5		POINT(-50 15)	15	-50	-720.0	232.0
190520	2021-11-18 15:35:00	2021-11-18 15:47:00	2021-11-18 16:04:00	B1.5		POINT(88 -28)	-28	88	873.0	-485.0
190530	2021-11-21 12:25:00	2021-11-21 12:35:00	2021-11-21 12:39:00	B1.3		POINT(-88 -24)	-24	-88	-887.0	-408.0
190540	2021-11-23 02:37:00	2021-11-23 02:42:00	2021-11-23 02:46:00	B1.1		POINT(34 -19)	-19	34	516.0	-342.0
190550	2021-11-24 16:20:00	2021-11-24 16:29:00	2021-11-24 16:40:00	B1.3		POINT(-36 -25)	-25	-36	-524.0	-432.0
190560	2021-11-24 20:26:00	2021-11-24 20:33:00	2021-11-24 20:39:00	B1.1		POINT(-33 -24)	-24	-33	-489.0	-430.0
190570	2021-11-24 20:58:00	2021-11-24 21:03:00	2021-11-24 21:11:00	B1.6		POINT(-88 -27)	-27	-88	-872.0	-453.0
190580	2021-11-25 03:35:00	2021-11-25 03:42:00	2021-11-25 03:48:00	B1.3		POINT(-29 -24)	-24	-29	-435.0	-431.0
190590	2021-11-26 08:00:00	2021-11-26 08:07:00	2021-11-26 08:11:00	B1.4		POINT(54 -21)	-21	54	737.0	-371.0
190600	2021-11-26 10:25:00	2021-11-26 10:40:00	2021-11-26 10:45:00	B3.7		POINT(2 -26)	-26	2	36.0	-464.0
190610	2021-11-26 10:45:00	2021-11-26 10:50:00	2021-11-26 10:54:00	B5.0		POINT(2 -27)	-27	2	32.0	-468.0
190620	2021-11-26 12:08:00	2021-11-26 12:13:00	2021-11-26 12:17:00	B2.1		POINT(3 -26)	-26	3	51.0	-464.0
190630	2021-11-26 12:33:00	2021-11-26 12:41:00	2021-11-26 12:47:00	B2.3		POINT(3 -27)	-27	3	48.0	-465.0
190640	2021-11-26 13:20:00	2021-11-26 13:26:00	2021-11-26 13:30:00	B2.3		POINT(4 -27)	-27	4	63.0	-469.0
190650	2021-11-26 13:36:00	2021-11-26 13:42:00	2021-11-26 13:52:00	B2.3		POINT(4 -27)	-27	4	60.0	-468.0
190660	2021-11-26 14:44:00	2021-11-26 14:59:00	2021-11-26 15:06:00	B3.9		POINT(4 -29)	-29	4	68.0	-501.0
190670	2021-11-26 20:10:00	2021-11-26 20:21:00	2021-11-26 20:35:00	B2.4		POINT(-8 -27)	-27	-8	-120.0	-474.0
190680	2021-11-26 23:09:00	2021-11-26 23:17:00	2021-11-26 23:21:00	B1.5		POINT(8 -26)	-26	8	133.0	-452.0
190690	2021-11-27 00:13:00	2021-11-27 00:26:00	2021-11-27 00:40:00	B1.7		POINT(-89 19)	19	-89	-932.0	329.0
190700	2021-11-27 01:14:00	2021-11-27 01:19:00	2021-11-27 01:26:00	B1.9		POINT(11 -28)	-28	11	170.0	-485.0
190710	2021-11-27 03:38:00	2021-11-27 03:54:00	2021-11-27 04:12:00	B2.8		POINT(12 -29)	-29	12	182.0	-494.0
190720	2021-11-27 04:18:00	2021-11-27 04:50:00	2021-11-27 05:11:00	B5.1		POINT(13 -29)	-29	13	191.0	-506.0
190730	2021-11-27 08:32:00	2021-11-27 08:46:00	2021-11-27 09:00:00	B3.0		POINT(69 -21)	-21	69	849.0	-359.0
190740	2021-11-27 09:28:00	2021-11-27 09:37:00	2021-11-27 09:44:00	B2.4		POINT(0 -24)	-24	0	-12.0	-429.0
190750	2021-11-27 16:18:00	2021-11-27 16:22:00	2021-11-27 16:27:00	B1.7		POINT(19 -25)	-25	19	294.0	-441.0
190760	2021-11-27 19:41:00	2021-11-27 19:52:00	2021-11-27 19:57:00	B2.7		POINT(5 -24)	-24	5	84.0	-425.0
190770	2021-11-27 23:16:00	2021-11-27 23:30:00	2021-11-27 23:54:00	B3.8		POINT(22 -29)	-29	22	327.0	-497.0
190780	2021-11-28 03:34:00	2021-11-28 03:41:00	2021-11-28 03:47:00	B2.2		POINT(80 -21)	-21	80	894.0	-356.0
190790	2021-11-28 08:11:00	2021-11-28 08:21:00	2021-11-28 08:25:00	B4.8		POINT(27 -27)	-27	27	396.0	-467.0
190800	2021-11-28 08:49:00	2021-11-28 08:59:00	2021-11-28 09:14:00	B8.4		POINT(29 -27)	-27	29	428.0	-464.0
190810	2021-11-28 09:18:00	2021-11-28 09:25:00	2021-11-28 09:32:00	B6.9		POINT(30 -26)	-26	30	444.0	-455.0
190820	2021-11-28 10:04:00	2021-11-28 10:16:00	2021-11-28 10:22:00	B6.2		POINT(13 -26)	-26	13	198.0	-453.0
190830	2021-11-28 13:26:00	2021-11-28 13:38:00	2021-11-28 13:47:00	B6.3		POINT(89 -19)	-19	89	923.0	-333.0
190840	2021-11-28 16:30:00	2021-11-28 16:36:00	2021-11-28 16:43:00	B3.3		POINT(89 14)	14	89	954.0	242.0
190850	2021-11-28 18:20:00	2021-11-28 18:26:00	2021-11-28 18:40:00	B5.2		POINT(32 -26)	-26	32	468.0	-450.0
190860	2021-11-28 20:52:00	2021-11-28 20:59:00	2021-11-28 21:03:00	B3.0		POINT(33 -26)	-26	33	486.0	-449.0
190870	2021-11-28 22:40:00	2021-11-28 22:45:00	2021-11-28 22:51:00	B3.5		POINT(34 -29)	-29	34	483.0	-497.0
190880	2021-11-29 00:01:00	2021-11-29 00:12:00	2021-11-29 00:31:00	B5.4		POINT(89 14)	14	89	950.0	238.0
190890	2021-11-29 01:48:00	2021-11-29 02:00:00	2021-11-29 02:05:00	B3.7		POINT(89 -21)	-21	89	916.0	-354.0
190900	2021-11-29 12:46:00	2021-11-29 12:54:00	2021-11-29 13:01:00	B2.8		POINT(89 -21)	-21	89	915.0	-360.0
190910	2021-11-29 13:02:00	2021-11-29 13:11:00	2021-11-29 13:18:00	B4.6		POINT(89 -21)	-21	89	908.0	-357.0
190920	2021-11-29 13:49:00	2021-11-29 13:55:00	2021-11-29 14:02:00	B2.8		POINT(89 -21)	-21	89	913.0	-362.0
190930	2021-11-30 00:12:00	2021-11-30 00:20:00	2021-11-30 00:33:00	B3.0		POINT(51 -29)	-29	51	667.0	-484.0
190940	2021-11-30 02:52:00	2021-11-30 02:58:00	2021-11-30 03:19:00	B3.1		POINT(89 -22)	-22	89	903.0	-374.0
190950	2021-11-30 06:21:00	2021-11-30 06:30:00	2021-11-30 06:33:00	B2.3		POINT(55 -29)	-29	55	698.0	-487.0
190960	2021-12-01 07:34:00	2021-12-01 07:39:00	2021-12-01 07:43:00	B2.2		POINT(9 19)	19	9	147.0	309.0
190970	2021-12-01 13:38:00	2021-12-01 13:46:00	2021-12-01 13:54:00	B1.1		POINT(12 18)	18	12	202.0	304.0
190980	2021-12-01 15:20:00	2021-12-01 15:27:00	2021-12-01 15:32:00	B1.2		POINT(12 18)	18	12	192.0	302.0
190990	2021-12-01 16:35:00	2021-12-01 16:43:00	2021-12-01 16:47:00	B1.9		POINT(56 -12)	-12	56	797.0	-219.0
191000	2021-12-01 23:02:00	2021-12-01 23:12:00	2021-12-01 23:19:00	B2.7		POINT(18 18)	18	18	290.0	302.0
191010	2021-12-02 12:28:00	2021-12-02 12:44:00	2021-12-02 12:55:00	B2.1		POINT(25 18)	18	25	405.0	297.0
191020	2021-12-02 13:43:00	2021-12-02 13:50:00	2021-12-02 13:57:00	B1.2		POINT(26 18)	18	26	413.0	296.0
191030	2021-12-02 14:41:00	2021-12-02 14:51:00	2021-12-02 15:00:00	B1.7		POINT(27 18)	18	27	424.0	299.0
191040	2021-12-03 01:23:00	2021-12-03 01:33:00	2021-12-03 01:48:00	B1.3		POINT(69 -27)	-27	69	812.0	-450.0
191050	2021-12-03 02:51:00	2021-12-03 02:56:00	2021-12-03 03:03:00	B2.8		POINT(69 -27)	-27	69	811.0	-452.0
191060	2021-12-03 04:27:00	2021-12-03 04:35:00	2021-12-03 04:41:00	B1.9		POINT(71 -27)	-27	71	814.0	-459.0
191070	2021-12-03 05:34:00	2021-12-03 05:41:00	2021-12-03 05:54:00	B1.5		POINT(71 -27)	-27	71	822.0	-449.0
191080	2021-12-03 09:55:00	2021-12-03 10:02:00	2021-12-03 10:14:00	B1.3		POINT(75 -26)	-26	75	842.0	-439.0
191090	2021-12-03 11:18:00	2021-12-03 11:27:00	2021-12-03 11:31:00	B1.7		POINT(72 -28)	-28	72	816.0	-466.0
191100	2021-12-03 20:54:00	2021-12-03 21:16:00	2021-12-03 21:37:00	B3.7		POINT(89 -26)	-26	89	872.0	-439.0
191110	2021-12-04 03:22:00	2021-12-04 03:30:00	2021-12-04 03:36:00	B3.1		POINT(89 -27)	-27	89	873.0	-445.0
191120	2021-12-04 04:17:00	2021-12-04 04:23:00	2021-12-04 04:27:00	B3.3		POINT(81 -29)	-29	81	842.0	-474.0
191130	2021-12-04 04:43:00	2021-12-04 05:15:00	2021-12-04 05:34:00	C4.2		POINT(89 -26)	-26	89	887.0	-434.0
191140	2021-12-04 06:44:00	2021-12-04 06:52:00	2021-12-04 06:56:00	C2.5		POINT(85 -30)	-30	85	841.0	-473.0
191150	2021-12-04 07:14:00	2021-12-04 07:24:00	2021-12-04 07:31:00	C1.4		POINT(89 -26)	-26	89	878.0	-444.0
191160	2021-12-04 07:34:00	2021-12-04 07:54:00	2021-12-04 08:00:00	C2.3		POINT(89 -26)	-26	89	882.0	-431.0
191170	2021-12-04 08:19:00	2021-12-04 08:26:00	2021-12-04 08:34:00	C1.2		POINT(85 -28)	-28	85	846.0	-473.0
191180	2021-12-04 08:54:00	2021-12-04 09:01:00	2021-12-04 09:08:00	B6.8		POINT(89 -26)	-26	89	884.0	-432.0
191190	2021-12-04 10:05:00	2021-12-04 10:09:00	2021-12-04 10:15:00	C1.0		POINT(83 -29)	-29	83	846.0	-473.0
191200	2021-12-04 11:42:00	2021-12-04 11:50:00	2021-12-04 12:02:00	B4.4		POINT(89 -27)	-27	89	870.0	-456.0
191210	2021-12-04 13:03:00	2021-12-04 13:14:00	2021-12-04 13:30:00	B4.4		POINT(89 -27)	-27	89	872.0	-455.0
191220	2021-12-04 15:04:00	2021-12-04 15:34:00	2021-12-04 15:48:00	C1.8		POINT(89 -25)	-25	89	896.0	-432.0
191230	2021-12-04 15:48:00	2021-12-04 15:59:00	2021-12-04 16:12:00	C1.8		POINT(89 -27)	-27	89	881.0	-455.0
191240	2021-12-04 19:30:00	2021-12-04 19:41:00	2021-12-04 19:51:00	C1.3		POINT(89 -25)	-25	89	886.0	-432.0
191250	2021-12-04 21:50:00	2021-12-04 21:58:00	2021-12-04 22:05:00	B5.8		POINT(89 -27)	-27	89	873.0	-455.0
191260	2021-12-04 22:07:00	2021-12-04 22:15:00	2021-12-04 22:25:00	C1.6		POINT(89 -27)	-27	89	869.0	-456.0
191270	2021-12-04 23:21:00	2021-12-04 23:59:00	2021-12-05 00:14:00	C7.1		POINT(89 -25)	-25	89	892.0	-422.0
191280	2021-12-05 00:54:00	2021-12-05 00:57:00	2021-12-05 01:02:00	C1.1		POINT(89 -27)	-27	89	871.0	-446.0
191290	2021-12-05 01:04:00	2021-12-05 01:09:00	2021-12-05 01:14:00	C3.9		POINT(89 -27)	-27	89	867.0	-455.0
191300	2021-12-05 03:13:00	2021-12-05 03:23:00	2021-12-05 03:35:00	C4.9		POINT(89 -26)	-26	89	875.0	-446.0
191310	2021-12-05 06:08:00	2021-12-05 06:19:00	2021-12-05 06:29:00	C2.2		POINT(89 -26)	-26	89	875.0	-442.0
191320	2021-12-05 06:58:00	2021-12-05 07:19:00	2021-12-05 07:36:00	M1.4		POINT(89 -25)	-25	89	884.0	-425.0
191330	2021-12-05 10:43:00	2021-12-05 10:49:00	2021-12-05 11:00:00	B2.9		POINT(89 -26)	-26	89	879.0	-445.0
191340	2021-12-05 16:10:00	2021-12-05 16:22:00	2021-12-05 16:29:00	B2.5		POINT(68 17)	17	68	862.0	297.0
191350	2021-12-05 18:23:00	2021-12-05 18:56:00	2021-12-05 19:14:00	B6.9		POINT(89 -25)	-25	89	888.0	-423.0
191360	2021-12-05 19:14:00	2021-12-05 19:37:00	2021-12-05 19:56:00	C1.6		POINT(89 -26)	-26	89	885.0	-435.0
191370	2021-12-05 22:32:00	2021-12-05 22:40:00	2021-12-05 22:51:00	B2.0		POINT(72 17)	17	72	886.0	298.0
191380	2021-12-06 00:20:00	2021-12-06 00:24:00	2021-12-06 00:28:00	B2.2		POINT(-42 -28)	-28	-42	-577.0	-474.0
191390	2021-12-06 02:06:00	2021-12-06 02:18:00	2021-12-06 02:52:00	B2.2		POINT(-42 -28)	-28	-42	-579.0	-462.0
191400	2021-12-06 04:18:00	2021-12-06 04:52:00	2021-12-06 04:59:00	B4.8		POINT(89 -25)	-25	89	890.0	-429.0
191410	2021-12-06 05:37:00	2021-12-06 05:52:00	2021-12-06 06:13:00	B9.0		POINT(89 -25)	-25	89	889.0	-420.0
191420	2021-12-06 06:16:00	2021-12-06 06:22:00	2021-12-06 06:29:00	C1.3		POINT(75 17)	17	75	898.0	299.0
191430	2021-12-06 06:50:00	2021-12-06 06:53:00	2021-12-06 06:57:00	C1.3		POINT(-38 -29)	-29	-38	-533.0	-481.0
191440	2021-12-06 07:40:00	2021-12-06 07:50:00	2021-12-06 07:55:00	B9.6		POINT(-39 -28)	-28	-39	-548.0	-458.0
191450	2021-12-06 13:55:00	2021-12-06 14:01:00	2021-12-06 14:05:00	B3.5		POINT(87 16)	16	87	933.0	273.0
191460	2021-12-06 18:18:00	2021-12-06 18:34:00	2021-12-06 18:58:00	B1.2		POINT(89 19)	19	89	932.0	326.0
191470	2021-12-07 18:56:00	2021-12-07 19:05:00	2021-12-07 19:13:00	B1.8		POINT(-19 -27)	-27	-19	-288.0	-455.0
191480	2021-12-11 18:47:00	2021-12-11 18:52:00	2021-12-11 18:56:00	B1.2		POINT(-89 -20)	-20	-89	-921.0	-348.0
191490	2021-12-12 05:40:00	2021-12-12 05:46:00	2021-12-12 05:50:00	B6.6		POINT(-89 -18)	-18	-89	-936.0	-306.0
191500	2021-12-12 08:07:00	2021-12-12 08:17:00	2021-12-12 08:25:00	B1.6		POINT(-89 -20)	-20	-89	-923.0	-348.0
191510	2021-12-12 20:41:00	2021-12-12 20:52:00	2021-12-12 20:56:00	B4.9		POINT(-81 -20)	-20	-81	-902.0	-338.0
191520	2021-12-12 20:56:00	2021-12-12 21:04:00	2021-12-12 21:09:00	B8.3		POINT(-87 -20)	-20	-87	-908.0	-348.0
191530	2021-12-12 21:09:00	2021-12-12 21:14:00	2021-12-12 21:22:00	C1.2		POINT(-76 -21)	-21	-76	-893.0	-350.0
191540	2021-12-13 06:17:00	2021-12-13 06:25:00	2021-12-13 06:32:00	B1.4		POINT(-74 -20)	-20	-74	-878.0	-342.0
191550	2021-12-13 16:24:00	2021-12-13 16:37:00	2021-12-13 16:44:00	B2.8		POINT(-67 -21)	-21	-67	-843.0	-346.0
191560	2021-12-13 17:31:00	2021-12-13 17:38:00	2021-12-13 17:45:00	B1.8		POINT(-67 -20)	-20	-67	-842.0	-342.0
191570	2021-12-13 19:12:00	2021-12-13 19:23:00	2021-12-13 19:30:00	B3.0		POINT(-66 -21)	-21	-66	-833.0	-353.0
191580	2021-12-13 20:58:00	2021-12-13 21:10:00	2021-12-13 21:11:00	B3.6		POINT(-66 -21)	-21	-66	-831.0	-350.0
191590	2021-12-13 23:33:00	2021-12-13 23:42:00	2021-12-13 23:50:00	B2.0		POINT(-63 -21)	-21	-63	-814.0	-353.0
191600	2021-12-14 01:51:00	2021-12-14 02:03:00	2021-12-14 02:17:00	B2.3		POINT(-64 -20)	-20	-64	-825.0	-333.0
191610	2021-12-14 05:40:00	2021-12-14 05:48:00	2021-12-14 05:52:00	B2.5		POINT(-33 -29)	-29	-33	-471.0	-467.0
191620	2021-12-14 06:35:00	2021-12-14 06:42:00	2021-12-14 06:51:00	B4.8		POINT(-37 -36)	-36	-37	-455.0	-456.0
191630	2021-12-14 07:48:00	2021-12-14 07:55:00	2021-12-14 07:59:00	B3.5		POINT(-37 -36)	-36	-37	-450.0	-470.0
191640	2021-12-14 08:16:00	2021-12-14 08:26:00	2021-12-14 08:36:00	C1.4		POINT(-60 -20)	-20	-60	-794.0	-332.0
191650	2021-12-14 10:08:00	2021-12-14 10:18:00	2021-12-14 10:22:00	B4.1		POINT(-30 -29)	-29	-30	-437.0	-471.0
191660	2021-12-14 10:37:00	2021-12-14 10:43:00	2021-12-14 10:47:00	B3.9		POINT(-30 -29)	-29	-30	-435.0	-472.0
191670	2021-12-14 11:00:00	2021-12-14 11:09:00	2021-12-14 11:15:00	B2.3		POINT(-29 -29)	-29	-29	-424.0	-473.0
191680	2021-12-14 11:29:00	2021-12-14 11:38:00	2021-12-14 11:46:00	B4.1		POINT(-30 -30)	-30	-30	-428.0	-471.0
191690	2021-12-14 12:16:00	2021-12-14 12:18:00	2021-12-14 12:23:00	B3.4		POINT(-29 -29)	-29	-29	-424.0	-473.0
191700	2021-12-14 12:53:00	2021-12-14 13:00:00	2021-12-14 13:09:00	B3.1		POINT(-29 -29)	-29	-29	-420.0	-470.0
191710	2021-12-14 13:49:00	2021-12-14 14:06:00	2021-12-14 14:20:00	B6.3		POINT(-57 -20)	-20	-57	-773.0	-340.0
191720	2021-12-14 14:52:00	2021-12-14 15:00:00	2021-12-14 15:11:00	B4.6		POINT(-30 -29)	-29	-30	-426.0	-472.0
191730	2021-12-14 15:23:00	2021-12-14 15:30:00	2021-12-14 15:39:00	B7.8		POINT(-27 -29)	-29	-27	-387.0	-472.0
191740	2021-12-14 15:39:00	2021-12-14 15:45:00	2021-12-14 15:51:00	B7.5		POINT(-56 -20)	-20	-56	-759.0	-333.0
191750	2021-12-14 15:51:00	2021-12-14 16:03:00	2021-12-14 16:20:00	C1.1		POINT(-54 -20)	-20	-54	-741.0	-333.0
191760	2021-12-14 16:35:00	2021-12-14 16:49:00	2021-12-14 16:56:00	C1.3		POINT(-56 -21)	-21	-56	-754.0	-349.0
191770	2021-12-14 18:19:00	2021-12-14 18:30:00	2021-12-14 18:39:00	B5.8		POINT(-26 -29)	-29	-26	-373.0	-472.0
191780	2021-12-14 20:23:00	2021-12-14 20:33:00	2021-12-14 20:43:00	C3.0		POINT(-52 -20)	-20	-52	-725.0	-339.0
191790	2021-12-14 21:55:00	2021-12-14 22:06:00	2021-12-14 22:12:00	C1.6		POINT(-24 -29)	-29	-24	-345.0	-474.0
191800	2021-12-14 23:12:00	2021-12-14 23:25:00	2021-12-14 23:44:00	C6.0	12907.0	POINT(-45 -21)	-21	-45	-715.0	-342.0
191810	2021-12-15 01:36:00	2021-12-15 01:46:00	2021-12-15 01:55:00	C2.1		POINT(-49 -21)	-21	-49	-697.0	-342.0
191820	2021-12-15 02:57:00	2021-12-15 03:04:00	2021-12-15 03:09:00	C2.8		POINT(-48 -21)	-21	-48	-687.0	-341.0
191830	2021-12-15 03:38:00	2021-12-15 03:46:00	2021-12-15 03:51:00	C1.9		POINT(-48 -20)	-20	-48	-686.0	-335.0
191840	2021-12-15 04:07:00	2021-12-15 04:21:00	2021-12-15 04:32:00	C4.5		POINT(-45 -21)	-21	-45	-723.0	-314.0
191850	2021-12-15 04:48:00	2021-12-15 04:54:00	2021-12-15 04:58:00	C2.8		POINT(-47 -21)	-21	-47	-670.0	-348.0
191860	2021-12-15 05:48:00	2021-12-15 05:58:00	2021-12-15 06:08:00	C1.6		POINT(-49 -19)	-19	-49	-702.0	-315.0
191870	2021-12-15 08:38:00	2021-12-15 08:52:00	2021-12-15 09:05:00	C1.6		POINT(-45 -21)	-21	-45	-647.0	-344.0
191880	2021-12-15 10:04:00	2021-12-15 10:10:00	2021-12-15 10:13:00	C8.1	12907.0	POINT(-44 -21)	-21	-44	-642.0	-341.0
191890	2021-12-15 12:08:00	2021-12-15 12:17:00	2021-12-15 12:26:00	C2.6		POINT(-45 -20)	-20	-45	-647.0	-333.0
191900	2021-12-15 14:09:00	2021-12-15 14:13:00	2021-12-15 14:21:00	C1.5		POINT(-44 -19)	-19	-44	-640.0	-314.0
191910	2021-12-15 14:27:00	2021-12-15 14:34:00	2021-12-15 14:38:00	C4.4		POINT(-42 -21)	-21	-42	-612.0	-345.0
191920	2021-12-15 17:16:00	2021-12-15 17:23:00	2021-12-15 17:32:00	B7.4		POINT(-43 -19)	-19	-43	-634.0	-313.0
191930	2021-12-16 03:13:00	2021-12-16 03:19:00	2021-12-16 03:24:00	B7.6		POINT(-67 -21)	-21	-67	-839.0	-358.0
191940	2021-12-16 03:26:00	2021-12-16 03:34:00	2021-12-16 03:41:00	C1.4		POINT(-10 -29)	-29	-10	-159.0	-468.0
191950	2021-12-16 03:44:00	2021-12-16 03:54:00	2021-12-16 04:04:00	C1.3		POINT(-71 -22)	-22	-71	-854.0	-371.0
191960	2021-12-16 05:06:00	2021-12-16 05:21:00	2021-12-16 05:36:00	C1.5		POINT(-38 -22)	-22	-38	-556.0	-366.0
191970	2021-12-16 07:45:00	2021-12-16 07:48:00	2021-12-16 07:52:00	B9.3		POINT(-38 -19)	-19	-38	-570.0	-317.0
191980	2021-12-16 09:19:00	2021-12-16 09:28:00	2021-12-16 09:37:00	B9.1		POINT(-37 -20)	-20	-37	-564.0	-325.0
191990	2021-12-16 13:30:00	2021-12-16 13:34:00	2021-12-16 13:58:00	C2.0		POINT(-63 14)	14	-63	-843.0	235.0
192000	2021-12-16 15:19:00	2021-12-16 15:27:00	2021-12-16 15:31:00	C3.3		POINT(-65 -21)	-21	-65	-825.0	-351.0
192010	2021-12-16 16:36:00	2021-12-16 16:43:00	2021-12-16 16:47:00	B7.8		POINT(-73 19)	19	-73	-884.0	324.0
192020	2021-12-16 19:58:00	2021-12-16 19:59:00	2021-12-16 20:10:00	C2.3		POINT(-76 19)	19	-76	-872.0	347.0
192030	2021-12-16 20:29:00	2021-12-16 20:44:00	2021-12-16 21:06:00	C2.9		POINT(-76 19)	19	-76	-896.0	324.0
192040	2021-12-16 23:35:00	2021-12-16 23:39:00	2021-12-16 23:43:00	C3.0		POINT(-61 -23)	-23	-61	-794.0	-355.0
192050	2021-12-17 00:39:00	2021-12-17 00:51:00	2021-12-17 00:56:00	M1.2		POINT(-70 20)	20	-70	-864.0	337.0
192060	2021-12-17 03:25:00	2021-12-17 03:31:00	2021-12-17 03:41:00	C1.5		POINT(-69 19)	19	-69	-850.0	341.0
192070	2021-12-17 04:01:00	2021-12-17 04:08:00	2021-12-17 04:12:00	C1.2		POINT(-68 19)	19	-68	-851.0	338.0
192080	2021-12-17 04:50:00	2021-12-17 04:58:00	2021-12-17 05:03:00	C1.3		POINT(-67 19)	19	-67	-846.0	333.0
192090	2021-12-17 05:06:00	2021-12-17 05:10:00	2021-12-17 05:15:00	C1.4		POINT(-65 19)	19	-65	-835.0	335.0
192100	2021-12-17 06:18:00	2021-12-17 06:25:00	2021-12-17 06:30:00	C1.3		POINT(-66 19)	19	-66	-836.0	341.0
192110	2021-12-17 12:55:00	2021-12-17 13:12:00	2021-12-17 13:25:00	C2.3		POINT(-50 -22)	-22	-50	-705.0	-352.0
192120	2021-12-17 14:08:00	2021-12-17 14:12:00	2021-12-17 14:18:00	B9.8		POINT(-16 -20)	-20	-16	-254.0	-324.0
192130	2021-12-17 14:22:00	2021-12-17 14:30:00	2021-12-17 14:39:00	C1.0		POINT(-17 -23)	-23	-17	-265.0	-364.0
192140	2021-12-17 17:39:00	2021-12-17 17:53:00	2021-12-17 18:08:00	C1.5		POINT(-60 18)	18	-60	-802.0	320.0
192150	2021-12-17 20:31:00	2021-12-17 20:35:00	2021-12-17 20:45:00	B8.1		POINT(-45 -21)	-21	-45	-648.0	-344.0
192160	2021-12-17 22:22:00	2021-12-17 22:30:00	2021-12-17 22:36:00	C1.3		POINT(-89 -18)	-18	-89	-933.0	-319.0
192170	2021-12-18 01:02:00	2021-12-18 01:10:00	2021-12-18 01:15:00	B9.2		POINT(-89 -11)	-11	-89	-966.0	-199.0
192180	2021-12-18 01:40:00	2021-12-18 01:54:00	2021-12-18 02:12:00	C1.1		POINT(-39 -22)	-22	-39	-573.0	-353.0
192190	2021-12-18 11:17:00	2021-12-18 11:24:00	2021-12-18 11:30:00	B9.0		POINT(-9 -20)	-20	-9	-158.0	-327.0
192200	2021-12-18 17:27:00	2021-12-18 18:01:00	2021-12-18 18:36:00	C6.3		POINT(-89 -19)	-19	-89	-924.0	-329.0
192210	2021-12-19 10:34:00	2021-12-19 10:42:00	2021-12-19 10:47:00	B6.3		POINT(0 -21)	-21	0	15.0	-339.0
192220	2021-12-19 11:51:00	2021-12-19 11:59:00	2021-12-19 12:03:00	C1.5		POINT(2 -25)	-25	2	30.0	-372.0
192230	2021-12-19 14:26:00	2021-12-19 14:29:00	2021-12-19 14:33:00	B9.1		POINT(3 -24)	-24	3	57.0	-382.0
192240	2021-12-19 16:15:00	2021-12-19 16:23:00	2021-12-19 16:27:00	C1.8		POINT(3 -23)	-23	3	76.0	-384.0
192250	2021-12-19 19:04:00	2021-12-19 19:16:00	2021-12-19 19:28:00	C1.8		POINT(5 -21)	-21	5	92.0	-329.0
192260	2021-12-19 20:59:00	2021-12-19 21:12:00	2021-12-19 21:27:00	C3.7		POINT(6 -21)	-21	6	108.0	-339.0
192270	2021-12-20 00:17:00	2021-12-20 00:34:00	2021-12-20 00:53:00	C1.6		POINT(-5 -21)	-21	-5	-84.0	-334.0
192280	2021-12-20 03:08:00	2021-12-20 03:21:00	2021-12-20 03:27:00	C4.4		POINT(-11 -19)	-19	-11	-188.0	-303.0
192290	2021-12-20 04:29:00	2021-12-20 04:37:00	2021-12-20 04:44:00	C1.5		POINT(-3 -22)	-22	-3	-57.0	-346.0
192300	2021-12-20 06:33:00	2021-12-20 06:40:00	2021-12-20 06:44:00	C1.3		POINT(12 -21)	-21	12	192.0	-331.0
192310	2021-12-20 08:43:00	2021-12-20 08:51:00	2021-12-20 08:57:00	C1.2		POINT(13 -20)	-20	13	218.0	-326.0
192320	2021-12-20 09:19:00	2021-12-20 09:21:00	2021-12-20 09:25:00	C1.1		POINT(14 -21)	-21	14	204.0	-338.0
192330	2021-12-20 10:37:00	2021-12-20 10:46:00	2021-12-20 10:50:00	C2.9		POINT(15 -21)	-21	15	216.0	-339.0
192340	2021-12-20 11:12:00	2021-12-20 11:36:00	2021-12-20 11:55:00	M1.8		POINT(5 -22)	-22	5	78.0	-365.0
192350	2021-12-20 13:48:00	2021-12-20 13:54:00	2021-12-20 13:59:00	C1.4		POINT(16 -23)	-23	16	246.0	-337.0
192360	2021-12-20 15:57:00	2021-12-20 16:02:00	2021-12-20 16:06:00	C1.4		POINT(22 -23)	-23	22	281.0	-369.0
192370	2021-12-20 16:34:00	2021-12-20 16:42:00	2021-12-20 17:02:00	C1.0		POINT(17 -21)	-21	17	267.0	-336.0
192380	2021-12-20 17:15:00	2021-12-20 17:28:00	2021-12-20 17:32:00	C1.5		POINT(-89 -16)	-16	-89	-949.0	-273.0
192390	2021-12-20 20:23:00	2021-12-20 20:32:00	2021-12-20 20:41:00	C1.4		POINT(24 -21)	-21	24	377.0	-330.0
192400	2021-12-20 20:45:00	2021-12-20 20:49:00	2021-12-20 20:55:00	C1.6		POINT(64 13)	13	64	855.0	245.0
192410	2021-12-20 22:47:00	2021-12-20 22:54:00	2021-12-20 23:04:00	C1.1		POINT(-89 -18)	-18	-89	-939.0	-314.0
192420	2021-12-21 01:44:00	2021-12-21 01:57:00	2021-12-21 02:12:00	C5.5		POINT(30 -22)	-22	30	431.0	-366.0
192430	2021-12-21 03:40:00	2021-12-21 03:44:00	2021-12-21 03:52:00	C2.8		POINT(-89 -17)	-17	-89	-942.0	-300.0
192440	2021-12-21 04:48:00	2021-12-21 05:00:00	2021-12-21 05:09:00	C3.3		POINT(12 -20)	-20	12	203.0	-324.0
192450	2021-12-21 05:58:00	2021-12-21 06:10:00	2021-12-21 06:19:00	C4.0		POINT(-89 -18)	-18	-89	-943.0	-307.0
192460	2021-12-21 06:58:00	2021-12-21 07:24:00	2021-12-21 08:09:00	C4.9	12908.0	POINT(13 -20)	-20	13	204.0	-375.0
192470	2021-12-21 07:43:00	2021-12-21 07:50:00	2021-12-21 07:57:00	M1.1		POINT(14 -21)	-21	14	220.0	-349.0
192480	2021-12-21 11:31:00	2021-12-21 11:44:00	2021-12-21 11:49:00	M1.4		POINT(-89 -17)	-17	-89	-943.0	-303.0
192490	2021-12-21 13:45:00	2021-12-21 13:52:00	2021-12-21 14:00:00	C1.0		POINT(16 -23)	-23	16	257.0	-369.0
192500	2021-12-21 15:44:00	2021-12-21 15:53:00	2021-12-21 15:58:00	C2.0		POINT(-89 -17)	-17	-89	-941.0	-294.0
192510	2021-12-21 17:35:00	2021-12-21 17:50:00	2021-12-21 18:04:00	C4.9		POINT(17 -21)	-21	17	272.0	-347.0
192520	2021-12-21 19:02:00	2021-12-21 19:23:00	2021-12-21 19:53:00	C4.9		POINT(8 -20)	-20	8	127.0	-333.0
192530	2021-12-21 20:36:00	2021-12-21 20:48:00	2021-12-21 21:00:00	C3.9		POINT(-89 -16)	-16	-89	-938.0	-282.0
192540	2021-12-21 22:29:00	2021-12-21 22:37:00	2021-12-21 23:08:00	C4.9		POINT(39 -23)	-23	39	577.0	-363.0
192550	2021-12-22 00:12:00	2021-12-22 00:21:00	2021-12-22 00:29:00	C5.7		POINT(-89 -16)	-16	-89	-936.0	-273.0
192560	2021-12-22 04:36:00	2021-12-22 04:46:00	2021-12-22 04:56:00	C1.5		POINT(42 -24)	-24	42	600.0	-386.0
192570	2021-12-22 05:15:00	2021-12-22 05:42:00	2021-12-22 05:59:00	C4.0		POINT(45 -24)	-24	45	624.0	-383.0
192580	2021-12-22 06:54:00	2021-12-22 07:06:00	2021-12-22 07:21:00	M1.3		POINT(27 -23)	-23	27	392.0	-336.0
192590	2021-12-22 10:04:00	2021-12-22 10:11:00	2021-12-22 10:14:00	C3.4	12907.0	POINT(38 -22)	-22	38	558.0	-337.0
192600	2021-12-22 11:03:00	2021-12-22 11:09:00	2021-12-22 11:16:00	C2.0		POINT(29 -19)	-19	29	450.0	-293.0
192610	2021-12-22 17:56:00	2021-12-22 18:08:00	2021-12-22 18:26:00	C8.8		POINT(50 -22)	-22	50	692.0	-384.0
192620	2021-12-22 19:31:00	2021-12-22 19:39:00	2021-12-22 19:45:00	C2.4		POINT(49 -20)	-20	49	701.0	-319.0
192630	2021-12-22 20:42:00	2021-12-22 20:46:00	2021-12-22 20:50:00	C1.3		POINT(51 -22)	-22	51	710.0	-354.0
192640	2021-12-22 21:20:00	2021-12-22 21:27:00	2021-12-22 21:32:00	C1.1		POINT(50 -20)	-20	50	709.0	-320.0
192650	2021-12-22 22:05:00	2021-12-22 22:18:00	2021-12-22 22:33:00	C2.0		POINT(37 -19)	-19	37	561.0	-295.0
192660	2021-12-22 23:44:00	2021-12-22 23:53:00	2021-12-23 00:02:00	C1.9		POINT(55 -22)	-22	55	745.0	-351.0
192670	2021-12-23 00:45:00	2021-12-23 00:58:00	2021-12-23 01:08:00	C1.4		POINT(55 -20)	-20	55	747.0	-329.0
192680	2021-12-23 02:13:00	2021-12-23 02:23:00	2021-12-23 02:28:00	C1.1		POINT(55 -22)	-22	55	738.0	-363.0
192690	2021-12-23 03:19:00	2021-12-23 03:30:00	2021-12-23 03:33:00	C1.7		POINT(57 -19)	-19	57	743.0	-321.0
192700	2021-12-23 07:19:00	2021-12-23 07:32:00	2021-12-23 07:44:00	C2.0		POINT(57 23)	23	57	753.0	381.0
192710	2021-12-23 08:02:00	2021-12-23 08:11:00	2021-12-23 08:20:00	C2.1	12907.0	POINT(58 -21)	-21	58	765.0	-361.0
192720	2021-12-23 09:19:00	2021-12-23 09:30:00	2021-12-23 09:39:00	C2.6	12907.0	POINT(57 -20)	-20	57	768.0	-333.0
192730	2021-12-23 12:41:00	2021-12-23 12:46:00	2021-12-23 12:50:00	C1.4		POINT(48 -15)	-15	48	706.0	-244.0
192740	2021-12-23 13:16:00	2021-12-23 13:22:00	2021-12-23 13:26:00	C1.4	12917.0	POINT(-26 -27)	-27	-26	-351.0	-444.0
192750	2021-12-23 13:52:00	2021-12-23 14:01:00	2021-12-23 14:06:00	C1.4		POINT(63 -21)	-21	63	813.0	-341.0
192760	2021-12-23 14:54:00	2021-12-23 15:01:00	2021-12-23 15:09:00	C1.1		POINT(60 -18)	-18	60	804.0	-292.0
192770	2021-12-23 16:14:00	2021-12-23 16:19:00	2021-12-23 16:48:00	C1.0		POINT(-23 -28)	-28	-23	-347.0	-443.0
192780	2021-12-23 17:35:00	2021-12-23 17:41:00	2021-12-23 17:46:00	C1.2		POINT(64 -21)	-21	64	821.0	-340.0
192790	2021-12-23 18:38:00	2021-12-23 18:49:00	2021-12-23 19:06:00	C1.1		POINT(65 -26)	-26	65	791.0	-424.0
192800	2021-12-23 21:55:00	2021-12-23 22:03:00	2021-12-23 22:24:00	C1.2		POINT(89 -31)	-31	89	840.0	-512.0
192810	2021-12-23 23:30:00	2021-12-23 23:35:00	2021-12-23 23:39:00	C1.3		POINT(57 -20)	-20	57	815.0	-329.0
192820	2021-12-24 00:46:00	2021-12-24 00:57:00	2021-12-24 01:07:00	C1.2		POINT(50 -18)	-18	50	717.0	-290.0
192830	2021-12-24 02:27:00	2021-12-24 02:43:00	2021-12-24 02:58:00	C5.1		POINT(57 -20)	-20	57	768.0	-333.0
192840	2021-12-24 03:25:00	2021-12-24 03:42:00	2021-12-24 03:50:00	C7.4		POINT(-22 -30)	-30	-22	-332.0	-453.0
192850	2021-12-24 06:02:00	2021-12-24 06:10:00	2021-12-24 06:17:00	C1.6		POINT(54 -18)	-18	54	753.0	-285.0
192860	2021-12-24 06:20:00	2021-12-24 06:27:00	2021-12-24 06:48:00	C5.7	12908.0	POINT(53 -18)	-18	53	751.0	-284.0
192870	2021-12-24 07:02:00	2021-12-24 07:19:00	2021-12-24 07:34:00	C5.5		POINT(57 -20)	-20	57	768.0	-333.0
192880	2021-12-24 07:47:00	2021-12-24 07:52:00	2021-12-24 07:56:00	C3.7		POINT(59 -21)	-21	59	780.0	-343.0
192890	2021-12-24 08:10:00	2021-12-24 08:20:00	2021-12-24 08:29:00	C3.0		POINT(72 -19)	-19	72	875.0	-317.0
192900	2021-12-24 09:59:00	2021-12-24 10:13:00	2021-12-24 10:20:00	C4.2	12908.0	POINT(57 -21)	-21	57	763.0	-349.0
192910	2021-12-24 11:33:00	2021-12-24 12:12:00	2021-12-24 12:36:00	C5.2		POINT(58 -21)	-21	58	772.0	-349.0
192920	2021-12-24 21:57:00	2021-12-24 22:02:00	2021-12-24 22:07:00	C1.4		POINT(-28 20)	20	-28	-439.0	372.0
192930	2021-12-24 22:27:00	2021-12-24 22:35:00	2021-12-24 22:53:00	C1.3		POINT(89 -21)	-21	89	921.0	-357.0
192940	2021-12-24 22:56:00	2021-12-24 23:07:00	2021-12-24 23:20:00	C1.8		POINT(89 -23)	-23	89	894.0	-392.0
192950	2021-12-25 00:39:00	2021-12-25 00:45:00	2021-12-25 00:50:00	C1.1		POINT(-27 20)	20	-27	-426.0	374.0
192960	2021-12-25 01:26:00	2021-12-25 01:34:00	2021-12-25 01:39:00	C1.4		POINT(-50 -16)	-16	-50	-718.0	-268.0
192970	2021-12-25 03:14:00	2021-12-25 03:26:00	2021-12-25 03:34:00	C1.3		POINT(-27 20)	20	-27	-404.0	376.0
192980	2021-12-25 06:37:00	2021-12-25 06:45:00	2021-12-25 06:59:00	C1.3		POINT(89 -24)	-24	89	900.0	-404.0
192990	2021-12-25 07:13:00	2021-12-25 07:26:00	2021-12-25 07:49:00	C1.8	12917.0	POINT(-9 -30)	-30	-9	-54.0	-467.0
193000	2021-12-25 09:00:00	2021-12-25 09:13:00	2021-12-25 09:32:00	C1.8	12909.0	POINT(-61 -23)	-23	-61	-785.0	-381.0
193010	2021-12-25 09:43:00	2021-12-25 09:51:00	2021-12-25 09:58:00	C2.2		POINT(-21 23)	23	-21	-357.0	378.0
193020	2021-12-25 12:15:00	2021-12-25 12:24:00	2021-12-25 12:29:00	C3.0		POINT(-20 22)	22	-20	-338.0	378.0
193030	2021-12-25 13:19:00	2021-12-25 13:30:00	2021-12-25 13:35:00	C3.3		POINT(-21 21)	21	-21	-327.0	387.0
193040	2021-12-25 15:47:00	2021-12-25 15:58:00	2021-12-25 16:08:00	C3.0		POINT(0 -31)	-31	0	-3.0	-472.0
193050	2021-12-25 16:14:00	2021-12-25 16:19:00	2021-12-25 16:24:00	C3.1		POINT(-19 20)	20	-19	-308.0	383.0
193060	2021-12-25 18:53:00	2021-12-25 19:05:00	2021-12-25 19:15:00	C3.4		POINT(-17 21)	21	-17	-270.0	389.0
193070	2021-12-26 00:12:00	2021-12-26 00:21:00	2021-12-26 00:30:00	C1.8		POINT(-13 21)	21	-13	-217.0	390.0
193080	2021-12-26 00:33:00	2021-12-26 00:36:00	2021-12-26 00:41:00	C2.6		POINT(83 -19)	-19	83	911.0	-326.0
193090	2021-12-26 01:26:00	2021-12-26 01:35:00	2021-12-26 01:50:00	C1.8		POINT(89 -21)	-21	89	920.0	-368.0
193100	2021-12-26 04:32:00	2021-12-26 04:42:00	2021-12-26 04:49:00	C2.0		POINT(-10 21)	21	-10	-173.0	391.0
193110	2021-12-26 14:03:00	2021-12-26 14:08:00	2021-12-26 14:14:00	B9.6		POINT(-24 -17)	-17	-24	-384.0	-253.0
193120	2021-12-26 17:28:00	2021-12-26 17:35:00	2021-12-26 17:42:00	B9.6		POINT(-25 -19)	-19	-25	-392.0	-295.0
193130	2021-12-26 18:26:00	2021-12-26 18:32:00	2021-12-26 18:40:00	C1.0		POINT(89 -18)	-18	89	935.0	-321.0
193140	2021-12-26 18:46:00	2021-12-26 18:59:00	2021-12-26 19:10:00	C1.4		POINT(27 -20)	-20	27	431.0	-301.0
193150	2021-12-26 20:00:00	2021-12-26 20:12:00	2021-12-26 20:20:00	C3.2		POINT(89 -18)	-18	89	938.0	-308.0
193160	2021-12-26 21:36:00	2021-12-26 21:44:00	2021-12-26 21:52:00	B9.7		POINT(15 -31)	-31	15	228.0	-480.0
193170	2021-12-27 00:27:00	2021-12-27 00:34:00	2021-12-27 00:38:00	C1.0		POINT(28 17)	17	28	449.0	324.0
193180	2021-12-27 02:16:00	2021-12-27 02:27:00	2021-12-27 02:34:00	C1.4		POINT(89 -19)	-19	89	932.0	-321.0
193190	2021-12-27 02:53:00	2021-12-27 03:04:00	2021-12-27 03:16:00	C1.2		POINT(89 -18)	-18	89	942.0	-313.0
193200	2021-12-27 04:06:00	2021-12-27 04:20:00	2021-12-27 04:33:00	C1.4		POINT(21 -27)	-27	21	318.0	-420.0
193210	2021-12-27 06:09:00	2021-12-27 06:17:00	2021-12-27 06:25:00	C1.0		POINT(-16 -17)	-17	-16	-267.0	-263.0
193220	2021-12-27 09:45:00	2021-12-27 09:53:00	2021-12-27 09:59:00	C1.3		POINT(23 -28)	-28	23	345.0	-429.0
193230	2021-12-27 10:50:00	2021-12-27 10:54:00	2021-12-27 10:58:00	B8.3		POINT(89 -18)	-18	89	932.0	-307.0
193240	2021-12-27 12:24:00	2021-12-27 12:36:00	2021-12-27 12:56:00	B8.9		POINT(39 -16)	-16	39	590.0	-252.0
193250	2021-12-27 18:02:00	2021-12-27 18:10:00	2021-12-27 18:21:00	B6.6		POINT(15 20)	20	15	244.0	381.0
193260	2021-12-27 19:37:00	2021-12-27 19:48:00	2021-12-27 20:00:00	C1.4		POINT(16 20)	20	16	255.0	380.0
193270	2021-12-27 22:09:00	2021-12-27 22:15:00	2021-12-27 22:19:00	B6.7		POINT(48 30)	30	48	632.0	524.0
193280	2021-12-27 23:18:00	2021-12-27 23:25:00	2021-12-27 23:28:00	B5.9		POINT(20 20)	20	20	316.0	385.0
193290	2021-12-27 23:28:00	2021-12-27 23:35:00	2021-12-27 23:42:00	C2.2		POINT(17 20)	20	17	283.0	378.0
193300	2021-12-28 00:25:00	2021-12-28 00:32:00	2021-12-28 00:36:00	C1.2		POINT(18 20)	20	18	296.0	381.0
193310	2021-12-28 00:39:00	2021-12-28 00:47:00	2021-12-28 00:51:00	C1.3		POINT(18 20)	20	18	295.0	380.0
193320	2021-12-28 02:09:00	2021-12-28 02:10:00	2021-12-28 02:21:00	C2.7		POINT(20 20)	20	20	316.0	380.0
193330	2021-12-28 03:50:00	2021-12-28 04:01:00	2021-12-28 04:10:00	M1.8		POINT(20 20)	20	20	314.0	378.0
193340	2021-12-28 06:11:00	2021-12-28 06:18:00	2021-12-28 06:23:00	C1.3		POINT(52 29)	29	52	677.0	504.0
193350	2021-12-28 07:29:00	2021-12-28 07:44:00	2021-12-28 07:57:00	C7.0	12918.0	POINT(22 20)	20	22	353.0	369.0
193360	2021-12-28 12:59:00	2021-12-28 13:05:00	2021-12-28 13:10:00	B9.2		POINT(27 21)	21	27	417.0	389.0
193370	2021-12-28 15:03:00	2021-12-28 15:14:00	2021-12-28 15:32:00	C1.0		POINT(27 20)	20	27	428.0	377.0
193380	2021-12-28 15:59:00	2021-12-28 16:11:00	2021-12-28 16:20:00	M1.6		POINT(28 20)	20	28	411.0	368.0
193390	2021-12-28 21:35:00	2021-12-28 21:42:00	2021-12-28 21:46:00	B5.7		POINT(3 -13)	-13	3	59.0	-180.0
193400	2021-12-28 22:37:00	2021-12-28 22:46:00	2021-12-28 22:52:00	B8.5		POINT(26 20)	20	26	411.0	384.0
193410	2021-12-29 04:18:00	2021-12-29 04:28:00	2021-12-29 04:32:00	C4.6		POINT(13 -16)	-16	13	226.0	-235.0
193420	2021-12-29 12:32:00	2021-12-29 12:40:00	2021-12-29 12:57:00	B5.1		POINT(51 -28)	-28	51	669.0	-444.0
193430	2021-12-29 21:43:00	2021-12-29 21:49:00	2021-12-29 21:54:00	B5.5		POINT(76 30)	30	76	819.0	500.0
193440	2021-12-29 23:12:00	2021-12-29 23:28:00	2021-12-29 23:40:00	B6.8		POINT(55 18)	18	55	776.0	354.0
193450	2021-12-30 00:15:00	2021-12-30 00:24:00	2021-12-30 00:31:00	B7.7		POINT(54 31)	31	54	676.0	502.0
193460	2021-12-30 05:30:00	2021-12-30 05:40:00	2021-12-30 05:54:00	B4.4		POINT(47 20)	20	47	670.0	379.0
193470	2021-12-30 07:52:00	2021-12-30 08:10:00	2021-12-30 08:24:00	B8.3		POINT(25 25)	25	25	373.0	412.0
193480	2021-12-30 09:51:00	2021-12-30 09:54:00	2021-12-30 09:58:00	B4.9		POINT(81 30)	30	81	835.0	494.0
193490	2021-12-30 10:52:00	2021-12-30 10:58:00	2021-12-30 11:02:00	B3.9		POINT(82 30)	30	82	834.0	497.0
193500	2021-12-30 16:19:00	2021-12-30 16:26:00	2021-12-30 16:31:00	B4.9		POINT(87 32)	32	87	828.0	519.0
193510	2021-12-30 19:03:00	2021-12-30 19:09:00	2021-12-30 19:14:00	B4.0		POINT(56 20)	20	56	768.0	362.0
193520	2021-12-30 20:18:00	2021-12-30 20:24:00	2021-12-30 20:34:00	B4.5		POINT(88 30)	30	88	850.0	492.0
193530	2021-12-30 22:34:00	2021-12-30 22:37:00	2021-12-30 22:41:00	B4.2		POINT(84 31)	31	84	822.0	520.0
193540	2021-12-30 22:44:00	2021-12-30 22:51:00	2021-12-30 22:59:00	B4.1		POINT(87 34)	34	87	814.0	551.0
193550	2021-12-31 03:09:00	2021-12-31 03:16:00	2021-12-31 03:22:00	B4.7		POINT(87 31)	31	87	836.0	512.0
193560	2021-12-31 04:44:00	2021-12-31 04:54:00	2021-12-31 05:07:00	C1.9		POINT(62 20)	20	62	813.0	357.0
193570	2021-12-31 06:26:00	2021-12-31 06:41:00	2021-12-31 06:46:00	C4.5		POINT(62 20)	20	62	815.0	357.0
193580	2021-12-31 06:40:00	2021-12-31 06:53:00	2021-12-31 07:07:00	C9.8		POINT(62 21)	21	62	806.0	374.0
193590	2021-12-31 10:02:00	2021-12-31 10:05:00	2021-12-31 10:10:00	B4.6		POINT(34 -15)	-15	34	536.0	-219.0
193600	2021-12-31 11:07:00	2021-12-31 11:14:00	2021-12-31 11:26:00	B4.4		POINT(87 31)	31	87	842.0	512.0
193610	2021-12-31 12:31:00	2021-12-31 12:37:00	2021-12-31 12:43:00	B4.5		POINT(35 -15)	-15	35	547.0	-223.0
193620	2021-12-31 15:58:00	2021-12-31 16:11:00	2021-12-31 16:22:00	B7.8		POINT(87 30)	30	87	846.0	505.0
193630	2021-12-31 17:11:00	2021-12-31 17:25:00	2021-12-31 17:40:00	C1.2		POINT(87 31)	31	87	837.0	509.0
193640	2021-12-31 19:32:00	2021-12-31 19:46:00	2021-12-31 20:02:00	C8.1		POINT(68 20)	20	68	851.0	360.0
193650	2021-12-31 22:32:00	2021-12-31 22:37:00	2021-12-31 22:43:00	B6.2		POINT(68 20)	20	68	849.0	357.0
198820	2022-03-05 15:11:00	2022-03-05 15:22:00	2022-03-05 15:34:00	C1.1		POINT(2 -31)	-31	2	55.0	-343.0
198830	2022-03-05 15:34:00	2022-03-05 15:40:00	2022-03-05 15:44:00	C1.0		POINT(-61 26)	26	-61	-761.0	477.0
198840	2022-03-05 17:52:00	2022-03-05 18:02:00	2022-03-05 18:10:00	B8.6		POINT(-62 27)	27	-62	-760.0	492.0
198850	2022-03-05 18:24:00	2022-03-05 18:36:00	2022-03-05 18:43:00	C1.7		POINT(-60 26)	26	-60	-753.0	479.0
198860	2022-03-05 19:56:00	2022-03-05 20:22:00	2022-03-05 20:44:00	C2.7		POINT(-60 27)	27	-60	-749.0	500.0
198870	2022-03-05 21:27:00	2022-03-05 21:33:00	2022-03-05 21:42:00	B9.4		POINT(-58 26)	26	-58	-741.0	483.0
198880	2022-03-05 22:02:00	2022-03-05 22:07:00	2022-03-05 22:11:00	C1.0		POINT(-59 27)	27	-59	-742.0	492.0
198890	2022-03-05 23:49:00	2022-03-06 00:01:00	2022-03-06 00:11:00	C1.3		POINT(27 -15)	-15	27	414.0	-145.0
198900	2022-03-06 02:20:00	2022-03-06 02:37:00	2022-03-06 02:53:00	C2.6		POINT(-58 27)	27	-58	-723.0	489.0
198910	2022-03-06 04:41:00	2022-03-06 04:47:00	2022-03-06 04:51:00	B5.2		POINT(-43 -18)	-18	-43	-632.0	-227.0
198920	2022-03-06 05:17:00	2022-03-06 05:29:00	2022-03-06 05:38:00	C1.0		POINT(-55 27)	27	-55	-710.0	506.0
198930	2022-03-06 07:55:00	2022-03-06 08:06:00	2022-03-06 08:20:00	B6.1		POINT(-54 28)	28	-54	-697.0	515.0
198940	2022-03-06 09:59:00	2022-03-06 10:17:00	2022-03-06 10:43:00	C1.0		POINT(-53 27)	27	-53	-686.0	514.0
198950	2022-03-06 11:47:00	2022-03-06 11:55:00	2022-03-06 11:59:00	B5.4		POINT(-50 25)	25	-50	-672.0	489.0
198960	2022-03-06 12:14:00	2022-03-06 12:21:00	2022-03-06 12:28:00	B5.3		POINT(20 -20)	-20	20	318.0	-237.0
198970	2022-03-06 12:43:00	2022-03-06 12:55:00	2022-03-06 13:05:00	C1.5		POINT(22 -20)	-20	22	338.0	-245.0
198980	2022-03-06 20:23:00	2022-03-06 20:30:00	2022-03-06 20:38:00	B5.3		POINT(27 -16)	-16	27	425.0	-166.0
198990	2022-03-06 21:28:00	2022-03-06 21:40:00	2022-03-06 21:58:00	B7.9		POINT(-43 24)	24	-43	-603.0	480.0
199000	2022-03-07 08:23:00	2022-03-07 08:30:00	2022-03-07 08:34:00	B8.8		POINT(4 -19)	-19	4	64.0	-192.0
199010	2022-03-07 14:58:00	2022-03-07 15:04:00	2022-03-07 15:10:00	C1.1		POINT(50 -13)	-13	50	726.0	-143.0
199020	2022-03-07 20:34:00	2022-03-07 20:42:00	2022-03-07 20:52:00	B9.4		POINT(-86 22)	22	-86	-900.0	383.0
199030	2022-03-07 22:33:00	2022-03-07 22:49:00	2022-03-07 23:13:00	C1.8		POINT(-86 22)	22	-86	-903.0	387.0
199040	2022-03-08 01:38:00	2022-03-08 01:46:00	2022-03-08 01:56:00	B7.9		POINT(-86 22)	22	-86	-900.0	384.0
199050	2022-03-08 03:01:00	2022-03-08 03:13:00	2022-03-08 03:22:00	C2.0		POINT(-86 23)	23	-86	-900.0	387.0
199060	2022-03-08 07:41:00	2022-03-08 07:51:00	2022-03-08 07:57:00	B8.7		POINT(58 -14)	-14	58	785.0	-196.0
199070	2022-03-08 08:53:00	2022-03-08 09:01:00	2022-03-08 09:09:00	B9.2		POINT(-86 20)	20	-86	-913.0	350.0
199080	2022-03-08 09:43:00	2022-03-08 09:50:00	2022-03-08 09:58:00	B6.5		POINT(22 -27)	-27	22	324.0	-348.0
199090	2022-03-08 10:00:00	2022-03-08 10:09:00	2022-03-08 10:17:00	B8.6		POINT(-86 23)	23	-86	-894.0	397.0
199100	2022-03-08 11:46:00	2022-03-08 11:52:00	2022-03-08 11:59:00	B6.8		POINT(23 -27)	-27	23	341.0	-352.0
199110	2022-03-08 13:56:00	2022-03-08 14:03:00	2022-03-08 14:22:00	B5.7		POINT(-86 24)	24	-86	-889.0	407.0
199120	2022-03-08 14:21:00	2022-03-08 14:30:00	2022-03-08 14:43:00	B6.8		POINT(-86 24)	24	-86	-888.0	410.0
199130	2022-03-08 15:57:00	2022-03-08 16:03:00	2022-03-08 16:07:00	B6.0		POINT(27 -27)	-27	27	393.0	-350.0
199140	2022-03-08 17:05:00	2022-03-08 17:11:00	2022-03-08 17:15:00	B6.3		POINT(-85 21)	21	-85	-897.0	357.0
199150	2022-03-08 22:22:00	2022-03-08 22:27:00	2022-03-08 22:32:00	C1.1		POINT(-86 26)	26	-86	-869.0	429.0
199160	2022-03-09 06:34:00	2022-03-09 06:48:00	2022-03-09 06:56:00	B6.3		POINT(33 -26)	-26	33	472.0	-343.0
199170	2022-03-09 06:56:00	2022-03-09 07:02:00	2022-03-09 07:10:00	B6.5		POINT(-79 24)	24	-79	-868.0	411.0
199180	2022-03-09 07:49:00	2022-03-09 07:56:00	2022-03-09 08:03:00	C1.0		POINT(-77 25)	25	-77	-849.0	441.0
199190	2022-03-09 08:44:00	2022-03-09 08:55:00	2022-03-09 09:03:00	B7.7		POINT(-78 27)	27	-78	-842.0	458.0
199200	2022-03-09 11:24:00	2022-03-09 11:33:00	2022-03-09 11:39:00	B7.3		POINT(-79 25)	25	-79	-854.0	438.0
199210	2022-03-09 12:42:00	2022-03-09 12:49:00	2022-03-09 12:54:00	C1.0		POINT(-74 25)	25	-74	-839.0	448.0
199220	2022-03-10 01:50:00	2022-03-10 01:56:00	2022-03-10 02:07:00	B5.4		POINT(11 -21)	-21	11	174.0	-246.0
199230	2022-03-10 09:18:00	2022-03-10 09:33:00	2022-03-10 09:43:00	B7.7		POINT(-64 28)	28	-64	-765.0	509.0
199240	2022-03-10 23:37:00	2022-03-10 23:43:00	2022-03-10 23:49:00	C2.6		POINT(-87 18)	18	-87	-926.0	306.0
199250	2022-03-11 08:37:00	2022-03-11 08:46:00	2022-03-11 08:53:00	C2.1		POINT(-87 18)	18	-87	-921.0	309.0
199260	2022-03-11 11:11:00	2022-03-11 11:22:00	2022-03-11 11:34:00	C2.2		POINT(58 -28)	-28	58	726.0	-398.0
199270	2022-03-11 12:56:00	2022-03-11 13:08:00	2022-03-11 13:17:00	C1.6		POINT(-45 23)	23	-45	-637.0	460.0
199280	2022-03-11 13:30:00	2022-03-11 13:34:00	2022-03-11 13:38:00	C2.1		POINT(-45 23)	23	-45	-635.0	465.0
199290	2022-03-11 14:39:00	2022-03-11 14:52:00	2022-03-11 15:08:00	C1.6		POINT(-48 24)	24	-48	-663.0	464.0
199300	2022-03-11 15:28:00	2022-03-11 15:38:00	2022-03-11 15:48:00	C1.4		POINT(60 -28)	-28	60	742.0	-402.0
199310	2022-03-11 22:13:00	2022-03-11 22:32:00	2022-03-11 22:38:00	M2.2		POINT(63 -28)	-28	63	767.0	-396.0
199320	2022-03-12 00:16:00	2022-03-12 00:23:00	2022-03-12 00:34:00	C1.0		POINT(-41 23)	23	-41	-591.0	465.0
199330	2022-03-12 05:18:00	2022-03-12 05:28:00	2022-03-12 05:35:00	C2.0		POINT(-38 23)	23	-38	-552.0	468.0
199340	2022-03-12 15:09:00	2022-03-12 15:20:00	2022-03-12 15:36:00	C1.2		POINT(30 29)	29	30	431.0	560.0
199350	2022-03-13 00:02:00	2022-03-13 00:14:00	2022-03-13 00:27:00	C1.4		POINT(-60 -21)	-21	-60	-785.0	-291.0
199360	2022-03-13 03:12:00	2022-03-13 03:23:00	2022-03-13 03:31:00	C4.9		POINT(36 30)	30	36	512.0	554.0
199370	2022-03-13 05:59:00	2022-03-13 06:15:00	2022-03-13 06:31:00	C1.4		POINT(87 -23)	-23	87	903.0	-390.0
199380	2022-03-13 11:47:00	2022-03-13 11:55:00	2022-03-13 12:00:00	B9.0		POINT(-20 23)	23	-20	-307.0	484.0
199390	2022-03-13 19:35:00	2022-03-13 19:58:00	2022-03-13 20:03:00	C1.3		POINT(86 -26)	-26	86	860.0	-440.0
199400	2022-03-13 22:25:00	2022-03-13 22:34:00	2022-03-13 22:41:00	B9.1		POINT(-14 23)	23	-14	-216.0	494.0
199410	2022-03-13 23:24:00	2022-03-13 23:41:00	2022-03-13 23:55:00	C3.9		POINT(87 -24)	-24	87	890.0	-402.0
199420	2022-03-14 01:22:00	2022-03-14 01:31:00	2022-03-14 01:37:00	C1.2		POINT(-12 27)	27	-12	-178.0	438.0
199430	2022-03-14 02:21:00	2022-03-14 02:35:00	2022-03-14 02:42:00	C2.1		POINT(-12 27)	27	-12	-178.0	438.0
199440	2022-03-14 04:38:00	2022-03-14 04:48:00	2022-03-14 04:57:00	C1.0		POINT(-4 23)	23	-4	-75.0	489.0
199450	2022-03-14 06:38:00	2022-03-14 06:44:00	2022-03-14 06:51:00	C1.0		POINT(-4 23)	23	-4	-68.0	491.0
199460	2022-03-14 08:29:00	2022-03-14 08:40:00	2022-03-14 08:45:00	M2.0		POINT(-3 23)	23	-3	-58.0	489.0
199470	2022-03-14 14:59:00	2022-03-14 15:08:00	2022-03-14 15:16:00	B7.9		POINT(1 23)	23	1	18.0	492.0
199480	2022-03-14 16:31:00	2022-03-14 16:38:00	2022-03-14 16:44:00	C1.0		POINT(2 23)	23	2	35.0	489.0
199490	2022-03-14 17:13:00	2022-03-14 17:32:00	2022-03-14 17:43:00	B8.5		POINT(86 -30)	-30	86	837.0	-501.0
199500	2022-03-14 21:38:00	2022-03-14 21:51:00	2022-03-14 22:07:00	C5.3	12965.0	POINT(5 24)	24	5	76.0	392.0
199510	2022-03-15 05:57:00	2022-03-15 06:04:00	2022-03-15 06:17:00	C3.7		POINT(6 23)	23	6	115.0	497.0
199520	2022-03-15 08:05:00	2022-03-15 08:17:00	2022-03-15 08:24:00	C3.3	12965.0	POINT(9 24)	24	9	156.0	486.0
199530	2022-03-15 11:21:00	2022-03-15 11:34:00	2022-03-15 11:47:00	C1.6		POINT(5 27)	27	5	74.0	438.0
199540	2022-03-15 12:33:00	2022-03-15 12:39:00	2022-03-15 12:44:00	M1.4		POINT(10 24)	24	10	167.0	490.0
199550	2022-03-15 15:26:00	2022-03-15 15:32:00	2022-03-15 15:38:00	C1.0		POINT(15 24)	24	15	227.0	482.0
199560	2022-03-15 20:00:00	2022-03-15 20:06:00	2022-03-15 20:11:00	B4.5		POINT(11 24)	24	11	176.0	500.0
199570	2022-03-15 22:39:00	2022-03-15 22:46:00	2022-03-15 22:52:00	M1.5		POINT(17 24)	24	17	266.0	484.0
199580	2022-03-15 23:20:00	2022-03-15 23:25:00	2022-03-15 23:29:00	C6.6		POINT(19 24)	24	19	285.0	482.0
199590	2022-03-16 03:42:00	2022-03-16 03:48:00	2022-03-16 03:58:00	B4.7		POINT(23 24)	24	23	344.0	392.0
199600	2022-03-16 06:00:00	2022-03-16 06:06:00	2022-03-16 06:12:00	B4.6		POINT(17 23)	23	17	263.0	495.0
199610	2022-03-16 22:20:00	2022-03-16 22:25:00	2022-03-16 22:37:00	B4.5		POINT(24 28)	28	24	348.0	551.0
199620	2022-03-17 01:36:00	2022-03-17 01:54:00	2022-03-17 02:02:00	C1.2		POINT(25 27)	27	25	375.0	536.0
199630	2022-03-17 03:11:00	2022-03-17 03:17:00	2022-03-17 03:25:00	B5.9		POINT(26 27)	27	26	390.0	531.0
199640	2022-03-17 16:52:00	2022-03-17 16:56:00	2022-03-17 17:00:00	B9.0		POINT(36 23)	23	36	522.0	471.0
199650	2022-03-17 19:06:00	2022-03-17 19:18:00	2022-03-17 19:35:00	C1.0		POINT(38 27)	27	38	533.0	525.0
199660	2022-03-18 16:22:00	2022-03-18 16:28:00	2022-03-18 16:32:00	B2.9		POINT(44 28)	28	44	593.0	536.0
199670	2022-03-18 19:56:00	2022-03-18 20:03:00	2022-03-18 20:10:00	B3.3		POINT(50 29)	29	50	646.0	534.0
199680	2022-03-18 23:33:00	2022-03-18 23:48:00	2022-03-19 00:08:00	B7.1		POINT(51 29)	29	51	654.0	534.0
199690	2022-03-19 03:49:00	2022-03-19 04:13:00	2022-03-19 07:38:00	C1.2		POINT(54 29)	29	54	682.0	529.0
199700	2022-03-19 04:49:00	2022-03-19 04:57:00	2022-03-19 05:03:00	B5.3	12965.0	POINT(56 27)	27	56	663.0	531.0
199710	2022-03-19 07:38:00	2022-03-19 07:45:00	2022-03-19 07:52:00	B3.7		POINT(54 29)	29	54	684.0	530.0
199720	2022-03-19 11:44:00	2022-03-19 11:55:00	2022-03-19 12:06:00	B5.6		POINT(57 27)	27	57	725.0	492.0
199730	2022-03-19 13:14:00	2022-03-19 13:23:00	2022-03-19 13:32:00	B8.2		POINT(41 -23)	-23	41	591.0	-294.0
199740	2022-03-19 14:23:00	2022-03-19 14:30:00	2022-03-19 14:34:00	B4.8		POINT(57 29)	29	57	710.0	525.0
199750	2022-03-19 20:59:00	2022-03-19 21:11:00	2022-03-19 21:20:00	C2.1		POINT(67 24)	24	67	813.0	431.0
199760	2022-03-19 22:10:00	2022-03-19 22:19:00	2022-03-19 22:43:00	B3.1		POINT(65 30)	30	65	754.0	529.0
199770	2022-03-19 23:31:00	2022-03-19 23:45:00	2022-03-20 00:00:00	B7.3		POINT(-87 -20)	-20	-87	-912.0	-346.0
199780	2022-03-20 04:06:00	2022-03-20 04:14:00	2022-03-20 04:25:00	B7.5		POINT(69 24)	24	69	824.0	432.0
199790	2022-03-20 06:01:00	2022-03-20 06:13:00	2022-03-20 06:23:00	B5.2		POINT(-87 -20)	-20	-87	-917.0	-338.0
199800	2022-03-20 07:30:00	2022-03-20 07:45:00	2022-03-20 07:53:00	C4.6	12971.0	POINT(-14 16)	16	-14	-204.0	397.0
199810	2022-03-20 13:00:00	2022-03-20 13:13:00	2022-03-20 13:31:00	B4.7		POINT(-88 -17)	-17	-88	-957.0	-307.0
199820	2022-03-20 13:31:00	2022-03-20 13:36:00	2022-03-20 13:46:00	B4.3		POINT(-87 -19)	-19	-87	-960.0	-338.0
199830	2022-03-20 13:46:00	2022-03-20 13:52:00	2022-03-20 13:56:00	B4.6		POINT(-87 -19)	-19	-87	-920.0	-329.0
199840	2022-03-20 17:19:00	2022-03-20 17:29:00	2022-03-20 17:38:00	B5.9		POINT(-6 17)	17	-6	-110.0	404.0
199850	2022-03-20 18:04:00	2022-03-20 18:11:00	2022-03-20 18:17:00	C1.2		POINT(-88 -16)	-16	-88	-932.0	-286.0
199860	2022-03-20 20:34:00	2022-03-20 20:47:00	2022-03-20 21:02:00	B5.5		POINT(-88 -17)	-17	-88	-941.0	-305.0
199870	2022-03-21 00:42:00	2022-03-21 00:54:00	2022-03-21 01:06:00	B4.5		POINT(-2 17)	17	-2	-44.0	408.0
199880	2022-03-21 07:06:00	2022-03-21 07:12:00	2022-03-21 07:16:00	B4.6		POINT(-87 -20)	-20	-87	-913.0	-335.0
199890	2022-03-21 19:06:00	2022-03-21 19:19:00	2022-03-21 19:27:00	B7.8		POINT(-88 -17)	-17	-88	-915.0	-296.0
199900	2022-03-22 01:26:00	2022-03-22 01:32:00	2022-03-22 01:36:00	C1.1		POINT(4 -28)	-28	4	62.0	-351.0
199910	2022-03-22 02:28:00	2022-03-22 02:33:00	2022-03-22 02:39:00	B4.6		POINT(63 -24)	-24	63	788.0	-351.0
199920	2022-03-22 02:46:00	2022-03-22 02:53:00	2022-03-22 02:58:00	B5.7		POINT(-78 -17)	-17	-78	-900.0	-260.0
199930	2022-03-22 03:29:00	2022-03-22 03:33:00	2022-03-22 03:40:00	B6.0		POINT(-80 -17)	-17	-80	-903.0	-272.0
199940	2022-03-22 04:07:00	2022-03-22 04:27:00	2022-03-22 04:43:00	C1.0		POINT(-88 13)	13	-88	-950.0	224.0
199950	2022-03-22 09:22:00	2022-03-22 09:32:00	2022-03-22 09:41:00	B9.0		POINT(-75 -17)	-17	-75	-891.0	-252.0
199960	2022-03-22 10:37:00	2022-03-22 10:55:00	2022-03-22 10:57:00	B8.0		POINT(-76 -17)	-17	-76	-892.0	-264.0
199970	2022-03-22 10:57:00	2022-03-22 11:07:00	2022-03-22 11:18:00	C1.2		POINT(-76 -18)	-18	-76	-888.0	-272.0
199980	2022-03-22 12:15:00	2022-03-22 12:42:00	2022-03-22 13:00:00	C7.0		POINT(-88 13)	13	-88	-951.0	224.0
199990	2022-03-22 16:48:00	2022-03-22 16:59:00	2022-03-22 17:07:00	B9.1		POINT(-73 -21)	-21	-73	-862.0	-314.0
200000	2022-03-22 19:03:00	2022-03-22 19:21:00	2022-03-22 19:32:00	C1.4		POINT(-71 -18)	-18	-71	-866.0	-260.0
200010	2022-03-22 20:14:00	2022-03-22 20:27:00	2022-03-22 20:44:00	C4.8		POINT(-68 -17)	-17	-68	-854.0	-251.0
200020	2022-03-23 05:53:00	2022-03-23 05:58:00	2022-03-23 06:04:00	C1.3		POINT(-65 -20)	-20	-65	-821.0	-292.0
200030	2022-03-23 08:42:00	2022-03-23 08:57:00	2022-03-23 09:16:00	C2.3		POINT(-88 13)	13	-88	-949.0	228.0
200040	2022-03-23 10:46:00	2022-03-23 10:55:00	2022-03-23 11:04:00	C1.8		POINT(-87 14)	14	-87	-938.0	252.0
200050	2022-03-23 11:56:00	2022-03-23 12:08:00	2022-03-23 12:27:00	C2.5		POINT(-58 -18)	-18	-58	-797.0	-239.0
200060	2022-03-23 13:46:00	2022-03-23 13:57:00	2022-03-23 14:16:00	C3.0	12974.0	POINT(-54 -20)	-20	-54	-783.0	-233.0
200070	2022-03-23 23:12:00	2022-03-23 23:22:00	2022-03-23 23:29:00	C4.3		POINT(-62 13)	13	-62	-833.0	272.0
200080	2022-03-24 00:28:00	2022-03-24 00:50:00	2022-03-24 01:20:00	C2.8		POINT(-60 13)	13	-60	-819.0	278.0
200090	2022-03-24 01:42:00	2022-03-24 01:45:00	2022-03-24 01:50:00	C8.1		POINT(-60 13)	13	-60	-814.0	276.0
200100	2022-03-24 04:28:00	2022-03-24 04:34:00	2022-03-24 04:40:00	C1.1		POINT(-10 20)	20	-10	-164.0	441.0
200110	2022-03-24 08:03:00	2022-03-24 08:21:00	2022-03-24 08:44:00	C2.2		POINT(-87 17)	17	-87	-923.0	299.0
200120	2022-03-24 14:33:00	2022-03-24 14:41:00	2022-03-24 14:48:00	C2.1		POINT(-60 14)	14	-60	-808.0	232.0
200130	2022-03-24 18:57:00	2022-03-24 19:16:00	2022-03-24 19:41:00	C1.0		POINT(-60 13)	13	-60	-813.0	283.0
200140	2022-03-24 21:03:00	2022-03-24 21:15:00	2022-03-24 21:22:00	C1.9		POINT(-43 -19)	-19	-43	-615.0	-242.0
200150	2022-03-25 02:27:00	2022-03-25 02:45:00	2022-03-25 02:59:00	C2.6		POINT(-58 12)	12	-58	-806.0	260.0
200160	2022-03-25 04:37:00	2022-03-25 04:42:00	2022-03-25 04:46:00	B9.0		POINT(-59 12)	12	-59	-815.0	258.0
200170	2022-03-25 05:02:00	2022-03-25 05:26:00	2022-03-25 05:50:00	M1.4		POINT(-36 -21)	-21	-36	-561.0	-217.0
200180	2022-03-25 10:25:00	2022-03-25 10:41:00	2022-03-25 11:04:00	B8.3		POINT(-64 -17)	-17	-64	-830.0	-243.0
200190	2022-03-25 14:14:00	2022-03-25 14:19:00	2022-03-25 14:23:00	B5.8		POINT(-52 12)	12	-52	-743.0	273.0
200200	2022-03-25 15:45:00	2022-03-25 15:53:00	2022-03-25 15:58:00	B5.5		POINT(-32 -19)	-19	-32	-486.0	-225.0
200210	2022-03-25 18:58:00	2022-03-25 19:06:00	2022-03-25 19:10:00	B8.0		POINT(-49 12)	12	-49	-719.0	272.0
200220	2022-03-26 15:18:00	2022-03-26 15:38:00	2022-03-26 15:58:00	C2.3		POINT(-87 -22)	-22	-87	-900.0	-383.0
200230	2022-03-26 19:09:00	2022-03-26 19:21:00	2022-03-26 19:30:00	B9.7		POINT(-16 14)	14	-16	-267.0	342.0
200240	2022-03-27 03:25:00	2022-03-27 03:31:00	2022-03-27 03:48:00	B7.1		POINT(-87 -19)	-19	-87	-921.0	-321.0
200250	2022-03-27 03:48:00	2022-03-27 04:02:00	2022-03-27 04:14:00	B8.2		POINT(-87 -19)	-19	-87	-925.0	-323.0
200260	2022-03-27 10:40:00	2022-03-27 11:09:00	2022-03-27 11:14:00	C2.4		POINT(-87 -23)	-23	-87	-888.0	-394.0
200270	2022-03-27 15:09:00	2022-03-27 15:18:00	2022-03-27 15:25:00	C1.2		POINT(-87 -23)	-23	-87	-884.0	-386.0
200280	2022-03-27 16:11:00	2022-03-27 16:18:00	2022-03-27 16:27:00	C1.2		POINT(-87 -20)	-20	-87	-906.0	-347.0
200290	2022-03-28 00:38:00	2022-03-28 00:43:00	2022-03-28 00:55:00	C1.9		POINT(-87 -21)	-21	-87	-900.0	-348.0
200300	2022-03-28 00:55:00	2022-03-28 01:07:00	2022-03-28 01:15:00	C2.1		POINT(-87 -19)	-19	-87	-912.0	-332.0
200310	2022-03-28 03:17:00	2022-03-28 03:23:00	2022-03-28 03:27:00	C1.2		POINT(0 14)	14	0	0.0	347.0
200320	2022-03-28 06:32:00	2022-03-28 06:42:00	2022-03-28 06:57:00	C1.1		POINT(0 15)	15	0	3.0	365.0
200330	2022-03-28 08:31:00	2022-03-28 08:41:00	2022-03-28 08:50:00	C1.5		POINT(-79 -18)	-18	-79	-896.0	-283.0
200340	2022-03-28 09:48:00	2022-03-28 09:57:00	2022-03-28 10:03:00	C2.1		POINT(3 13)	13	3	60.0	333.0
200350	2022-03-28 10:58:00	2022-03-28 11:29:00	2022-03-28 11:45:00	M4.0		POINT(4 14)	14	4	65.0	342.0
200360	2022-03-28 16:16:00	2022-03-28 16:43:00	2022-03-28 16:59:00	C5.1		POINT(-79 -20)	-20	-79	-885.0	-312.0
200370	2022-03-28 17:03:00	2022-03-28 17:13:00	2022-03-28 17:32:00	C9.8		POINT(7 13)	13	7	129.0	329.0
200380	2022-03-28 18:48:00	2022-03-28 19:00:00	2022-03-28 19:08:00	C6.3		POINT(8 13)	13	8	130.0	216.0
200390	2022-03-28 20:49:00	2022-03-28 20:59:00	2022-03-28 21:09:00	M1.1		POINT(11 14)	14	11	172.0	335.0
200400	2022-03-28 21:36:00	2022-03-28 21:36:00	2022-03-28 21:37:00	C5.5	12975.0	POINT(11 12)	12	11	168.0	338.0
200410	2022-03-29 00:08:00	2022-03-29 00:21:00	2022-03-29 00:37:00	C5.8		POINT(10 13)	13	10	171.0	339.0
200420	2022-03-29 00:57:00	2022-03-29 01:11:00	2022-03-29 01:26:00	M2.2		POINT(12 12)	12	12	204.0	317.0
200430	2022-03-29 01:48:00	2022-03-29 01:58:00	2022-03-29 02:03:00	M1.1		POINT(13 -19)	-19	13	204.0	-312.0
200440	2022-03-29 03:26:00	2022-03-29 03:39:00	2022-03-29 03:44:00	C5.5		POINT(12 14)	14	12	193.0	232.0
200450	2022-03-29 03:45:00	2022-03-29 03:49:00	2022-03-29 03:53:00	C5.2		POINT(12 14)	14	12	193.0	232.0
200460	2022-03-29 03:56:00	2022-03-29 03:59:00	2022-03-29 04:05:00	C8.6		POINT(12 13)	13	12	194.0	216.0
200470	2022-03-29 07:37:00	2022-03-29 09:53:00	2022-03-29 08:16:00	C3.3		POINT(10 16)	16	10	160.0	264.0
200480	2022-03-29 08:03:00	2022-03-29 08:10:00	2022-03-29 08:17:00	C3.4		POINT(18 13)	13	18	245.0	337.0
200490	2022-03-29 08:41:00	2022-03-29 09:01:00	2022-03-29 09:17:00	C3.1		POINT(18 14)	14	18	294.0	342.0
200500	2022-03-29 09:17:00	2022-03-29 09:38:00	2022-03-29 09:55:00	M1.0		POINT(19 13)	13	19	309.0	318.0
200510	2022-03-29 12:25:00	2022-03-29 12:33:00	2022-03-29 12:40:00	C2.2		POINT(-65 -23)	-23	-65	-801.0	-340.0
200520	2022-03-29 14:06:00	2022-03-29 14:28:00	2022-03-29 15:23:00	C4.3	12975.0	POINT(21 14)	14	21	59.0	370.0
200530	2022-03-29 15:03:00	2022-03-29 15:18:00	2022-03-29 15:30:00	C3.9	12978.0	POINT(-65 -24)	-24	-65	-795.0	-390.0
200540	2022-03-29 15:51:00	2022-03-29 15:57:00	2022-03-29 16:07:00	C2.3		POINT(-63 -23)	-23	-63	-788.0	-375.0
200550	2022-03-29 17:05:00	2022-03-29 17:12:00	2022-03-29 17:19:00	C2.1		POINT(21 15)	15	21	332.0	248.0
200560	2022-03-29 17:33:00	2022-03-29 17:45:00	2022-03-29 17:50:00	C4.7		POINT(22 15)	15	22	347.0	248.0
200570	2022-03-29 19:24:00	2022-03-29 19:46:00	2022-03-29 20:08:00	C3.3		POINT(-64 -24)	-24	-64	-789.0	-390.0
200580	2022-03-29 20:26:00	2022-03-29 20:32:00	2022-03-29 20:37:00	C3.5		POINT(24 15)	15	24	377.0	248.0
200590	2022-03-29 21:43:00	2022-03-29 21:52:00	2022-03-29 21:57:00	M1.6		POINT(24 15)	15	24	392.0	351.0
200600	2022-03-29 22:11:00	2022-03-29 22:19:00	2022-03-29 22:22:00	C1.8		POINT(23 14)	14	23	374.0	337.0
200610	2022-03-29 22:45:00	2022-03-29 22:58:00	2022-03-29 23:06:00	C6.7		POINT(-57 -23)	-23	-57	-749.0	-324.0
200620	2022-03-30 01:04:00	2022-03-30 01:12:00	2022-03-30 01:22:00	C1.8		POINT(0 16)	16	0	7.0	374.0
200630	2022-03-30 02:15:00	2022-03-30 02:24:00	2022-03-30 02:33:00	C3.0		POINT(12 12)	12	12	195.0	199.0
200640	2022-03-30 04:23:00	2022-03-30 04:31:00	2022-03-30 04:36:00	C2.2		POINT(27 13)	13	27	431.0	323.0
200650	2022-03-30 04:57:00	2022-03-30 05:01:00	2022-03-30 05:06:00	C2.0		POINT(27 14)	14	27	428.0	341.0
200660	2022-03-30 05:35:00	2022-03-30 05:46:00	2022-03-30 05:53:00	C2.6		POINT(28 13)	13	28	441.0	317.0
200670	2022-03-30 06:38:00	2022-03-30 06:46:00	2022-03-30 06:50:00	C2.3		POINT(-58 -26)	-26	-58	-729.0	-377.0
200680	2022-03-30 08:34:00	2022-03-30 08:42:00	2022-03-30 08:46:00	C1.2		POINT(13 15)	15	13	219.0	363.0
200690	2022-03-30 10:10:00	2022-03-30 10:17:00	2022-03-30 10:23:00	C1.1		POINT(31 15)	15	31	486.0	353.0
200700	2022-03-30 12:21:00	2022-03-30 12:35:00	2022-03-30 12:58:00	C4.5		POINT(34 13)	13	34	533.0	306.0
200710	2022-03-30 13:50:00	2022-03-30 13:59:00	2022-03-30 14:03:00	C2.6		POINT(30 13)	13	30	480.0	309.0
200720	2022-03-30 14:35:00	2022-03-30 14:46:00	2022-03-30 14:54:00	C2.0		POINT(-52 -24)	-24	-52	-693.0	-333.0
200730	2022-03-30 17:21:00	2022-03-30 17:37:00	2022-03-30 17:46:00	X1.3		POINT(31 13)	13	31	491.0	319.0
200740	2022-03-31 02:45:00	2022-03-31 02:54:00	2022-03-31 03:08:00	C1.9		POINT(42 12)	12	42	629.0	290.0
200750	2022-03-31 05:39:00	2022-03-31 05:42:00	2022-03-31 05:48:00	C3.2		POINT(36 13)	13	36	561.0	314.0
200760	2022-03-31 07:56:00	2022-03-31 08:00:00	2022-03-31 08:05:00	C3.9		POINT(87 -23)	-23	87	887.0	-390.0
200770	2022-03-31 09:13:00	2022-03-31 09:17:00	2022-03-31 09:21:00	C2.0		POINT(87 -23)	-23	87	891.0	-382.0
200780	2022-03-31 12:01:00	2022-03-31 12:11:00	2022-03-31 12:23:00	C5.4		POINT(87 -24)	-24	87	881.0	-396.0
200790	2022-03-31 13:08:00	2022-03-31 13:16:00	2022-03-31 13:41:00	C2.4		POINT(-43 -28)	-28	-43	-586.0	-386.0
200800	2022-03-31 14:10:00	2022-03-31 14:12:00	2022-03-31 14:22:00	C3.8		POINT(-39 -23)	-23	-39	-556.0	-375.0
200810	2022-03-31 16:40:00	2022-03-31 16:47:00	2022-03-31 16:52:00	C2.0		POINT(45 13)	13	45	661.0	216.0
200820	2022-03-31 17:27:00	2022-03-31 17:34:00	2022-03-31 17:39:00	C2.1		POINT(46 13)	13	46	681.0	290.0
200830	2022-03-31 18:17:00	2022-03-31 18:35:00	2022-03-31 18:45:00	M9.6		POINT(47 13)	13	47	690.0	282.0
200840	2022-03-31 19:29:00	2022-03-31 19:33:00	2022-03-31 19:49:00	C5.4		POINT(-36 -26)	-26	-36	-531.0	-315.0
200850	2022-03-31 20:51:00	2022-03-31 20:57:00	2022-03-31 21:01:00	C2.6		POINT(-23 -15)	-15	-23	-363.0	-160.0
200860	2022-03-31 23:43:00	2022-03-31 23:53:00	2022-03-31 23:59:00	C4.4		POINT(54 12)	12	54	765.0	270.0
200870	2022-04-01 02:27:00	2022-04-01 02:34:00	2022-04-01 02:40:00	C5.7		POINT(-32 -24)	-24	-32	-474.0	-314.0
200880	2022-04-01 02:55:00	2022-04-01 03:04:00	2022-04-01 03:10:00	C3.0		POINT(-32 -24)	-24	-32	-472.0	-311.0
200890	2022-04-01 04:00:00	2022-04-01 04:02:00	2022-04-01 04:12:00	C2.2		POINT(-31 -26)	-26	-31	-456.0	-338.0
200900	2022-04-01 05:09:00	2022-04-01 05:17:00	2022-04-01 05:24:00	C2.5		POINT(-30 -26)	-26	-30	-431.0	-345.0
200910	2022-04-01 06:15:00	2022-04-01 06:22:00	2022-04-01 06:38:00	C4.3		POINT(-27 -18)	-18	-27	-420.0	-215.0
200920	2022-04-01 06:38:00	2022-04-01 06:47:00	2022-04-01 06:55:00	C3.8		POINT(-27 -19)	-19	-27	-413.0	-226.0
200930	2022-04-01 07:14:00	2022-04-01 07:22:00	2022-04-01 07:31:00	C4.4		POINT(-28 -26)	-26	-28	-416.0	-343.0
200940	2022-04-01 08:27:00	2022-04-01 08:35:00	2022-04-01 08:51:00	C1.9		POINT(-26 -18)	-18	-26	-402.0	-210.0
200950	2022-04-01 11:32:00	2022-04-01 11:38:00	2022-04-01 11:46:00	C2.5		POINT(54 11)	11	54	767.0	258.0
200960	2022-04-01 12:22:00	2022-04-01 12:29:00	2022-04-01 12:35:00	C2.1		POINT(-26 -19)	-19	-26	-398.0	-232.0
200970	2022-04-01 12:51:00	2022-04-01 12:54:00	2022-04-01 13:01:00	C1.9		POINT(-26 -26)	-26	-26	-384.0	-332.0
200980	2022-04-01 13:23:00	2022-04-01 13:32:00	2022-04-01 13:38:00	C2.3		POINT(-25 -19)	-19	-25	-383.0	-312.0
200990	2022-04-01 13:38:00	2022-04-01 13:42:00	2022-04-01 13:47:00	C2.8		POINT(-13 -17)	-17	-13	-221.0	-193.0
201000	2022-04-01 14:21:00	2022-04-01 14:29:00	2022-04-01 14:42:00	C2.2		POINT(-22 -18)	-18	-22	-357.0	-207.0
201010	2022-04-01 16:10:00	2022-04-01 16:16:00	2022-04-01 16:27:00	C1.8		POINT(-23 -19)	-19	-23	-366.0	-227.0
201020	2022-04-01 16:38:00	2022-04-01 16:44:00	2022-04-01 16:49:00	C1.9		POINT(-24 -24)	-24	-24	-363.0	-299.0
201030	2022-04-01 18:38:00	2022-04-01 18:45:00	2022-04-01 18:54:00	C2.2		POINT(64 14)	14	64	842.0	283.0
201040	2022-04-01 19:47:00	2022-04-01 20:00:00	2022-04-01 20:05:00	C1.6		POINT(-20 -17)	-17	-20	-293.0	-205.0
201050	2022-04-01 20:05:00	2022-04-01 20:08:00	2022-04-01 20:12:00	C1.9		POINT(-21 -25)	-25	-21	-324.0	-324.0
201060	2022-04-01 22:09:00	2022-04-01 22:16:00	2022-04-01 22:29:00	C1.6		POINT(66 14)	14	66	855.0	273.0
201070	2022-04-01 22:36:00	2022-04-01 22:44:00	2022-04-01 22:48:00	C4.9		POINT(-22 -26)	-26	-22	-309.0	-324.0
201080	2022-04-02 00:56:00	2022-04-02 01:06:00	2022-04-02 01:16:00	C3.2		POINT(66 13)	13	66	855.0	269.0
201090	2022-04-02 02:39:00	2022-04-02 02:56:00	2022-04-02 03:07:00	M2.9		POINT(68 13)	13	68	873.0	253.0
201100	2022-04-02 04:19:00	2022-04-02 04:24:00	2022-04-02 04:28:00	C2.1		POINT(-18 -26)	-26	-18	-268.0	-327.0
201110	2022-04-02 04:56:00	2022-04-02 05:05:00	2022-04-02 05:12:00	C3.9		POINT(-17 -26)	-26	-17	-266.0	-326.0
201120	2022-04-02 05:58:00	2022-04-02 06:29:00	2022-04-02 06:50:00	C2.1		POINT(69 16)	16	69	866.0	302.0
201130	2022-04-02 06:50:00	2022-04-02 07:06:00	2022-04-02 07:15:00	C2.2		POINT(-16 -26)	-26	-16	-250.0	-326.0
201140	2022-04-02 07:15:00	2022-04-02 07:27:00	2022-04-02 07:30:00	C2.3		POINT(-16 -26)	-26	-16	-251.0	-326.0
201150	2022-04-02 07:30:00	2022-04-02 07:36:00	2022-04-02 07:39:00	C2.5		POINT(59 13)	13	59	801.0	215.0
201160	2022-04-02 07:39:00	2022-04-02 07:43:00	2022-04-02 07:50:00	C6.4		POINT(-17 -26)	-26	-17	-248.0	-327.0
201170	2022-04-02 08:17:00	2022-04-02 08:25:00	2022-04-02 08:30:00	C6.5		POINT(67 13)	13	67	862.0	241.0
201180	2022-04-02 08:36:00	2022-04-02 08:39:00	2022-04-02 08:46:00	C3.4		POINT(71 14)	14	71	884.0	264.0
201190	2022-04-02 10:40:00	2022-04-02 10:46:00	2022-04-02 10:50:00	C2.6		POINT(-3 -18)	-18	-3	-53.0	-207.0
201200	2022-04-02 12:56:00	2022-04-02 13:55:00	2022-04-02 14:44:00	M3.9		POINT(61 15)	15	61	811.0	248.0
201210	2022-04-02 17:34:00	2022-04-02 17:44:00	2022-04-02 17:51:00	M4.3		POINT(78 14)	14	78	912.0	249.0
201220	2022-04-02 20:15:00	2022-04-02 20:23:00	2022-04-02 20:36:00	C2.5		POINT(79 14)	14	79	913.0	260.0
201230	2022-04-03 03:58:00	2022-04-03 04:07:00	2022-04-03 04:11:00	C2.0		POINT(70 20)	20	70	847.0	328.0
201240	2022-04-03 07:40:00	2022-04-03 07:47:00	2022-04-03 07:52:00	C1.3		POINT(-1 -25)	-25	-1	-26.0	-314.0
201250	2022-04-03 07:52:00	2022-04-03 08:20:00	2022-04-03 10:05:00	C2.4		POINT(87 15)	15	87	953.0	264.0
201260	2022-04-03 10:05:00	2022-04-03 10:14:00	2022-04-03 10:18:00	C1.6		POINT(84 13)	13	84	916.0	215.0
201270	2022-04-03 12:45:00	2022-04-03 13:09:00	2022-04-03 13:26:00	C6.4		POINT(74 17)	17	74	882.0	280.0
201280	2022-04-03 16:47:00	2022-04-03 17:14:00	2022-04-03 17:40:00	C3.7		POINT(87 19)	19	87	900.0	329.0
201290	2022-04-04 03:18:00	2022-04-04 03:29:00	2022-04-04 03:42:00	C1.5		POINT(88 12)	12	88	945.0	203.0
201300	2022-04-04 09:21:00	2022-04-04 09:37:00	2022-04-04 09:59:00	C2.0		POINT(87 16)	16	87	921.0	264.0
201310	2022-04-04 09:59:00	2022-04-04 10:17:00	2022-04-04 10:37:00	C2.5		POINT(88 13)	13	88	955.0	226.0
201320	2022-04-04 10:37:00	2022-04-04 10:49:00	2022-04-04 10:56:00	C2.5		POINT(87 -22)	-22	87	899.0	-375.0
201330	2022-04-04 20:52:00	2022-04-04 21:13:00	2022-04-04 21:42:00	C2.7		POINT(-16 -26)	-26	-16	-246.0	-342.0
201340	2022-04-05 07:56:00	2022-04-05 07:58:00	2022-04-05 08:03:00	C1.2		POINT(25 -19)	-19	25	393.0	-227.0
201350	2022-04-05 22:31:00	2022-04-05 22:41:00	2022-04-05 22:48:00	C1.9		POINT(-47 -25)	-25	-47	-633.0	-327.0
201360	2022-04-06 04:15:00	2022-04-06 04:20:00	2022-04-06 04:25:00	C1.3		POINT(47 -19)	-19	47	668.0	-246.0
201370	2022-04-06 09:56:00	2022-04-06 10:23:00	2022-04-06 11:14:00	C3.1		POINT(88 14)	14	88	938.0	243.0
201380	2022-04-07 01:16:00	2022-04-07 01:31:00	2022-04-07 01:41:00	C1.2		POINT(-31 -23)	-23	-31	-476.0	-271.0
201390	2022-04-07 14:11:00	2022-04-07 14:19:00	2022-04-07 14:26:00	B5.5		POINT(64 -19)	-19	64	813.0	-281.0
201400	2022-04-08 11:10:00	2022-04-08 11:21:00	2022-04-08 11:28:00	C1.0		POINT(37 21)	21	37	550.0	419.0
201410	2022-04-08 14:39:00	2022-04-08 15:14:00	2022-04-08 15:41:00	C2.4	12981.0	POINT(76 -21)	-21	76	868.0	-343.0
201420	2022-04-08 17:19:00	2022-04-08 17:29:00	2022-04-08 17:40:00	C1.0		POINT(42 22)	22	42	603.0	431.0
201430	2022-04-08 19:06:00	2022-04-08 19:18:00	2022-04-08 19:29:00	B7.0		POINT(78 -23)	-23	78	857.0	-366.0
201440	2022-04-09 06:07:00	2022-04-09 06:17:00	2022-04-09 06:30:00	B6.5		POINT(51 22)	22	51	692.0	426.0
201450	2022-04-09 07:20:00	2022-04-09 07:33:00	2022-04-09 07:40:00	C1.0		POINT(87 -24)	-24	87	873.0	-384.0
201460	2022-04-09 11:16:00	2022-04-09 11:24:00	2022-04-09 11:33:00	C4.7		POINT(87 -21)	-21	87	893.0	-343.0
201470	2022-04-09 18:52:00	2022-04-09 19:00:00	2022-04-09 19:05:00	C1.1		POINT(88 -17)	-17	88	914.0	-296.0
201480	2022-04-10 01:11:00	2022-04-10 01:18:00	2022-04-10 01:24:00	B5.0		POINT(88 -17)	-17	88	927.0	-290.0
201490	2022-04-10 02:30:00	2022-04-10 02:41:00	2022-04-10 02:50:00	C4.9		POINT(87 -23)	-23	87	884.0	-394.0
201500	2022-04-10 17:24:00	2022-04-10 17:30:00	2022-04-10 17:36:00	B5.1		POINT(88 -18)	-18	88	918.0	-308.0
201510	2022-04-10 21:59:00	2022-04-10 22:13:00	2022-04-10 22:27:00	B5.8		POINT(88 -19)	-19	88	926.0	-330.0
201520	2022-04-11 04:59:00	2022-04-11 05:21:00	2022-04-11 05:58:00	C1.6		POINT(-11 -18)	-18	-11	-98.0	-150.0
201530	2022-04-11 22:22:00	2022-04-11 22:30:00	2022-04-11 22:47:00	B4.9		POINT(88 14)	14	88	938.0	237.0
201540	2022-04-12 03:26:00	2022-04-12 03:33:00	2022-04-12 03:37:00	B8.7		POINT(-87 19)	19	-87	-902.0	330.0
201550	2022-04-12 03:40:00	2022-04-12 03:47:00	2022-04-12 03:51:00	B5.3		POINT(88 13)	13	88	932.0	230.0
201560	2022-04-12 04:06:00	2022-04-12 04:09:00	2022-04-12 04:16:00	B4.7		POINT(88 14)	14	88	935.0	242.0
201570	2022-04-12 04:17:00	2022-04-12 04:23:00	2022-04-12 04:29:00	B6.0		POINT(88 13)	13	88	939.0	230.0
201580	2022-04-12 04:45:00	2022-04-12 04:56:00	2022-04-12 05:06:00	C1.1		POINT(88 13)	13	88	938.0	228.0
201590	2022-04-12 05:57:00	2022-04-12 06:04:00	2022-04-12 06:08:00	B6.9		POINT(88 13)	13	88	937.0	230.0
201600	2022-04-12 06:38:00	2022-04-12 06:49:00	2022-04-12 06:57:00	C3.8		POINT(88 13)	13	88	936.0	228.0
201610	2022-04-12 07:57:00	2022-04-12 08:08:00	2022-04-12 08:18:00	C1.0		POINT(88 13)	13	88	941.0	222.0
201620	2022-04-12 08:49:00	2022-04-12 08:55:00	2022-04-12 09:03:00	B6.7		POINT(88 13)	13	88	933.0	227.0
201630	2022-04-12 09:50:00	2022-04-12 10:01:00	2022-04-12 10:16:00	C1.2		POINT(88 13)	13	88	942.0	224.0
201640	2022-04-12 10:04:00	2022-04-12 10:08:00	2022-04-12 10:12:00	C1.2		POINT(88 12)	12	88	947.0	214.0
201650	2022-04-12 11:04:00	2022-04-12 11:14:00	2022-04-12 11:27:00	B7.4		POINT(39 -28)	-28	39	537.0	-395.0
201660	2022-04-12 11:55:00	2022-04-12 12:08:00	2022-04-12 12:22:00	B9.2		POINT(88 13)	13	88	942.0	222.0
201670	2022-04-12 14:23:00	2022-04-12 14:39:00	2022-04-12 14:51:00	B8.8		POINT(88 12)	12	88	945.0	213.0
201680	2022-04-12 14:51:00	2022-04-12 15:05:00	2022-04-12 15:12:00	C1.1		POINT(88 13)	13	88	936.0	219.0
201690	2022-04-12 15:57:00	2022-04-12 16:02:00	2022-04-12 16:06:00	B4.7		POINT(87 20)	20	87	902.0	347.0
201700	2022-04-12 17:21:00	2022-04-12 17:40:00	2022-04-12 17:53:00	C1.2		POINT(88 12)	12	88	945.0	219.0
201710	2022-04-12 17:53:00	2022-04-12 17:58:00	2022-04-12 18:02:00	C1.3		POINT(88 14)	14	88	930.0	235.0
201720	2022-04-12 20:25:00	2022-04-12 20:32:00	2022-04-12 20:36:00	B2.8		POINT(-78 19)	19	-78	-881.0	340.0
201730	2022-04-12 21:21:00	2022-04-12 21:32:00	2022-04-12 21:46:00	B4.3		POINT(88 12)	12	88	945.0	211.0
201740	2022-04-12 22:42:00	2022-04-12 22:51:00	2022-04-12 23:02:00	B3.9		POINT(88 12)	12	88	942.0	215.0
201750	2022-04-12 23:02:00	2022-04-12 23:19:00	2022-04-12 23:27:00	B4.1		POINT(88 11)	11	88	954.0	195.0
201760	2022-04-13 00:15:00	2022-04-13 00:35:00	2022-04-13 00:58:00	B9.8		POINT(88 11)	11	88	949.0	197.0
201770	2022-04-13 13:00:00	2022-04-13 13:09:00	2022-04-13 13:44:00	B2.8		POINT(-55 16)	16	-55	-755.0	326.0
201780	2022-04-14 10:23:00	2022-04-14 13:22:00	2022-04-14 15:19:00	C1.3		POINT(-88 13)	13	-88	-953.0	238.0
201790	2022-04-15 10:31:00	2022-04-15 11:01:00	2022-04-15 11:07:00	M1.2		POINT(-88 11)	11	-88	-950.0	197.0
201800	2022-04-15 13:47:00	2022-04-15 13:59:00	2022-04-15 14:11:00	M1.9		POINT(-88 14)	14	-88	-936.0	247.0
201810	2022-04-15 18:33:00	2022-04-15 18:47:00	2022-04-15 19:02:00	C4.4		POINT(-88 15)	15	-88	-942.0	259.0
201820	2022-04-15 22:34:00	2022-04-15 22:46:00	2022-04-15 23:05:00	C4.4		POINT(-88 14)	14	-88	-925.0	248.0
201830	2022-04-16 02:39:00	2022-04-16 02:50:00	2022-04-16 03:01:00	C5.1		POINT(-87 19)	19	-87	-912.0	320.0
201840	2022-04-16 06:02:00	2022-04-16 06:11:00	2022-04-16 06:23:00	C3.7		POINT(-87 19)	19	-87	-912.0	322.0
201850	2022-04-16 07:17:00	2022-04-16 07:24:00	2022-04-16 07:31:00	C2.9		POINT(-87 19)	19	-87	-911.0	320.0
201860	2022-04-16 07:37:00	2022-04-16 07:48:00	2022-04-16 07:56:00	C4.2		POINT(-87 21)	21	-87	-891.0	360.0
201870	2022-04-16 08:47:00	2022-04-16 09:00:00	2022-04-16 09:07:00	C6.9		POINT(-87 19)	19	-87	-909.0	324.0
201880	2022-04-16 10:39:00	2022-04-16 10:43:00	2022-04-16 10:47:00	C2.2		POINT(-87 19)	19	-87	-909.0	318.0
201890	2022-04-16 11:22:00	2022-04-16 11:33:00	2022-04-16 11:58:00	C3.3		POINT(-87 19)	19	-87	-912.0	331.0
201900	2022-04-16 13:50:00	2022-04-16 13:57:00	2022-04-16 14:09:00	C2.6		POINT(-87 20)	20	-87	-905.0	342.0
201910	2022-04-16 14:18:00	2022-04-16 14:25:00	2022-04-16 14:33:00	C2.1		POINT(-87 19)	19	-87	-906.0	323.0
201920	2022-04-16 14:49:00	2022-04-16 14:56:00	2022-04-16 15:09:00	M1.0		POINT(-87 19)	19	-87	-904.0	328.0
201930	2022-04-17 00:33:00	2022-04-17 00:37:00	2022-04-17 00:42:00	C2.9		POINT(-78 19)	19	-78	-885.0	327.0
201940	2022-04-17 01:26:00	2022-04-17 01:36:00	2022-04-17 01:41:00	C3.1		POINT(-87 20)	20	-87	-893.0	344.0
201950	2022-04-17 01:41:00	2022-04-17 01:57:00	2022-04-17 02:00:00	C4.9		POINT(-79 19)	19	-79	-884.0	340.0
201960	2022-04-17 02:00:00	2022-04-17 02:11:00	2022-04-17 02:23:00	M1.8		POINT(-83 20)	20	-83	-888.0	345.0
201970	2022-04-17 03:17:00	2022-04-17 03:34:00	2022-04-17 03:51:00	X1.1		POINT(-88 12)	12	-88	-936.0	209.0
201980	2022-04-17 09:33:00	2022-04-17 09:40:00	2022-04-17 09:50:00	C3.9		POINT(-88 14)	14	-88	-926.0	248.0
201990	2022-04-17 16:02:00	2022-04-17 16:08:00	2022-04-17 16:13:00	C7.7	12992.0	POINT(57 -35)	-35	57	656.0	-548.0
202000	2022-04-17 17:40:00	2022-04-17 17:44:00	2022-04-17 17:49:00	C1.6		POINT(69 -29)	-29	69	776.0	-446.0
202010	2022-04-17 17:50:00	2022-04-17 18:04:00	2022-04-17 18:10:00	C6.2		POINT(69 -30)	-30	69	771.0	-455.0
202020	2022-04-17 19:52:00	2022-04-17 20:02:00	2022-04-17 20:06:00	M1.5		POINT(70 -31)	-31	70	782.0	-448.0
202030	2022-04-17 20:52:00	2022-04-17 21:01:00	2022-04-17 21:08:00	C2.7		POINT(-69 13)	13	-69	-875.0	244.0
202040	2022-04-17 21:13:00	2022-04-17 21:19:00	2022-04-17 21:25:00	C3.2		POINT(71 -30)	-30	71	785.0	-454.0
202050	2022-04-17 22:28:00	2022-04-17 22:34:00	2022-04-17 22:40:00	M4.4		POINT(73 -31)	-31	73	789.0	-453.0
202060	2022-04-18 00:29:00	2022-04-18 00:36:00	2022-04-18 00:48:00	C5.9		POINT(-65 20)	20	-65	-818.0	363.0
202070	2022-04-18 00:50:00	2022-04-18 00:56:00	2022-04-18 01:00:00	C5.2		POINT(-65 19)	19	-65	-816.0	360.0
202080	2022-04-18 01:27:00	2022-04-18 01:38:00	2022-04-18 01:45:00	C2.8		POINT(-67 20)	20	-67	-829.0	368.0
202090	2022-04-18 02:29:00	2022-04-18 02:37:00	2022-04-18 02:52:00	C2.7		POINT(-73 16)	16	-73	-879.0	291.0
202100	2022-04-18 03:01:00	2022-04-18 03:19:00	2022-04-18 03:33:00	C8.5		POINT(76 -30)	-30	76	804.0	-458.0
202110	2022-04-18 03:58:00	2022-04-18 04:03:00	2022-04-18 04:07:00	C7.3		POINT(-72 16)	16	-72	-875.0	291.0
202120	2022-04-18 04:42:00	2022-04-18 04:49:00	2022-04-18 04:58:00	C2.9		POINT(80 -30)	-30	80	816.0	-464.0
202130	2022-04-18 07:37:00	2022-04-18 07:48:00	2022-04-18 07:54:00	M1.3		POINT(-67 19)	19	-67	-831.0	311.0
202140	2022-04-18 09:10:00	2022-04-18 09:14:00	2022-04-18 09:18:00	C2.5		POINT(-56 23)	23	-56	-734.0	425.0
202150	2022-04-18 10:04:00	2022-04-18 10:27:00	2022-04-18 10:49:00	M1.1		POINT(-64 21)	21	-64	-802.0	385.0
202160	2022-04-18 13:09:00	2022-04-18 13:25:00	2022-04-18 13:38:00	C2.0		POINT(-62 18)	18	-62	-801.0	342.0
202170	2022-04-18 14:10:00	2022-04-18 14:24:00	2022-04-18 14:45:00	C3.9	12993.0	POINT(-57 21)	21	-57	-770.0	382.0
202180	2022-04-18 17:12:00	2022-04-18 17:24:00	2022-04-18 17:31:00	M1.9		POINT(87 -31)	-31	87	825.0	-464.0
202190	2022-04-18 19:47:00	2022-04-18 19:55:00	2022-04-18 20:02:00	C3.0		POINT(-56 19)	19	-56	-749.0	363.0
202200	2022-04-18 20:05:00	2022-04-18 20:15:00	2022-04-18 20:30:00	C7.3		POINT(-52 23)	23	-52	-698.0	425.0
202210	2022-04-18 22:24:00	2022-04-18 22:32:00	2022-04-18 22:40:00	C3.1		POINT(89 -29)	-29	89	831.0	-467.0
202220	2022-04-19 00:32:00	2022-04-19 00:40:00	2022-04-19 00:45:00	C1.5		POINT(86 -34)	-34	86	788.0	-530.0
202230	2022-04-19 04:00:00	2022-04-19 04:17:00	2022-04-19 04:25:00	C3.5		POINT(-51 19)	19	-51	-704.0	377.0
202240	2022-04-19 04:43:00	2022-04-19 04:50:00	2022-04-19 04:59:00	M1.0		POINT(-47 22)	22	-47	-653.0	421.0
202250	2022-04-19 07:55:00	2022-04-19 08:04:00	2022-04-19 08:15:00	C2.6		POINT(86 -33)	-33	86	792.0	-533.0
202260	2022-04-19 09:49:00	2022-04-19 09:53:00	2022-04-19 09:57:00	C6.3		POINT(-40 22)	22	-40	-569.0	357.0
202270	2022-04-19 10:50:00	2022-04-19 11:03:00	2022-04-19 11:10:00	C3.1		POINT(87 -29)	-29	87	841.0	-471.0
202280	2022-04-19 13:55:00	2022-04-19 14:06:00	2022-04-19 14:15:00	C3.3		POINT(-49 13)	13	-49	-704.0	281.0
202290	2022-04-19 14:42:00	2022-04-19 14:46:00	2022-04-19 14:55:00	C2.2		POINT(87 -31)	-31	87	817.0	-492.0
202300	2022-04-19 18:12:00	2022-04-19 18:17:00	2022-04-19 18:21:00	C3.9		POINT(-46 13)	13	-46	-673.0	285.0
202310	2022-04-19 18:21:00	2022-04-19 18:40:00	2022-04-19 18:42:00	C4.4		POINT(-51 11)	11	-51	-736.0	237.0
202320	2022-04-19 18:42:00	2022-04-19 18:48:00	2022-04-19 18:52:00	C4.4		POINT(-52 11)	11	-52	-743.0	235.0
202330	2022-04-19 20:39:00	2022-04-19 20:49:00	2022-04-19 20:58:00	M3.7		POINT(87 -29)	-29	87	833.0	-476.0
202340	2022-04-19 21:09:00	2022-04-19 21:13:00	2022-04-19 21:18:00	M1.6		POINT(-47 14)	14	-47	-692.0	323.0
202350	2022-04-20 00:03:00	2022-04-20 00:12:00	2022-04-20 00:23:00	C3.0		POINT(-42 14)	14	-42	-625.0	295.0
202360	2022-04-20 00:46:00	2022-04-20 00:51:00	2022-04-20 01:03:00	C3.9		POINT(87 -29)	-29	87	842.0	-476.0
202370	2022-04-20 01:07:00	2022-04-20 01:14:00	2022-04-20 01:20:00	M1.2		POINT(86 -32)	-32	86	810.0	-520.0
202380	2022-04-20 01:20:00	2022-04-20 01:36:00	2022-04-20 01:44:00	M7.2		POINT(86 -33)	-33	86	798.0	-537.0
202390	2022-04-20 02:38:00	2022-04-20 02:44:00	2022-04-20 02:56:00	C3.8		POINT(87 -30)	-30	87	828.0	-493.0
202400	2022-04-20 03:41:00	2022-04-20 03:57:00	2022-04-20 04:04:00	X2.2		POINT(86 -34)	-34	86	795.0	-546.0
202410	2022-04-20 05:06:00	2022-04-20 05:10:00	2022-04-20 05:14:00	C2.6		POINT(86 -34)	-34	86	793.0	-546.0
202420	2022-04-20 05:35:00	2022-04-20 05:40:00	2022-04-20 05:44:00	C4.0		POINT(86 -34)	-34	86	789.0	-545.0
202430	2022-04-20 09:35:00	2022-04-20 09:55:00	2022-04-20 10:03:00	C4.2		POINT(87 -29)	-29	87	840.0	-486.0
202440	2022-04-20 10:03:00	2022-04-20 10:08:00	2022-04-20 10:18:00	C5.1		POINT(-30 23)	23	-30	-439.0	373.0
202450	2022-04-20 11:45:00	2022-04-20 11:52:00	2022-04-20 11:58:00	C3.0		POINT(-35 21)	21	-35	-511.0	342.0
202460	2022-04-20 12:24:00	2022-04-20 12:53:00	2022-04-20 13:02:00	M1.9		POINT(-38 21)	21	-38	-549.0	342.0
202470	2022-04-20 13:50:00	2022-04-20 13:54:00	2022-04-20 13:59:00	C3.1		POINT(-39 16)	16	-39	-587.0	332.0
202480	2022-04-20 17:39:00	2022-04-20 17:56:00	2022-04-20 18:13:00	C7.7		POINT(-30 19)	19	-30	-461.0	387.0
202490	2022-04-20 18:33:00	2022-04-20 18:35:00	2022-04-20 19:10:00	C8.9		POINT(-31 14)	14	-31	-496.0	312.0
202500	2022-04-20 22:27:00	2022-04-20 22:33:00	2022-04-20 22:40:00	C2.3		POINT(-19 22)	22	-19	-288.0	357.0
202510	2022-04-20 23:23:00	2022-04-20 23:34:00	2022-04-20 23:48:00	C5.6		POINT(-19 23)	23	-19	-286.0	373.0
202520	2022-04-21 01:47:00	2022-04-21 01:59:00	2022-04-21 02:05:00	M9.6		POINT(-23 22)	22	-23	-345.0	357.0
202530	2022-04-21 12:47:00	2022-04-21 12:55:00	2022-04-21 13:01:00	C5.4		POINT(-15 14)	14	-15	-317.0	318.0
202540	2022-04-21 17:18:00	2022-04-21 17:27:00	2022-04-21 17:34:00	C3.1		POINT(-12 24)	24	-12	-181.0	388.0
202550	2022-04-21 20:58:00	2022-04-21 21:04:00	2022-04-21 21:08:00	C7.0		POINT(-21 16)	16	-21	-341.0	342.0
202560	2022-04-21 22:39:00	2022-04-21 22:45:00	2022-04-21 22:51:00	C1.6		POINT(-25 12)	12	-25	-402.0	285.0
202570	2022-04-22 03:16:00	2022-04-22 04:01:00	2022-04-22 04:24:00	C7.6		POINT(-11 19)	19	-11	-180.0	394.0
202580	2022-04-22 04:52:00	2022-04-22 05:14:00	2022-04-22 05:28:00	M1.1		POINT(-10 19)	19	-10	-164.0	396.0
202590	2022-04-22 08:18:00	2022-04-22 08:23:00	2022-04-22 08:27:00	C1.1		POINT(-3 22)	22	-3	-46.0	357.0
202600	2022-04-22 11:32:00	2022-04-22 11:40:00	2022-04-22 11:47:00	C1.1	12996.0	POINT(-51 25)	25	-51	-677.0	450.0
202610	2022-04-22 12:12:00	2022-04-22 12:29:00	2022-04-22 12:40:00	C3.5		POINT(-88 -22)	-22	-88	-893.0	-379.0
202620	2022-04-22 13:16:00	2022-04-22 13:25:00	2022-04-22 13:30:00	M3.4	12993.0	POINT(1 22)	22	1	15.0	357.0
202630	2022-04-22 13:39:00	2022-04-22 13:45:00	2022-04-22 13:50:00	C3.6		POINT(0 22)	22	0	0.0	357.0
202640	2022-04-22 15:02:00	2022-04-22 15:08:00	2022-04-22 15:17:00	C2.0		POINT(1 22)	22	1	15.0	357.0
202650	2022-04-22 21:58:00	2022-04-22 22:07:00	2022-04-22 22:13:00	C2.4		POINT(4 22)	22	4	61.0	357.0
202660	2022-04-23 02:32:00	2022-04-23 02:40:00	2022-04-23 02:47:00	C1.1		POINT(6 22)	22	6	92.0	357.0
202670	2022-04-23 05:52:00	2022-04-23 06:04:00	2022-04-23 06:13:00	C1.9		POINT(2 22)	22	2	30.0	357.0
202680	2022-04-23 06:58:00	2022-04-23 07:07:00	2022-04-23 07:15:00	C1.5	12993.0	POINT(1 16)	16	1	34.0	339.0
202690	2022-04-23 16:05:00	2022-04-23 16:13:00	2022-04-23 16:19:00	C1.3		POINT(7 14)	14	7	125.0	315.0
202700	2022-04-23 19:18:00	2022-04-23 19:42:00	2022-04-23 19:53:00	C2.5		POINT(11 19)	19	11	197.0	395.0
202710	2022-04-23 20:45:00	2022-04-23 20:53:00	2022-04-23 21:01:00	C1.2		POINT(15 18)	18	15	246.0	378.0
202720	2022-04-23 21:43:00	2022-04-23 21:49:00	2022-04-23 21:56:00	C1.4		POINT(7 17)	17	7	116.0	356.0
202730	2022-04-23 23:43:00	2022-04-23 23:54:00	2022-04-24 00:05:00	C1.5		POINT(12 16)	16	12	192.0	348.0
202740	2022-04-24 03:54:00	2022-04-24 04:12:00	2022-04-24 04:25:00	C3.7	12993.0	POINT(17 22)	22	17	266.0	399.0
202750	2022-04-24 09:12:00	2022-04-24 09:30:00	2022-04-24 09:40:00	C1.6		POINT(10 11)	11	10	173.0	271.0
202760	2022-04-24 20:55:00	2022-04-24 21:06:00	2022-04-24 21:12:00	C2.7		POINT(14 13)	13	14	230.0	305.0
202770	2022-04-25 01:18:00	2022-04-25 02:01:00	2022-04-25 02:39:00	M1.2	12995.0	POINT(-6 14)	14	-6	-96.0	230.0
202780	2022-04-25 03:52:00	2022-04-25 04:02:00	2022-04-25 04:07:00	M1.1		POINT(35 24)	24	35	500.0	414.0
202790	2022-04-25 05:51:00	2022-04-25 06:04:00	2022-04-25 06:13:00	C4.6	12994.0	POINT(32 17)	17	32	476.0	351.0
202800	2022-04-25 08:50:00	2022-04-25 08:53:00	2022-04-25 09:03:00	C1.6		POINT(37 22)	22	37	533.0	409.0
202810	2022-04-25 12:05:00	2022-04-25 12:12:00	2022-04-25 12:19:00	C1.2		POINT(37 17)	17	37	555.0	346.0
202820	2022-04-25 12:48:00	2022-04-25 12:55:00	2022-04-25 13:00:00	C1.3		POINT(38 21)	21	38	557.0	409.0
202830	2022-04-25 14:30:00	2022-04-25 14:37:00	2022-04-25 14:41:00	C1.2		POINT(40 22)	22	40	571.0	413.0
202840	2022-04-25 16:00:00	2022-04-25 16:18:00	2022-04-25 16:46:00	C3.0	12994.0	POINT(28 12)	12	28	422.0	264.0
202850	2022-04-25 17:24:00	2022-04-25 17:35:00	2022-04-25 17:45:00	C6.8		POINT(-87 -29)	-29	-87	-838.0	-476.0
202860	2022-04-25 20:38:00	2022-04-25 21:10:00	2022-04-25 22:08:00	C4.8		POINT(38 26)	26	38	528.0	477.0
202870	2022-04-26 08:19:00	2022-04-26 08:28:00	2022-04-26 09:50:00	C2.2		POINT(16 19)	19	16	248.0	310.0
202880	2022-04-26 09:50:00	2022-04-26 09:58:00	2022-04-26 10:05:00	C2.1		POINT(48 21)	21	48	677.0	347.0
202890	2022-04-26 11:12:00	2022-04-26 11:18:00	2022-04-26 11:24:00	C2.8		POINT(85 -28)	-28	85	839.0	-441.0
202900	2022-04-26 12:30:00	2022-04-26 12:44:00	2022-04-26 12:49:00	C2.9		POINT(-87 -28)	-28	-87	-836.0	-461.0
202910	2022-04-26 12:49:00	2022-04-26 13:03:00	2022-04-26 13:21:00	C3.2	12994.0	POINT(42 15)	15	42	641.0	242.0
202920	2022-04-26 16:16:00	2022-04-26 16:24:00	2022-04-26 16:31:00	C3.9		POINT(87 -27)	-27	87	845.0	-444.0
202930	2022-04-26 19:02:00	2022-04-26 19:10:00	2022-04-26 19:15:00	C1.1		POINT(-87 -31)	-31	-87	-812.0	-492.0
202940	2022-04-27 03:59:00	2022-04-27 04:05:00	2022-04-27 04:27:00	C1.3		POINT(52 12)	12	52	741.0	246.0
202950	2022-04-27 08:17:00	2022-04-27 08:40:00	2022-04-27 08:57:00	C3.3		POINT(11 28)	28	11	188.0	536.0
202960	2022-04-27 10:46:00	2022-04-27 10:48:00	2022-04-27 11:12:00	C2.0	12996.0	POINT(-73 -29)	-29	-73	-813.0	-445.0
202970	2022-04-27 14:14:00	2022-04-27 14:54:00	2022-04-27 15:30:00	C7.6	12996.0	POINT(16 26)	26	16	236.0	417.0
202980	2022-04-28 01:27:00	2022-04-28 01:37:00	2022-04-28 01:58:00	C1.1		POINT(69 13)	13	69	867.0	250.0
202990	2022-04-28 02:24:00	2022-04-28 03:06:00	2022-04-28 03:27:00	C6.7		POINT(24 27)	27	24	347.0	499.0
203000	2022-04-28 11:29:00	2022-04-28 11:39:00	2022-04-28 11:47:00	C2.1		POINT(71 16)	16	71	872.0	281.0
203010	2022-04-28 12:02:00	2022-04-28 12:10:00	2022-04-28 12:18:00	C1.2		POINT(76 15)	15	76	892.0	275.0
203020	2022-04-28 14:08:00	2022-04-28 14:15:00	2022-04-28 14:21:00	C1.1		POINT(47 17)	17	47	666.0	320.0
203030	2022-04-28 17:56:00	2022-04-28 18:12:00	2022-04-28 18:36:00	C3.7		POINT(73 12)	12	73	895.0	219.0
203040	2022-04-28 23:45:00	2022-04-28 23:52:00	2022-04-29 00:05:00	C1.2		POINT(77 12)	12	77	906.0	226.0
203050	2022-04-29 03:16:00	2022-04-29 03:31:00	2022-04-29 03:35:00	C1.4		POINT(86 14)	14	86	917.0	219.0
203060	2022-04-29 06:20:00	2022-04-29 06:38:00	2022-04-29 06:52:00	C1.5		POINT(19 24)	24	19	287.0	458.0
203070	2022-04-29 06:52:00	2022-04-29 06:57:00	2022-04-29 07:06:00	C1.3		POINT(56 12)	12	56	781.0	240.0
203080	2022-04-29 07:15:00	2022-04-29 07:30:00	2022-04-29 07:42:00	M1.2		POINT(37 25)	25	37	543.0	468.0
203090	2022-04-29 09:14:00	2022-04-29 09:22:00	2022-04-29 09:29:00	C2.4		POINT(80 15)	15	80	905.0	264.0
203100	2022-04-29 09:29:00	2022-04-29 09:41:00	2022-04-29 09:47:00	C2.2		POINT(-48 -29)	-29	-48	-620.0	-426.0
203110	2022-04-29 16:40:00	2022-04-29 16:48:00	2022-04-29 16:54:00	C1.9		POINT(86 16)	16	86	913.0	266.0
203120	2022-04-29 18:01:00	2022-04-29 18:10:00	2022-04-29 18:22:00	M1.2	12994.0	POINT(85 15)	15	85	914.0	262.0
203130	2022-04-29 22:42:00	2022-04-29 22:56:00	2022-04-29 23:14:00	C3.0		POINT(88 15)	15	88	923.0	261.0
203140	2022-04-30 01:18:00	2022-04-30 01:29:00	2022-04-30 01:38:00	C5.2		POINT(88 15)	15	88	924.0	256.0
203150	2022-04-30 01:38:00	2022-04-30 01:42:00	2022-04-30 01:47:00	C4.3		POINT(88 14)	14	88	923.0	243.0
203160	2022-04-30 04:04:00	2022-04-30 04:15:00	2022-04-30 04:25:00	C1.9		POINT(27 12)	12	27	427.0	261.0
203170	2022-04-30 04:46:00	2022-04-30 05:01:00	2022-04-30 05:07:00	M2.6		POINT(88 14)	14	88	923.0	248.0
203180	2022-04-30 05:25:00	2022-04-30 05:34:00	2022-04-30 05:40:00	M1.4		POINT(88 16)	16	88	919.0	278.0
203190	2022-04-30 07:22:00	2022-04-30 07:34:00	2022-04-30 07:40:00	C4.6		POINT(88 17)	17	88	915.0	296.0
203200	2022-04-30 07:40:00	2022-04-30 07:52:00	2022-04-30 07:57:00	C6.6		POINT(88 14)	14	88	926.0	239.0
203210	2022-04-30 08:36:00	2022-04-30 08:44:00	2022-04-30 08:54:00	C6.0		POINT(88 16)	16	88	918.0	276.0
203220	2022-04-30 09:02:00	2022-04-30 09:09:00	2022-04-30 09:15:00	C5.0		POINT(88 15)	15	88	919.0	249.0
203230	2022-04-30 09:48:00	2022-04-30 09:58:00	2022-04-30 10:05:00	M4.8		POINT(88 16)	16	88	920.0	272.0
203240	2022-04-30 10:53:00	2022-04-30 10:58:00	2022-04-30 11:05:00	C2.3		POINT(88 14)	14	88	927.0	237.0
203250	2022-04-30 11:14:00	2022-04-30 11:24:00	2022-04-30 11:34:00	C5.4		POINT(83 14)	14	83	915.0	248.0
203260	2022-04-30 11:34:00	2022-04-30 11:41:00	2022-04-30 11:45:00	C5.7		POINT(88 16)	16	88	922.0	274.0
203270	2022-04-30 13:37:00	2022-04-30 13:47:00	2022-04-30 13:52:00	X1.1		POINT(88 16)	16	88	918.0	264.0
203280	2022-04-30 17:33:00	2022-04-30 17:38:00	2022-04-30 17:42:00	C3.2		POINT(88 15)	15	88	923.0	249.0
203290	2022-04-30 18:12:00	2022-04-30 18:25:00	2022-04-30 18:44:00	C4.0		POINT(88 16)	16	88	922.0	270.0
203300	2022-04-30 18:55:00	2022-04-30 19:06:00	2022-04-30 19:23:00	C3.9		POINT(88 17)	17	88	911.0	282.0
203310	2022-04-30 19:42:00	2022-04-30 19:47:00	2022-04-30 19:54:00	M1.9		POINT(88 16)	16	88	926.0	269.0
203320	2022-04-30 20:13:00	2022-04-30 20:19:00	2022-04-30 20:23:00	C2.5		POINT(88 16)	16	88	923.0	275.0
203330	2022-04-30 21:47:00	2022-04-30 21:59:00	2022-04-30 22:15:00	C2.9		POINT(88 14)	14	88	935.0	239.0
203340	2022-05-01 08:10:00	2022-05-01 08:16:00	2022-05-01 08:22:00	C1.8		POINT(88 17)	17	88	917.0	296.0
203350	2022-05-01 10:55:00	2022-05-01 11:28:00	2022-05-01 11:52:00	C3.1		POINT(-87 -35)	-35	-87	-789.0	-556.0
203360	2022-05-01 13:14:00	2022-05-01 13:26:00	2022-05-01 13:42:00	C2.6		POINT(71 25)	25	71	829.0	393.0
203370	2022-05-01 18:07:00	2022-05-01 18:32:00	2022-05-01 18:52:00	C1.7		POINT(88 18)	18	88	917.0	300.0
203380	2022-05-01 22:03:00	2022-05-01 22:18:00	2022-05-01 22:35:00	C2.5		POINT(88 11)	11	88	947.0	193.0
203390	2022-05-02 02:45:00	2022-05-02 02:51:00	2022-05-02 02:56:00	C1.2		POINT(88 15)	15	88	922.0	263.0
203400	2022-05-02 18:55:00	2022-05-02 19:20:00	2022-05-02 19:44:00	C3.2		POINT(-87 -30)	-30	-87	-830.0	-496.0
203410	2022-05-03 00:09:00	2022-05-03 00:15:00	2022-05-03 00:19:00	B8.9		POINT(-88 -29)	-29	-88	-830.0	-477.0
203420	2022-05-03 01:00:00	2022-05-03 01:06:00	2022-05-03 01:14:00	B8.1		POINT(39 -23)	-23	39	561.0	-330.0
203430	2022-05-03 01:27:00	2022-05-03 01:38:00	2022-05-03 01:48:00	C6.2		POINT(-87 -33)	-33	-87	-803.0	-528.0
203440	2022-05-03 04:39:00	2022-05-03 04:53:00	2022-05-03 04:58:00	C2.8		POINT(-87 -32)	-32	-87	-809.0	-518.0
203450	2022-05-03 04:58:00	2022-05-03 05:03:00	2022-05-03 05:07:00	C2.5		POINT(-87 -32)	-32	-87	-823.0	-533.0
203460	2022-05-03 07:11:00	2022-05-03 07:21:00	2022-05-03 07:24:00	B9.7		POINT(-9 -15)	-15	-9	143.0	-246.0
203470	2022-05-03 07:24:00	2022-05-03 07:28:00	2022-05-03 07:32:00	C1.1		POINT(-6 -15)	-15	-6	-96.0	-246.0
203480	2022-05-03 07:34:00	2022-05-03 07:53:00	2022-05-03 08:01:00	M1.3		POINT(-88 -30)	-30	-88	-833.0	-482.0
203490	2022-05-03 11:52:00	2022-05-03 12:03:00	2022-05-03 12:09:00	C1.6		POINT(-87 -33)	-33	-87	-804.0	-526.0
203500	2022-05-03 13:06:00	2022-05-03 13:08:00	2022-05-03 13:13:00	X1.1		POINT(-5 -16)	-16	-5	-79.0	-262.0
203510	2022-05-03 18:45:00	2022-05-03 18:53:00	2022-05-03 18:57:00	C1.5		POINT(-77 -28)	-28	-77	-817.0	-438.0
203520	2022-05-03 20:41:00	2022-05-03 21:11:00	2022-05-03 21:25:00	C2.4		POINT(-1 -15)	-15	-1	15.0	-203.0
203530	2022-05-04 00:08:00	2022-05-04 00:19:00	2022-05-04 00:25:00	M5.3		POINT(-87 -30)	-30	-87	-822.0	-473.0
203540	2022-05-04 02:24:00	2022-05-04 02:32:00	2022-05-04 02:36:00	C2.4		POINT(2 -16)	-16	2	45.0	-206.0
203550	2022-05-04 03:14:00	2022-05-04 03:19:00	2022-05-04 03:23:00	C1.2		POINT(5 -15)	-15	5	81.0	-198.0
203560	2022-05-04 03:34:00	2022-05-04 03:39:00	2022-05-04 03:42:00	C1.0		POINT(6 -16)	-16	6	98.0	-201.0
203570	2022-05-04 03:42:00	2022-05-04 03:47:00	2022-05-04 03:57:00	C1.4		POINT(6 -16)	-16	6	97.0	-210.0
203580	2022-05-04 05:10:00	2022-05-04 05:28:00	2022-05-04 06:01:00	C6.7		POINT(4 -17)	-17	4	63.0	-278.0
203590	2022-05-04 07:21:00	2022-05-04 07:35:00	2022-05-04 07:46:00	B8.9		POINT(9 -16)	-16	9	130.0	-204.0
203600	2022-05-04 07:51:00	2022-05-04 08:19:00	2022-05-04 08:38:00	C3.5		POINT(7 -16)	-16	7	111.0	-262.0
203610	2022-05-04 08:13:00	2022-05-04 09:00:00	2022-05-04 10:36:00	M5.7	13004.0	POINT(9 -16)	-16	9	123.0	-195.0
203620	2022-05-04 10:12:00	2022-05-04 10:18:00	2022-05-04 10:24:00	C3.9		POINT(6 -16)	-16	6	108.0	-207.0
203630	2022-05-04 11:49:00	2022-05-04 12:04:00	2022-05-04 12:14:00	C2.7	13004.0	POINT(10 -16)	-16	10	158.0	-262.0
203640	2022-05-04 12:45:00	2022-05-04 12:55:00	2022-05-04 13:21:00	C2.4	13004.0	POINT(10 -15)	-15	10	159.0	-246.0
203650	2022-05-04 15:42:00	2022-05-04 15:48:00	2022-05-04 15:57:00	C2.8		POINT(13 -16)	-16	13	205.0	-262.0
203660	2022-05-04 16:15:00	2022-05-04 16:31:00	2022-05-04 17:33:00	M1.1	13004.0	POINT(11 -16)	-16	11	174.0	-262.0
203670	2022-05-04 18:20:00	2022-05-04 18:30:00	2022-05-04 18:41:00	C3.0		POINT(13 -16)	-16	13	205.0	-262.0
203680	2022-05-04 18:55:00	2022-05-04 19:05:00	2022-05-04 19:13:00	C8.6		POINT(13 -16)	-16	13	205.0	-262.0
203690	2022-05-04 19:31:00	2022-05-04 19:37:00	2022-05-04 19:41:00	C4.1		POINT(-74 -30)	-30	-74	-792.0	-475.0
203700	2022-05-04 19:40:00	2022-05-04 19:48:00	2022-05-04 20:03:00	M1.5		POINT(-73 -30)	-30	-73	-788.0	-475.0
203710	2022-05-04 20:09:00	2022-05-04 20:27:00	2022-05-04 20:36:00	M1.6		POINT(13 -17)	-17	13	204.0	-278.0
203720	2022-05-04 22:05:00	2022-05-04 22:09:00	2022-05-04 22:15:00	C1.4		POINT(15 -16)	-16	15	236.0	-262.0
203730	2022-05-04 22:48:00	2022-05-04 22:59:00	2022-05-04 23:20:00	C3.0		POINT(16 -16)	-16	16	252.0	-262.0
203740	2022-05-05 01:07:00	2022-05-05 01:36:00	2022-05-05 02:42:00	C2.5		POINT(17 -16)	-16	17	267.0	-262.0
203750	2022-05-05 01:26:00	2022-05-05 01:38:00	2022-05-05 01:44:00	C4.0		POINT(16 -16)	-16	16	267.0	-211.0
203760	2022-05-05 02:52:00	2022-05-05 03:03:00	2022-05-05 03:12:00	C3.8		POINT(17 -15)	-15	17	273.0	-203.0
203770	2022-05-05 03:16:00	2022-05-05 03:22:00	2022-05-05 03:26:00	C2.9		POINT(19 -18)	-18	19	283.0	-193.0
203780	2022-05-05 04:10:00	2022-05-05 04:24:00	2022-05-05 04:29:00	C2.9		POINT(19 -15)	-15	19	311.0	-201.0
203790	2022-05-05 04:39:00	2022-05-05 04:49:00	2022-05-05 04:55:00	C5.7		POINT(20 -15)	-15	20	314.0	-246.0
203800	2022-05-05 05:56:00	2022-05-05 06:21:00	2022-05-05 07:01:00	C2.1		POINT(21 -16)	-16	21	327.0	-200.0
203810	2022-05-05 06:40:00	2022-05-05 06:46:00	2022-05-05 06:54:00	C1.9		POINT(21 -14)	-14	21	330.0	-230.0
203820	2022-05-05 07:03:00	2022-05-05 07:12:00	2022-05-05 07:15:00	C2.9		POINT(21 -15)	-15	21	339.0	-200.0
203830	2022-05-05 07:15:00	2022-05-05 07:20:00	2022-05-05 07:24:00	C3.8		POINT(20 -15)	-15	20	314.0	-246.0
203840	2022-05-05 07:41:00	2022-05-05 07:46:00	2022-05-05 07:52:00	C1.8		POINT(-69 -32)	-32	-69	-755.0	-489.0
203850	2022-05-05 08:16:00	2022-05-05 08:22:00	2022-05-05 08:24:00	C1.0		POINT(22 -15)	-15	22	348.0	-199.0
203860	2022-05-05 08:24:00	2022-05-05 08:35:00	2022-05-05 08:41:00	C2.6		POINT(21 -15)	-15	21	329.0	-246.0
203870	2022-05-05 08:45:00	2022-05-05 09:03:00	2022-05-05 09:15:00	C4.1		POINT(21 -16)	-16	21	330.0	-216.0
203880	2022-05-05 09:53:00	2022-05-05 10:00:00	2022-05-05 10:04:00	C1.7		POINT(23 -15)	-15	23	359.0	-246.0
203890	2022-05-05 11:15:00	2022-05-05 11:19:00	2022-05-05 11:25:00	C6.5		POINT(-64 -30)	-30	-64	-738.0	-459.0
203900	2022-05-05 11:44:00	2022-05-05 11:55:00	2022-05-05 11:59:00	C8.7		POINT(24 -15)	-15	24	373.0	-246.0
203910	2022-05-05 12:47:00	2022-05-05 12:51:00	2022-05-05 12:55:00	C1.7		POINT(24 -16)	-16	24	372.0	-262.0
203920	2022-05-05 12:56:00	2022-05-05 13:04:00	2022-05-05 13:08:00	C1.8		POINT(24 -15)	-15	24	373.0	-246.0
203930	2022-05-05 13:08:00	2022-05-05 13:16:00	2022-05-05 13:22:00	M2.2		POINT(24 -16)	-16	24	372.0	-262.0
203940	2022-05-05 13:34:00	2022-05-05 13:37:00	2022-05-05 13:41:00	C6.8		POINT(25 -16)	-16	25	396.0	-212.0
203950	2022-05-05 14:02:00	2022-05-05 14:10:00	2022-05-05 14:14:00	M2.7		POINT(-64 -29)	-29	-64	-725.0	-459.0
203960	2022-05-05 15:30:00	2022-05-05 15:39:00	2022-05-05 15:43:00	C3.4		POINT(26 -16)	-16	26	400.0	-262.0
203970	2022-05-05 16:02:00	2022-05-05 16:12:00	2022-05-05 16:21:00	C1.4		POINT(27 -15)	-15	27	417.0	-246.0
203980	2022-05-05 17:44:00	2022-05-05 17:52:00	2022-05-05 18:01:00	B8.4		POINT(-63 -32)	-32	-63	-717.0	-493.0
203990	2022-05-05 18:01:00	2022-05-05 18:04:00	2022-05-05 18:10:00	C1.4		POINT(28 -15)	-15	28	432.0	-207.0
204000	2022-05-05 18:25:00	2022-05-05 18:32:00	2022-05-05 18:37:00	C1.3		POINT(28 -15)	-15	28	442.0	-207.0
204010	2022-05-05 19:04:00	2022-05-05 19:09:00	2022-05-05 19:18:00	C1.7		POINT(28 -15)	-15	28	441.0	-209.0
204020	2022-05-05 22:15:00	2022-05-05 22:20:00	2022-05-05 22:27:00	C2.4		POINT(27 -16)	-16	27	433.0	-213.0
204030	2022-05-05 22:59:00	2022-05-05 23:03:00	2022-05-05 23:09:00	C2.6		POINT(29 -16)	-16	29	464.0	-207.0
204040	2022-05-05 23:32:00	2022-05-05 23:37:00	2022-05-05 23:44:00	C1.7		POINT(31 -15)	-15	31	482.0	-211.0
204050	2022-05-05 23:46:00	2022-05-05 23:50:00	2022-05-05 23:55:00	C3.1		POINT(29 -16)	-16	29	477.0	-209.0
204060	2022-05-05 23:56:00	2022-05-05 23:59:00	2022-05-06 00:03:00	C3.9		POINT(29 -16)	-16	29	483.0	-213.0
204070	2022-05-06 02:28:00	2022-05-06 02:33:00	2022-05-06 02:47:00	C1.6		POINT(33 -16)	-16	33	502.0	-213.0
204080	2022-05-06 04:10:00	2022-05-06 04:29:00	2022-05-06 04:32:00	C3.0		POINT(33 -16)	-16	33	498.0	-262.0
204090	2022-05-06 04:32:00	2022-05-06 04:39:00	2022-05-06 04:43:00	C3.2		POINT(-55 -29)	-29	-55	-680.0	-437.0
204100	2022-05-06 06:45:00	2022-05-06 06:49:00	2022-05-06 06:54:00	C2.0		POINT(-53 -30)	-30	-53	-660.0	-452.0
204110	2022-05-06 08:23:00	2022-05-06 08:35:00	2022-05-06 08:42:00	C1.4		POINT(-55 -31)	-31	-55	-668.0	-470.0
204120	2022-05-06 10:18:00	2022-05-06 10:24:00	2022-05-06 10:34:00	C1.7		POINT(-51 -29)	-29	-51	-651.0	-429.0
204130	2022-05-06 11:36:00	2022-05-06 11:44:00	2022-05-06 11:52:00	C1.3		POINT(-55 -32)	-32	-55	-657.0	-484.0
204140	2022-05-06 12:12:00	2022-05-06 12:19:00	2022-05-06 12:25:00	C1.4		POINT(-54 -32)	-32	-54	-653.0	-483.0
204150	2022-05-06 14:36:00	2022-05-06 14:41:00	2022-05-06 14:50:00	B9.4		POINT(-53 -32)	-32	-53	-643.0	-486.0
204160	2022-05-06 15:13:00	2022-05-06 15:17:00	2022-05-06 15:24:00	C1.5		POINT(39 -15)	-15	39	582.0	-207.0
204170	2022-05-06 16:15:00	2022-05-06 16:22:00	2022-05-06 16:27:00	C4.8		POINT(39 -15)	-15	39	588.0	-211.0
204180	2022-05-06 19:32:00	2022-05-06 19:41:00	2022-05-06 19:47:00	C1.2		POINT(41 -15)	-15	41	609.0	-212.0
204190	2022-05-06 20:19:00	2022-05-06 20:34:00	2022-05-06 20:48:00	C1.6		POINT(-50 -32)	-32	-50	-617.0	-479.0
204200	2022-05-06 21:42:00	2022-05-06 21:56:00	2022-05-06 22:08:00	C1.2		POINT(-51 -31)	-31	-51	-633.0	-471.0
204210	2022-05-06 22:20:00	2022-05-06 22:24:00	2022-05-06 22:33:00	C1.1		POINT(43 -15)	-15	43	628.0	-214.0
204220	2022-05-06 23:46:00	2022-05-06 23:53:00	2022-05-07 00:01:00	C1.1		POINT(43 -15)	-15	43	636.0	-215.0
204230	2022-05-07 05:05:00	2022-05-07 05:11:00	2022-05-07 05:24:00	B7.0		POINT(-41 -30)	-30	-41	-551.0	-438.0
204240	2022-05-07 05:56:00	2022-05-07 06:05:00	2022-05-07 06:09:00	C3.6		POINT(-40 -30)	-30	-40	-537.0	-443.0
204250	2022-05-07 07:34:00	2022-05-07 07:39:00	2022-05-07 07:49:00	C1.0		POINT(-43 -31)	-31	-43	-555.0	-461.0
204260	2022-05-07 12:35:00	2022-05-07 12:44:00	2022-05-07 12:56:00	B8.1		POINT(50 -13)	-13	50	709.0	-213.0
204270	2022-05-07 12:58:00	2022-05-07 13:07:00	2022-05-07 13:12:00	C1.4		POINT(-88 -23)	-23	-88	-878.0	-374.0
204280	2022-05-07 15:00:00	2022-05-07 15:07:00	2022-05-07 15:13:00	C2.2		POINT(-88 -22)	-22	-88	-879.0	-368.0
204290	2022-05-08 00:34:00	2022-05-08 00:41:00	2022-05-08 00:45:00	C1.7		POINT(57 -15)	-15	57	773.0	-223.0
204300	2022-05-08 03:38:00	2022-05-08 03:53:00	2022-05-08 04:02:00	C6.4		POINT(-80 -23)	-23	-80	-861.0	-365.0
204310	2022-05-08 07:11:00	2022-05-08 07:16:00	2022-05-08 07:20:00	B9.0		POINT(60 -15)	-15	60	798.0	-228.0
204320	2022-05-08 07:40:00	2022-05-08 07:47:00	2022-05-08 07:53:00	C1.8		POINT(60 -15)	-15	60	798.0	-228.0
204330	2022-05-08 08:59:00	2022-05-08 09:06:00	2022-05-08 09:11:00	C1.0		POINT(60 -13)	-13	60	803.0	-200.0
204340	2022-05-08 09:39:00	2022-05-08 09:45:00	2022-05-08 09:55:00	B9.0		POINT(62 -15)	-15	62	810.0	-231.0
204350	2022-05-08 10:06:00	2022-05-08 10:08:00	2022-05-08 10:12:00	B8.7		POINT(61 -15)	-15	61	801.0	-234.0
204360	2022-05-08 12:17:00	2022-05-08 12:31:00	2022-05-08 12:36:00	C4.1		POINT(64 -14)	-14	64	822.0	-230.0
204370	2022-05-08 19:23:00	2022-05-08 19:38:00	2022-05-08 19:52:00	C8.2		POINT(-79 -24)	-24	-79	-849.0	-384.0
204380	2022-05-09 00:59:00	2022-05-09 01:05:00	2022-05-09 01:13:00	C2.5		POINT(69 -16)	-16	69	856.0	-250.0
204390	2022-05-09 14:15:00	2022-05-09 14:31:00	2022-05-09 14:42:00	C2.1		POINT(-67 -22)	-22	-67	-829.0	-341.0
204400	2022-05-09 17:35:00	2022-05-09 17:41:00	2022-05-09 17:49:00	C1.0		POINT(-58 -23)	-23	-58	-747.0	-352.0
204410	2022-05-09 17:49:00	2022-05-09 17:53:00	2022-05-09 17:57:00	B9.9		POINT(-6 -32)	-32	-6	-96.0	-459.0
204420	2022-05-09 17:56:00	2022-05-09 18:03:00	2022-05-09 18:13:00	C1.5		POINT(-7 -32)	-32	-7	-110.0	-470.0
204430	2022-05-09 20:54:00	2022-05-09 20:57:00	2022-05-09 21:03:00	C1.2		POINT(85 -11)	-11	85	927.0	-187.0
204440	2022-05-09 21:16:00	2022-05-09 21:26:00	2022-05-09 21:38:00	C1.2		POINT(-6 -33)	-33	-6	-90.0	-479.0
204450	2022-05-10 01:35:00	2022-05-10 01:51:00	2022-05-10 02:06:00	C1.6		POINT(-62 -22)	-22	-62	-785.0	-333.0
204460	2022-05-10 07:46:00	2022-05-10 07:55:00	2022-05-10 08:05:00	C2.9		POINT(-57 -20)	-20	-57	-751.0	-332.0
204470	2022-05-10 09:52:00	2022-05-10 10:01:00	2022-05-10 10:07:00	C1.9		POINT(2 -30)	-30	2	32.0	-417.0
204480	2022-05-10 11:49:00	2022-05-10 11:55:00	2022-05-10 11:59:00	C1.0		POINT(-54 -21)	-21	-54	-704.0	-321.0
204490	2022-05-10 12:50:00	2022-05-10 12:58:00	2022-05-10 13:05:00	C2.8		POINT(3 -30)	-30	3	43.0	-475.0
204500	2022-05-10 13:09:00	2022-05-10 13:14:00	2022-05-10 13:18:00	C1.8		POINT(-55 -22)	-22	-55	-713.0	-326.0
204510	2022-05-10 13:50:00	2022-05-10 13:55:00	2022-05-10 13:59:00	X1.5	13006.0	POINT(4 -30)	-30	4	69.0	-422.0
204520	2022-05-10 21:19:00	2022-05-10 22:07:00	2022-05-10 22:55:00	C2.1		POINT(8 -29)	-29	8	127.0	-419.0
204530	2022-05-10 22:55:00	2022-05-10 23:02:00	2022-05-10 23:09:00	C1.5		POINT(3 -34)	-34	3	45.0	-489.0
204540	2022-05-10 23:09:00	2022-05-10 23:15:00	2022-05-10 23:19:00	C1.6		POINT(-50 -24)	-24	-50	-674.0	-361.0
204550	2022-05-11 00:16:00	2022-05-11 00:24:00	2022-05-11 00:29:00	C1.9		POINT(10 -29)	-29	10	145.0	-420.0
204560	2022-05-11 02:38:00	2022-05-11 02:54:00	2022-05-11 02:58:00	C3.2		POINT(-44 -24)	-24	-44	-603.0	-386.0
204570	2022-05-11 04:16:00	2022-05-11 04:29:00	2022-05-11 04:42:00	C2.3		POINT(-47 -24)	-24	-47	-642.0	-357.0
204580	2022-05-11 05:32:00	2022-05-11 05:40:00	2022-05-11 05:45:00	C1.9		POINT(7 -33)	-33	7	110.0	-465.0
204590	2022-05-11 05:45:00	2022-05-11 05:51:00	2022-05-11 05:56:00	C2.5		POINT(12 -31)	-31	12	169.0	-489.0
204600	2022-05-11 06:11:00	2022-05-11 06:17:00	2022-05-11 06:22:00	C3.1		POINT(-46 -25)	-25	-46	-620.0	-383.0
204610	2022-05-11 06:22:00	2022-05-11 06:26:00	2022-05-11 06:30:00	C4.5		POINT(-45 -24)	-24	-45	-612.0	-365.0
204620	2022-05-11 08:11:00	2022-05-11 08:21:00	2022-05-11 08:25:00	C1.9		POINT(-45 -24)	-24	-45	-617.0	-363.0
204630	2022-05-11 09:25:00	2022-05-11 09:52:00	2022-05-11 10:14:00	C3.5		POINT(-89 -14)	-14	-89	-934.0	-245.0
204640	2022-05-11 11:59:00	2022-05-11 12:05:00	2022-05-11 12:15:00	C1.7		POINT(-41 -25)	-25	-41	-576.0	-368.0
204650	2022-05-11 12:31:00	2022-05-11 12:46:00	2022-05-11 13:14:00	C2.9		POINT(-39 -25)	-25	-39	-552.0	-367.0
204660	2022-05-11 13:14:00	2022-05-11 13:26:00	2022-05-11 13:35:00	C4.9		POINT(11 -32)	-32	11	159.0	-475.0
204670	2022-05-11 13:55:00	2022-05-11 14:08:00	2022-05-11 14:19:00	C3.5		POINT(-40 -24)	-24	-40	-562.0	-353.0
204680	2022-05-11 14:19:00	2022-05-11 14:24:00	2022-05-11 14:33:00	C3.8	13007.0	POINT(-39 -23)	-23	-39	-557.0	-350.0
204690	2022-05-11 14:44:00	2022-05-11 14:52:00	2022-05-11 14:58:00	C4.4		POINT(-39 -24)	-24	-39	-551.0	-351.0
204700	2022-05-11 15:34:00	2022-05-11 15:45:00	2022-05-11 16:01:00	C8.6		POINT(-39 -24)	-24	-39	-566.0	-375.0
204710	2022-05-11 16:24:00	2022-05-11 16:48:00	2022-05-11 17:07:00	M1.6	13007.0	POINT(-41 -24)	-24	-41	-553.0	-358.0
204720	2022-05-11 18:13:00	2022-05-11 18:58:00	2022-05-11 19:27:00	M2.6		POINT(89 -17)	-17	89	917.0	-293.0
204730	2022-05-11 19:27:00	2022-05-11 19:31:00	2022-05-11 19:35:00	M2.2		POINT(89 -17)	-17	89	932.0	-291.0
204740	2022-05-11 22:32:00	2022-05-11 22:41:00	2022-05-11 22:56:00	C4.3		POINT(-34 -23)	-23	-34	-493.0	-341.0
204750	2022-05-12 02:10:00	2022-05-12 02:24:00	2022-05-12 02:38:00	C8.4		POINT(-89 -12)	-12	-89	-942.0	-210.0
204760	2022-05-12 05:28:00	2022-05-12 05:37:00	2022-05-12 05:59:00	C1.6		POINT(21 -33)	-33	21	291.0	-484.0
204770	2022-05-12 05:33:00	2022-05-12 05:33:00	2022-05-12 05:42:00	C2.2	13006.0	POINT(21 -32)	-32	21	294.0	-492.0
204780	2022-05-12 07:34:00	2022-05-12 07:46:00	2022-05-12 07:55:00	C5.9		POINT(-88 18)	18	-88	-906.0	299.0
204790	2022-05-12 10:28:00	2022-05-12 10:45:00	2022-05-12 11:00:00	C2.8		POINT(24 -31)	-31	24	316.0	-458.0
204800	2022-05-12 11:45:00	2022-05-12 11:56:00	2022-05-12 12:06:00	C2.0		POINT(-26 -23)	-23	-26	-396.0	-327.0
204810	2022-05-12 15:05:00	2022-05-12 15:11:00	2022-05-12 15:15:00	C1.7		POINT(24 -32)	-32	24	339.0	-470.0
204820	2022-05-12 18:02:00	2022-05-12 18:10:00	2022-05-12 18:17:00	C4.3		POINT(-89 -13)	-13	-89	-929.0	-222.0
204830	2022-05-12 20:04:00	2022-05-12 20:19:00	2022-05-12 20:27:00	M1.3		POINT(-88 14)	14	-88	-929.0	249.0
204840	2022-05-12 21:51:00	2022-05-12 22:01:00	2022-05-12 22:09:00	C2.8		POINT(32 -32)	-32	32	407.0	-483.0
204850	2022-05-13 00:56:00	2022-05-13 01:04:00	2022-05-13 01:13:00	C2.4		POINT(-89 13)	13	-89	-935.0	220.0
204860	2022-05-13 04:46:00	2022-05-13 04:56:00	2022-05-13 05:12:00	C2.6		POINT(-15 -22)	-22	-15	-247.0	-315.0
204870	2022-05-13 08:38:00	2022-05-13 08:43:00	2022-05-13 08:55:00	C2.9		POINT(-16 20)	20	-16	-246.0	324.0
204880	2022-05-13 09:42:00	2022-05-13 09:45:00	2022-05-13 09:49:00	C2.7		POINT(-89 11)	11	-89	-935.0	192.0
204890	2022-05-13 09:56:00	2022-05-13 10:09:00	2022-05-13 10:19:00	C4.2		POINT(-13 -22)	-22	-13	-198.0	-355.0
204900	2022-05-13 13:52:00	2022-05-13 13:57:00	2022-05-13 14:05:00	C1.8		POINT(-88 21)	21	-88	-893.0	351.0
204910	2022-05-13 18:27:00	2022-05-13 18:35:00	2022-05-13 18:40:00	C3.3		POINT(-88 17)	17	-88	-905.0	287.0
204920	2022-05-13 22:07:00	2022-05-13 22:26:00	2022-05-13 22:34:00	C2.6		POINT(-86 14)	14	-86	-917.0	239.0
204930	2022-05-14 07:27:00	2022-05-14 07:38:00	2022-05-14 07:50:00	C1.9		POINT(-88 17)	17	-88	-917.0	294.0
204940	2022-05-14 09:04:00	2022-05-14 09:25:00	2022-05-14 09:43:00	C3.0		POINT(-88 15)	15	-88	-941.0	256.0
204950	2022-05-14 12:14:00	2022-05-14 12:19:00	2022-05-14 12:25:00	C1.8		POINT(49 -22)	-22	49	668.0	-429.0
204960	2022-05-14 14:22:00	2022-05-14 14:27:00	2022-05-14 14:31:00	C1.8		POINT(-70 12)	12	-70	-881.0	204.0
204970	2022-05-14 15:10:00	2022-05-14 15:16:00	2022-05-14 15:23:00	C2.1	13011.0	POINT(-82 14)	14	-82	-878.0	206.0
204980	2022-05-14 16:11:00	2022-05-14 16:25:00	2022-05-14 16:44:00	C2.3		POINT(-88 18)	18	-88	-914.0	300.0
204990	2022-05-14 19:23:00	2022-05-14 19:30:00	2022-05-14 19:48:00	C3.6		POINT(53 -33)	-33	53	633.0	-492.0
205000	2022-05-14 20:04:00	2022-05-14 20:16:00	2022-05-14 20:31:00	C4.2		POINT(-55 -12)	-12	-55	-785.0	-201.0
205010	2022-05-14 21:20:00	2022-05-14 22:07:00	2022-05-14 22:28:00	C5.7		POINT(-51 -13)	-13	-51	-718.0	-213.0
205020	2022-05-14 22:28:00	2022-05-14 22:38:00	2022-05-14 22:45:00	C4.5		POINT(-52 -13)	-13	-52	-768.0	-210.0
205030	2022-05-14 23:58:00	2022-05-15 00:08:00	2022-05-15 00:17:00	M2.2		POINT(-89 13)	13	-89	-935.0	221.0
205040	2022-05-15 12:10:00	2022-05-15 12:17:00	2022-05-15 12:23:00	C1.9		POINT(-89 13)	13	-89	-934.0	226.0
205050	2022-05-15 23:27:00	2022-05-15 23:41:00	2022-05-15 23:48:00	C2.0		POINT(-89 13)	13	-89	-923.0	217.0
205060	2022-05-16 04:34:00	2022-05-16 04:43:00	2022-05-16 05:01:00	C1.8		POINT(-89 -16)	-16	-89	-914.0	-277.0
205070	2022-05-16 07:46:00	2022-05-16 07:50:00	2022-05-16 07:55:00	C1.9		POINT(-52 21)	21	-52	-701.0	372.0
205080	2022-05-16 10:01:00	2022-05-16 10:14:00	2022-05-16 10:21:00	C5.6		POINT(-84 17)	17	-84	-900.0	287.0
205090	2022-05-16 13:10:00	2022-05-16 13:27:00	2022-05-16 13:44:00	M2.4		POINT(-73 14)	14	-73	-903.0	234.0
205100	2022-05-16 14:13:00	2022-05-16 14:19:00	2022-05-16 14:22:00	C5.5		POINT(-77 14)	14	-77	-899.0	239.0
205110	2022-05-16 20:40:00	2022-05-16 20:47:00	2022-05-16 20:58:00	C2.3	13014.0	POINT(-44 22)	22	-44	-623.0	373.0
205120	2022-05-16 21:24:00	2022-05-16 21:32:00	2022-05-16 21:40:00	C2.7		POINT(-42 22)	22	-42	-599.0	387.0
205130	2022-05-16 23:03:00	2022-05-16 23:14:00	2022-05-16 23:23:00	C2.3	13011.0	POINT(-36 14)	14	-36	-550.0	281.0
205140	2022-05-17 00:00:00	2022-05-17 00:10:00	2022-05-17 00:14:00	C3.6		POINT(-42 22)	22	-42	-598.0	375.0
205150	2022-05-17 00:39:00	2022-05-17 00:46:00	2022-05-17 00:52:00	C2.9		POINT(-42 21)	21	-42	-600.0	374.0
205160	2022-05-17 04:58:00	2022-05-17 05:07:00	2022-05-17 05:18:00	C6.2		POINT(-32 13)	13	-32	-489.0	213.0
205170	2022-05-17 06:55:00	2022-05-17 07:02:00	2022-05-17 07:14:00	C3.4		POINT(-37 21)	21	-37	-537.0	377.0
205180	2022-05-17 08:23:00	2022-05-17 08:34:00	2022-05-17 08:40:00	C4.3		POINT(-21 18)	18	-21	-324.0	342.0
205190	2022-05-17 10:17:00	2022-05-17 10:32:00	2022-05-17 10:57:00	C3.0		POINT(-42 22)	22	-42	-588.0	390.0
205200	2022-05-17 11:26:00	2022-05-17 11:45:00	2022-05-17 12:04:00	C9.9		POINT(-18 -14)	-14	-18	-294.0	-201.0
205210	2022-05-17 12:28:00	2022-05-17 12:35:00	2022-05-17 12:40:00	C8.6		POINT(88 -31)	-31	88	813.0	-499.0
205220	2022-05-17 16:19:00	2022-05-17 16:26:00	2022-05-17 16:33:00	C4.6		POINT(41 -24)	-24	41	570.0	-372.0
205230	2022-05-17 19:29:00	2022-05-17 19:36:00	2022-05-17 19:44:00	C3.2		POINT(-35 21)	21	-35	-516.0	381.0
205240	2022-05-18 04:38:00	2022-05-18 04:46:00	2022-05-18 04:51:00	C2.9		POINT(-89 13)	13	-89	-935.0	223.0
205250	2022-05-18 05:16:00	2022-05-18 05:24:00	2022-05-18 05:34:00	C2.5		POINT(-32 22)	22	-32	-469.0	401.0
205260	2022-05-18 07:06:00	2022-05-18 07:15:00	2022-05-18 07:27:00	C2.1		POINT(-28 22)	22	-28	-422.0	389.0
205270	2022-05-18 07:53:00	2022-05-18 08:02:00	2022-05-18 08:09:00	C2.7		POINT(-89 13)	13	-89	-934.0	220.0
205280	2022-05-18 08:16:00	2022-05-18 08:23:00	2022-05-18 08:30:00	C2.9		POINT(-89 13)	13	-89	-933.0	220.0
205290	2022-05-18 09:53:00	2022-05-18 10:06:00	2022-05-18 10:32:00	C2.7		POINT(-27 18)	18	-27	-423.0	293.0
205300	2022-05-18 10:36:00	2022-05-18 10:42:00	2022-05-18 10:48:00	C2.6		POINT(-89 13)	13	-89	-934.0	216.0
205310	2022-05-18 13:42:00	2022-05-18 13:55:00	2022-05-18 14:09:00	C2.3		POINT(-14 13)	13	-14	-225.0	266.0
205320	2022-05-18 15:43:00	2022-05-18 15:49:00	2022-05-18 15:53:00	C4.7		POINT(-20 25)	25	-20	-291.0	427.0
205330	2022-05-18 21:38:00	2022-05-18 21:43:00	2022-05-18 21:45:00	C5.1	13014.0	POINT(-21 22)	22	-21	-342.0	380.0
205340	2022-05-18 21:56:00	2022-05-18 22:02:00	2022-05-18 22:08:00	M1.1		POINT(1 -15)	-15	1	15.0	-245.0
205350	2022-05-19 02:40:00	2022-05-19 02:52:00	2022-05-19 03:00:00	C3.9		POINT(-19 22)	22	-19	-299.0	381.0
205360	2022-05-19 03:27:00	2022-05-19 03:34:00	2022-05-19 03:42:00	C3.1		POINT(-15 22)	22	-15	-243.0	383.0
205370	2022-05-19 05:38:00	2022-05-19 05:51:00	2022-05-19 05:58:00	C5.5		POINT(-18 21)	21	-18	-268.0	382.0
205380	2022-05-19 06:29:00	2022-05-19 06:41:00	2022-05-19 06:56:00	C7.8		POINT(-31 16)	16	-31	-449.0	292.0
205390	2022-05-19 07:00:00	2022-05-19 07:19:00	2022-05-19 07:31:00	M5.6		POINT(-37 12)	12	-37	-405.0	333.0
205400	2022-05-19 09:09:00	2022-05-19 10:08:00	2022-05-19 10:40:00	M1.5		POINT(-37 10)	10	-37	-562.0	164.0
205410	2022-05-19 15:05:00	2022-05-19 15:16:00	2022-05-19 15:23:00	M1.1	13014.0	POINT(-13 21)	21	-13	-181.0	390.0
205420	2022-05-19 19:00:00	2022-05-19 19:14:00	2022-05-19 19:21:00	C3.3		POINT(11 -16)	-16	11	227.0	-222.0
205430	2022-05-20 00:08:00	2022-05-20 00:12:00	2022-05-20 00:18:00	C3.9	13014.0	POINT(-3 22)	22	-3	-82.0	349.0
205440	2022-05-20 07:35:00	2022-05-20 07:45:00	2022-05-20 07:49:00	M3.0	13014.0	POINT(-3 20)	20	-3	-12.0	354.0
205450	2022-05-20 12:08:00	2022-05-20 12:12:00	2022-05-20 12:19:00	C2.7	13014.0	POINT(-3 20)	20	-3	-46.0	324.0
205460	2022-05-20 18:46:00	2022-05-20 18:53:00	2022-05-20 19:02:00	C2.5		POINT(-13 18)	18	-13	-243.0	287.0
205470	2022-05-20 22:03:00	2022-05-20 22:12:00	2022-05-20 22:17:00	C8.4		POINT(-60 13)	13	-60	-806.0	231.0
205480	2022-05-20 23:24:00	2022-05-20 23:37:00	2022-05-20 23:45:00	C5.2		POINT(29 20)	20	29	416.0	350.0
205490	2022-05-21 00:08:00	2022-05-21 00:13:00	2022-05-21 00:23:00	C3.5		POINT(27 20)	20	27	411.0	345.0
205500	2022-05-21 06:32:00	2022-05-21 06:43:00	2022-05-21 07:00:00	C2.3		POINT(-89 12)	12	-89	-937.0	209.0
205510	2022-05-21 13:29:00	2022-05-21 13:37:00	2022-05-21 13:43:00	C3.4	13010.0	POINT(39 -16)	-16	39	554.0	-246.0
205520	2022-05-21 14:27:00	2022-05-21 14:35:00	2022-05-21 14:40:00	C2.7	13011.0	POINT(27 16)	16	27	401.0	290.0
205530	2022-05-21 15:27:00	2022-05-21 15:39:00	2022-05-21 15:48:00	C2.5	13014.0	POINT(20 21)	21	20	302.0	339.0
205540	2022-05-21 18:59:00	2022-05-21 19:06:00	2022-05-21 19:13:00	C1.9		POINT(40 -16)	-16	40	586.0	-248.0
205550	2022-05-22 06:07:00	2022-05-22 06:15:00	2022-05-22 06:24:00	C2.2		POINT(47 18)	18	47	659.0	292.0
205560	2022-05-22 13:47:00	2022-05-22 13:54:00	2022-05-22 14:07:00	C1.9		POINT(-38 15)	15	-38	-574.0	278.0
205570	2022-05-22 14:17:00	2022-05-22 14:31:00	2022-05-22 14:48:00	C3.7	13017.0	POINT(12 11)	11	12	182.0	218.0
205580	2022-05-22 15:38:00	2022-05-22 15:43:00	2022-05-22 15:50:00	C2.4		POINT(25 22)	22	25	376.0	393.0
205590	2022-05-22 22:01:00	2022-05-22 22:11:00	2022-05-22 22:21:00	C1.6		POINT(29 22)	22	29	434.0	387.0
205600	2022-05-22 22:21:00	2022-05-22 22:30:00	2022-05-22 22:42:00	C1.9		POINT(29 22)	22	29	428.0	392.0
205610	2022-05-22 23:26:00	2022-05-22 23:40:00	2022-05-22 23:49:00	C4.6		POINT(14 14)	14	14	225.0	269.0
205620	2022-05-23 00:25:00	2022-05-23 00:41:00	2022-05-23 00:49:00	C3.1		POINT(-33 11)	11	-33	-513.0	216.0
205630	2022-05-23 08:42:00	2022-05-23 08:47:00	2022-05-23 08:51:00	C3.4		POINT(37 22)	22	37	535.0	377.0
205640	2022-05-23 10:43:00	2022-05-23 10:50:00	2022-05-23 10:54:00	C5.2	13017.0	POINT(16 15)	15	16	252.0	245.0
205650	2022-05-24 06:03:00	2022-05-24 06:10:00	2022-05-24 06:20:00	C3.1		POINT(75 -18)	-18	75	870.0	-292.0
205660	2022-05-24 09:00:00	2022-05-24 09:05:00	2022-05-24 09:15:00	C4.5	13017.0	POINT(30 19)	19	30	448.0	308.0
205670	2022-05-24 11:50:00	2022-05-24 12:05:00	2022-05-24 12:16:00	C3.6		POINT(82 -18)	-18	82	891.0	-291.0
205680	2022-05-24 13:26:00	2022-05-24 13:32:00	2022-05-24 13:35:00	C1.4		POINT(79 18)	18	79	884.0	305.0
205690	2022-05-24 22:03:00	2022-05-24 22:17:00	2022-05-24 22:25:00	C5.1		POINT(-80 -11)	-11	-80	-914.0	-186.0
205700	2022-05-25 04:52:00	2022-05-25 05:02:00	2022-05-25 05:11:00	C1.5		POINT(69 23)	23	69	815.0	384.0
205710	2022-05-25 11:07:00	2022-05-25 11:19:00	2022-05-25 11:27:00	C2.0		POINT(3 11)	11	3	43.0	213.0
205720	2022-05-25 16:22:00	2022-05-25 16:40:00	2022-05-25 16:58:00	C2.1	13019.0	POINT(4 13)	13	4	64.0	213.0
205730	2022-05-25 18:09:00	2022-05-25 18:24:00	2022-05-25 18:43:00	M1.3		POINT(41 -19)	-19	41	595.0	-300.0
205740	2022-05-26 02:10:00	2022-05-26 02:20:00	2022-05-26 02:25:00	C2.9		POINT(59 11)	11	59	801.0	199.0
205750	2022-05-26 02:53:00	2022-05-26 03:02:00	2022-05-26 03:07:00	C2.1		POINT(65 9)	9	65	851.0	168.0
205760	2022-05-26 03:27:00	2022-05-26 03:42:00	2022-05-26 03:52:00	C2.9		POINT(89 19)	19	89	905.0	321.0
205770	2022-05-26 03:52:00	2022-05-26 03:56:00	2022-05-26 04:00:00	C3.4		POINT(60 11)	11	60	807.0	197.0
205780	2022-05-26 04:42:00	2022-05-26 04:49:00	2022-05-26 04:57:00	C7.2		POINT(63 10)	10	63	801.0	197.0
205790	2022-05-26 10:02:00	2022-05-26 10:07:00	2022-05-26 10:13:00	C1.3		POINT(81 22)	22	81	867.0	361.0
205800	2022-05-26 13:08:00	2022-05-26 13:19:00	2022-05-26 13:25:00	C1.6		POINT(67 12)	12	67	843.0	201.0
205810	2022-05-26 17:31:00	2022-05-26 17:52:00	2022-05-26 18:01:00	C2.8		POINT(68 11)	11	68	863.0	200.0
205820	2022-05-26 19:13:00	2022-05-26 19:21:00	2022-05-26 19:27:00	C1.7		POINT(67 12)	12	67	870.0	199.0
205830	2022-05-27 00:31:00	2022-05-27 00:39:00	2022-05-27 00:43:00	C1.0		POINT(-54 -33)	-33	-54	-647.0	-511.0
205840	2022-05-27 02:16:00	2022-05-27 02:30:00	2022-05-27 02:39:00	C1.9		POINT(89 24)	24	89	873.0	405.0
205850	2022-05-27 11:10:00	2022-05-27 11:27:00	2022-05-27 11:37:00	C2.3		POINT(-10 13)	13	-10	-159.0	237.0
205860	2022-05-27 11:51:00	2022-05-27 12:00:00	2022-05-27 12:11:00	C1.6		POINT(86 12)	12	86	924.0	198.0
205870	2022-05-27 15:30:00	2022-05-27 15:43:00	2022-05-27 15:52:00	C1.3		POINT(-49 -18)	-18	-49	-682.0	-293.0
205880	2022-05-27 19:26:00	2022-05-27 19:33:00	2022-05-27 19:38:00	C1.4		POINT(-46 -32)	-32	-46	-577.0	-494.0
205890	2022-05-27 23:53:00	2022-05-28 00:01:00	2022-05-28 00:07:00	B7.7		POINT(-2 14)	14	-2	-40.0	256.0
205900	2022-05-28 01:29:00	2022-05-28 01:38:00	2022-05-28 01:47:00	B7.5		POINT(-1 13)	13	-1	-17.0	248.0
205910	2022-05-28 06:37:00	2022-05-28 06:46:00	2022-05-28 06:53:00	C1.3		POINT(89 25)	25	89	863.0	404.0
205920	2022-05-28 18:53:00	2022-05-28 19:04:00	2022-05-28 19:12:00	C1.8		POINT(8 12)	12	8	131.0	221.0
205930	2022-05-29 00:42:00	2022-05-29 00:53:00	2022-05-29 01:02:00	B7.4		POINT(89 13)	13	89	931.0	225.0
205940	2022-05-29 16:06:00	2022-05-29 16:14:00	2022-05-29 16:18:00	B4.2		POINT(48 27)	27	48	605.0	448.0
205950	2022-05-29 17:02:00	2022-05-29 17:05:00	2022-05-29 17:09:00	B7.1		POINT(47 27)	27	47	609.0	447.0
205960	2022-05-29 17:39:00	2022-05-29 17:48:00	2022-05-29 17:52:00	B5.0		POINT(64 12)	12	64	835.0	214.0
205970	2022-05-29 18:05:00	2022-05-29 18:12:00	2022-05-29 18:16:00	B5.5	13025.0	POINT(48 27)	27	48	616.0	446.0
205980	2022-05-29 19:37:00	2022-05-29 19:47:00	2022-05-29 19:52:00	B4.7		POINT(49 27)	27	49	630.0	443.0
205990	2022-05-29 20:50:00	2022-05-29 21:00:00	2022-05-29 21:08:00	B7.2		POINT(49 27)	27	49	638.0	445.0
206000	2022-05-30 00:15:00	2022-05-30 00:23:00	2022-05-30 00:29:00	B3.4		POINT(51 27)	27	51	656.0	441.0
206010	2022-05-30 00:50:00	2022-05-30 00:54:00	2022-05-30 00:58:00	B6.1		POINT(25 13)	13	25	398.0	233.0
206020	2022-05-30 02:04:00	2022-05-30 02:27:00	2022-05-30 02:38:00	C1.5		POINT(68 15)	15	68	850.0	257.0
206030	2022-05-30 15:01:00	2022-05-30 15:09:00	2022-05-30 15:17:00	B6.3	13024.0	POINT(-10 -31)	-31	-10	-149.0	-488.0
206040	2022-05-30 16:15:00	2022-05-30 16:26:00	2022-05-30 16:40:00	B2.7		POINT(62 28)	28	62	739.0	459.0
206050	2022-05-30 18:09:00	2022-05-30 18:13:00	2022-05-30 18:17:00	B2.9		POINT(-2 -15)	-15	-2	-44.0	-244.0
206060	2022-05-30 20:29:00	2022-05-30 20:34:00	2022-05-30 20:42:00	B2.5		POINT(63 29)	29	63	740.0	471.0
206070	2022-05-31 14:53:00	2022-05-31 15:08:00	2022-05-31 15:21:00	B6.1		POINT(78 30)	30	78	801.0	478.0
206080	2022-06-01 04:20:00	2022-06-01 04:26:00	2022-06-01 04:37:00	B3.7		POINT(24 16)	16	24	387.0	288.0
206090	2022-06-01 09:32:00	2022-06-01 09:42:00	2022-06-01 09:47:00	B3.3		POINT(26 17)	17	26	397.0	300.0
206100	2022-06-01 11:37:00	2022-06-01 11:47:00	2022-06-01 11:51:00	B8.6		POINT(27 18)	18	27	408.0	288.0
206110	2022-06-01 13:21:00	2022-06-01 13:27:00	2022-06-01 13:31:00	B4.6		POINT(27 15)	15	27	422.0	264.0
206120	2022-06-01 14:43:00	2022-06-01 14:51:00	2022-06-01 14:55:00	B7.4		POINT(29 17)	17	29	431.0	263.0
206130	2022-06-02 02:59:00	2022-06-02 03:10:00	2022-06-02 03:22:00	B5.4		POINT(38 15)	15	38	572.0	259.0
206140	2022-06-02 03:54:00	2022-06-02 04:03:00	2022-06-02 04:11:00	B7.8		POINT(39 15)	15	39	583.0	256.0
206150	2022-06-02 04:56:00	2022-06-02 05:03:00	2022-06-02 05:19:00	B4.9		POINT(40 15)	15	40	593.0	256.0
206160	2022-06-02 05:58:00	2022-06-02 06:21:00	2022-06-02 07:02:00	C1.2		POINT(-89 -16)	-16	-89	-921.0	-265.0
206170	2022-06-02 12:25:00	2022-06-02 12:36:00	2022-06-02 12:42:00	B5.7		POINT(45 16)	16	45	640.0	256.0
206180	2022-06-02 14:18:00	2022-06-02 14:26:00	2022-06-02 14:32:00	B3.8		POINT(45 16)	16	45	648.0	275.0
206190	2022-06-02 15:37:00	2022-06-02 15:44:00	2022-06-02 15:48:00	B3.3		POINT(41 15)	15	41	606.0	256.0
206200	2022-06-02 20:37:00	2022-06-02 20:41:00	2022-06-02 20:46:00	B3.7		POINT(49 14)	14	49	699.0	243.0
206210	2022-06-03 02:43:00	2022-06-03 02:48:00	2022-06-03 02:52:00	B8.1		POINT(33 -35)	-35	33	429.0	-545.0
206220	2022-06-03 07:11:00	2022-06-03 07:20:00	2022-06-03 07:25:00	B6.7		POINT(36 -36)	-36	36	458.0	-554.0
206230	2022-06-04 00:28:00	2022-06-04 00:40:00	2022-06-04 00:55:00	B4.2		POINT(-89 -20)	-20	-89	-905.0	-336.0
206240	2022-06-04 01:15:00	2022-06-04 01:26:00	2022-06-04 01:40:00	B5.1		POINT(-89 -21)	-21	-89	-895.0	-351.0
206250	2022-06-04 17:29:00	2022-06-04 18:02:00	2022-06-04 18:34:00	B7.0		POINT(57 -34)	-34	57	659.0	-534.0
206260	2022-06-04 23:50:00	2022-06-05 00:04:00	2022-06-05 00:14:00	B3.1		POINT(-54 14)	14	-54	-749.0	245.0
206270	2022-06-05 11:32:00	2022-06-05 12:00:00	2022-06-05 12:05:00	C1.3		POINT(-71 -27)	-27	-71	-794.0	-437.0
206280	2022-06-05 12:05:00	2022-06-05 12:25:00	2022-06-05 12:34:00	C1.7		POINT(-74 -29)	-29	-74	-795.0	-461.0
206290	2022-06-06 23:32:00	2022-06-06 23:32:00	2022-06-06 23:38:00	B5.5		POINT(85 -13)	-13	85	935.0	-194.0
206300	2022-06-07 02:04:00	2022-06-07 02:10:00	2022-06-07 02:15:00	B4.1		POINT(89 -11)	-11	89	930.0	-185.0
206310	2022-06-07 03:10:00	2022-06-07 03:14:00	2022-06-07 03:17:00	B4.4		POINT(85 -12)	-12	85	928.0	-192.0
206320	2022-06-07 03:19:00	2022-06-07 03:28:00	2022-06-07 03:37:00	B5.7		POINT(89 -11)	-11	89	932.0	-195.0
206330	2022-06-07 04:00:00	2022-06-07 04:08:00	2022-06-07 04:16:00	B5.4		POINT(89 -11)	-11	89	933.0	-183.0
206340	2022-06-07 17:36:00	2022-06-07 17:42:00	2022-06-07 17:57:00	B3.9		POINT(89 -12)	-12	89	934.0	-203.0
206350	2022-06-09 03:31:00	2022-06-09 03:39:00	2022-06-09 03:44:00	C1.3		POINT(0 -17)	-17	0	-1.0	-290.0
206360	2022-06-09 05:53:00	2022-06-09 06:00:00	2022-06-09 06:11:00	B6.8		POINT(1 -17)	-17	1	19.0	-291.0
206370	2022-06-09 06:11:00	2022-06-09 06:18:00	2022-06-09 06:23:00	B6.0		POINT(0 -17)	-17	0	-5.0	-289.0
206380	2022-06-09 08:33:00	2022-06-09 08:41:00	2022-06-09 08:53:00	B6.2		POINT(-89 19)	19	-89	-903.0	314.0
206390	2022-06-09 08:53:00	2022-06-09 08:59:00	2022-06-09 09:04:00	C1.7		POINT(3 -17)	-17	3	51.0	-288.0
206400	2022-06-09 10:03:00	2022-06-09 10:18:00	2022-06-09 10:37:00	C1.9		POINT(-89 26)	26	-89	-857.0	435.0
206410	2022-06-09 22:03:00	2022-06-09 23:15:00	2022-06-09 23:43:00	C2.6		POINT(-89 17)	17	-89	-967.0	310.0
206420	2022-06-10 02:34:00	2022-06-10 02:42:00	2022-06-10 02:48:00	B8.3		POINT(-89 19)	19	-89	-903.0	311.0
206430	2022-06-10 02:48:00	2022-06-10 03:21:00	2022-06-10 03:35:00	C1.1		POINT(-89 26)	26	-89	-881.0	447.0
206440	2022-06-10 05:34:00	2022-06-10 05:46:00	2022-06-10 06:02:00	C3.7		POINT(-75 21)	21	-75	-860.0	336.0
206450	2022-06-10 08:17:00	2022-06-10 08:32:00	2022-06-10 09:11:00	C4.1		POINT(-89 26)	26	-89	-857.0	428.0
206460	2022-06-10 10:11:00	2022-06-10 10:54:00	2022-06-10 11:14:00	M1.2		POINT(-78 18)	18	-78	-911.0	282.0
206470	2022-06-10 14:10:00	2022-06-10 14:32:00	2022-06-10 15:01:00	C2.3		POINT(-89 18)	18	-89	-897.0	299.0
206480	2022-06-10 21:05:00	2022-06-10 21:12:00	2022-06-10 21:17:00	B8.6		POINT(89 -22)	-22	89	879.0	-362.0
206490	2022-06-11 06:04:00	2022-06-11 06:10:00	2022-06-11 06:17:00	B8.2		POINT(-60 20)	20	-60	-773.0	332.0
206500	2022-06-11 14:01:00	2022-06-11 14:10:00	2022-06-11 14:19:00	C1.2		POINT(-82 18)	18	-82	-890.0	293.0
206510	2022-06-11 21:56:00	2022-06-11 22:27:00	2022-06-11 22:45:00	C1.3		POINT(-89 16)	16	-89	-916.0	264.0
206520	2022-06-12 05:31:00	2022-06-12 08:42:00	2022-06-12 09:30:00	C1.8		POINT(-58 16)	16	-58	-770.0	260.0
206530	2022-06-12 21:29:00	2022-06-12 21:40:00	2022-06-12 21:57:00	C2.0		POINT(-70 15)	15	-70	-860.0	253.0
206540	2022-06-13 02:58:00	2022-06-13 04:07:00	2022-06-13 05:12:00	M3.4		POINT(-45 15)	15	-45	-645.0	244.0
206550	2022-06-13 21:19:00	2022-06-13 21:24:00	2022-06-13 21:28:00	C8.5		POINT(-12 -27)	-27	-12	-183.0	-450.0
206560	2022-06-14 03:44:00	2022-06-14 04:00:00	2022-06-14 04:13:00	C3.5		POINT(-21 21)	21	-21	-323.0	333.0
206570	2022-06-14 05:04:00	2022-06-14 05:20:00	2022-06-14 05:23:00	C4.8		POINT(44 -14)	-14	44	636.0	-228.0
206580	2022-06-14 08:40:00	2022-06-14 08:41:00	2022-06-14 08:43:00	C1.3	13032.0	POINT(-31 21)	21	-31	-454.0	338.0
206590	2022-06-14 09:20:00	2022-06-14 09:21:00	2022-06-14 09:36:00	C1.7	13031.0	POINT(-7 -28)	-28	-7	-102.0	-461.0
206600	2022-06-14 10:58:00	2022-06-14 11:12:00	2022-06-14 11:29:00	C2.8	13030.0	POINT(-17 -20)	-20	-17	-259.0	-323.0
206610	2022-06-14 13:19:00	2022-06-14 13:26:00	2022-06-14 13:32:00	C8.5		POINT(-5 -28)	-28	-5	-65.0	-444.0
206620	2022-06-14 14:11:00	2022-06-14 14:20:00	2022-06-14 14:26:00	C8.6		POINT(48 -14)	-14	48	681.0	-228.0
206630	2022-06-14 15:56:00	2022-06-14 16:02:00	2022-06-14 16:19:00	C1.3		POINT(52 -20)	-20	52	699.0	-323.0
206640	2022-06-14 17:34:00	2022-06-14 17:44:00	2022-06-14 17:59:00	C3.9		POINT(-43 13)	13	-43	-627.0	212.0
206650	2022-06-14 18:27:00	2022-06-14 18:42:00	2022-06-14 18:53:00	C2.2		POINT(-47 16)	16	-47	-670.0	265.0
206660	2022-06-14 23:21:00	2022-06-14 23:24:00	2022-06-14 23:28:00	C2.5		POINT(58 -19)	-19	58	730.0	-237.0
206670	2022-06-15 03:31:00	2022-06-15 03:40:00	2022-06-15 03:49:00	C1.3		POINT(58 -13)	-13	58	780.0	-234.0
206680	2022-06-15 04:24:00	2022-06-15 04:28:00	2022-06-15 04:33:00	C3.3	13029.0	POINT(57 -14)	-14	57	785.0	-232.0
206690	2022-06-15 06:03:00	2022-06-15 06:09:00	2022-06-15 06:13:00	C1.2	13031.0	POINT(3 -29)	-29	3	30.0	-470.0
206700	2022-06-15 07:21:00	2022-06-15 07:25:00	2022-06-15 07:29:00	C3.2	13030.0	POINT(-6 21)	21	-6	-103.0	311.0
206710	2022-06-15 10:15:00	2022-06-15 10:22:00	2022-06-15 10:30:00	B9.5		POINT(7 -28)	-28	7	107.0	-462.0
206720	2022-06-16 01:16:00	2022-06-16 01:21:00	2022-06-16 01:27:00	C1.1		POINT(6 21)	21	6	94.0	323.0
206730	2022-06-16 02:02:00	2022-06-16 02:08:00	2022-06-16 02:12:00	C1.4		POINT(13 -28)	-28	13	191.0	-471.0
206740	2022-06-16 03:47:00	2022-06-16 03:53:00	2022-06-16 03:57:00	M1.6		POINT(14 -28)	-28	14	201.0	-471.0
206750	2022-06-16 12:32:00	2022-06-16 12:33:00	2022-06-16 12:35:00	C1.1		POINT(25 -22)	-22	25	370.0	-353.0
206760	2022-06-16 13:35:00	2022-06-16 13:44:00	2022-06-16 13:48:00	C4.5	13031.0	POINT(18 -28)	-28	18	269.0	-466.0
206770	2022-06-16 15:33:00	2022-06-16 15:38:00	2022-06-16 15:41:00	C1.7		POINT(20 -25)	-25	20	278.0	-463.0
206780	2022-06-16 19:39:00	2022-06-16 19:43:00	2022-06-16 19:47:00	C1.6		POINT(25 -28)	-28	25	356.0	-465.0
206790	2022-06-17 00:44:00	2022-06-17 00:53:00	2022-06-17 00:57:00	C4.6		POINT(25 -28)	-28	25	353.0	-463.0
206800	2022-06-17 02:21:00	2022-06-17 02:24:00	2022-06-17 02:28:00	C1.6		POINT(25 -28)	-28	25	364.0	-467.0
206810	2022-06-17 06:10:00	2022-06-17 06:30:00	2022-06-17 06:47:00	C2.7		POINT(20 18)	18	20	279.0	271.0
206820	2022-06-17 10:52:00	2022-06-17 11:23:00	2022-06-17 11:38:00	C5.6		POINT(25 18)	18	25	402.0	266.0
206830	2022-06-17 13:02:00	2022-06-17 13:19:00	2022-06-17 13:44:00	C2.5		POINT(26 17)	17	26	410.0	259.0
206840	2022-06-17 14:25:00	2022-06-17 15:12:00	2022-06-17 17:08:00	C4.3	13030.0	POINT(27 17)	17	27	431.0	259.0
206850	2022-06-17 18:18:00	2022-06-17 18:25:00	2022-06-17 18:32:00	C3.3		POINT(52 -21)	-21	52	717.0	-341.0
206860	2022-06-18 00:00:00	2022-06-18 00:09:00	2022-06-18 00:11:00	C1.4		POINT(57 -20)	-20	57	746.0	-342.0
206870	2022-06-18 00:11:00	2022-06-18 00:20:00	2022-06-18 00:26:00	C2.1		POINT(-16 -15)	-15	-16	-265.0	-276.0
206880	2022-06-18 11:34:00	2022-06-18 11:39:00	2022-06-18 11:46:00	C1.8		POINT(48 -27)	-27	48	648.0	-459.0
206890	2022-06-18 13:17:00	2022-06-18 13:20:00	2022-06-18 13:23:00	C1.8	13030.0	POINT(40 18)	18	40	503.0	297.0
206900	2022-06-18 17:34:00	2022-06-18 17:44:00	2022-06-18 17:50:00	C1.4		POINT(52 -28)	-28	52	662.0	-457.0
206910	2022-06-18 20:53:00	2022-06-18 21:05:00	2022-06-18 21:12:00	C4.8		POINT(52 -28)	-28	52	670.0	-456.0
206920	2022-06-19 02:38:00	2022-06-19 02:52:00	2022-06-19 03:11:00	C2.0		POINT(67 -19)	-19	67	838.0	-307.0
206930	2022-06-19 06:40:00	2022-06-19 06:48:00	2022-06-19 06:53:00	C2.2	13031.0	POINT(58 -28)	-28	58	713.0	-456.0
206940	2022-06-19 07:10:00	2022-06-19 07:15:00	2022-06-19 07:21:00	C2.0		POINT(-17 15)	15	-17	-246.0	226.0
206950	2022-06-19 13:45:00	2022-06-19 13:52:00	2022-06-19 13:56:00	C1.3		POINT(-11 16)	16	-11	-173.0	260.0
206960	2022-06-19 17:34:00	2022-06-19 17:49:00	2022-06-19 18:00:00	C2.2		POINT(64 -27)	-27	64	755.0	-452.0
206970	2022-06-19 19:53:00	2022-06-19 20:10:00	2022-06-19 20:28:00	C4.0		POINT(-9 15)	15	-9	-137.0	240.0
206980	2022-06-19 21:54:00	2022-06-19 22:04:00	2022-06-19 22:10:00	C2.5	13038.0	POINT(-7 15)	15	-7	-114.0	215.0
206990	2022-06-20 00:55:00	2022-06-20 01:16:00	2022-06-20 02:48:00	C5.0		POINT(55 20)	20	55	726.0	322.0
207000	2022-06-20 04:58:00	2022-06-20 05:06:00	2022-06-20 05:25:00	C2.0		POINT(63 17)	17	63	801.0	318.0
207010	2022-06-20 06:05:00	2022-06-20 06:18:00	2022-06-20 06:28:00	C5.7		POINT(-2 15)	15	-2	-36.0	233.0
207020	2022-06-20 07:08:00	2022-06-20 07:16:00	2022-06-20 07:24:00	C2.4		POINT(73 -27)	-27	73	807.0	-437.0
207030	2022-06-20 14:46:00	2022-06-20 15:17:00	2022-06-20 15:19:00	C4.4	13038.0	POINT(72 20)	20	72	843.0	322.0
207040	2022-06-20 16:05:00	2022-06-20 16:10:00	2022-06-20 16:17:00	C4.5		POINT(74 22)	22	74	833.0	328.0
207050	2022-06-20 22:02:00	2022-06-20 22:05:00	2022-06-20 22:09:00	C2.1		POINT(83 -25)	-25	83	843.0	-415.0
207060	2022-06-20 23:41:00	2022-06-20 23:47:00	2022-06-20 23:53:00	C2.1		POINT(25 -2)	-2	25	398.0	-32.0
207070	2022-06-21 02:33:00	2022-06-21 02:52:00	2022-06-21 03:28:00	C2.5		POINT(88 -28)	-28	88	839.0	-465.0
207080	2022-06-21 04:40:00	2022-06-21 05:42:00	2022-06-21 06:54:00	C1.9	13038.0	POINT(9 16)	16	9	165.0	206.0
207090	2022-06-21 07:13:00	2022-06-21 07:21:00	2022-06-21 07:35:00	C1.9	13038.0	POINT(9 16)	16	9	141.0	260.0
207100	2022-06-21 09:44:00	2022-06-21 09:52:00	2022-06-21 09:57:00	C1.8		POINT(14 18)	18	14	222.0	264.0
207110	2022-06-21 16:01:00	2022-06-21 16:21:00	2022-06-21 16:48:00	C5.6		POINT(88 -25)	-25	88	857.0	-415.0
207120	2022-06-22 04:08:00	2022-06-22 04:16:00	2022-06-22 04:26:00	C1.9		POINT(24 18)	18	24	365.0	291.0
207130	2022-06-22 05:02:00	2022-06-22 05:06:00	2022-06-22 05:10:00	C2.9	13040.0	POINT(-65 -11)	-11	-65	-840.0	-180.0
207140	2022-06-22 06:22:00	2022-06-22 06:40:00	2022-06-22 06:57:00	C1.9	13038.0	POINT(25 17)	17	25	381.0	276.0
207150	2022-06-22 07:48:00	2022-06-22 07:57:00	2022-06-22 08:04:00	C1.6	13038.0	POINT(26 16)	16	26	397.0	260.0
207160	2022-06-22 08:15:00	2022-06-22 08:16:00	2022-06-22 08:29:00	C2.7	13040.0	POINT(-63 -12)	-12	-63	-822.0	-196.0
207170	2022-06-22 08:56:00	2022-06-22 09:10:00	2022-06-22 09:24:00	C1.8	13040.0	POINT(-61 -11)	-11	-61	-810.0	-180.0
207180	2022-06-22 10:24:00	2022-06-22 10:30:00	2022-06-22 10:34:00	C1.5		POINT(-62 -11)	-11	-62	-818.0	-205.0
207190	2022-06-22 11:26:00	2022-06-22 11:34:00	2022-06-22 11:43:00	C1.2	13038.0	POINT(29 17)	17	29	437.0	276.0
207200	2022-06-22 13:02:00	2022-06-22 13:07:00	2022-06-22 13:16:00	C1.1		POINT(29 17)	17	29	450.0	264.0
207210	2022-06-22 14:34:00	2022-06-22 14:39:00	2022-06-22 14:46:00	C1.3		POINT(30 17)	17	30	463.0	266.0
207220	2022-06-22 15:06:00	2022-06-22 15:16:00	2022-06-22 15:26:00	C1.3	13038.0	POINT(30 17)	17	30	451.0	276.0
207230	2022-06-22 15:26:00	2022-06-22 15:43:00	2022-06-22 15:47:00	C1.7		POINT(30 17)	17	30	451.0	276.0
207240	2022-06-22 16:16:00	2022-06-22 16:23:00	2022-06-22 16:27:00	C3.3		POINT(31 18)	18	31	463.0	267.0
207250	2022-06-22 19:06:00	2022-06-22 19:09:00	2022-06-22 19:17:00	C1.1		POINT(33 18)	18	33	500.0	268.0
207260	2022-06-22 20:04:00	2022-06-22 20:07:00	2022-06-22 20:11:00	C1.5		POINT(34 17)	17	34	505.0	266.0
207270	2022-06-22 21:26:00	2022-06-22 21:33:00	2022-06-22 21:40:00	C1.1		POINT(35 17)	17	35	518.0	261.0
207280	2022-06-22 23:28:00	2022-06-22 23:36:00	2022-06-22 23:43:00	C3.5		POINT(34 15)	15	34	514.0	234.0
207290	2022-06-23 08:49:00	2022-06-23 11:20:00	2022-06-23 12:28:00	C4.0		POINT(61 2)	2	61	830.0	24.0
207300	2022-06-23 14:22:00	2022-06-23 14:27:00	2022-06-23 14:32:00	C1.1		POINT(44 17)	17	44	628.0	265.0
207310	2022-06-23 19:57:00	2022-06-23 20:09:00	2022-06-23 20:19:00	C2.2		POINT(47 17)	17	47	665.0	264.0
207320	2022-06-23 20:19:00	2022-06-23 20:23:00	2022-06-23 20:31:00	C3.6		POINT(47 17)	17	47	660.0	259.0
207330	2022-06-23 22:02:00	2022-06-23 22:10:00	2022-06-23 22:14:00	C1.9		POINT(48 17)	17	48	676.0	268.0
207340	2022-06-24 00:09:00	2022-06-24 00:15:00	2022-06-24 00:19:00	B9.1		POINT(50 18)	18	50	683.0	273.0
207350	2022-06-24 04:57:00	2022-06-24 05:06:00	2022-06-24 05:19:00	B6.3		POINT(53 16)	16	53	710.0	253.0
207360	2022-06-24 08:49:00	2022-06-24 08:58:00	2022-06-24 09:13:00	C1.5	13038.0	POINT(57 16)	16	57	757.0	236.0
207370	2022-06-24 12:49:00	2022-06-24 12:56:00	2022-06-24 13:00:00	B7.8		POINT(59 16)	16	59	772.0	234.0
207380	2022-06-24 18:37:00	2022-06-24 18:44:00	2022-06-24 18:51:00	C1.1		POINT(79 -17)	-17	79	882.0	-296.0
207390	2022-06-25 00:53:00	2022-06-25 00:57:00	2022-06-25 01:01:00	B6.5		POINT(82 -18)	-18	82	890.0	-296.0
207400	2022-06-25 01:12:00	2022-06-25 01:21:00	2022-06-25 01:32:00	B6.7		POINT(67 18)	18	67	828.0	284.0
207410	2022-06-25 04:09:00	2022-06-25 04:21:00	2022-06-25 04:26:00	B6.8		POINT(-24 -11)	-11	-24	-385.0	-213.0
207420	2022-06-25 04:26:00	2022-06-25 04:33:00	2022-06-25 04:38:00	B8.1		POINT(86 -18)	-18	86	895.0	-295.0
207430	2022-06-25 07:20:00	2022-06-25 07:26:00	2022-06-25 07:33:00	B6.4		POINT(66 18)	18	66	825.0	279.0
207440	2022-06-25 11:14:00	2022-06-25 11:22:00	2022-06-25 11:33:00	B6.7		POINT(88 -18)	-18	88	900.0	-298.0
207450	2022-06-25 13:52:00	2022-06-25 14:02:00	2022-06-25 14:06:00	C1.2		POINT(-20 -15)	-15	-20	-327.0	-271.0
207460	2022-06-25 22:27:00	2022-06-25 22:34:00	2022-06-25 22:40:00	B6.6	13040.0	POINT(-16 -15)	-15	-16	-260.0	-303.0
207470	2022-06-25 23:47:00	2022-06-25 23:57:00	2022-06-26 00:09:00	C1.0		POINT(-18 -14)	-14	-18	-239.0	-284.0
207480	2022-06-26 00:17:00	2022-06-26 00:30:00	2022-06-26 00:37:00	C1.6		POINT(-18 -14)	-14	-18	-227.0	-238.0
207490	2022-06-26 02:06:00	2022-06-26 02:16:00	2022-06-26 02:27:00	B6.9		POINT(-18 -14)	-14	-18	-205.0	-243.0
207500	2022-06-26 03:10:00	2022-06-26 03:21:00	2022-06-26 03:29:00	C1.5		POINT(74 22)	22	74	889.0	246.0
207510	2022-06-26 07:44:00	2022-06-26 07:50:00	2022-06-26 07:55:00	C1.9	13040.0	POINT(-9 -14)	-14	-9	-163.0	-266.0
207520	2022-06-26 08:00:00	2022-06-26 08:12:00	2022-06-26 08:20:00	C2.4		POINT(-9 -12)	-12	-9	-154.0	-248.0
207530	2022-06-26 12:39:00	2022-06-26 12:43:00	2022-06-26 12:49:00	B5.2		POINT(-8 -16)	-16	-8	-127.0	-298.0
207540	2022-06-26 15:54:00	2022-06-26 15:56:00	2022-06-26 16:00:00	B5.0		POINT(-7 -13)	-13	-7	-85.0	-258.0
207550	2022-06-26 16:41:00	2022-06-26 16:51:00	2022-06-26 16:57:00	B5.3		POINT(-3 -13)	-13	-3	-73.0	-247.0
207560	2022-06-26 19:13:00	2022-06-26 19:20:00	2022-06-26 19:24:00	B4.5		POINT(84 13)	13	84	913.0	217.0
207570	2022-06-26 22:18:00	2022-06-26 22:26:00	2022-06-26 22:35:00	B6.1		POINT(89 16)	16	89	916.0	268.0
207580	2022-06-27 02:03:00	2022-06-27 02:07:00	2022-06-27 02:11:00	B5.3		POINT(-1 -11)	-11	-1	-20.0	-225.0
207590	2022-06-27 08:35:00	2022-06-27 08:42:00	2022-06-27 08:48:00	B3.6		POINT(60 15)	15	60	791.0	233.0
207600	2022-06-27 16:09:00	2022-06-27 16:16:00	2022-06-27 16:21:00	B4.0	13040.0	POINT(6 -10)	-10	6	77.0	-214.0
207610	2022-06-27 17:20:00	2022-06-27 17:34:00	2022-06-27 17:52:00	B8.7		POINT(89 16)	16	89	926.0	273.0
207620	2022-06-27 18:24:00	2022-06-27 18:43:00	2022-06-27 18:52:00	C1.4		POINT(8 -17)	-17	8	128.0	-313.0
207630	2022-06-27 22:40:00	2022-06-27 22:43:00	2022-06-27 22:47:00	B2.9		POINT(8 -10)	-10	8	141.0	-215.0
207640	2022-06-28 03:51:00	2022-06-28 03:58:00	2022-06-28 04:02:00	B6.9		POINT(89 15)	15	89	916.0	251.0
207650	2022-06-28 07:04:00	2022-06-28 07:07:00	2022-06-28 07:11:00	B2.6	13040.0	POINT(18 -12)	-12	18	266.0	-251.0
207660	2022-06-28 07:47:00	2022-06-28 07:50:00	2022-06-28 07:55:00	B7.0	13040.0	POINT(8 -14)	-14	8	283.0	-253.0
207670	2022-06-28 15:05:00	2022-06-28 15:11:00	2022-06-28 15:17:00	B3.0		POINT(14 7)	7	14	238.0	85.0
207680	2022-06-28 17:58:00	2022-06-28 18:01:00	2022-06-28 18:05:00	B4.0		POINT(19 -11)	-11	19	301.0	-236.0
207690	2022-06-28 18:12:00	2022-06-28 18:17:00	2022-06-28 18:21:00	B4.0		POINT(19 -11)	-11	19	303.0	-233.0
207700	2022-06-28 18:54:00	2022-06-28 19:02:00	2022-06-28 19:06:00	B6.5		POINT(19 -11)	-11	19	308.0	-233.0
207710	2022-06-29 02:04:00	2022-06-29 02:08:00	2022-06-29 02:14:00	B6.6	13048.0	POINT(20 -14)	-14	20	375.0	-228.0
207720	2022-06-29 11:11:00	2022-06-29 11:18:00	2022-06-29 11:24:00	B2.1		POINT(89 15)	15	89	916.0	256.0
207730	2022-06-29 12:23:00	2022-06-29 12:27:00	2022-06-29 12:34:00	B2.3		POINT(89 15)	15	89	918.0	256.0
207740	2022-06-29 14:11:00	2022-06-29 14:19:00	2022-06-29 14:26:00	B2.3		POINT(-89 17)	17	-89	-914.0	284.0
207750	2022-06-29 17:42:00	2022-06-29 17:47:00	2022-06-29 17:51:00	B2.4		POINT(89 16)	16	89	909.0	269.0
207760	2022-06-29 18:30:00	2022-06-29 18:37:00	2022-06-29 18:41:00	B2.7		POINT(-45 -10)	-10	-45	-657.0	-163.0
207770	2022-06-29 23:00:00	2022-06-29 23:13:00	2022-06-29 23:20:00	C1.4		POINT(-89 16)	16	-89	-911.0	276.0
207780	2022-06-30 01:05:00	2022-06-30 01:16:00	2022-06-30 01:21:00	B4.2		POINT(89 17)	17	89	903.0	283.0
207790	2022-06-30 02:21:00	2022-06-30 02:29:00	2022-06-30 02:34:00	B3.0		POINT(-39 -11)	-11	-39	-586.0	-225.0
207800	2022-06-30 10:54:00	2022-06-30 11:05:00	2022-06-30 11:11:00	B3.9		POINT(-87 16)	16	-87	-901.0	272.0
207810	2022-06-30 14:42:00	2022-06-30 14:48:00	2022-06-30 14:52:00	B2.2		POINT(-33 -9)	-9	-33	-521.0	-196.0
207820	2022-07-01 03:19:00	2022-07-01 03:25:00	2022-07-01 03:31:00	B4.0		POINT(-73 17)	17	-73	-867.0	263.0
207830	2022-07-01 07:47:00	2022-07-01 07:54:00	2022-07-01 08:00:00	B2.9		POINT(-70 17)	17	-70	-851.0	263.0
207840	2022-07-02 14:49:00	2022-07-02 14:56:00	2022-07-02 15:00:00	B3.0		POINT(-53 16)	16	-53	-724.0	243.0
207850	2022-07-02 18:11:00	2022-07-02 18:20:00	2022-07-02 18:24:00	B3.0		POINT(-51 16)	16	-51	-704.0	243.0
207860	2022-07-02 21:25:00	2022-07-02 21:34:00	2022-07-02 21:38:00	B7.3		POINT(-58 17)	17	-58	-769.0	254.0
207870	2022-07-02 21:38:00	2022-07-02 21:49:00	2022-07-02 21:57:00	B7.3		POINT(-58 17)	17	-58	-769.0	260.0
207880	2022-07-03 00:47:00	2022-07-03 01:04:00	2022-07-03 01:19:00	B6.3		POINT(-56 17)	17	-56	-749.0	251.0
207890	2022-07-03 04:03:00	2022-07-03 04:10:00	2022-07-03 04:15:00	B3.9		POINT(-54 16)	16	-54	-735.0	246.0
207900	2022-07-03 06:32:00	2022-07-03 06:38:00	2022-07-03 06:42:00	B3.5		POINT(-2 -19)	-19	-2	-34.0	-361.0
207910	2022-07-03 07:25:00	2022-07-03 07:33:00	2022-07-03 07:38:00	B3.9		POINT(84 -13)	-13	84	914.0	-219.0
207920	2022-07-03 08:25:00	2022-07-03 08:31:00	2022-07-03 08:35:00	B3.6		POINT(-42 16)	16	-42	-617.0	235.0
207930	2022-07-03 08:49:00	2022-07-03 08:54:00	2022-07-03 09:02:00	B4.5		POINT(89 -13)	-13	89	919.0	-216.0
207940	2022-07-03 10:14:00	2022-07-03 10:18:00	2022-07-03 10:38:00	B2.9		POINT(88 -13)	-13	88	919.0	-221.0
207950	2022-07-03 12:19:00	2022-07-03 12:26:00	2022-07-03 12:31:00	B2.8		POINT(88 -13)	-13	88	920.0	-221.0
207960	2022-07-03 15:26:00	2022-07-03 15:39:00	2022-07-03 15:48:00	B8.3		POINT(88 -13)	-13	88	924.0	-225.0
207970	2022-07-03 17:34:00	2022-07-03 17:40:00	2022-07-03 17:46:00	B5.7		POINT(88 -13)	-13	88	925.0	-226.0
207980	2022-07-03 17:50:00	2022-07-03 17:55:00	2022-07-03 17:59:00	B4.8		POINT(89 -12)	-12	89	920.0	-210.0
207990	2022-07-03 19:32:00	2022-07-03 19:54:00	2022-07-03 20:04:00	C3.1		POINT(88 -13)	-13	88	930.0	-218.0
208000	2022-07-04 02:44:00	2022-07-04 02:54:00	2022-07-04 03:07:00	B4.0		POINT(-89 13)	13	-89	-928.0	228.0
208010	2022-07-04 06:13:00	2022-07-04 06:23:00	2022-07-04 06:37:00	B5.3		POINT(-40 17)	17	-40	-585.0	241.0
208020	2022-07-04 11:46:00	2022-07-04 11:54:00	2022-07-04 12:05:00	C1.0		POINT(-34 17)	17	-34	-517.0	238.0
208030	2022-07-04 11:52:00	2022-07-04 11:53:00	2022-07-04 11:56:00	B8.8		POINT(-35 18)	18	-35	-514.0	291.0
208040	2022-07-04 12:21:00	2022-07-04 12:29:00	2022-07-04 12:35:00	C1.2		POINT(89 -12)	-12	89	929.0	-205.0
208050	2022-07-04 13:23:00	2022-07-04 13:33:00	2022-07-04 13:40:00	C5.1		POINT(-36 19)	19	-36	-532.0	243.0
208060	2022-07-04 21:07:00	2022-07-04 21:19:00	2022-07-04 21:42:00	B8.8		POINT(-89 13)	13	-89	-932.0	231.0
208070	2022-07-04 22:19:00	2022-07-04 22:26:00	2022-07-04 22:36:00	C1.0		POINT(-89 14)	14	-89	-925.0	236.0
208080	2022-07-04 22:36:00	2022-07-04 22:45:00	2022-07-04 22:50:00	C1.1		POINT(-89 14)	14	-89	-917.0	243.0
208090	2022-07-05 00:53:00	2022-07-05 01:17:00	2022-07-05 01:27:00	C1.5		POINT(-89 16)	16	-89	-918.0	265.0
208100	2022-07-05 03:32:00	2022-07-05 03:47:00	2022-07-05 03:59:00	C5.8		POINT(-89 14)	14	-89	-928.0	240.0
208110	2022-07-05 08:52:00	2022-07-05 09:03:00	2022-07-05 09:05:00	C1.3		POINT(-24 18)	18	-24	-365.0	291.0
208120	2022-07-05 10:47:00	2022-07-05 10:57:00	2022-07-05 11:06:00	C1.2		POINT(-89 14)	14	-89	-926.0	231.0
208130	2022-07-05 11:51:00	2022-07-05 11:54:00	2022-07-05 12:01:00	C2.4		POINT(-81 13)	13	-81	-908.0	212.0
208140	2022-07-05 12:26:00	2022-07-05 12:38:00	2022-07-05 12:50:00	C7.5		POINT(-81 13)	13	-81	-916.0	226.0
208150	2022-07-05 18:44:00	2022-07-05 18:54:00	2022-07-05 19:01:00	B8.1		POINT(-82 14)	14	-82	-906.0	230.0
208160	2022-07-05 21:26:00	2022-07-05 21:31:00	2022-07-05 21:37:00	B9.6		POINT(-17 19)	19	-17	-270.0	238.0
208170	2022-07-06 03:30:00	2022-07-06 03:37:00	2022-07-06 03:47:00	B7.5		POINT(-13 17)	17	-13	-219.0	235.0
208180	2022-07-06 03:50:00	2022-07-06 03:56:00	2022-07-06 04:05:00	C1.2		POINT(-77 14)	14	-77	-893.0	221.0
208190	2022-07-06 04:36:00	2022-07-06 04:43:00	2022-07-06 04:48:00	C1.1		POINT(-76 14)	14	-76	-880.0	221.0
208200	2022-07-06 11:12:00	2022-07-06 11:17:00	2022-07-06 11:25:00	B7.0		POINT(-48 15)	15	-48	-686.0	222.0
208210	2022-07-07 01:16:00	2022-07-07 01:29:00	2022-07-07 01:51:00	C1.5		POINT(-80 -19)	-19	-80	-878.0	-318.0
208220	2022-07-08 00:55:00	2022-07-08 01:10:00	2022-07-08 01:35:00	C1.4		POINT(-64 -20)	-20	-64	-797.0	-355.0
208230	2022-07-08 03:27:00	2022-07-08 03:38:00	2022-07-08 03:58:00	C1.0		POINT(-50 13)	13	-50	-704.0	212.0
208240	2022-07-08 08:03:00	2022-07-08 08:08:00	2022-07-08 08:15:00	B7.2		POINT(15 28)	28	15	229.0	394.0
208250	2022-07-08 11:16:00	2022-07-08 11:25:00	2022-07-08 11:29:00	C1.5		POINT(-19 14)	14	-19	-307.0	175.0
208260	2022-07-08 13:22:00	2022-07-08 13:48:00	2022-07-08 14:04:00	C1.2		POINT(-56 -21)	-21	-56	-736.0	-371.0
208270	2022-07-08 14:04:00	2022-07-08 14:21:00	2022-07-08 14:26:00	C1.3		POINT(18 27)	27	18	277.0	397.0
208280	2022-07-08 19:03:00	2022-07-08 19:08:00	2022-07-08 19:16:00	C1.6		POINT(-40 13)	13	-40	-601.0	169.0
208290	2022-07-08 20:07:00	2022-07-08 20:49:00	2022-07-08 21:28:00	M2.5		POINT(-40 20)	20	-40	-577.0	291.0
208300	2022-07-09 06:41:00	2022-07-09 06:50:00	2022-07-09 06:58:00	C1.5		POINT(26 28)	28	26	395.0	396.0
208310	2022-07-09 09:19:00	2022-07-09 09:26:00	2022-07-09 09:30:00	C1.4		POINT(-42 -17)	-17	-42	-612.0	-328.0
208320	2022-07-09 10:56:00	2022-07-09 11:06:00	2022-07-09 11:14:00	C1.5		POINT(-43 -19)	-19	-43	-606.0	-333.0
208330	2022-07-09 11:31:00	2022-07-09 11:37:00	2022-07-09 11:41:00	C1.7		POINT(27 29)	29	27	382.0	399.0
208340	2022-07-09 13:29:00	2022-07-09 13:48:00	2022-07-09 14:05:00	C8.5		POINT(88 -22)	-22	88	872.0	-366.0
208350	2022-07-09 20:56:00	2022-07-09 21:03:00	2022-07-09 21:07:00	C5.1		POINT(32 27)	27	32	449.0	396.0
208360	2022-07-09 22:26:00	2022-07-09 22:45:00	2022-07-09 23:00:00	C4.6		POINT(-2 15)	15	-2	-45.0	199.0
208370	2022-07-10 04:33:00	2022-07-10 04:39:00	2022-07-10 04:43:00	C1.6		POINT(36 28)	28	36	499.0	393.0
208380	2022-07-10 04:46:00	2022-07-10 04:54:00	2022-07-10 05:04:00	C1.6		POINT(36 28)	28	36	495.0	394.0
208390	2022-07-10 09:16:00	2022-07-10 09:24:00	2022-07-10 09:28:00	C2.9		POINT(39 27)	27	39	529.0	394.0
208400	2022-07-10 11:49:00	2022-07-10 11:53:00	2022-07-10 11:58:00	C2.5		POINT(-73 -19)	-19	-73	-868.0	-302.0
208410	2022-07-10 13:17:00	2022-07-10 13:27:00	2022-07-10 13:55:00	C2.8		POINT(-72 -19)	-19	-72	-865.0	-306.0
208420	2022-07-10 13:55:00	2022-07-10 14:03:00	2022-07-10 14:09:00	C4.1		POINT(-70 -19)	-19	-70	-864.0	-305.0
208430	2022-07-10 15:06:00	2022-07-10 15:13:00	2022-07-10 15:24:00	C2.7		POINT(-69 -19)	-19	-69	-833.0	-307.0
208440	2022-07-10 17:16:00	2022-07-10 17:40:00	2022-07-10 17:47:00	C2.6		POINT(-68 -19)	-19	-68	-855.0	-318.0
208450	2022-07-10 18:05:00	2022-07-10 18:11:00	2022-07-10 18:15:00	C4.2		POINT(-69 -17)	-17	-69	-843.0	-301.0
208460	2022-07-10 19:21:00	2022-07-10 19:30:00	2022-07-10 19:37:00	C2.0		POINT(-70 -18)	-18	-70	-847.0	-313.0
208470	2022-07-10 20:19:00	2022-07-10 20:26:00	2022-07-10 20:36:00	C2.0		POINT(-70 -18)	-18	-70	-843.0	-315.0
208480	2022-07-10 20:42:00	2022-07-10 20:45:00	2022-07-10 20:49:00	C2.2		POINT(-67 -17)	-17	-67	-835.0	-306.0
208490	2022-07-10 21:05:00	2022-07-10 21:13:00	2022-07-10 21:19:00	C1.8		POINT(-67 -17)	-17	-67	-832.0	-305.0
208500	2022-07-10 21:19:00	2022-07-10 21:25:00	2022-07-10 21:30:00	C2.0		POINT(-70 -18)	-18	-70	-843.0	-318.0
208510	2022-07-10 21:58:00	2022-07-10 22:02:00	2022-07-10 22:08:00	C2.9		POINT(-68 -17)	-17	-68	-838.0	-309.0
208520	2022-07-10 22:08:00	2022-07-10 22:16:00	2022-07-10 22:20:00	C3.4		POINT(-69 -17)	-17	-69	-840.0	-312.0
208530	2022-07-10 23:30:00	2022-07-10 23:43:00	2022-07-10 23:52:00	M1.3		POINT(-67 -18)	-18	-67	-828.0	-317.0
208540	2022-07-11 00:38:00	2022-07-11 00:48:00	2022-07-11 00:58:00	C4.2		POINT(-67 -18)	-18	-67	-827.0	-318.0
208550	2022-07-11 01:08:00	2022-07-11 01:12:00	2022-07-11 01:16:00	C3.5		POINT(-63 -16)	-16	-63	-810.0	-298.0
208560	2022-07-11 01:44:00	2022-07-11 01:53:00	2022-07-11 02:06:00	C8.8		POINT(-66 -18)	-18	-66	-824.0	-318.0
208570	2022-07-11 04:07:00	2022-07-11 04:16:00	2022-07-11 04:23:00	C1.7		POINT(-66 -17)	-17	-66	-825.0	-312.0
208580	2022-07-11 05:45:00	2022-07-11 05:58:00	2022-07-11 06:09:00	C2.2		POINT(-65 -18)	-18	-65	-812.0	-319.0
208590	2022-07-11 06:59:00	2022-07-11 07:17:00	2022-07-11 07:23:00	C5.1		POINT(58 18)	18	58	769.0	260.0
208600	2022-07-11 08:32:00	2022-07-11 08:34:00	2022-07-11 08:38:00	C1.7		POINT(-12 -14)	-14	-12	-185.0	-296.0
208610	2022-07-11 09:08:00	2022-07-11 09:19:00	2022-07-11 09:39:00	M1.1		POINT(-62 -18)	-18	-62	-794.0	-318.0
208620	2022-07-11 20:29:00	2022-07-11 20:34:00	2022-07-11 20:41:00	C1.4		POINT(-9 -18)	-18	-9	-151.0	-367.0
208630	2022-07-11 21:36:00	2022-07-11 21:42:00	2022-07-11 21:46:00	C1.5		POINT(3 19)	19	3	50.0	246.0
208640	2022-07-11 22:58:00	2022-07-11 23:07:00	2022-07-11 23:23:00	C1.3		POINT(4 15)	15	4	66.0	183.0
208650	2022-07-12 01:45:00	2022-07-12 01:47:00	2022-07-12 01:52:00	C1.6		POINT(-55 -19)	-19	-55	-731.0	-307.0
208660	2022-07-12 02:36:00	2022-07-12 02:37:00	2022-07-12 02:40:00	C2.8		POINT(4 13)	13	4	64.0	212.0
208670	2022-07-12 03:21:00	2022-07-12 03:28:00	2022-07-12 03:36:00	C7.6		POINT(-50 -18)	-18	-50	-698.0	-333.0
208680	2022-07-12 04:23:00	2022-07-12 04:30:00	2022-07-12 04:38:00	C1.8		POINT(-55 19)	19	-55	-731.0	307.0
208690	2022-07-12 09:34:00	2022-07-12 09:42:00	2022-07-12 09:46:00	C2.9		POINT(12 15)	15	12	189.0	244.0
208700	2022-07-12 11:47:00	2022-07-12 11:56:00	2022-07-12 12:02:00	C2.5		POINT(-64 19)	19	-64	-801.0	278.0
208710	2022-07-12 12:04:00	2022-07-12 12:32:00	2022-07-12 12:47:00	C4.0		POINT(11 17)	17	11	171.0	230.0
208720	2022-07-12 13:39:00	2022-07-12 13:43:00	2022-07-12 13:48:00	C3.3		POINT(14 15)	15	14	217.0	186.0
208730	2022-07-12 13:51:00	2022-07-12 13:54:00	2022-07-12 13:58:00	C7.5		POINT(-63 21)	21	-63	-789.0	278.0
208740	2022-07-12 15:53:00	2022-07-12 15:59:00	2022-07-12 16:04:00	C1.6		POINT(-60 19)	19	-60	-780.0	285.0
208750	2022-07-12 18:50:00	2022-07-12 18:55:00	2022-07-12 19:01:00	C1.8		POINT(-63 16)	16	-63	-815.0	233.0
208760	2022-07-12 22:34:00	2022-07-12 22:39:00	2022-07-12 22:46:00	C1.6		POINT(6 -17)	-17	6	106.0	-342.0
208770	2022-07-12 23:24:00	2022-07-12 23:35:00	2022-07-12 23:50:00	C2.3		POINT(-41 -17)	-17	-41	-596.0	-326.0
208780	2022-07-13 01:36:00	2022-07-13 01:46:00	2022-07-13 01:50:00	C1.7		POINT(18 13)	13	18	304.0	230.0
208790	2022-07-13 07:13:00	2022-07-13 07:15:00	2022-07-13 07:17:00	C1.9		POINT(-52 18)	18	-52	-707.0	291.0
208800	2022-07-13 09:53:00	2022-07-13 09:59:00	2022-07-13 10:06:00	C1.4		POINT(-36 -17)	-17	-36	-515.0	-332.0
208810	2022-07-13 15:25:00	2022-07-13 15:33:00	2022-07-13 15:38:00	C1.7		POINT(-33 -17)	-17	-33	-491.0	-276.0
208820	2022-07-13 16:12:00	2022-07-13 16:32:00	2022-07-13 17:09:00	C2.2		POINT(15 -17)	-17	15	233.0	-276.0
208830	2022-07-13 19:20:00	2022-07-13 19:33:00	2022-07-13 20:02:00	C3.2		POINT(-29 -17)	-17	-29	-443.0	-343.0
208840	2022-07-13 20:44:00	2022-07-13 20:59:00	2022-07-13 21:15:00	C3.0		POINT(28 19)	19	28	423.0	254.0
208850	2022-07-13 23:27:00	2022-07-13 23:39:00	2022-07-13 23:47:00	C1.9		POINT(-29 -18)	-18	-29	-439.0	-364.0
208860	2022-07-14 00:41:00	2022-07-14 00:59:00	2022-07-14 01:11:00	C5.1		POINT(-25 -18)	-18	-25	-379.0	-291.0
208870	2022-07-14 02:46:00	2022-07-14 02:54:00	2022-07-14 02:58:00	C4.2		POINT(32 19)	19	32	473.0	248.0
208880	2022-07-14 04:10:00	2022-07-14 04:17:00	2022-07-14 04:21:00	C2.2		POINT(32 18)	18	32	485.0	247.0
208890	2022-07-14 04:22:00	2022-07-14 04:31:00	2022-07-14 04:40:00	M1.2		POINT(-86 14)	14	-86	-900.0	243.0
208900	2022-07-14 04:55:00	2022-07-14 05:02:00	2022-07-14 05:11:00	C5.4		POINT(-22 -17)	-17	-22	-338.0	-276.0
208910	2022-07-14 05:35:00	2022-07-14 05:46:00	2022-07-14 05:57:00	C4.5		POINT(-25 -18)	-18	-25	-379.0	-291.0
208920	2022-07-14 06:40:00	2022-07-14 06:49:00	2022-07-14 07:00:00	C2.6		POINT(-21 -15)	-15	-21	-330.0	-289.0
208930	2022-07-14 08:09:00	2022-07-14 08:16:00	2022-07-14 08:25:00	C2.1		POINT(-76 13)	13	-76	-892.0	212.0
208940	2022-07-14 09:32:00	2022-07-14 10:08:00	2022-07-14 10:27:00	C3.0		POINT(-21 -19)	-19	-21	-368.0	-366.0
208950	2022-07-14 11:54:00	2022-07-14 12:05:00	2022-07-14 12:10:00	C2.8		POINT(37 19)	19	37	535.0	255.0
208960	2022-07-14 12:20:00	2022-07-14 12:25:00	2022-07-14 12:31:00	C2.9		POINT(37 19)	19	37	541.0	248.0
208970	2022-07-14 13:15:00	2022-07-14 13:22:00	2022-07-14 13:24:00	C2.4		POINT(-23 -17)	-17	-23	-325.0	-366.0
208980	2022-07-14 16:21:00	2022-07-14 16:38:00	2022-07-14 16:45:00	C3.6		POINT(-40 19)	19	-40	-597.0	258.0
208990	2022-07-14 21:42:00	2022-07-14 21:48:00	2022-07-14 21:53:00	M2.8		POINT(-69 15)	15	-69	-854.0	229.0
209000	2022-07-14 23:05:00	2022-07-14 23:16:00	2022-07-14 23:24:00	C4.0		POINT(-16 -19)	-19	-16	-260.0	-379.0
209010	2022-07-15 00:33:00	2022-07-15 00:42:00	2022-07-15 00:50:00	C1.8		POINT(-16 -18)	-18	-16	-255.0	-371.0
209020	2022-07-15 05:25:00	2022-07-15 05:31:00	2022-07-15 05:39:00	C2.3		POINT(-12 -18)	-18	-12	-176.0	-361.0
209030	2022-07-15 07:30:00	2022-07-15 07:36:00	2022-07-15 07:40:00	C3.1		POINT(-12 -18)	-18	-12	-143.0	-337.0
209040	2022-07-15 07:55:00	2022-07-15 07:59:00	2022-07-15 08:03:00	C5.5		POINT(-11 -19)	-19	-11	-161.0	-363.0
209050	2022-07-15 11:56:00	2022-07-15 12:05:00	2022-07-15 12:11:00	C5.5		POINT(-60 13)	13	-60	-793.0	173.0
209060	2022-07-15 15:59:00	2022-07-15 16:07:00	2022-07-15 16:15:00	C2.3		POINT(-58 12)	12	-58	-778.0	164.0
209070	2022-07-15 18:10:00	2022-07-15 18:16:00	2022-07-15 18:21:00	C5.8		POINT(-61 13)	13	-61	-841.0	154.0
209080	2022-07-15 18:38:00	2022-07-15 18:44:00	2022-07-15 18:48:00	C2.7		POINT(-3 -16)	-16	-3	-30.0	-328.0
209090	2022-07-15 22:03:00	2022-07-15 22:29:00	2022-07-15 22:50:00	C2.9		POINT(-54 14)	14	-54	-745.0	179.0
209100	2022-07-15 22:53:00	2022-07-15 23:09:00	2022-07-15 23:46:00	C3.7		POINT(-21 19)	19	-21	-314.0	210.0
209110	2022-07-16 02:40:00	2022-07-16 02:48:00	2022-07-16 02:56:00	C2.2		POINT(0 -19)	-19	0	-6.0	-383.0
209120	2022-07-16 05:00:00	2022-07-16 05:07:00	2022-07-16 05:19:00	C2.5		POINT(0 -19)	-19	0	52.0	-320.0
209130	2022-07-16 06:16:00	2022-07-16 06:29:00	2022-07-16 06:34:00	M1.1		POINT(-20 18)	18	-20	-304.0	227.0
209140	2022-07-16 09:52:00	2022-07-16 10:00:00	2022-07-16 10:05:00	C2.0		POINT(-47 13)	13	-47	-682.0	175.0
209150	2022-07-16 13:04:00	2022-07-16 13:11:00	2022-07-16 13:23:00	C1.8		POINT(-64 -8)	-8	-64	-840.0	-131.0
209160	2022-07-16 13:25:00	2022-07-16 13:25:00	2022-07-16 13:48:00	C2.9		POINT(-64 -6)	-6	-64	-843.0	-98.0
209170	2022-07-16 15:33:00	2022-07-16 15:39:00	2022-07-16 15:44:00	M1.4		POINT(53 -17)	-17	53	733.0	-310.0
209180	2022-07-16 20:20:00	2022-07-16 20:31:00	2022-07-16 20:38:00	C3.0		POINT(71 16)	16	71	858.0	260.0
209190	2022-07-17 01:28:00	2022-07-17 03:52:00	2022-07-17 04:34:00	C3.1		POINT(84 22)	22	84	866.0	356.0
209200	2022-07-17 09:44:00	2022-07-17 09:51:00	2022-07-17 09:59:00	C1.9		POINT(-35 15)	15	-35	-529.0	185.0
209210	2022-07-17 10:42:00	2022-07-17 10:48:00	2022-07-17 11:01:00	C1.5		POINT(21 -15)	-15	21	328.0	-321.0
209220	2022-07-17 11:52:00	2022-07-17 12:02:00	2022-07-17 12:19:00	C1.9		POINT(-2 23)	23	-2	-30.0	368.0
209230	2022-07-17 12:20:00	2022-07-17 12:27:00	2022-07-17 12:34:00	C6.5		POINT(-34 15)	15	-34	-506.0	188.0
209240	2022-07-17 16:10:00	2022-07-17 16:16:00	2022-07-17 16:23:00	C2.1		POINT(26 -15)	-15	26	369.0	-320.0
209250	2022-07-17 17:20:00	2022-07-17 17:26:00	2022-07-17 17:31:00	C3.6		POINT(69 -17)	-17	69	840.0	-291.0
209260	2022-07-17 21:30:00	2022-07-17 21:39:00	2022-07-17 21:43:00	C4.8		POINT(26 -16)	-16	26	381.0	-331.0
209270	2022-07-18 13:57:00	2022-07-18 14:00:00	2022-07-18 14:04:00	C1.7		POINT(13 17)	17	13	199.0	211.0
209280	2022-07-18 15:59:00	2022-07-18 16:14:00	2022-07-18 16:29:00	C2.4		POINT(16 14)	14	16	291.0	222.0
209290	2022-07-18 23:49:00	2022-07-18 23:54:00	2022-07-18 23:59:00	C3.9		POINT(-13 15)	15	-13	-205.0	177.0
209300	2022-07-19 02:09:00	2022-07-19 02:17:00	2022-07-19 02:26:00	C1.6		POINT(88 -19)	-19	88	911.0	-328.0
209310	2022-07-19 02:39:00	2022-07-19 02:52:00	2022-07-19 03:18:00	C2.2		POINT(18 20)	20	18	284.0	261.0
209320	2022-07-19 04:24:00	2022-07-19 04:29:00	2022-07-19 04:36:00	C2.3		POINT(52 24)	24	52	679.0	384.0
209330	2022-07-19 11:03:00	2022-07-19 11:12:00	2022-07-19 11:22:00	C1.3		POINT(87 -26)	-26	87	849.0	-419.0
209340	2022-07-19 13:20:00	2022-07-19 13:30:00	2022-07-19 13:57:00	C1.5		POINT(47 -22)	-22	47	646.0	-403.0
209350	2022-07-19 17:13:00	2022-07-19 17:23:00	2022-07-19 17:29:00	C1.6		POINT(27 18)	18	27	428.0	225.0
209360	2022-07-19 22:50:00	2022-07-19 22:54:00	2022-07-19 23:08:00	C1.8		POINT(53 -17)	-17	53	727.0	-322.0
209370	2022-07-20 02:06:00	2022-07-20 02:15:00	2022-07-20 02:19:00	C3.3		POINT(-4 13)	13	-4	-68.0	181.0
209380	2022-07-20 05:17:00	2022-07-20 05:23:00	2022-07-20 05:29:00	C1.1		POINT(55 -18)	-18	55	740.0	-336.0
209390	2022-07-20 08:55:00	2022-07-20 09:02:00	2022-07-20 09:06:00	C1.8		POINT(54 -19)	-19	54	841.0	-253.0
209400	2022-07-20 14:58:00	2022-07-20 15:04:00	2022-07-20 15:10:00	C2.0		POINT(65 -16)	-16	65	829.0	-293.0
209410	2022-07-20 16:53:00	2022-07-20 16:57:00	2022-07-20 17:07:00	C1.1		POINT(68 -13)	-13	68	859.0	-242.0
209420	2022-07-20 19:17:00	2022-07-20 19:31:00	2022-07-20 19:45:00	C2.9		POINT(68 -16)	-16	68	843.0	-290.0
209430	2022-07-20 22:33:00	2022-07-20 22:37:00	2022-07-20 22:45:00	C1.3		POINT(72 -14)	-14	72	871.0	-260.0
209440	2022-07-20 23:01:00	2022-07-21 00:09:00	2022-07-21 00:25:00	C4.1		POINT(-81 -25)	-25	-81	-841.0	-419.0
209450	2022-07-21 00:38:00	2022-07-21 00:44:00	2022-07-21 00:48:00	C4.2		POINT(49 18)	18	49	678.0	254.0
209460	2022-07-21 01:02:00	2022-07-21 01:11:00	2022-07-21 01:33:00	C5.6		POINT(2 13)	13	2	36.0	148.0
209470	2022-07-21 06:08:00	2022-07-21 06:15:00	2022-07-21 06:23:00	C1.3		POINT(74 -16)	-16	74	870.0	-293.0
209480	2022-07-21 11:16:00	2022-07-21 11:49:00	2022-07-21 12:11:00	C3.1		POINT(-25 9)	9	-25	-394.0	147.0
209490	2022-07-21 12:49:00	2022-07-21 12:56:00	2022-07-21 13:05:00	C2.6		POINT(76 -17)	-17	76	876.0	-303.0
209500	2022-07-21 15:12:00	2022-07-21 15:22:00	2022-07-21 15:34:00	C1.5		POINT(-24 9)	9	-24	-371.0	85.0
209510	2022-07-21 19:49:00	2022-07-21 19:58:00	2022-07-21 20:02:00	C1.3		POINT(61 16)	16	61	776.0	242.0
209520	2022-07-21 20:42:00	2022-07-21 20:54:00	2022-07-21 21:03:00	B8.9		POINT(88 -17)	-17	88	900.0	-282.0
209530	2022-07-21 22:13:00	2022-07-21 22:23:00	2022-07-21 22:30:00	C1.6		POINT(-19 11)	11	-19	-315.0	86.0
209540	2022-07-21 23:39:00	2022-07-21 23:46:00	2022-07-21 23:54:00	C6.1		POINT(85 -17)	-17	85	896.0	-293.0
209550	2022-07-22 00:56:00	2022-07-22 01:00:00	2022-07-22 01:04:00	B9.7		POINT(63 18)	18	63	812.0	230.0
209560	2022-07-22 03:07:00	2022-07-22 03:16:00	2022-07-22 03:24:00	C1.5		POINT(-18 11)	11	-18	-285.0	93.0
209570	2022-07-22 04:09:00	2022-07-22 04:20:00	2022-07-22 04:29:00	B9.1		POINT(66 18)	18	66	821.0	266.0
209580	2022-07-22 07:45:00	2022-07-22 08:01:00	2022-07-22 08:19:00	C1.1		POINT(63 18)	18	63	800.0	270.0
209590	2022-07-22 11:44:00	2022-07-22 11:51:00	2022-07-22 11:58:00	C1.0		POINT(-12 10)	10	-12	-209.0	92.0
209600	2022-07-22 12:57:00	2022-07-22 13:04:00	2022-07-22 13:08:00	B8.8		POINT(-4 8)	8	-4	-71.0	62.0
209610	2022-07-22 13:08:00	2022-07-22 13:14:00	2022-07-22 13:18:00	B9.0		POINT(87 -19)	-19	87	902.0	-318.0
209620	2022-07-22 13:48:00	2022-07-22 13:56:00	2022-07-22 14:05:00	B9.0		POINT(-7 -19)	-19	-7	-120.0	-389.0
209630	2022-07-22 14:45:00	2022-07-22 14:54:00	2022-07-22 14:59:00	B7.4		POINT(87 -22)	-22	87	878.0	-365.0
209640	2022-07-22 14:59:00	2022-07-22 15:16:00	2022-07-22 15:21:00	B8.1		POINT(34 14)	14	34	519.0	170.0
209650	2022-07-22 21:25:00	2022-07-22 21:35:00	2022-07-22 21:42:00	B9.8		POINT(-7 10)	10	-7	-122.0	84.0
209660	2022-07-23 05:27:00	2022-07-23 05:32:00	2022-07-23 05:37:00	B7.4		POINT(-2 10)	10	-2	-24.0	87.0
209670	2022-07-23 07:57:00	2022-07-23 08:11:00	2022-07-23 08:17:00	C1.3		POINT(79 15)	15	79	895.0	244.0
209680	2022-07-23 09:17:00	2022-07-23 09:24:00	2022-07-23 09:30:00	B9.5		POINT(-31 -22)	-22	-31	-464.0	-421.0
209690	2022-07-23 09:34:00	2022-07-23 09:46:00	2022-07-23 09:54:00	C1.7		POINT(0 11)	11	0	10.0	88.0
209700	2022-07-23 09:54:00	2022-07-23 10:02:00	2022-07-23 10:06:00	C1.8		POINT(83 18)	18	83	888.0	294.0
209710	2022-07-23 10:42:00	2022-07-23 10:47:00	2022-07-23 10:55:00	B6.9		POINT(85 17)	17	85	897.0	278.0
209720	2022-07-23 14:06:00	2022-07-23 14:10:00	2022-07-23 14:16:00	B9.0		POINT(79 18)	18	79	881.0	288.0
209730	2022-07-23 14:37:00	2022-07-23 14:47:00	2022-07-23 14:55:00	C1.0		POINT(87 18)	18	87	894.0	293.0
209740	2022-07-23 15:04:00	2022-07-23 15:11:00	2022-07-23 15:19:00	C1.8		POINT(3 10)	10	3	41.0	84.0
209750	2022-07-23 17:47:00	2022-07-23 18:05:00	2022-07-23 18:20:00	C1.9		POINT(88 18)	18	88	898.0	296.0
209760	2022-07-23 19:32:00	2022-07-23 19:43:00	2022-07-23 19:54:00	C1.6		POINT(5 12)	12	5	88.0	84.0
209770	2022-07-23 22:35:00	2022-07-23 22:41:00	2022-07-23 22:47:00	C3.6		POINT(88 18)	18	88	897.0	296.0
209780	2022-07-24 02:35:00	2022-07-24 02:51:00	2022-07-24 03:00:00	B6.7		POINT(48 11)	11	48	694.0	138.0
209790	2022-07-24 06:25:00	2022-07-24 07:31:00	2022-07-24 08:13:00	C2.6		POINT(88 18)	18	88	919.0	315.0
209800	2022-07-24 10:11:00	2022-07-24 10:24:00	2022-07-24 10:35:00	C1.8		POINT(41 13)	13	41	605.0	151.0
209810	2022-07-24 11:55:00	2022-07-24 12:11:00	2022-07-24 12:24:00	B8.6		POINT(54 11)	11	54	750.0	127.0
209820	2022-07-24 14:57:00	2022-07-24 15:02:00	2022-07-24 15:06:00	B4.9		POINT(57 10)	10	57	786.0	129.0
209830	2022-07-24 18:32:00	2022-07-24 19:04:00	2022-07-24 19:36:00	B9.2		POINT(-18 -27)	-27	-18	-269.0	-502.0
209840	2022-07-25 07:02:00	2022-07-25 07:12:00	2022-07-25 07:21:00	B8.5		POINT(-88 19)	19	-88	-903.0	318.0
209850	2022-07-25 08:23:00	2022-07-25 08:33:00	2022-07-25 08:39:00	C1.4		POINT(-88 19)	19	-88	-900.0	318.0
209860	2022-07-25 13:15:00	2022-07-25 13:32:00	2022-07-25 13:45:00	B9.0		POINT(-88 18)	18	-88	-908.0	309.0
209870	2022-07-25 21:49:00	2022-07-25 21:57:00	2022-07-25 22:04:00	B3.5		POINT(-88 18)	18	-88	-895.0	305.0
209880	2022-07-26 01:38:00	2022-07-26 01:49:00	2022-07-26 02:00:00	B3.8		POINT(-86 18)	18	-86	-891.0	300.0
209890	2022-07-26 02:48:00	2022-07-26 02:53:00	2022-07-26 02:57:00	B3.9		POINT(61 10)	10	61	813.0	137.0
209900	2022-07-26 03:41:00	2022-07-26 03:47:00	2022-07-26 03:51:00	B3.2		POINT(-79 18)	18	-79	-878.0	290.0
209910	2022-07-26 05:51:00	2022-07-26 05:58:00	2022-07-26 06:02:00	B3.6		POINT(-78 19)	19	-78	-885.0	292.0
209920	2022-07-26 09:59:00	2022-07-26 10:06:00	2022-07-26 10:12:00	B4.1		POINT(81 11)	11	81	917.0	173.0
209930	2022-07-26 15:12:00	2022-07-26 15:35:00	2022-07-26 15:47:00	C8.5		POINT(89 9)	9	89	936.0	162.0
209940	2022-07-26 22:07:00	2022-07-26 22:11:00	2022-07-26 22:16:00	B3.0		POINT(89 11)	11	89	933.0	185.0
209950	2022-07-26 22:22:00	2022-07-26 22:31:00	2022-07-26 22:36:00	B5.2		POINT(89 11)	11	89	931.0	185.0
209960	2022-07-27 00:27:00	2022-07-27 00:31:00	2022-07-27 00:35:00	B3.2		POINT(89 11)	11	89	930.0	192.0
209970	2022-07-27 02:18:00	2022-07-27 02:23:00	2022-07-27 02:34:00	B2.2		POINT(89 11)	11	89	933.0	190.0
209980	2022-07-27 09:19:00	2022-07-27 09:24:00	2022-07-27 09:29:00	B3.0		POINT(40 -22)	-22	40	572.0	-427.0
209990	2022-07-27 10:22:00	2022-07-27 10:34:00	2022-07-27 10:44:00	B2.9		POINT(61 -21)	-21	61	770.0	-386.0
210000	2022-07-27 10:49:00	2022-07-27 10:56:00	2022-07-27 11:03:00	C3.5		POINT(-88 -17)	-17	-88	-902.0	-287.0
210010	2022-07-27 11:51:00	2022-07-27 12:02:00	2022-07-27 12:09:00	B4.7		POINT(42 -22)	-22	42	590.0	-425.0
210020	2022-07-27 16:36:00	2022-07-27 16:50:00	2022-07-27 17:00:00	B4.8		POINT(-87 -17)	-17	-87	-902.0	-287.0
210030	2022-07-27 18:28:00	2022-07-27 18:33:00	2022-07-27 18:38:00	B2.3		POINT(-80 -16)	-16	-80	-890.0	-287.0
210040	2022-07-28 06:02:00	2022-07-28 06:08:00	2022-07-28 06:14:00	B2.8		POINT(70 9)	9	70	878.0	120.0
210050	2022-07-29 02:59:00	2022-07-29 03:05:00	2022-07-29 03:20:00	B1.7		POINT(-57 -16)	-16	-57	-762.0	-309.0
210060	2022-07-29 04:28:00	2022-07-29 04:31:00	2022-07-29 04:38:00	C4.2		POINT(-56 -16)	-16	-56	-760.0	-309.0
210070	2022-07-29 06:06:00	2022-07-29 06:13:00	2022-07-29 06:18:00	B2.5		POINT(-55 -15)	-15	-55	-750.0	-308.0
210080	2022-07-29 07:40:00	2022-07-29 07:51:00	2022-07-29 07:58:00	B2.8		POINT(-53 -16)	-16	-53	-738.0	-302.0
210090	2022-07-29 08:34:00	2022-07-29 08:48:00	2022-07-29 08:53:00	B4.7		POINT(-54 -15)	-15	-54	-739.0	-311.0
210100	2022-07-29 10:25:00	2022-07-29 10:35:00	2022-07-29 10:39:00	B4.6		POINT(-53 -16)	-16	-53	-728.0	-310.0
210110	2022-07-29 12:18:00	2022-07-29 12:22:00	2022-07-29 12:27:00	B2.4		POINT(-52 -17)	-17	-52	-722.0	-314.0
210120	2022-07-29 13:07:00	2022-07-29 13:14:00	2022-07-29 13:18:00	B2.0		POINT(-52 -16)	-16	-52	-717.0	-315.0
210130	2022-07-29 13:52:00	2022-07-29 13:57:00	2022-07-29 14:05:00	B2.3		POINT(-35 20)	20	-35	-513.0	255.0
210140	2022-07-29 16:01:00	2022-07-29 16:10:00	2022-07-29 16:15:00	B3.0		POINT(-49 -15)	-15	-49	-697.0	-311.0
210150	2022-07-29 19:42:00	2022-07-29 19:47:00	2022-07-29 19:53:00	B1.6		POINT(-47 -15)	-15	-47	-675.0	-311.0
210160	2022-07-30 00:28:00	2022-07-30 00:35:00	2022-07-30 00:42:00	B3.0		POINT(-86 -30)	-30	-86	-815.0	-479.0
210170	2022-07-30 05:26:00	2022-07-30 05:31:00	2022-07-30 05:35:00	B1.8		POINT(-42 -15)	-15	-42	-618.0	-320.0
210180	2022-07-30 12:02:00	2022-07-30 12:13:00	2022-07-30 12:22:00	B2.6		POINT(-38 -18)	-18	-38	-564.0	-364.0
210190	2022-07-30 13:45:00	2022-07-30 13:54:00	2022-07-30 14:05:00	B2.0		POINT(-38 -15)	-15	-38	-566.0	-319.0
210200	2022-07-30 14:54:00	2022-07-30 14:58:00	2022-07-30 15:05:00	B2.8		POINT(-37 -15)	-15	-37	-561.0	-318.0
210210	2022-07-30 17:18:00	2022-07-30 17:24:00	2022-07-30 17:30:00	B2.1		POINT(66 -23)	-23	66	796.0	-409.0
210220	2022-07-30 18:13:00	2022-07-30 18:21:00	2022-07-30 18:32:00	B1.6		POINT(-35 -16)	-16	-35	-527.0	-341.0
210230	2022-07-30 21:31:00	2022-07-30 21:58:00	2022-07-30 22:27:00	B3.7		POINT(52 -19)	-19	52	710.0	-362.0
210240	2022-07-31 04:00:00	2022-07-31 04:07:00	2022-07-31 04:39:00	B1.9		POINT(-76 14)	14	-76	-890.0	219.0
210250	2022-07-31 17:12:00	2022-07-31 17:20:00	2022-07-31 17:30:00	B4.4		POINT(-19 -14)	-14	-19	-311.0	-325.0
210260	2022-07-31 22:41:00	2022-07-31 23:09:00	2022-07-31 23:44:00	C9.3		POINT(-88 15)	15	-88	-934.0	267.0
210270	2022-08-01 07:08:00	2022-08-01 07:19:00	2022-08-01 07:42:00	B4.2		POINT(-13 -15)	-15	-13	-219.0	-344.0
210280	2022-08-01 10:59:00	2022-08-01 11:02:00	2022-08-01 11:07:00	B5.2		POINT(-11 -16)	-16	-11	-192.0	-333.0
210290	2022-08-01 11:11:00	2022-08-01 11:20:00	2022-08-01 11:31:00	B5.8		POINT(75 -18)	-18	75	870.0	-314.0
210300	2022-08-01 14:32:00	2022-08-01 14:43:00	2022-08-01 14:50:00	B9.7		POINT(80 -18)	-18	80	886.0	-306.0
210310	2022-08-01 16:03:00	2022-08-01 16:09:00	2022-08-01 16:16:00	B3.4		POINT(82 -18)	-18	82	890.0	-305.0
210320	2022-08-01 17:03:00	2022-08-01 17:14:00	2022-08-01 17:25:00	B6.0		POINT(82 -17)	-17	82	892.0	-297.0
210330	2022-08-01 20:44:00	2022-08-01 20:55:00	2022-08-01 21:07:00	B4.3		POINT(87 -18)	-18	87	900.0	-299.0
210340	2022-08-01 21:42:00	2022-08-01 21:59:00	2022-08-01 22:10:00	B4.7		POINT(87 -17)	-17	87	905.0	-293.0
210350	2022-08-01 22:15:00	2022-08-01 22:21:00	2022-08-01 22:32:00	B5.1		POINT(82 -17)	-17	82	894.0	-291.0
210360	2022-08-02 06:36:00	2022-08-02 06:47:00	2022-08-02 07:04:00	B7.3		POINT(87 -17)	-17	87	910.0	-284.0
210370	2022-08-02 07:39:00	2022-08-02 07:47:00	2022-08-02 07:55:00	B5.5		POINT(87 -16)	-16	87	914.0	-279.0
210380	2022-08-02 08:25:00	2022-08-02 08:31:00	2022-08-02 08:36:00	B7.1		POINT(-4 -16)	-16	-4	-63.0	-260.0
210390	2022-08-02 09:54:00	2022-08-02 10:00:00	2022-08-02 10:11:00	B9.5		POINT(87 -18)	-18	87	906.0	-299.0
210400	2022-08-02 14:30:00	2022-08-02 14:42:00	2022-08-02 14:45:00	B8.4		POINT(88 -16)	-16	88	920.0	-269.0
210410	2022-08-02 14:54:00	2022-08-02 14:58:00	2022-08-02 15:02:00	B7.7		POINT(8 -14)	-14	8	134.0	-330.0
210420	2022-08-02 15:15:00	2022-08-02 15:33:00	2022-08-02 15:41:00	C4.2		POINT(87 -17)	-17	87	911.0	-297.0
210430	2022-08-02 17:11:00	2022-08-02 17:20:00	2022-08-02 17:37:00	C1.7		POINT(87 -16)	-16	87	917.0	-281.0
210440	2022-08-02 21:09:00	2022-08-02 21:21:00	2022-08-02 21:23:00	B4.7		POINT(87 -16)	-16	87	921.0	-273.0
210450	2022-08-02 21:23:00	2022-08-02 21:32:00	2022-08-02 21:38:00	B5.5		POINT(88 -16)	-16	88	920.0	-268.0
210460	2022-08-03 01:20:00	2022-08-03 01:33:00	2022-08-03 01:47:00	B8.7		POINT(88 -15)	-15	88	922.0	-256.0
210470	2022-08-03 02:39:00	2022-08-03 02:47:00	2022-08-03 02:52:00	C1.3		POINT(15 -14)	-14	15	245.0	-335.0
210480	2022-08-03 04:34:00	2022-08-03 04:44:00	2022-08-03 04:49:00	B7.9		POINT(16 -14)	-14	16	260.0	-332.0
210490	2022-08-03 08:53:00	2022-08-03 09:24:00	2022-08-03 09:53:00	B8.2		POINT(87 -17)	-17	87	917.0	-290.0
210500	2022-08-03 16:54:00	2022-08-03 17:08:00	2022-08-03 17:13:00	C6.9		POINT(22 -12)	-12	22	358.0	-314.0
210510	2022-08-03 17:50:00	2022-08-03 17:58:00	2022-08-03 18:06:00	B6.4		POINT(24 -14)	-14	24	380.0	-327.0
210520	2022-08-04 07:00:00	2022-08-04 07:07:00	2022-08-04 07:12:00	B3.9		POINT(32 -14)	-14	32	499.0	-309.0
210530	2022-08-04 11:45:00	2022-08-04 11:50:00	2022-08-04 11:55:00	B5.7		POINT(34 -13)	-13	34	524.0	-301.0
210540	2022-08-04 14:44:00	2022-08-04 14:51:00	2022-08-04 15:00:00	B7.3		POINT(-88 -15)	-15	-88	-923.0	-252.0
210550	2022-08-05 00:43:00	2022-08-05 00:44:00	2022-08-05 00:45:00	C1.1		POINT(43 -13)	-13	43	633.0	-292.0
210560	2022-08-05 05:56:00	2022-08-05 06:07:00	2022-08-05 06:11:00	C5.5		POINT(33 -34)	-34	33	416.0	-609.0
210570	2022-08-05 06:29:00	2022-08-05 06:44:00	2022-08-05 06:51:00	C4.9		POINT(41 -13)	-13	41	677.0	-298.0
210580	2022-08-05 09:50:00	2022-08-05 10:00:00	2022-08-05 10:05:00	C1.0		POINT(47 -13)	-13	47	683.0	-283.0
210590	2022-08-05 10:45:00	2022-08-05 10:49:00	2022-08-05 10:53:00	B7.8		POINT(47 -14)	-14	47	678.0	-303.0
210600	2022-08-05 14:16:00	2022-08-05 14:22:00	2022-08-05 14:29:00	B7.3		POINT(43 -14)	-14	43	634.0	-311.0
210610	2022-08-05 19:42:00	2022-08-05 19:50:00	2022-08-05 19:54:00	B6.8		POINT(55 -17)	-17	55	738.0	-344.0
210620	2022-08-05 23:38:00	2022-08-05 23:49:00	2022-08-06 00:05:00	B6.6		POINT(-88 19)	19	-88	-906.0	317.0
210630	2022-08-06 00:56:00	2022-08-06 01:06:00	2022-08-06 01:12:00	B8.1		POINT(42 -23)	-23	42	563.0	-459.0
210640	2022-08-06 04:35:00	2022-08-06 04:41:00	2022-08-06 04:46:00	B7.6		POINT(42 -24)	-24	42	581.0	-456.0
210650	2022-08-06 06:45:00	2022-08-06 06:58:00	2022-08-06 07:05:00	B8.5		POINT(43 -24)	-24	43	593.0	-459.0
210660	2022-08-06 13:42:00	2022-08-06 13:48:00	2022-08-06 13:52:00	B7.3		POINT(63 -13)	-13	63	827.0	-256.0
210670	2022-08-06 22:53:00	2022-08-06 23:08:00	2022-08-06 23:21:00	B9.4		POINT(69 -13)	-13	69	864.0	-249.0
210680	2022-08-07 12:10:00	2022-08-07 12:17:00	2022-08-07 12:22:00	B9.0		POINT(-64 20)	20	-64	-803.0	288.0
210690	2022-08-07 21:22:00	2022-08-07 21:29:00	2022-08-07 21:34:00	B7.5		POINT(65 -22)	-22	65	794.0	-404.0
210700	2022-08-07 22:29:00	2022-08-07 22:35:00	2022-08-07 22:40:00	C1.1		POINT(63 -26)	-26	63	758.0	-463.0
210710	2022-08-07 22:53:00	2022-08-07 23:06:00	2022-08-07 23:15:00	C1.6		POINT(87 -17)	-17	87	905.0	-286.0
210720	2022-08-08 13:52:00	2022-08-08 13:59:00	2022-08-08 14:04:00	B7.9		POINT(-40 -15)	-15	-40	-578.0	-342.0
210730	2022-08-08 21:53:00	2022-08-08 22:00:00	2022-08-08 22:05:00	B6.8		POINT(-35 -16)	-16	-35	-521.0	-353.0
210740	2022-08-09 15:19:00	2022-08-09 15:22:00	2022-08-09 15:27:00	B6.1		POINT(87 -23)	-23	87	876.0	-376.0
210750	2022-08-09 21:38:00	2022-08-09 21:49:00	2022-08-09 21:56:00	B5.1		POINT(87 -22)	-22	87	882.0	-368.0
210760	2022-08-09 23:16:00	2022-08-09 23:24:00	2022-08-09 23:33:00	B6.4		POINT(87 -22)	-22	87	883.0	-363.0
210770	2022-08-10 00:52:00	2022-08-10 01:02:00	2022-08-10 01:11:00	B9.0		POINT(85 -31)	-31	85	816.0	-504.0
210780	2022-08-10 01:11:00	2022-08-10 01:15:00	2022-08-10 01:20:00	B8.1		POINT(85 -32)	-32	85	807.0	-516.0
210790	2022-08-10 05:29:00	2022-08-10 05:38:00	2022-08-10 05:44:00	B6.3		POINT(87 -22)	-22	87	879.0	-371.0
210800	2022-08-11 00:35:00	2022-08-11 00:51:00	2022-08-11 01:14:00	B6.3		POINT(87 -22)	-22	87	891.0	-375.0
210810	2022-08-11 05:59:00	2022-08-11 06:17:00	2022-08-11 06:30:00	C1.1		POINT(27 -19)	-19	27	408.0	-405.0
210820	2022-08-11 06:30:00	2022-08-11 06:58:00	2022-08-11 07:19:00	C1.2		POINT(30 -17)	-17	30	467.0	-326.0
210830	2022-08-11 16:09:00	2022-08-11 16:13:00	2022-08-11 16:16:00	B4.9		POINT(-20 13)	13	-20	-325.0	119.0
210840	2022-08-11 16:16:00	2022-08-11 16:24:00	2022-08-11 16:28:00	C1.1		POINT(-19 13)	13	-19	-315.0	120.0
210850	2022-08-12 00:18:00	2022-08-12 00:30:00	2022-08-12 00:38:00	B7.0		POINT(11 -12)	-12	11	134.0	-317.0
210860	2022-08-12 04:52:00	2022-08-12 04:58:00	2022-08-12 05:05:00	C1.1		POINT(-12 14)	14	-12	-212.0	115.0
210870	2022-08-12 05:05:00	2022-08-12 05:10:00	2022-08-12 05:15:00	C1.1		POINT(-12 13)	13	-12	-198.0	120.0
210880	2022-08-12 08:11:00	2022-08-12 08:16:00	2022-08-12 08:21:00	B9.8		POINT(42 -16)	-16	42	594.0	-357.0
210890	2022-08-12 10:07:00	2022-08-12 10:20:00	2022-08-12 10:28:00	C2.1		POINT(40 -19)	-19	40	582.0	-386.0
210900	2022-08-12 12:26:00	2022-08-12 12:36:00	2022-08-12 12:47:00	B6.8		POINT(-41 -25)	-25	-41	-568.0	-479.0
210910	2022-08-12 16:21:00	2022-08-12 16:32:00	2022-08-12 16:44:00	C1.2		POINT(7 -9)	-9	7	113.0	-148.0
210920	2022-08-12 18:03:00	2022-08-12 18:17:00	2022-08-12 18:27:00	B9.3		POINT(7 -9)	-9	7	113.0	-148.0
210930	2022-08-12 19:11:00	2022-08-12 19:17:00	2022-08-12 19:36:00	B6.1		POINT(7 -10)	-10	7	113.0	-164.0
210940	2022-08-12 22:46:00	2022-08-12 23:02:00	2022-08-12 23:11:00	B7.3		POINT(-1 11)	11	-1	-23.0	90.0
210950	2022-08-12 23:11:00	2022-08-12 23:21:00	2022-08-12 23:29:00	C1.2		POINT(10 -11)	-11	10	161.0	-180.0
210960	2022-08-12 23:29:00	2022-08-12 23:34:00	2022-08-12 23:40:00	C1.3		POINT(9 -11)	-11	9	145.0	-180.0
210970	2022-08-13 00:36:00	2022-08-13 00:43:00	2022-08-13 00:48:00	C1.2		POINT(14 -12)	-12	14	174.0	-288.0
210980	2022-08-13 00:58:00	2022-08-13 01:06:00	2022-08-13 01:12:00	B9.4		POINT(11 -11)	-11	11	177.0	-180.0
210990	2022-08-13 01:19:00	2022-08-13 01:28:00	2022-08-13 01:32:00	C1.1		POINT(11 -11)	-11	11	177.0	-180.0
211000	2022-08-13 01:32:00	2022-08-13 01:37:00	2022-08-13 01:42:00	C1.5		POINT(11 -11)	-11	11	177.0	-180.0
211010	2022-08-13 02:34:00	2022-08-13 03:01:00	2022-08-13 03:12:00	C2.0		POINT(12 -10)	-10	12	205.0	-280.0
211020	2022-08-13 04:20:00	2022-08-13 04:26:00	2022-08-13 04:30:00	C1.2		POINT(13 -10)	-10	13	222.0	-267.0
211030	2022-08-13 04:48:00	2022-08-13 05:12:00	2022-08-13 05:28:00	C3.2		POINT(13 -11)	-11	13	221.0	-287.0
211040	2022-08-13 07:14:00	2022-08-13 07:31:00	2022-08-13 07:47:00	C6.8		POINT(15 -11)	-11	15	253.0	-283.0
211050	2022-08-13 08:25:00	2022-08-13 08:37:00	2022-08-13 08:43:00	C2.8		POINT(16 -11)	-11	16	270.0	-288.0
211060	2022-08-13 10:08:00	2022-08-13 10:18:00	2022-08-13 10:24:00	C1.4		POINT(17 -11)	-11	17	285.0	-293.0
211070	2022-08-13 10:37:00	2022-08-13 10:44:00	2022-08-13 10:48:00	B9.3		POINT(2 13)	13	2	44.0	110.0
211080	2022-08-13 12:30:00	2022-08-13 13:00:00	2022-08-13 13:09:00	C6.7		POINT(19 -11)	-11	19	304.0	-291.0
211090	2022-08-13 13:33:00	2022-08-13 13:38:00	2022-08-13 13:42:00	C1.4		POINT(19 -11)	-11	19	306.0	-281.0
211100	2022-08-13 14:55:00	2022-08-13 15:02:00	2022-08-13 15:06:00	C1.2		POINT(20 -12)	-12	20	327.0	-284.0
211110	2022-08-13 15:12:00	2022-08-13 15:15:00	2022-08-13 15:19:00	C1.4		POINT(19 -10)	-10	19	315.0	-274.0
211120	2022-08-13 18:12:00	2022-08-13 18:19:00	2022-08-13 18:23:00	C2.1		POINT(22 -13)	-13	22	347.0	-282.0
211130	2022-08-13 20:16:00	2022-08-13 20:25:00	2022-08-13 20:29:00	C1.0		POINT(22 -12)	-12	22	365.0	-280.0
211140	2022-08-13 21:37:00	2022-08-13 21:45:00	2022-08-13 21:49:00	B8.7		POINT(23 -11)	-11	23	374.0	-279.0
211150	2022-08-13 22:20:00	2022-08-13 22:28:00	2022-08-13 22:33:00	B8.1		POINT(24 -10)	-10	24	381.0	-277.0
211160	2022-08-13 22:43:00	2022-08-13 22:55:00	2022-08-13 22:59:00	C1.2		POINT(-47 11)	11	-47	-687.0	120.0
211170	2022-08-13 22:59:00	2022-08-13 23:07:00	2022-08-13 23:15:00	C4.4		POINT(-44 12)	12	-44	-651.0	129.0
211180	2022-08-14 03:20:00	2022-08-14 03:40:00	2022-08-14 04:15:00	C1.1		POINT(-18 -26)	-26	-18	-297.0	-539.0
211190	2022-08-14 04:43:00	2022-08-14 04:47:00	2022-08-14 04:51:00	C1.0		POINT(-43 11)	11	-43	-645.0	110.0
211200	2022-08-14 06:17:00	2022-08-14 06:29:00	2022-08-14 06:35:00	C1.0		POINT(-18 -26)	-26	-18	-268.0	-514.0
211210	2022-08-14 08:20:00	2022-08-14 08:31:00	2022-08-14 08:36:00	C1.2		POINT(29 -11)	-11	29	461.0	-286.0
211220	2022-08-14 11:50:00	2022-08-14 12:35:00	2022-08-14 13:36:00	C2.4		POINT(14 21)	21	14	217.0	254.0
211230	2022-08-14 13:55:00	2022-08-14 14:00:00	2022-08-14 14:04:00	C5.3		POINT(33 -12)	-12	33	504.0	-277.0
211240	2022-08-14 14:50:00	2022-08-14 14:57:00	2022-08-14 15:01:00	C1.2		POINT(-38 12)	12	-38	-581.0	96.0
211250	2022-08-14 15:49:00	2022-08-14 15:55:00	2022-08-14 16:01:00	C1.0		POINT(-37 12)	12	-37	-560.0	112.0
211260	2022-08-14 18:03:00	2022-08-14 18:10:00	2022-08-14 18:14:00	C1.1		POINT(-11 -24)	-24	-11	-176.0	-500.0
211270	2022-08-14 19:06:00	2022-08-14 19:12:00	2022-08-14 19:22:00	C1.0		POINT(-11 -25)	-25	-11	-177.0	-528.0
211280	2022-08-14 21:37:00	2022-08-14 21:54:00	2022-08-14 22:26:00	C1.3		POINT(42 -12)	-12	42	641.0	-269.0
211290	2022-08-15 04:05:00	2022-08-15 04:31:00	2022-08-15 04:37:00	C3.5		POINT(-4 -23)	-23	-4	-72.0	-510.0
211300	2022-08-15 08:05:00	2022-08-15 08:11:00	2022-08-15 08:25:00	C1.9		POINT(-2 -22)	-22	-2	-53.0	-459.0
211310	2022-08-15 09:00:00	2022-08-15 09:31:00	2022-08-15 09:20:00	C1.4		POINT(-20 14)	14	-20	-21.0	-468.0
211320	2022-08-15 09:36:00	2022-08-15 09:43:00	2022-08-15 09:48:00	C2.6		POINT(-2 -22)	-22	-2	-39.0	-459.0
211330	2022-08-15 10:57:00	2022-08-15 11:10:00	2022-08-15 11:19:00	C3.1		POINT(-1 -22)	-22	-1	-27.0	-461.0
211340	2022-08-15 11:51:00	2022-08-15 12:00:00	2022-08-15 12:04:00	C2.3		POINT(44 -12)	-12	44	656.0	-275.0
211350	2022-08-15 12:04:00	2022-08-15 12:12:00	2022-08-15 12:18:00	C2.7		POINT(47 -10)	-10	47	683.0	-244.0
211360	2022-08-15 12:29:00	2022-08-15 12:49:00	2022-08-15 12:58:00	C3.5		POINT(47 -10)	-10	47	683.0	-244.0
211370	2022-08-15 13:54:00	2022-08-15 13:59:00	2022-08-15 14:07:00	C1.7		POINT(1 -22)	-22	1	17.0	-470.0
211380	2022-08-15 14:27:00	2022-08-15 14:36:00	2022-08-15 14:42:00	M1.0		POINT(0 -22)	-22	0	-4.0	-464.0
211390	2022-08-15 16:40:00	2022-08-15 16:54:00	2022-08-15 16:58:00	M2.7		POINT(1 -23)	-23	1	11.0	-465.0
211400	2022-08-15 17:23:00	2022-08-15 17:35:00	2022-08-15 18:09:00	M9.0		POINT(49 -10)	-10	49	677.0	-263.0
211410	2022-08-15 19:36:00	2022-08-15 19:51:00	2022-08-15 19:57:00	C3.9		POINT(2 -22)	-22	2	35.0	-462.0
211420	2022-08-15 20:20:00	2022-08-15 20:26:00	2022-08-15 20:34:00	C2.3		POINT(49 -10)	-10	49	700.0	-260.0
211430	2022-08-15 21:47:00	2022-08-15 21:53:00	2022-08-15 21:58:00	M1.1		POINT(3 -22)	-22	3	51.0	-460.0
211440	2022-08-15 22:43:00	2022-08-15 22:50:00	2022-08-15 22:58:00	C1.1		POINT(5 -25)	-25	5	77.0	-512.0
211450	2022-08-16 00:04:00	2022-08-16 00:13:00	2022-08-16 00:21:00	C8.4		POINT(7 -23)	-23	7	107.0	-470.0
211460	2022-08-16 01:00:00	2022-08-16 01:21:00	2022-08-16 01:25:00	C3.3		POINT(3 -23)	-23	3	59.0	-479.0
211470	2022-08-16 01:25:00	2022-08-16 01:39:00	2022-08-16 01:47:00	C5.9		POINT(4 -23)	-23	4	73.0	-476.0
211480	2022-08-16 03:31:00	2022-08-16 03:40:00	2022-08-16 03:48:00	C1.4		POINT(58 -11)	-11	58	789.0	-243.0
211490	2022-08-16 04:51:00	2022-08-16 04:56:00	2022-08-16 05:03:00	C2.2		POINT(6 -23)	-23	6	99.0	-480.0
211500	2022-08-16 06:51:00	2022-08-16 06:57:00	2022-08-16 07:03:00	C1.4		POINT(8 -25)	-25	8	123.0	-508.0
211510	2022-08-16 07:35:00	2022-08-16 07:40:00	2022-08-16 07:46:00	C1.6		POINT(7 -24)	-24	7	119.0	-488.0
211520	2022-08-16 07:52:00	2022-08-16 07:58:00	2022-08-16 08:05:00	M5.0		POINT(11 -22)	-22	11	174.0	-462.0
211530	2022-08-16 08:40:00	2022-08-16 08:44:00	2022-08-16 08:49:00	C1.5		POINT(8 -22)	-22	8	136.0	-459.0
211540	2022-08-16 09:28:00	2022-08-16 09:32:00	2022-08-16 09:36:00	C1.3		POINT(9 -24)	-24	9	139.0	-494.0
211550	2022-08-16 10:34:00	2022-08-16 10:38:00	2022-08-16 10:42:00	B9.7		POINT(9 -24)	-24	9	145.0	-494.0
211560	2022-08-16 13:19:00	2022-08-16 13:31:00	2022-08-16 13:36:00	C6.4		POINT(11 -22)	-22	11	180.0	-457.0
211570	2022-08-16 13:56:00	2022-08-16 14:05:00	2022-08-16 14:12:00	C5.8		POINT(14 -23)	-23	14	223.0	-467.0
211580	2022-08-16 20:40:00	2022-08-16 20:48:00	2022-08-16 20:57:00	C1.7		POINT(18 -22)	-22	18	284.0	-462.0
211590	2022-08-16 21:10:00	2022-08-16 21:21:00	2022-08-16 21:28:00	M1.8		POINT(15 -22)	-22	15	240.0	-455.0
211600	2022-08-16 23:03:00	2022-08-16 23:13:00	2022-08-16 23:19:00	C4.6		POINT(19 -24)	-24	19	288.0	-480.0
211610	2022-08-16 23:34:00	2022-08-16 23:38:00	2022-08-16 23:42:00	C2.6		POINT(-52 28)	28	-52	-657.0	390.0
211620	2022-08-17 01:33:00	2022-08-17 01:42:00	2022-08-17 01:47:00	C1.6		POINT(17 -24)	-24	17	312.0	-473.0
211630	2022-08-17 02:26:00	2022-08-17 02:32:00	2022-08-17 02:41:00	C1.5		POINT(17 -24)	-24	17	253.0	-385.0
211640	2022-08-17 04:47:00	2022-08-17 04:57:00	2022-08-17 05:02:00	C2.8		POINT(17 -24)	-24	17	332.0	-476.0
211650	2022-08-17 05:13:00	2022-08-17 05:16:00	2022-08-17 05:23:00	B9.6		POINT(-49 28)	28	-49	-627.0	386.0
211660	2022-08-17 05:24:00	2022-08-17 05:27:00	2022-08-17 05:30:00	C1.1		POINT(-47 28)	28	-47	-612.0	444.0
211670	2022-08-17 06:43:00	2022-08-17 06:51:00	2022-08-17 06:55:00	B9.7		POINT(23 -23)	-23	23	350.0	-467.0
211680	2022-08-17 06:58:00	2022-08-17 07:10:00	2022-08-17 07:19:00	C3.3		POINT(-47 28)	28	-47	-604.0	374.0
211690	2022-08-17 08:12:00	2022-08-17 08:20:00	2022-08-17 08:33:00	C9.1		POINT(25 -23)	-23	25	372.0	-462.0
211700	2022-08-17 09:28:00	2022-08-17 09:36:00	2022-08-17 09:43:00	C4.0		POINT(-46 29)	29	-46	-598.0	374.0
211710	2022-08-17 11:18:00	2022-08-17 11:31:00	2022-08-17 11:46:00	C4.3		POINT(31 -26)	-26	31	440.0	-501.0
211720	2022-08-17 13:17:00	2022-08-17 13:24:00	2022-08-17 13:26:00	C1.2		POINT(-44 29)	29	-44	-575.0	459.0
211730	2022-08-17 13:26:00	2022-08-17 13:45:00	2022-08-17 13:50:00	M2.0		POINT(26 -24)	-24	26	377.0	-445.0
211740	2022-08-17 14:28:00	2022-08-17 14:52:00	2022-08-17 15:10:00	M1.0		POINT(25 -26)	-26	25	360.0	-415.0
211750	2022-08-17 16:10:00	2022-08-17 16:14:00	2022-08-17 16:22:00	C1.5		POINT(-41 27)	27	-41	-554.0	430.0
211760	2022-08-17 17:13:00	2022-08-17 17:22:00	2022-08-17 17:25:00	C1.1		POINT(-41 27)	27	-41	-554.0	430.0
211770	2022-08-17 17:25:00	2022-08-17 17:31:00	2022-08-17 17:40:00	C1.4		POINT(-41 27)	27	-41	-554.0	430.0
211780	2022-08-17 17:42:00	2022-08-17 17:56:00	2022-08-17 18:03:00	C2.2		POINT(-39 27)	27	-39	396.0	-370.0
211790	2022-08-17 19:16:00	2022-08-17 19:19:00	2022-08-17 19:23:00	B8.5		POINT(27 -23)	-23	27	400.0	-473.0
211800	2022-08-17 20:36:00	2022-08-17 20:41:00	2022-08-17 20:46:00	C1.3		POINT(-35 27)	27	-35	-488.0	355.0
211810	2022-08-17 21:05:00	2022-08-17 21:11:00	2022-08-17 21:15:00	C1.0		POINT(4 11)	11	4	80.0	75.0
211820	2022-08-17 21:15:00	2022-08-17 21:22:00	2022-08-17 21:29:00	C1.3		POINT(5 11)	11	5	83.0	77.0
211830	2022-08-17 22:01:00	2022-08-17 22:10:00	2022-08-17 22:23:00	B7.5		POINT(5 10)	10	5	97.0	69.0
211840	2022-08-17 23:16:00	2022-08-17 23:33:00	2022-08-18 00:01:00	C3.3		POINT(88 -11)	-11	88	940.0	-185.0
211850	2022-08-18 00:36:00	2022-08-18 00:40:00	2022-08-18 00:44:00	C3.7		POINT(30 -23)	-23	30	440.0	-467.0
211860	2022-08-18 02:50:00	2022-08-18 02:52:00	2022-08-18 02:59:00	C1.8		POINT(30 -24)	-24	30	457.0	-464.0
211870	2022-08-18 04:18:00	2022-08-18 04:29:00	2022-08-18 04:33:00	C4.5		POINT(30 -24)	-24	30	467.0	-461.0
211880	2022-08-18 04:35:00	2022-08-18 04:39:00	2022-08-18 04:46:00	C2.2		POINT(9 9)	9	9	155.0	78.0
211890	2022-08-18 05:04:00	2022-08-18 05:22:00	2022-08-18 05:31:00	C4.2		POINT(8 11)	11	8	174.0	57.0
211900	2022-08-18 05:54:00	2022-08-18 06:02:00	2022-08-18 06:06:00	C5.7		POINT(34 -24)	-24	34	478.0	-461.0
211910	2022-08-18 08:05:00	2022-08-18 08:09:00	2022-08-18 08:15:00	C1.9		POINT(30 -24)	-24	30	491.0	-459.0
211920	2022-08-18 08:35:00	2022-08-18 08:52:00	2022-08-18 08:59:00	C3.6		POINT(30 -24)	-24	30	495.0	-461.0
211930	2022-08-18 09:13:00	2022-08-18 09:20:00	2022-08-18 09:27:00	C1.7		POINT(38 -24)	-24	38	541.0	-465.0
211940	2022-08-18 10:00:00	2022-08-18 10:09:00	2022-08-18 10:13:00	M1.3		POINT(35 -23)	-23	35	503.0	-459.0
211950	2022-08-18 10:37:00	2022-08-18 10:55:00	2022-08-18 11:13:00	M1.5		POINT(37 -27)	-27	37	519.0	-510.0
211960	2022-08-18 12:27:00	2022-08-18 12:35:00	2022-08-18 12:43:00	C2.7		POINT(76 20)	20	76	864.0	280.0
211970	2022-08-18 14:01:00	2022-08-18 14:13:00	2022-08-18 14:18:00	M1.3		POINT(37 -25)	-25	37	531.0	-457.0
211980	2022-08-18 15:44:00	2022-08-18 15:53:00	2022-08-18 15:57:00	C4.2		POINT(38 -23)	-23	38	537.0	-370.0
211990	2022-08-18 17:46:00	2022-08-18 18:02:00	2022-08-18 18:08:00	C1.1		POINT(40 -22)	-22	40	565.0	-355.0
212000	2022-08-18 18:09:00	2022-08-18 18:14:00	2022-08-18 18:18:00	C1.5		POINT(43 -21)	-21	43	603.0	-339.0
212010	2022-08-18 19:28:00	2022-08-18 19:37:00	2022-08-18 19:41:00	C3.0		POINT(40 -24)	-24	40	565.0	-457.0
212020	2022-08-18 20:01:00	2022-08-18 20:13:00	2022-08-18 20:18:00	C3.4		POINT(17 10)	10	17	287.0	74.0
212030	2022-08-18 20:39:00	2022-08-18 20:48:00	2022-08-18 20:59:00	C1.0		POINT(88 -12)	-12	88	942.0	-203.0
212040	2022-08-18 21:44:00	2022-08-18 21:58:00	2022-08-18 22:02:00	C6.3		POINT(41 -23)	-23	41	577.0	-459.0
212050	2022-08-18 22:07:00	2022-08-18 22:15:00	2022-08-18 22:18:00	C3.0		POINT(19 10)	10	19	314.0	72.0
212060	2022-08-18 22:17:00	2022-08-18 22:26:00	2022-08-18 23:13:00	C3.5		POINT(41 -27)	-27	41	594.0	-518.0
212070	2022-08-18 22:28:00	2022-08-18 22:40:00	2022-08-18 22:55:00	C4.4		POINT(41 -26)	-26	41	565.0	-490.0
212080	2022-08-18 23:43:00	2022-08-18 23:50:00	2022-08-18 23:55:00	C3.9		POINT(27 9)	9	27	434.0	53.0
212090	2022-08-19 01:13:00	2022-08-19 01:21:00	2022-08-19 01:27:00	B7.8		POINT(48 -23)	-23	48	656.0	-438.0
212100	2022-08-19 01:55:00	2022-08-19 02:09:00	2022-08-19 02:20:00	C3.3		POINT(44 -24)	-24	44	660.0	-434.0
212110	2022-08-19 03:14:00	2022-08-19 03:22:00	2022-08-19 03:31:00	C1.0		POINT(47 -26)	-26	47	629.0	-491.0
212120	2022-08-19 04:14:00	2022-08-19 04:44:00	2022-08-19 05:18:00	M1.6		POINT(49 -28)	-28	49	634.0	-503.0
212130	2022-08-19 06:05:00	2022-08-19 06:10:00	2022-08-19 06:14:00	C3.2		POINT(48 -26)	-26	48	627.0	-458.0
212140	2022-08-19 07:59:00	2022-08-19 08:10:00	2022-08-19 08:14:00	C4.5		POINT(48 -24)	-24	48	636.0	-455.0
212150	2022-08-19 08:55:00	2022-08-19 09:01:00	2022-08-19 09:13:00	C1.9		POINT(14 12)	12	14	224.0	197.0
212160	2022-08-19 09:22:00	2022-08-19 09:30:00	2022-08-19 09:43:00	B9.4		POINT(88 -12)	-12	88	938.0	-204.0
212170	2022-08-19 10:17:00	2022-08-19 10:30:00	2022-08-19 10:44:00	C3.0		POINT(49 -25)	-25	49	648.0	-451.0
212180	2022-08-19 11:01:00	2022-08-19 11:17:00	2022-08-19 11:32:00	C4.0		POINT(59 -25)	-25	59	735.0	-456.0
212190	2022-08-19 11:44:00	2022-08-19 11:49:00	2022-08-19 11:53:00	C1.8		POINT(53 -23)	-23	53	701.0	-441.0
212200	2022-08-19 13:41:00	2022-08-19 13:47:00	2022-08-19 13:53:00	B7.5		POINT(50 -23)	-23	50	669.0	-449.0
212210	2022-08-19 15:16:00	2022-08-19 15:22:00	2022-08-19 15:34:00	C1.2		POINT(54 -28)	-28	54	684.0	-501.0
212220	2022-08-19 16:01:00	2022-08-19 16:07:00	2022-08-19 16:16:00	B6.4		POINT(56 -23)	-23	56	725.0	-435.0
212230	2022-08-19 17:21:00	2022-08-19 17:26:00	2022-08-19 17:30:00	B7.2		POINT(57 -23)	-23	57	729.0	-436.0
212240	2022-08-19 17:46:00	2022-08-19 17:48:00	2022-08-19 18:15:00	B5.5		POINT(57 -22)	-22	57	740.0	-422.0
212250	2022-08-19 20:09:00	2022-08-19 20:16:00	2022-08-19 20:20:00	C1.6		POINT(55 -26)	-26	55	702.0	-453.0
212260	2022-08-19 20:19:00	2022-08-19 20:31:00	2022-08-19 20:42:00	C6.7		POINT(55 -26)	-26	55	698.0	-476.0
212270	2022-08-19 22:16:00	2022-08-19 22:23:00	2022-08-19 22:30:00	B5.9		POINT(33 11)	11	33	510.0	91.0
212280	2022-08-19 22:30:00	2022-08-19 22:40:00	2022-08-19 22:44:00	C1.4		POINT(32 10)	10	32	507.0	84.0
212290	2022-08-19 22:58:00	2022-08-19 23:03:00	2022-08-19 23:07:00	B7.4		POINT(34 10)	10	34	527.0	86.0
212300	2022-08-20 02:27:00	2022-08-20 02:33:00	2022-08-20 02:37:00	B7.2		POINT(58 -24)	-24	58	719.0	-470.0
212310	2022-08-20 03:30:00	2022-08-20 03:43:00	2022-08-20 03:53:00	B6.4		POINT(37 10)	10	37	569.0	75.0
212320	2022-08-20 08:16:00	2022-08-20 08:23:00	2022-08-20 08:29:00	B5.3		POINT(-1 -18)	-18	-1	-20.0	-400.0
212330	2022-08-20 14:05:00	2022-08-20 14:12:00	2022-08-20 14:16:00	B4.5		POINT(3 -9)	-9	3	49.0	-148.0
212340	2022-08-20 16:16:00	2022-08-20 16:21:00	2022-08-20 16:25:00	B4.2		POINT(69 -25)	-25	69	799.0	-447.0
212350	2022-08-20 17:52:00	2022-08-20 18:02:00	2022-08-20 18:08:00	B4.9		POINT(72 -22)	-22	72	834.0	-393.0
212360	2022-08-20 21:29:00	2022-08-20 21:38:00	2022-08-20 21:50:00	B9.1		POINT(80 -23)	-23	80	860.0	-385.0
212370	2022-08-21 03:09:00	2022-08-21 03:17:00	2022-08-21 03:41:00	B3.5		POINT(8 -7)	-7	8	141.0	-242.0
212380	2022-08-21 04:48:00	2022-08-21 04:59:00	2022-08-21 05:10:00	C2.9		POINT(48 9)	9	48	696.0	148.0
212390	2022-08-21 08:06:00	2022-08-21 08:16:00	2022-08-21 08:24:00	B2.9		POINT(81 -22)	-22	81	864.0	-380.0
212400	2022-08-21 15:52:00	2022-08-21 15:59:00	2022-08-21 16:04:00	B3.9		POINT(59 10)	10	59	800.0	164.0
212410	2022-08-21 17:34:00	2022-08-21 17:43:00	2022-08-21 17:47:00	B5.4		POINT(-19 30)	30	-19	-267.0	474.0
212420	2022-08-21 17:58:00	2022-08-21 18:14:00	2022-08-21 18:26:00	C2.0		POINT(86 -22)	-22	86	877.0	-355.0
212430	2022-08-21 18:34:00	2022-08-21 18:46:00	2022-08-21 18:58:00	B9.8		POINT(87 -20)	-20	87	890.0	-324.0
212440	2022-08-21 20:07:00	2022-08-21 20:11:00	2022-08-21 20:18:00	C1.1		POINT(-18 32)	32	-18	-248.0	502.0
212450	2022-08-21 22:14:00	2022-08-21 22:20:00	2022-08-21 22:27:00	B3.7		POINT(86 -22)	-22	86	877.0	-355.0
212460	2022-08-21 23:31:00	2022-08-21 23:41:00	2022-08-21 23:47:00	C2.4		POINT(-16 30)	30	-16	-226.0	474.0
212470	2022-08-22 00:14:00	2022-08-22 00:22:00	2022-08-22 00:26:00	B4.8		POINT(86 -22)	-22	86	877.0	-355.0
212480	2022-08-22 00:59:00	2022-08-22 01:05:00	2022-08-22 01:19:00	B5.2		POINT(86 -22)	-22	86	877.0	-355.0
212490	2022-08-22 02:12:00	2022-08-22 02:22:00	2022-08-22 02:36:00	B8.0		POINT(-15 30)	30	-15	-217.0	388.0
212500	2022-08-22 03:14:00	2022-08-22 03:21:00	2022-08-22 03:25:00	B4.7		POINT(-14 30)	30	-14	-198.0	389.0
212510	2022-08-22 04:16:00	2022-08-22 04:22:00	2022-08-22 04:30:00	B4.0		POINT(68 9)	9	68	868.0	148.0
212520	2022-08-22 06:26:00	2022-08-22 06:36:00	2022-08-22 06:43:00	C1.5		POINT(-12 30)	30	-12	-182.0	387.0
212530	2022-08-22 06:55:00	2022-08-22 07:00:00	2022-08-22 07:05:00	C1.7		POINT(-12 30)	30	-12	-179.0	380.0
212540	2022-08-22 07:25:00	2022-08-22 07:31:00	2022-08-22 07:38:00	C1.1		POINT(-13 31)	31	-13	-177.0	382.0
212550	2022-08-22 08:26:00	2022-08-22 08:32:00	2022-08-22 08:37:00	B5.0		POINT(-10 30)	30	-10	-155.0	387.0
212560	2022-08-22 08:40:00	2022-08-22 08:46:00	2022-08-22 08:51:00	B5.9		POINT(-12 30)	30	-12	-173.0	383.0
212570	2022-08-22 09:19:00	2022-08-22 09:29:00	2022-08-22 09:44:00	C1.2		POINT(-11 30)	30	-11	-161.0	383.0
212580	2022-08-22 10:45:00	2022-08-22 10:57:00	2022-08-22 11:04:00	B7.3		POINT(-11 30)	30	-11	-157.0	381.0
212590	2022-08-22 11:58:00	2022-08-22 12:03:00	2022-08-22 12:08:00	C1.4		POINT(-10 31)	31	-10	-152.0	379.0
212600	2022-08-22 12:58:00	2022-08-22 13:05:00	2022-08-22 13:18:00	B5.0		POINT(-8 30)	30	-8	-114.0	474.0
212610	2022-08-22 13:44:00	2022-08-22 13:49:00	2022-08-22 13:51:00	B8.1		POINT(-9 31)	31	-9	-127.0	488.0
212620	2022-08-22 14:01:00	2022-08-22 14:09:00	2022-08-22 14:14:00	C5.0		POINT(-9 30)	30	-9	-128.0	378.0
212630	2022-08-22 17:28:00	2022-08-22 17:36:00	2022-08-22 17:44:00	C1.2		POINT(26 -11)	-11	26	408.0	-181.0
212640	2022-08-22 18:08:00	2022-08-22 18:20:00	2022-08-22 18:40:00	C1.3		POINT(-5 30)	30	-5	-99.0	381.0
212650	2022-08-22 19:31:00	2022-08-22 19:38:00	2022-08-22 19:45:00	C3.4		POINT(-5 30)	30	-5	-82.0	375.0
212660	2022-08-22 20:43:00	2022-08-22 20:55:00	2022-08-22 21:08:00	C2.9		POINT(-5 30)	30	-5	-68.0	375.0
212670	2022-08-22 21:34:00	2022-08-22 21:37:00	2022-08-22 21:41:00	B9.1		POINT(-3 30)	30	-3	-57.0	375.0
212680	2022-08-22 21:47:00	2022-08-22 21:55:00	2022-08-22 21:59:00	B8.7		POINT(-3 30)	30	-3	-51.0	378.0
212690	2022-08-22 22:05:00	2022-08-22 22:11:00	2022-08-22 22:16:00	B6.4		POINT(-3 30)	30	-3	-53.0	374.0
212700	2022-08-22 23:31:00	2022-08-22 23:41:00	2022-08-22 23:47:00	B5.2		POINT(79 11)	11	79	912.0	172.0
212710	2022-08-22 23:53:00	2022-08-23 00:00:00	2022-08-23 00:04:00	B5.6		POINT(73 -15)	-15	73	878.0	-276.0
212720	2022-08-23 00:39:00	2022-08-23 00:47:00	2022-08-23 00:52:00	B5.0		POINT(-58 -23)	-23	-58	-740.0	-433.0
212730	2022-08-23 02:00:00	2022-08-23 02:11:00	2022-08-23 02:17:00	C1.3		POINT(-57 -23)	-23	-57	-730.0	-435.0
212740	2022-08-23 05:15:00	2022-08-23 05:24:00	2022-08-23 05:34:00	B4.5		POINT(-54 -23)	-23	-54	-713.0	-434.0
212750	2022-08-23 08:54:00	2022-08-23 09:02:00	2022-08-23 09:06:00	B7.7		POINT(84 10)	10	84	929.0	158.0
212760	2022-08-23 13:48:00	2022-08-23 13:54:00	2022-08-23 14:01:00	B3.0		POINT(4 29)	29	4	69.0	369.0
212770	2022-08-23 15:32:00	2022-08-23 15:40:00	2022-08-23 15:49:00	B5.8		POINT(4 30)	30	4	63.0	375.0
212780	2022-08-23 18:21:00	2022-08-23 18:28:00	2022-08-23 18:42:00	B3.8		POINT(7 29)	29	7	107.0	370.0
212790	2022-08-23 19:32:00	2022-08-23 19:40:00	2022-08-23 19:46:00	B5.2		POINT(7 29)	29	7	111.0	372.0
212800	2022-08-24 01:44:00	2022-08-24 01:51:00	2022-08-24 01:58:00	B3.0		POINT(11 29)	29	11	163.0	371.0
212810	2022-08-24 07:16:00	2022-08-24 07:21:00	2022-08-24 07:32:00	B3.0		POINT(-86 -27)	-27	-86	-851.0	-439.0
212820	2022-08-24 10:34:00	2022-08-24 10:37:00	2022-08-24 10:42:00	B5.1		POINT(25 -28)	-28	25	361.0	-541.0
212830	2022-08-24 13:23:00	2022-08-24 13:30:00	2022-08-24 13:34:00	B7.5		POINT(-82 -21)	-21	-82	-873.0	-365.0
212840	2022-08-24 18:24:00	2022-08-24 18:35:00	2022-08-24 18:48:00	B6.4		POINT(-80 -24)	-24	-80	-848.0	-414.0
212850	2022-08-25 00:20:00	2022-08-25 00:29:00	2022-08-25 00:39:00	B7.5		POINT(-74 -22)	-22	-74	-846.0	-384.0
212860	2022-08-25 03:54:00	2022-08-25 04:04:00	2022-08-25 04:12:00	C1.3		POINT(-70 -22)	-22	-70	-834.0	-391.0
212870	2022-08-25 05:54:00	2022-08-25 06:08:00	2022-08-25 06:17:00	C2.0		POINT(-70 -22)	-22	-70	-822.0	-396.0
212880	2022-08-25 06:59:00	2022-08-25 07:04:00	2022-08-25 07:13:00	C1.3		POINT(-70 -22)	-22	-70	-831.0	-390.0
212890	2022-08-25 08:04:00	2022-08-25 08:08:00	2022-08-25 08:12:00	B8.2		POINT(-73 -23)	-23	-73	-837.0	-399.0
212900	2022-08-25 09:32:00	2022-08-25 09:36:00	2022-08-25 09:42:00	C1.8		POINT(38 -27)	-27	38	519.0	-519.0
212910	2022-08-25 09:53:00	2022-08-25 10:01:00	2022-08-25 10:05:00	C3.6		POINT(-69 -23)	-23	-69	-813.0	-416.0
212920	2022-08-25 11:08:00	2022-08-25 11:19:00	2022-08-25 11:24:00	C2.0		POINT(-68 -23)	-23	-68	-810.0	-412.0
212930	2022-08-25 11:44:00	2022-08-25 11:52:00	2022-08-25 12:14:00	C1.4		POINT(39 -28)	-28	39	535.0	-518.0
212940	2022-08-25 12:48:00	2022-08-25 12:56:00	2022-08-25 13:11:00	B9.0		POINT(39 -27)	-27	39	542.0	-512.0
212950	2022-08-25 13:44:00	2022-08-25 13:56:00	2022-08-25 14:03:00	C1.7		POINT(-63 -20)	-20	-63	-794.0	-324.0
212960	2022-08-25 14:19:00	2022-08-25 14:26:00	2022-08-25 14:31:00	C1.5		POINT(41 -27)	-27	41	563.0	-513.0
212970	2022-08-25 15:07:00	2022-08-25 15:16:00	2022-08-25 15:24:00	C1.7		POINT(42 -27)	-27	42	566.0	-431.0
212980	2022-08-25 15:40:00	2022-08-25 15:48:00	2022-08-25 15:54:00	C2.4		POINT(-64 -22)	-22	-64	-791.0	-355.0
212990	2022-08-25 16:30:00	2022-08-25 16:40:00	2022-08-25 16:50:00	C3.2		POINT(-64 -22)	-22	-64	-791.0	-355.0
213000	2022-08-25 17:16:00	2022-08-25 17:21:00	2022-08-25 17:27:00	C1.9		POINT(44 -27)	-27	44	587.0	-431.0
213010	2022-08-25 17:49:00	2022-08-25 17:58:00	2022-08-25 18:13:00	C7.3		POINT(-63 -21)	-21	-63	-794.0	-392.0
213020	2022-08-25 19:03:00	2022-08-25 19:09:00	2022-08-25 19:14:00	C8.0		POINT(-63 -23)	-23	-63	-781.0	-417.0
213030	2022-08-25 19:39:00	2022-08-25 19:51:00	2022-08-25 20:02:00	M1.8		POINT(-63 -22)	-22	-63	-785.0	-404.0
213040	2022-08-25 23:09:00	2022-08-25 23:19:00	2022-08-25 23:21:00	C9.1		POINT(-61 -21)	-21	-61	-773.0	-403.0
213050	2022-08-25 23:21:00	2022-08-25 23:27:00	2022-08-25 23:32:00	M1.0		POINT(-61 -22)	-22	-61	-768.0	-416.0
213060	2022-08-26 01:19:00	2022-08-26 01:26:00	2022-08-26 01:30:00	C2.7		POINT(48 -27)	-27	48	629.0	-504.0
213070	2022-08-26 02:13:00	2022-08-26 02:35:00	2022-08-26 02:42:00	C2.4		POINT(47 -27)	-27	47	624.0	-501.0
213080	2022-08-26 04:00:00	2022-08-26 04:10:00	2022-08-26 04:17:00	C2.3		POINT(-58 -23)	-23	-58	-742.0	-435.0
213090	2022-08-26 05:11:00	2022-08-26 05:19:00	2022-08-26 05:23:00	C4.7		POINT(50 -27)	-27	50	650.0	-507.0
213100	2022-08-26 06:07:00	2022-08-26 06:28:00	2022-08-26 06:45:00	C7.2		POINT(58 -29)	-29	58	689.0	-500.0
213110	2022-08-26 07:24:00	2022-08-26 07:30:00	2022-08-26 07:34:00	C3.4		POINT(-57 -21)	-21	-57	-743.0	-340.0
213120	2022-08-26 08:31:00	2022-08-26 08:49:00	2022-08-26 09:11:00	C5.2		POINT(-55 -21)	-21	-55	-726.0	-340.0
213130	2022-08-26 10:33:00	2022-08-26 10:39:00	2022-08-26 10:41:00	C2.1		POINT(55 -28)	-28	55	690.0	-509.0
213140	2022-08-26 10:41:00	2022-08-26 10:55:00	2022-08-26 11:05:00	M2.1		POINT(-52 -22)	-22	-52	-692.0	-435.0
213150	2022-08-26 12:08:00	2022-08-26 12:14:00	2022-08-26 12:21:00	M7.2		POINT(-51 -22)	-22	-51	-691.0	-431.0
213160	2022-08-26 12:24:00	2022-08-26 12:31:00	2022-08-26 12:38:00	M5.3		POINT(-53 -22)	-22	-53	-700.0	-430.0
213170	2022-08-26 18:09:00	2022-08-26 18:18:00	2022-08-26 18:26:00	C4.9		POINT(56 -27)	-27	56	717.0	-485.0
213180	2022-08-26 22:32:00	2022-08-26 22:35:00	2022-08-26 22:40:00	C3.4		POINT(-45 -23)	-23	-45	-618.0	-371.0
213190	2022-08-27 00:41:00	2022-08-27 00:52:00	2022-08-27 00:57:00	C3.4		POINT(60 -27)	-27	60	729.0	-493.0
213200	2022-08-27 00:57:00	2022-08-27 01:05:00	2022-08-27 01:14:00	C5.0		POINT(63 -26)	-26	63	756.0	-474.0
213210	2022-08-27 01:52:00	2022-08-27 02:40:00	2022-08-27 03:05:00	M4.8		POINT(58 -19)	-19	58	761.0	-309.0
213220	2022-08-27 06:06:00	2022-08-27 06:10:00	2022-08-27 06:14:00	C5.4		POINT(61 -27)	-27	61	742.0	-487.0
213230	2022-08-27 06:53:00	2022-08-27 07:02:00	2022-08-27 07:06:00	C8.8		POINT(66 -30)	-30	66	752.0	-485.0
213240	2022-08-27 07:47:00	2022-08-27 07:51:00	2022-08-27 07:55:00	C5.6		POINT(64 -29)	-29	64	755.0	-483.0
213250	2022-08-27 09:11:00	2022-08-27 09:16:00	2022-08-27 09:21:00	C4.4		POINT(73 -32)	-32	73	779.0	-498.0
213260	2022-08-27 11:29:00	2022-08-27 11:38:00	2022-08-27 11:43:00	M1.2		POINT(66 -28)	-28	66	786.0	-465.0
213270	2022-08-27 12:00:00	2022-08-27 12:06:00	2022-08-27 12:10:00	C4.4		POINT(64 -28)	-28	64	766.0	-468.0
213280	2022-08-27 12:41:00	2022-08-27 12:48:00	2022-08-27 12:52:00	C8.8		POINT(66 -29)	-29	66	768.0	-466.0
213290	2022-08-27 13:06:00	2022-08-27 13:13:00	2022-08-27 13:17:00	C9.6		POINT(66 -26)	-26	66	783.0	-457.0
213300	2022-08-27 14:54:00	2022-08-27 14:59:00	2022-08-27 15:03:00	C5.2		POINT(70 -28)	-28	70	788.0	-445.0
213310	2022-08-27 15:13:00	2022-08-27 15:25:00	2022-08-27 15:30:00	M1.1		POINT(71 -28)	-28	71	792.0	-445.0
213320	2022-08-27 15:45:00	2022-08-27 15:58:00	2022-08-27 16:21:00	M1.8		POINT(73 -27)	-27	73	809.0	-431.0
213330	2022-08-27 20:38:00	2022-08-27 20:45:00	2022-08-27 20:51:00	C4.4		POINT(78 -27)	-27	78	827.0	-454.0
213340	2022-08-27 21:11:00	2022-08-27 21:15:00	2022-08-27 21:19:00	C3.0		POINT(73 -27)	-27	73	809.0	-463.0
213350	2022-08-27 21:36:00	2022-08-27 21:39:00	2022-08-27 21:44:00	C5.1		POINT(72 -27)	-27	72	806.0	-463.0
213360	2022-08-28 00:47:00	2022-08-28 01:34:00	2022-08-28 01:38:00	M1.4		POINT(85 -27)	-27	85	841.0	-449.0
213370	2022-08-28 02:32:00	2022-08-28 02:41:00	2022-08-28 02:50:00	C7.4		POINT(86 -27)	-27	86	843.0	-438.0
213380	2022-08-28 03:31:00	2022-08-28 03:39:00	2022-08-28 04:01:00	C4.5		POINT(85 -27)	-27	85	838.0	-449.0
213390	2022-08-28 05:44:00	2022-08-28 05:52:00	2022-08-28 05:59:00	C3.0		POINT(77 -28)	-28	77	812.0	-461.0
213400	2022-08-28 06:50:00	2022-08-28 06:53:00	2022-08-28 06:59:00	C3.3		POINT(73 -26)	-26	73	812.0	-453.0
213410	2022-08-28 06:59:00	2022-08-28 07:07:00	2022-08-28 07:11:00	C5.3		POINT(77 -28)	-28	77	832.0	-464.0
213420	2022-08-28 07:24:00	2022-08-28 07:48:00	2022-08-28 08:09:00	C9.9		POINT(84 -29)	-29	84	859.0	-439.0
213430	2022-08-28 11:17:00	2022-08-28 11:25:00	2022-08-28 11:38:00	C3.1		POINT(79 -27)	-27	79	828.0	-451.0
213440	2022-08-28 13:22:00	2022-08-28 13:41:00	2022-08-28 13:53:00	C5.3		POINT(83 -21)	-21	83	837.0	-452.0
213450	2022-08-28 15:48:00	2022-08-28 16:19:00	2022-08-28 16:46:00	M6.7		POINT(80 -28)	-28	80	831.0	-499.0
213460	2022-08-28 18:20:00	2022-08-28 18:32:00	2022-08-28 18:50:00	M4.6		POINT(86 -26)	-26	86	857.0	-428.0
213470	2022-08-28 23:33:00	2022-08-28 23:36:00	2022-08-28 23:40:00	C7.5		POINT(86 -25)	-25	86	860.0	-416.0
213480	2022-08-29 02:44:00	2022-08-29 02:49:00	2022-08-29 02:53:00	C3.7		POINT(80 -23)	-23	80	861.0	-408.0
213490	2022-08-29 03:24:00	2022-08-29 03:38:00	2022-08-29 03:47:00	M3.3		POINT(80 -23)	-23	80	855.0	-440.0
213500	2022-08-29 05:35:00	2022-08-29 05:43:00	2022-08-29 05:49:00	C4.7		POINT(86 -26)	-26	86	847.0	-435.0
213510	2022-08-29 08:55:00	2022-08-29 09:10:00	2022-08-29 09:20:00	C8.5		POINT(86 -26)	-26	86	858.0	-433.0
213520	2022-08-29 10:48:00	2022-08-29 11:08:00	2022-08-29 11:12:00	M8.6		POINT(86 -26)	-26	86	854.0	-426.0
213530	2022-08-29 14:25:00	2022-08-29 14:40:00	2022-08-29 14:46:00	C8.7		POINT(86 -26)	-26	86	857.0	-429.0
213540	2022-08-29 14:46:00	2022-08-29 14:56:00	2022-08-29 15:08:00	M2.5		POINT(86 -26)	-26	86	858.0	-432.0
213550	2022-08-29 18:45:00	2022-08-29 18:57:00	2022-08-29 19:08:00	M4.7		POINT(86 -26)	-26	86	858.0	-429.0
213560	2022-08-29 21:42:00	2022-08-29 21:54:00	2022-08-29 22:07:00	C6.0		POINT(86 -25)	-25	86	864.0	-424.0
213570	2022-08-30 01:58:00	2022-08-30 02:13:00	2022-08-30 02:24:00	M1.5		POINT(86 -26)	-26	86	887.0	-443.0
213580	2022-08-30 04:44:00	2022-08-30 04:57:00	2022-08-30 05:10:00	C7.6		POINT(86 -25)	-25	86	866.0	-420.0
213590	2022-08-30 08:19:00	2022-08-30 08:32:00	2022-08-30 08:49:00	C2.4		POINT(1 -22)	-22	1	15.0	-356.0
213600	2022-08-30 10:43:00	2022-08-30 10:59:00	2022-08-30 11:02:00	C1.6		POINT(86 -25)	-25	86	867.0	-421.0
213610	2022-08-30 14:10:00	2022-08-30 14:13:00	2022-08-30 14:20:00	C1.1		POINT(2 -20)	-20	2	60.0	-434.0
213620	2022-08-30 16:48:00	2022-08-30 17:20:00	2022-08-30 17:35:00	C5.4		POINT(85 -28)	-28	85	842.0	-462.0
213630	2022-08-30 18:04:00	2022-08-30 19:29:00	2022-08-30 21:23:00	M2.1		POINT(86 -25)	-25	86	868.0	-417.0
213640	2022-08-31 07:33:00	2022-08-31 07:46:00	2022-08-31 08:24:00	C4.3		POINT(8 -24)	-24	8	197.0	-460.0
213650	2022-08-31 14:50:00	2022-08-31 14:59:00	2022-08-31 15:08:00	C2.1		POINT(11 -23)	-23	11	183.0	-468.0
213660	2022-08-31 18:33:00	2022-08-31 18:40:00	2022-08-31 18:46:00	C1.3		POINT(14 -22)	-22	14	213.0	-468.0
213670	2022-08-31 19:36:00	2022-08-31 19:45:00	2022-08-31 19:59:00	C2.7		POINT(14 -22)	-22	14	225.0	-465.0
213680	2022-08-31 23:57:00	2022-09-01 00:01:00	2022-09-01 00:08:00	C1.2		POINT(17 -22)	-22	17	259.0	-466.0
213690	2022-09-01 01:14:00	2022-09-01 01:20:00	2022-09-01 01:25:00	C1.3		POINT(16 -22)	-22	16	252.0	-470.0
213700	2022-09-01 09:46:00	2022-09-01 09:53:00	2022-09-01 09:59:00	C1.0		POINT(64 -19)	-19	64	804.0	-369.0
213710	2022-09-01 12:15:00	2022-09-01 12:20:00	2022-09-01 12:24:00	C1.6		POINT(-78 -8)	-8	-78	-921.0	-157.0
213720	2022-09-01 13:46:00	2022-09-01 13:58:00	2022-09-01 14:09:00	C4.1		POINT(-75 -8)	-8	-75	-911.0	-164.0
213730	2022-09-01 19:04:00	2022-09-01 19:14:00	2022-09-01 19:22:00	C1.2		POINT(-82 -12)	-12	-82	-917.0	-227.0
213740	2022-09-01 22:03:00	2022-09-01 22:13:00	2022-09-01 22:20:00	C1.5		POINT(28 -22)	-22	28	420.0	-455.0
213750	2022-09-02 02:17:00	2022-09-02 02:24:00	2022-09-02 02:28:00	C1.1		POINT(34 -21)	-21	34	501.0	-438.0
213760	2022-09-02 02:45:00	2022-09-02 02:51:00	2022-09-02 02:58:00	B9.7		POINT(-87 21)	21	-87	-887.0	356.0
213770	2022-09-02 03:01:00	2022-09-02 03:06:00	2022-09-02 03:09:00	B9.6		POINT(34 -22)	-22	34	500.0	-448.0
213780	2022-09-02 03:09:00	2022-09-02 03:15:00	2022-09-02 03:20:00	C1.1		POINT(-87 21)	21	-87	-887.0	360.0
213790	2022-09-02 04:14:00	2022-09-02 04:24:00	2022-09-02 04:35:00	C1.8		POINT(37 -21)	-21	37	540.0	-438.0
213800	2022-09-02 10:00:00	2022-09-02 10:06:00	2022-09-02 10:10:00	C1.6		POINT(-87 21)	21	-87	-887.0	350.0
213810	2022-09-02 13:16:00	2022-09-02 13:21:00	2022-09-02 13:28:00	C2.1		POINT(41 -22)	-22	41	562.0	-483.0
213820	2022-09-02 13:32:00	2022-09-02 13:56:00	2022-09-02 14:17:00	C2.4		POINT(-87 21)	21	-87	-887.0	351.0
213830	2022-09-02 14:56:00	2022-09-02 15:19:00	2022-09-02 15:51:00	C2.6		POINT(42 -23)	-23	42	623.0	-431.0
213840	2022-09-02 16:10:00	2022-09-02 16:10:00	2022-09-02 16:39:00	C3.5		POINT(43 -23)	-23	43	590.0	-452.0
213850	2022-09-02 16:43:00	2022-09-02 16:50:00	2022-09-02 16:55:00	C2.9		POINT(42 -22)	-22	42	586.0	-477.0
213860	2022-09-02 17:04:00	2022-09-02 17:16:00	2022-09-02 17:27:00	C3.8		POINT(42 -22)	-22	42	597.0	-453.0
213870	2022-09-02 19:57:00	2022-09-02 20:04:00	2022-09-02 20:09:00	C3.4		POINT(44 -23)	-23	44	615.0	-459.0
213880	2022-09-02 23:16:00	2022-09-02 23:24:00	2022-09-02 23:35:00	C1.8		POINT(46 -21)	-21	46	639.0	-428.0
213890	2022-09-03 02:05:00	2022-09-03 02:14:00	2022-09-03 02:19:00	C1.7		POINT(47 -21)	-21	47	649.0	-429.0
213900	2022-09-03 03:01:00	2022-09-03 03:08:00	2022-09-03 03:12:00	C1.0		POINT(-53 -7)	-7	-53	-755.0	-201.0
213910	2022-09-03 06:43:00	2022-09-03 06:53:00	2022-09-03 06:56:00	C1.2		POINT(51 -19)	-19	51	698.0	-309.0
213920	2022-09-03 06:56:00	2022-09-03 07:11:00	2022-09-03 07:21:00	C2.0		POINT(51 -19)	-19	51	702.0	-387.0
213930	2022-09-03 07:33:00	2022-09-03 07:44:00	2022-09-03 07:55:00	C2.6		POINT(51 -20)	-20	51	698.0	-384.0
213940	2022-09-03 11:07:00	2022-09-03 11:14:00	2022-09-03 11:18:00	B8.8		POINT(47 -21)	-21	47	656.0	-417.0
213950	2022-09-03 11:23:00	2022-09-03 11:34:00	2022-09-03 11:42:00	C1.1		POINT(53 -23)	-23	53	682.0	-440.0
213960	2022-09-03 12:03:00	2022-09-03 12:05:00	2022-09-03 12:08:00	C2.1		POINT(52 -20)	-20	52	692.0	-440.0
213970	2022-09-03 13:36:00	2022-09-03 13:40:00	2022-09-03 13:45:00	C1.3		POINT(53 -24)	-24	53	693.0	-440.0
213980	2022-09-03 15:15:00	2022-09-03 15:18:00	2022-09-03 15:24:00	C1.0		POINT(53 -23)	-23	53	699.0	-371.0
213990	2022-09-03 16:29:00	2022-09-03 16:34:00	2022-09-03 16:38:00	C1.0		POINT(55 -23)	-23	55	717.0	-371.0
214000	2022-09-03 16:40:00	2022-09-03 16:48:00	2022-09-03 16:54:00	C3.1		POINT(55 -23)	-23	55	717.0	-371.0
214010	2022-09-03 20:12:00	2022-09-03 20:17:00	2022-09-03 20:24:00	C2.6		POINT(58 -23)	-23	58	747.0	-432.0
214020	2022-09-03 21:32:00	2022-09-03 21:36:00	2022-09-03 21:42:00	C2.8		POINT(58 -24)	-24	58	743.0	-426.0
214030	2022-09-03 23:15:00	2022-09-03 23:18:00	2022-09-03 23:22:00	C2.1		POINT(58 -22)	-22	58	753.0	-417.0
214040	2022-09-03 23:53:00	2022-09-04 00:06:00	2022-09-04 00:17:00	C4.0		POINT(58 -26)	-26	58	729.0	-476.0
214050	2022-09-04 02:51:00	2022-09-04 03:02:00	2022-09-04 03:19:00	C6.4		POINT(61 -23)	-23	61	740.0	-477.0
214060	2022-09-04 05:15:00	2022-09-04 05:30:00	2022-09-04 06:10:00	C4.8		POINT(62 -24)	-24	62	786.0	-417.0
214070	2022-09-04 07:09:00	2022-09-04 07:17:00	2022-09-04 07:28:00	C2.2		POINT(-72 22)	22	-72	-839.0	329.0
214080	2022-09-04 07:35:00	2022-09-04 07:54:00	2022-09-04 08:12:00	C3.9		POINT(-25 -24)	-24	-25	-366.0	-495.0
214090	2022-09-04 10:14:00	2022-09-04 10:21:00	2022-09-04 10:40:00	C2.3		POINT(62 -24)	-24	62	792.0	-423.0
214100	2022-09-04 10:51:00	2022-09-04 10:55:00	2022-09-04 11:00:00	C2.5		POINT(64 -25)	-25	64	777.0	-450.0
214110	2022-09-04 11:22:00	2022-09-04 11:32:00	2022-09-04 11:41:00	C3.1		POINT(64 -23)	-23	64	787.0	-422.0
214120	2022-09-04 12:11:00	2022-09-04 12:16:00	2022-09-04 12:21:00	C4.3		POINT(67 -25)	-25	67	792.0	-446.0
214130	2022-09-04 13:47:00	2022-09-04 13:55:00	2022-09-04 14:02:00	C2.5		POINT(67 -22)	-22	67	815.0	-402.0
214140	2022-09-04 14:03:00	2022-09-04 14:10:00	2022-09-04 14:26:00	C2.9		POINT(71 -26)	-26	71	809.0	-454.0
214150	2022-09-04 16:18:00	2022-09-04 16:23:00	2022-09-04 16:28:00	C2.1		POINT(70 -27)	-27	70	809.0	-433.0
214160	2022-09-04 16:30:00	2022-09-04 16:38:00	2022-09-04 16:45:00	C8.2		POINT(69 -24)	-24	69	811.0	-434.0
214170	2022-09-04 18:00:00	2022-09-04 18:06:00	2022-09-04 18:14:00	C1.8		POINT(69 -20)	-20	69	831.0	-377.0
214180	2022-09-04 18:21:00	2022-09-04 18:27:00	2022-09-04 18:31:00	C2.2		POINT(70 -24)	-24	70	817.0	-429.0
214190	2022-09-04 20:44:00	2022-09-04 20:51:00	2022-09-04 20:56:00	C2.3		POINT(72 -24)	-24	72	825.0	-426.0
214200	2022-09-04 21:40:00	2022-09-04 21:48:00	2022-09-04 21:57:00	C2.5		POINT(72 -22)	-22	72	838.0	-395.0
214210	2022-09-05 01:53:00	2022-09-05 02:04:00	2022-09-05 02:47:00	C5.0		POINT(-29 -10)	-10	-29	-477.0	-275.0
214220	2022-09-05 02:49:00	2022-09-05 02:56:00	2022-09-05 03:00:00	C4.4		POINT(74 -20)	-20	74	860.0	-355.0
214230	2022-09-05 03:14:00	2022-09-05 03:26:00	2022-09-05 03:36:00	C2.4		POINT(76 -27)	-27	76	824.0	-453.0
214240	2022-09-05 04:30:00	2022-09-05 04:46:00	2022-09-05 05:09:00	C6.5		POINT(85 -27)	-27	85	843.0	-443.0
214250	2022-09-05 07:55:00	2022-09-05 08:09:00	2022-09-05 08:16:00	C3.9		POINT(77 -28)	-28	77	829.0	-449.0
214260	2022-09-05 08:16:00	2022-09-05 08:20:00	2022-09-05 08:24:00	C3.8		POINT(85 -28)	-28	85	839.0	-453.0
214270	2022-09-05 08:47:00	2022-09-05 08:58:00	2022-09-05 09:16:00	C4.0		POINT(77 -26)	-26	77	830.0	-447.0
214280	2022-09-05 10:16:00	2022-09-05 10:21:00	2022-09-05 10:28:00	C1.6		POINT(86 -26)	-26	86	852.0	-427.0
214290	2022-09-05 10:30:00	2022-09-05 10:39:00	2022-09-05 10:53:00	C3.1		POINT(79 -26)	-26	79	834.0	-445.0
214300	2022-09-05 10:57:00	2022-09-05 11:07:00	2022-09-05 11:10:00	C4.1		POINT(86 -26)	-26	86	853.0	-431.0
214310	2022-09-05 11:10:00	2022-09-05 11:14:00	2022-09-05 11:18:00	C5.3		POINT(77 -26)	-26	77	832.0	-444.0
214320	2022-09-05 17:12:00	2022-09-05 17:22:00	2022-09-05 17:33:00	C4.7		POINT(86 -26)	-26	86	855.0	-428.0
214330	2022-09-05 17:58:00	2022-09-05 18:05:00	2022-09-05 18:14:00	M1.0		POINT(86 -26)	-26	86	857.0	-425.0
214340	2022-09-05 19:53:00	2022-09-05 20:02:00	2022-09-05 20:15:00	C2.9		POINT(86 -26)	-26	86	852.0	-435.0
214350	2022-09-05 20:15:00	2022-09-05 20:27:00	2022-09-05 20:35:00	C3.8		POINT(86 -25)	-25	86	863.0	-424.0
214360	2022-09-05 23:02:00	2022-09-05 23:08:00	2022-09-05 23:15:00	C1.8		POINT(86 -26)	-26	86	860.0	-428.0
214370	2022-09-06 00:56:00	2022-09-06 01:03:00	2022-09-06 01:11:00	C1.6		POINT(-42 15)	15	-42	-620.0	171.0
214380	2022-09-06 01:34:00	2022-09-06 01:42:00	2022-09-06 01:51:00	C1.8		POINT(85 -26)	-26	85	853.0	-439.0
214390	2022-09-06 03:21:00	2022-09-06 03:28:00	2022-09-06 03:33:00	C1.4		POINT(86 -25)	-25	86	863.0	-420.0
214400	2022-09-06 11:19:00	2022-09-06 11:29:00	2022-09-06 11:33:00	C2.3		POINT(86 -22)	-22	86	883.0	-371.0
214410	2022-09-06 15:23:00	2022-09-06 15:30:00	2022-09-06 15:46:00	C1.1		POINT(86 -23)	-23	86	876.0	-392.0
214420	2022-09-06 16:48:00	2022-09-06 16:56:00	2022-09-06 17:05:00	C1.2		POINT(86 -23)	-23	86	877.0	-391.0
214430	2022-09-06 18:21:00	2022-09-06 18:33:00	2022-09-06 18:42:00	C3.2		POINT(86 -23)	-23	86	876.0	-391.0
214440	2022-09-06 21:22:00	2022-09-06 21:31:00	2022-09-06 21:52:00	C1.1		POINT(86 -24)	-24	86	874.0	-399.0
214450	2022-09-07 01:32:00	2022-09-07 01:41:00	2022-09-07 01:45:00	C1.4		POINT(87 -20)	-20	87	905.0	-334.0
214460	2022-09-07 17:08:00	2022-09-07 17:15:00	2022-09-07 17:19:00	C1.0		POINT(-64 17)	17	-64	-820.0	238.0
214470	2022-09-07 17:57:00	2022-09-07 18:04:00	2022-09-07 18:08:00	C1.1		POINT(-63 17)	17	-63	-816.0	230.0
214480	2022-09-07 23:42:00	2022-09-07 23:53:00	2022-09-07 23:59:00	C1.1		POINT(-64 14)	14	-64	-834.0	180.0
214490	2022-09-08 09:38:00	2022-09-08 09:47:00	2022-09-08 09:55:00	C1.3		POINT(-28 16)	16	-28	-431.0	162.0
214500	2022-09-08 13:10:00	2022-09-08 13:19:00	2022-09-08 13:26:00	C1.1		POINT(-27 16)	16	-27	-404.0	164.0
214510	2022-09-08 15:47:00	2022-09-08 15:53:00	2022-09-08 16:00:00	C1.0		POINT(-24 18)	18	-24	-374.0	166.0
214520	2022-09-08 16:52:00	2022-09-08 16:55:00	2022-09-08 16:57:00	B9.0		POINT(-23 15)	15	-23	-368.0	155.0
214530	2022-09-08 16:57:00	2022-09-08 17:10:00	2022-09-08 17:22:00	C2.1		POINT(-24 16)	16	-24	-379.0	162.0
214540	2022-09-08 17:45:00	2022-09-08 17:54:00	2022-09-08 18:10:00	C1.1		POINT(-86 -26)	-26	-86	-857.0	-438.0
214550	2022-09-09 01:11:00	2022-09-09 01:28:00	2022-09-09 01:32:00	C1.1		POINT(87 -14)	-14	87	926.0	-242.0
214560	2022-09-09 01:32:00	2022-09-09 01:36:00	2022-09-09 01:42:00	C1.2		POINT(-52 14)	14	-52	-735.0	169.0
214570	2022-09-09 02:01:00	2022-09-09 02:13:00	2022-09-09 02:27:00	C2.0		POINT(-54 13)	13	-54	-753.0	148.0
214580	2022-09-09 07:40:00	2022-09-09 07:51:00	2022-09-09 08:03:00	B9.5		POINT(-2 23)	23	-2	-36.0	240.0
214590	2022-09-09 09:22:00	2022-09-09 09:34:00	2022-09-09 09:48:00	B7.6		POINT(17 -11)	-11	17	285.0	-301.0
214600	2022-09-09 10:48:00	2022-09-09 10:56:00	2022-09-09 11:07:00	B8.8		POINT(-1 21)	21	-1	2.0	245.0
214610	2022-09-09 12:22:00	2022-09-09 12:27:00	2022-09-09 12:31:00	B8.6		POINT(-85 -25)	-25	-85	-855.0	-416.0
214620	2022-09-09 15:30:00	2022-09-09 15:39:00	2022-09-09 15:46:00	C1.1		POINT(20 -12)	-12	20	318.0	-198.0
214630	2022-09-09 21:02:00	2022-09-09 21:05:00	2022-09-09 21:10:00	C1.1		POINT(-7 16)	16	-7	-122.0	162.0
214640	2022-09-10 01:59:00	2022-09-10 02:09:00	2022-09-10 02:18:00	C1.0		POINT(-68 -23)	-23	-68	-812.0	-420.0
214650	2022-09-10 04:00:00	2022-09-10 04:07:00	2022-09-10 04:18:00	B7.5		POINT(-65 -23)	-23	-65	-796.0	-422.0
214660	2022-09-10 06:51:00	2022-09-10 07:03:00	2022-09-10 07:16:00	C1.2		POINT(-1 16)	16	-1	-25.0	140.0
214670	2022-09-10 07:16:00	2022-09-10 07:21:00	2022-09-10 07:26:00	C1.1		POINT(-65 -23)	-23	-65	-793.0	-422.0
214680	2022-09-10 07:39:00	2022-09-10 07:46:00	2022-09-10 07:53:00	C1.2		POINT(-63 -24)	-24	-63	-780.0	-425.0
214690	2022-09-10 08:53:00	2022-09-10 09:02:00	2022-09-10 09:09:00	C1.9		POINT(-87 -18)	-18	-87	-917.0	-306.0
214700	2022-09-10 11:04:00	2022-09-10 11:19:00	2022-09-10 11:30:00	C2.6		POINT(-60 -23)	-23	-60	-774.0	-423.0
214710	2022-09-10 13:03:00	2022-09-10 13:12:00	2022-09-10 13:18:00	B9.3		POINT(37 -11)	-11	37	566.0	-285.0
214720	2022-09-10 19:16:00	2022-09-10 19:25:00	2022-09-10 19:37:00	C2.2		POINT(-55 -23)	-23	-55	-746.0	-462.0
214730	2022-09-10 21:50:00	2022-09-10 21:57:00	2022-09-10 22:12:00	C1.6		POINT(-55 -24)	-24	-55	-716.0	-456.0
214740	2022-09-10 23:49:00	2022-09-11 00:09:00	2022-09-11 00:24:00	C2.8		POINT(-55 -25)	-25	-55	-701.0	-452.0
214750	2022-09-11 02:30:00	2022-09-11 02:37:00	2022-09-11 02:49:00	C1.0		POINT(-25 10)	10	-25	-401.0	60.0
214760	2022-09-11 05:17:00	2022-09-11 05:27:00	2022-09-11 05:35:00	C1.2		POINT(-53 -27)	-27	-53	-684.0	-498.0
214770	2022-09-11 10:27:00	2022-09-11 10:33:00	2022-09-11 10:40:00	C4.7		POINT(14 21)	21	14	218.0	228.0
214780	2022-09-11 12:26:00	2022-09-11 12:33:00	2022-09-11 12:37:00	C4.5		POINT(18 21)	21	18	234.0	230.0
214790	2022-09-11 13:44:00	2022-09-11 13:54:00	2022-09-11 14:02:00	C3.5		POINT(18 21)	21	18	245.0	231.0
214800	2022-09-11 14:31:00	2022-09-11 14:38:00	2022-09-11 14:50:00	C5.2		POINT(18 20)	20	18	255.0	229.0
214810	2022-09-11 16:39:00	2022-09-11 16:50:00	2022-09-11 17:00:00	C4.8		POINT(18 21)	21	18	279.0	234.0
214820	2022-09-11 18:04:00	2022-09-11 18:13:00	2022-09-11 18:20:00	C3.5		POINT(71 31)	31	71	773.0	456.0
214830	2022-09-11 18:22:00	2022-09-11 18:27:00	2022-09-11 18:33:00	C4.7		POINT(19 20)	20	19	294.0	227.0
214840	2022-09-11 22:08:00	2022-09-11 22:28:00	2022-09-11 22:39:00	C6.1		POINT(25 19)	19	25	377.0	207.0
214850	2022-09-12 00:22:00	2022-09-12 00:28:00	2022-09-12 00:35:00	C2.8		POINT(23 20)	20	23	354.0	236.0
214860	2022-09-12 03:12:00	2022-09-12 03:19:00	2022-09-12 03:25:00	C3.2		POINT(75 28)	28	75	810.0	430.0
214870	2022-09-12 04:12:00	2022-09-12 04:16:00	2022-09-12 04:22:00	C2.1		POINT(75 28)	28	75	810.0	431.0
214880	2022-09-12 06:00:00	2022-09-12 06:09:00	2022-09-12 06:17:00	C3.0		POINT(77 28)	28	77	818.0	429.0
214890	2022-09-12 06:21:00	2022-09-12 06:30:00	2022-09-12 06:42:00	C4.5		POINT(76 29)	29	76	809.0	434.0
214900	2022-09-12 08:13:00	2022-09-12 08:32:00	2022-09-12 09:04:00	C2.3		POINT(28 19)	19	28	423.0	310.0
214910	2022-09-12 09:16:00	2022-09-12 09:25:00	2022-09-12 09:34:00	C3.7		POINT(80 28)	28	80	828.0	431.0
214920	2022-09-12 11:09:00	2022-09-12 11:19:00	2022-09-12 11:38:00	C3.5		POINT(76 28)	28	76	820.0	438.0
214930	2022-09-12 11:59:00	2022-09-12 12:19:00	2022-09-12 12:33:00	C6.3		POINT(75 29)	29	75	789.0	464.0
214940	2022-09-12 12:43:00	2022-09-12 12:58:00	2022-09-12 13:20:00	C7.4		POINT(77 28)	28	77	831.0	430.0
214950	2022-09-12 16:09:00	2022-09-12 16:17:00	2022-09-12 16:24:00	C2.0		POINT(85 27)	27	85	839.0	434.0
214960	2022-09-12 18:54:00	2022-09-12 19:03:00	2022-09-12 19:12:00	C5.2		POINT(34 21)	21	34	450.0	275.0
214970	2022-09-12 19:52:00	2022-09-12 19:56:00	2022-09-12 20:00:00	C3.6		POINT(81 29)	29	81	800.0	465.0
214980	2022-09-12 20:41:00	2022-09-12 20:51:00	2022-09-12 21:04:00	C3.1		POINT(88 28)	28	88	837.0	446.0
214990	2022-09-12 23:20:00	2022-09-12 23:21:00	2022-09-12 23:24:00	M1.7		POINT(40 19)	19	40	593.0	224.0
215000	2022-09-13 01:26:00	2022-09-13 01:33:00	2022-09-13 01:37:00	C3.1		POINT(41 19)	19	41	598.0	226.0
215010	2022-09-13 02:58:00	2022-09-13 03:06:00	2022-09-13 03:10:00	C2.6		POINT(41 18)	18	41	604.0	222.0
215020	2022-09-13 03:46:00	2022-09-13 03:52:00	2022-09-13 04:03:00	C4.4		POINT(-77 -28)	-28	-77	-816.0	-478.0
215030	2022-09-13 05:53:00	2022-09-13 05:59:00	2022-09-13 06:03:00	C3.9		POINT(47 18)	18	47	764.0	242.0
215040	2022-09-13 08:51:00	2022-09-13 08:58:00	2022-09-13 09:11:00	C3.7		POINT(82 29)	29	82	821.0	482.0
215050	2022-09-13 11:27:00	2022-09-13 11:30:00	2022-09-13 11:34:00	C4.0		POINT(-76 -30)	-30	-76	-797.0	-485.0
215060	2022-09-13 11:56:00	2022-09-13 12:00:00	2022-09-13 12:06:00	C2.9		POINT(41 19)	19	41	604.0	242.0
215070	2022-09-13 12:31:00	2022-09-13 12:36:00	2022-09-13 12:40:00	C7.0		POINT(82 30)	30	82	821.0	482.0
215080	2022-09-13 13:25:00	2022-09-13 13:26:00	2022-09-13 13:29:00	C6.7		POINT(-76 -30)	-30	-76	-801.0	-476.0
215090	2022-09-13 14:25:00	2022-09-13 15:23:00	2022-09-13 16:22:00	C9.2		POINT(48 24)	24	48	647.0	387.0
215100	2022-09-13 17:25:00	2022-09-13 17:28:00	2022-09-13 17:32:00	C4.9		POINT(50 20)	20	50	687.0	257.0
215110	2022-09-13 17:50:00	2022-09-13 17:55:00	2022-09-13 18:02:00	C2.5		POINT(86 29)	29	86	836.0	477.0
215120	2022-09-13 20:17:00	2022-09-13 20:29:00	2022-09-13 20:37:00	C2.2		POINT(52 18)	18	52	710.0	242.0
215130	2022-09-13 21:57:00	2022-09-13 22:01:00	2022-09-13 22:04:00	C2.4		POINT(-66 -27)	-27	-66	-776.0	-433.0
215140	2022-09-13 22:28:00	2022-09-13 22:33:00	2022-09-13 22:47:00	C4.1		POINT(53 18)	18	53	725.0	241.0
215150	2022-09-13 22:41:00	2022-09-13 22:50:00	2022-09-13 22:55:00	C3.4		POINT(-69 -29)	-29	-69	-775.0	-503.0
215160	2022-09-14 00:55:00	2022-09-14 01:03:00	2022-09-14 01:09:00	C3.3		POINT(54 18)	18	54	736.0	240.0
215170	2022-09-14 02:52:00	2022-09-14 02:57:00	2022-09-14 03:01:00	C4.4		POINT(48 22)	22	48	661.0	271.0
215180	2022-09-14 03:30:00	2022-09-14 03:34:00	2022-09-14 03:37:00	C4.6		POINT(55 18)	18	55	742.0	242.0
215190	2022-09-14 03:37:00	2022-09-14 03:41:00	2022-09-14 03:45:00	C7.2		POINT(56 18)	18	56	753.0	245.0
215200	2022-09-14 03:49:00	2022-09-14 03:52:00	2022-09-14 03:56:00	C5.2		POINT(55 19)	19	55	746.0	245.0
215210	2022-09-14 04:22:00	2022-09-14 04:28:00	2022-09-14 04:38:00	C2.1		POINT(85 30)	30	85	824.0	495.0
215220	2022-09-14 05:15:00	2022-09-14 05:21:00	2022-09-14 05:26:00	C2.7		POINT(86 29)	29	86	836.0	471.0
215230	2022-09-14 05:51:00	2022-09-14 05:56:00	2022-09-14 06:06:00	C2.3		POINT(52 21)	21	52	705.0	274.0
215240	2022-09-14 09:41:00	2022-09-14 10:19:00	2022-09-14 10:43:00	M1.1		POINT(56 21)	21	56	747.0	309.0
215250	2022-09-14 11:07:00	2022-09-14 11:16:00	2022-09-14 11:40:00	C5.9		POINT(59 19)	19	59	775.0	256.0
215260	2022-09-14 12:06:00	2022-09-14 12:16:00	2022-09-14 12:29:00	C7.7		POINT(-60 -28)	-28	-60	-721.0	-509.0
215270	2022-09-14 14:20:00	2022-09-14 14:23:00	2022-09-14 14:29:00	C1.8		POINT(60 18)	18	60	791.0	250.0
215280	2022-09-14 14:48:00	2022-09-14 14:58:00	2022-09-14 15:11:00	C3.6		POINT(61 18)	18	61	806.0	231.0
215290	2022-09-14 19:32:00	2022-09-14 19:39:00	2022-09-14 19:56:00	C3.1		POINT(72 20)	20	72	854.0	291.0
215300	2022-09-15 01:55:00	2022-09-15 02:02:00	2022-09-15 02:06:00	C1.5		POINT(66 21)	21	66	814.0	306.0
215310	2022-09-15 02:28:00	2022-09-15 02:35:00	2022-09-15 02:40:00	C1.5		POINT(67 21)	21	67	817.0	309.0
215320	2022-09-15 03:03:00	2022-09-15 03:19:00	2022-09-15 03:45:00	C3.8		POINT(75 23)	23	75	846.0	356.0
215330	2022-09-15 05:54:00	2022-09-15 06:33:00	2022-09-15 07:13:00	C6.4		POINT(86 30)	30	86	856.0	502.0
215340	2022-09-15 11:27:00	2022-09-15 11:36:00	2022-09-15 11:45:00	C1.5		POINT(77 21)	21	77	864.0	327.0
215350	2022-09-15 16:51:00	2022-09-15 17:00:00	2022-09-15 17:08:00	C1.6		POINT(87 19)	19	87	900.0	316.0
215360	2022-09-15 19:12:00	2022-09-15 19:21:00	2022-09-15 19:30:00	C2.3		POINT(78 17)	17	78	891.0	261.0
215370	2022-09-16 00:17:00	2022-09-16 00:23:00	2022-09-16 00:35:00	C2.0		POINT(79 19)	19	79	886.0	289.0
215380	2022-09-16 01:00:00	2022-09-16 01:05:00	2022-09-16 01:09:00	C1.6		POINT(87 18)	18	87	912.0	306.0
215390	2022-09-16 02:54:00	2022-09-16 03:02:00	2022-09-16 03:06:00	C2.6		POINT(81 18)	18	81	894.0	282.0
215400	2022-09-16 03:08:00	2022-09-16 03:17:00	2022-09-16 03:22:00	C3.9		POINT(-6 -21)	-21	-6	-53.0	-369.0
215410	2022-09-16 04:21:00	2022-09-16 04:25:00	2022-09-16 04:30:00	C3.0		POINT(-3 15)	15	-3	-48.0	247.0
215420	2022-09-16 06:11:00	2022-09-16 06:15:00	2022-09-16 06:19:00	C3.2		POINT(84 18)	18	84	902.0	282.0
215430	2022-09-16 07:35:00	2022-09-16 07:38:00	2022-09-16 07:45:00	C3.7		POINT(82 18)	18	82	895.0	290.0
215440	2022-09-16 09:44:00	2022-09-16 09:49:00	2022-09-16 09:56:00	M7.9		POINT(85 18)	18	85	902.0	288.0
215450	2022-09-16 15:20:00	2022-09-16 15:25:00	2022-09-16 15:40:00	C1.5		POINT(87 21)	21	87	894.0	353.0
215460	2022-09-16 15:49:00	2022-09-16 15:59:00	2022-09-16 16:12:00	M6.2		POINT(81 18)	18	81	915.0	284.0
215470	2022-09-16 19:02:00	2022-09-16 19:07:00	2022-09-16 19:11:00	C2.7		POINT(87 17)	17	87	912.0	294.0
215480	2022-09-16 21:06:00	2022-09-16 21:18:00	2022-09-16 21:24:00	C2.2		POINT(87 20)	20	87	899.0	346.0
215490	2022-09-16 22:59:00	2022-09-16 23:09:00	2022-09-16 23:14:00	C2.4		POINT(-29 -26)	-26	-29	-459.0	-557.0
215500	2022-09-16 23:37:00	2022-09-16 23:44:00	2022-09-16 23:50:00	C1.3		POINT(-33 -30)	-30	-33	-462.0	-560.0
215510	2022-09-16 23:50:00	2022-09-17 00:04:00	2022-09-17 00:09:00	C1.7		POINT(87 17)	17	87	908.0	293.0
215520	2022-09-17 01:35:00	2022-09-17 01:57:00	2022-09-17 02:11:00	C3.0		POINT(25 -26)	-26	25	464.0	-485.0
215530	2022-09-17 04:31:00	2022-09-17 04:40:00	2022-09-17 04:48:00	C1.7		POINT(87 20)	20	87	901.0	342.0
215540	2022-09-17 05:09:00	2022-09-17 05:17:00	2022-09-17 05:25:00	C1.6		POINT(87 18)	18	87	912.0	298.0
215550	2022-09-17 08:15:00	2022-09-17 08:23:00	2022-09-17 08:31:00	C1.2		POINT(87 18)	18	87	911.0	304.0
215560	2022-09-17 08:31:00	2022-09-17 08:38:00	2022-09-17 08:44:00	C1.4		POINT(87 21)	21	87	896.0	349.0
215570	2022-09-17 13:21:00	2022-09-17 13:39:00	2022-09-17 13:53:00	M1.9		POINT(87 22)	22	87	894.0	374.0
215580	2022-09-17 20:13:00	2022-09-17 20:22:00	2022-09-17 20:31:00	C2.3		POINT(87 19)	19	87	910.0	318.0
215590	2022-09-17 20:32:00	2022-09-17 20:41:00	2022-09-17 20:52:00	M2.6		POINT(87 18)	18	87	918.0	309.0
215600	2022-09-17 23:13:00	2022-09-17 23:19:00	2022-09-17 23:25:00	C1.6		POINT(41 -26)	-26	41	570.0	-494.0
215610	2022-09-18 04:14:00	2022-09-18 04:20:00	2022-09-18 04:27:00	C1.5		POINT(-13 -23)	-23	-13	-200.0	-489.0
215620	2022-09-18 10:45:00	2022-09-18 10:54:00	2022-09-18 10:58:00	C1.2		POINT(-9 -26)	-26	-9	-140.0	-548.0
215630	2022-09-18 11:24:00	2022-09-18 11:30:00	2022-09-18 11:36:00	C1.5		POINT(-10 -25)	-25	-10	-136.0	-488.0
215640	2022-09-18 12:59:00	2022-09-18 13:04:00	2022-09-18 13:11:00	C3.6		POINT(-8 -28)	-28	-8	-128.0	-549.0
215650	2022-09-18 15:02:00	2022-09-18 15:12:00	2022-09-18 15:18:00	C2.2		POINT(-7 -25)	-25	-7	-74.0	-553.0
215660	2022-09-18 16:08:00	2022-09-18 16:14:00	2022-09-18 16:18:00	C3.7		POINT(-5 -23)	-23	-5	-83.0	-494.0
215670	2022-09-18 17:23:00	2022-09-18 18:16:00	2022-09-18 19:10:00	C3.5		POINT(53 -30)	-30	53	665.0	-543.0
215680	2022-09-18 20:35:00	2022-09-18 20:41:00	2022-09-18 20:51:00	C1.8		POINT(-87 -14)	-14	-87	-936.0	-242.0
215690	2022-09-18 21:40:00	2022-09-18 22:13:00	2022-09-18 22:30:00	C3.0		POINT(-87 -14)	-14	-87	-951.0	-251.0
215700	2022-09-18 23:24:00	2022-09-18 23:39:00	2022-09-19 00:00:00	C3.0		POINT(-87 -15)	-15	-87	-937.0	-270.0
215710	2022-09-19 00:43:00	2022-09-19 01:02:00	2022-09-19 01:20:00	C6.5		POINT(-87 -15)	-15	-87	-930.0	-255.0
215720	2022-09-19 02:25:00	2022-09-19 02:30:00	2022-09-19 02:39:00	C7.6		POINT(0 -25)	-25	0	-8.0	-501.0
215730	2022-09-19 05:35:00	2022-09-19 05:41:00	2022-09-19 05:48:00	C2.7		POINT(-87 -18)	-18	-87	-910.0	-311.0
215740	2022-09-19 06:05:00	2022-09-19 06:19:00	2022-09-19 06:46:00	C4.8		POINT(-87 -15)	-15	-87	-929.0	-258.0
215750	2022-09-19 10:29:00	2022-09-19 10:38:00	2022-09-19 10:49:00	C1.8		POINT(4 -24)	-24	4	61.0	-504.0
215760	2022-09-19 11:43:00	2022-09-19 11:49:00	2022-09-19 11:53:00	C1.7		POINT(-85 -18)	-18	-85	-906.0	-295.0
215770	2022-09-19 13:46:00	2022-09-19 13:57:00	2022-09-19 14:03:00	C2.5		POINT(6 -25)	-25	6	84.0	-506.0
215780	2022-09-19 19:30:00	2022-09-19 19:36:00	2022-09-19 19:40:00	C1.5		POINT(8 -23)	-23	8	131.0	-490.0
215790	2022-09-20 05:35:00	2022-09-20 05:42:00	2022-09-20 05:55:00	C5.5		POINT(19 -24)	-24	19	215.0	-508.0
215800	2022-09-20 09:18:00	2022-09-20 09:24:00	2022-09-20 09:29:00	C2.4		POINT(17 -25)	-25	17	246.0	-509.0
215810	2022-09-20 11:13:00	2022-09-20 11:22:00	2022-09-20 11:34:00	M1.0		POINT(17 -25)	-25	17	266.0	-504.0
215820	2022-09-20 14:50:00	2022-09-20 15:07:00	2022-09-20 15:32:00	C7.7		POINT(19 -29)	-29	19	278.0	-588.0
215830	2022-09-20 16:24:00	2022-09-20 16:33:00	2022-09-20 16:39:00	C3.8		POINT(21 -25)	-25	21	304.0	-507.0
215840	2022-09-20 18:33:00	2022-09-20 18:42:00	2022-09-20 18:46:00	C4.5		POINT(21 -25)	-25	21	317.0	-489.0
215850	2022-09-20 20:59:00	2022-09-20 21:11:00	2022-09-20 21:20:00	C2.0		POINT(25 -23)	-23	25	372.0	-476.0
215860	2022-09-21 05:12:00	2022-09-21 05:26:00	2022-09-21 05:42:00	C2.7		POINT(-75 -27)	-27	-75	-821.0	-462.0
215870	2022-09-21 06:51:00	2022-09-21 07:02:00	2022-09-21 07:17:00	M1.0		POINT(-73 -25)	-25	-73	-827.0	-440.0
215880	2022-09-21 12:42:00	2022-09-21 12:50:00	2022-09-21 12:54:00	C1.4		POINT(-64 -23)	-23	-64	-789.0	-431.0
215890	2022-09-21 18:14:00	2022-09-21 18:24:00	2022-09-21 18:41:00	C1.7		POINT(-50 -17)	-17	-50	-707.0	-362.0
215900	2022-09-21 23:08:00	2022-09-21 23:20:00	2022-09-21 23:30:00	C6.7		POINT(-54 -18)	-18	-54	-734.0	-384.0
215910	2022-09-22 01:23:00	2022-09-22 01:36:00	2022-09-22 01:52:00	C3.6		POINT(-45 -18)	-18	-45	-658.0	-359.0
215920	2022-09-22 03:52:00	2022-09-22 03:56:00	2022-09-22 04:02:00	C1.6		POINT(0 11)	11	0	-3.0	52.0
215930	2022-09-22 04:26:00	2022-09-22 04:37:00	2022-09-22 04:49:00	C1.7		POINT(-67 -26)	-26	-67	-789.0	-465.0
215940	2022-09-22 08:33:00	2022-09-22 08:50:00	2022-09-22 09:06:00	C1.7		POINT(3 10)	10	3	49.0	166.0
215950	2022-09-22 09:42:00	2022-09-22 09:51:00	2022-09-22 09:58:00	C1.6		POINT(-42 -18)	-18	-42	-605.0	-407.0
215960	2022-09-22 10:33:00	2022-09-22 10:36:00	2022-09-22 10:40:00	C1.8		POINT(-57 -25)	-25	-57	-728.0	-460.0
215970	2022-09-22 11:23:00	2022-09-22 11:34:00	2022-09-22 11:39:00	C7.8		POINT(-43 -16)	-16	-43	-624.0	-338.0
215980	2022-09-22 14:21:00	2022-09-22 14:43:00	2022-09-22 14:59:00	C3.6		POINT(-63 -25)	-25	-63	-772.0	-404.0
215990	2022-09-22 18:14:00	2022-09-22 18:27:00	2022-09-22 18:39:00	C1.9		POINT(9 11)	11	9	146.0	182.0
216000	2022-09-22 20:12:00	2022-09-22 20:20:00	2022-09-22 20:32:00	C1.7		POINT(-53 -21)	-21	-53	-712.0	-342.0
216010	2022-09-23 00:09:00	2022-09-23 00:23:00	2022-09-23 00:33:00	C3.5		POINT(13 10)	10	13	212.0	47.0
216020	2022-09-23 02:30:00	2022-09-23 02:37:00	2022-09-23 02:43:00	C2.2		POINT(-88 15)	15	-88	-929.0	253.0
216030	2022-09-23 03:32:00	2022-09-23 03:39:00	2022-09-23 03:51:00	C6.0		POINT(-49 -23)	-23	-49	-662.0	-449.0
216040	2022-09-23 04:22:00	2022-09-23 04:28:00	2022-09-23 04:38:00	C2.6		POINT(-88 15)	15	-88	-921.0	251.0
216050	2022-09-23 04:59:00	2022-09-23 05:10:00	2022-09-23 05:21:00	C5.0		POINT(-89 15)	15	-89	-921.0	250.0
216060	2022-09-23 08:34:00	2022-09-23 08:38:00	2022-09-23 08:42:00	C2.5		POINT(-85 16)	16	-85	-917.0	252.0
216070	2022-09-23 08:47:00	2022-09-23 08:55:00	2022-09-23 09:00:00	C2.8		POINT(16 10)	10	16	284.0	54.0
216080	2022-09-23 09:29:00	2022-09-23 09:38:00	2022-09-23 09:51:00	C2.7		POINT(-49 -24)	-24	-49	-657.0	-468.0
216090	2022-09-23 11:29:00	2022-09-23 11:33:00	2022-09-23 11:37:00	C7.2		POINT(18 10)	10	18	291.0	166.0
216100	2022-09-23 12:35:00	2022-09-23 12:41:00	2022-09-23 12:45:00	C1.8		POINT(-84 15)	15	-84	-917.0	239.0
216110	2022-09-23 14:14:00	2022-09-23 14:23:00	2022-09-23 14:26:00	C4.7		POINT(-45 -22)	-22	-45	-602.0	-463.0
216120	2022-09-23 14:26:00	2022-09-23 14:52:00	2022-09-23 14:59:00	C5.6		POINT(-77 15)	15	-77	-900.0	247.0
216130	2022-09-23 17:12:00	2022-09-23 17:16:00	2022-09-23 17:24:00	C3.6		POINT(-40 -25)	-25	-40	-557.0	-404.0
216140	2022-09-23 17:48:00	2022-09-23 18:10:00	2022-09-23 18:41:00	M1.7		POINT(-77 19)	19	-77	-881.0	311.0
216150	2022-09-23 22:21:00	2022-09-23 22:27:00	2022-09-23 22:35:00	C3.0		POINT(-41 -24)	-24	-41	-573.0	-489.0
216160	2022-09-23 23:23:00	2022-09-23 23:27:00	2022-09-23 23:39:00	C3.6		POINT(24 10)	10	24	419.0	49.0
216170	2022-09-24 04:35:00	2022-09-24 04:42:00	2022-09-24 04:55:00	C2.0		POINT(-72 15)	15	-72	-878.0	216.0
216180	2022-09-24 06:39:00	2022-09-24 06:49:00	2022-09-24 06:56:00	C2.2		POINT(-69 15)	15	-69	-868.0	222.0
216190	2022-09-24 06:58:00	2022-09-24 07:02:00	2022-09-24 07:08:00	C3.0		POINT(-35 -25)	-25	-35	-497.0	-404.0
216200	2022-09-24 07:46:00	2022-09-24 07:52:00	2022-09-24 07:57:00	C2.1		POINT(-77 15)	15	-77	-857.0	211.0
216210	2022-09-24 12:21:00	2022-09-24 12:36:00	2022-09-24 12:56:00	C4.3		POINT(-38 -30)	-30	-38	-519.0	-557.0
216220	2022-09-24 12:55:00	2022-09-24 13:22:00	2022-09-24 13:34:00	C5.1		POINT(-39 -29)	-29	-39	-533.0	-552.0
216230	2022-09-24 14:22:00	2022-09-24 14:37:00	2022-09-24 14:47:00	C3.0		POINT(-31 -24)	-24	-31	-458.0	-490.0
216240	2022-09-24 14:47:00	2022-09-24 14:53:00	2022-09-24 14:57:00	C3.8		POINT(-70 19)	19	-70	-849.0	225.0
216250	2022-09-24 15:53:00	2022-09-24 16:07:00	2022-09-24 16:16:00	C7.2		POINT(-32 -23)	-23	-32	-455.0	-482.0
216260	2022-09-24 16:43:00	2022-09-24 16:50:00	2022-09-24 16:55:00	C2.9		POINT(-29 -22)	-22	-29	-408.0	-471.0
216270	2022-09-24 16:59:00	2022-09-24 17:19:00	2022-09-24 17:46:00	C7.2		POINT(-70 18)	18	-70	-854.0	269.0
216280	2022-09-24 18:41:00	2022-09-24 18:47:00	2022-09-24 18:54:00	C6.1		POINT(-30 -23)	-23	-30	-440.0	-482.0
216290	2022-09-24 22:56:00	2022-09-24 23:06:00	2022-09-24 23:13:00	C2.5		POINT(-23 -24)	-24	-23	-341.0	-389.0
216300	2022-09-25 00:57:00	2022-09-25 01:07:00	2022-09-25 01:17:00	C2.2		POINT(-33 -30)	-30	-33	-452.0	-561.0
216310	2022-09-25 02:51:00	2022-09-25 02:57:00	2022-09-25 02:59:00	C1.7		POINT(85 -28)	-28	85	843.0	-456.0
216320	2022-09-25 02:59:00	2022-09-25 03:04:00	2022-09-25 03:08:00	C3.2		POINT(-60 15)	15	-60	-803.0	201.0
216330	2022-09-25 03:29:00	2022-09-25 03:39:00	2022-09-25 03:47:00	C2.1		POINT(-25 -24)	-24	-25	-369.0	-491.0
216340	2022-09-25 04:52:00	2022-09-25 05:01:00	2022-09-25 05:05:00	C3.1		POINT(-65 15)	15	-65	-793.0	195.0
216350	2022-09-25 06:12:00	2022-09-25 06:34:00	2022-09-25 06:50:00	C4.2		POINT(-29 -25)	-25	-29	-372.0	-488.0
216360	2022-09-25 07:01:00	2022-09-25 07:06:00	2022-09-25 07:10:00	C5.9		POINT(-67 15)	15	-67	-785.0	196.0
216370	2022-09-25 09:25:00	2022-09-25 09:29:00	2022-09-25 09:34:00	C1.1		POINT(-65 15)	15	-65	-773.0	193.0
216380	2022-09-25 18:57:00	2022-09-25 19:02:00	2022-09-25 19:06:00	C1.4		POINT(-51 15)	15	-51	-720.0	186.0
216390	2022-09-25 19:24:00	2022-09-25 19:34:00	2022-09-25 19:40:00	C1.9		POINT(-51 15)	15	-51	-718.0	186.0
216400	2022-09-25 20:43:00	2022-09-25 20:49:00	2022-09-25 20:54:00	C1.1		POINT(-50 15)	15	-50	-711.0	185.0
216410	2022-09-26 08:48:00	2022-09-26 09:11:00	2022-09-26 09:36:00	C4.7		POINT(-16 -25)	-25	-16	-150.0	-486.0
216420	2022-09-26 12:39:00	2022-09-26 12:51:00	2022-09-26 13:09:00	C2.1		POINT(-8 -23)	-23	-8	-123.0	-489.0
216430	2022-09-26 15:37:00	2022-09-26 15:45:00	2022-09-26 15:50:00	C2.9		POINT(-42 19)	19	-42	-605.0	311.0
216440	2022-09-26 17:57:00	2022-09-26 18:07:00	2022-09-26 18:25:00	C1.8		POINT(-2 -24)	-24	-2	-42.0	-503.0
216450	2022-09-26 20:44:00	2022-09-26 21:14:00	2022-09-26 21:32:00	C3.6		POINT(-3 -23)	-23	-3	-50.0	-492.0
216460	2022-09-27 04:08:00	2022-09-27 04:24:00	2022-09-27 04:32:00	C2.8		POINT(4 -25)	-25	4	48.0	-513.0
216470	2022-09-27 04:32:00	2022-09-27 04:36:00	2022-09-27 04:40:00	C4.0		POINT(3 -24)	-24	3	54.0	-502.0
216480	2022-09-27 06:37:00	2022-09-27 06:46:00	2022-09-27 06:58:00	C4.8		POINT(4 -25)	-25	4	71.0	-513.0
216490	2022-09-27 11:44:00	2022-09-27 11:56:00	2022-09-27 12:06:00	C4.0		POINT(3 -25)	-25	3	114.0	-517.0
216500	2022-09-27 13:40:00	2022-09-27 13:52:00	2022-09-27 13:58:00	C2.1		POINT(7 -25)	-25	7	131.0	-518.0
216510	2022-09-27 14:39:00	2022-09-27 14:48:00	2022-09-27 14:53:00	C1.1		POINT(26 -15)	-15	26	415.0	-353.0
216520	2022-09-27 16:42:00	2022-09-27 16:50:00	2022-09-27 16:56:00	C2.0		POINT(29 -16)	-16	29	443.0	-371.0
216530	2022-09-27 19:49:00	2022-09-27 19:57:00	2022-09-27 20:04:00	C5.0		POINT(30 -15)	-15	30	458.0	-384.0
216540	2022-09-27 22:53:00	2022-09-27 23:00:00	2022-09-27 23:02:00	C1.7		POINT(31 -17)	-17	31	476.0	-383.0
216550	2022-09-27 23:02:00	2022-09-27 23:07:00	2022-09-27 23:11:00	C2.2		POINT(31 -17)	-17	31	483.0	-380.0
216560	2022-09-28 00:04:00	2022-09-28 00:16:00	2022-09-28 00:37:00	C1.7		POINT(10 -25)	-25	10	207.0	-494.0
216570	2022-09-28 00:41:00	2022-09-28 00:47:00	2022-09-28 00:51:00	C3.4		POINT(10 -25)	-25	10	205.0	-496.0
216580	2022-09-28 02:53:00	2022-09-28 02:57:00	2022-09-28 03:01:00	C1.9		POINT(14 -24)	-24	14	219.0	-494.0
216590	2022-09-28 07:46:00	2022-09-28 07:53:00	2022-09-28 07:57:00	C1.7		POINT(19 -25)	-25	19	277.0	-497.0
216600	2022-09-28 08:39:00	2022-09-28 08:46:00	2022-09-28 08:50:00	C1.3		POINT(20 -25)	-25	20	296.0	-404.0
216610	2022-09-28 11:08:00	2022-09-28 11:15:00	2022-09-28 11:28:00	C1.1		POINT(38 -16)	-16	38	578.0	-361.0
216620	2022-09-28 18:52:00	2022-09-28 19:00:00	2022-09-28 19:06:00	C2.6		POINT(25 -24)	-24	25	371.0	-494.0
216630	2022-09-28 23:40:00	2022-09-28 23:45:00	2022-09-28 23:49:00	C1.6		POINT(27 -23)	-23	27	375.0	-481.0
216640	2022-09-29 05:14:00	2022-09-29 05:30:00	2022-09-29 05:58:00	C5.6		POINT(-86 28)	28	-86	-851.0	468.0
216650	2022-09-29 05:58:00	2022-09-29 06:03:00	2022-09-29 06:11:00	C4.7		POINT(49 -16)	-16	49	704.0	-337.0
216660	2022-09-29 11:50:00	2022-09-29 12:01:00	2022-09-29 13:09:00	C5.8		POINT(-86 26)	26	-86	-867.0	434.0
216670	2022-09-29 13:09:00	2022-09-29 13:14:00	2022-09-29 13:18:00	C4.0		POINT(-86 29)	29	-86	-843.0	477.0
216680	2022-09-29 13:33:00	2022-09-29 13:39:00	2022-09-29 13:55:00	C5.0		POINT(20 -25)	-25	20	444.0	-510.0
216690	2022-09-29 20:10:00	2022-09-29 20:24:00	2022-09-29 20:55:00	C5.5		POINT(-87 25)	25	-87	-877.0	416.0
216700	2022-09-29 23:46:00	2022-09-29 23:59:00	2022-09-30 00:14:00	C2.3		POINT(-87 25)	25	-87	-876.0	417.0
216710	2022-09-30 01:51:00	2022-09-30 02:01:00	2022-09-30 02:10:00	C2.8		POINT(-87 25)	25	-87	-879.0	421.0
216720	2022-09-30 03:18:00	2022-09-30 03:27:00	2022-09-30 03:38:00	C2.8		POINT(-87 25)	25	-87	-866.0	413.0
216730	2022-09-30 03:46:00	2022-09-30 04:01:00	2022-09-30 06:51:00	M1.1		POINT(-87 25)	25	-87	-865.0	416.0
216740	2022-09-30 06:51:00	2022-09-30 07:05:00	2022-09-30 07:20:00	C5.5		POINT(-87 23)	23	-87	-891.0	388.0
216750	2022-09-30 08:36:00	2022-09-30 08:45:00	2022-09-30 09:02:00	C2.8		POINT(-87 24)	24	-87	-880.0	411.0
216760	2022-09-30 11:33:00	2022-09-30 11:38:00	2022-09-30 11:45:00	C3.0		POINT(-87 21)	21	-87	-899.0	350.0
216770	2022-09-30 14:03:00	2022-09-30 14:16:00	2022-09-30 14:32:00	C7.8		POINT(-87 23)	23	-87	-888.0	387.0
216780	2022-09-30 15:03:00	2022-09-30 15:14:00	2022-09-30 15:25:00	C4.0		POINT(-87 23)	23	-87	-888.0	392.0
216790	2022-09-30 15:27:00	2022-09-30 15:34:00	2022-09-30 15:44:00	C4.0		POINT(-87 24)	24	-87	-873.0	392.0
216800	2022-09-30 16:11:00	2022-09-30 16:22:00	2022-09-30 16:33:00	M2.9		POINT(-87 20)	20	-87	-912.0	348.0
216810	2022-09-30 17:30:00	2022-09-30 17:34:00	2022-09-30 17:45:00	M1.3		POINT(-87 24)	24	-87	-876.0	395.0
216820	2022-09-30 22:37:00	2022-09-30 22:43:00	2022-09-30 22:47:00	C3.4		POINT(-30 30)	30	-30	-430.0	365.0
216830	2022-09-30 23:33:00	2022-09-30 23:39:00	2022-09-30 23:43:00	C3.1		POINT(-30 28)	28	-30	-425.0	367.0
216840	2022-10-01 02:09:00	2022-10-01 02:18:00	2022-10-01 02:23:00	C2.9		POINT(-87 23)	23	-87	-885.0	383.0
216850	2022-10-01 03:55:00	2022-10-01 04:01:00	2022-10-01 04:07:00	C2.6		POINT(-71 19)	19	-71	-857.0	281.0
216860	2022-10-01 04:12:00	2022-10-01 04:17:00	2022-10-01 04:39:00	C3.8		POINT(-87 22)	22	-87	-890.0	378.0
216870	2022-10-01 04:42:00	2022-10-01 04:58:00	2022-10-01 05:12:00	C6.4		POINT(48 -28)	-28	48	630.0	-526.0
216880	2022-10-01 06:24:00	2022-10-01 06:30:00	2022-10-01 06:34:00	C2.3		POINT(-87 19)	19	-87	-906.0	331.0
216890	2022-10-01 07:07:00	2022-10-01 07:11:00	2022-10-01 07:19:00	C2.2		POINT(58 -25)	-25	58	735.0	-464.0
216900	2022-10-01 08:22:00	2022-10-01 08:31:00	2022-10-01 08:36:00	C3.8		POINT(-87 24)	24	-87	-885.0	404.0
216910	2022-10-01 11:34:00	2022-10-01 13:00:00	2022-10-01 13:22:00	C3.5		POINT(-77 25)	25	-77	-848.0	383.0
216920	2022-10-01 17:29:00	2022-10-01 17:41:00	2022-10-01 17:46:00	C3.4		POINT(-87 24)	24	-87	-873.0	384.0
216930	2022-10-01 17:58:00	2022-10-01 18:04:00	2022-10-01 18:08:00	C4.3		POINT(-22 30)	30	-22	-319.0	373.0
216940	2022-10-01 18:21:00	2022-10-01 18:27:00	2022-10-01 18:36:00	C2.4		POINT(24 15)	15	24	376.0	248.0
216950	2022-10-01 19:58:00	2022-10-01 20:10:00	2022-10-01 20:16:00	M5.8		POINT(36 18)	18	36	537.0	201.0
216960	2022-10-02 02:08:00	2022-10-02 02:21:00	2022-10-02 02:26:00	M8.7		POINT(34 16)	16	34	581.0	206.0
216970	2022-10-02 05:18:00	2022-10-02 05:22:00	2022-10-02 05:31:00	C2.8		POINT(40 18)	18	40	590.0	216.0
216980	2022-10-02 05:42:00	2022-10-02 06:21:00	2022-10-02 06:56:00	C4.1		POINT(-86 27)	27	-86	-853.0	441.0
216990	2022-10-02 10:36:00	2022-10-02 10:43:00	2022-10-02 10:53:00	C2.3		POINT(-71 22)	22	-71	-838.0	336.0
217000	2022-10-02 11:30:00	2022-10-02 11:39:00	2022-10-02 11:44:00	C2.4		POINT(-71 22)	22	-71	-839.0	331.0
217010	2022-10-02 11:45:00	2022-10-02 11:53:00	2022-10-02 12:09:00	C3.0		POINT(44 18)	18	44	633.0	296.0
217020	2022-10-02 13:52:00	2022-10-02 14:05:00	2022-10-02 14:23:00	M1.2		POINT(-73 25)	25	-73	-833.0	352.0
217030	2022-10-02 14:48:00	2022-10-02 14:57:00	2022-10-02 15:12:00	C8.7		POINT(77 -29)	-29	77	805.0	-494.0
217040	2022-10-02 15:34:00	2022-10-02 15:45:00	2022-10-02 15:53:00	M1.0		POINT(-69 22)	22	-69	-827.0	330.0
217050	2022-10-02 17:23:00	2022-10-02 17:34:00	2022-10-02 17:53:00	C3.6		POINT(-69 22)	22	-69	-827.0	330.0
217060	2022-10-02 17:53:00	2022-10-02 18:07:00	2022-10-02 18:26:00	C7.8		POINT(47 18)	18	47	678.0	225.0
217070	2022-10-02 18:49:00	2022-10-02 19:08:00	2022-10-02 19:25:00	C8.1		POINT(-69 23)	23	-69	-820.0	347.0
217080	2022-10-02 19:53:00	2022-10-02 20:25:00	2022-10-02 20:34:00	X1.0		POINT(49 17)	17	49	694.0	221.0
217090	2022-10-02 22:49:00	2022-10-02 23:08:00	2022-10-02 23:19:00	C9.1		POINT(-66 22)	22	-66	-792.0	344.0
217100	2022-10-03 02:19:00	2022-10-03 02:33:00	2022-10-03 03:02:00	M2.6		POINT(-64 23)	23	-64	-786.0	342.0
217110	2022-10-03 03:40:00	2022-10-03 03:51:00	2022-10-03 04:01:00	C6.3		POINT(-54 19)	19	-54	-734.0	260.0
217120	2022-10-03 07:12:00	2022-10-03 07:23:00	2022-10-03 07:32:00	C7.5		POINT(57 17)	17	57	768.0	233.0
217130	2022-10-03 08:05:00	2022-10-03 08:14:00	2022-10-03 08:22:00	C3.4		POINT(-60 24)	24	-60	-767.0	327.0
217140	2022-10-03 09:09:00	2022-10-03 09:20:00	2022-10-03 09:38:00	C5.1		POINT(59 17)	17	59	786.0	280.0
217150	2022-10-03 09:38:00	2022-10-03 10:11:00	2022-10-03 10:27:00	M4.2		POINT(58 18)	18	58	773.0	296.0
217160	2022-10-03 11:03:00	2022-10-03 11:11:00	2022-10-03 11:19:00	M1.5		POINT(59 18)	18	59	781.0	296.0
217170	2022-10-03 12:14:00	2022-10-03 12:23:00	2022-10-03 12:48:00	C4.3		POINT(59 18)	18	59	794.0	256.0
217180	2022-10-03 13:11:00	2022-10-03 13:17:00	2022-10-03 13:28:00	C2.9		POINT(60 18)	18	60	798.0	240.0
217190	2022-10-03 14:44:00	2022-10-03 14:51:00	2022-10-03 14:58:00	C4.1		POINT(-56 22)	22	-56	-744.0	302.0
217200	2022-10-03 15:20:00	2022-10-03 15:30:00	2022-10-03 15:40:00	M1.6		POINT(-54 24)	24	-54	-734.0	320.0
217210	2022-10-03 17:41:00	2022-10-03 17:50:00	2022-10-03 17:58:00	C2.2		POINT(-54 23)	23	-54	-719.0	321.0
217220	2022-10-03 18:34:00	2022-10-03 18:39:00	2022-10-03 18:44:00	C2.4		POINT(-56 24)	24	-56	-729.0	332.0
217230	2022-10-03 19:57:00	2022-10-03 20:28:00	2022-10-03 20:52:00	M1.2		POINT(64 17)	17	64	828.0	248.0
217240	2022-10-03 21:11:00	2022-10-03 21:22:00	2022-10-03 21:31:00	M1.7		POINT(64 17)	17	64	825.0	249.0
217250	2022-10-04 00:37:00	2022-10-04 00:43:00	2022-10-04 00:56:00	C4.4		POINT(-55 23)	23	-55	-658.0	313.0
217260	2022-10-04 04:21:00	2022-10-04 04:27:00	2022-10-04 04:31:00	C2.1		POINT(-55 23)	23	-55	-630.0	315.0
217270	2022-10-04 05:24:00	2022-10-04 05:32:00	2022-10-04 05:39:00	C1.6		POINT(-55 23)	23	-55	-723.0	374.0
217280	2022-10-04 12:25:00	2022-10-04 12:44:00	2022-10-04 12:48:00	M1.6		POINT(66 17)	17	66	884.0	261.0
217290	2022-10-04 19:26:00	2022-10-04 19:37:00	2022-10-04 20:03:00	C1.5		POINT(76 18)	18	76	885.0	274.0
217300	2022-10-04 22:47:00	2022-10-04 22:56:00	2022-10-04 23:12:00	C1.4		POINT(-34 22)	22	-34	-508.0	276.0
217310	2022-10-05 01:51:00	2022-10-05 02:07:00	2022-10-05 02:24:00	C5.6		POINT(-35 21)	21	-35	-483.0	275.0
217320	2022-10-05 06:11:00	2022-10-05 06:19:00	2022-10-05 06:24:00	C3.8		POINT(-38 22)	22	-38	-555.0	288.0
217330	2022-10-05 08:05:00	2022-10-05 08:16:00	2022-10-05 08:39:00	C2.1		POINT(-29 22)	22	-29	-438.0	275.0
217340	2022-10-05 10:30:00	2022-10-05 10:40:00	2022-10-05 10:45:00	C1.3		POINT(-37 22)	22	-37	-530.0	280.0
217350	2022-10-05 11:54:00	2022-10-05 12:03:00	2022-10-05 12:08:00	C2.2		POINT(-33 26)	26	-33	-483.0	352.0
217360	2022-10-05 20:11:00	2022-10-05 20:19:00	2022-10-05 20:28:00	C2.7		POINT(-79 9)	9	-79	-932.0	135.0
217370	2022-10-06 01:57:00	2022-10-06 02:02:00	2022-10-06 02:07:00	C1.9		POINT(-25 22)	22	-25	-417.0	284.0
217380	2022-10-06 05:41:00	2022-10-06 05:46:00	2022-10-06 05:51:00	C1.3		POINT(-17 20)	20	-17	-266.0	233.0
217390	2022-10-06 08:28:00	2022-10-06 08:35:00	2022-10-06 08:44:00	C1.8		POINT(-25 22)	22	-25	-312.0	259.0
217400	2022-10-06 15:33:00	2022-10-06 15:39:00	2022-10-06 15:47:00	C1.7		POINT(-21 22)	22	-21	-320.0	267.0
217410	2022-10-06 18:24:00	2022-10-06 18:32:00	2022-10-06 18:41:00	C1.5		POINT(-6 21)	21	-6	-102.0	258.0
217420	2022-10-06 22:59:00	2022-10-06 23:13:00	2022-10-06 23:26:00	C2.9		POINT(-14 28)	28	-14	-212.0	366.0
217430	2022-10-07 02:06:00	2022-10-07 02:15:00	2022-10-07 02:34:00	C1.2		POINT(-4 20)	20	-4	-69.0	240.0
217440	2022-10-07 03:42:00	2022-10-07 03:49:00	2022-10-07 03:58:00	C1.2		POINT(-15 30)	30	-15	-217.0	395.0
217450	2022-10-07 04:08:00	2022-10-07 04:21:00	2022-10-07 04:32:00	C1.5		POINT(-11 23)	23	-11	-176.0	281.0
217460	2022-10-07 12:19:00	2022-10-07 12:31:00	2022-10-07 12:42:00	C3.4		POINT(-7 23)	23	-7	-110.0	283.0
217470	2022-10-07 12:53:00	2022-10-07 14:42:00	2022-10-07 15:27:00	M1.0		POINT(-10 29)	29	-10	-133.0	362.0
217480	2022-10-07 18:49:00	2022-10-07 18:59:00	2022-10-07 19:09:00	C4.2		POINT(-3 23)	23	-3	-48.0	279.0
217490	2022-10-07 20:38:00	2022-10-07 20:46:00	2022-10-07 21:06:00	C1.4		POINT(0 23)	23	0	-4.0	278.0
217500	2022-10-07 22:01:00	2022-10-07 22:05:00	2022-10-07 22:09:00	C1.5		POINT(-3 29)	29	-3	-56.0	380.0
217510	2022-10-08 00:27:00	2022-10-08 00:40:00	2022-10-08 00:48:00	C6.6		POINT(-1 24)	24	-1	-8.0	287.0
217520	2022-10-08 06:12:00	2022-10-08 06:21:00	2022-10-08 06:41:00	C1.0		POINT(-31 27)	27	-31	-447.0	368.0
217530	2022-10-08 09:29:00	2022-10-08 09:38:00	2022-10-08 09:45:00	C2.9		POINT(3 24)	24	3	210.0	237.0
217540	2022-10-08 11:40:00	2022-10-08 11:48:00	2022-10-08 12:00:00	C1.7		POINT(-44 9)	9	-44	-641.0	57.0
217550	2022-10-08 16:14:00	2022-10-08 16:29:00	2022-10-08 16:35:00	C1.7		POINT(6 22)	22	6	101.0	276.0
217560	2022-10-08 18:46:00	2022-10-08 18:53:00	2022-10-08 19:00:00	C1.3		POINT(11 30)	30	11	168.0	390.0
217570	2022-10-08 19:49:00	2022-10-08 19:56:00	2022-10-08 20:04:00	C1.1		POINT(11 30)	30	11	171.0	394.0
217580	2022-10-08 21:28:00	2022-10-08 21:37:00	2022-10-08 21:46:00	C1.7		POINT(12 30)	30	12	181.0	395.0
217590	2022-10-09 02:08:00	2022-10-09 02:25:00	2022-10-09 02:35:00	C2.1		POINT(11 23)	23	11	273.0	257.0
217600	2022-10-09 08:00:00	2022-10-09 08:22:00	2022-10-09 08:35:00	C3.3		POINT(11 23)	23	11	168.0	375.0
217610	2022-10-09 08:05:00	2022-10-09 08:13:00	2022-10-09 10:27:00	C3.4		POINT(14 22)	22	14	221.0	270.0
217620	2022-10-09 09:15:00	2022-10-09 09:21:00	2022-10-09 09:30:00	C2.0		POINT(23 22)	22	23	294.0	311.0
217630	2022-10-09 10:27:00	2022-10-09 10:34:00	2022-10-09 10:46:00	C2.8		POINT(16 22)	22	16	252.0	276.0
217640	2022-10-09 10:58:00	2022-10-09 11:02:00	2022-10-09 11:06:00	C2.3		POINT(14 23)	23	14	219.0	283.0
217650	2022-10-09 14:10:00	2022-10-09 14:27:00	2022-10-09 14:56:00	C3.9		POINT(18 24)	24	18	279.0	309.0
217660	2022-10-09 18:37:00	2022-10-09 18:47:00	2022-10-09 19:03:00	C2.0		POINT(20 22)	22	20	312.0	278.0
217670	2022-10-09 21:46:00	2022-10-09 21:57:00	2022-10-09 22:05:00	C3.6		POINT(-8 28)	28	-8	-137.0	338.0
217680	2022-10-09 22:11:00	2022-10-09 22:16:00	2022-10-09 22:24:00	C4.1		POINT(-8 26)	26	-8	-120.0	337.0
217690	2022-10-10 00:00:00	2022-10-10 00:46:00	2022-10-10 01:14:00	M1.0		POINT(26 24)	24	26	354.0	315.0
217700	2022-10-10 07:02:00	2022-10-10 07:08:00	2022-10-10 07:12:00	C1.1		POINT(29 23)	23	29	428.0	303.0
217710	2022-10-10 09:54:00	2022-10-10 10:02:00	2022-10-10 10:07:00	C1.2		POINT(87 26)	26	87	860.0	430.0
217720	2022-10-10 15:34:00	2022-10-10 15:45:00	2022-10-10 15:58:00	C4.9		POINT(32 24)	24	32	475.0	309.0
217730	2022-10-10 16:05:00	2022-10-10 16:28:00	2022-10-10 16:47:00	M2.4		POINT(34 24)	24	34	479.0	315.0
217740	2022-10-10 19:15:00	2022-10-10 19:21:00	2022-10-10 19:25:00	C3.2		POINT(28 24)	24	28	416.0	315.0
217750	2022-10-10 20:47:00	2022-10-10 20:54:00	2022-10-10 20:59:00	C1.5		POINT(2 28)	28	2	24.0	360.0
217760	2022-10-10 21:31:00	2022-10-10 21:38:00	2022-10-10 21:44:00	C1.5		POINT(2 28)	28	2	41.0	363.0
217770	2022-10-10 22:00:00	2022-10-10 22:09:00	2022-10-10 22:14:00	C2.1		POINT(87 27)	27	87	858.0	440.0
217780	2022-10-10 23:12:00	2022-10-10 23:21:00	2022-10-10 23:25:00	C3.2		POINT(30 24)	24	30	444.0	320.0
217790	2022-10-11 01:34:00	2022-10-11 01:43:00	2022-10-11 01:54:00	C1.9		POINT(4 29)	29	4	69.0	381.0
217800	2022-10-11 01:58:00	2022-10-11 02:04:00	2022-10-11 02:08:00	C2.3		POINT(3 29)	29	3	63.0	374.0
217810	2022-10-11 03:28:00	2022-10-11 03:43:00	2022-10-11 03:53:00	C2.9		POINT(44 23)	23	44	621.0	312.0
217820	2022-10-11 08:36:00	2022-10-11 08:42:00	2022-10-11 08:46:00	M3.9		POINT(42 22)	22	42	515.0	317.0
217830	2022-10-11 10:47:00	2022-10-11 10:52:00	2022-10-11 10:57:00	M1.5		POINT(36 24)	24	36	524.0	326.0
217840	2022-10-11 12:45:00	2022-10-11 12:54:00	2022-10-11 13:05:00	C1.5		POINT(11 28)	28	11	170.0	361.0
217850	2022-10-11 16:27:00	2022-10-11 16:45:00	2022-10-11 17:04:00	C3.6		POINT(53 23)	23	53	705.0	333.0
217860	2022-10-11 18:04:00	2022-10-11 18:19:00	2022-10-11 18:24:00	C6.1		POINT(40 24)	24	40	576.0	329.0
217870	2022-10-11 19:16:00	2022-10-11 19:31:00	2022-10-11 19:36:00	C2.9		POINT(14 29)	29	14	211.0	388.0
217880	2022-10-11 20:36:00	2022-10-11 20:40:00	2022-10-11 20:45:00	C1.1		POINT(63 18)	18	63	814.0	256.0
217890	2022-10-11 21:13:00	2022-10-11 21:21:00	2022-10-11 21:28:00	C3.9		POINT(15 30)	30	15	221.0	384.0
217900	2022-10-12 02:25:00	2022-10-12 02:37:00	2022-10-12 02:58:00	C1.0		POINT(58 23)	23	58	753.0	339.0
217910	2022-10-12 08:46:00	2022-10-12 09:30:00	2022-10-12 10:15:00	C3.7		POINT(65 20)	20	65	820.0	302.0
217920	2022-10-12 14:14:00	2022-10-12 14:18:00	2022-10-12 14:22:00	C8.8		POINT(52 25)	25	52	689.0	344.0
217930	2022-10-12 16:26:00	2022-10-12 16:29:00	2022-10-12 16:33:00	C4.7		POINT(53 25)	25	53	689.0	341.0
217940	2022-10-12 19:24:00	2022-10-12 19:28:00	2022-10-12 19:35:00	B8.9		POINT(25 27)	27	25	364.0	363.0
217950	2022-10-12 23:54:00	2022-10-13 00:19:00	2022-10-13 00:37:00	M1.5		POINT(65 24)	24	65	817.0	341.0
217960	2022-10-13 01:48:00	2022-10-13 02:06:00	2022-10-13 02:22:00	C3.3		POINT(75 19)	19	75	879.0	296.0
217970	2022-10-13 02:22:00	2022-10-13 02:25:00	2022-10-13 02:29:00	C3.8		POINT(58 24)	24	58	746.0	353.0
217980	2022-10-13 04:38:00	2022-10-13 04:45:00	2022-10-13 04:53:00	C3.5		POINT(33 26)	26	33	476.0	354.0
217990	2022-10-13 07:50:00	2022-10-13 07:55:00	2022-10-13 07:59:00	C1.0		POINT(61 24)	24	61	768.0	391.0
218000	2022-10-13 09:03:00	2022-10-13 09:17:00	2022-10-13 09:26:00	C4.7		POINT(34 30)	30	34	479.0	411.0
218010	2022-10-13 11:32:00	2022-10-13 11:38:00	2022-10-13 11:43:00	B8.6		POINT(76 25)	25	76	846.0	386.0
218020	2022-10-13 17:18:00	2022-10-13 17:28:00	2022-10-13 17:36:00	C1.7		POINT(41 27)	27	41	561.0	377.0
218030	2022-10-13 21:54:00	2022-10-13 22:07:00	2022-10-13 22:18:00	C2.2		POINT(88 19)	19	88	908.0	323.0
218040	2022-10-14 01:25:00	2022-10-14 01:32:00	2022-10-14 01:42:00	B9.0		POINT(45 30)	30	45	591.0	420.0
218050	2022-10-14 09:20:00	2022-10-14 09:44:00	2022-10-14 09:51:00	M1.3		POINT(88 20)	20	88	919.0	337.0
218060	2022-10-15 05:10:00	2022-10-15 05:22:00	2022-10-15 05:35:00	C1.0		POINT(87 21)	21	87	904.0	362.0
218070	2022-10-15 07:25:00	2022-10-15 07:36:00	2022-10-15 07:50:00	B7.9		POINT(87 26)	26	87	890.0	437.0
218080	2022-10-15 14:07:00	2022-10-15 14:32:00	2022-10-15 15:01:00	C6.1		POINT(87 22)	22	87	908.0	370.0
218090	2022-10-15 17:56:00	2022-10-15 18:11:00	2022-10-15 18:30:00	B9.5		POINT(87 24)	24	87	878.0	391.0
218100	2022-10-16 07:58:00	2022-10-16 08:03:00	2022-10-16 08:08:00	B7.9		POINT(72 28)	28	72	804.0	435.0
218110	2022-10-16 14:30:00	2022-10-16 14:36:00	2022-10-16 14:42:00	C1.5		POINT(61 25)	25	61	770.0	367.0
218120	2022-10-16 16:03:00	2022-10-16 16:06:00	2022-10-16 16:19:00	C1.8		POINT(62 25)	25	62	776.0	367.0
218130	2022-10-16 19:09:00	2022-10-16 19:24:00	2022-10-16 19:43:00	C1.6		POINT(86 32)	32	86	821.0	520.0
218140	2022-10-17 15:11:00	2022-10-17 15:17:00	2022-10-17 15:25:00	C1.0		POINT(87 28)	28	87	851.0	470.0
218150	2022-10-17 16:48:00	2022-10-17 17:14:00	2022-10-17 17:52:00	C3.3		POINT(55 -37)	-37	55	626.0	-630.0
218160	2022-10-17 23:21:00	2022-10-17 23:29:00	2022-10-17 23:42:00	C1.5		POINT(87 28)	28	87	854.0	472.0
218170	2022-10-18 03:16:00	2022-10-18 03:29:00	2022-10-18 03:45:00	C1.0		POINT(87 28)	28	87	856.0	477.0
218180	2022-10-18 07:33:00	2022-10-18 07:40:00	2022-10-18 07:44:00	C1.6		POINT(58 -34)	-34	58	644.0	-598.0
218190	2022-10-18 14:08:00	2022-10-18 14:13:00	2022-10-18 14:17:00	C1.9		POINT(59 -35)	-35	59	674.0	-595.0
218200	2022-10-18 16:32:00	2022-10-18 16:39:00	2022-10-18 16:43:00	C1.0		POINT(60 -35)	-35	60	681.0	-596.0
218210	2022-10-18 17:46:00	2022-10-18 17:52:00	2022-10-18 18:06:00	B8.2		POINT(87 24)	24	87	884.0	402.0
218220	2022-10-18 18:32:00	2022-10-18 18:36:00	2022-10-18 18:40:00	B8.5		POINT(61 -35)	-35	61	689.0	-590.0
218230	2022-10-18 21:36:00	2022-10-18 21:46:00	2022-10-18 21:52:00	C1.2		POINT(64 -36)	-36	64	704.0	-598.0
218240	2022-10-18 23:40:00	2022-10-18 23:47:00	2022-10-19 00:00:00	B7.3		POINT(65 -35)	-35	65	711.0	-592.0
218250	2022-10-19 00:09:00	2022-10-19 00:15:00	2022-10-19 00:20:00	B8.7		POINT(65 -35)	-35	65	709.0	-592.0
218260	2022-10-19 00:32:00	2022-10-19 00:35:00	2022-10-19 00:39:00	C1.0		POINT(65 -35)	-35	65	712.0	-593.0
218270	2022-10-19 01:33:00	2022-10-19 01:40:00	2022-10-19 01:44:00	B9.1		POINT(69 -36)	-36	69	721.0	-599.0
218280	2022-10-19 07:28:00	2022-10-19 07:37:00	2022-10-19 07:41:00	C1.1		POINT(69 -36)	-36	69	724.0	-600.0
218290	2022-10-19 13:55:00	2022-10-19 14:00:00	2022-10-19 14:09:00	B6.5		POINT(-20 -10)	-10	-20	-324.0	-167.0
218300	2022-10-19 15:07:00	2022-10-19 15:16:00	2022-10-19 15:28:00	B6.5		POINT(-19 -10)	-10	-19	-318.0	-260.0
218310	2022-10-19 17:34:00	2022-10-19 17:50:00	2022-10-19 17:59:00	C3.5		POINT(-19 -9)	-9	-19	-308.0	-259.0
218320	2022-10-19 21:00:00	2022-10-19 21:08:00	2022-10-19 21:13:00	B9.2		POINT(-16 -10)	-10	-16	-266.0	-255.0
218330	2022-10-19 21:21:00	2022-10-19 21:26:00	2022-10-19 21:31:00	B7.5		POINT(-15 -10)	-10	-15	-253.0	-257.0
218340	2022-10-19 21:40:00	2022-10-19 21:45:00	2022-10-19 21:50:00	C4.2		POINT(-16 -10)	-10	-16	-263.0	-260.0
218350	2022-10-19 23:34:00	2022-10-19 23:38:00	2022-10-19 23:43:00	C1.0		POINT(-14 -10)	-10	-14	-243.0	-263.0
218360	2022-10-20 00:31:00	2022-10-20 00:38:00	2022-10-20 00:42:00	B6.6		POINT(84 25)	25	84	868.0	397.0
218370	2022-10-20 01:50:00	2022-10-20 01:55:00	2022-10-20 01:59:00	C2.6		POINT(78 25)	25	78	859.0	397.0
218380	2022-10-20 03:13:00	2022-10-20 03:23:00	2022-10-20 03:43:00	C5.3		POINT(78 25)	25	78	862.0	409.0
218390	2022-10-20 05:44:00	2022-10-20 05:51:00	2022-10-20 05:55:00	B8.9		POINT(83 25)	25	83	871.0	400.0
218400	2022-10-20 06:25:00	2022-10-20 06:32:00	2022-10-20 06:49:00	C2.0		POINT(84 26)	26	84	889.0	392.0
218410	2022-10-20 12:34:00	2022-10-20 12:39:00	2022-10-20 12:53:00	C1.0		POINT(87 26)	26	87	867.0	432.0
218420	2022-10-20 15:17:00	2022-10-20 15:24:00	2022-10-20 15:28:00	C2.7		POINT(90 27)	27	90	867.0	432.0
218430	2022-10-20 16:40:00	2022-10-20 16:53:00	2022-10-20 16:57:00	C5.9		POINT(87 26)	26	87	872.0	434.0
218440	2022-10-20 17:40:00	2022-10-20 17:46:00	2022-10-20 17:50:00	C4.0		POINT(87 27)	27	87	869.0	446.0
218450	2022-10-20 19:06:00	2022-10-20 19:11:00	2022-10-20 19:18:00	C2.0		POINT(87 24)	24	87	887.0	401.0
218460	2022-10-20 19:47:00	2022-10-20 19:51:00	2022-10-20 19:59:00	C2.0		POINT(87 27)	27	87	858.0	457.0
218470	2022-10-20 20:20:00	2022-10-20 20:28:00	2022-10-20 20:39:00	C1.6		POINT(87 23)	23	87	894.0	390.0
218480	2022-10-20 20:42:00	2022-10-20 20:48:00	2022-10-20 21:02:00	C2.5		POINT(88 24)	24	88	879.0	388.0
218490	2022-10-20 22:04:00	2022-10-20 22:20:00	2022-10-20 22:28:00	C2.7		POINT(87 24)	24	87	888.0	406.0
218500	2022-10-20 23:00:00	2022-10-20 23:07:00	2022-10-20 23:14:00	C1.5		POINT(87 23)	23	87	887.0	394.0
218510	2022-10-21 01:07:00	2022-10-21 01:14:00	2022-10-21 01:19:00	C2.4		POINT(87 26)	26	87	873.0	428.0
218520	2022-10-21 02:05:00	2022-10-21 02:14:00	2022-10-21 02:25:00	C1.2		POINT(87 26)	26	87	872.0	441.0
218530	2022-10-21 03:16:00	2022-10-21 03:24:00	2022-10-21 03:31:00	C1.1		POINT(87 23)	23	87	890.0	396.0
218540	2022-10-21 04:26:00	2022-10-21 04:33:00	2022-10-21 04:45:00	C1.6		POINT(87 24)	24	87	888.0	398.0
218550	2022-10-21 06:01:00	2022-10-21 06:13:00	2022-10-21 06:26:00	C2.5		POINT(87 26)	26	87	869.0	433.0
218560	2022-10-21 07:07:00	2022-10-21 07:17:00	2022-10-21 07:27:00	C2.9		POINT(87 24)	24	87	888.0	397.0
218570	2022-10-21 13:41:00	2022-10-21 13:47:00	2022-10-21 13:51:00	B7.9		POINT(5 -10)	-10	5	98.0	-262.0
218580	2022-10-22 01:25:00	2022-10-22 01:38:00	2022-10-22 01:57:00	C2.2		POINT(87 27)	27	87	893.0	464.0
218590	2022-10-22 02:44:00	2022-10-22 03:03:00	2022-10-22 03:20:00	C4.1		POINT(53 -25)	-25	53	701.0	-460.0
218600	2022-10-22 05:27:00	2022-10-22 05:42:00	2022-10-22 06:10:00	C6.4		POINT(87 28)	28	87	856.0	465.0
218610	2022-10-22 10:24:00	2022-10-22 10:42:00	2022-10-22 11:12:00	C2.1		POINT(87 28)	28	87	854.0	474.0
218620	2022-10-22 14:55:00	2022-10-22 15:07:00	2022-10-22 15:23:00	B7.5		POINT(87 29)	29	87	840.0	482.0
218630	2022-10-23 07:14:00	2022-10-23 07:23:00	2022-10-23 07:41:00	B3.7		POINT(-16 -23)	-23	-16	-245.0	-461.0
218640	2022-10-23 15:52:00	2022-10-23 16:26:00	2022-10-23 16:38:00	C1.9		POINT(-14 -24)	-24	-14	-221.0	-478.0
218650	2022-10-23 18:05:00	2022-10-23 18:22:00	2022-10-23 18:37:00	C2.5		POINT(-13 -24)	-24	-13	-201.0	-474.0
218660	2022-10-23 20:57:00	2022-10-23 21:15:00	2022-10-23 21:36:00	C1.2		POINT(-10 -26)	-26	-10	-154.0	-509.0
218670	2022-10-23 23:48:00	2022-10-23 23:54:00	2022-10-23 23:58:00	B5.6		POINT(38 -9)	-9	38	590.0	-232.0
218680	2022-10-24 05:32:00	2022-10-24 05:40:00	2022-10-24 05:44:00	B7.7		POINT(41 -9)	-9	41	631.0	-228.0
218690	2022-10-24 07:50:00	2022-10-24 08:02:00	2022-10-24 08:07:00	C4.2		POINT(42 -9)	-9	42	649.0	-225.0
218700	2022-10-24 10:00:00	2022-10-24 10:08:00	2022-10-24 10:24:00	B5.9		POINT(-82 25)	25	-82	-865.0	407.0
218710	2022-10-24 12:03:00	2022-10-24 12:14:00	2022-10-24 12:23:00	B7.2		POINT(-81 24)	24	-81	-870.0	392.0
218720	2022-10-24 12:37:00	2022-10-24 12:42:00	2022-10-24 12:50:00	B6.8		POINT(43 -11)	-11	43	658.0	-248.0
218730	2022-10-24 13:30:00	2022-10-24 13:44:00	2022-10-24 13:56:00	C2.5		POINT(44 -13)	-13	44	667.0	-258.0
218740	2022-10-24 18:52:00	2022-10-24 19:01:00	2022-10-24 19:11:00	C1.0		POINT(87 -25)	-25	87	876.0	-426.0
218750	2022-10-25 05:06:00	2022-10-25 05:21:00	2022-10-25 05:43:00	B9.1		POINT(-69 26)	26	-69	-809.0	402.0
218760	2022-10-25 12:17:00	2022-10-25 12:30:00	2022-10-25 12:35:00	B6.8		POINT(-83 26)	26	-83	-860.0	416.0
218770	2022-10-25 15:04:00	2022-10-25 15:19:00	2022-10-25 15:25:00	C3.3		POINT(-81 25)	25	-81	-858.0	410.0
218780	2022-10-25 18:52:00	2022-10-25 19:03:00	2022-10-25 19:11:00	C4.9		POINT(-78 27)	27	-78	-848.0	402.0
218790	2022-10-25 21:49:00	2022-10-25 21:56:00	2022-10-25 22:09:00	B6.1		POINT(63 -12)	-12	63	842.0	-243.0
218800	2022-10-26 03:44:00	2022-10-26 03:48:00	2022-10-26 03:55:00	B7.3		POINT(88 -8)	-8	88	965.0	-146.0
218810	2022-10-26 04:09:00	2022-10-26 04:16:00	2022-10-26 04:21:00	B8.7		POINT(-56 21)	21	-56	-747.0	313.0
218820	2022-10-26 12:31:00	2022-10-26 12:43:00	2022-10-26 12:52:00	C6.7		POINT(-67 26)	26	-67	-800.0	397.0
218830	2022-10-26 22:22:00	2022-10-26 22:31:00	2022-10-26 22:41:00	C1.1		POINT(-66 24)	24	-66	-770.0	401.0
218840	2022-10-27 01:16:00	2022-10-27 01:26:00	2022-10-27 01:32:00	C2.3		POINT(29 -24)	-24	29	430.0	-472.0
218850	2022-10-27 01:43:00	2022-10-27 01:57:00	2022-10-27 02:03:00	C2.2		POINT(-58 26)	26	-58	-743.0	385.0
218860	2022-10-27 04:32:00	2022-10-27 04:39:00	2022-10-27 04:55:00	C1.1		POINT(-58 26)	26	-58	-736.0	390.0
218870	2022-10-27 06:39:00	2022-10-27 06:44:00	2022-10-27 06:50:00	C1.0		POINT(34 -24)	-24	34	495.0	-461.0
218880	2022-10-27 08:47:00	2022-10-27 08:56:00	2022-10-27 09:05:00	C1.2		POINT(36 -24)	-24	36	520.0	-460.0
218890	2022-10-28 00:09:00	2022-10-28 00:16:00	2022-10-28 00:21:00	C1.1		POINT(88 -11)	-11	88	959.0	-190.0
218900	2022-10-28 08:29:00	2022-10-28 08:38:00	2022-10-28 08:47:00	C1.0		POINT(49 -22)	-22	49	680.0	-420.0
218910	2022-10-28 16:09:00	2022-10-28 16:53:00	2022-10-28 17:36:00	C1.0		POINT(-73 29)	29	-73	-805.0	454.0
218920	2022-10-28 20:23:00	2022-10-28 20:29:00	2022-10-28 20:33:00	C1.3		POINT(-67 26)	26	-67	-795.0	409.0
218930	2022-10-28 22:15:00	2022-10-28 22:22:00	2022-10-28 22:26:00	C1.6		POINT(-68 26)	26	-68	-807.0	397.0
218940	2022-10-29 09:49:00	2022-10-29 09:56:00	2022-10-29 10:03:00	C1.9		POINT(64 -22)	-22	64	807.0	-393.0
218950	2022-10-29 10:24:00	2022-10-29 10:32:00	2022-10-29 10:40:00	C1.1		POINT(-59 25)	25	-59	-750.0	378.0
218960	2022-10-29 15:45:00	2022-10-29 15:53:00	2022-10-29 16:03:00	B9.3		POINT(69 -23)	-23	69	828.0	-414.0
218970	2022-10-29 18:58:00	2022-10-29 19:14:00	2022-10-29 19:37:00	C1.1		POINT(79 -24)	-24	79	863.0	-415.0
218980	2022-10-29 23:43:00	2022-10-29 23:52:00	2022-10-29 23:59:00	B9.7		POINT(-55 26)	26	-55	-717.0	392.0
218990	2022-10-30 01:43:00	2022-10-30 01:50:00	2022-10-30 01:58:00	C1.0		POINT(-20 26)	26	-20	-311.0	360.0
219000	2022-10-30 09:00:00	2022-10-30 09:07:00	2022-10-30 09:11:00	B8.9		POINT(61 24)	24	61	776.0	359.0
219010	2022-10-30 11:19:00	2022-10-30 11:29:00	2022-10-30 11:46:00	B9.1		POINT(-17 26)	26	-17	-260.0	358.0
219020	2022-10-30 12:23:00	2022-10-30 12:27:00	2022-10-30 12:31:00	B8.2		POINT(62 24)	24	62	785.0	366.0
219030	2022-10-30 14:48:00	2022-10-30 14:51:00	2022-10-30 14:55:00	C1.3		POINT(77 -25)	-25	77	852.0	-426.0
219040	2022-10-30 19:25:00	2022-10-30 19:35:00	2022-10-30 19:43:00	C1.0		POINT(10 12)	12	10	169.0	130.0
219050	2022-10-31 02:05:00	2022-10-31 02:13:00	2022-10-31 02:20:00	C1.1		POINT(-7 26)	26	-7	-106.0	366.0
219060	2022-10-31 13:19:00	2022-10-31 13:31:00	2022-10-31 13:43:00	C1.3		POINT(-33 26)	26	-33	-478.0	369.0
219070	2022-10-31 20:32:00	2022-10-31 20:40:00	2022-10-31 20:49:00	C1.2		POINT(-29 26)	26	-29	-429.0	372.0
219080	2022-11-01 00:52:00	2022-11-01 00:59:00	2022-11-01 01:03:00	B7.0		POINT(87 -25)	-25	87	876.0	-420.0
219090	2022-11-01 06:15:00	2022-11-01 06:20:00	2022-11-01 06:24:00	C1.2		POINT(-88 27)	27	-88	-856.0	449.0
219100	2022-11-01 11:00:00	2022-11-01 11:08:00	2022-11-01 11:14:00	B7.5		POINT(87 -24)	-24	87	882.0	-412.0
219110	2022-11-01 13:45:00	2022-11-01 13:58:00	2022-11-01 14:02:00	C1.3		POINT(-88 27)	27	-88	-853.0	449.0
219120	2022-11-02 02:07:00	2022-11-02 02:14:00	2022-11-02 02:22:00	C2.2		POINT(-19 28)	28	-19	-201.0	367.0
219130	2022-11-02 06:28:00	2022-11-02 06:31:00	2022-11-02 06:34:00	B6.1		POINT(-73 28)	28	-73	-817.0	437.0
219140	2022-11-02 06:34:00	2022-11-02 06:38:00	2022-11-02 06:54:00	B9.4		POINT(-76 28)	28	-76	-831.0	440.0
219150	2022-11-02 08:04:00	2022-11-02 08:14:00	2022-11-02 08:22:00	B8.2		POINT(-19 28)	28	-19	-155.0	369.0
219160	2022-11-02 20:49:00	2022-11-02 21:03:00	2022-11-02 21:25:00	C1.0		POINT(-4 26)	26	-4	-69.0	363.0
219170	2022-11-02 23:03:00	2022-11-02 23:16:00	2022-11-02 23:39:00	C1.2		POINT(-3 26)	26	-3	-66.0	357.0
219180	2022-11-03 00:09:00	2022-11-03 00:24:00	2022-11-03 00:44:00	B9.2		POINT(46 24)	24	46	642.0	359.0
219190	2022-11-03 02:17:00	2022-11-03 02:26:00	2022-11-03 02:33:00	C1.0		POINT(-24 -6)	-6	-24	-402.0	-161.0
219200	2022-11-03 06:37:00	2022-11-03 06:44:00	2022-11-03 06:51:00	B9.0		POINT(-21 -7)	-7	-21	-346.0	-197.0
219210	2022-11-03 06:57:00	2022-11-03 07:23:00	2022-11-03 07:52:00	C1.3		POINT(-20 -8)	-8	-20	-345.0	-212.0
219220	2022-11-03 14:42:00	2022-11-03 14:47:00	2022-11-03 14:51:00	B8.1		POINT(54 24)	24	54	719.0	365.0
219230	2022-11-03 16:43:00	2022-11-03 16:53:00	2022-11-03 17:03:00	B8.0		POINT(-57 28)	28	-57	-718.0	427.0
219240	2022-11-03 17:19:00	2022-11-03 17:27:00	2022-11-03 17:32:00	B9.7		POINT(-35 36)	36	-35	-447.0	535.0
219250	2022-11-04 06:33:00	2022-11-04 06:41:00	2022-11-04 06:49:00	C1.0		POINT(-89 14)	14	-89	-947.0	249.0
219260	2022-11-04 07:13:00	2022-11-04 07:44:00	2022-11-04 08:03:00	C5.6		POINT(-89 14)	14	-89	-965.0	256.0
219270	2022-11-04 10:49:00	2022-11-04 11:01:00	2022-11-04 11:14:00	B9.5		POINT(-89 15)	15	-89	-943.0	260.0
219280	2022-11-04 15:27:00	2022-11-04 15:38:00	2022-11-04 15:47:00	C1.0		POINT(-2 26)	26	-2	-42.0	344.0
219290	2022-11-04 18:47:00	2022-11-04 18:52:00	2022-11-04 18:57:00	C1.5		POINT(-83 17)	17	-83	-941.0	243.0
219300	2022-11-04 20:22:00	2022-11-04 20:28:00	2022-11-04 20:38:00	B9.6		POINT(-89 14)	14	-89	-940.0	240.0
219310	2022-11-04 22:13:00	2022-11-04 22:27:00	2022-11-04 22:41:00	C1.6		POINT(-84 14)	14	-84	-933.0	231.0
219320	2022-11-05 09:10:00	2022-11-05 09:17:00	2022-11-05 09:28:00	B9.3		POINT(27 26)	26	27	398.0	383.0
219330	2022-11-06 00:57:00	2022-11-06 01:03:00	2022-11-06 01:10:00	B7.1		POINT(-72 14)	14	-72	-894.0	216.0
219340	2022-11-06 01:10:00	2022-11-06 01:13:00	2022-11-06 01:24:00	C1.2		POINT(-72 13)	13	-72	-898.0	204.0
219350	2022-11-06 11:58:00	2022-11-06 12:10:00	2022-11-06 12:15:00	C1.7		POINT(-66 12)	12	-66	-867.0	189.0
219360	2022-11-06 15:06:00	2022-11-06 15:24:00	2022-11-06 15:39:00	C1.3		POINT(-62 11)	11	-62	-845.0	169.0
219370	2022-11-06 17:10:00	2022-11-06 17:15:00	2022-11-06 17:34:00	C3.7		POINT(-59 15)	15	-59	-805.0	212.0
219380	2022-11-06 21:06:00	2022-11-06 21:25:00	2022-11-06 21:37:00	C1.6		POINT(-59 11)	11	-59	-820.0	168.0
219390	2022-11-06 21:39:00	2022-11-06 21:50:00	2022-11-06 22:02:00	C1.7		POINT(-56 14)	14	-56	-783.0	206.0
219400	2022-11-06 23:59:00	2022-11-07 00:11:00	2022-11-07 00:16:00	M5.2		POINT(-56 12)	12	-56	-792.0	181.0
219410	2022-11-07 06:41:00	2022-11-07 06:55:00	2022-11-07 07:20:00	C1.4		POINT(-51 14)	14	-51	-737.0	197.0
219420	2022-11-07 12:55:00	2022-11-07 15:15:00	2022-11-07 16:32:00	C3.1		POINT(-48 16)	16	-48	-693.0	227.0
219430	2022-11-07 22:58:00	2022-11-07 23:06:00	2022-11-07 23:12:00	B9.4		POINT(-88 -21)	-21	-88	-913.0	-354.0
219440	2022-11-08 03:05:00	2022-11-08 03:11:00	2022-11-08 03:15:00	B8.2		POINT(-37 14)	14	-37	-565.0	198.0
219450	2022-11-08 16:43:00	2022-11-08 17:02:00	2022-11-08 17:29:00	C1.2		POINT(-33 16)	16	-33	-514.0	220.0
219460	2022-11-09 07:20:00	2022-11-09 07:24:00	2022-11-09 07:28:00	B9.6		POINT(-10 28)	28	-10	-145.0	395.0
219470	2022-11-09 08:59:00	2022-11-09 09:06:00	2022-11-09 09:17:00	B6.5		POINT(-8 28)	28	-8	-131.0	407.0
219480	2022-11-09 09:56:00	2022-11-09 10:02:00	2022-11-09 10:13:00	B6.1		POINT(10 25)	25	10	155.0	367.0
219490	2022-11-09 10:46:00	2022-11-09 10:51:00	2022-11-09 10:55:00	B8.4		POINT(-7 27)	27	-7	-114.0	402.0
219500	2022-11-09 13:28:00	2022-11-09 13:31:00	2022-11-09 13:36:00	C1.0		POINT(-6 28)	28	-6	-91.0	404.0
219510	2022-11-09 15:52:00	2022-11-09 16:01:00	2022-11-09 16:09:00	B7.0		POINT(-19 16)	16	-19	-314.0	215.0
219520	2022-11-09 17:55:00	2022-11-09 18:05:00	2022-11-09 18:09:00	C1.2		POINT(-9 14)	14	-9	-158.0	167.0
219530	2022-11-09 19:46:00	2022-11-09 20:05:00	2022-11-09 20:24:00	C4.3		POINT(-1 28)	28	-1	-14.0	454.0
219540	2022-11-10 01:23:00	2022-11-10 01:27:00	2022-11-10 01:31:00	B6.7		POINT(1 24)	24	1	17.0	356.0
219550	2022-11-10 03:09:00	2022-11-10 03:12:00	2022-11-10 03:16:00	C1.1		POINT(-14 25)	25	-14	-213.0	366.0
219560	2022-11-10 05:35:00	2022-11-10 05:52:00	2022-11-10 06:10:00	C1.2		POINT(-13 15)	15	-13	-198.0	193.0
219570	2022-11-10 11:59:00	2022-11-10 12:14:00	2022-11-10 12:30:00	C1.3		POINT(-8 12)	12	-8	-140.0	147.0
219580	2022-11-10 17:11:00	2022-11-10 17:17:00	2022-11-10 17:21:00	C1.0		POINT(2 12)	12	2	33.0	201.0
219590	2022-11-10 18:09:00	2022-11-10 18:16:00	2022-11-10 18:20:00	B9.5		POINT(2 12)	12	2	33.0	201.0
219600	2022-11-10 21:30:00	2022-11-10 21:41:00	2022-11-10 21:45:00	C1.4		POINT(5 12)	12	5	82.0	201.0
219610	2022-11-10 22:51:00	2022-11-10 22:58:00	2022-11-10 23:05:00	B7.8		POINT(3 16)	16	3	48.0	267.0
219620	2022-11-11 00:36:00	2022-11-11 00:44:00	2022-11-11 00:50:00	B9.7		POINT(-1 14)	14	-1	95.0	141.0
219630	2022-11-11 01:25:00	2022-11-11 01:35:00	2022-11-11 01:40:00	C4.5		POINT(6 11)	11	6	99.0	140.0
219640	2022-11-11 01:45:00	2022-11-11 01:51:00	2022-11-11 01:56:00	C4.3		POINT(6 11)	11	6	111.0	145.0
219650	2022-11-11 03:10:00	2022-11-11 03:20:00	2022-11-11 03:26:00	C2.5		POINT(-1 14)	14	-1	119.0	140.0
219660	2022-11-11 03:36:00	2022-11-11 03:41:00	2022-11-11 03:45:00	C1.3		POINT(-1 14)	14	-1	116.0	143.0
219670	2022-11-11 04:33:00	2022-11-11 04:41:00	2022-11-11 04:47:00	C3.3		POINT(3 14)	14	3	125.0	141.0
219680	2022-11-11 05:07:00	2022-11-11 05:14:00	2022-11-11 05:18:00	B7.8		POINT(7 11)	11	7	123.0	143.0
219690	2022-11-11 05:46:00	2022-11-11 05:56:00	2022-11-11 06:00:00	C1.9		POINT(7 11)	11	7	131.0	144.0
219700	2022-11-11 06:04:00	2022-11-11 06:09:00	2022-11-11 06:13:00	C1.3		POINT(6 16)	16	6	110.0	216.0
219710	2022-11-11 07:00:00	2022-11-11 07:14:00	2022-11-11 07:20:00	M1.2		POINT(3 14)	14	3	150.0	144.0
219720	2022-11-11 07:45:00	2022-11-11 07:51:00	2022-11-11 08:09:00	B9.3		POINT(8 16)	16	8	138.0	219.0
219730	2022-11-11 08:15:00	2022-11-11 08:19:00	2022-11-11 08:26:00	B8.6		POINT(8 16)	16	8	139.0	216.0
219740	2022-11-11 08:58:00	2022-11-11 09:09:00	2022-11-11 09:15:00	C5.9		POINT(3 14)	14	3	191.0	195.0
219750	2022-11-11 09:44:00	2022-11-11 09:47:00	2022-11-11 09:51:00	C1.7		POINT(3 14)	14	3	177.0	134.0
219760	2022-11-11 11:27:00	2022-11-11 11:40:00	2022-11-11 11:46:00	M1.2		POINT(11 12)	12	11	185.0	145.0
219770	2022-11-11 12:02:00	2022-11-11 12:06:00	2022-11-11 12:10:00	C3.6		POINT(12 13)	13	12	186.0	161.0
219780	2022-11-11 13:35:00	2022-11-11 13:43:00	2022-11-11 13:48:00	C1.0		POINT(13 14)	14	13	201.0	139.0
219790	2022-11-11 17:45:00	2022-11-11 17:52:00	2022-11-11 17:59:00	C1.5		POINT(15 10)	10	15	245.0	139.0
219800	2022-11-11 18:03:00	2022-11-11 18:09:00	2022-11-11 18:15:00	C1.4		POINT(15 11)	11	15	278.0	138.0
219810	2022-11-11 18:22:00	2022-11-11 18:38:00	2022-11-11 18:45:00	C4.7		POINT(15 12)	12	15	246.0	142.0
219820	2022-11-11 22:21:00	2022-11-11 22:32:00	2022-11-11 22:42:00	C1.1		POINT(19 15)	15	19	306.0	212.0
219830	2022-11-12 00:09:00	2022-11-12 00:18:00	2022-11-12 00:24:00	M1.1		POINT(22 16)	16	22	327.0	198.0
219840	2022-11-12 02:17:00	2022-11-12 02:24:00	2022-11-12 02:28:00	C4.5		POINT(19 12)	12	19	312.0	144.0
219850	2022-11-12 03:14:00	2022-11-12 03:19:00	2022-11-12 03:24:00	B7.9		POINT(19 12)	12	19	317.0	158.0
219860	2022-11-12 04:28:00	2022-11-12 04:34:00	2022-11-12 04:38:00	B9.6		POINT(20 11)	11	20	327.0	149.0
219870	2022-11-12 12:31:00	2022-11-12 12:38:00	2022-11-12 12:43:00	B8.9		POINT(25 16)	16	25	394.0	228.0
219880	2022-11-12 14:28:00	2022-11-12 14:34:00	2022-11-12 14:37:00	B7.4		POINT(27 16)	16	27	410.0	161.0
219890	2022-11-12 15:04:00	2022-11-12 15:08:00	2022-11-12 15:20:00	C1.9		POINT(26 16)	16	26	417.0	222.0
219900	2022-11-12 18:01:00	2022-11-12 18:04:00	2022-11-12 18:10:00	C6.5		POINT(27 12)	12	27	430.0	155.0
219910	2022-11-12 21:50:00	2022-11-12 21:57:00	2022-11-12 22:04:00	C1.0		POINT(34 23)	23	34	507.0	344.0
219920	2022-11-13 01:59:00	2022-11-13 02:07:00	2022-11-13 02:20:00	C1.8		POINT(37 22)	22	37	541.0	363.0
219930	2022-11-13 02:20:00	2022-11-13 02:25:00	2022-11-13 02:30:00	C1.9		POINT(-86 27)	27	-86	-857.0	444.0
219940	2022-11-13 03:10:00	2022-11-13 03:17:00	2022-11-13 03:21:00	C1.0		POINT(35 24)	24	35	521.0	356.0
219950	2022-11-13 04:27:00	2022-11-13 04:34:00	2022-11-13 04:38:00	C1.2		POINT(32 16)	16	32	497.0	234.0
219960	2022-11-13 06:17:00	2022-11-13 06:21:00	2022-11-13 06:25:00	C4.0		POINT(25 14)	14	25	531.0	159.0
219970	2022-11-13 06:49:00	2022-11-13 06:53:00	2022-11-13 07:00:00	C1.2		POINT(33 17)	17	33	515.0	244.0
219980	2022-11-13 07:44:00	2022-11-13 07:51:00	2022-11-13 07:55:00	C1.2		POINT(40 22)	22	40	582.0	337.0
219990	2022-11-13 12:40:00	2022-11-13 12:54:00	2022-11-13 13:10:00	C2.6		POINT(42 23)	23	42	597.0	378.0
220000	2022-11-13 18:33:00	2022-11-13 18:40:00	2022-11-13 18:45:00	C3.6		POINT(43 22)	22	43	622.0	338.0
220010	2022-11-13 19:02:00	2022-11-13 19:09:00	2022-11-13 19:14:00	C2.2		POINT(41 12)	12	41	624.0	163.0
220020	2022-11-13 20:02:00	2022-11-13 20:07:00	2022-11-13 20:13:00	C1.8		POINT(45 22)	22	45	635.0	341.0
220030	2022-11-13 20:32:00	2022-11-13 20:39:00	2022-11-13 20:44:00	C1.6		POINT(45 22)	22	45	638.0	344.0
220040	2022-11-13 21:59:00	2022-11-13 22:05:00	2022-11-13 22:09:00	C2.6		POINT(46 22)	22	46	645.0	343.0
220050	2022-11-13 22:12:00	2022-11-13 22:19:00	2022-11-13 22:27:00	C2.1		POINT(49 23)	23	49	663.0	345.0
220060	2022-11-14 00:19:00	2022-11-14 02:11:00	2022-11-14 02:21:00	C4.1		POINT(53 23)	23	53	701.0	345.0
220070	2022-11-14 01:15:00	2022-11-14 01:19:00	2022-11-14 01:29:00	C3.4		POINT(46 22)	22	46	650.0	335.0
220080	2022-11-14 02:44:00	2022-11-14 02:49:00	2022-11-14 02:58:00	C3.3		POINT(36 25)	25	36	512.0	376.0
220090	2022-11-14 03:45:00	2022-11-14 03:54:00	2022-11-14 03:59:00	C3.6		POINT(53 23)	23	53	728.0	330.0
220100	2022-11-14 07:10:00	2022-11-14 07:17:00	2022-11-14 07:25:00	C3.8		POINT(56 23)	23	56	688.0	324.0
220110	2022-11-14 12:58:00	2022-11-14 13:10:00	2022-11-14 13:20:00	C1.9		POINT(55 22)	22	55	743.0	347.0
220120	2022-11-14 13:34:00	2022-11-14 13:40:00	2022-11-14 13:44:00	C7.4		POINT(51 22)	22	51	707.0	342.0
220130	2022-11-14 17:24:00	2022-11-14 17:29:00	2022-11-14 17:34:00	C5.1		POINT(56 22)	22	56	752.0	347.0
220140	2022-11-14 18:04:00	2022-11-14 18:28:00	2022-11-14 18:55:00	C4.5		POINT(58 25)	25	58	701.0	441.0
220150	2022-11-14 19:23:00	2022-11-14 19:29:00	2022-11-14 19:35:00	C5.1		POINT(59 21)	21	59	757.0	347.0
220160	2022-11-14 21:12:00	2022-11-14 21:16:00	2022-11-14 21:20:00	C2.5		POINT(58 22)	22	58	765.0	348.0
220170	2022-11-14 21:48:00	2022-11-14 21:54:00	2022-11-14 21:59:00	C4.3		POINT(60 21)	21	60	768.0	348.0
220180	2022-11-15 00:42:00	2022-11-15 00:50:00	2022-11-15 00:54:00	C3.0		POINT(65 24)	24	65	785.0	348.0
220190	2022-11-15 02:42:00	2022-11-15 02:51:00	2022-11-15 02:55:00	M1.0		POINT(65 23)	23	65	809.0	349.0
220200	2022-11-15 03:47:00	2022-11-15 03:52:00	2022-11-15 03:58:00	C2.0		POINT(63 22)	22	63	800.0	349.0
220210	2022-11-15 04:29:00	2022-11-15 04:42:00	2022-11-15 04:49:00	C2.9		POINT(65 23)	23	65	809.0	367.0
220220	2022-11-15 05:46:00	2022-11-15 05:55:00	2022-11-15 06:03:00	C8.9		POINT(64 23)	23	64	806.0	349.0
220230	2022-11-15 06:54:00	2022-11-15 07:03:00	2022-11-15 07:09:00	C6.7		POINT(62 22)	22	62	798.0	351.0
220240	2022-11-15 08:04:00	2022-11-15 08:08:00	2022-11-15 08:12:00	C2.0		POINT(64 22)	22	64	809.0	350.0
220250	2022-11-15 09:11:00	2022-11-15 09:18:00	2022-11-15 09:22:00	C2.8		POINT(65 22)	22	65	813.0	353.0
220260	2022-11-15 10:36:00	2022-11-15 10:46:00	2022-11-15 11:14:00	C3.5		POINT(65 22)	22	65	819.0	353.0
220270	2022-11-15 13:08:00	2022-11-15 13:15:00	2022-11-15 13:19:00	C2.1		POINT(67 22)	22	67	828.0	356.0
220280	2022-11-15 13:54:00	2022-11-15 14:00:00	2022-11-15 14:05:00	C2.0		POINT(54 26)	26	54	710.0	412.0
220290	2022-11-15 15:12:00	2022-11-15 15:22:00	2022-11-15 15:31:00	C2.6		POINT(58 24)	24	58	748.0	383.0
220300	2022-11-15 19:40:00	2022-11-15 19:43:00	2022-11-15 19:48:00	C1.5		POINT(60 24)	24	60	771.0	382.0
220310	2022-11-15 20:07:00	2022-11-15 20:15:00	2022-11-15 20:22:00	C1.5		POINT(65 27)	27	65	782.0	437.0
220320	2022-11-15 21:33:00	2022-11-15 21:41:00	2022-11-15 21:44:00	C2.3		POINT(62 24)	24	62	783.0	379.0
220330	2022-11-15 23:05:00	2022-11-15 23:11:00	2022-11-15 23:16:00	C2.8		POINT(75 22)	22	75	867.0	364.0
220340	2022-11-15 23:48:00	2022-11-15 23:53:00	2022-11-16 00:02:00	C1.8		POINT(63 24)	24	63	792.0	380.0
220350	2022-11-16 03:28:00	2022-11-16 03:33:00	2022-11-16 03:37:00	C1.6		POINT(78 23)	23	78	873.0	375.0
220360	2022-11-16 05:27:00	2022-11-16 05:38:00	2022-11-16 05:44:00	C3.4		POINT(78 22)	22	78	878.0	367.0
220370	2022-11-16 06:48:00	2022-11-16 07:01:00	2022-11-16 07:17:00	C2.3		POINT(89 24)	24	89	894.0	401.0
220380	2022-11-16 08:08:00	2022-11-16 08:18:00	2022-11-16 08:21:00	C2.8		POINT(63 23)	23	63	795.0	379.0
220390	2022-11-16 08:35:00	2022-11-16 08:42:00	2022-11-16 08:50:00	C1.8		POINT(63 23)	23	63	805.0	371.0
220400	2022-11-16 11:21:00	2022-11-16 11:30:00	2022-11-16 11:42:00	C2.6		POINT(65 24)	24	65	801.0	392.0
220410	2022-11-16 12:51:00	2022-11-16 12:59:00	2022-11-16 13:06:00	C2.0		POINT(68 24)	24	68	820.0	388.0
220420	2022-11-16 23:03:00	2022-11-16 23:07:00	2022-11-16 23:15:00	C1.8		POINT(89 21)	21	89	904.0	356.0
220430	2022-11-17 07:26:00	2022-11-17 07:34:00	2022-11-17 07:41:00	C1.6		POINT(-56 -8)	-8	-56	-796.0	-135.0
220440	2022-11-17 09:08:00	2022-11-17 09:28:00	2022-11-17 09:53:00	C6.1		POINT(84 23)	23	84	884.0	383.0
220450	2022-11-17 12:14:00	2022-11-17 12:24:00	2022-11-17 12:34:00	C2.8		POINT(89 23)	23	89	900.0	395.0
220460	2022-11-17 15:17:00	2022-11-17 15:24:00	2022-11-17 15:35:00	C1.5		POINT(89 23)	23	89	893.0	379.0
220470	2022-11-17 16:32:00	2022-11-17 16:38:00	2022-11-17 16:43:00	C2.1		POINT(-68 22)	22	-68	-834.0	363.0
220480	2022-11-17 17:26:00	2022-11-17 17:33:00	2022-11-17 17:39:00	C1.5		POINT(89 22)	22	89	899.0	363.0
220490	2022-11-17 21:25:00	2022-11-17 21:35:00	2022-11-17 21:48:00	C1.8		POINT(-66 21)	21	-66	-827.0	347.0
220500	2022-11-17 23:36:00	2022-11-18 00:00:00	2022-11-17 00:16:00	C5.4		POINT(89 23)	23	89	893.0	379.0
220510	2022-11-18 08:25:00	2022-11-18 08:30:00	2022-11-18 08:35:00	C1.1		POINT(89 24)	24	89	886.0	394.0
220520	2022-11-18 08:57:00	2022-11-18 09:14:00	2022-11-18 09:31:00	C5.5		POINT(88 28)	28	88	856.0	455.0
220530	2022-11-18 10:27:00	2022-11-18 10:41:00	2022-11-18 10:54:00	C4.4		POINT(89 23)	23	89	893.0	379.0
220540	2022-11-18 11:23:00	2022-11-18 11:28:00	2022-11-18 11:33:00	C5.1		POINT(35 20)	20	35	523.0	332.0
220550	2022-11-18 13:45:00	2022-11-18 13:55:00	2022-11-18 14:00:00	C1.1		POINT(-37 -33)	-33	-37	-489.0	-528.0
220560	2022-11-18 14:57:00	2022-11-18 15:12:00	2022-11-18 15:42:00	C1.5		POINT(37 20)	20	37	549.0	332.0
220570	2022-11-18 18:18:00	2022-11-18 18:28:00	2022-11-18 19:05:00	C4.6		POINT(39 18)	18	39	581.0	300.0
220580	2022-11-18 21:59:00	2022-11-18 22:04:00	2022-11-18 22:08:00	C1.8		POINT(-47 -15)	-15	-47	-685.0	-251.0
220590	2022-11-18 23:52:00	2022-11-19 00:01:00	2022-11-19 00:06:00	C2.0		POINT(-35 -32)	-32	-35	-472.0	-514.0
220600	2022-11-19 01:04:00	2022-11-19 01:18:00	2022-11-19 01:28:00	C1.4		POINT(89 25)	25	89	879.0	410.0
220610	2022-11-19 01:28:00	2022-11-19 01:37:00	2022-11-19 01:44:00	C2.7		POINT(-35 -32)	-32	-35	-472.0	-514.0
220620	2022-11-19 02:51:00	2022-11-19 03:01:00	2022-11-19 03:08:00	C1.5		POINT(-35 -32)	-32	-35	-472.0	-514.0
220630	2022-11-19 06:05:00	2022-11-19 06:23:00	2022-11-19 06:38:00	C8.3		POINT(42 21)	21	42	606.0	347.0
220640	2022-11-19 07:50:00	2022-11-19 07:56:00	2022-11-19 08:06:00	C1.2		POINT(48 19)	19	48	682.0	316.0
220650	2022-11-19 12:42:00	2022-11-19 12:56:00	2022-11-19 13:11:00	M1.6		POINT(50 20)	20	50	698.0	332.0
220660	2022-11-19 17:03:00	2022-11-19 17:11:00	2022-11-19 17:17:00	C1.2		POINT(52 17)	17	52	731.0	283.0
220670	2022-11-19 19:20:00	2022-11-19 19:33:00	2022-11-19 19:49:00	B9.7		POINT(89 26)	26	89	872.0	425.0
220680	2022-11-20 03:14:00	2022-11-20 03:30:00	2022-11-20 03:37:00	B9.9		POINT(58 21)	21	58	770.0	332.0
220690	2022-11-20 05:51:00	2022-11-20 06:09:00	2022-11-20 06:26:00	C3.3		POINT(61 20)	20	61	802.0	320.0
220700	2022-11-20 07:55:00	2022-11-20 08:04:00	2022-11-20 08:14:00	B8.1		POINT(61 21)	21	61	794.0	342.0
220710	2022-11-20 09:47:00	2022-11-20 09:56:00	2022-11-20 10:08:00	B7.2		POINT(63 18)	18	63	821.0	296.0
220720	2022-11-20 12:02:00	2022-11-20 12:10:00	2022-11-20 12:18:00	B8.2		POINT(-16 -32)	-32	-16	-233.0	-549.0
220730	2022-11-20 17:37:00	2022-11-20 17:43:00	2022-11-20 17:47:00	B7.3		POINT(-25 18)	18	-25	-395.0	275.0
220740	2022-11-20 18:17:00	2022-11-20 18:23:00	2022-11-20 18:29:00	B8.4		POINT(-28 24)	24	-28	-407.0	354.0
220750	2022-11-20 23:55:00	2022-11-21 00:10:00	2022-11-21 00:19:00	B9.1		POINT(-24 23)	23	-24	-367.0	358.0
220760	2022-11-21 01:58:00	2022-11-21 02:02:00	2022-11-21 02:07:00	B8.0		POINT(-22 23)	23	-22	-341.0	350.0
220770	2022-11-21 02:10:00	2022-11-21 02:17:00	2022-11-21 02:23:00	C1.1		POINT(-22 24)	24	-22	-341.0	375.0
220780	2022-11-21 03:30:00	2022-11-21 03:42:00	2022-11-21 03:56:00	C2.9		POINT(-22 24)	24	-22	-333.0	362.0
220790	2022-11-21 06:32:00	2022-11-21 06:47:00	2022-11-21 06:57:00	C1.1		POINT(-20 24)	24	-20	-303.0	395.0
220800	2022-11-21 06:57:00	2022-11-21 07:02:00	2022-11-21 07:07:00	C1.1		POINT(-20 24)	24	-20	-302.0	384.0
220810	2022-11-21 22:58:00	2022-11-21 23:08:00	2022-11-21 23:17:00	C1.4		POINT(-14 21)	21	-14	-249.0	318.0
220820	2022-11-22 06:59:00	2022-11-22 07:27:00	2022-11-22 07:42:00	C7.0		POINT(-22 -15)	-15	-22	-224.0	-272.0
220830	2022-11-22 10:27:00	2022-11-22 10:47:00	2022-11-22 10:52:00	C1.2		POINT(89 32)	32	89	831.0	528.0
220840	2022-11-22 10:52:00	2022-11-22 11:04:00	2022-11-22 11:27:00	C1.9		POINT(-12 -14)	-14	-12	-212.0	-269.0
220850	2022-11-22 12:14:00	2022-11-22 12:24:00	2022-11-22 12:29:00	C2.6		POINT(-11 -14)	-14	-11	-179.0	-235.0
220860	2022-11-22 12:47:00	2022-11-22 12:53:00	2022-11-22 12:58:00	C1.6		POINT(-11 -14)	-14	-11	-185.0	-273.0
220870	2022-11-22 13:04:00	2022-11-22 13:27:00	2022-11-22 13:47:00	C1.7		POINT(89 32)	32	89	842.0	542.0
220880	2022-11-22 13:47:00	2022-11-22 13:54:00	2022-11-22 13:58:00	C2.7		POINT(-10 -14)	-14	-10	-174.0	-270.0
220890	2022-11-22 18:49:00	2022-11-22 19:08:00	2022-11-22 19:16:00	C4.8		POINT(-12 -13)	-13	-12	-191.0	-260.0
220900	2022-11-22 20:01:00	2022-11-22 20:27:00	2022-11-22 21:02:00	C1.7		POINT(-6 -15)	-15	-6	-111.0	-296.0
220910	2022-11-22 21:02:00	2022-11-22 21:18:00	2022-11-22 21:24:00	C1.7		POINT(-10 -13)	-13	-10	-172.0	-257.0
220920	2022-11-23 01:02:00	2022-11-23 01:14:00	2022-11-23 01:26:00	C1.5		POINT(-7 -13)	-13	-7	-123.0	-258.0
220930	2022-11-23 16:40:00	2022-11-23 16:55:00	2022-11-23 17:00:00	B7.5		POINT(1 -13)	-13	1	18.0	-255.0
220940	2022-11-23 18:39:00	2022-11-23 18:53:00	2022-11-23 19:07:00	C1.4		POINT(29 -32)	-32	29	428.0	-567.0
220950	2022-11-23 20:44:00	2022-11-23 20:53:00	2022-11-23 20:59:00	C1.1		POINT(9 -14)	-14	9	152.0	-258.0
220960	2022-11-24 06:16:00	2022-11-24 06:23:00	2022-11-24 06:27:00	B8.9		POINT(15 -14)	-14	15	246.0	-264.0
220970	2022-11-25 07:03:00	2022-11-25 07:22:00	2022-11-25 07:35:00	C1.1		POINT(29 21)	21	29	474.0	351.0
220980	2022-11-25 09:19:00	2022-11-25 09:22:00	2022-11-25 09:26:00	B5.1		POINT(30 -15)	-15	30	475.0	-257.0
220990	2022-11-25 15:20:00	2022-11-25 15:33:00	2022-11-25 15:42:00	B6.5		POINT(55 -33)	-33	55	668.0	-545.0
221000	2022-11-25 19:13:00	2022-11-25 19:26:00	2022-11-25 19:42:00	B7.8		POINT(-40 27)	27	-40	-556.0	441.0
221010	2022-11-26 00:25:00	2022-11-26 00:33:00	2022-11-26 00:54:00	B5.6		POINT(32 -16)	-16	32	501.0	-290.0
221020	2022-11-26 02:03:00	2022-11-26 02:14:00	2022-11-26 02:27:00	B9.0		POINT(59 -34)	-34	59	690.0	-567.0
221030	2022-11-26 04:30:00	2022-11-26 04:34:00	2022-11-26 04:43:00	B6.4		POINT(-33 27)	27	-33	-480.0	437.0
221040	2022-11-26 06:30:00	2022-11-26 06:36:00	2022-11-26 06:40:00	B6.0		POINT(-32 27)	27	-32	-468.0	437.0
221050	2022-11-26 08:21:00	2022-11-26 08:31:00	2022-11-26 08:56:00	B5.0		POINT(-32 26)	26	-32	-464.0	419.0
221060	2022-11-26 08:56:00	2022-11-26 09:07:00	2022-11-26 09:12:00	B4.3		POINT(-89 31)	31	-89	-836.0	513.0
221070	2022-11-26 10:40:00	2022-11-26 10:49:00	2022-11-26 10:56:00	B6.9		POINT(48 23)	23	48	671.0	369.0
221080	2022-11-28 02:33:00	2022-11-28 02:40:00	2022-11-28 02:45:00	B6.6		POINT(63 -15)	-15	63	839.0	-267.0
221090	2022-11-28 07:10:00	2022-11-28 07:19:00	2022-11-28 07:25:00	B9.2		POINT(64 -17)	-17	64	840.0	-299.0
221100	2022-11-28 12:49:00	2022-11-28 12:54:00	2022-11-28 12:58:00	B8.9		POINT(67 -15)	-15	67	881.0	-259.0
221110	2022-11-28 20:06:00	2022-11-28 20:12:00	2022-11-28 20:21:00	B9.5		POINT(74 -14)	-14	74	906.0	-255.0
221120	2022-11-28 21:10:00	2022-11-28 21:19:00	2022-11-28 21:25:00	B9.8		POINT(75 -14)	-14	75	908.0	-254.0
221130	2022-11-29 02:16:00	2022-11-29 02:20:00	2022-11-29 02:24:00	C1.0		POINT(1 27)	27	1	22.0	428.0
221140	2022-11-29 05:24:00	2022-11-29 05:31:00	2022-11-29 05:35:00	B9.3		POINT(81 -15)	-15	81	929.0	-256.0
221150	2022-11-29 06:29:00	2022-11-29 06:37:00	2022-11-29 06:55:00	C1.1		POINT(82 -15)	-15	82	930.0	-256.0
221160	2022-11-29 09:35:00	2022-11-29 09:42:00	2022-11-29 09:51:00	B9.0		POINT(83 -14)	-14	83	933.0	-251.0
221170	2022-11-29 13:12:00	2022-11-29 13:58:00	2022-11-29 14:37:00	C4.2		POINT(89 -13)	-13	89	971.0	-239.0
221180	2022-11-30 05:34:00	2022-11-30 05:42:00	2022-11-30 05:49:00	C1.3		POINT(89 -19)	-19	89	923.0	-318.0
221190	2022-11-30 06:17:00	2022-11-30 06:23:00	2022-11-30 06:29:00	C2.1		POINT(89 -14)	-14	89	954.0	-244.0
221200	2022-11-30 11:06:00	2022-11-30 11:13:00	2022-11-30 11:18:00	C1.6		POINT(89 -17)	-17	89	930.0	-300.0
221210	2022-11-30 12:22:00	2022-11-30 12:31:00	2022-11-30 12:35:00	C1.2		POINT(63 20)	20	63	815.0	330.0
221220	2022-11-30 14:00:00	2022-11-30 14:10:00	2022-11-30 14:19:00	C1.1		POINT(-89 -19)	-19	-89	-928.0	-333.0
221230	2022-11-30 16:10:00	2022-11-30 16:17:00	2022-11-30 16:24:00	C3.0		POINT(84 -18)	-18	84	918.0	-309.0
221240	2022-11-30 17:01:00	2022-11-30 17:09:00	2022-11-30 17:14:00	C2.8		POINT(65 20)	20	65	830.0	331.0
221250	2022-11-30 18:03:00	2022-11-30 18:21:00	2022-11-30 18:26:00	C1.8		POINT(-89 -17)	-17	-89	-951.0	-294.0
221260	2022-11-30 22:23:00	2022-11-30 22:26:00	2022-11-30 22:30:00	B9.1		POINT(-89 -16)	-16	-89	-938.0	-281.0
221270	2022-12-01 01:10:00	2022-12-01 01:14:00	2022-12-01 01:18:00	C1.1		POINT(-89 -16)	-16	-89	-940.0	-278.0
221280	2022-12-01 04:00:00	2022-12-01 04:09:00	2022-12-01 04:23:00	B8.9		POINT(-89 21)	21	-89	-912.0	367.0
221290	2022-12-01 05:11:00	2022-12-01 05:16:00	2022-12-01 05:21:00	B7.2		POINT(-89 -16)	-16	-89	-937.0	-281.0
221300	2022-12-01 07:04:00	2022-12-01 07:21:00	2022-12-01 07:36:00	M1.0		POINT(34 28)	28	34	463.0	453.0
221310	2022-12-01 14:08:00	2022-12-01 14:20:00	2022-12-01 14:35:00	C1.3		POINT(-83 -19)	-19	-83	-909.0	-329.0
221320	2022-12-01 15:22:00	2022-12-01 15:27:00	2022-12-01 15:34:00	B9.2		POINT(-82 -20)	-20	-82	-902.0	-342.0
221330	2022-12-01 16:57:00	2022-12-01 17:07:00	2022-12-01 17:18:00	C1.3		POINT(-81 -20)	-20	-81	-900.0	-345.0
221340	2022-12-01 17:27:00	2022-12-01 17:31:00	2022-12-01 17:36:00	C1.0		POINT(38 26)	26	38	538.0	429.0
221350	2022-12-01 18:55:00	2022-12-01 19:10:00	2022-12-01 19:23:00	C2.9		POINT(-82 -15)	-15	-82	-930.0	-254.0
221360	2022-12-02 01:57:00	2022-12-02 02:07:00	2022-12-02 02:16:00	C3.7		POINT(-72 -20)	-20	-72	-870.0	-344.0
221370	2022-12-02 03:31:00	2022-12-02 03:35:00	2022-12-02 03:39:00	C1.0		POINT(-85 -17)	-17	-85	-924.0	-295.0
221380	2022-12-02 06:26:00	2022-12-02 06:35:00	2022-12-02 06:49:00	B9.7		POINT(-70 -19)	-19	-70	-865.0	-333.0
221390	2022-12-02 09:09:00	2022-12-02 09:20:00	2022-12-02 09:26:00	C8.1		POINT(-80 15)	15	-80	-921.0	275.0
221400	2022-12-02 15:55:00	2022-12-02 16:00:00	2022-12-02 16:09:00	B6.9		POINT(89 19)	19	89	932.0	324.0
221410	2022-12-02 18:13:00	2022-12-02 18:21:00	2022-12-02 18:33:00	C1.5		POINT(83 -14)	-14	83	938.0	-239.0
221420	2022-12-02 23:47:00	2022-12-02 23:56:00	2022-12-03 00:01:00	C1.8		POINT(-89 16)	16	-89	-948.0	272.0
221430	2022-12-03 01:46:00	2022-12-03 01:52:00	2022-12-03 01:57:00	C1.1		POINT(-70 -18)	-18	-70	-872.0	-315.0
221440	2022-12-03 02:17:00	2022-12-03 02:26:00	2022-12-03 02:49:00	C1.2		POINT(-89 14)	14	-89	-953.0	239.0
221450	2022-12-03 05:56:00	2022-12-03 05:59:00	2022-12-03 06:03:00	C1.1		POINT(-64 23)	23	-64	-808.0	381.0
221460	2022-12-03 06:10:00	2022-12-03 06:23:00	2022-12-03 06:32:00	C3.1		POINT(-89 16)	16	-89	-944.0	274.0
221470	2022-12-03 07:56:00	2022-12-03 08:03:00	2022-12-03 08:07:00	C1.5		POINT(-63 -14)	-14	-63	-847.0	-249.0
221480	2022-12-03 09:32:00	2022-12-03 09:42:00	2022-12-03 09:55:00	C1.0		POINT(-89 16)	16	-89	-944.0	278.0
221490	2022-12-03 10:56:00	2022-12-03 11:10:00	2022-12-03 11:22:00	C2.3		POINT(-89 16)	16	-89	-944.0	270.0
221500	2022-12-03 11:22:00	2022-12-03 11:34:00	2022-12-03 11:42:00	C2.4		POINT(-68 23)	23	-68	-829.0	386.0
221510	2022-12-03 14:20:00	2022-12-03 14:27:00	2022-12-03 14:37:00	C1.2		POINT(4 19)	19	4	75.0	321.0
221520	2022-12-03 15:24:00	2022-12-03 15:29:00	2022-12-03 15:33:00	C1.0		POINT(-89 14)	14	-89	-945.0	243.0
221530	2022-12-03 17:36:00	2022-12-03 17:41:00	2022-12-03 17:45:00	M1.2		POINT(-83 18)	18	-83	-941.0	244.0
221540	2022-12-03 18:48:00	2022-12-03 18:51:00	2022-12-03 18:55:00	C1.1		POINT(-89 16)	16	-89	-939.0	278.0
221550	2022-12-04 02:08:00	2022-12-04 02:18:00	2022-12-04 02:44:00	C1.3		POINT(-59 22)	22	-59	-776.0	371.0
221560	2022-12-04 09:07:00	2022-12-04 09:19:00	2022-12-04 09:25:00	B8.1		POINT(-56 24)	24	-56	-736.0	401.0
221570	2022-12-04 09:25:00	2022-12-04 09:33:00	2022-12-04 09:38:00	B9.1		POINT(-44 -15)	-15	-44	-659.0	-268.0
221580	2022-12-04 12:30:00	2022-12-04 12:40:00	2022-12-04 13:02:00	C2.0		POINT(-42 -19)	-19	-42	-615.0	-316.0
221590	2022-12-04 16:14:00	2022-12-04 16:24:00	2022-12-04 16:37:00	C1.4		POINT(18 23)	23	18	279.0	382.0
221600	2022-12-04 18:08:00	2022-12-04 18:16:00	2022-12-04 18:24:00	C1.5		POINT(18 23)	23	18	281.0	389.0
221610	2022-12-04 18:24:00	2022-12-04 18:27:00	2022-12-04 18:33:00	C1.7		POINT(18 23)	23	18	281.0	377.0
221620	2022-12-04 21:50:00	2022-12-04 21:59:00	2022-12-04 22:04:00	C1.6		POINT(26 23)	23	26	404.0	384.0
221630	2022-12-05 01:40:00	2022-12-05 01:51:00	2022-12-05 02:01:00	C1.9		POINT(-39 24)	24	-39	-480.0	456.0
221640	2022-12-05 05:18:00	2022-12-05 05:30:00	2022-12-05 05:40:00	C2.7		POINT(-4 23)	23	-4	-80.0	384.0
221650	2022-12-05 06:32:00	2022-12-05 06:42:00	2022-12-05 06:51:00	C1.3		POINT(-30 -17)	-17	-30	-484.0	-300.0
221660	2022-12-05 09:04:00	2022-12-05 09:11:00	2022-12-05 09:17:00	C1.0		POINT(-30 -16)	-16	-30	-21.0	383.0
221670	2022-12-05 10:10:00	2022-12-05 10:18:00	2022-12-05 10:25:00	C1.1		POINT(-1 24)	24	-1	-12.0	392.0
221680	2022-12-05 10:38:00	2022-12-05 10:47:00	2022-12-05 10:52:00	C1.4		POINT(0 24)	24	0	0.0	396.0
221690	2022-12-05 14:48:00	2022-12-05 14:59:00	2022-12-05 15:24:00	C1.4		POINT(-26 -15)	-15	-26	-426.0	-287.0
221700	2022-12-05 15:50:00	2022-12-05 15:59:00	2022-12-05 16:07:00	C1.4		POINT(-26 -16)	-16	-26	-420.0	-289.0
221710	2022-12-05 16:50:00	2022-12-05 16:50:00	2022-12-05 17:12:00	C2.0		POINT(2 24)	24	2	30.0	398.0
221720	2022-12-05 20:44:00	2022-12-05 20:57:00	2022-12-05 21:07:00	C1.6		POINT(5 24)	24	5	93.0	391.0
221730	2022-12-06 14:18:00	2022-12-06 14:27:00	2022-12-06 14:34:00	B8.7		POINT(-42 16)	16	-42	-633.0	282.0
221740	2022-12-06 18:03:00	2022-12-06 18:10:00	2022-12-06 18:15:00	B8.3		POINT(-40 16)	16	-40	-603.0	272.0
221750	2022-12-06 21:38:00	2022-12-06 21:42:00	2022-12-06 22:01:00	C1.1		POINT(-37 16)	16	-37	-566.0	273.0
221760	2022-12-06 23:54:00	2022-12-06 23:59:00	2022-12-07 00:05:00	C1.0		POINT(51 20)	20	51	710.0	346.0
221770	2022-12-07 11:00:00	2022-12-07 11:11:00	2022-12-07 11:28:00	C1.2		POINT(-29 15)	15	-29	-450.0	252.0
221780	2022-12-07 11:57:00	2022-12-07 12:07:00	2022-12-07 12:13:00	C1.2		POINT(-29 15)	15	-29	-419.0	245.0
221790	2022-12-07 12:56:00	2022-12-07 13:04:00	2022-12-07 13:16:00	C5.8		POINT(-28 15)	15	-28	-411.0	240.0
221800	2022-12-07 15:16:00	2022-12-07 15:23:00	2022-12-07 15:29:00	C1.1		POINT(-31 14)	14	-31	-486.0	251.0
221810	2022-12-07 15:59:00	2022-12-07 16:04:00	2022-12-07 16:13:00	B9.3		POINT(3 -17)	-17	3	58.0	-301.0
221820	2022-12-07 16:23:00	2022-12-07 16:34:00	2022-12-07 16:46:00	C1.4		POINT(-25 15)	15	-25	-404.0	252.0
221830	2022-12-07 17:46:00	2022-12-07 17:59:00	2022-12-07 18:04:00	C1.3		POINT(-22 14)	14	-22	-363.0	239.0
221840	2022-12-07 19:01:00	2022-12-07 19:04:00	2022-12-07 19:08:00	C2.5		POINT(5 -16)	-16	5	84.0	-278.0
221850	2022-12-07 23:08:00	2022-12-07 23:16:00	2022-12-07 23:27:00	C1.0		POINT(7 -14)	-14	7	126.0	-248.0
221860	2022-12-08 05:30:00	2022-12-08 05:37:00	2022-12-08 05:44:00	B7.4		POINT(8 -17)	-17	8	140.0	-296.0
221870	2022-12-08 05:54:00	2022-12-08 06:03:00	2022-12-08 06:12:00	C1.3		POINT(-16 17)	17	-16	-253.0	291.0
221880	2022-12-08 07:36:00	2022-12-08 07:41:00	2022-12-08 07:49:00	B8.7		POINT(12 -14)	-14	12	198.0	-242.0
221890	2022-12-08 20:52:00	2022-12-08 21:09:00	2022-12-08 21:35:00	C1.4		POINT(15 -18)	-18	15	240.0	-309.0
221900	2022-12-09 05:42:00	2022-12-09 05:57:00	2022-12-09 06:14:00	C1.3		POINT(-89 -19)	-19	-89	-936.0	-324.0
221910	2022-12-09 06:14:00	2022-12-09 06:18:00	2022-12-09 06:28:00	C1.2		POINT(-89 -21)	-21	-89	-918.0	-356.0
221920	2022-12-09 07:21:00	2022-12-09 07:28:00	2022-12-09 07:38:00	C1.3		POINT(-72 -15)	-15	-72	-897.0	-258.0
221930	2022-12-09 09:13:00	2022-12-09 09:21:00	2022-12-09 09:28:00	C1.5		POINT(-89 -17)	-17	-89	-939.0	-294.0
221940	2022-12-09 10:43:00	2022-12-09 10:48:00	2022-12-09 10:54:00	C1.6		POINT(-89 -18)	-18	-89	-935.0	-308.0
221950	2022-12-09 10:54:00	2022-12-09 11:07:00	2022-12-09 11:18:00	C1.8		POINT(-89 -19)	-19	-89	-932.0	-322.0
221960	2022-12-09 11:26:00	2022-12-09 11:34:00	2022-12-09 11:37:00	C2.0		POINT(-89 -19)	-19	-89	-927.0	-327.0
221970	2022-12-09 11:37:00	2022-12-09 12:20:00	2022-12-09 12:37:00	C4.0		POINT(-89 -18)	-18	-89	-926.0	-301.0
221980	2022-12-09 12:37:00	2022-12-09 12:40:00	2022-12-09 12:44:00	C4.1		POINT(2 13)	13	2	42.0	236.0
221990	2022-12-09 13:47:00	2022-12-09 13:57:00	2022-12-09 13:59:00	C3.8		POINT(-89 -18)	-18	-89	-929.0	-314.0
222000	2022-12-09 13:59:00	2022-12-09 14:13:00	2022-12-09 14:32:00	C6.0		POINT(-89 -19)	-19	-89	-939.0	-323.0
222010	2022-12-09 15:47:00	2022-12-09 16:32:00	2022-12-09 16:35:00	C4.3		POINT(-89 -18)	-18	-89	-948.0	-316.0
222020	2022-12-09 16:35:00	2022-12-09 16:41:00	2022-12-09 16:45:00	C4.5		POINT(-89 -20)	-20	-89	-924.0	-351.0
222030	2022-12-09 19:18:00	2022-12-09 19:26:00	2022-12-09 19:43:00	C1.7		POINT(-65 -15)	-15	-65	-854.0	-256.0
222040	2022-12-09 21:42:00	2022-12-09 21:50:00	2022-12-09 22:01:00	C3.6		POINT(-89 -20)	-20	-89	-915.0	-349.0
222050	2022-12-09 22:38:00	2022-12-09 22:42:00	2022-12-09 22:46:00	C5.0		POINT(8 13)	13	8	134.0	236.0
222060	2022-12-10 06:38:00	2022-12-10 06:49:00	2022-12-10 06:57:00	C3.9		POINT(-89 -22)	-22	-89	-911.0	-375.0
222070	2022-12-10 07:55:00	2022-12-10 08:02:00	2022-12-10 08:11:00	C2.1		POINT(-80 -21)	-21	-80	-896.0	-349.0
222080	2022-12-10 09:50:00	2022-12-10 09:57:00	2022-12-10 10:14:00	C1.3		POINT(89 24)	24	89	891.0	414.0
222090	2022-12-10 10:14:00	2022-12-10 10:26:00	2022-12-10 10:39:00	C4.6		POINT(19 25)	25	19	299.0	422.0
222100	2022-12-10 10:39:00	2022-12-10 10:44:00	2022-12-10 10:53:00	C5.3		POINT(-77 -21)	-21	-77	-889.0	-349.0
222110	2022-12-10 15:52:00	2022-12-10 16:11:00	2022-12-10 16:37:00	C5.2		POINT(-73 -20)	-20	-73	-873.0	-341.0
222120	2022-12-10 18:04:00	2022-12-10 18:11:00	2022-12-10 18:26:00	C1.7		POINT(-70 -21)	-21	-70	-873.0	-344.0
222130	2022-12-10 20:35:00	2022-12-10 20:46:00	2022-12-10 20:55:00	C4.8		POINT(27 25)	25	27	381.0	422.0
222140	2022-12-11 02:22:00	2022-12-11 02:30:00	2022-12-11 02:38:00	C1.1		POINT(-67 -21)	-21	-67	-840.0	-348.0
222150	2022-12-11 06:12:00	2022-12-11 06:28:00	2022-12-11 06:34:00	C1.7		POINT(89 25)	25	89	894.0	417.0
222160	2022-12-11 06:34:00	2022-12-11 06:38:00	2022-12-11 06:45:00	C1.6		POINT(-68 -18)	-18	-68	-860.0	-305.0
222170	2022-12-11 11:25:00	2022-12-11 11:40:00	2022-12-11 11:44:00	C2.9		POINT(60 -16)	-16	60	813.0	-248.0
222180	2022-12-11 14:30:00	2022-12-11 15:06:00	2022-12-11 15:31:00	C1.2		POINT(-58 -19)	-19	-58	-786.0	-351.0
222190	2022-12-11 14:59:00	2022-12-11 15:08:00	2022-12-11 15:23:00	C1.2		POINT(37 25)	25	37	531.0	411.0
222200	2022-12-11 15:42:00	2022-12-11 15:46:00	2022-12-11 15:51:00	C1.2		POINT(62 -13)	-13	62	830.0	-246.0
222210	2022-12-11 17:37:00	2022-12-11 17:41:00	2022-12-11 17:47:00	C1.7		POINT(63 -14)	-14	63	840.0	-243.0
222220	2022-12-12 00:06:00	2022-12-12 00:35:00	2022-12-12 00:53:00	C3.5		POINT(49 30)	30	49	639.0	498.0
222230	2022-12-12 00:53:00	2022-12-12 00:56:00	2022-12-12 01:00:00	C3.2		POINT(66 -14)	-14	66	865.0	-234.0
222240	2022-12-12 03:47:00	2022-12-12 03:53:00	2022-12-12 04:07:00	C1.7		POINT(51 25)	25	51	687.0	430.0
222250	2022-12-12 09:21:00	2022-12-12 09:26:00	2022-12-12 09:31:00	C2.1		POINT(54 26)	26	54	713.0	432.0
222260	2022-12-12 14:57:00	2022-12-12 15:09:00	2022-12-12 15:28:00	C3.0		POINT(-38 -8)	-8	-38	-605.0	-137.0
222270	2022-12-12 19:31:00	2022-12-12 19:40:00	2022-12-12 19:45:00	B9.8		POINT(74 -18)	-18	74	890.0	-306.0
222280	2022-12-13 09:00:00	2022-12-13 09:04:00	2022-12-13 09:08:00	C1.7		POINT(72 -15)	-15	72	877.0	-268.0
222290	2022-12-13 19:44:00	2022-12-13 19:45:00	2022-12-13 19:59:00	C1.9		POINT(79 -16)	-16	79	919.0	-268.0
222300	2022-12-13 22:59:00	2022-12-13 23:25:00	2022-12-13 23:57:00	C2.9		POINT(79 -14)	-14	79	933.0	-266.0
222310	2022-12-14 00:23:00	2022-12-14 00:32:00	2022-12-14 00:44:00	C1.3		POINT(89 -20)	-20	89	920.0	-338.0
222320	2022-12-14 03:23:00	2022-12-14 03:32:00	2022-12-14 03:44:00	C2.5		POINT(89 -16)	-16	89	936.0	-271.0
222330	2022-12-14 04:02:00	2022-12-14 04:11:00	2022-12-14 04:20:00	C5.9		POINT(88 -16)	-16	88	935.0	-272.0
222340	2022-12-14 04:35:00	2022-12-14 04:39:00	2022-12-14 04:46:00	C2.2		POINT(39 -20)	-20	39	579.0	-330.0
222350	2022-12-14 05:37:00	2022-12-14 05:49:00	2022-12-14 06:17:00	C3.4		POINT(39 -20)	-20	39	577.0	-338.0
222360	2022-12-14 07:10:00	2022-12-14 07:34:00	2022-12-14 08:26:00	M2.4		POINT(39 -20)	-20	39	588.0	-330.0
222370	2022-12-14 08:24:00	2022-12-14 08:31:00	2022-12-14 08:37:00	M1.1		POINT(39 -20)	-20	39	944.0	-279.0
222380	2022-12-14 09:20:00	2022-12-14 09:27:00	2022-12-14 09:35:00	M1.3		POINT(40 -21)	-21	40	596.0	-341.0
222390	2022-12-14 10:24:00	2022-12-14 10:34:00	2022-12-14 10:40:00	C5.2		POINT(41 -20)	-20	41	606.0	-327.0
222400	2022-12-14 11:45:00	2022-12-14 11:59:00	2022-12-14 12:17:00	M1.1		POINT(42 -21)	-21	42	617.0	-341.0
222410	2022-12-14 12:24:00	2022-12-14 12:31:00	2022-12-14 12:38:00	M4.1		POINT(42 -20)	-20	42	616.0	-328.0
222420	2022-12-14 14:31:00	2022-12-14 14:42:00	2022-12-14 14:49:00	M6.3		POINT(49 -20)	-20	49	634.0	-339.0
222430	2022-12-14 14:54:00	2022-12-14 14:59:00	2022-12-14 15:04:00	M3.2		POINT(43 -20)	-20	43	624.0	-333.0
222440	2022-12-14 16:04:00	2022-12-14 16:09:00	2022-12-14 16:16:00	C3.7		POINT(-68 -14)	-14	-68	-877.0	-235.0
222450	2022-12-14 17:03:00	2022-12-14 17:12:00	2022-12-14 17:23:00	M2.2		POINT(46 -20)	-20	46	658.0	-333.0
222460	2022-12-14 19:03:00	2022-12-14 19:11:00	2022-12-14 19:16:00	C3.8		POINT(44 -22)	-22	44	627.0	-365.0
222470	2022-12-14 19:25:00	2022-12-14 19:31:00	2022-12-14 19:32:00	C6.4		POINT(-20 -19)	-19	-20	-315.0	-317.0
222480	2022-12-14 20:52:00	2022-12-14 20:58:00	2022-12-14 21:02:00	M2.2		POINT(45 -22)	-22	45	639.0	-365.0
222490	2022-12-14 21:33:00	2022-12-14 21:39:00	2022-12-14 21:45:00	M1.3		POINT(50 -20)	-20	50	701.0	-333.0
222500	2022-12-14 21:45:00	2022-12-14 21:53:00	2022-12-14 21:57:00	M1.9		POINT(49 -20)	-20	49	691.0	-333.0
222510	2022-12-14 21:57:00	2022-12-14 22:06:00	2022-12-14 22:17:00	M4.5		POINT(48 -21)	-21	48	678.0	-342.0
222520	2022-12-14 23:41:00	2022-12-14 23:45:00	2022-12-14 23:50:00	C7.3		POINT(47 -22)	-22	47	663.0	-357.0
222530	2022-12-15 00:42:00	2022-12-15 00:53:00	2022-12-15 01:06:00	C6.3		POINT(49 -21)	-21	49	694.0	-347.0
222540	2022-12-15 01:24:00	2022-12-15 01:37:00	2022-12-15 01:49:00	M1.6		POINT(48 -21)	-21	48	682.0	-353.0
222550	2022-12-15 02:43:00	2022-12-15 02:51:00	2022-12-15 03:03:00	C3.9		POINT(53 -20)	-20	53	730.0	-334.0
222560	2022-12-15 03:03:00	2022-12-15 03:07:00	2022-12-15 03:14:00	C4.2		POINT(-10 -22)	-22	-10	-156.0	-365.0
222570	2022-12-15 04:25:00	2022-12-15 04:43:00	2022-12-15 04:55:00	C4.5		POINT(52 -20)	-20	52	729.0	-336.0
222580	2022-12-15 04:55:00	2022-12-15 05:20:00	2022-12-15 05:40:00	C7.6		POINT(56 -21)	-21	56	758.0	-345.0
222590	2022-12-15 06:55:00	2022-12-15 07:07:00	2022-12-15 07:22:00	M2.3		POINT(51 -21)	-21	51	713.0	-349.0
222600	2022-12-15 07:54:00	2022-12-15 07:58:00	2022-12-15 08:02:00	M1.0		POINT(48 -20)	-20	48	690.0	-325.0
222610	2022-12-15 08:02:00	2022-12-15 08:10:00	2022-12-15 08:14:00	C9.2		POINT(53 -21)	-21	53	729.0	-348.0
222620	2022-12-15 10:23:00	2022-12-15 10:30:00	2022-12-15 10:37:00	M1.6		POINT(55 -21)	-21	55	748.0	-348.0
222630	2022-12-15 11:57:00	2022-12-15 12:06:00	2022-12-15 12:13:00	C6.0		POINT(54 -21)	-21	54	739.0	-341.0
222640	2022-12-15 13:08:00	2022-12-15 13:17:00	2022-12-15 13:33:00	C8.2		POINT(58 -20)	-20	58	781.0	-339.0
222650	2022-12-15 13:59:00	2022-12-15 14:15:00	2022-12-15 14:18:00	C9.1		POINT(59 -20)	-20	59	785.0	-333.0
222660	2022-12-15 14:18:00	2022-12-15 14:23:00	2022-12-15 14:29:00	C9.5		POINT(56 -21)	-21	56	756.0	-341.0
222670	2022-12-15 15:24:00	2022-12-15 15:48:00	2022-12-15 19:11:00	C8.0		POINT(-5 -21)	-21	-5	-79.0	-349.0
222680	2022-12-15 15:58:00	2022-12-15 16:10:00	2022-12-15 16:19:00	M1.0		POINT(-89 20)	20	-89	-916.0	333.0
222690	2022-12-15 16:35:00	2022-12-15 16:44:00	2022-12-15 16:47:00	M2.0		POINT(59 -21)	-21	59	780.0	-349.0
222700	2022-12-15 19:27:00	2022-12-15 21:36:00	2022-12-15 22:01:00	C6.4		POINT(-5 -21)	-21	-5	-79.0	-349.0
222710	2022-12-15 21:53:00	2022-12-15 22:03:00	2022-12-15 22:12:00	C5.3		POINT(63 -20)	-20	63	816.0	-333.0
222720	2022-12-15 22:12:00	2022-12-15 22:18:00	2022-12-15 22:20:00	C6.7		POINT(60 -21)	-21	60	788.0	-349.0
222730	2022-12-15 22:20:00	2022-12-15 22:40:00	2022-12-15 22:57:00	M5.7		POINT(62 -21)	-21	62	806.0	-344.0
222740	2022-12-16 01:30:00	2022-12-16 02:01:00	2022-12-16 02:30:00	M3.5		POINT(64 -21)	-21	64	821.0	-346.0
222750	2022-12-16 06:17:00	2022-12-16 06:39:00	2022-12-16 06:47:00	M1.2		POINT(39 -20)	-20	39	576.0	-333.0
222760	2022-12-16 07:15:00	2022-12-16 07:19:00	2022-12-16 07:23:00	C5.1		POINT(39 -20)	-20	39	576.0	-333.0
222770	2022-12-16 07:26:00	2022-12-16 07:38:00	2022-12-16 07:47:00	M1.6		POINT(66 -20)	-20	66	840.0	-338.0
222780	2022-12-16 08:55:00	2022-12-16 09:05:00	2022-12-16 09:11:00	M1.5		POINT(39 -20)	-20	39	576.0	-333.0
222790	2022-12-16 09:19:00	2022-12-16 09:29:00	2022-12-16 09:48:00	M1.1		POINT(1 -22)	-22	1	15.0	-365.0
222800	2022-12-16 10:02:00	2022-12-16 10:19:00	2022-12-16 10:34:00	M4.0		POINT(68 -20)	-20	68	848.0	-334.0
222810	2022-12-16 11:36:00	2022-12-16 11:40:00	2022-12-16 11:47:00	C8.5		POINT(67 -21)	-21	67	840.0	-344.0
222820	2022-12-16 13:23:00	2022-12-16 13:29:00	2022-12-16 13:35:00	C4.7		POINT(71 -22)	-22	71	848.0	-344.0
222830	2022-12-16 13:47:00	2022-12-16 13:53:00	2022-12-16 14:00:00	C5.8		POINT(70 -20)	-20	70	858.0	-341.0
222840	2022-12-16 14:24:00	2022-12-16 14:40:00	2022-12-16 15:04:00	M2.4		POINT(71 -20)	-20	71	866.0	-333.0
222850	2022-12-16 15:34:00	2022-12-16 15:40:00	2022-12-16 15:45:00	M1.2		POINT(70 -20)	-20	70	858.0	-342.0
222860	2022-12-16 17:55:00	2022-12-16 18:06:00	2022-12-16 18:22:00	C4.3		POINT(78 -20)	-20	78	870.0	-345.0
222870	2022-12-16 19:02:00	2022-12-16 19:11:00	2022-12-16 19:18:00	C9.1		POINT(77 -21)	-21	77	871.0	-344.0
222880	2022-12-16 19:59:00	2022-12-16 20:07:00	2022-12-16 20:15:00	C3.7		POINT(74 -21)	-21	74	875.0	-354.0
222890	2022-12-16 20:50:00	2022-12-16 21:04:00	2022-12-16 21:17:00	C8.9		POINT(74 -20)	-20	74	882.0	-334.0
222900	2022-12-16 22:09:00	2022-12-16 22:18:00	2022-12-16 22:34:00	C4.9		POINT(85 -21)	-21	85	889.0	-354.0
222910	2022-12-16 23:07:00	2022-12-16 23:16:00	2022-12-16 23:28:00	C5.4		POINT(75 -20)	-20	75	881.0	-342.0
222920	2022-12-16 23:31:00	2022-12-16 23:39:00	2022-12-16 23:44:00	C7.9		POINT(74 -20)	-20	74	877.0	-344.0
222930	2022-12-17 00:00:00	2022-12-17 04:34:00	2022-12-17 04:38:00	C8.7		POINT(39 -20)	-20	39	576.0	-333.0
222940	2022-12-17 02:20:00	2022-12-17 02:26:00	2022-12-17 02:30:00	C3.2		POINT(76 -20)	-20	76	889.0	-337.0
222950	2022-12-17 04:26:00	2022-12-17 04:34:00	2022-12-17 04:39:00	C2.5		POINT(-84 17)	17	-84	-924.0	298.0
222960	2022-12-17 05:19:00	2022-12-17 05:28:00	2022-12-17 05:36:00	C2.1		POINT(-89 21)	21	-89	-926.0	357.0
222970	2022-12-17 05:36:00	2022-12-17 05:53:00	2022-12-17 05:59:00	C2.8		POINT(-82 17)	17	-82	-920.0	300.0
222980	2022-12-17 08:47:00	2022-12-17 08:54:00	2022-12-17 08:58:00	C3.0		POINT(18 -9)	-9	18	404.0	-81.0
222990	2022-12-17 15:42:00	2022-12-17 15:54:00	2022-12-17 16:00:00	C2.0		POINT(46 -12)	-12	46	687.0	-201.0
223000	2022-12-17 16:00:00	2022-12-17 16:04:00	2022-12-17 16:09:00	C1.8		POINT(-89 20)	20	-89	-939.0	354.0
223010	2022-12-17 17:29:00	2022-12-17 17:36:00	2022-12-17 17:43:00	C5.0		POINT(-89 -20)	-20	-89	-915.0	-343.0
223020	2022-12-17 19:40:00	2022-12-17 19:53:00	2022-12-17 20:01:00	M1.0		POINT(-72 19)	19	-72	-870.0	322.0
223030	2022-12-17 21:58:00	2022-12-17 22:20:00	2022-12-17 22:47:00	C3.2		POINT(-89 -21)	-21	-89	-919.0	-354.0
223040	2022-12-18 01:13:00	2022-12-18 01:22:00	2022-12-18 01:35:00	C5.4		POINT(-84 20)	20	-84	-906.0	350.0
223050	2022-12-18 04:42:00	2022-12-18 04:53:00	2022-12-18 05:06:00	C3.0		POINT(-79 20)	20	-79	-898.0	347.0
223060	2022-12-18 09:34:00	2022-12-18 09:42:00	2022-12-18 09:49:00	C2.4		POINT(58 -16)	-16	58	795.0	-263.0
223070	2022-12-18 09:59:00	2022-12-18 10:10:00	2022-12-18 10:16:00	C5.8		POINT(57 -14)	-14	57	789.0	-207.0
223080	2022-12-18 13:11:00	2022-12-18 13:16:00	2022-12-18 13:20:00	C2.3		POINT(-84 27)	27	-84	-861.0	448.0
223090	2022-12-18 14:06:00	2022-12-18 14:14:00	2022-12-18 14:19:00	C4.7		POINT(-73 20)	20	-73	-872.0	353.0
223100	2022-12-18 16:40:00	2022-12-18 16:45:00	2022-12-18 16:49:00	C3.8		POINT(-79 26)	26	-79	-856.0	444.0
223110	2022-12-18 19:53:00	2022-12-18 20:02:00	2022-12-18 20:15:00	C3.2		POINT(62 -13)	-13	62	842.0	-214.0
223120	2022-12-18 23:06:00	2022-12-18 23:13:00	2022-12-18 23:17:00	C2.0		POINT(-75 26)	26	-75	-841.0	446.0
223130	2022-12-19 02:14:00	2022-12-19 02:23:00	2022-12-19 02:27:00	C2.5		POINT(68 21)	21	68	843.0	365.0
223140	2022-12-19 03:32:00	2022-12-19 03:43:00	2022-12-19 03:54:00	C2.5		POINT(-89 25)	25	-89	-890.0	426.0
223150	2022-12-19 05:56:00	2022-12-19 06:02:00	2022-12-19 06:06:00	C2.6		POINT(38 -22)	-22	38	564.0	-361.0
223160	2022-12-19 06:22:00	2022-12-19 06:29:00	2022-12-19 06:37:00	C2.1		POINT(57 -14)	-14	57	864.0	-211.0
223170	2022-12-19 08:49:00	2022-12-19 09:03:00	2022-12-19 09:14:00	C2.0		POINT(45 -19)	-19	45	652.0	-317.0
223180	2022-12-19 10:30:00	2022-12-19 10:41:00	2022-12-19 10:51:00	C4.5		POINT(-59 20)	20	-59	-790.0	348.0
223190	2022-12-19 11:23:00	2022-12-19 11:44:00	2022-12-19 12:41:00	C7.3		POINT(72 20)	20	72	890.0	317.0
223200	2022-12-19 13:44:00	2022-12-19 13:49:00	2022-12-19 13:56:00	C4.0		POINT(-58 19)	19	-58	-783.0	342.0
223210	2022-12-19 14:17:00	2022-12-19 14:29:00	2022-12-19 14:40:00	C8.0		POINT(-58 21)	21	-58	-779.0	362.0
223220	2022-12-19 18:35:00	2022-12-19 18:48:00	2022-12-19 19:04:00	C3.7		POINT(49 -21)	-21	49	687.0	-340.0
223230	2022-12-19 20:51:00	2022-12-19 20:58:00	2022-12-19 21:02:00	C4.2		POINT(-56 21)	21	-56	-754.0	372.0
223240	2022-12-19 22:07:00	2022-12-19 22:27:00	2022-12-19 22:52:00	C3.8		POINT(89 21)	21	89	924.0	368.0
223250	2022-12-19 23:46:00	2022-12-20 00:04:00	2022-12-20 00:14:00	C6.8		POINT(-55 20)	20	-55	-752.0	363.0
223260	2022-12-20 03:46:00	2022-12-20 04:03:00	2022-12-20 04:19:00	C2.3		POINT(31 -20)	-20	31	472.0	-333.0
223270	2022-12-20 05:21:00	2022-12-20 05:45:00	2022-12-20 06:03:00	C6.6		POINT(-51 21)	21	-51	-711.0	376.0
223280	2022-12-20 06:03:00	2022-12-20 06:09:00	2022-12-20 06:13:00	C5.0		POINT(-52 22)	22	-52	-714.0	386.0
223290	2022-12-20 07:40:00	2022-12-20 07:49:00	2022-12-20 07:55:00	C2.5		POINT(-50 22)	22	-50	-696.0	383.0
223300	2022-12-20 08:42:00	2022-12-20 08:53:00	2022-12-20 09:06:00	C8.1		POINT(-49 -19)	-19	-49	-684.0	-306.0
223310	2022-12-20 13:55:00	2022-12-20 13:57:00	2022-12-20 14:12:00	M1.1		POINT(-45 20)	20	-45	-676.0	393.0
223320	2022-12-20 19:53:00	2022-12-20 20:01:00	2022-12-20 20:07:00	C1.3		POINT(-39 18)	18	-39	-593.0	327.0
223330	2022-12-20 20:10:00	2022-12-20 20:19:00	2022-12-20 20:29:00	C2.7		POINT(-43 21)	21	-43	-620.0	383.0
223340	2022-12-20 23:56:00	2022-12-21 00:03:00	2022-12-21 00:07:00	C1.4		POINT(81 -6)	-6	81	957.0	-105.0
223350	2022-12-21 00:07:00	2022-12-21 00:15:00	2022-12-21 00:19:00	C2.2		POINT(-37 18)	18	-37	-567.0	331.0
223360	2022-12-21 05:13:00	2022-12-21 05:18:00	2022-12-21 05:22:00	C6.9		POINT(-33 20)	20	-33	-554.0	375.0
223370	2022-12-21 05:57:00	2022-12-21 06:21:00	2022-12-21 06:40:00	C7.6		POINT(89 -9)	-9	89	975.0	-160.0
223380	2022-12-21 08:55:00	2022-12-21 09:01:00	2022-12-21 09:06:00	C1.8		POINT(86 -8)	-8	86	962.0	-141.0
223390	2022-12-21 12:04:00	2022-12-21 12:08:00	2022-12-21 12:12:00	C3.2		POINT(-34 22)	22	-34	-509.0	374.0
223400	2022-12-21 20:37:00	2022-12-21 20:53:00	2022-12-21 20:55:00	C4.8		POINT(-27 21)	21	-27	-414.0	390.0
223410	2022-12-21 22:04:00	2022-12-21 22:19:00	2022-12-21 22:26:00	C5.1		POINT(-26 21)	21	-26	-406.0	377.0
223420	2022-12-22 03:43:00	2022-12-22 03:50:00	2022-12-22 03:57:00	C1.1		POINT(89 -6)	-6	89	982.0	-105.0
223430	2022-12-22 03:57:00	2022-12-22 04:03:00	2022-12-22 04:07:00	C1.2		POINT(-30 22)	22	-30	-351.0	384.0
223440	2022-12-22 05:29:00	2022-12-22 05:38:00	2022-12-22 05:44:00	C1.6		POINT(-30 22)	22	-30	-343.0	354.0
223450	2022-12-22 14:52:00	2022-12-22 15:01:00	2022-12-22 15:05:00	C3.4		POINT(-27 25)	25	-27	-407.0	450.0
223460	2022-12-22 19:55:00	2022-12-22 20:03:00	2022-12-22 20:09:00	C1.1		POINT(-44 23)	23	-44	-623.0	399.0
223470	2022-12-22 21:03:00	2022-12-22 21:12:00	2022-12-22 21:21:00	C1.3		POINT(-15 -22)	-22	-15	-242.0	-329.0
223480	2022-12-22 21:20:00	2022-12-22 21:25:00	2022-12-22 21:29:00	C1.2		POINT(-15 -21)	-21	-15	-243.0	-323.0
223490	2022-12-23 01:24:00	2022-12-23 01:31:00	2022-12-23 01:37:00	C1.9		POINT(89 -19)	-19	89	923.0	-328.0
223500	2022-12-23 04:33:00	2022-12-23 04:38:00	2022-12-23 04:42:00	C2.0		POINT(3 17)	17	3	53.0	330.0
223510	2022-12-23 04:54:00	2022-12-23 04:58:00	2022-12-23 05:03:00	C1.2		POINT(89 -19)	-19	89	923.0	-335.0
223520	2022-12-23 09:26:00	2022-12-23 09:32:00	2022-12-23 09:37:00	B9.5		POINT(-22 21)	21	-22	-341.0	369.0
223530	2022-12-23 10:43:00	2022-12-23 10:51:00	2022-12-23 10:58:00	C2.3		POINT(89 -20)	-20	89	918.0	-344.0
223540	2022-12-23 14:01:00	2022-12-23 14:15:00	2022-12-23 14:28:00	C1.4		POINT(-6 -20)	-20	-6	-108.0	-297.0
223550	2022-12-23 14:28:00	2022-12-23 14:46:00	2022-12-23 14:58:00	C6.6		POINT(-14 22)	22	-14	-218.0	365.0
223560	2022-12-23 16:09:00	2022-12-23 16:17:00	2022-12-23 16:26:00	C1.0		POINT(-3 20)	20	-3	-48.0	381.0
223570	2022-12-23 18:45:00	2022-12-23 18:56:00	2022-12-23 19:16:00	C1.0		POINT(89 -19)	-19	89	938.0	-333.0
223580	2022-12-23 23:08:00	2022-12-23 23:22:00	2022-12-23 23:50:00	C1.5		POINT(-1 -20)	-20	-1	-9.0	-336.0
223590	2022-12-24 00:20:00	2022-12-24 00:28:00	2022-12-24 00:35:00	C1.2		POINT(-30 22)	22	-30	-452.0	365.0
223600	2022-12-24 04:08:00	2022-12-24 04:14:00	2022-12-24 04:20:00	C4.0		POINT(17 18)	18	17	270.0	317.0
223610	2022-12-24 06:56:00	2022-12-24 07:11:00	2022-12-24 07:30:00	C1.1		POINT(6 22)	22	6	99.0	407.0
223620	2022-12-24 08:01:00	2022-12-24 08:11:00	2022-12-24 08:18:00	C2.2		POINT(20 18)	18	20	308.0	315.0
223630	2022-12-24 11:38:00	2022-12-24 11:47:00	2022-12-24 11:56:00	B8.7		POINT(7 21)	21	7	96.0	387.0
223640	2022-12-24 12:22:00	2022-12-24 12:29:00	2022-12-24 12:41:00	B9.4		POINT(7 20)	20	7	118.0	378.0
223650	2022-12-24 13:45:00	2022-12-24 13:56:00	2022-12-24 14:00:00	C1.9		POINT(20 17)	17	20	319.0	285.0
223660	2022-12-24 19:04:00	2022-12-24 19:09:00	2022-12-24 19:15:00	B8.7		POINT(13 23)	23	13	202.0	381.0
223670	2022-12-24 23:13:00	2022-12-24 23:22:00	2022-12-24 23:35:00	C2.1		POINT(14 21)	21	14	222.0	391.0
223680	2022-12-24 23:43:00	2022-12-24 23:50:00	2022-12-25 00:01:00	C2.7		POINT(20 18)	18	20	223.0	385.0
223690	2022-12-25 00:28:00	2022-12-25 00:38:00	2022-12-25 00:45:00	C2.3		POINT(12 22)	22	12	188.0	365.0
223700	2022-12-25 00:45:00	2022-12-25 00:52:00	2022-12-25 00:58:00	C3.6		POINT(-1 -20)	-20	-1	-16.0	-333.0
223710	2022-12-25 03:33:00	2022-12-25 03:39:00	2022-12-25 03:46:00	C1.6		POINT(18 23)	23	18	277.0	381.0
223720	2022-12-25 06:06:00	2022-12-25 06:17:00	2022-12-25 06:27:00	C2.3		POINT(20 23)	23	20	307.0	381.0
223730	2022-12-25 06:53:00	2022-12-25 07:01:00	2022-12-25 07:07:00	C7.8		POINT(20 18)	18	20	317.0	301.0
223740	2022-12-25 16:04:00	2022-12-25 16:10:00	2022-12-25 16:16:00	C1.4		POINT(-87 19)	19	-87	-915.0	333.0
223750	2022-12-25 18:30:00	2022-12-25 18:40:00	2022-12-25 18:46:00	C2.8		POINT(-82 19)	19	-82	-911.0	330.0
223760	2022-12-25 21:50:00	2022-12-25 21:56:00	2022-12-25 22:01:00	C2.2		POINT(28 23)	23	28	421.0	381.0
223770	2022-12-26 01:38:00	2022-12-26 01:40:00	2022-12-26 01:44:00	C2.4		POINT(26 21)	21	26	399.0	349.0
223780	2022-12-26 05:25:00	2022-12-26 05:27:00	2022-12-26 05:31:00	C2.4		POINT(33 22)	22	33	492.0	365.0
223790	2022-12-26 06:12:00	2022-12-26 06:22:00	2022-12-26 06:33:00	C2.5		POINT(20 18)	18	20	317.0	301.0
223800	2022-12-26 08:04:00	2022-12-26 08:14:00	2022-12-26 08:20:00	C2.8		POINT(-72 19)	19	-72	-876.0	343.0
223810	2022-12-26 08:54:00	2022-12-26 09:02:00	2022-12-26 09:15:00	C2.3		POINT(35 22)	22	35	518.0	365.0
223820	2022-12-26 09:53:00	2022-12-26 10:02:00	2022-12-26 10:06:00	C2.8		POINT(-72 19)	19	-72	-874.0	339.0
223830	2022-12-26 10:18:00	2022-12-26 12:23:00	2022-12-26 12:36:00	C1.7		POINT(-70 20)	20	-70	-861.0	333.0
223840	2022-12-26 12:22:00	2022-12-26 12:31:00	2022-12-26 12:35:00	C3.6		POINT(-68 18)	18	-68	-866.0	315.0
223850	2022-12-26 13:41:00	2022-12-26 13:48:00	2022-12-26 13:52:00	C3.3		POINT(-69 20)	20	-69	-857.0	351.0
223860	2022-12-26 15:38:00	2022-12-26 15:44:00	2022-12-26 15:48:00	C2.7		POINT(-69 18)	18	-69	-866.0	301.0
223870	2022-12-26 16:51:00	2022-12-26 16:58:00	2022-12-26 17:02:00	C4.4		POINT(39 23)	23	39	565.0	381.0
223880	2022-12-26 17:46:00	2022-12-26 17:54:00	2022-12-26 18:01:00	C2.6		POINT(-69 18)	18	-69	-866.0	327.0
223890	2022-12-26 19:42:00	2022-12-26 19:51:00	2022-12-26 19:57:00	C6.0		POINT(-66 18)	18	-66	-846.0	328.0
223900	2022-12-26 20:47:00	2022-12-26 21:01:00	2022-12-26 21:20:00	C4.0		POINT(-66 18)	18	-66	-849.0	327.0
223910	2022-12-26 21:42:00	2022-12-26 21:48:00	2022-12-26 21:52:00	C4.1		POINT(-64 18)	18	-64	-835.0	319.0
223920	2022-12-26 22:16:00	2022-12-26 22:27:00	2022-12-26 22:33:00	C3.3		POINT(-66 18)	18	-66	-850.0	330.0
223930	2022-12-26 23:13:00	2022-12-26 23:23:00	2022-12-26 23:38:00	C4.3		POINT(-66 18)	18	-66	-847.0	326.0
223940	2022-12-27 00:32:00	2022-12-27 00:44:00	2022-12-27 00:46:00	C6.4		POINT(-64 18)	18	-64	-833.0	325.0
223950	2022-12-27 00:46:00	2022-12-27 00:54:00	2022-12-27 01:00:00	M2.0		POINT(-63 18)	18	-63	-828.0	325.0
223960	2022-12-27 02:39:00	2022-12-27 02:47:00	2022-12-27 02:54:00	C4.8		POINT(-61 18)	18	-61	-822.0	324.0
223970	2022-12-27 03:15:00	2022-12-27 03:20:00	2022-12-27 03:26:00	C6.2		POINT(43 23)	23	43	612.0	381.0
223980	2022-12-27 04:19:00	2022-12-27 04:28:00	2022-12-27 04:42:00	C3.4		POINT(-61 18)	18	-61	-815.0	322.0
223990	2022-12-27 04:42:00	2022-12-27 04:45:00	2022-12-27 04:49:00	C3.1		POINT(43 23)	23	43	650.0	395.0
224000	2022-12-27 05:18:00	2022-12-27 05:25:00	2022-12-27 05:30:00	C2.5		POINT(-60 18)	18	-60	-803.0	327.0
224010	2022-12-27 07:06:00	2022-12-27 07:12:00	2022-12-27 07:25:00	C4.5		POINT(-89 -17)	-17	-89	-939.0	-304.0
224020	2022-12-27 08:02:00	2022-12-27 08:15:00	2022-12-27 08:35:00	M1.1		POINT(-60 17)	17	-60	-806.0	320.0
224030	2022-12-27 09:11:00	2022-12-27 09:21:00	2022-12-27 09:33:00	C4.2		POINT(43 23)	23	43	612.0	381.0
224040	2022-12-27 12:45:00	2022-12-27 12:56:00	2022-12-27 13:01:00	C3.3		POINT(-89 -18)	-18	-89	-938.0	-315.0
224050	2022-12-27 16:09:00	2022-12-27 16:23:00	2022-12-27 17:09:00	M1.2		POINT(49 20)	20	49	679.0	368.0
224060	2022-12-27 17:12:00	2022-12-27 17:30:00	2022-12-27 17:56:00	C4.7		POINT(50 19)	19	50	706.0	317.0
224070	2022-12-27 19:34:00	2022-12-27 19:59:00	2022-12-27 20:07:00	C3.0		POINT(-89 -20)	-20	-89	-981.0	-361.0
224080	2022-12-27 20:34:00	2022-12-27 20:37:00	2022-12-27 20:42:00	C3.9		POINT(-89 -19)	-19	-89	-920.0	-331.0
224090	2022-12-27 21:44:00	2022-12-27 21:48:00	2022-12-27 21:52:00	C2.7		POINT(-50 17)	17	-50	-720.0	321.0
224100	2022-12-28 02:11:00	2022-12-28 02:37:00	2022-12-28 02:41:00	C5.0		POINT(-88 19)	19	-88	-936.0	327.0
224110	2022-12-28 08:44:00	2022-12-28 08:51:00	2022-12-28 08:57:00	C1.7		POINT(58 22)	22	58	774.0	386.0
224120	2022-12-28 14:09:00	2022-12-28 14:16:00	2022-12-28 14:21:00	C1.8		POINT(59 22)	22	59	777.0	398.0
224130	2022-12-28 14:40:00	2022-12-28 14:43:00	2022-12-28 14:48:00	C1.6		POINT(59 22)	22	59	779.0	398.0
224140	2022-12-28 16:49:00	2022-12-28 16:57:00	2022-12-28 17:04:00	C2.2		POINT(65 22)	22	65	821.0	384.0
224150	2022-12-28 20:05:00	2022-12-28 20:11:00	2022-12-28 20:15:00	C2.1		POINT(-74 -20)	-20	-74	-878.0	-332.0
224160	2022-12-29 06:32:00	2022-12-29 07:27:00	2022-12-29 08:08:00	M1.2		POINT(-88 17)	17	-88	-941.0	296.0
224170	2022-12-29 10:27:00	2022-12-29 10:37:00	2022-12-29 10:48:00	C2.6		POINT(77 25)	25	77	858.0	429.0
224180	2022-12-29 11:03:00	2022-12-29 11:14:00	2022-12-29 11:31:00	C3.9		POINT(-88 19)	19	-88	-926.0	336.0
224190	2022-12-29 14:03:00	2022-12-29 14:11:00	2022-12-29 14:21:00	C2.8		POINT(28 -37)	-37	28	368.0	-565.0
224200	2022-12-29 18:26:00	2022-12-29 18:33:00	2022-12-29 18:43:00	M2.4		POINT(-88 20)	20	-88	-920.0	337.0
224210	2022-12-29 21:07:00	2022-12-29 21:21:00	2022-12-29 21:31:00	C2.8		POINT(31 -35)	-35	31	421.0	-534.0
224220	2022-12-30 00:13:00	2022-12-30 00:23:00	2022-12-30 00:34:00	C2.1		POINT(-88 17)	17	-88	-948.0	300.0
224230	2022-12-30 00:34:00	2022-12-30 00:39:00	2022-12-30 00:43:00	C2.2		POINT(73 -3)	-3	73	935.0	-43.0
224240	2022-12-30 04:01:00	2022-12-30 04:11:00	2022-12-30 04:24:00	C1.9		POINT(-79 15)	15	-79	-933.0	299.0
224250	2022-12-30 04:52:00	2022-12-30 05:01:00	2022-12-30 05:08:00	C2.3		POINT(-78 18)	18	-78	-905.0	323.0
224260	2022-12-30 05:08:00	2022-12-30 05:13:00	2022-12-30 05:18:00	C2.7		POINT(88 22)	22	88	902.0	379.0
224270	2022-12-30 07:25:00	2022-12-30 07:36:00	2022-12-30 07:42:00	C3.9		POINT(87 20)	20	87	913.0	340.0
224280	2022-12-30 07:42:00	2022-12-30 07:52:00	2022-12-30 07:58:00	C5.5		POINT(-88 17)	17	-88	-932.0	301.0
224290	2022-12-30 09:01:00	2022-12-30 09:08:00	2022-12-30 09:13:00	C5.3		POINT(88 21)	21	88	909.0	354.0
224300	2022-12-30 11:03:00	2022-12-30 11:14:00	2022-12-30 11:23:00	C9.6		POINT(-88 19)	19	-88	-924.0	324.0
224310	2022-12-30 13:44:00	2022-12-30 13:53:00	2022-12-30 13:59:00	C3.1		POINT(-9 18)	18	-9	-151.0	351.0
224320	2022-12-30 14:00:00	2022-12-30 14:07:00	2022-12-30 14:15:00	C4.5		POINT(-77 20)	20	-77	-891.0	357.0
224330	2022-12-30 15:24:00	2022-12-30 15:28:00	2022-12-30 15:32:00	M1.4		POINT(-9 20)	20	-9	-138.0	356.0
224340	2022-12-30 16:38:00	2022-12-30 16:52:00	2022-12-30 17:12:00	C3.1		POINT(-78 18)	18	-78	-918.0	308.0
224350	2022-12-30 19:06:00	2022-12-30 19:10:00	2022-12-30 19:14:00	C4.0		POINT(-9 20)	20	-9	-146.0	390.0
224360	2022-12-30 19:26:00	2022-12-30 19:38:00	2022-12-30 19:47:00	M3.7		POINT(-9 20)	20	-9	-123.0	389.0
224370	2022-12-30 21:30:00	2022-12-30 21:35:00	2022-12-30 21:43:00	C2.6		POINT(-44 27)	27	-44	-610.0	478.0
224380	2022-12-31 01:28:00	2022-12-31 01:33:00	2022-12-31 01:37:00	C1.7		POINT(-2 18)	18	-2	-36.0	360.0
224390	2022-12-31 02:27:00	2022-12-31 02:48:00	2022-12-31 03:06:00	C7.9		POINT(-73 17)	17	-73	-891.0	310.0
224400	2022-12-31 11:24:00	2022-12-31 11:34:00	2022-12-31 11:42:00	C4.9		POINT(-61 22)	22	-61	-819.0	365.0
224410	2022-12-31 16:16:00	2022-12-31 16:28:00	2022-12-31 16:53:00	C2.2		POINT(4 21)	21	4	63.0	349.0
224420	2022-12-31 17:17:00	2022-12-31 17:25:00	2022-12-31 17:35:00	C2.0		POINT(88 21)	21	88	916.0	355.0
224430	2022-12-31 17:43:00	2022-12-31 17:49:00	2022-12-31 17:53:00	C2.0		POINT(-65 20)	20	-65	-833.0	366.0
224440	2022-12-31 20:52:00	2022-12-31 20:55:00	2022-12-31 20:59:00	C3.5		POINT(-36 -14)	-14	-36	-557.0	-211.0
224450	2022-12-31 21:17:00	2022-12-31 21:32:00	2022-12-31 21:38:00	C2.4		POINT(37 14)	14	37	573.0	287.0
224460	2022-12-31 21:37:00	2022-12-31 21:48:00	2022-12-31 22:02:00	C9.1		POINT(-58 21)	21	-58	-780.0	366.0
224470	2022-12-31 23:47:00	2022-12-31 23:55:00	2023-01-01 00:03:00	C1.6		POINT(-8 18)	18	-8	-129.0	301.0
224480	2023-01-01 00:31:00	2023-01-01 00:35:00	2023-01-01 00:41:00	C1.6		POINT(2 19)	19	2	26.0	363.0
224490	2023-01-01 02:04:00	2023-01-01 02:28:00	2023-01-01 02:41:00	C3.7		POINT(2 19)	19	2	143.0	410.0
224500	2023-01-01 06:56:00	2023-01-01 07:02:00	2023-01-01 07:06:00	C1.7		POINT(-54 22)	22	-54	-756.0	383.0
224510	2023-01-01 07:35:00	2023-01-01 07:44:00	2023-01-01 07:50:00	C1.9		POINT(-52 21)	21	-52	-719.0	371.0
224520	2023-01-01 14:16:00	2023-01-01 14:30:00	2023-01-01 14:35:00	C1.7		POINT(-25 -16)	-16	-25	-431.0	-243.0
224530	2023-01-01 17:43:00	2023-01-01 17:52:00	2023-01-01 18:09:00	C1.8		POINT(-50 19)	19	-50	-711.0	357.0
224540	2023-01-01 19:31:00	2023-01-01 19:35:00	2023-01-01 19:43:00	C1.1		POINT(-49 22)	22	-49	-689.0	399.0
224550	2023-01-01 22:09:00	2023-01-01 22:16:00	2023-01-01 22:26:00	C1.1		POINT(-46 20)	20	-46	-664.0	371.0
224560	2023-01-01 22:52:00	2023-01-01 23:16:00	2023-01-01 23:26:00	C3.1		POINT(23 21)	21	23	355.0	349.0
224570	2023-01-02 05:22:00	2023-01-02 05:29:00	2023-01-02 05:37:00	C1.6		POINT(-40 20)	20	-40	-608.0	374.0
224580	2023-01-02 06:09:00	2023-01-02 06:21:00	2023-01-02 06:26:00	C9.4		POINT(28 20)	20	28	430.0	333.0
224590	2023-01-02 09:44:00	2023-01-02 09:56:00	2023-01-02 10:07:00	C2.8		POINT(-37 20)	20	-37	-576.0	378.0
224600	2023-01-02 11:30:00	2023-01-02 11:39:00	2023-01-02 11:41:00	C2.3		POINT(-42 21)	21	-42	-619.0	373.0
224610	2023-01-02 11:41:00	2023-01-02 11:52:00	2023-01-02 12:08:00	C3.0		POINT(-39 19)	19	-39	-591.0	363.0
224620	2023-01-02 16:02:00	2023-01-02 16:08:00	2023-01-02 16:14:00	C1.1		POINT(-35 20)	20	-35	-528.0	378.0
224630	2023-01-02 21:37:00	2023-01-02 21:43:00	2023-01-02 21:47:00	C1.8		POINT(-32 20)	20	-32	-501.0	374.0
224640	2023-01-02 22:10:00	2023-01-02 22:16:00	2023-01-02 22:20:00	C2.0		POINT(-31 20)	20	-31	-495.0	375.0
224650	2023-01-02 22:57:00	2023-01-02 23:11:00	2023-01-02 23:32:00	C3.2		POINT(-33 18)	18	-33	-522.0	365.0
224660	2023-01-03 01:03:00	2023-01-03 01:10:00	2023-01-03 01:18:00	C1.1		POINT(35 22)	22	35	519.0	365.0
224670	2023-01-03 04:51:00	2023-01-03 04:58:00	2023-01-03 05:02:00	C2.7		POINT(0 -17)	-17	0	-3.0	-235.0
224680	2023-01-03 06:20:00	2023-01-03 06:46:00	2023-01-03 07:05:00	C3.2		POINT(-89 -12)	-12	-89	-964.0	-221.0
224690	2023-01-03 07:42:00	2023-01-03 10:36:00	2023-01-03 12:33:00	C4.0		POINT(-89 -17)	-17	-89	-947.0	-293.0
224700	2023-01-03 23:43:00	2023-01-04 00:00:00	2023-01-04 00:56:00	C2.3		POINT(-89 -15)	-15	-89	-954.0	-263.0
224710	2023-01-04 07:18:00	2023-01-04 07:31:00	2023-01-04 07:52:00	C2.7		POINT(-88 -21)	-21	-88	-920.0	-368.0
224720	2023-01-04 16:26:00	2023-01-04 16:34:00	2023-01-04 16:39:00	C2.6		POINT(-88 -22)	-22	-88	-914.0	-373.0
224730	2023-01-04 18:14:00	2023-01-04 18:29:00	2023-01-04 18:34:00	C5.2		POINT(13 -19)	-19	13	200.0	-230.0
224740	2023-01-05 02:42:00	2023-01-05 02:49:00	2023-01-05 02:57:00	C2.6		POINT(-88 -21)	-21	-88	-918.0	-359.0
224750	2023-01-05 03:43:00	2023-01-05 03:52:00	2023-01-05 04:00:00	C2.2		POINT(-89 -20)	-20	-89	-926.0	-338.0
224760	2023-01-05 05:06:00	2023-01-05 05:13:00	2023-01-05 05:21:00	C2.6		POINT(-89 -19)	-19	-89	-923.0	-332.0
224770	2023-01-05 07:42:00	2023-01-05 09:14:00	2023-01-05 09:48:00	C6.8		POINT(-89 -19)	-19	-89	-942.0	-330.0
224780	2023-01-05 19:06:00	2023-01-05 19:15:00	2023-01-05 19:25:00	C1.7		POINT(-85 -24)	-24	-85	-939.0	-243.0
224790	2023-01-05 22:11:00	2023-01-05 22:22:00	2023-01-05 22:32:00	C2.1		POINT(-22 -24)	-24	-22	-362.0	-318.0
224800	2023-01-05 22:47:00	2023-01-05 22:57:00	2023-01-05 23:06:00	C2.4		POINT(7 -18)	-18	7	143.0	-242.0
224810	2023-01-06 00:43:00	2023-01-06 00:57:00	2023-01-06 01:07:00	X1.2		POINT(-68 -18)	-18	-68	-860.0	-301.0
224820	2023-01-06 03:24:00	2023-01-06 03:34:00	2023-01-06 03:44:00	C3.5		POINT(7 -18)	-18	7	183.0	-239.0
224830	2023-01-06 03:56:00	2023-01-06 04:02:00	2023-01-06 04:12:00	C1.8		POINT(-78 -22)	-22	-78	-884.0	-359.0
224840	2023-01-06 11:58:00	2023-01-06 12:05:00	2023-01-06 12:20:00	C1.5		POINT(-65 -19)	-19	-65	-842.0	-294.0
224850	2023-01-06 12:23:00	2023-01-06 12:26:00	2023-01-06 12:33:00	C1.8		POINT(13 -18)	-18	13	211.0	-239.0
224860	2023-01-06 14:50:00	2023-01-06 14:55:00	2023-01-06 15:01:00	C1.7		POINT(-63 -17)	-17	-63	-830.0	-290.0
224870	2023-01-06 15:51:00	2023-01-06 15:59:00	2023-01-06 16:12:00	C1.8		POINT(15 -17)	-17	15	242.0	-243.0
224880	2023-01-06 18:43:00	2023-01-06 18:53:00	2023-01-06 18:58:00	C6.2		POINT(16 -16)	-16	16	278.0	-234.0
224890	2023-01-06 20:21:00	2023-01-06 20:27:00	2023-01-06 20:31:00	C5.0		POINT(18 -16)	-16	18	290.0	-236.0
224900	2023-01-06 23:14:00	2023-01-06 23:14:00	2023-01-06 23:21:00	C2.5		POINT(-65 -19)	-19	-65	-836.0	-317.0
224910	2023-01-07 00:40:00	2023-01-07 00:52:00	2023-01-07 01:02:00	M1.6		POINT(-56 -18)	-18	-56	-769.0	-301.0
224920	2023-01-07 04:56:00	2023-01-07 05:01:00	2023-01-07 05:06:00	C2.3		POINT(-59 -15)	-15	-59	-813.0	-235.0
224930	2023-01-07 08:54:00	2023-01-07 09:05:00	2023-01-07 09:28:00	C2.2		POINT(88 17)	17	88	937.0	288.0
224940	2023-01-07 09:28:00	2023-01-07 09:32:00	2023-01-07 09:40:00	C2.0		POINT(-63 -17)	-17	-63	-834.0	-258.0
224950	2023-01-07 11:06:00	2023-01-07 11:09:00	2023-01-07 11:13:00	C6.9		POINT(-59 -18)	-18	-59	-798.0	-280.0
224960	2023-01-07 16:29:00	2023-01-07 16:54:00	2023-01-07 17:08:00	C8.7		POINT(-56 -17)	-17	-56	-773.0	-285.0
224970	2023-01-07 18:13:00	2023-01-07 18:25:00	2023-01-07 18:31:00	C4.5		POINT(-55 -18)	-18	-55	-760.0	-301.0
224980	2023-01-07 18:31:00	2023-01-07 18:34:00	2023-01-07 18:38:00	C5.1		POINT(-54 -18)	-18	-54	-750.0	-301.0
224990	2023-01-07 20:44:00	2023-01-07 20:51:00	2023-01-07 20:52:00	C3.1		POINT(-55 -15)	-15	-55	-772.0	-252.0
225000	2023-01-07 20:52:00	2023-01-07 21:05:00	2023-01-07 21:12:00	C4.7		POINT(-55 -17)	-17	-55	-764.0	-285.0
225010	2023-01-07 22:01:00	2023-01-07 22:05:00	2023-01-07 22:19:00	C4.9		POINT(-52 -16)	-16	-52	-748.0	-240.0
225020	2023-01-07 22:30:00	2023-01-07 22:38:00	2023-01-07 22:47:00	C3.6		POINT(-52 -17)	-17	-52	-746.0	-260.0
225030	2023-01-07 23:21:00	2023-01-07 23:30:00	2023-01-07 23:59:00	C4.3		POINT(-52 -17)	-17	-52	-744.0	-272.0
225040	2023-01-07 23:43:00	2023-01-07 23:52:00	2023-01-08 00:04:00	C3.8		POINT(-52 -17)	-17	-52	-735.0	-235.0
225050	2023-01-08 02:20:00	2023-01-08 02:29:00	2023-01-08 02:41:00	C4.3		POINT(-52 -19)	-19	-52	-729.0	-288.0
225060	2023-01-08 02:52:00	2023-01-08 03:08:00	2023-01-08 03:17:00	C6.3		POINT(-55 -21)	-21	-55	-747.0	-329.0
225070	2023-01-08 03:17:00	2023-01-08 03:31:00	2023-01-08 03:37:00	C7.0		POINT(-51 -17)	-17	-51	-728.0	-258.0
225080	2023-01-08 03:37:00	2023-01-08 03:44:00	2023-01-08 03:49:00	C9.3		POINT(-50 -18)	-18	-50	-715.0	-272.0
225090	2023-01-08 04:37:00	2023-01-08 04:55:00	2023-01-08 05:21:00	C8.0		POINT(-89 -11)	-11	-89	-971.0	-201.0
225100	2023-01-08 06:58:00	2023-01-08 07:05:00	2023-01-08 07:11:00	C5.0		POINT(-47 -17)	-17	-47	-690.0	-229.0
225110	2023-01-08 07:11:00	2023-01-08 07:24:00	2023-01-08 07:35:00	C6.3		POINT(-48 -17)	-17	-48	-701.0	-260.0
225120	2023-01-08 08:39:00	2023-01-08 08:54:00	2023-01-08 09:06:00	M1.2		POINT(-89 -14)	-14	-89	-956.0	-252.0
225130	2023-01-08 09:15:00	2023-01-08 09:48:00	2023-01-08 10:14:00	M1.4		POINT(-89 -16)	-16	-89	-958.0	-284.0
225140	2023-01-08 11:54:00	2023-01-08 12:03:00	2023-01-08 12:20:00	C5.3		POINT(-40 -17)	-17	-40	-660.0	-233.0
225150	2023-01-08 12:22:00	2023-01-08 12:38:00	2023-01-08 13:03:00	C6.1		POINT(-89 -14)	-14	-89	-959.0	-249.0
225160	2023-01-08 14:26:00	2023-01-08 14:36:00	2023-01-08 14:47:00	C5.4		POINT(-89 -10)	-10	-89	-974.0	-173.0
225170	2023-01-08 14:51:00	2023-01-08 15:07:00	2023-01-08 15:21:00	M1.4		POINT(-89 -14)	-14	-89	-957.0	-243.0
225180	2023-01-08 18:44:00	2023-01-08 18:57:00	2023-01-08 19:02:00	C9.7		POINT(-89 -13)	-13	-89	-954.0	-228.0
225190	2023-01-08 19:02:00	2023-01-08 19:11:00	2023-01-08 19:19:00	M1.0		POINT(-86 -15)	-15	-86	-957.0	-248.0
225200	2023-01-08 21:36:00	2023-01-08 21:41:00	2023-01-08 21:46:00	C3.1		POINT(-27 -15)	-15	-27	-431.0	-211.0
225210	2023-01-08 22:37:00	2023-01-08 22:44:00	2023-01-08 22:53:00	C2.0		POINT(-89 -13)	-13	-89	-950.0	-225.0
225220	2023-01-09 00:28:00	2023-01-09 00:43:00	2023-01-09 00:51:00	C5.2		POINT(-39 -21)	-21	-39	-570.0	-292.0
225230	2023-01-09 00:51:00	2023-01-09 01:02:00	2023-01-09 01:19:00	M1.1		POINT(-89 -13)	-13	-89	-948.0	-227.0
225240	2023-01-09 01:54:00	2023-01-09 02:00:00	2023-01-09 02:02:00	C4.4		POINT(-82 -16)	-16	-82	-929.0	-254.0
225250	2023-01-09 02:02:00	2023-01-09 02:07:00	2023-01-09 02:11:00	C5.7		POINT(22 -16)	-16	22	362.0	-211.0
225260	2023-01-09 04:46:00	2023-01-09 04:51:00	2023-01-09 04:55:00	C4.8		POINT(-82 -16)	-16	-82	-922.0	-262.0
225270	2023-01-09 05:45:00	2023-01-09 05:53:00	2023-01-09 06:00:00	C3.0		POINT(-82 -13)	-13	-82	-942.0	-213.0
225280	2023-01-09 06:57:00	2023-01-09 07:05:00	2023-01-09 07:15:00	C2.9		POINT(-82 -16)	-16	-82	-941.0	-213.0
225290	2023-01-09 08:45:00	2023-01-09 09:01:00	2023-01-09 09:16:00	M2.1		POINT(26 -16)	-16	26	387.0	-241.0
225300	2023-01-09 13:15:00	2023-01-09 13:22:00	2023-01-09 13:31:00	M1.0		POINT(25 -18)	-18	25	396.0	-259.0
225310	2023-01-09 14:48:00	2023-01-09 15:05:00	2023-01-09 15:14:00	C7.8		POINT(-74 -15)	-15	-74	-906.0	-252.0
225320	2023-01-09 15:43:00	2023-01-09 15:46:00	2023-01-09 15:56:00	C5.1		POINT(-75 -13)	-13	-75	-918.0	-219.0
225330	2023-01-09 16:29:00	2023-01-09 16:45:00	2023-01-09 17:36:00	C4.6		POINT(26 -16)	-16	26	411.0	-268.0
225340	2023-01-09 18:12:00	2023-01-09 18:50:00	2023-01-09 18:57:00	X1.9		POINT(-72 -14)	-14	-72	-900.0	-236.0
225350	2023-01-09 20:25:00	2023-01-09 20:52:00	2023-01-09 21:17:00	C5.9		POINT(-79 24)	24	-79	-875.0	396.0
225360	2023-01-09 22:02:00	2023-01-09 22:08:00	2023-01-09 22:23:00	C4.1		POINT(-80 24)	24	-80	-878.0	404.0
225370	2023-01-09 22:27:00	2023-01-09 22:34:00	2023-01-09 22:41:00	C4.3		POINT(-83 24)	24	-83	-879.0	413.0
225380	2023-01-09 22:44:00	2023-01-09 22:58:00	2023-01-09 23:22:00	C6.7		POINT(-23 -17)	-17	-23	-364.0	-285.0
225390	2023-01-10 00:09:00	2023-01-10 00:16:00	2023-01-10 00:22:00	M5.1		POINT(-80 25)	25	-80	-876.0	407.0
225400	2023-01-10 00:47:00	2023-01-10 00:51:00	2023-01-10 01:10:00	C6.3		POINT(35 -16)	-16	35	542.0	-224.0
225410	2023-01-10 02:08:00	2023-01-10 02:16:00	2023-01-10 02:24:00	M1.0		POINT(-75 -16)	-16	-75	-886.0	-184.0
225420	2023-01-10 02:33:00	2023-01-10 02:41:00	2023-01-10 02:54:00	M2.6		POINT(26 -16)	-16	26	513.0	-251.0
225430	2023-01-10 03:37:00	2023-01-10 03:43:00	2023-01-10 03:49:00	C5.4		POINT(-77 25)	25	-77	-866.0	410.0
225440	2023-01-10 05:12:00	2023-01-10 05:17:00	2023-01-10 05:25:00	C2.5		POINT(-77 25)	25	-77	-853.0	411.0
225450	2023-01-10 05:54:00	2023-01-10 05:58:00	2023-01-10 06:04:00	C3.8		POINT(-75 -16)	-16	-75	-874.0	-179.0
225460	2023-01-10 08:04:00	2023-01-10 08:16:00	2023-01-10 08:22:00	C5.3		POINT(-77 -25)	-25	-77	-861.0	-412.0
225470	2023-01-10 08:54:00	2023-01-10 09:06:00	2023-01-10 09:21:00	C8.8		POINT(-72 23)	23	-72	-852.0	407.0
225480	2023-01-10 10:59:00	2023-01-10 11:08:00	2023-01-10 11:12:00	M1.0		POINT(-63 -13)	-13	-63	-848.0	-189.0
225490	2023-01-10 12:10:00	2023-01-10 12:17:00	2023-01-10 12:21:00	C8.5		POINT(-88 -24)	-24	-88	-897.0	-409.0
225500	2023-01-10 12:41:00	2023-01-10 12:45:00	2023-01-10 12:49:00	C5.3		POINT(6 18)	18	6	98.0	376.0
225510	2023-01-10 12:58:00	2023-01-10 13:02:00	2023-01-10 13:17:00	C5.1		POINT(-61 -12)	-12	-61	-840.0	-176.0
225520	2023-01-10 13:49:00	2023-01-10 13:59:00	2023-01-10 14:05:00	C6.8		POINT(-61 -13)	-13	-61	-833.0	-191.0
225530	2023-01-10 14:44:00	2023-01-10 14:47:00	2023-01-10 14:53:00	C8.7		POINT(-72 25)	25	-72	-842.0	434.0
225540	2023-01-10 16:02:00	2023-01-10 16:13:00	2023-01-10 16:26:00	C7.3		POINT(-87 27)	27	-87	-860.0	458.0
225550	2023-01-10 17:17:00	2023-01-10 17:28:00	2023-01-10 17:34:00	M1.3		POINT(-66 22)	22	-66	-828.0	397.0
225560	2023-01-10 17:44:00	2023-01-10 17:48:00	2023-01-10 17:52:00	M1.2		POINT(-59 -13)	-13	-59	-817.0	-195.0
225570	2023-01-10 19:31:00	2023-01-10 19:38:00	2023-01-10 19:43:00	C3.3		POINT(-12 -16)	-16	-12	-208.0	-215.0
225580	2023-01-10 20:09:00	2023-01-10 20:18:00	2023-01-10 20:26:00	C2.8		POINT(-67 -12)	-12	-67	-882.0	-187.0
225590	2023-01-10 22:39:00	2023-01-10 22:47:00	2023-01-10 22:52:00	X1.0		POINT(-66 25)	25	-66	-803.0	401.0
225600	2023-01-10 23:45:00	2023-01-10 23:57:00	2023-01-11 00:07:00	C5.2		POINT(-66 25)	25	-66	-807.0	412.0
225610	2023-01-11 00:39:00	2023-01-11 00:59:00	2023-01-11 01:10:00	M2.4		POINT(-66 25)	25	-66	-805.0	448.0
225620	2023-01-11 01:11:00	2023-01-11 01:21:00	2023-01-11 01:52:00	M5.6		POINT(-75 -16)	-16	-75	-906.0	-268.0
225630	2023-01-11 03:13:00	2023-01-11 03:50:00	2023-01-11 03:59:00	C6.8		POINT(-21 -16)	-16	-21	-336.0	-268.0
225640	2023-01-11 05:12:00	2023-01-11 05:18:00	2023-01-11 05:25:00	C3.8		POINT(-66 25)	25	-66	-779.0	399.0
225650	2023-01-11 05:26:00	2023-01-11 06:01:00	2023-01-11 06:05:00	M1.3		POINT(26 -16)	-16	26	411.0	-268.0
225660	2023-01-11 08:25:00	2023-01-11 08:33:00	2023-01-11 08:37:00	M3.1		POINT(-66 25)	25	-66	-807.0	412.0
225670	2023-01-11 10:32:00	2023-01-11 10:40:00	2023-01-11 10:47:00	C3.3		POINT(-4 -16)	-16	-4	-73.0	-218.0
225680	2023-01-11 15:26:00	2023-01-11 15:31:00	2023-01-11 15:35:00	C4.6		POINT(53 -18)	-18	53	747.0	-273.0
225690	2023-01-11 20:47:00	2023-01-11 21:00:00	2023-01-11 21:10:00	C8.0		POINT(-48 -14)	-14	-48	-727.0	-245.0
225700	2023-01-12 03:35:00	2023-01-12 03:42:00	2023-01-12 03:46:00	C7.2		POINT(59 -17)	-17	59	837.0	-258.0
225710	2023-01-12 05:53:00	2023-01-12 06:18:00	2023-01-12 06:33:00	M1.5		POINT(-47 22)	22	-47	-672.0	413.0
225720	2023-01-12 07:46:00	2023-01-12 07:53:00	2023-01-12 07:58:00	C6.8		POINT(-75 -16)	-16	-75	-905.0	-268.0
225730	2023-01-12 08:06:00	2023-01-12 08:10:00	2023-01-12 08:16:00	C5.9		POINT(-75 -16)	-16	-75	-905.0	-268.0
225740	2023-01-12 10:00:00	2023-01-12 10:06:00	2023-01-12 10:11:00	C6.4		POINT(-52 27)	27	-52	-685.0	442.0
225750	2023-01-12 11:08:00	2023-01-12 11:28:00	2023-01-12 11:46:00	M1.2		POINT(69 -14)	-14	69	929.0	-204.0
225760	2023-01-12 13:44:00	2023-01-12 13:51:00	2023-01-12 13:58:00	C4.8		POINT(71 -14)	-14	71	897.0	-206.0
225770	2023-01-12 14:39:00	2023-01-12 14:57:00	2023-01-12 15:10:00	M1.0		POINT(10 -17)	-17	10	176.0	-225.0
225780	2023-01-12 15:16:00	2023-01-12 15:53:00	2023-01-12 16:17:00	C5.1		POINT(10 -18)	-18	10	165.0	-249.0
225790	2023-01-12 18:23:00	2023-01-12 18:26:00	2023-01-12 18:45:00	C5.7		POINT(14 -18)	-18	14	209.0	-223.0
225800	2023-01-12 19:03:00	2023-01-12 19:13:00	2023-01-12 19:24:00	M1.0		POINT(14 -17)	-17	14	229.0	-225.0
225810	2023-01-12 20:24:00	2023-01-12 20:32:00	2023-01-12 20:38:00	C7.3		POINT(-41 23)	23	-41	-592.0	437.0
225820	2023-01-12 20:50:00	2023-01-12 21:03:00	2023-01-12 21:13:00	C8.5		POINT(-39 22)	22	-39	-572.0	431.0
225830	2023-01-12 22:14:00	2023-01-12 22:24:00	2023-01-12 22:33:00	C6.7		POINT(12 -22)	-22	12	189.0	-300.0
225840	2023-01-12 22:33:00	2023-01-12 22:42:00	2023-01-12 22:46:00	C5.7		POINT(-89 -14)	-14	-89	-947.0	-246.0
225850	2023-01-13 02:53:00	2023-01-13 02:59:00	2023-01-13 03:03:00	M1.4		POINT(-38 23)	23	-38	-558.0	439.0
225860	2023-01-13 08:02:00	2023-01-13 08:10:00	2023-01-13 08:14:00	C6.5		POINT(-32 24)	24	-32	-509.0	440.0
225870	2023-01-13 09:03:00	2023-01-13 09:14:00	2023-01-13 09:25:00	C4.5		POINT(22 -18)	-18	22	315.0	-249.0
225880	2023-01-13 10:05:00	2023-01-13 10:15:00	2023-01-13 10:19:00	M3.9		POINT(84 -19)	-19	84	948.0	-192.0
225890	2023-01-13 14:55:00	2023-01-13 15:08:00	2023-01-13 15:26:00	C8.4		POINT(-75 -11)	-11	-75	-925.0	-186.0
225900	2023-01-13 16:47:00	2023-01-13 16:59:00	2023-01-13 18:48:00	C9.0		POINT(27 -17)	-17	27	441.0	-206.0
225910	2023-01-13 17:26:00	2023-01-13 17:35:00	2023-01-13 17:39:00	C6.1		POINT(-72 11)	11	-72	-913.0	215.0
225920	2023-01-13 20:41:00	2023-01-13 20:51:00	2023-01-13 20:58:00	C5.0		POINT(-87 21)	21	-87	-917.0	371.0
225930	2023-01-13 21:25:00	2023-01-13 21:35:00	2023-01-13 21:56:00	C5.9		POINT(-26 -10)	-10	-26	-423.0	-142.0
225940	2023-01-14 01:29:00	2023-01-14 02:09:00	2023-01-14 02:30:00	M1.3		POINT(-75 13)	13	-75	-896.0	265.0
225950	2023-01-14 10:57:00	2023-01-14 11:06:00	2023-01-14 11:13:00	C7.0		POINT(38 -16)	-16	38	582.0	-215.0
225960	2023-01-14 13:43:00	2023-01-14 13:50:00	2023-01-14 13:55:00	C5.0		POINT(39 -16)	-16	39	603.0	-218.0
225970	2023-01-14 14:34:00	2023-01-14 14:39:00	2023-01-14 14:45:00	C5.7		POINT(38 -16)	-16	38	606.0	-220.0
225980	2023-01-14 15:29:00	2023-01-14 15:33:00	2023-01-14 15:38:00	C5.5		POINT(41 -16)	-16	41	617.0	-230.0
225990	2023-01-14 19:26:00	2023-01-14 19:27:00	2023-01-14 19:29:00	C7.4		POINT(45 -15)	-15	45	666.0	-212.0
226000	2023-01-14 20:06:00	2023-01-14 20:21:00	2023-01-14 20:28:00	M3.5		POINT(42 -17)	-17	42	634.0	-236.0
226010	2023-01-14 20:37:00	2023-01-14 21:00:00	2023-01-14 21:19:00	M4.6		POINT(43 -15)	-15	43	654.0	-206.0
226020	2023-01-15 02:58:00	2023-01-15 03:18:00	2023-01-15 03:31:00	M6.0		POINT(-32 -23)	-23	-32	-475.0	-381.0
226030	2023-01-15 12:07:00	2023-01-15 12:11:00	2023-01-15 12:16:00	C8.3		POINT(-43 12)	12	-43	-701.0	243.0
226040	2023-01-15 14:16:00	2023-01-15 14:31:00	2023-01-15 14:51:00	M4.8		POINT(-54 -15)	-15	-54	-812.0	-234.0
226050	2023-01-15 19:29:00	2023-01-15 19:34:00	2023-01-15 19:39:00	C4.1		POINT(62 -13)	-13	62	844.0	-189.0
226060	2023-01-15 21:20:00	2023-01-15 21:26:00	2023-01-15 21:30:00	C4.8		POINT(-50 -15)	-15	-50	-729.0	-207.0
226070	2023-01-16 04:32:00	2023-01-16 04:42:00	2023-01-16 04:58:00	C4.6		POINT(-48 -14)	-14	-48	-631.0	-240.0
226080	2023-01-16 05:09:00	2023-01-16 05:18:00	2023-01-16 05:26:00	C5.0		POINT(64 -15)	-15	64	851.0	-222.0
226090	2023-01-16 09:06:00	2023-01-16 09:18:00	2023-01-16 10:01:00	C8.7		POINT(-57 12)	12	-57	-800.0	202.0
226100	2023-01-16 11:36:00	2023-01-16 11:44:00	2023-01-16 12:02:00	C3.1		POINT(-24 20)	20	-24	-381.0	414.0
226110	2023-01-16 14:24:00	2023-01-16 14:31:00	2023-01-16 14:43:00	C3.6		POINT(-23 21)	21	-23	-356.0	420.0
226120	2023-01-17 00:02:00	2023-01-17 00:13:00	2023-01-17 00:26:00	C9.4		POINT(-36 20)	20	-36	-632.0	425.0
226130	2023-01-17 01:13:00	2023-01-17 01:23:00	2023-01-17 01:31:00	C4.3		POINT(-35 -14)	-14	-35	-611.0	-271.0
226140	2023-01-17 04:16:00	2023-01-17 04:23:00	2023-01-17 04:27:00	C2.9		POINT(-75 -16)	-16	-75	-905.0	-268.0
226150	2023-01-17 05:15:00	2023-01-17 05:25:00	2023-01-17 05:34:00	C3.3		POINT(87 21)	21	87	914.0	362.0
226160	2023-01-17 13:10:00	2023-01-17 13:17:00	2023-01-17 13:25:00	C2.7		POINT(-38 23)	23	-38	-554.0	443.0
226170	2023-01-17 14:58:00	2023-01-17 15:18:00	2023-01-17 15:28:00	C3.6		POINT(88 -20)	-20	88	910.0	-348.0
226180	2023-01-17 20:30:00	2023-01-17 20:36:00	2023-01-17 20:49:00	C2.2		POINT(-27 11)	11	-27	-443.0	267.0
226190	2023-01-17 22:29:00	2023-01-17 22:35:00	2023-01-17 22:40:00	C3.2		POINT(2 -24)	-24	2	45.0	-332.0
226200	2023-01-17 23:16:00	2023-01-17 23:29:00	2023-01-17 23:44:00	M1.8		POINT(-24 -17)	-17	-24	-393.0	-225.0
226210	2023-01-18 01:35:00	2023-01-18 01:42:00	2023-01-18 01:47:00	C4.1		POINT(-59 11)	11	-59	-821.0	238.0
226220	2023-01-18 04:58:00	2023-01-18 05:19:00	2023-01-18 05:29:00	C7.9		POINT(-26 -17)	-17	-26	-408.0	-285.0
226230	2023-01-18 10:21:00	2023-01-18 10:35:00	2023-01-18 10:52:00	M1.8		POINT(-20 -16)	-16	-20	-331.0	-197.0
226240	2023-01-18 13:58:00	2023-01-18 14:07:00	2023-01-18 14:11:00	C3.3		POINT(-51 11)	11	-51	-744.0	245.0
226250	2023-01-18 14:34:00	2023-01-18 14:40:00	2023-01-18 14:46:00	C5.9		POINT(36 22)	22	36	531.0	365.0
226260	2023-01-18 15:23:00	2023-01-18 15:31:00	2023-01-18 15:38:00	C3.4		POINT(-17 19)	19	-17	-281.0	368.0
226270	2023-01-18 20:37:00	2023-01-18 20:47:00	2023-01-18 20:51:00	C9.4		POINT(-13 16)	16	-13	-225.0	360.0
226280	2023-01-18 22:58:00	2023-01-18 23:06:00	2023-01-18 23:20:00	C3.6		POINT(-16 -21)	-21	-16	-249.0	-304.0
226290	2023-01-19 00:55:00	2023-01-19 00:58:00	2023-01-19 01:15:00	C3.8		POINT(-9 15)	15	-9	-162.0	331.0
226300	2023-01-19 04:00:00	2023-01-19 04:03:00	2023-01-19 04:09:00	M1.1		POINT(-43 11)	11	-43	-660.0	255.0
226310	2023-01-19 05:26:00	2023-01-19 05:37:00	2023-01-19 05:43:00	C7.2		POINT(-26 -17)	-17	-26	-408.0	-285.0
226320	2023-01-19 08:41:00	2023-01-19 08:48:00	2023-01-19 08:55:00	C2.6		POINT(-12 22)	22	-12	-189.0	443.0
226330	2023-01-19 09:41:00	2023-01-19 09:50:00	2023-01-19 09:58:00	C2.9		POINT(46 24)	24	46	645.0	460.0
226340	2023-01-19 10:06:00	2023-01-19 10:12:00	2023-01-19 10:19:00	M1.7		POINT(-40 11)	11	-40	-620.0	256.0
226350	2023-01-19 10:26:00	2023-01-19 10:27:00	2023-01-19 10:29:00	M1.0		POINT(-40 11)	11	-40	-627.0	249.0
226360	2023-01-19 10:57:00	2023-01-19 11:02:00	2023-01-19 11:06:00	C4.0		POINT(-40 11)	11	-40	-622.0	252.0
226370	2023-01-19 15:26:00	2023-01-19 15:41:00	2023-01-19 16:09:00	C5.5		POINT(-4 -17)	-17	-4	-71.0	-216.0
226380	2023-01-19 22:47:00	2023-01-19 23:05:00	2023-01-19 23:22:00	C6.2		POINT(-2 6)	6	-2	-33.0	101.0
226390	2023-01-20 01:34:00	2023-01-20 01:52:00	2023-01-20 02:07:00	C6.7		POINT(2 -17)	-17	2	35.0	-210.0
226400	2023-01-20 12:53:00	2023-01-20 12:57:00	2023-01-20 13:03:00	C4.8		POINT(9 -16)	-16	9	161.0	-199.0
226410	2023-01-20 13:47:00	2023-01-20 14:07:00	2023-01-20 14:32:00	C5.3		POINT(7 -22)	-22	7	125.0	-288.0
226420	2023-01-20 16:50:00	2023-01-20 16:59:00	2023-01-20 17:06:00	C4.0		POINT(10 17)	17	10	161.0	285.0
226430	2023-01-20 22:43:00	2023-01-20 22:47:00	2023-01-20 22:51:00	C7.3		POINT(14 10)	10	14	232.0	169.0
226440	2023-01-20 23:41:00	2023-01-20 23:46:00	2023-01-20 23:51:00	C3.0		POINT(79 -11)	-11	79	939.0	-186.0
226450	2023-01-21 01:48:00	2023-01-21 01:52:00	2023-01-21 01:58:00	C2.9		POINT(14 20)	20	14	221.0	333.0
226460	2023-01-21 02:32:00	2023-01-21 02:38:00	2023-01-21 02:44:00	C3.0		POINT(82 -11)	-11	82	947.0	-186.0
226470	2023-01-21 03:56:00	2023-01-21 04:03:00	2023-01-21 04:08:00	C3.2		POINT(82 -11)	-11	82	947.0	-179.0
226480	2023-01-21 05:31:00	2023-01-21 05:38:00	2023-01-21 05:43:00	C4.5		POINT(83 -10)	-10	83	951.0	-171.0
226490	2023-01-21 09:35:00	2023-01-21 09:44:00	2023-01-21 09:50:00	C4.6		POINT(-56 17)	17	-56	-779.0	344.0
226500	2023-01-21 11:21:00	2023-01-21 11:25:00	2023-01-21 11:29:00	C3.7		POINT(20 17)	17	20	326.0	378.0
226510	2023-01-21 16:12:00	2023-01-21 16:21:00	2023-01-21 17:16:00	C5.0		POINT(17 22)	22	17	264.0	365.0
226520	2023-01-21 20:07:00	2023-01-21 20:20:00	2023-01-21 20:34:00	C5.6		POINT(43 -27)	-27	43	601.0	-363.0
226530	2023-01-22 02:09:00	2023-01-22 02:16:00	2023-01-22 02:23:00	C7.0		POINT(28 18)	18	28	446.0	377.0
226540	2023-01-22 10:37:00	2023-01-22 10:50:00	2023-01-22 11:01:00	C8.3		POINT(30 18)	18	30	471.0	386.0
226550	2023-01-22 12:12:00	2023-01-22 12:26:00	2023-01-22 12:34:00	M1.1		POINT(50 -24)	-24	50	681.0	-357.0
226560	2023-01-22 14:04:00	2023-01-22 14:11:00	2023-01-22 14:18:00	C3.6		POINT(49 -24)	-24	49	679.0	-353.0
226570	2023-01-22 15:01:00	2023-01-22 15:18:00	2023-01-22 15:28:00	C4.5		POINT(53 -27)	-27	53	693.0	-442.0
226580	2023-01-22 15:47:00	2023-01-22 15:53:00	2023-01-22 16:07:00	C4.7		POINT(42 16)	16	42	624.0	351.0
226590	2023-01-22 16:49:00	2023-01-22 17:02:00	2023-01-22 17:10:00	M1.6		POINT(51 -26)	-26	51	704.0	-356.0
226600	2023-01-22 20:54:00	2023-01-22 21:28:00	2023-01-22 21:55:00	C7.9		POINT(51 12)	12	51	741.0	202.0
226610	2023-01-22 22:06:00	2023-01-22 22:25:00	2023-01-22 22:37:00	C8.9		POINT(54 10)	10	54	776.0	284.0
226620	2023-01-23 06:10:00	2023-01-23 06:15:00	2023-01-23 06:22:00	C2.9		POINT(61 9)	9	61	850.0	198.0
226630	2023-01-23 07:30:00	2023-01-23 07:34:00	2023-01-23 07:45:00	C5.0		POINT(50 -13)	-13	50	727.0	-219.0
226640	2023-01-23 09:28:00	2023-01-23 09:37:00	2023-01-23 09:46:00	C3.2		POINT(61 -25)	-25	61	778.0	-369.0
226650	2023-01-23 11:23:00	2023-01-23 11:30:00	2023-01-23 11:38:00	C3.4		POINT(55 -13)	-13	55	788.0	-167.0
226660	2023-01-23 18:32:00	2023-01-23 18:41:00	2023-01-23 19:06:00	C3.7		POINT(66 -25)	-25	66	807.0	-389.0
226670	2023-01-23 22:52:00	2023-01-23 22:59:00	2023-01-23 23:03:00	C3.5		POINT(62 -12)	-12	62	846.0	-163.0
226680	2023-01-24 04:11:00	2023-01-24 04:26:00	2023-01-24 04:40:00	C6.6		POINT(75 -25)	-25	75	852.0	-395.0
226690	2023-01-24 05:33:00	2023-01-24 05:47:00	2023-01-24 06:19:00	C4.0		POINT(68 -24)	-24	68	852.0	-394.0
226700	2023-01-24 06:53:00	2023-01-24 06:55:00	2023-01-24 07:01:00	C2.4		POINT(62 12)	12	62	844.0	284.0
226710	2023-01-24 08:24:00	2023-01-24 08:30:00	2023-01-24 08:36:00	C2.7		POINT(87 22)	22	87	905.0	368.0
226720	2023-01-24 13:18:00	2023-01-24 13:22:00	2023-01-24 13:26:00	C2.5		POINT(66 15)	15	66	829.0	325.0
226730	2023-01-24 13:34:00	2023-01-24 13:42:00	2023-01-24 13:48:00	C3.7		POINT(71 18)	18	71	858.0	338.0
226740	2023-01-24 13:59:00	2023-01-24 14:35:00	2023-01-24 15:08:00	C9.4		POINT(62 19)	19	62	813.0	317.0
226750	2023-01-24 15:08:00	2023-01-24 15:15:00	2023-01-24 15:19:00	C8.6		POINT(65 16)	16	65	851.0	308.0
226760	2023-01-24 16:43:00	2023-01-24 16:49:00	2023-01-24 16:54:00	C3.2		POINT(70 -13)	-13	70	896.0	-191.0
226770	2023-01-25 01:31:00	2023-01-25 01:38:00	2023-01-25 01:46:00	C3.6		POINT(87 21)	21	87	914.0	362.0
226780	2023-01-25 01:46:00	2023-01-25 01:49:00	2023-01-25 01:53:00	C4.2		POINT(73 13)	13	73	909.0	254.0
226790	2023-01-25 04:43:00	2023-01-25 04:53:00	2023-01-25 05:05:00	C9.6		POINT(74 14)	14	74	915.0	261.0
226800	2023-01-25 07:59:00	2023-01-25 08:04:00	2023-01-25 08:11:00	C5.8		POINT(79 14)	14	79	927.0	258.0
226810	2023-01-25 08:21:00	2023-01-25 08:27:00	2023-01-25 08:35:00	C7.2		POINT(81 -12)	-12	81	940.0	-199.0
226820	2023-01-25 09:37:00	2023-01-25 10:11:00	2023-01-25 10:49:00	M4.6		POINT(78 -13)	-13	78	929.0	-219.0
226830	2023-01-25 14:44:00	2023-01-25 14:54:00	2023-01-25 15:07:00	C6.1		POINT(88 13)	13	88	964.0	233.0
226840	2023-01-25 16:42:00	2023-01-25 17:01:00	2023-01-25 17:13:00	M1.3		POINT(77 17)	17	77	908.0	284.0
226850	2023-01-25 21:52:00	2023-01-25 21:57:00	2023-01-25 22:11:00	C4.8		POINT(75 19)	19	75	906.0	340.0
226860	2023-01-25 22:23:00	2023-01-25 22:35:00	2023-01-25 22:44:00	M2.0		POINT(88 14)	14	88	951.0	243.0
226870	2023-01-26 02:44:00	2023-01-26 02:48:00	2023-01-26 02:54:00	C2.8		POINT(-24 23)	23	-24	-364.0	380.0
226880	2023-01-26 04:19:00	2023-01-26 04:25:00	2023-01-26 04:35:00	C3.0		POINT(6 16)	16	6	159.0	371.0
226890	2023-01-26 06:45:00	2023-01-26 06:53:00	2023-01-26 07:01:00	C2.6		POINT(88 13)	13	88	959.0	234.0
226900	2023-01-26 07:24:00	2023-01-26 07:33:00	2023-01-26 07:37:00	C6.8		POINT(6 16)	16	6	181.0	369.0
226910	2023-01-26 12:36:00	2023-01-26 12:40:00	2023-01-26 12:44:00	C4.6		POINT(88 -13)	-13	88	953.0	-226.0
226920	2023-01-26 12:53:00	2023-01-26 13:06:00	2023-01-26 13:15:00	M2.8		POINT(87 18)	18	87	930.0	320.0
226930	2023-01-26 14:32:00	2023-01-26 14:38:00	2023-01-26 14:42:00	C3.2		POINT(88 13)	13	88	960.0	224.0
226940	2023-01-26 14:51:00	2023-01-26 15:02:00	2023-01-26 15:19:00	C4.7		POINT(88 13)	13	88	958.0	231.0
226950	2023-01-26 18:06:00	2023-01-26 18:15:00	2023-01-26 18:26:00	C3.5		POINT(88 12)	12	88	959.0	221.0
226960	2023-01-26 19:08:00	2023-01-26 19:14:00	2023-01-26 19:20:00	C2.8		POINT(16 18)	18	16	281.0	368.0
226970	2023-01-26 23:18:00	2023-01-26 23:30:00	2023-01-26 23:39:00	C3.1		POINT(-87 19)	19	-87	-921.0	322.0
226980	2023-01-27 01:21:00	2023-01-27 01:36:00	2023-01-27 01:57:00	C2.8		POINT(-87 -24)	-24	-87	-909.0	-414.0
226990	2023-01-27 07:27:00	2023-01-27 07:48:00	2023-01-27 08:07:00	C5.2		POINT(24 46)	46	24	276.0	768.0
227000	2023-01-27 21:32:00	2023-01-27 21:39:00	2023-01-27 21:48:00	C1.4		POINT(76 14)	14	76	918.0	241.0
227010	2023-01-28 07:33:00	2023-01-28 08:31:00	2023-01-28 08:57:00	C2.9		POINT(88 14)	14	88	954.0	253.0
227020	2023-01-28 08:57:00	2023-01-28 09:00:00	2023-01-28 09:04:00	C2.8		POINT(88 12)	12	88	952.0	215.0
227030	2023-01-28 11:50:00	2023-01-28 12:01:00	2023-01-28 12:21:00	C3.3		POINT(10 20)	20	10	176.0	423.0
227040	2023-01-28 13:32:00	2023-01-28 14:11:00	2023-01-28 14:37:00	C1.5		POINT(-87 -23)	-23	-87	-901.0	-393.0
227050	2023-01-29 00:01:00	2023-01-29 00:12:00	2023-01-29 00:21:00	C2.3		POINT(-53 18)	18	-53	-742.0	363.0
227060	2023-01-29 12:04:00	2023-01-29 12:08:00	2023-01-29 12:13:00	C1.0		POINT(-89 -12)	-12	-89	-962.0	-205.0
227070	2023-01-30 04:04:00	2023-01-30 04:13:00	2023-01-30 04:19:00	C1.5		POINT(-89 -11)	-11	-89	-966.0	-200.0
227080	2023-01-30 05:58:00	2023-01-30 06:07:00	2023-01-30 06:15:00	C2.5		POINT(-37 20)	20	-37	-561.0	395.0
227090	2023-01-30 06:15:00	2023-01-30 06:20:00	2023-01-30 06:31:00	C2.1		POINT(-89 -11)	-11	-89	-962.0	-196.0
227100	2023-01-30 07:39:00	2023-01-30 07:46:00	2023-01-30 07:51:00	C1.7		POINT(-89 -11)	-11	-89	-967.0	-195.0
227110	2023-01-30 11:52:00	2023-01-30 12:07:00	2023-01-30 12:20:00	C3.1		POINT(-89 -10)	-10	-89	-962.0	-186.0
227120	2023-01-30 15:52:00	2023-01-30 16:00:00	2023-01-30 16:14:00	C1.0		POINT(-31 19)	19	-31	-487.0	405.0
227130	2023-01-30 17:45:00	2023-01-30 17:53:00	2023-01-30 17:57:00	C2.9		POINT(-89 -10)	-10	-89	-958.0	-169.0
227140	2023-01-30 18:45:00	2023-01-30 18:51:00	2023-01-30 19:02:00	C1.4		POINT(-52 -21)	-21	-52	-714.0	-311.0
227150	2023-01-30 20:53:00	2023-01-30 20:58:00	2023-01-30 21:07:00	C2.1		POINT(41 23)	23	41	588.0	448.0
227160	2023-01-30 21:54:00	2023-01-30 22:07:00	2023-01-30 22:22:00	C1.9		POINT(60 24)	24	60	770.0	396.0
227170	2023-01-30 23:37:00	2023-01-30 23:55:00	2023-01-31 00:21:00	C2.0		POINT(-88 -13)	-13	-88	-948.0	-232.0
227180	2023-01-31 06:52:00	2023-01-31 06:58:00	2023-01-31 07:04:00	C1.1		POINT(-24 20)	20	-24	-384.0	426.0
227190	2023-01-31 10:46:00	2023-01-31 11:00:00	2023-01-31 11:07:00	C4.8		POINT(-73 -12)	-12	-73	-912.0	-186.0
227200	2023-01-31 12:55:00	2023-01-31 13:03:00	2023-01-31 13:12:00	B9.8		POINT(-68 -11)	-11	-68	-887.0	-155.0
227210	2023-01-31 15:17:00	2023-01-31 15:28:00	2023-01-31 15:44:00	C1.3		POINT(-41 -22)	-22	-41	-591.0	-305.0
227220	2023-01-31 16:12:00	2023-01-31 16:16:00	2023-01-31 16:29:00	C3.1		POINT(-70 -12)	-12	-70	-896.0	-169.0
227230	2023-01-31 18:14:00	2023-01-31 18:20:00	2023-01-31 18:24:00	C1.3		POINT(71 26)	26	71	827.0	426.0
227240	2023-01-31 19:21:00	2023-01-31 19:30:00	2023-01-31 19:36:00	C2.4		POINT(-67 -12)	-12	-67	-883.0	-168.0
227250	2023-01-31 22:05:00	2023-01-31 22:10:00	2023-01-31 22:15:00	C1.5		POINT(-62 -12)	-12	-62	-846.0	-149.0
227260	2023-02-01 01:00:00	2023-02-01 01:04:00	2023-02-01 01:08:00	C1.1		POINT(-64 -12)	-12	-64	-858.0	-166.0
227270	2023-02-01 01:20:00	2023-02-01 01:28:00	2023-02-01 01:33:00	C1.8		POINT(-68 -9)	-9	-68	-855.0	-165.0
227280	2023-02-01 08:11:00	2023-02-01 08:16:00	2023-02-01 08:20:00	B9.8		POINT(86 25)	25	86	881.0	414.0
227290	2023-02-01 17:50:00	2023-02-01 18:01:00	2023-02-01 18:14:00	C3.7		POINT(86 24)	24	86	888.0	406.0
227300	2023-02-01 22:33:00	2023-02-01 22:48:00	2023-02-01 23:00:00	C5.7		POINT(87 23)	23	87	900.0	403.0
227310	2023-02-02 04:24:00	2023-02-02 04:39:00	2023-02-02 04:51:00	C1.3		POINT(87 23)	23	87	903.0	396.0
227320	2023-02-02 14:01:00	2023-02-02 14:12:00	2023-02-02 14:29:00	C1.3		POINT(86 24)	24	86	902.0	405.0
227330	2023-02-03 00:08:00	2023-02-03 00:17:00	2023-02-03 00:25:00	B8.8		POINT(-38 -12)	-12	-38	-590.0	-135.0
227340	2023-02-03 02:31:00	2023-02-03 02:49:00	2023-02-03 03:00:00	C3.9		POINT(87 23)	23	87	902.0	396.0
227350	2023-02-03 08:43:00	2023-02-03 08:51:00	2023-02-03 08:58:00	B9.3		POINT(-32 -12)	-12	-32	-516.0	-96.0
227360	2023-02-03 15:20:00	2023-02-03 15:28:00	2023-02-03 15:36:00	C1.7		POINT(-30 -10)	-10	-30	-464.0	-95.0
227370	2023-02-03 15:42:00	2023-02-03 15:49:00	2023-02-03 15:57:00	C1.5		POINT(-29 -12)	-12	-29	-469.0	-128.0
227380	2023-02-03 16:21:00	2023-02-03 16:46:00	2023-02-03 17:12:00	C2.9		POINT(-30 -12)	-12	-30	-466.0	-126.0
227390	2023-02-04 00:25:00	2023-02-04 00:55:00	2023-02-04 01:47:00	C2.2		POINT(-56 -17)	-17	-56	-773.0	-230.0
227400	2023-02-04 05:07:00	2023-02-04 05:15:00	2023-02-04 05:20:00	C1.4		POINT(16 -16)	-16	16	273.0	-176.0
227410	2023-02-04 06:49:00	2023-02-04 06:55:00	2023-02-04 06:59:00	C1.4		POINT(17 -17)	-17	17	281.0	-193.0
227420	2023-02-04 15:17:00	2023-02-04 15:25:00	2023-02-04 15:31:00	C1.7		POINT(-13 -12)	-12	-13	-216.0	-113.0
227430	2023-02-05 02:45:00	2023-02-05 02:50:00	2023-02-05 02:57:00	C1.0		POINT(-89 -9)	-9	-89	-959.0	-161.0
227440	2023-02-05 03:16:00	2023-02-05 03:26:00	2023-02-05 03:31:00	C6.6		POINT(-86 -10)	-10	-86	-954.0	-176.0
227450	2023-02-05 10:37:00	2023-02-05 10:51:00	2023-02-05 10:58:00	C6.4		POINT(34 -17)	-17	34	521.0	-209.0
227460	2023-02-06 11:44:00	2023-02-06 11:51:00	2023-02-06 11:55:00	C1.3		POINT(-21 29)	29	-21	-315.0	565.0
227470	2023-02-06 11:58:00	2023-02-06 12:12:00	2023-02-06 12:25:00	C7.8		POINT(49 -17)	-17	49	701.0	-231.0
227480	2023-02-06 15:36:00	2023-02-06 15:46:00	2023-02-06 16:01:00	C1.5		POINT(62 -17)	-17	62	821.0	-284.0
227490	2023-02-06 16:07:00	2023-02-06 16:17:00	2023-02-06 16:28:00	C1.9		POINT(62 -17)	-17	62	821.0	-284.0
227500	2023-02-06 16:55:00	2023-02-06 17:00:00	2023-02-06 17:04:00	C3.0		POINT(-19 30)	30	-19	-274.0	486.0
227510	2023-02-06 17:37:00	2023-02-06 17:44:00	2023-02-06 17:50:00	C1.6		POINT(-18 29)	29	-18	-265.0	568.0
227520	2023-02-06 17:52:00	2023-02-06 17:56:00	2023-02-06 18:00:00	C2.1		POINT(-18 29)	29	-18	-274.0	567.0
227530	2023-02-06 20:15:00	2023-02-06 20:19:00	2023-02-06 20:34:00	C2.1		POINT(-17 29)	29	-17	-233.0	554.0
227540	2023-02-07 01:05:00	2023-02-07 01:08:00	2023-02-07 01:22:00	C2.0		POINT(-36 12)	12	-36	-559.0	202.0
227550	2023-02-07 02:34:00	2023-02-07 02:42:00	2023-02-07 02:49:00	C3.0		POINT(-72 29)	29	-72	-811.0	500.0
227560	2023-02-07 03:37:00	2023-02-07 03:45:00	2023-02-07 03:51:00	C2.1		POINT(-11 28)	28	-11	-166.0	552.0
227570	2023-02-07 06:00:00	2023-02-07 06:07:00	2023-02-07 06:11:00	C3.5		POINT(-9 28)	28	-9	-148.0	552.0
227580	2023-02-07 06:57:00	2023-02-07 07:15:00	2023-02-07 07:31:00	C2.2		POINT(-36 12)	12	-36	-474.0	299.0
227590	2023-02-07 08:22:00	2023-02-07 08:32:00	2023-02-07 08:44:00	C3.2		POINT(-10 28)	28	-10	-129.0	555.0
227600	2023-02-07 09:48:00	2023-02-07 09:51:00	2023-02-07 10:05:00	C3.0		POINT(-10 29)	29	-10	-119.0	555.0
227610	2023-02-07 12:02:00	2023-02-07 12:13:00	2023-02-07 12:16:00	C2.5		POINT(-88 -14)	-14	-88	-956.0	-251.0
227620	2023-02-07 13:09:00	2023-02-07 13:23:00	2023-02-07 13:33:00	C5.5		POINT(-8 29)	29	-8	-124.0	565.0
227630	2023-02-07 17:10:00	2023-02-07 17:17:00	2023-02-07 17:23:00	C6.7		POINT(-6 30)	30	-6	-96.0	591.0
227640	2023-02-07 18:06:00	2023-02-07 18:09:00	2023-02-07 18:14:00	C5.4		POINT(64 -16)	-16	64	840.0	-268.0
227650	2023-02-07 19:26:00	2023-02-07 19:33:00	2023-02-07 19:38:00	C4.5		POINT(-5 29)	29	-5	-74.0	572.0
227660	2023-02-07 20:01:00	2023-02-07 20:07:00	2023-02-07 20:14:00	M1.5		POINT(-4 30)	30	-4	-72.0	585.0
227670	2023-02-07 21:21:00	2023-02-07 21:30:00	2023-02-07 21:34:00	C5.3		POINT(65 -15)	-15	65	856.0	-219.0
227680	2023-02-07 23:05:00	2023-02-07 23:07:00	2023-02-07 23:09:00	M6.3		POINT(-3 30)	30	-3	-45.0	585.0
227690	2023-02-08 02:06:00	2023-02-08 02:17:00	2023-02-08 02:19:00	C4.5		POINT(67 -17)	-17	67	856.0	-284.0
227700	2023-02-08 02:45:00	2023-02-08 02:53:00	2023-02-08 02:57:00	M2.0		POINT(-1 30)	30	-1	-19.0	588.0
227710	2023-02-08 05:04:00	2023-02-08 05:21:00	2023-02-08 05:34:00	C5.3		POINT(1 29)	29	1	18.0	575.0
227720	2023-02-08 06:27:00	2023-02-08 06:37:00	2023-02-08 06:45:00	C3.7		POINT(-2 31)	31	-2	-29.0	501.0
227730	2023-02-08 10:04:00	2023-02-08 10:33:00	2023-02-08 10:47:00	C7.4		POINT(3 29)	29	3	50.0	577.0
227740	2023-02-08 15:00:00	2023-02-08 15:05:00	2023-02-08 15:12:00	C2.7		POINT(-89 -9)	-9	-89	-962.0	-162.0
227750	2023-02-08 15:28:00	2023-02-08 16:03:00	2023-02-08 16:26:00	M1.6		POINT(6 30)	30	6	89.0	584.0
227760	2023-02-08 18:39:00	2023-02-08 18:46:00	2023-02-08 18:50:00	C6.4		POINT(6 30)	30	6	89.0	591.0
227770	2023-02-08 19:56:00	2023-02-08 20:12:00	2023-02-08 20:46:00	M1.5		POINT(-72 -9)	-9	-72	-960.0	-138.0
227780	2023-02-08 21:03:00	2023-02-08 21:13:00	2023-02-08 21:21:00	M1.7		POINT(10 30)	30	10	108.0	588.0
227790	2023-02-09 02:45:00	2023-02-09 03:10:00	2023-02-09 03:28:00	M3.0		POINT(-76 -7)	-7	-76	-938.0	-95.0
227800	2023-02-09 05:11:00	2023-02-09 05:20:00	2023-02-09 05:33:00	C5.9		POINT(11 31)	31	11	162.0	593.0
227810	2023-02-09 05:30:00	2023-02-09 05:31:00	2023-02-09 05:51:00	C5.9		POINT(13 31)	31	13	187.0	500.0
227820	2023-02-09 07:11:00	2023-02-09 07:17:00	2023-02-09 07:21:00	M1.1		POINT(-70 -2)	-2	-70	-900.0	-127.0
227830	2023-02-09 08:49:00	2023-02-09 09:07:00	2023-02-09 09:24:00	M2.8		POINT(-85 -12)	-12	-85	-946.0	-200.0
227840	2023-02-09 12:03:00	2023-02-09 12:20:00	2023-02-09 12:43:00	C8.4		POINT(15 30)	30	15	230.0	590.0
227850	2023-02-09 14:30:00	2023-02-09 14:53:00	2023-02-09 15:27:00	M1.5		POINT(18 30)	30	18	260.0	486.0
227860	2023-02-09 15:10:00	2023-02-09 15:22:00	2023-02-09 15:52:00	M1.4		POINT(-69 -9)	-9	-69	-896.0	-152.0
227870	2023-02-09 17:07:00	2023-02-09 17:14:00	2023-02-09 17:18:00	C6.4		POINT(21 29)	29	21	300.0	555.0
227880	2023-02-09 17:45:00	2023-02-09 17:52:00	2023-02-09 18:04:00	C6.2		POINT(17 30)	30	17	258.0	582.0
227890	2023-02-09 18:04:00	2023-02-09 18:12:00	2023-02-09 18:18:00	C6.5		POINT(-72 -13)	-13	-72	-909.0	-197.0
227900	2023-02-09 18:18:00	2023-02-09 18:42:00	2023-02-09 19:02:00	M1.8		POINT(18 31)	31	18	267.0	592.0
227910	2023-02-09 21:04:00	2023-02-09 21:09:00	2023-02-09 21:15:00	C4.8		POINT(21 29)	29	21	314.0	566.0
227920	2023-02-09 22:41:00	2023-02-09 22:44:00	2023-02-09 22:48:00	C4.9		POINT(17 34)	34	17	312.0	597.0
227930	2023-02-10 00:08:00	2023-02-10 00:13:00	2023-02-10 00:24:00	C3.4		POINT(23 31)	31	23	357.0	582.0
227940	2023-02-10 02:45:00	2023-02-10 03:03:00	2023-02-10 03:20:00	M3.7		POINT(25 29)	29	25	336.0	582.0
227950	2023-02-10 05:32:00	2023-02-10 05:46:00	2023-02-10 06:24:00	C9.3		POINT(-62 -10)	-10	-62	-881.0	-123.0
227960	2023-02-10 08:02:00	2023-02-10 08:05:00	2023-02-10 08:09:00	M1.4		POINT(27 31)	31	27	380.0	596.0
227970	2023-02-10 08:28:00	2023-02-10 08:53:00	2023-02-10 09:17:00	C5.7		POINT(-55 -10)	-10	-55	-795.0	-107.0
227980	2023-02-10 09:00:00	2023-02-10 09:06:00	2023-02-10 09:11:00	C5.5		POINT(-54 -12)	-12	-54	-776.0	-115.0
227990	2023-02-10 10:23:00	2023-02-10 10:29:00	2023-02-10 10:34:00	C4.1		POINT(-55 -9)	-9	-55	-791.0	-102.0
228000	2023-02-10 10:43:00	2023-02-10 10:50:00	2023-02-10 10:54:00	C9.6		POINT(-54 -11)	-11	-54	-788.0	-102.0
228010	2023-02-10 14:35:00	2023-02-10 14:55:00	2023-02-10 15:12:00	M1.1		POINT(34 29)	29	34	475.0	471.0
228020	2023-02-10 15:29:00	2023-02-10 16:00:00	2023-02-10 16:13:00	M1.6		POINT(28 31)	31	28	403.0	586.0
228030	2023-02-10 22:19:00	2023-02-10 22:25:00	2023-02-10 22:31:00	C5.3		POINT(38 28)	28	38	524.0	527.0
228040	2023-02-10 22:34:00	2023-02-10 22:41:00	2023-02-10 22:48:00	M1.2		POINT(-63 -18)	-18	-63	-847.0	-233.0
228050	2023-02-10 23:55:00	2023-02-11 00:03:00	2023-02-11 00:09:00	C5.8		POINT(20 11)	11	20	322.0	291.0
228060	2023-02-11 06:10:00	2023-02-11 06:20:00	2023-02-11 06:27:00	C5.2		POINT(68 6)	6	68	896.0	170.0
228070	2023-02-11 06:27:00	2023-02-11 06:34:00	2023-02-11 06:42:00	C7.7		POINT(24 10)	10	24	383.0	281.0
228080	2023-02-11 06:42:00	2023-02-11 06:45:00	2023-02-11 06:51:00	C7.2		POINT(68 28)	28	68	793.0	501.0
228090	2023-02-11 07:48:00	2023-02-11 07:56:00	2023-02-11 07:59:00	C9.9		POINT(70 7)	7	70	906.0	170.0
228100	2023-02-11 07:59:00	2023-02-11 08:08:00	2023-02-11 08:15:00	M2.2		POINT(69 7)	7	69	902.0	167.0
228110	2023-02-11 09:13:00	2023-02-11 09:21:00	2023-02-11 09:32:00	C7.3		POINT(-43 -10)	-10	-43	-659.0	-83.0
228120	2023-02-11 10:42:00	2023-02-11 10:58:00	2023-02-11 11:29:00	M1.0		POINT(-58 -16)	-16	-58	-794.0	-222.0
228130	2023-02-11 11:29:00	2023-02-11 11:34:00	2023-02-11 11:41:00	M1.4		POINT(70 29)	29	70	800.0	501.0
228140	2023-02-11 12:00:00	2023-02-11 12:08:00	2023-02-11 13:05:00	M1.5		POINT(-42 -11)	-11	-42	-636.0	-83.0
228150	2023-02-11 12:18:00	2023-02-11 12:23:00	2023-02-11 12:28:00	M1.1		POINT(-40 -10)	-10	-40	-627.0	-87.0
228160	2023-02-11 12:27:00	2023-02-11 12:34:00	2023-02-11 12:57:00	M1.5		POINT(71 6)	6	71	914.0	101.0
228170	2023-02-11 15:40:00	2023-02-11 15:48:00	2023-02-11 15:54:00	X1.1		POINT(-39 -8)	-8	-39	-604.0	-83.0
228180	2023-02-11 17:11:00	2023-02-11 17:23:00	2023-02-11 17:31:00	M1.4		POINT(74 7)	7	74	929.0	149.0
228190	2023-02-11 22:45:00	2023-02-11 22:57:00	2023-02-11 23:12:00	C8.7		POINT(-43 -13)	-13	-43	-657.0	-143.0
228200	2023-02-12 01:47:00	2023-02-12 02:00:00	2023-02-12 02:05:00	C7.2		POINT(-33 -10)	-10	-33	-522.0	-81.0
228210	2023-02-12 02:33:00	2023-02-12 02:37:00	2023-02-12 02:46:00	C4.0		POINT(34 11)	11	34	543.0	283.0
228220	2023-02-12 03:34:00	2023-02-12 03:44:00	2023-02-12 03:53:00	C8.8		POINT(35 11)	11	35	575.0	267.0
228230	2023-02-12 04:56:00	2023-02-12 05:02:00	2023-02-12 05:09:00	C5.0		POINT(85 30)	30	85	837.0	498.0
228240	2023-02-12 05:24:00	2023-02-12 05:41:00	2023-02-12 06:02:00	C9.0		POINT(-36 -11)	-11	-36	-560.0	-185.0
228250	2023-02-12 08:35:00	2023-02-12 08:46:00	2023-02-12 08:59:00	M3.1		POINT(-30 -9)	-9	-30	-472.0	-76.0
228260	2023-02-12 09:11:00	2023-02-12 09:27:00	2023-02-12 09:37:00	M1.4		POINT(-31 -9)	-9	-31	-497.0	-58.0
228270	2023-02-12 13:23:00	2023-02-12 13:34:00	2023-02-12 13:44:00	M1.2		POINT(85 28)	28	85	855.0	474.0
228280	2023-02-12 15:03:00	2023-02-12 15:09:00	2023-02-12 15:19:00	C5.5		POINT(-26 -10)	-10	-26	-423.0	-70.0
228290	2023-02-12 15:33:00	2023-02-12 15:38:00	2023-02-12 16:01:00	M1.0		POINT(-26 -9)	-9	-26	-418.0	-69.0
228300	2023-02-12 17:17:00	2023-02-12 17:24:00	2023-02-12 17:37:00	C6.1		POINT(-41 13)	13	-41	-621.0	218.0
228310	2023-02-12 19:56:00	2023-02-12 20:06:00	2023-02-12 20:17:00	C5.6		POINT(85 28)	28	85	861.0	476.0
228320	2023-02-12 22:54:00	2023-02-12 23:01:00	2023-02-12 23:10:00	C3.8		POINT(-48 10)	10	-48	-712.0	249.0
228330	2023-02-13 00:09:00	2023-02-13 00:16:00	2023-02-13 00:21:00	C3.1		POINT(-38 -21)	-21	-38	-589.0	-241.0
228340	2023-02-13 05:04:00	2023-02-13 05:18:00	2023-02-13 05:37:00	M1.0		POINT(-46 10)	10	-46	-689.0	254.0
228350	2023-02-13 06:54:00	2023-02-13 07:05:00	2023-02-13 07:16:00	C6.2		POINT(-45 10)	10	-45	-681.0	260.0
228360	2023-02-13 07:59:00	2023-02-13 08:07:00	2023-02-13 08:14:00	C4.8		POINT(-25 -25)	-25	-25	-351.0	-312.0
228370	2023-02-13 10:29:00	2023-02-13 10:36:00	2023-02-13 10:43:00	C3.7		POINT(70 28)	28	70	807.0	487.0
228380	2023-02-13 10:43:00	2023-02-13 10:47:00	2023-02-13 10:51:00	C4.5		POINT(-43 11)	11	-43	-652.0	270.0
228390	2023-02-13 12:55:00	2023-02-13 13:05:00	2023-02-13 13:11:00	C3.7		POINT(-18 -10)	-10	-18	-295.0	-168.0
228400	2023-02-13 14:22:00	2023-02-13 14:35:00	2023-02-13 14:43:00	C6.5		POINT(-41 11)	11	-41	-637.0	262.0
228410	2023-02-13 15:11:00	2023-02-13 15:12:00	2023-02-13 15:39:00	C7.7		POINT(-41 10)	10	-41	-627.0	168.0
228420	2023-02-13 15:49:00	2023-02-13 15:56:00	2023-02-13 16:03:00	M1.4		POINT(-40 10)	10	-40	-626.0	255.0
228430	2023-02-13 18:10:00	2023-02-13 18:17:00	2023-02-13 18:27:00	C3.3		POINT(69 31)	31	69	774.0	541.0
228440	2023-02-13 18:57:00	2023-02-13 19:16:00	2023-02-13 19:31:00	C7.3		POINT(82 29)	29	82	833.0	495.0
228450	2023-02-14 00:13:00	2023-02-14 00:20:00	2023-02-14 00:33:00	C3.0		POINT(-35 10)	10	-35	-556.0	272.0
228460	2023-02-14 01:57:00	2023-02-14 02:01:00	2023-02-14 02:20:00	M1.8		POINT(-39 10)	10	-39	-541.0	270.0
228470	2023-02-14 04:06:00	2023-02-14 04:14:00	2023-02-14 04:25:00	C2.7		POINT(-33 10)	10	-33	-534.0	272.0
228480	2023-02-14 05:08:00	2023-02-14 05:17:00	2023-02-14 05:26:00	C3.7		POINT(-33 10)	10	-33	-526.0	267.0
228490	2023-02-14 06:13:00	2023-02-14 06:25:00	2023-02-14 06:49:00	C9.6		POINT(-30 10)	10	-30	-478.0	168.0
228500	2023-02-14 09:37:00	2023-02-14 09:43:00	2023-02-14 09:57:00	C3.0		POINT(-28 9)	9	-28	-455.0	266.0
228510	2023-02-14 10:38:00	2023-02-14 10:45:00	2023-02-14 10:58:00	C3.5		POINT(-30 9)	9	-30	-483.0	263.0
228520	2023-02-14 11:11:00	2023-02-14 11:19:00	2023-02-14 11:26:00	C5.5		POINT(-27 9)	9	-27	-443.0	267.0
228530	2023-02-14 11:59:00	2023-02-14 12:12:00	2023-02-14 12:46:00	M2.6		POINT(85 29)	29	85	849.0	482.0
228540	2023-02-14 21:13:00	2023-02-14 21:25:00	2023-02-14 21:37:00	C8.9		POINT(85 28)	28	85	858.0	472.0
228550	2023-02-15 01:02:00	2023-02-15 01:33:00	2023-02-15 01:53:00	C5.6		POINT(-12 -15)	-15	-12	-229.0	-105.0
228560	2023-02-15 02:15:00	2023-02-15 02:25:00	2023-02-15 02:35:00	C8.1		POINT(85 28)	28	85	855.0	472.0
228570	2023-02-15 02:50:00	2023-02-15 02:53:00	2023-02-15 03:01:00	C7.3		POINT(-19 11)	11	-19	-310.0	185.0
228580	2023-02-15 04:33:00	2023-02-15 04:47:00	2023-02-15 05:07:00	M1.1		POINT(85 30)	30	85	837.0	506.0
228590	2023-02-15 05:16:00	2023-02-15 05:23:00	2023-02-15 05:30:00	M2.0		POINT(86 27)	27	86	863.0	455.0
228600	2023-02-15 06:42:00	2023-02-15 07:05:00	2023-02-15 07:19:00	M1.3		POINT(86 27)	27	86	867.0	457.0
228610	2023-02-15 08:42:00	2023-02-15 08:50:00	2023-02-15 08:56:00	C3.2		POINT(85 31)	31	85	831.0	510.0
228620	2023-02-15 09:04:00	2023-02-15 09:21:00	2023-02-15 09:33:00	C7.1		POINT(86 26)	26	86	878.0	443.0
228630	2023-02-15 10:04:00	2023-02-15 10:11:00	2023-02-15 10:21:00	C3.3		POINT(-16 10)	10	-16	-263.0	168.0
228640	2023-02-15 12:46:00	2023-02-15 12:51:00	2023-02-15 12:56:00	C2.4		POINT(-14 10)	10	-14	-218.0	281.0
228650	2023-02-15 13:26:00	2023-02-15 13:36:00	2023-02-15 13:39:00	C3.9		POINT(-86 23)	23	-86	-900.0	403.0
228660	2023-02-15 13:39:00	2023-02-15 13:43:00	2023-02-15 13:47:00	C3.9		POINT(-14 10)	10	-14	-231.0	168.0
228670	2023-02-15 15:52:00	2023-02-15 15:59:00	2023-02-15 16:25:00	C3.7		POINT(-14 9)	9	-14	-242.0	270.0
228680	2023-02-15 17:31:00	2023-02-15 17:38:00	2023-02-15 17:42:00	C2.0		POINT(81 11)	11	81	941.0	210.0
228690	2023-02-15 17:42:00	2023-02-15 17:50:00	2023-02-15 17:54:00	C2.4		POINT(-86 24)	24	-86	-899.0	410.0
228700	2023-02-15 19:23:00	2023-02-15 19:35:00	2023-02-15 19:42:00	C2.5		POINT(1 -16)	-16	1	21.0	-163.0
228710	2023-02-15 19:49:00	2023-02-15 20:03:00	2023-02-15 20:18:00	C3.4		POINT(88 10)	10	88	968.0	183.0
228720	2023-02-15 21:05:00	2023-02-15 21:14:00	2023-02-15 21:18:00	M1.0		POINT(85 30)	30	85	835.0	504.0
228730	2023-02-15 23:27:00	2023-02-15 23:39:00	2023-02-15 23:49:00	C2.3		POINT(19 -10)	-10	19	311.0	-168.0
228740	2023-02-16 00:19:00	2023-02-16 00:32:00	2023-02-16 00:43:00	M1.1		POINT(-86 25)	25	-86	-887.0	421.0
228750	2023-02-16 05:04:00	2023-02-16 05:19:00	2023-02-16 05:54:00	C2.6		POINT(-5 9)	9	-5	-83.0	151.0
228760	2023-02-16 06:36:00	2023-02-16 06:46:00	2023-02-16 06:52:00	C3.4		POINT(88 11)	11	88	961.0	192.0
228770	2023-02-16 08:43:00	2023-02-16 08:48:00	2023-02-16 08:56:00	C3.6		POINT(-86 25)	25	-86	-887.0	428.0
228780	2023-02-16 10:16:00	2023-02-16 10:59:00	2023-02-16 11:41:00	C9.0		POINT(44 27)	27	44	655.0	506.0
228790	2023-02-16 16:45:00	2023-02-16 16:52:00	2023-02-16 16:58:00	C1.7		POINT(88 11)	11	88	961.0	191.0
228800	2023-02-16 18:34:00	2023-02-16 18:55:00	2023-02-16 19:03:00	C2.9		POINT(-86 26)	26	-86	-875.0	435.0
228810	2023-02-16 20:39:00	2023-02-16 21:16:00	2023-02-16 22:03:00	C9.1		POINT(-72 27)	27	-72	-823.0	440.0
228820	2023-02-17 01:31:00	2023-02-17 01:35:00	2023-02-17 01:42:00	C3.8		POINT(-79 25)	25	-79	-860.0	438.0
228830	2023-02-17 04:19:00	2023-02-17 04:25:00	2023-02-17 04:34:00	C1.3		POINT(-86 27)	27	-86	-862.0	446.0
228840	2023-02-17 07:29:00	2023-02-17 07:33:00	2023-02-17 07:43:00	C1.9		POINT(-74 25)	25	-74	-843.0	444.0
228850	2023-02-17 09:29:00	2023-02-17 09:38:00	2023-02-17 09:42:00	C2.2		POINT(-69 25)	25	-69	-840.0	449.0
228860	2023-02-17 10:24:00	2023-02-17 10:33:00	2023-02-17 10:39:00	C2.1		POINT(87 -22)	-22	87	903.0	-386.0
228870	2023-02-17 10:44:00	2023-02-17 10:50:00	2023-02-17 11:00:00	C2.0		POINT(-75 26)	26	-75	-842.0	453.0
228880	2023-02-17 11:43:00	2023-02-17 11:48:00	2023-02-17 11:52:00	C2.0		POINT(8 8)	8	8	140.0	254.0
228890	2023-02-17 19:38:00	2023-02-17 20:16:00	2023-02-17 20:50:00	X2.2		POINT(-64 25)	25	-64	-805.0	463.0
228900	2023-02-18 08:16:00	2023-02-18 08:25:00	2023-02-18 08:29:00	C4.9		POINT(29 8)	8	29	476.0	246.0
228910	2023-02-18 11:49:00	2023-02-18 12:00:00	2023-02-18 12:07:00	C7.7		POINT(31 7)	7	31	507.0	243.0
228920	2023-02-18 18:31:00	2023-02-18 18:36:00	2023-02-18 18:41:00	C7.6		POINT(26 8)	8	26	425.0	246.0
228930	2023-02-18 22:14:00	2023-02-18 22:21:00	2023-02-18 22:25:00	C2.7		POINT(28 9)	9	28	456.0	243.0
228940	2023-02-19 03:55:00	2023-02-19 04:02:00	2023-02-19 04:09:00	C3.5		POINT(28 10)	10	28	507.0	248.0
228950	2023-02-19 07:26:00	2023-02-19 07:27:00	2023-02-19 07:42:00	C2.4		POINT(41 5)	5	41	642.0	187.0
228960	2023-02-19 08:00:00	2023-02-19 08:17:00	2023-02-19 08:33:00	C6.8		POINT(42 7)	7	42	659.0	225.0
228970	2023-02-19 12:52:00	2023-02-19 12:59:00	2023-02-19 13:05:00	C2.0		POINT(39 9)	9	39	611.0	260.0
228980	2023-02-19 14:50:00	2023-02-19 15:01:00	2023-02-19 15:12:00	C2.6		POINT(-39 25)	25	-39	-558.0	497.0
228990	2023-02-19 15:42:00	2023-02-19 15:50:00	2023-02-19 15:59:00	C2.1		POINT(52 14)	14	52	750.0	317.0
229000	2023-02-19 17:09:00	2023-02-19 17:22:00	2023-02-19 17:36:00	C2.5		POINT(-86 23)	23	-86	-897.0	401.0
229010	2023-02-19 18:53:00	2023-02-19 19:01:00	2023-02-19 19:07:00	C5.7		POINT(-86 23)	23	-86	-893.0	400.0
229020	2023-02-19 20:54:00	2023-02-19 21:03:00	2023-02-19 21:10:00	C4.7		POINT(-34 24)	24	-34	-500.0	485.0
229030	2023-02-20 01:19:00	2023-02-20 01:25:00	2023-02-20 01:34:00	C2.8		POINT(37 21)	21	37	556.0	435.0
229040	2023-02-20 02:08:00	2023-02-20 02:16:00	2023-02-20 02:20:00	C2.8		POINT(53 9)	9	53	774.0	224.0
229050	2023-02-20 04:12:00	2023-02-20 04:18:00	2023-02-20 04:26:00	C2.1		POINT(65 11)	11	65	868.0	225.0
229060	2023-02-20 04:39:00	2023-02-20 04:51:00	2023-02-20 05:03:00	C3.3		POINT(42 20)	20	42	567.0	441.0
229070	2023-02-20 05:58:00	2023-02-20 06:08:00	2023-02-20 06:16:00	C5.5		POINT(39 21)	21	39	571.0	440.0
229080	2023-02-20 06:41:00	2023-02-20 06:47:00	2023-02-20 06:50:00	C4.4		POINT(-86 26)	26	-86	-871.0	436.0
229090	2023-02-20 06:50:00	2023-02-20 07:02:00	2023-02-20 07:13:00	C7.1		POINT(58 14)	14	58	796.0	309.0
229100	2023-02-20 10:25:00	2023-02-20 10:37:00	2023-02-20 10:45:00	C2.5		POINT(57 7)	7	57	811.0	190.0
229110	2023-02-20 14:47:00	2023-02-20 14:58:00	2023-02-20 15:03:00	M4.4		POINT(-75 25)	25	-75	-849.0	410.0
229120	2023-02-20 16:22:00	2023-02-20 16:26:00	2023-02-20 16:31:00	C3.1		POINT(-24 24)	24	-24	-364.0	503.0
229130	2023-02-20 17:37:00	2023-02-20 17:43:00	2023-02-20 17:47:00	C5.4		POINT(-23 24)	24	-23	-353.0	503.0
229140	2023-02-20 19:05:00	2023-02-20 19:12:00	2023-02-20 19:18:00	C2.8		POINT(-21 24)	24	-21	-327.0	501.0
229150	2023-02-20 21:58:00	2023-02-20 22:03:00	2023-02-20 22:07:00	C1.9		POINT(-21 24)	24	-21	-324.0	504.0
229160	2023-02-20 22:14:00	2023-02-20 22:23:00	2023-02-20 22:32:00	C2.8		POINT(-79 26)	26	-79	-853.0	449.0
229170	2023-02-20 23:19:00	2023-02-20 23:27:00	2023-02-20 23:36:00	C2.1		POINT(-81 27)	27	-81	-853.0	456.0
229180	2023-02-21 03:40:00	2023-02-21 04:02:00	2023-02-21 04:16:00	C9.2		POINT(-74 26)	26	-74	-838.0	458.0
229190	2023-02-21 04:35:00	2023-02-21 04:44:00	2023-02-21 04:52:00	C9.6		POINT(64 13)	13	64	849.0	218.0
229200	2023-02-21 11:05:00	2023-02-21 11:07:00	2023-02-21 11:27:00	M4.7		POINT(70 14)	14	70	884.0	234.0
229210	2023-02-21 12:03:00	2023-02-21 12:21:00	2023-02-21 12:36:00	C6.1		POINT(-13 29)	29	-13	-234.0	524.0
229220	2023-02-21 14:20:00	2023-02-21 14:27:00	2023-02-21 14:32:00	C2.6		POINT(72 14)	14	72	891.0	272.0
229230	2023-02-21 18:26:00	2023-02-21 18:38:00	2023-02-21 18:47:00	C4.0		POINT(-65 26)	26	-65	-792.0	468.0
229240	2023-02-21 19:23:00	2023-02-21 19:36:00	2023-02-21 19:50:00	C6.3		POINT(-66 26)	26	-66	-793.0	474.0
229250	2023-02-21 19:57:00	2023-02-21 20:17:00	2023-02-21 20:30:00	M5.0		POINT(-64 26)	26	-64	-787.0	473.0
229260	2023-02-21 21:01:00	2023-02-21 21:07:00	2023-02-21 21:18:00	C7.3		POINT(-64 26)	26	-64	-785.0	469.0
229270	2023-02-21 21:43:00	2023-02-21 21:51:00	2023-02-21 21:59:00	C8.3		POINT(64 21)	21	64	816.0	398.0
229280	2023-02-21 23:53:00	2023-02-21 23:59:00	2023-02-22 00:06:00	C4.6		POINT(-63 26)	26	-63	-777.0	472.0
229290	2023-02-22 00:10:00	2023-02-22 00:18:00	2023-02-22 00:24:00	C7.1		POINT(-62 26)	26	-62	-774.0	476.0
229300	2023-02-22 01:13:00	2023-02-22 01:15:00	2023-02-22 01:27:00	C2.1		POINT(65 21)	21	65	822.0	397.0
229310	2023-02-22 02:37:00	2023-02-22 02:48:00	2023-02-22 02:52:00	C7.1		POINT(-60 26)	26	-60	-765.0	477.0
229320	2023-02-22 03:51:00	2023-02-22 03:57:00	2023-02-22 04:05:00	C2.9		POINT(-60 26)	26	-60	-759.0	483.0
229330	2023-02-22 04:51:00	2023-02-22 05:12:00	2023-02-22 05:40:00	M1.4		POINT(-59 26)	26	-59	-746.0	483.0
229340	2023-02-22 07:57:00	2023-02-22 07:53:00	2023-02-22 08:36:00	C2.6		POINT(-57 27)	27	-57	-745.0	482.0
229350	2023-02-22 10:22:00	2023-02-22 10:27:00	2023-02-22 10:42:00	C3.2		POINT(-57 26)	26	-57	-732.0	487.0
229360	2023-02-22 12:26:00	2023-02-22 12:37:00	2023-02-22 12:46:00	C3.0		POINT(-55 26)	26	-55	-714.0	497.0
229370	2023-02-22 12:46:00	2023-02-22 12:54:00	2023-02-22 13:00:00	C3.2		POINT(-55 26)	26	-55	-716.0	495.0
229380	2023-02-22 13:36:00	2023-02-22 13:50:00	2023-02-22 13:58:00	M2.6		POINT(-57 27)	27	-57	-701.0	488.0
229390	2023-02-22 16:46:00	2023-02-22 16:54:00	2023-02-22 17:09:00	C2.6		POINT(-52 26)	26	-52	-689.0	495.0
229400	2023-02-22 22:52:00	2023-02-22 23:01:00	2023-02-22 23:09:00	C2.8		POINT(-50 26)	26	-50	-665.0	503.0
229410	2023-02-23 00:43:00	2023-02-23 00:50:00	2023-02-23 00:55:00	C2.3		POINT(-21 18)	18	-21	-332.0	410.0
229420	2023-02-23 02:13:00	2023-02-23 02:21:00	2023-02-23 02:28:00	C1.9		POINT(-22 20)	20	-22	-355.0	436.0
229430	2023-02-23 04:00:00	2023-02-23 04:12:00	2023-02-23 04:24:00	C7.8		POINT(-45 26)	26	-45	-625.0	499.0
229440	2023-02-23 05:16:00	2023-02-23 05:29:00	2023-02-23 05:45:00	C4.2		POINT(-19 -22)	-22	-19	-304.0	-267.0
229450	2023-02-23 06:00:00	2023-02-23 06:06:00	2023-02-23 06:11:00	C3.2		POINT(-17 -20)	-20	-17	-277.0	-233.0
229460	2023-02-23 06:11:00	2023-02-23 06:14:00	2023-02-23 06:18:00	M1.5		POINT(-20 20)	20	-20	-320.0	436.0
229470	2023-02-23 07:58:00	2023-02-23 08:12:00	2023-02-23 08:19:00	C7.2		POINT(-19 20)	20	-19	-305.0	438.0
229480	2023-02-23 08:32:00	2023-02-23 08:48:00	2023-02-23 08:51:00	M1.0		POINT(-42 25)	25	-42	-593.0	500.0
229490	2023-02-23 12:19:00	2023-02-23 12:29:00	2023-02-23 12:42:00	C6.6		POINT(-17 20)	20	-17	-271.0	437.0
229500	2023-02-23 14:24:00	2023-02-23 14:34:00	2023-02-23 14:46:00	C4.3		POINT(-39 24)	24	-39	-530.0	492.0
229510	2023-02-23 15:04:00	2023-02-23 15:13:00	2023-02-23 15:18:00	C7.5		POINT(-17 20)	20	-17	-246.0	439.0
229520	2023-02-23 17:52:00	2023-02-23 18:19:00	2023-02-23 18:26:00	C8.9		POINT(-41 25)	25	-41	-576.0	409.0
229530	2023-02-23 23:07:00	2023-02-23 23:13:00	2023-02-23 23:17:00	C6.2		POINT(-11 19)	19	-11	-180.0	436.0
229540	2023-02-24 02:46:00	2023-02-24 02:59:00	2023-02-24 03:15:00	C1.7		POINT(-8 19)	19	-8	-143.0	440.0
229550	2023-02-24 05:54:00	2023-02-24 06:12:00	2023-02-24 06:21:00	C8.6		POINT(-7 -24)	-24	-7	-152.0	-351.0
229560	2023-02-24 06:54:00	2023-02-24 07:09:00	2023-02-24 07:26:00	C6.8		POINT(-6 20)	20	-6	-99.0	444.0
229570	2023-02-24 09:35:00	2023-02-24 09:41:00	2023-02-24 09:49:00	C2.1		POINT(-28 23)	23	-28	-414.0	491.0
229580	2023-02-24 11:19:00	2023-02-24 11:28:00	2023-02-24 11:47:00	C1.9		POINT(-28 23)	23	-28	-419.0	378.0
229590	2023-02-24 12:58:00	2023-02-24 13:09:00	2023-02-24 13:22:00	C2.9		POINT(-14 -27)	-27	-14	-201.0	-306.0
229600	2023-02-24 17:11:00	2023-02-24 17:15:00	2023-02-24 17:20:00	M1.1		POINT(-1 20)	20	-1	-20.0	447.0
229610	2023-02-24 20:03:00	2023-02-24 20:30:00	2023-02-24 21:29:00	M3.7		POINT(28 28)	28	28	350.0	564.0
229620	2023-02-25 03:00:00	2023-02-25 03:09:00	2023-02-25 03:17:00	C2.1		POINT(-13 26)	26	-13	-199.0	528.0
229630	2023-02-25 04:12:00	2023-02-25 04:22:00	2023-02-25 04:32:00	C8.1		POINT(40 25)	25	40	563.0	504.0
229640	2023-02-25 07:07:00	2023-02-25 07:15:00	2023-02-25 07:21:00	C2.5		POINT(40 26)	26	40	567.0	516.0
229650	2023-02-25 11:42:00	2023-02-25 11:48:00	2023-02-25 12:00:00	C2.1		POINT(0 -25)	-25	0	-8.0	-300.0
229660	2023-02-25 15:02:00	2023-02-25 15:09:00	2023-02-25 15:13:00	C2.2		POINT(-2 -26)	-26	-2	-31.0	-322.0
229670	2023-02-25 15:34:00	2023-02-25 15:40:00	2023-02-25 15:46:00	M1.0		POINT(0 -24)	-24	0	7.0	-290.0
229680	2023-02-25 18:40:00	2023-02-25 19:44:00	2023-02-25 20:27:00	M6.3		POINT(43 26)	26	43	623.0	483.0
229690	2023-02-26 11:51:00	2023-02-26 12:00:00	2023-02-26 12:12:00	C5.5		POINT(22 20)	20	22	350.0	444.0
229700	2023-02-26 19:10:00	2023-02-26 19:23:00	2023-02-26 19:31:00	C2.8		POINT(2 27)	27	2	42.0	548.0
229710	2023-02-26 20:45:00	2023-02-26 20:53:00	2023-02-26 20:57:00	C1.9		POINT(-85 32)	32	-85	-823.0	529.0
229720	2023-02-26 20:57:00	2023-02-26 21:06:00	2023-02-26 21:12:00	C2.0		POINT(3 25)	25	3	58.0	520.0
229730	2023-02-26 21:13:00	2023-02-26 21:18:00	2023-02-26 21:22:00	C2.5		POINT(3 25)	25	3	54.0	519.0
229740	2023-02-26 22:39:00	2023-02-26 22:43:00	2023-02-26 22:48:00	C1.8		POINT(5 25)	25	5	77.0	522.0
229750	2023-02-27 10:12:00	2023-02-27 10:22:00	2023-02-27 10:33:00	C4.5		POINT(10 25)	25	10	164.0	519.0
229760	2023-02-28 04:08:00	2023-02-28 04:12:00	2023-02-28 04:18:00	C2.4		POINT(46 -21)	-21	46	656.0	-278.0
229770	2023-02-28 04:50:00	2023-02-28 05:00:00	2023-02-28 05:26:00	C2.4		POINT(24 25)	25	24	366.0	521.0
229780	2023-02-28 06:20:00	2023-02-28 06:28:00	2023-02-28 06:36:00	C2.5		POINT(30 20)	20	30	466.0	435.0
229790	2023-02-28 06:48:00	2023-02-28 06:59:00	2023-02-28 07:10:00	C3.3		POINT(26 26)	26	26	386.0	533.0
229800	2023-02-28 16:05:00	2023-02-28 16:22:00	2023-02-28 16:42:00	C5.8		POINT(31 26)	26	31	451.0	533.0
229810	2023-02-28 17:35:00	2023-02-28 17:50:00	2023-02-28 17:56:00	M8.6		POINT(29 27)	27	29	420.0	532.0
229820	2023-02-28 22:21:00	2023-02-28 22:34:00	2023-02-28 22:50:00	C4.3		POINT(34 27)	27	34	483.0	534.0
229830	2023-03-01 00:56:00	2023-03-01 01:07:00	2023-03-01 01:18:00	M1.0		POINT(-69 -15)	-15	-69	-873.0	-250.0
229840	2023-03-01 01:28:00	2023-03-01 01:44:00	2023-03-01 01:55:00	C9.3		POINT(-69 -15)	-15	-69	-864.0	-203.0
229850	2023-03-01 02:52:00	2023-03-01 03:20:00	2023-03-01 03:36:00	C5.1		POINT(38 26)	26	38	543.0	519.0
229860	2023-03-01 03:58:00	2023-03-01 04:00:00	2023-03-01 04:08:00	C3.1		POINT(33 24)	24	33	596.0	431.0
229870	2023-03-01 04:12:00	2023-03-01 04:19:00	2023-03-01 04:24:00	C6.3		POINT(-69 -15)	-15	-69	-858.0	-202.0
229880	2023-03-01 06:08:00	2023-03-01 06:16:00	2023-03-01 06:26:00	C2.4		POINT(36 26)	26	36	516.0	521.0
229890	2023-03-01 06:26:00	2023-03-01 06:30:00	2023-03-01 06:33:00	C3.0		POINT(35 27)	27	35	503.0	528.0
229900	2023-03-01 08:44:00	2023-03-01 08:48:00	2023-03-01 09:37:00	C3.0		POINT(39 22)	22	39	587.0	483.0
229910	2023-03-01 13:10:00	2023-03-01 13:58:00	2023-03-01 14:34:00	C4.2		POINT(53 -28)	-28	53	686.0	-389.0
229920	2023-03-01 19:28:00	2023-03-01 19:36:00	2023-03-01 19:44:00	C2.0		POINT(55 -24)	-24	55	728.0	-330.0
229930	2023-03-01 23:18:00	2023-03-01 23:22:00	2023-03-01 23:28:00	C2.7		POINT(52 21)	21	52	719.0	419.0
229940	2023-03-02 03:46:00	2023-03-02 03:54:00	2023-03-02 03:58:00	C4.1		POINT(-79 8)	8	-79	-953.0	165.0
229950	2023-03-02 04:23:00	2023-03-02 04:35:00	2023-03-02 04:39:00	C2.2		POINT(60 -25)	-25	60	760.0	-409.0
229960	2023-03-02 07:56:00	2023-03-02 08:02:00	2023-03-02 08:06:00	C2.8		POINT(55 20)	20	55	749.0	408.0
229970	2023-03-02 10:26:00	2023-03-02 10:29:00	2023-03-02 10:33:00	C3.1		POINT(57 20)	20	57	764.0	407.0
229980	2023-03-02 10:36:00	2023-03-02 10:41:00	2023-03-02 10:46:00	C3.2		POINT(-81 11)	11	-81	-938.0	209.0
229990	2023-03-02 11:35:00	2023-03-02 11:46:00	2023-03-02 11:57:00	C3.7		POINT(-84 9)	9	-84	-936.0	173.0
230000	2023-03-02 12:04:00	2023-03-02 12:10:00	2023-03-02 12:15:00	C6.5		POINT(-86 -25)	-25	-86	-881.0	-420.0
230010	2023-03-02 21:05:00	2023-03-02 21:16:00	2023-03-02 21:25:00	M3.8		POINT(64 21)	21	64	815.0	397.0
230020	2023-03-03 01:58:00	2023-03-03 02:23:00	2023-03-03 02:46:00	C7.2		POINT(-65 6)	6	-65	-903.0	146.0
230030	2023-03-03 06:24:00	2023-03-03 06:30:00	2023-03-03 07:18:00	C3.0		POINT(72 -26)	-26	72	827.0	-424.0
230040	2023-03-03 08:25:00	2023-03-03 08:46:00	2023-03-03 09:08:00	C5.0		POINT(73 22)	22	73	875.0	380.0
230050	2023-03-03 10:10:00	2023-03-03 10:32:00	2023-03-03 10:48:00	M3.3		POINT(66 22)	22	66	858.0	387.0
230060	2023-03-02 14:26:00	2023-03-02 14:31:00	2023-03-02 14:35:00	C3.9		POINT(-80 9)	9	-80	-941.0	151.0
230070	2023-03-02 14:48:00	2023-03-02 15:12:00	2023-03-02 15:46:00	C9.1		POINT(84 -24)	-24	84	879.0	-393.0
230080	2023-03-02 17:42:00	2023-03-02 17:52:00	2023-03-02 17:59:00	X2.1		POINT(80 22)	22	80	884.0	362.0
230090	2023-03-03 23:13:00	2023-03-03 23:19:00	2023-03-03 23:23:00	C3.1		POINT(-48 9)	9	-48	-722.0	230.0
230100	2023-03-04 00:01:00	2023-03-04 00:11:00	2023-03-04 00:22:00	C4.2		POINT(79 22)	22	79	881.0	384.0
230110	2023-03-04 02:17:00	2023-03-04 02:26:00	2023-03-04 02:33:00	C5.3		POINT(-49 10)	10	-49	-704.0	224.0
230120	2023-03-04 04:47:00	2023-03-04 04:50:00	2023-03-04 04:58:00	C3.9		POINT(-49 10)	10	-49	-674.0	246.0
230130	2023-03-04 07:06:00	2023-03-04 07:10:00	2023-03-04 07:14:00	M1.0		POINT(39 17)	17	39	579.0	370.0
230140	2023-03-04 07:21:00	2023-03-04 07:26:00	2023-03-04 07:30:00	C5.6		POINT(-44 9)	9	-44	-656.0	248.0
230150	2023-03-04 08:13:00	2023-03-04 08:24:00	2023-03-04 08:31:00	C6.7		POINT(86 20)	20	86	908.0	345.0
230160	2023-03-04 09:11:00	2023-03-04 09:15:00	2023-03-04 09:48:00	C4.9		POINT(-66 -23)	-23	-66	-813.0	-378.0
230170	2023-03-04 11:54:00	2023-03-04 12:00:00	2023-03-04 12:04:00	C4.1		POINT(-40 10)	10	-40	-624.0	271.0
230180	2023-03-04 13:34:00	2023-03-04 13:42:00	2023-03-04 13:47:00	M1.2		POINT(-43 8)	8	-43	-629.0	233.0
230190	2023-03-04 14:35:00	2023-03-04 14:40:00	2023-03-04 14:44:00	C4.8		POINT(-43 13)	13	-43	-638.0	294.0
230200	2023-03-04 15:19:00	2023-03-04 15:57:00	2023-03-04 16:26:00	M5.2		POINT(87 19)	19	87	930.0	338.0
230210	2023-03-04 19:50:00	2023-03-04 19:57:00	2023-03-04 20:01:00	C4.8		POINT(86 24)	24	86	884.0	405.0
230220	2023-03-04 20:25:00	2023-03-04 20:31:00	2023-03-04 20:51:00	C6.5		POINT(86 22)	22	86	899.0	380.0
230230	2023-03-04 22:00:00	2023-03-04 22:10:00	2023-03-04 22:18:00	C4.2		POINT(48 20)	20	48	668.0	410.0
230240	2023-03-04 23:33:00	2023-03-04 23:40:00	2023-03-04 23:44:00	C3.3		POINT(-38 8)	8	-38	-590.0	245.0
230250	2023-03-05 00:37:00	2023-03-05 00:43:00	2023-03-05 00:48:00	C3.2		POINT(-37 9)	9	-37	-580.0	250.0
230260	2023-03-05 02:40:00	2023-03-05 02:52:00	2023-03-05 03:03:00	M1.3		POINT(86 22)	22	86	897.0	373.0
230270	2023-03-05 03:44:00	2023-03-05 03:54:00	2023-03-05 04:03:00	C8.2		POINT(47 18)	18	47	700.0	403.0
230280	2023-03-05 11:24:00	2023-03-05 11:33:00	2023-03-05 11:37:00	C3.6		POINT(-26 8)	8	-26	-432.0	252.0
230290	2023-03-05 13:23:00	2023-03-05 13:58:00	2023-03-05 14:21:00	C6.2		POINT(56 18)	18	56	770.0	366.0
230300	2023-03-05 16:24:00	2023-03-05 16:41:00	2023-03-05 16:58:00	M1.0		POINT(12 10)	10	12	198.0	168.0
230310	2023-03-05 16:53:00	2023-03-05 17:01:00	2023-03-05 17:11:00	M1.0		POINT(-37 14)	14	-37	-566.0	329.0
230320	2023-03-05 19:23:00	2023-03-05 19:33:00	2023-03-05 19:44:00	C3.8		POINT(60 18)	18	60	796.0	365.0
230330	2023-03-05 20:54:00	2023-03-05 21:02:00	2023-03-05 21:17:00	C2.1		POINT(-53 -22)	-22	-53	-718.0	-295.0
230340	2023-03-05 21:29:00	2023-03-05 21:36:00	2023-03-05 21:41:00	M5.0		POINT(60 18)	18	60	801.0	360.0
230350	2023-03-06 01:14:00	2023-03-06 01:22:00	2023-03-06 01:29:00	C2.6		POINT(64 18)	18	64	831.0	352.0
230360	2023-03-06 02:08:00	2023-03-06 02:28:00	2023-03-06 02:35:00	M5.8		POINT(65 19)	19	65	821.0	356.0
230370	2023-03-06 08:57:00	2023-03-06 09:12:00	2023-03-06 09:37:00	M1.3		POINT(86 24)	24	86	890.0	404.0
230380	2023-03-06 12:01:00	2023-03-06 12:18:00	2023-03-06 12:30:00	C5.0		POINT(71 19)	19	71	860.0	365.0
230390	2023-03-06 14:19:00	2023-03-06 14:24:00	2023-03-06 14:30:00	C4.3		POINT(72 18)	18	72	873.0	339.0
230400	2023-03-06 14:30:00	2023-03-06 14:42:00	2023-03-06 14:49:00	C7.2		POINT(-9 31)	31	-9	-121.0	595.0
230410	2023-03-06 17:05:00	2023-03-06 17:14:00	2023-03-06 17:24:00	C2.3		POINT(74 18)	18	74	882.0	336.0
230420	2023-03-06 17:24:00	2023-03-06 17:50:00	2023-03-06 18:10:00	M1.0		POINT(-24 14)	14	-24	-386.0	348.0
230430	2023-03-07 02:23:00	2023-03-07 02:39:00	2023-03-07 03:14:00	C4.0		POINT(-40 -26)	-26	-40	-561.0	-348.0
230440	2023-03-07 03:58:00	2023-03-07 04:05:00	2023-03-07 04:12:00	C4.7		POINT(80 18)	18	80	902.0	329.0
230450	2023-03-07 08:11:00	2023-03-07 08:20:00	2023-03-07 08:28:00	C3.0		POINT(83 18)	18	83	909.0	321.0
230460	2023-03-07 10:26:00	2023-03-07 10:37:00	2023-03-07 10:49:00	C1.8		POINT(-32 -21)	-21	-32	-483.0	-248.0
230470	2023-03-07 12:44:00	2023-03-07 12:50:00	2023-03-07 12:54:00	C1.6		POINT(85 18)	18	85	913.0	314.0
230480	2023-03-07 17:33:00	2023-03-07 17:49:00	2023-03-07 18:24:00	C2.6		POINT(-31 -26)	-26	-31	-455.0	-339.0
230490	2023-03-08 02:40:00	2023-03-08 02:47:00	2023-03-08 02:53:00	C1.8		POINT(75 -22)	-22	75	865.0	-331.0
230500	2023-03-08 05:19:00	2023-03-08 05:25:00	2023-03-08 05:29:00	C1.7		POINT(57 15)	15	57	832.0	311.0
230510	2023-03-08 09:53:00	2023-03-08 10:12:00	2023-03-08 10:46:00	M1.1		POINT(7 9)	9	7	117.0	274.0
230520	2023-03-08 13:35:00	2023-03-08 13:41:00	2023-03-08 13:55:00	C3.3		POINT(8 9)	9	8	136.0	271.0
230530	2023-03-08 16:21:00	2023-03-08 16:35:00	2023-03-08 16:53:00	C2.0		POINT(-86 25)	25	-86	-872.0	418.0
230540	2023-03-08 19:27:00	2023-03-08 19:44:00	2023-03-08 20:11:00	C3.7		POINT(-16 -23)	-23	-16	-245.0	-377.0
230550	2023-03-08 22:35:00	2023-03-08 22:44:00	2023-03-08 22:52:00	M1.3		POINT(-14 -24)	-24	-14	-202.0	-279.0
230560	2023-03-08 23:57:00	2023-03-09 00:07:00	2023-03-09 00:22:00	C1.8		POINT(73 13)	13	73	900.0	263.0
230570	2023-03-09 00:44:00	2023-03-09 00:54:00	2023-03-09 01:07:00	C4.2		POINT(10 11)	11	10	241.0	270.0
230580	2023-03-09 01:14:00	2023-03-09 01:19:00	2023-03-09 01:27:00	C3.9		POINT(73 14)	14	73	897.0	269.0
230590	2023-03-09 06:24:00	2023-03-09 06:31:00	2023-03-09 06:37:00	C1.4		POINT(10 11)	11	10	227.0	305.0
230600	2023-03-09 08:30:00	2023-03-09 09:04:00	2023-03-09 09:19:00	C3.1		POINT(-8 -22)	-22	-8	-131.0	-253.0
230610	2023-03-09 10:03:00	2023-03-09 10:11:00	2023-03-09 10:26:00	C1.8		POINT(87 -21)	-21	87	907.0	-366.0
230620	2023-03-09 13:38:00	2023-03-09 13:53:00	2023-03-09 14:02:00	C3.0		POINT(11 12)	12	11	188.0	318.0
230630	2023-03-09 14:02:00	2023-03-09 14:14:00	2023-03-09 14:30:00	C3.5		POINT(22 8)	8	22	373.0	258.0
230640	2023-03-09 14:44:00	2023-03-09 14:56:00	2023-03-09 15:38:00	C3.7		POINT(-5 -22)	-22	-5	-66.0	-261.0
230650	2023-03-09 18:10:00	2023-03-09 18:16:00	2023-03-09 18:23:00	C2.4		POINT(-47 -21)	-21	-47	-667.0	-283.0
230660	2023-03-09 18:24:00	2023-03-09 18:30:00	2023-03-09 18:36:00	C2.6		POINT(-2 -22)	-22	-2	-34.0	-254.0
230670	2023-03-09 19:59:00	2023-03-09 20:11:00	2023-03-09 20:17:00	C3.1		POINT(-1 -23)	-23	-1	-23.0	-268.0
230680	2023-03-09 20:17:00	2023-03-09 20:24:00	2023-03-09 20:32:00	C6.2		POINT(-1 -24)	-24	-1	-24.0	-288.0
230690	2023-03-09 20:56:00	2023-03-09 21:09:00	2023-03-09 21:28:00	C2.9		POINT(-49 -21)	-21	-49	-684.0	-270.0
230700	2023-03-09 23:21:00	2023-03-09 23:31:00	2023-03-09 23:42:00	C3.4		POINT(-59 23)	23	-59	-767.0	437.0
230710	2023-03-10 06:42:00	2023-03-10 07:08:00	2023-03-10 07:18:00	C7.1		POINT(0 -24)	-24	0	76.0	-252.0
230720	2023-03-10 09:37:00	2023-03-10 10:28:00	2023-03-10 12:14:00	C4.5		POINT(10 -25)	-25	10	152.0	-408.0
230730	2023-03-10 10:16:00	2023-03-10 10:24:00	2023-03-10 10:28:00	C3.9		POINT(7 -21)	-21	7	113.0	-243.0
230740	2023-03-10 13:12:00	2023-03-10 13:33:00	2023-03-10 13:48:00	C2.5		POINT(65 -13)	-13	65	873.0	-167.0
230750	2023-03-10 14:38:00	2023-03-10 14:55:00	2023-03-10 15:11:00	C3.2		POINT(9 -20)	-20	9	142.0	-330.0
230760	2023-03-11 00:39:00	2023-03-11 00:40:00	2023-03-11 01:06:00	C4.9		POINT(17 -25)	-25	17	220.0	-270.0
230770	2023-03-11 05:30:00	2023-03-11 05:35:00	2023-03-11 05:47:00	C1.4		POINT(20 -23)	-23	20	285.0	-240.0
230780	2023-03-11 06:03:00	2023-03-11 06:10:00	2023-03-11 06:19:00	C1.3		POINT(18 -19)	-19	18	296.0	-219.0
230790	2023-03-11 10:08:00	2023-03-11 10:16:00	2023-03-11 10:24:00	C1.2		POINT(19 -26)	-26	19	276.0	-341.0
230800	2023-03-11 10:29:00	2023-03-11 10:38:00	2023-03-11 10:45:00	C1.2		POINT(18 -27)	-27	18	276.0	-343.0
230810	2023-03-11 14:35:00	2023-03-11 14:38:00	2023-03-11 16:44:00	C1.6		POINT(21 -20)	-20	21	325.0	-330.0
230820	2023-03-12 07:02:00	2023-03-12 07:19:00	2023-03-12 07:32:00	C3.2		POINT(-9 -30)	-30	-9	-132.0	-364.0
230830	2023-03-12 10:10:00	2023-03-12 10:18:00	2023-03-12 10:27:00	C1.6		POINT(34 -20)	-20	34	514.0	-250.0
230840	2023-03-13 10:18:00	2023-03-13 11:06:00	2023-03-13 11:48:00	C3.1		POINT(-7 27)	27	-7	-110.0	554.0
230850	2023-03-14 04:59:00	2023-03-14 05:04:00	2023-03-14 05:12:00	B9.2		POINT(17 -24)	-24	17	266.0	-297.0
230860	2023-03-14 05:51:00	2023-03-14 06:06:00	2023-03-14 06:26:00	C3.0		POINT(7 -18)	-18	7	181.0	-233.0
230870	2023-03-14 08:02:00	2023-03-14 08:09:00	2023-03-14 08:15:00	C1.3		POINT(20 -26)	-26	20	291.0	-293.0
230880	2023-03-14 11:00:00	2023-03-14 11:19:00	2023-03-14 11:33:00	C2.9		POINT(20 -24)	-24	20	308.0	-296.0
230890	2023-03-14 22:16:00	2023-03-14 22:26:00	2023-03-14 22:37:00	C1.2		POINT(23 -28)	-28	23	335.0	-387.0
230900	2023-03-14 23:25:00	2023-03-14 23:28:00	2023-03-14 23:32:00	C1.0		POINT(19 -20)	-20	19	303.0	-236.0
230910	2023-03-15 06:23:00	2023-03-15 06:30:00	2023-03-15 06:36:00	C1.0		POINT(32 -23)	-23	32	470.0	-288.0
230920	2023-03-15 19:36:00	2023-03-15 19:43:00	2023-03-15 19:49:00	B8.6		POINT(38 -23)	-23	38	555.0	-302.0
230930	2023-03-15 21:01:00	2023-03-15 22:16:00	2023-03-15 23:11:00	C1.0		POINT(16 23)	23	16	252.0	494.0
230940	2023-03-16 06:15:00	2023-03-16 06:43:00	2023-03-16 07:12:00	C1.3		POINT(21 23)	23	21	321.0	490.0
230950	2023-03-16 12:43:00	2023-03-16 12:55:00	2023-03-16 13:12:00	C1.4		POINT(-87 -22)	-22	-87	-900.0	-368.0
230960	2023-03-17 06:12:00	2023-03-17 06:26:00	2023-03-17 06:34:00	C6.4		POINT(-87 -20)	-20	-87	-911.0	-350.0
230970	2023-03-17 06:45:00	2023-03-17 06:52:00	2023-03-17 06:57:00	C6.4		POINT(-80 -19)	-19	-80	-901.0	-313.0
230980	2023-03-17 10:30:00	2023-03-17 10:35:00	2023-03-17 10:41:00	C1.4		POINT(-87 -22)	-22	-87	-897.0	-382.0
230990	2023-03-17 12:15:00	2023-03-17 12:38:00	2023-03-17 12:58:00	C3.0		POINT(-86 -29)	-29	-86	-852.0	-486.0
231000	2023-03-17 12:58:00	2023-03-17 13:14:00	2023-03-17 13:20:00	C7.3		POINT(64 -22)	-22	64	807.0	-321.0
231010	2023-03-17 15:04:00	2023-03-17 15:07:00	2023-03-17 15:11:00	M1.0		POINT(65 -22)	-22	65	814.0	-323.0
231020	2023-03-18 00:27:00	2023-03-18 00:37:00	2023-03-18 00:42:00	C3.8		POINT(-79 -24)	-24	-79	-869.0	-283.0
231030	2023-03-18 07:10:00	2023-03-18 07:16:00	2023-03-18 07:20:00	C9.4		POINT(-72 -22)	-22	-72	-857.0	-278.0
231040	2023-03-19 02:12:00	2023-03-19 02:15:00	2023-03-19 02:19:00	C2.8		POINT(-63 -22)	-22	-63	-755.0	-331.0
231050	2023-03-19 03:22:00	2023-03-19 03:30:00	2023-03-19 03:38:00	C1.7		POINT(-82 -24)	-24	-82	-867.0	-384.0
231060	2023-03-19 03:54:00	2023-03-19 03:56:00	2023-03-19 04:00:00	C2.4		POINT(-57 -24)	-24	-57	-745.0	-335.0
231070	2023-03-19 06:30:00	2023-03-19 06:35:00	2023-03-19 06:41:00	C4.5		POINT(-60 -22)	-22	-60	-740.0	-341.0
231080	2023-03-19 08:39:00	2023-03-19 08:44:00	2023-03-19 08:48:00	C1.8		POINT(-76 -27)	-27	-76	-836.0	-410.0
231090	2023-03-19 11:46:00	2023-03-19 11:51:00	2023-03-19 11:55:00	C1.5		POINT(-76 -26)	-26	-76	-828.0	-406.0
231100	2023-03-19 17:04:00	2023-03-19 17:07:00	2023-03-19 17:11:00	C1.8		POINT(-66 -23)	-23	-66	-812.0	-341.0
231110	2023-03-19 17:59:00	2023-03-19 18:09:00	2023-03-19 18:13:00	C4.9		POINT(-48 -24)	-24	-48	-663.0	-326.0
231120	2023-03-19 19:02:00	2023-03-19 19:07:00	2023-03-19 19:11:00	C2.2		POINT(-71 -26)	-26	-71	-809.0	-401.0
231130	2023-03-20 00:57:00	2023-03-20 01:14:00	2023-03-20 01:19:00	C4.1		POINT(-57 -20)	-20	-57	-758.0	-276.0
231140	2023-03-20 01:19:00	2023-03-20 01:48:00	2023-03-20 02:26:00	M1.2		POINT(-57 -21)	-21	-57	-758.0	-294.0
231150	2023-03-20 09:24:00	2023-03-20 09:37:00	2023-03-20 09:49:00	C5.2		POINT(-41 -25)	-25	-41	-581.0	-338.0
231160	2023-03-20 14:07:00	2023-03-20 15:34:00	2023-03-20 18:14:00	C4.4		POINT(-28 32)	32	-28	-385.0	601.0
231170	2023-03-21 08:09:00	2023-03-21 08:12:00	2023-03-21 08:22:00	C1.4		POINT(87 13)	13	87	946.0	236.0
231180	2023-03-21 10:16:00	2023-03-21 10:29:00	2023-03-21 10:41:00	C1.7		POINT(-11 20)	20	-11	-175.0	442.0
231190	2023-03-21 13:46:00	2023-03-21 13:54:00	2023-03-21 13:58:00	C4.6		POINT(-46 -27)	-27	-46	-626.0	-364.0
231200	2023-03-21 22:07:00	2023-03-21 22:13:00	2023-03-21 22:17:00	C1.5		POINT(-42 -26)	-26	-42	-581.0	-354.0
231210	2023-03-21 23:49:00	2023-03-21 23:57:00	2023-03-22 00:01:00	C1.7		POINT(-41 -26)	-26	-41	-566.0	-355.0
231220	2023-03-22 06:53:00	2023-03-22 07:03:00	2023-03-22 07:10:00	C1.4		POINT(-38 21)	21	-38	-563.0	434.0
231230	2023-03-22 07:10:00	2023-03-22 07:16:00	2023-03-22 07:20:00	C1.3		POINT(75 -18)	-18	75	884.0	-280.0
231240	2023-03-22 11:52:00	2023-03-22 12:01:00	2023-03-22 12:05:00	C1.6		POINT(-36 -27)	-27	-36	-495.0	-347.0
231250	2023-03-22 15:39:00	2023-03-22 16:05:00	2023-03-22 16:24:00	C1.7		POINT(-87 -21)	-21	-87	-897.0	-362.0
231260	2023-03-22 19:09:00	2023-03-22 19:57:00	2023-03-22 21:00:00	C2.5		POINT(-21 -24)	-24	-21	-316.0	-293.0
231270	2023-03-23 11:55:00	2023-03-23 12:02:00	2023-03-23 12:21:00	B9.6		POINT(-22 -14)	-14	-22	-391.0	-173.0
231280	2023-03-23 13:13:00	2023-03-23 13:22:00	2023-03-23 13:30:00	B9.2		POINT(-80 -22)	-22	-80	-879.0	-341.0
231290	2023-03-23 21:42:00	2023-03-23 21:48:00	2023-03-23 21:54:00	B8.6		POINT(-16 17)	17	-16	-238.0	398.0
231300	2023-03-24 04:01:00	2023-03-24 04:12:00	2023-03-24 04:22:00	B9.6		POINT(-59 -18)	-18	-59	-788.0	-252.0
231310	2023-03-24 06:04:00	2023-03-24 06:07:00	2023-03-24 06:11:00	C1.7		POINT(-5 -21)	-21	-5	-65.0	-236.0
231320	2023-03-24 06:25:00	2023-03-24 06:29:00	2023-03-24 06:33:00	C1.0		POINT(-2 -25)	-25	-2	-23.0	-302.0
231330	2023-03-24 12:04:00	2023-03-24 12:14:00	2023-03-24 12:25:00	C1.3		POINT(2 -23)	-23	2	24.0	-303.0
231340	2023-03-24 13:23:00	2023-03-24 13:40:00	2023-03-24 13:50:00	C2.2		POINT(0 -21)	-21	0	10.0	-247.0
231350	2023-03-24 16:41:00	2023-03-24 16:50:00	2023-03-24 17:06:00	C1.1		POINT(-3 16)	16	-3	-48.0	265.0
231360	2023-03-24 18:22:00	2023-03-24 18:27:00	2023-03-24 18:35:00	C1.0		POINT(-2 16)	16	-2	-32.0	265.0
231370	2023-03-25 00:32:00	2023-03-25 00:39:00	2023-03-25 00:45:00	C1.5		POINT(-3 17)	17	-3	-48.0	281.0
231380	2023-03-25 00:37:00	2023-03-25 00:37:00	2023-03-25 00:41:00	C1.6		POINT(-3 17)	17	-3	-48.0	281.0
231390	2023-03-26 03:59:00	2023-03-26 04:06:00	2023-03-26 04:16:00	C2.6		POINT(-4 -21)	-21	-4	-62.0	-344.0
231400	2023-03-26 04:42:00	2023-03-26 05:06:00	2023-03-26 05:20:00	C2.3		POINT(-33 -19)	-19	-33	-495.0	-313.0
231410	2023-03-26 14:35:00	2023-03-26 14:42:00	2023-03-26 14:48:00	C1.3		POINT(-26 -21)	-21	-26	-389.0	-243.0
231420	2023-03-26 16:58:00	2023-03-26 17:08:00	2023-03-26 17:17:00	C3.0		POINT(29 -21)	-21	29	467.0	-260.0
231430	2023-03-26 21:37:00	2023-03-26 21:41:00	2023-03-26 21:46:00	C1.1		POINT(28 -22)	-22	28	420.0	-272.0
231440	2023-03-27 05:17:00	2023-03-27 05:21:00	2023-03-27 05:35:00	C1.3		POINT(4 -37)	-37	4	61.0	-500.0
231450	2023-03-27 05:36:00	2023-03-27 05:43:00	2023-03-27 05:49:00	C1.9		POINT(33 -22)	-22	33	496.0	-283.0
231460	2023-03-27 06:20:00	2023-03-27 06:36:00	2023-03-27 06:57:00	C4.6		POINT(33 -22)	-22	33	498.0	-290.0
231470	2023-03-27 07:27:00	2023-03-27 07:37:00	2023-03-27 07:45:00	C2.5		POINT(37 -20)	-20	37	569.0	-262.0
231480	2023-03-27 09:15:00	2023-03-27 09:15:00	2023-03-27 10:01:00	C1.6		POINT(34 -21)	-21	34	515.0	-272.0
231490	2023-03-27 10:38:00	2023-03-27 10:43:00	2023-03-27 10:49:00	C2.7		POINT(36 -21)	-21	36	535.0	-280.0
231500	2023-03-27 18:51:00	2023-03-27 19:05:00	2023-03-27 19:26:00	C2.9		POINT(69 24)	24	69	827.0	417.0
231510	2023-03-27 20:20:00	2023-03-27 20:39:00	2023-03-27 21:02:00	C3.0		POINT(44 -21)	-21	44	575.0	-300.0
231520	2023-03-28 07:06:00	2023-03-28 07:18:00	2023-03-28 07:30:00	C1.9		POINT(46 -23)	-23	46	623.0	-307.0
231530	2023-03-28 10:37:00	2023-03-28 10:45:00	2023-03-28 10:52:00	C1.7		POINT(23 21)	21	23	352.0	432.0
231540	2023-03-28 15:00:00	2023-03-28 15:09:00	2023-03-28 15:17:00	C1.6		POINT(56 -21)	-21	56	748.0	-287.0
231550	2023-03-28 15:37:00	2023-03-28 15:47:00	2023-03-28 15:58:00	C2.3		POINT(36 -21)	-21	36	527.0	-344.0
231560	2023-03-28 18:54:00	2023-03-28 19:07:00	2023-03-28 19:20:00	C2.6		POINT(87 -19)	-19	87	906.0	-324.0
231570	2023-03-28 21:38:00	2023-03-28 21:52:00	2023-03-28 22:06:00	C2.2		POINT(38 25)	25	38	535.0	492.0
231580	2023-03-28 22:47:00	2023-03-28 23:12:00	2023-03-28 23:57:00	C2.7		POINT(57 -22)	-22	57	747.0	-360.0
231590	2023-03-29 00:22:00	2023-03-29 00:27:00	2023-03-29 00:31:00	C2.4		POINT(58 -22)	-22	58	760.0	-314.0
231600	2023-03-29 02:18:00	2023-03-29 02:33:00	2023-03-29 02:40:00	X1.2		POINT(59 -21)	-21	59	770.0	-299.0
231610	2023-03-29 13:47:00	2023-03-29 14:07:00	2023-03-29 14:15:00	M1.2		POINT(68 -21)	-21	68	826.0	-310.0
231620	2023-03-29 15:58:00	2023-03-29 16:12:00	2023-03-29 16:14:00	C6.6		POINT(64 -21)	-21	64	823.0	-312.0
231630	2023-03-29 23:35:00	2023-03-29 23:47:00	2023-03-29 23:58:00	M1.1		POINT(73 -23)	-23	73	855.0	-305.0
231640	2023-03-30 07:24:00	2023-03-30 07:37:00	2023-03-30 07:43:00	M5.4		POINT(81 -22)	-22	81	865.0	-345.0
231650	2023-03-30 14:16:00	2023-03-30 14:24:00	2023-03-30 14:30:00	C1.3		POINT(71 -18)	-18	71	863.0	-277.0
231660	2023-03-30 19:23:00	2023-03-30 19:44:00	2023-03-30 20:29:00	C2.8		POINT(29 -21)	-21	29	428.0	-244.0
231670	2023-03-30 23:08:00	2023-03-30 23:26:00	2023-03-30 23:44:00	C1.9		POINT(60 18)	18	60	778.0	385.0
231680	2023-03-31 01:38:00	2023-03-31 01:47:00	2023-03-31 01:58:00	C1.3		POINT(88 -22)	-22	88	888.0	-357.0
231690	2023-03-31 02:33:00	2023-03-31 02:37:00	2023-03-31 02:41:00	C1.2		POINT(80 -23)	-23	80	870.0	-359.0
231700	2023-03-31 05:32:00	2023-03-31 05:36:00	2023-03-31 05:40:00	C1.2		POINT(67 10)	10	67	871.0	215.0
231710	2023-03-31 09:02:00	2023-03-31 09:09:00	2023-03-31 09:14:00	C4.4		POINT(80 25)	25	80	853.0	429.0
231720	2023-03-31 09:54:00	2023-03-31 10:00:00	2023-03-31 10:08:00	C1.0		POINT(-67 -11)	-11	-67	-874.0	-145.0
231730	2023-03-31 11:03:00	2023-03-31 11:16:00	2023-03-31 11:24:00	C1.2		POINT(87 -22)	-22	87	886.0	-372.0
231740	2023-03-31 11:24:00	2023-03-31 11:32:00	2023-03-31 11:36:00	B9.8		POINT(87 -25)	-25	87	879.0	-417.0
231750	2023-03-31 13:51:00	2023-03-31 13:54:00	2023-03-31 14:00:00	C1.1		POINT(89 -21)	-21	89	893.0	-349.0
231760	2023-03-31 14:18:00	2023-03-31 14:46:00	2023-03-31 15:10:00	C1.6		POINT(85 30)	30	85	838.0	494.0
231770	2023-03-31 17:18:00	2023-03-31 17:25:00	2023-03-31 17:32:00	C1.1		POINT(87 -21)	-21	87	906.0	-350.0
231780	2023-03-31 20:39:00	2023-03-31 20:57:00	2023-03-31 21:04:00	C9.7		POINT(90 -24)	-24	90	901.0	-375.0
231790	2023-03-31 23:34:00	2023-03-31 23:50:00	2023-04-01 00:12:00	C1.9		POINT(-22 -19)	-19	-22	-353.0	-228.0
231800	2023-04-01 02:49:00	2023-04-01 03:28:00	2023-04-01 04:31:00	C6.7		POINT(86 -27)	-27	86	870.0	-452.0
231810	2023-04-02 07:56:00	2023-04-02 08:26:00	2023-04-02 09:05:00	C1.0		POINT(86 22)	22	86	915.0	391.0
231820	2023-04-02 18:51:00	2023-04-02 18:56:00	2023-04-02 19:01:00	B9.7		POINT(1 -23)	-23	1	16.0	-271.0
231830	2023-04-02 20:18:00	2023-04-02 20:29:00	2023-04-02 20:39:00	C1.8		POINT(2 -23)	-23	2	22.0	-270.0
231840	2023-04-02 21:36:00	2023-04-02 21:47:00	2023-04-02 22:12:00	C1.3		POINT(3 -23)	-23	3	38.0	-267.0
231850	2023-04-02 23:04:00	2023-04-02 23:13:00	2023-04-02 23:23:00	C3.4		POINT(3 -22)	-22	3	51.0	-266.0
231860	2023-04-03 08:47:00	2023-04-03 09:52:00	2023-04-03 10:05:00	C2.5		POINT(-86 -29)	-29	-86	-840.0	-475.0
231870	2023-04-03 22:17:00	2023-04-03 22:20:00	2023-04-03 22:24:00	B8.8		POINT(15 -22)	-22	15	242.0	-266.0
231880	2023-04-03 22:42:00	2023-04-03 22:47:00	2023-04-03 22:52:00	B8.0		POINT(15 -22)	-22	15	239.0	-270.0
231890	2023-04-03 23:49:00	2023-04-03 23:53:00	2023-04-03 23:57:00	C2.8		POINT(16 -22)	-22	16	254.0	-268.0
231900	2023-04-04 02:28:00	2023-04-04 02:49:00	2023-04-04 03:03:00	C1.7		POINT(19 -19)	-19	19	299.0	-226.0
231910	2023-04-04 03:03:00	2023-04-04 03:08:00	2023-04-04 03:17:00	C2.1		POINT(-76 -17)	-17	-76	-888.0	-264.0
231920	2023-04-04 13:24:00	2023-04-04 13:34:00	2023-04-04 13:47:00	B8.4		POINT(24 -22)	-22	24	366.0	-280.0
231930	2023-04-05 05:17:00	2023-04-05 05:22:00	2023-04-05 05:47:00	C1.1		POINT(-29 1)	1	-29	-473.0	110.0
231940	2023-04-05 09:59:00	2023-04-05 10:20:00	2023-04-05 10:32:00	C1.3		POINT(-87 -21)	-21	-87	-911.0	-358.0
231950	2023-04-05 12:03:00	2023-04-05 12:17:00	2023-04-05 12:33:00	C1.8		POINT(-87 -19)	-19	-87	-919.0	-333.0
231960	2023-04-05 15:36:00	2023-04-05 15:43:00	2023-04-05 15:57:00	C0.9		POINT(-87 -26)	-26	-87	-877.0	-432.0
231970	2023-04-05 17:07:00	2023-04-05 17:11:00	2023-04-05 17:15:00	C1.0		POINT(-88 -19)	-19	-88	-916.0	-318.0
231980	2023-04-05 17:41:00	2023-04-05 17:52:00	2023-04-05 18:01:00	C1.7		POINT(-87 -20)	-20	-87	-911.0	-337.0
231990	2023-04-05 18:01:00	2023-04-05 18:09:00	2023-04-05 18:13:00	C1.4		POINT(42 -25)	-25	42	586.0	-334.0
232000	2023-04-05 18:57:00	2023-04-05 19:01:00	2023-04-05 19:11:00	C1.2		POINT(-87 -25)	-25	-87	-874.0	-422.0
232010	2023-04-05 21:12:00	2023-04-05 21:19:00	2023-04-05 21:23:00	C1.4		POINT(-87 -25)	-25	-87	-878.0	-415.0
232020	2023-04-05 22:02:00	2023-04-05 22:06:00	2023-04-05 22:14:00	C1.2		POINT(-87 -22)	-22	-87	-898.0	-370.0
232030	2023-04-06 01:12:00	2023-04-06 01:23:00	2023-04-06 01:30:00	C2.4		POINT(-87 -20)	-20	-87	-906.0	-346.0
232040	2023-04-06 04:48:00	2023-04-06 04:54:00	2023-04-06 04:58:00	C1.5		POINT(-87 -21)	-21	-87	-902.0	-352.0
232050	2023-04-06 05:36:00	2023-04-06 05:53:00	2023-04-06 06:04:00	M3.0		POINT(-87 -21)	-21	-87	-898.0	-356.0
232060	2023-04-06 12:46:00	2023-04-06 12:55:00	2023-04-06 13:00:00	C1.1		POINT(-87 -20)	-20	-87	-904.0	-335.0
232070	2023-04-06 13:00:00	2023-04-06 13:03:00	2023-04-06 13:07:00	C1.5		POINT(-87 -20)	-20	-87	-901.0	-330.0
232080	2023-04-06 13:21:00	2023-04-06 14:00:00	2023-04-06 14:29:00	C3.9		POINT(61 -31)	-31	61	720.0	-454.0
232090	2023-04-07 02:35:00	2023-04-07 02:49:00	2023-04-07 03:00:00	C1.3		POINT(61 -17)	-17	61	803.0	-242.0
232100	2023-04-07 06:21:00	2023-04-07 06:27:00	2023-04-07 06:47:00	C1.4		POINT(-80 -21)	-21	-80	-882.0	-325.0
232110	2023-04-07 16:27:00	2023-04-07 16:37:00	2023-04-07 16:41:00	C1.1		POINT(-65 -18)	-18	-65	-829.0	-264.0
232120	2023-04-07 20:14:00	2023-04-07 20:22:00	2023-04-07 20:27:00	C1.7		POINT(-72 -21)	-21	-72	-849.0	-322.0
232130	2023-04-07 20:33:00	2023-04-07 20:42:00	2023-04-07 20:46:00	C2.5		POINT(-62 -18)	-18	-62	-813.0	-262.0
232140	2023-04-07 23:24:00	2023-04-07 23:34:00	2023-04-07 23:50:00	C5.8		POINT(-62 -18)	-18	-62	-803.0	-263.0
232150	2023-04-08 01:38:00	2023-04-08 01:46:00	2023-04-08 01:50:00	M2.9		POINT(-57 -21)	-21	-57	-796.0	-258.0
232160	2023-04-08 04:32:00	2023-04-08 04:43:00	2023-04-08 04:49:00	C5.3		POINT(-57 -21)	-21	-57	-750.0	-343.0
232170	2023-04-08 10:24:00	2023-04-08 10:30:00	2023-04-08 10:34:00	C1.1		POINT(-62 -22)	-22	-62	-788.0	-314.0
232180	2023-04-08 11:14:00	2023-04-08 11:19:00	2023-04-08 11:23:00	C3.2		POINT(-54 -19)	-19	-54	-743.0	-255.0
232190	2023-04-08 13:20:00	2023-04-08 13:25:00	2023-04-08 13:29:00	C1.2		POINT(-53 -23)	-23	-53	-720.0	-302.0
232200	2023-04-08 14:06:00	2023-04-08 14:14:00	2023-04-08 14:18:00	C1.4		POINT(-53 -23)	-23	-53	-717.0	-296.0
232210	2023-04-08 17:22:00	2023-04-08 17:28:00	2023-04-08 17:32:00	C1.5		POINT(-50 -22)	-22	-50	-687.0	-302.0
232220	2023-04-08 18:37:00	2023-04-08 18:49:00	2023-04-08 19:28:00	C1.9		POINT(-50 -22)	-22	-50	-681.0	-302.0
232230	2023-04-08 19:16:00	2023-04-08 19:21:00	2023-04-08 19:25:00	C2.0		POINT(-58 -22)	-22	-58	-756.0	-309.0
232240	2023-04-08 19:37:00	2023-04-08 19:40:00	2023-04-08 19:44:00	C1.9		POINT(-50 -23)	-23	-50	-671.0	-305.0
232250	2023-04-08 21:53:00	2023-04-08 21:58:00	2023-04-08 22:02:00	C1.3		POINT(-49 -22)	-22	-49	-670.0	-301.0
232260	2023-04-08 22:47:00	2023-04-08 23:01:00	2023-04-08 23:26:00	C1.4		POINT(-56 -21)	-21	-56	-749.0	-290.0
232270	2023-04-09 01:25:00	2023-04-09 01:36:00	2023-04-09 01:51:00	C1.4		POINT(-49 -18)	-18	-49	-689.0	-242.0
232280	2023-04-09 02:14:00	2023-04-09 02:29:00	2023-04-09 02:55:00	C1.8		POINT(-54 -20)	-20	-54	-732.0	-284.0
232290	2023-04-09 02:54:00	2023-04-09 03:04:00	2023-04-09 03:15:00	C1.6		POINT(-51 -24)	-24	-51	-681.0	-339.0
232300	2023-04-09 05:51:00	2023-04-09 06:08:00	2023-04-09 06:24:00	C9.0		POINT(-47 -18)	-18	-47	-657.0	-248.0
232310	2023-04-09 07:33:00	2023-04-09 07:38:00	2023-04-09 07:53:00	C1.7		POINT(-87 -25)	-25	-87	-879.0	-413.0
232320	2023-04-09 07:53:00	2023-04-09 07:56:00	2023-04-09 08:00:00	C1.6		POINT(-36 8)	8	-36	-570.0	220.0
232330	2023-04-09 14:45:00	2023-04-09 14:53:00	2023-04-09 15:01:00	C3.2		POINT(-42 -19)	-19	-42	-606.0	-311.0
232340	2023-04-09 16:14:00	2023-04-09 16:28:00	2023-04-09 16:32:00	C2.4		POINT(-31 10)	10	-31	-485.0	166.0
232350	2023-04-09 16:32:00	2023-04-09 16:35:00	2023-04-09 16:39:00	C2.8		POINT(-88 -18)	-18	-88	-910.0	-296.0
232360	2023-04-09 18:13:00	2023-04-09 18:27:00	2023-04-09 18:36:00	C3.5		POINT(-42 -22)	-22	-42	-594.0	-358.0
232370	2023-04-09 18:29:00	2023-04-09 18:38:00	2023-04-09 19:03:00	C3.7		POINT(-42 -22)	-22	-42	-594.0	-358.0
232380	2023-04-09 19:16:00	2023-04-09 19:23:00	2023-04-09 19:29:00	C2.0		POINT(-30 10)	10	-30	-471.0	166.0
232390	2023-04-09 20:32:00	2023-04-09 20:39:00	2023-04-09 20:52:00	C1.5		POINT(-42 -25)	-25	-42	-581.0	-404.0
232400	2023-04-09 21:01:00	2023-04-09 21:19:00	2023-04-09 21:28:00	C2.7		POINT(-87 -22)	-22	-87	-887.0	-358.0
232410	2023-04-09 21:28:00	2023-04-09 21:34:00	2023-04-09 21:38:00	C2.4		POINT(-88 -18)	-18	-88	-921.0	-306.0
232420	2023-04-10 01:23:00	2023-04-10 01:36:00	2023-04-10 01:42:00	C2.8		POINT(-40 -23)	-23	-40	-567.0	-323.0
232430	2023-04-10 02:06:00	2023-04-10 02:11:00	2023-04-10 02:17:00	C1.0		POINT(-37 -23)	-23	-37	-542.0	-306.0
232440	2023-04-10 02:17:00	2023-04-10 02:27:00	2023-04-10 02:47:00	C1.4		POINT(-87 -21)	-21	-87	-905.0	-355.0
232450	2023-04-10 04:01:00	2023-04-10 04:05:00	2023-04-10 04:11:00	C1.2		POINT(-37 -23)	-23	-37	-530.0	-311.0
232460	2023-04-10 04:14:00	2023-04-10 04:29:00	2023-04-10 09:37:00	C3.5		POINT(-87 -21)	-21	-87	-901.0	-359.0
232470	2023-04-10 04:32:00	2023-04-10 04:39:00	2023-04-10 04:45:00	C6.0		POINT(-89 -22)	-22	-89	-886.0	-360.0
232480	2023-04-10 05:10:00	2023-04-10 05:20:00	2023-04-10 05:28:00	M2.8		POINT(-87 -21)	-21	-87	-902.0	-358.0
232490	2023-04-10 09:37:00	2023-04-10 09:45:00	2023-04-10 09:51:00	C2.9		POINT(-87 -20)	-20	-87	-904.0	-345.0
232500	2023-04-10 11:22:00	2023-04-10 11:30:00	2023-04-10 11:38:00	C1.3		POINT(-32 -23)	-23	-32	-477.0	-300.0
232510	2023-04-10 13:08:00	2023-04-10 13:18:00	2023-04-10 13:23:00	C1.3		POINT(-87 -20)	-20	-87	-906.0	-347.0
232520	2023-04-10 13:23:00	2023-04-10 13:37:00	2023-04-10 13:46:00	C1.6		POINT(-87 -21)	-21	-87	-894.0	-351.0
232530	2023-04-10 13:46:00	2023-04-10 13:51:00	2023-04-10 13:56:00	C6.0		POINT(-31 -22)	-22	-31	-470.0	-278.0
232540	2023-04-10 14:28:00	2023-04-10 14:36:00	2023-04-10 14:41:00	C1.3		POINT(-33 -23)	-23	-33	-483.0	-305.0
232550	2023-04-10 14:42:00	2023-04-10 14:48:00	2023-04-10 14:54:00	C2.1		POINT(-83 -17)	-17	-83	-905.0	-279.0
232560	2023-04-10 15:35:00	2023-04-10 15:47:00	2023-04-10 15:54:00	C3.3		POINT(-33 -23)	-23	-33	-480.0	-374.0
232570	2023-04-10 16:47:00	2023-04-10 16:54:00	2023-04-10 16:59:00	C1.8		POINT(-30 -23)	-23	-30	-440.0	-374.0
232580	2023-04-10 17:20:00	2023-04-10 17:39:00	2023-04-10 17:47:00	C3.3		POINT(-88 -20)	-20	-88	-899.0	-327.0
232590	2023-04-10 18:49:00	2023-04-10 18:56:00	2023-04-10 19:01:00	C1.9		POINT(-87 -21)	-21	-87	-902.0	-353.0
232600	2023-04-10 19:32:00	2023-04-10 19:40:00	2023-04-10 19:46:00	C1.4		POINT(-26 -18)	-18	-26	-389.0	-228.0
232610	2023-04-10 22:30:00	2023-04-10 22:34:00	2023-04-10 22:40:00	C1.8		POINT(-88 -19)	-19	-88	-910.0	-328.0
232620	2023-04-10 23:15:00	2023-04-10 23:19:00	2023-04-10 23:24:00	C2.3		POINT(-88 -19)	-19	-88	-910.0	-325.0
232630	2023-04-10 23:58:00	2023-04-11 00:05:00	2023-04-11 00:10:00	C2.6		POINT(-88 -19)	-19	-88	-908.0	-332.0
232640	2023-04-11 01:24:00	2023-04-11 01:33:00	2023-04-11 01:38:00	C1.2		POINT(-88 -19)	-19	-88	-907.0	-329.0
232650	2023-04-11 01:41:00	2023-04-11 01:45:00	2023-04-11 01:50:00	C1.5		POINT(-88 -20)	-20	-88	-900.0	-335.0
232660	2023-04-11 02:59:00	2023-04-11 03:07:00	2023-04-11 03:13:00	C6.3		POINT(-20 -19)	-19	-20	-318.0	-233.0
232670	2023-04-11 05:17:00	2023-04-11 05:25:00	2023-04-11 05:31:00	C1.4		POINT(-88 -20)	-20	-88	-906.0	-332.0
232680	2023-04-11 07:05:00	2023-04-11 07:12:00	2023-04-11 07:19:00	C1.1		POINT(-18 -20)	-20	-18	-297.0	-225.0
232690	2023-04-11 08:05:00	2023-04-11 08:15:00	2023-04-11 08:25:00	C1.6		POINT(-88 -18)	-18	-88	-915.0	-315.0
232700	2023-04-11 09:42:00	2023-04-11 09:47:00	2023-04-11 09:51:00	C1.1		POINT(-23 -23)	-23	-23	-351.0	-280.0
232710	2023-04-11 09:51:00	2023-04-11 10:16:00	2023-04-11 10:23:00	M1.3		POINT(-17 -20)	-20	-17	-272.0	-233.0
232720	2023-04-11 14:32:00	2023-04-11 14:41:00	2023-04-11 14:49:00	C2.1		POINT(-5 10)	10	-5	-76.0	272.0
232730	2023-04-11 22:30:00	2023-04-11 22:42:00	2023-04-11 22:56:00	C5.9		POINT(-9 -20)	-20	-9	-179.0	-231.0
232740	2023-04-12 04:50:00	2023-04-12 05:02:00	2023-04-12 05:10:00	C2.8		POINT(-72 -20)	-20	-72	-855.0	-306.0
232750	2023-04-12 08:36:00	2023-04-12 08:42:00	2023-04-12 08:48:00	C3.4		POINT(-69 -19)	-19	-69	-845.0	-303.0
232760	2023-04-12 11:33:00	2023-04-12 11:53:00	2023-04-12 12:04:00	C6.1		POINT(-70 -20)	-20	-70	-839.0	-298.0
232770	2023-04-12 15:38:00	2023-04-12 15:44:00	2023-04-12 15:48:00	C5.2		POINT(-87 -23)	-23	-87	-883.0	-383.0
232780	2023-04-12 22:22:00	2023-04-12 22:29:00	2023-04-12 22:33:00	C1.9		POINT(-62 -20)	-20	-62	-792.0	-294.0
232790	2023-04-12 22:54:00	2023-04-12 23:03:00	2023-04-12 23:06:00	C1.8		POINT(-64 -21)	-21	-64	-809.0	-301.0
232800	2023-04-12 23:26:00	2023-04-12 23:35:00	2023-04-12 23:49:00	C4.8		POINT(-64 -21)	-21	-64	-794.0	-290.0
232810	2023-04-13 00:46:00	2023-04-13 00:49:00	2023-04-13 00:50:00	C3.3		POINT(-62 -19)	-19	-62	-794.0	-309.0
232820	2023-04-13 01:15:00	2023-04-13 01:23:00	2023-04-13 01:31:00	C3.7		POINT(-62 -19)	-19	-62	-783.0	-298.0
232830	2023-04-13 02:17:00	2023-04-13 02:24:00	2023-04-13 02:31:00	C2.5		POINT(-62 -19)	-19	-62	-782.0	-296.0
232840	2023-04-13 03:54:00	2023-04-13 04:07:00	2023-04-13 04:11:00	C2.3		POINT(14 -10)	-10	14	230.0	-89.0
232850	2023-04-13 04:24:00	2023-04-13 04:34:00	2023-04-13 04:41:00	C2.0		POINT(-87 -24)	-24	-87	-872.0	-385.0
232860	2023-04-13 07:53:00	2023-04-13 07:59:00	2023-04-13 08:03:00	C3.9		POINT(-56 -20)	-20	-56	-756.0	-291.0
232870	2023-04-13 08:11:00	2023-04-13 08:18:00	2023-04-13 08:29:00	C3.8		POINT(-75 -23)	-23	-75	-860.0	-382.0
232880	2023-04-13 10:32:00	2023-04-13 10:43:00	2023-04-13 10:53:00	C8.4		POINT(8 -19)	-19	8	146.0	-243.0
232890	2023-04-13 10:53:00	2023-04-13 10:56:00	2023-04-13 11:00:00	C6.7		POINT(-54 -20)	-20	-54	-737.0	-298.0
232900	2023-04-13 11:53:00	2023-04-13 11:56:00	2023-04-13 12:02:00	C4.3		POINT(-53 -20)	-20	-53	-731.0	-296.0
232910	2023-04-13 18:50:00	2023-04-13 18:57:00	2023-04-13 19:03:00	C2.2		POINT(-74 -24)	-24	-74	-842.0	-370.0
232920	2023-04-13 20:29:00	2023-04-13 20:36:00	2023-04-13 20:42:00	C2.1		POINT(-68 10)	10	-68	-881.0	199.0
232930	2023-04-14 05:08:00	2023-04-14 05:16:00	2023-04-14 05:28:00	C2.2		POINT(-66 -22)	-22	-66	-816.0	-348.0
232940	2023-04-14 10:46:00	2023-04-14 10:52:00	2023-04-14 10:57:00	C3.3		POINT(-60 12)	12	-60	-815.0	249.0
232950	2023-04-14 12:44:00	2023-04-14 12:55:00	2023-04-14 13:05:00	C6.9		POINT(-57 12)	12	-57	-804.0	249.0
232960	2023-04-14 13:17:00	2023-04-14 13:20:00	2023-04-14 21:14:00	C3.7		POINT(-53 11)	11	-53	-800.0	242.0
232970	2023-04-14 13:37:00	2023-04-14 13:45:00	2023-04-14 13:51:00	C3.2		POINT(33 -8)	-8	33	515.0	-72.0
232980	2023-04-14 15:43:00	2023-04-14 15:49:00	2023-04-14 15:53:00	C2.3		POINT(-82 -24)	-24	-82	-865.0	-389.0
232990	2023-04-14 16:10:00	2023-04-14 16:18:00	2023-04-14 16:25:00	M1.1		POINT(-55 11)	11	-55	-769.0	182.0
233000	2023-04-14 16:44:00	2023-04-14 16:59:00	2023-04-14 17:08:00	C5.3		POINT(-56 11)	11	-56	-778.0	182.0
233010	2023-04-14 18:50:00	2023-04-14 19:07:00	2023-04-14 19:20:00	C2.9		POINT(41 -10)	-10	41	636.0	-104.0
233020	2023-04-14 19:20:00	2023-04-14 19:26:00	2023-04-14 19:36:00	C3.1		POINT(-53 11)	11	-53	-752.0	249.0
233030	2023-04-14 19:51:00	2023-04-14 19:56:00	2023-04-14 20:00:00	C4.5		POINT(-52 11)	11	-52	-744.0	244.0
233040	2023-04-14 20:39:00	2023-04-14 20:45:00	2023-04-14 20:51:00	C6.2		POINT(-52 11)	11	-52	-749.0	244.0
233050	2023-04-14 20:57:00	2023-04-14 21:01:00	2023-04-14 21:05:00	C5.1		POINT(-52 11)	11	-52	-740.0	248.0
233060	2023-04-14 23:18:00	2023-04-14 23:27:00	2023-04-14 23:31:00	M1.5		POINT(-54 11)	11	-54	-729.0	247.0
233070	2023-04-15 01:32:00	2023-04-15 01:37:00	2023-04-15 01:41:00	C2.8		POINT(40 -11)	-11	40	612.0	-114.0
233080	2023-04-15 01:49:00	2023-04-15 01:56:00	2023-04-15 02:01:00	C2.4		POINT(27 -24)	-24	27	404.0	-312.0
233090	2023-04-15 03:00:00	2023-04-15 03:06:00	2023-04-15 03:10:00	C3.3		POINT(33 -11)	-11	33	511.0	-182.0
233100	2023-04-15 05:18:00	2023-04-15 05:23:00	2023-04-15 05:31:00	C3.9		POINT(-46 11)	11	-46	-684.0	252.0
233110	2023-04-15 05:38:00	2023-04-15 05:46:00	2023-04-15 05:50:00	C2.9		POINT(20 -19)	-19	20	309.0	-311.0
233120	2023-04-15 05:50:00	2023-04-15 06:01:00	2023-04-15 06:07:00	C3.2		POINT(33 -19)	-19	33	501.0	-242.0
233130	2023-04-15 06:27:00	2023-04-15 06:47:00	2023-04-15 06:59:00	C5.0		POINT(44 -7)	-7	44	666.0	-63.0
233140	2023-04-15 06:59:00	2023-04-15 07:03:00	2023-04-15 07:07:00	C4.4		POINT(68 13)	13	68	868.0	248.0
233150	2023-04-15 08:44:00	2023-04-15 08:52:00	2023-04-15 08:58:00	C5.3		POINT(-39 14)	14	-39	-663.0	254.0
233160	2023-04-15 09:05:00	2023-04-15 09:14:00	2023-04-15 09:18:00	C7.1		POINT(-44 13)	13	-44	-654.0	255.0
233170	2023-04-15 09:45:00	2023-04-15 09:54:00	2023-04-15 09:58:00	C3.5		POINT(46 -6)	-6	46	661.0	-79.0
233180	2023-04-15 12:49:00	2023-04-15 12:56:00	2023-04-15 13:02:00	C2.4		POINT(-49 -21)	-21	-49	-684.0	-310.0
233190	2023-04-15 13:16:00	2023-04-15 13:23:00	2023-04-15 13:30:00	C2.6		POINT(-22 -20)	-20	-22	-344.0	-261.0
233200	2023-04-15 16:11:00	2023-04-15 16:18:00	2023-04-15 16:25:00	C3.3		POINT(-50 -22)	-22	-50	-663.0	-306.0
233210	2023-04-15 17:12:00	2023-04-15 17:23:00	2023-04-15 17:33:00	C5.4		POINT(50 -8)	-8	50	746.0	-59.0
233220	2023-04-15 21:10:00	2023-04-15 21:22:00	2023-04-15 21:37:00	C3.3		POINT(-40 12)	12	-40	-609.0	283.0
233230	2023-04-16 09:33:00	2023-04-16 09:37:00	2023-04-16 09:46:00	C2.0		POINT(33 11)	11	33	511.0	182.0
233240	2023-04-16 17:31:00	2023-04-16 17:44:00	2023-04-16 18:00:00	C9.0		POINT(-87 24)	24	-87	-877.0	409.0
233250	2023-04-16 19:36:00	2023-04-16 19:56:00	2023-04-16 21:09:00	C3.7		POINT(69 -6)	-6	69	886.0	-91.0
233260	2023-04-17 00:53:00	2023-04-17 00:59:00	2023-04-17 01:03:00	C2.2		POINT(-18 10)	10	-18	-299.0	250.0
233270	2023-04-17 03:21:00	2023-04-17 03:31:00	2023-04-17 03:40:00	C2.2		POINT(-45 -22)	-22	-45	-625.0	-308.0
233280	2023-04-17 04:08:00	2023-04-17 04:16:00	2023-04-17 04:29:00	C4.1		POINT(70 -10)	-10	70	910.0	-95.0
233290	2023-04-17 06:21:00	2023-04-17 06:33:00	2023-04-17 06:39:00	C7.0		POINT(-42 -23)	-23	-42	-595.0	-314.0
233300	2023-04-17 07:31:00	2023-04-17 07:40:00	2023-04-17 07:50:00	C2.1		POINT(0 -21)	-21	0	1.0	-258.0
233310	2023-04-17 08:28:00	2023-04-17 08:37:00	2023-04-17 08:47:00	C2.3		POINT(77 -7)	-7	77	925.0	-103.0
233320	2023-04-17 14:17:00	2023-04-17 14:31:00	2023-04-17 14:40:00	C6.9		POINT(-17 13)	13	-17	-272.0	215.0
233330	2023-04-18 03:56:00	2023-04-18 04:03:00	2023-04-18 04:07:00	C1.5		POINT(70 -10)	-10	70	937.0	-139.0
233340	2023-04-18 05:24:00	2023-04-18 05:30:00	2023-04-18 05:34:00	C2.4		POINT(82 -8)	-8	82	936.0	-136.0
233350	2023-04-18 09:27:00	2023-04-18 09:33:00	2023-04-18 09:37:00	C1.9		POINT(87 -8)	-8	87	944.0	-136.0
233360	2023-04-18 14:27:00	2023-04-18 14:35:00	2023-04-18 14:54:00	C2.4		POINT(89 -7)	-7	89	954.0	-132.0
233370	2023-04-18 15:21:00	2023-04-18 15:29:00	2023-04-18 15:36:00	C4.8		POINT(89 -8)	-8	89	945.0	-144.0
233380	2023-04-18 18:00:00	2023-04-18 18:13:00	2023-04-18 18:27:00	C3.2		POINT(-22 -22)	-22	-22	-331.0	-358.0
233390	2023-04-18 19:07:00	2023-04-18 19:17:00	2023-04-18 19:24:00	C1.9		POINT(78 -23)	-23	78	862.0	-356.0
233400	2023-04-18 22:45:00	2023-04-18 22:56:00	2023-04-18 23:17:00	C2.9		POINT(89 -7)	-7	89	957.0	-134.0
233410	2023-04-19 04:20:00	2023-04-19 04:30:00	2023-04-19 04:38:00	C2.3		POINT(85 -22)	-22	85	876.0	-363.0
233420	2023-04-19 08:11:00	2023-04-19 08:41:00	2023-04-19 09:12:00	C3.9		POINT(89 -7)	-7	89	957.0	-132.0
233430	2023-04-19 13:07:00	2023-04-19 13:18:00	2023-04-19 13:24:00	C2.3		POINT(14 13)	13	14	225.0	214.0
233440	2023-04-19 15:54:00	2023-04-19 16:08:00	2023-04-19 16:24:00	C2.7		POINT(13 11)	11	13	210.0	182.0
233450	2023-04-19 16:26:00	2023-04-19 16:38:00	2023-04-19 16:44:00	C3.4		POINT(15 12)	12	15	241.0	198.0
233460	2023-04-19 23:31:00	2023-04-19 23:48:00	2023-04-20 00:14:00	C2.6		POINT(-13 -21)	-21	-13	-221.0	-269.0
233470	2023-04-20 01:12:00	2023-04-20 01:19:00	2023-04-20 01:30:00	C2.2		POINT(87 19)	19	87	909.0	329.0
233480	2023-04-20 03:04:00	2023-04-20 03:12:00	2023-04-20 03:17:00	C2.2		POINT(-8 -21)	-21	-8	-125.0	-269.0
233490	2023-04-20 07:16:00	2023-04-20 07:25:00	2023-04-20 07:33:00	C1.8		POINT(88 -23)	-23	88	885.0	-381.0
233500	2023-04-20 07:37:00	2023-04-20 07:43:00	2023-04-20 07:51:00	C2.5		POINT(10 -22)	-22	10	162.0	-300.0
233510	2023-04-20 09:03:00	2023-04-20 09:23:00	2023-04-20 09:36:00	C3.6		POINT(8 -21)	-21	8	182.0	-300.0
233520	2023-04-20 10:47:00	2023-04-20 10:55:00	2023-04-20 11:07:00	C2.4		POINT(12 -22)	-22	12	193.0	-297.0
233530	2023-04-20 12:14:00	2023-04-20 12:24:00	2023-04-20 12:31:00	C2.3		POINT(-2 -21)	-21	-2	-51.0	-302.0
233540	2023-04-20 16:05:00	2023-04-20 16:23:00	2023-04-20 16:33:00	C3.3		POINT(-88 -16)	-16	-88	-931.0	-284.0
233550	2023-04-20 22:23:00	2023-04-20 22:30:00	2023-04-20 22:37:00	C2.3		POINT(19 -24)	-24	19	284.0	-301.0
233560	2023-04-20 23:20:00	2023-04-20 23:27:00	2023-04-20 23:34:00	C1.2		POINT(-88 -16)	-16	-88	-920.0	-274.0
233570	2023-04-21 02:07:00	2023-04-21 02:14:00	2023-04-21 02:18:00	C1.1		POINT(-88 -16)	-16	-88	-915.0	-274.0
233580	2023-04-21 05:59:00	2023-04-21 06:04:00	2023-04-21 06:11:00	B9.4		POINT(34 13)	13	34	524.0	290.0
233590	2023-04-21 06:59:00	2023-04-21 07:07:00	2023-04-21 07:14:00	B9.7		POINT(11 -22)	-22	11	173.0	-290.0
233600	2023-04-21 17:44:00	2023-04-21 18:12:00	2023-04-21 18:44:00	M1.7		POINT(11 -22)	-22	11	158.0	-296.0
233610	2023-04-21 22:12:00	2023-04-21 22:23:00	2023-04-21 22:30:00	C4.0		POINT(49 -18)	-18	49	696.0	-236.0
233620	2023-04-22 01:34:00	2023-04-22 01:48:00	2023-04-22 01:56:00	C4.8		POINT(53 -18)	-18	53	726.0	-251.0
233630	2023-04-22 06:51:00	2023-04-22 07:02:00	2023-04-22 07:10:00	C2.0		POINT(56 -19)	-19	56	748.0	-272.0
233640	2023-04-22 10:01:00	2023-04-22 10:07:00	2023-04-22 10:22:00	C1.2		POINT(-68 -18)	-18	-68	-845.0	-273.0
233650	2023-04-22 15:52:00	2023-04-22 16:01:00	2023-04-22 16:18:00	C2.0		POINT(23 -22)	-22	23	388.0	-300.0
233660	2023-04-23 02:33:00	2023-04-23 02:47:00	2023-04-23 02:58:00	C1.1		POINT(88 13)	13	88	946.0	219.0
233670	2023-04-23 04:51:00	2023-04-23 04:57:00	2023-04-23 05:01:00	B9.8		POINT(53 -21)	-21	53	711.0	-342.0
233680	2023-04-23 06:33:00	2023-04-23 06:40:00	2023-04-23 06:44:00	C2.2		POINT(53 -21)	-21	53	711.0	-342.0
233690	2023-04-23 17:06:00	2023-04-23 17:11:00	2023-04-23 17:15:00	C1.1		POINT(66 9)	9	66	862.0	194.0
233700	2023-04-23 20:33:00	2023-04-23 20:38:00	2023-04-23 20:43:00	C1.0		POINT(69 12)	12	69	874.0	236.0
233710	2023-04-24 11:06:00	2023-04-24 11:16:00	2023-04-24 11:20:00	C2.2		POINT(73 11)	11	73	895.0	213.0
233720	2023-04-24 12:59:00	2023-04-24 13:05:00	2023-04-24 13:10:00	C2.8		POINT(73 12)	12	73	893.0	224.0
233730	2023-04-24 16:14:00	2023-04-24 16:22:00	2023-04-24 16:29:00	C1.1		POINT(75 12)	12	75	903.0	225.0
233740	2023-04-24 17:19:00	2023-04-24 17:27:00	2023-04-24 17:31:00	C1.5		POINT(-40 -21)	-21	-40	-575.0	-296.0
233750	2023-04-25 02:55:00	2023-04-25 03:00:00	2023-04-25 03:07:00	C1.0		POINT(-88 19)	19	-88	-909.0	325.0
233760	2023-04-25 07:58:00	2023-04-25 08:07:00	2023-04-25 08:13:00	C1.7		POINT(-35 -24)	-24	-35	-508.0	-330.0
233770	2023-04-25 09:46:00	2023-04-25 10:05:00	2023-04-25 10:15:00	C1.2		POINT(-87 19)	19	-87	-903.0	327.0
233780	2023-04-25 17:12:00	2023-04-25 17:17:00	2023-04-25 17:22:00	B9.4		POINT(-29 -21)	-21	-29	-439.0	-289.0
233790	2023-04-26 14:10:00	2023-04-26 14:23:00	2023-04-26 14:31:00	C2.5		POINT(-68 22)	22	-68	-819.0	357.0
233800	2023-04-26 23:57:00	2023-04-27 00:04:00	2023-04-27 00:09:00	C2.7		POINT(-12 -23)	-23	-12	-172.0	-304.0
233810	2023-04-27 00:41:00	2023-04-27 00:59:00	2023-04-27 01:09:00	C3.0		POINT(-62 20)	20	-62	-796.0	361.0
233820	2023-04-27 02:28:00	2023-04-27 02:49:00	2023-04-27 03:41:00	C2.5		POINT(-56 15)	15	-56	-763.0	302.0
233830	2023-04-27 08:12:00	2023-04-27 08:18:00	2023-04-27 08:24:00	B8.4		POINT(-5 -23)	-23	-5	-78.0	-308.0
233840	2023-04-27 08:42:00	2023-04-27 08:53:00	2023-04-27 09:04:00	C1.1		POINT(-4 -23)	-23	-4	-70.0	-306.0
233850	2023-04-27 09:14:00	2023-04-27 09:21:00	2023-04-27 09:37:00	C1.0		POINT(-4 -23)	-23	-4	-71.0	-309.0
233860	2023-04-27 10:29:00	2023-04-27 10:31:00	2023-04-27 10:34:00	C1.3		POINT(-4 -23)	-23	-4	-68.0	-308.0
233870	2023-04-27 11:04:00	2023-04-27 11:14:00	2023-04-27 11:23:00	M1.8		POINT(-4 -23)	-23	-4	-80.0	-302.0
233880	2023-04-27 16:02:00	2023-04-27 16:16:00	2023-04-27 16:27:00	C1.7		POINT(-1 -23)	-23	-1	-24.0	-308.0
233890	2023-04-27 18:27:00	2023-04-27 18:34:00	2023-04-27 18:38:00	C1.0		POINT(-2 -23)	-23	-2	-23.0	-305.0
233900	2023-04-27 19:13:00	2023-04-27 19:22:00	2023-04-27 19:25:00	B8.9		POINT(-52 20)	20	-52	-705.0	326.0
233910	2023-04-27 19:43:00	2023-04-27 19:48:00	2023-04-27 19:59:00	C2.4		POINT(0 -23)	-23	0	-15.0	-303.0
233920	2023-04-27 22:34:00	2023-04-27 22:44:00	2023-04-27 22:55:00	C1.0		POINT(1 -23)	-23	1	17.0	-306.0
233930	2023-04-27 23:11:00	2023-04-27 23:26:00	2023-04-27 23:40:00	C2.4		POINT(2 -23)	-23	2	42.0	-304.0
233940	2023-04-28 00:38:00	2023-04-28 01:08:00	2023-04-28 01:11:00	C4.9		POINT(9 -20)	-20	9	148.0	-258.0
233950	2023-04-28 01:11:00	2023-04-28 01:22:00	2023-04-28 01:30:00	C6.6		POINT(8 -20)	-20	8	137.0	-260.0
233960	2023-04-28 05:21:00	2023-04-28 05:27:00	2023-04-28 05:36:00	C2.8		POINT(4 -23)	-23	4	62.0	-314.0
233970	2023-04-28 05:36:00	2023-04-28 05:44:00	2023-04-28 05:50:00	C2.9		POINT(13 -21)	-21	13	206.0	-275.0
233980	2023-04-28 09:09:00	2023-04-28 09:18:00	2023-04-28 09:24:00	C1.5		POINT(9 -23)	-23	9	239.0	-276.0
233990	2023-04-28 15:23:00	2023-04-28 16:00:00	2023-04-28 16:15:00	C6.8		POINT(-40 20)	20	-40	-574.0	399.0
234000	2023-04-28 17:17:00	2023-04-28 17:28:00	2023-04-28 17:34:00	C2.6		POINT(21 -24)	-24	21	198.0	-315.0
234010	2023-04-28 17:34:00	2023-04-28 17:44:00	2023-04-28 17:54:00	C2.7		POINT(20 -24)	-24	20	307.0	-327.0
234020	2023-04-28 18:13:00	2023-04-28 18:18:00	2023-04-28 18:22:00	C4.2		POINT(12 -24)	-24	12	206.0	-319.0
234030	2023-04-28 19:14:00	2023-04-28 19:21:00	2023-04-28 19:36:00	C3.1		POINT(12 -24)	-24	12	175.0	-314.0
234040	2023-04-28 19:53:00	2023-04-28 20:01:00	2023-04-28 20:16:00	C2.6		POINT(13 -23)	-23	13	209.0	-320.0
234050	2023-04-28 20:16:00	2023-04-28 20:33:00	2023-04-28 20:49:00	C4.2		POINT(21 -19)	-19	21	328.0	-257.0
234060	2023-04-28 21:09:00	2023-04-28 21:45:00	2023-04-28 22:24:00	C7.1		POINT(16 -22)	-22	16	248.0	-291.0
234070	2023-04-28 23:17:00	2023-04-28 23:30:00	2023-04-28 23:59:00	C6.1		POINT(19 -20)	-20	19	303.0	-244.0
234080	2023-04-29 03:48:00	2023-04-29 04:03:00	2023-04-29 04:15:00	C2.9		POINT(19 -20)	-20	19	379.0	-251.0
234090	2023-04-29 06:10:00	2023-04-29 06:17:00	2023-04-29 06:25:00	C1.9		POINT(22 -21)	-21	22	339.0	-282.0
234100	2023-04-29 08:31:00	2023-04-29 08:40:00	2023-04-29 08:47:00	C4.4		POINT(20 -24)	-24	20	293.0	-322.0
234110	2023-04-29 10:04:00	2023-04-29 10:17:00	2023-04-29 10:32:00	C8.8		POINT(25 -20)	-20	25	415.0	-253.0
234120	2023-04-29 12:44:00	2023-04-29 12:52:00	2023-04-29 13:05:00	C2.1		POINT(31 -19)	-19	31	464.0	-258.0
234130	2023-04-29 13:15:00	2023-04-29 13:24:00	2023-04-29 13:32:00	C5.1		POINT(27 -20)	-20	27	477.0	-267.0
234140	2023-04-29 13:46:00	2023-04-29 14:07:00	2023-04-29 14:41:00	C6.0		POINT(-34 19)	19	-34	-567.0	381.0
234150	2023-04-29 19:03:00	2023-04-29 19:29:00	2023-04-29 19:49:00	C4.4		POINT(29 -18)	-18	29	439.0	-294.0
234160	2023-04-29 19:49:00	2023-04-29 19:58:00	2023-04-29 10:08:00	C4.3		POINT(35 -19)	-19	35	516.0	-310.0
234170	2023-04-30 02:10:00	2023-04-30 02:17:00	2023-04-30 02:22:00	C3.9		POINT(40 -19)	-19	40	579.0	-310.0
234180	2023-04-30 08:37:00	2023-04-30 08:49:00	2023-04-30 09:05:00	C7.3		POINT(33 -24)	-24	33	474.0	-387.0
234190	2023-04-30 14:28:00	2023-04-30 14:38:00	2023-04-30 16:07:00	C3.6		POINT(44 -19)	-19	44	631.0	-273.0
234200	2023-04-30 16:41:00	2023-04-30 16:51:00	2023-04-30 16:56:00	C2.6		POINT(46 -19)	-19	46	657.0	-275.0
234210	2023-04-30 19:56:00	2023-04-30 20:28:00	2023-04-30 20:43:00	M2.4		POINT(-88 14)	14	-88	-926.0	237.0
234220	2023-04-30 21:26:00	2023-04-30 21:36:00	2023-04-30 21:44:00	C5.0		POINT(-81 15)	15	-81	-908.0	259.0
234230	2023-05-01 00:18:00	2023-05-01 00:28:00	2023-05-01 00:35:00	C1.9		POINT(41 -24)	-24	41	579.0	-341.0
234240	2023-05-01 00:55:00	2023-05-01 01:21:00	2023-05-01 01:29:00	M1.1		POINT(42 -24)	-24	42	587.0	-342.0
234250	2023-05-01 02:48:00	2023-05-01 03:02:00	2023-05-01 03:17:00	C3.6		POINT(-74 13)	13	-74	-893.0	232.0
234260	2023-05-01 04:41:00	2023-05-01 04:52:00	2023-05-01 05:03:00	C3.5		POINT(-76 15)	15	-76	-895.0	263.0
234270	2023-05-01 05:56:00	2023-05-01 06:01:00	2023-05-01 06:09:00	C1.6		POINT(-72 13)	13	-72	-884.0	245.0
234280	2023-05-01 06:09:00	2023-05-01 06:21:00	2023-05-01 06:27:00	C1.9		POINT(-72 12)	12	-72	-883.0	234.0
234290	2023-05-01 06:53:00	2023-05-01 07:07:00	2023-05-01 07:33:00	C5.3		POINT(-73 13)	13	-73	-887.0	248.0
234300	2023-05-01 07:41:00	2023-05-01 07:47:00	2023-05-01 07:54:00	C5.2		POINT(-71 12)	12	-71	-879.0	233.0
234310	2023-05-01 11:03:00	2023-05-01 11:07:00	2023-05-01 11:27:00	C1.6		POINT(-69 13)	13	-69	-869.0	252.0
234320	2023-05-01 11:52:00	2023-05-01 11:59:00	2023-05-01 12:03:00	C2.7		POINT(45 -24)	-24	45	621.0	-347.0
234330	2023-05-01 13:02:00	2023-05-01 13:09:00	2023-05-01 13:13:00	M7.1		POINT(45 -24)	-24	45	623.0	-349.0
234340	2023-05-01 13:38:00	2023-05-01 13:45:00	2023-05-01 13:53:00	C4.2		POINT(-88 15)	15	-88	-921.0	255.0
234350	2023-05-01 14:26:00	2023-05-01 14:30:00	2023-05-01 14:41:00	C7.4		POINT(-83 15)	15	-83	-911.0	265.0
234360	2023-05-01 15:16:00	2023-05-01 15:27:00	2023-05-01 15:39:00	C2.7		POINT(-8 20)	20	-8	-141.0	383.0
234370	2023-05-01 17:32:00	2023-05-01 17:39:00	2023-05-01 17:43:00	C2.8		POINT(49 -24)	-24	49	654.0	-360.0
234380	2023-05-01 18:59:00	2023-05-01 19:08:00	2023-05-01 19:17:00	C2.1		POINT(-65 13)	13	-65	-855.0	260.0
234390	2023-05-01 21:42:00	2023-05-01 21:48:00	2023-05-01 21:52:00	C3.4		POINT(50 -24)	-24	50	672.0	-362.0
234400	2023-05-01 22:02:00	2023-05-01 22:16:00	2023-05-01 22:19:00	C3.9		POINT(-64 14)	14	-64	-834.0	264.0
234410	2023-05-01 22:19:00	2023-05-01 22:32:00	2023-05-01 22:52:00	C7.5		POINT(-89 8)	8	-89	-953.0	138.0
234420	2023-05-02 02:36:00	2023-05-02 02:44:00	2023-05-02 02:51:00	C1.8		POINT(0 19)	19	0	-11.0	380.0
234430	2023-05-02 04:03:00	2023-05-02 04:14:00	2023-05-02 04:24:00	C2.0		POINT(-62 14)	14	-62	-819.0	266.0
234440	2023-05-02 04:37:00	2023-05-02 04:42:00	2023-05-02 04:46:00	C4.3		POINT(54 -25)	-25	54	702.0	-368.0
234450	2023-05-02 04:53:00	2023-05-02 04:58:00	2023-05-02 05:02:00	C1.8		POINT(53 -24)	-24	53	699.0	-359.0
234460	2023-05-02 05:52:00	2023-05-02 06:04:00	2023-05-02 06:11:00	C5.1		POINT(-74 16)	16	-74	-881.0	284.0
234470	2023-05-02 10:44:00	2023-05-02 10:59:00	2023-05-02 11:09:00	C2.4		POINT(69 -25)	-25	69	810.0	-381.0
234480	2023-05-02 17:29:00	2023-05-02 17:33:00	2023-05-02 17:37:00	C3.3		POINT(61 -25)	-25	61	755.0	-375.0
234490	2023-05-02 18:06:00	2023-05-02 18:18:00	2023-05-02 18:33:00	C5.5		POINT(71 -23)	-23	71	828.0	-366.0
234500	2023-05-02 18:55:00	2023-05-02 18:59:00	2023-05-02 19:06:00	C3.5		POINT(62 -25)	-25	62	765.0	-381.0
234510	2023-05-02 20:55:00	2023-05-02 21:18:00	2023-05-02 21:26:00	C2.1		POINT(-89 9)	9	-89	-961.0	169.0
234520	2023-05-02 21:26:00	2023-05-02 21:34:00	2023-05-02 21:40:00	C2.3		POINT(64 -25)	-25	64	779.0	-381.0
234530	2023-05-02 22:53:00	2023-05-02 22:57:00	2023-05-02 23:01:00	C2.2		POINT(65 -25)	-25	65	781.0	-380.0
234540	2023-05-03 00:58:00	2023-05-03 01:03:00	2023-05-03 01:07:00	C2.3		POINT(66 -25)	-25	66	791.0	-381.0
234550	2023-05-03 03:06:00	2023-05-03 03:22:00	2023-05-03 03:43:00	C2.5		POINT(79 -24)	-24	79	855.0	-377.0
234560	2023-05-03 03:43:00	2023-05-03 03:50:00	2023-05-03 03:55:00	C2.1		POINT(-62 15)	15	-62	-817.0	279.0
234570	2023-05-03 04:44:00	2023-05-03 05:08:00	2023-05-03 05:16:00	C4.7		POINT(83 -24)	-24	83	863.0	-387.0
234580	2023-05-03 07:14:00	2023-05-03 07:23:00	2023-05-03 07:25:00	C3.3		POINT(-58 15)	15	-58	-780.0	284.0
234590	2023-05-03 09:15:00	2023-05-03 09:27:00	2023-05-03 09:33:00	M4.2		POINT(83 -24)	-24	83	863.0	-387.0
234600	2023-05-03 10:03:00	2023-05-03 10:14:00	2023-05-03 10:19:00	M3.1		POINT(-42 12)	12	-42	-630.0	257.0
234610	2023-05-03 10:36:00	2023-05-03 10:45:00	2023-05-03 10:49:00	M7.2		POINT(-42 12)	12	-42	-624.0	255.0
234620	2023-05-03 12:04:00	2023-05-03 12:12:00	2023-05-03 12:18:00	C3.9		POINT(-41 12)	12	-41	-617.0	252.0
234630	2023-05-03 12:24:00	2023-05-03 12:35:00	2023-05-03 12:41:00	M1.7		POINT(-41 12)	12	-41	-616.0	256.0
234640	2023-05-03 13:43:00	2023-05-03 13:50:00	2023-05-03 13:54:00	M2.2		POINT(-40 12)	12	-40	-607.0	257.0
234650	2023-05-03 14:55:00	2023-05-03 15:00:00	2023-05-03 15:04:00	C3.1		POINT(-42 13)	13	-42	-601.0	251.0
234660	2023-05-03 16:23:00	2023-05-03 16:30:00	2023-05-03 16:36:00	C1.9		POINT(89 -24)	-24	89	866.0	-393.0
234670	2023-05-03 17:43:00	2023-05-03 17:51:00	2023-05-03 17:57:00	C1.8		POINT(-38 11)	11	-38	-587.0	240.0
234680	2023-05-03 18:09:00	2023-05-03 18:22:00	2023-05-03 18:32:00	C3.0		POINT(-38 12)	12	-38	-582.0	261.0
234690	2023-05-03 19:20:00	2023-05-03 19:27:00	2023-05-03 19:33:00	C1.7		POINT(-68 7)	7	-68	-878.0	140.0
234700	2023-05-03 20:47:00	2023-05-03 20:53:00	2023-05-03 20:58:00	C4.1		POINT(-37 13)	13	-37	-567.0	264.0
234710	2023-05-03 21:30:00	2023-05-03 21:46:00	2023-05-03 22:07:00	C2.0		POINT(-54 15)	15	-54	-746.0	290.0
234720	2023-05-03 22:07:00	2023-05-03 22:39:00	2023-05-03 22:49:00	C2.6		POINT(-54 17)	17	-54	-737.0	329.0
234730	2023-05-04 00:37:00	2023-05-04 00:41:00	2023-05-04 00:46:00	C2.5		POINT(82 -24)	-24	82	858.0	-386.0
234740	2023-05-04 01:54:00	2023-05-04 02:15:00	2023-05-04 02:29:00	C4.9		POINT(82 -22)	-22	82	897.0	-340.0
234750	2023-05-04 02:51:00	2023-05-04 02:54:00	2023-05-04 02:58:00	C4.0		POINT(82 -22)	-22	82	847.0	-391.0
234760	2023-05-04 04:58:00	2023-05-04 05:04:00	2023-05-04 05:12:00	C5.3		POINT(-34 14)	14	-34	-504.0	259.0
234770	2023-05-04 08:05:00	2023-05-04 08:44:00	2023-05-04 09:08:00	M3.9		POINT(-43 17)	17	-43	-677.0	286.0
234780	2023-05-04 14:28:00	2023-05-04 14:33:00	2023-05-04 14:40:00	C2.8		POINT(88 -24)	-24	88	869.0	-393.0
234790	2023-05-04 15:55:00	2023-05-04 16:05:00	2023-05-04 16:20:00	C2.5		POINT(88 -23)	-23	88	886.0	-382.0
234800	2023-05-04 18:04:00	2023-05-04 18:11:00	2023-05-04 18:16:00	C3.3		POINT(-25 12)	12	-25	-398.0	255.0
234810	2023-05-04 18:20:00	2023-05-04 18:48:00	2023-05-04 19:21:00	C6.3		POINT(88 -23)	-23	88	897.0	-390.0
234820	2023-05-04 21:21:00	2023-05-04 21:29:00	2023-05-04 21:46:00	C2.5		POINT(88 -23)	-23	88	876.0	-390.0
234830	2023-05-05 00:53:00	2023-05-05 00:57:00	2023-05-05 01:03:00	C2.5		POINT(-21 11)	11	-21	-342.0	252.0
234840	2023-05-05 05:14:00	2023-05-05 05:33:00	2023-05-05 05:44:00	C4.9		POINT(88 -26)	-26	88	858.0	-429.0
234850	2023-05-05 06:52:00	2023-05-05 07:06:00	2023-05-05 07:16:00	C9.5		POINT(-54 9)	9	-54	-763.0	199.0
234860	2023-05-05 07:30:00	2023-05-05 08:01:00	2023-05-05 08:33:00	M2.1		POINT(-32 14)	14	-32	-500.0	293.0
234870	2023-05-05 15:18:00	2023-05-05 15:31:00	2023-05-05 15:39:00	M1.2		POINT(-27 14)	14	-27	-451.0	299.0
234880	2023-05-05 22:11:00	2023-05-05 22:27:00	2023-05-05 22:37:00	C9.7		POINT(88 -27)	-27	88	851.0	-444.0
234890	2023-05-06 00:11:00	2023-05-06 00:31:00	2023-05-06 00:36:00	C2.3		POINT(-40 10)	10	-40	-615.0	248.0
234900	2023-05-06 00:36:00	2023-05-06 00:42:00	2023-05-06 00:49:00	C2.8		POINT(-43 13)	13	-43	-635.0	263.0
234910	2023-05-06 03:43:00	2023-05-06 04:02:00	2023-05-06 04:09:00	C5.2		POINT(-16 16)	16	-16	-262.0	327.0
234920	2023-05-06 07:18:00	2023-05-06 07:26:00	2023-05-06 07:34:00	C2.2		POINT(-33 9)	9	-33	-519.0	210.0
234930	2023-05-06 14:50:00	2023-05-06 14:59:00	2023-05-06 15:03:00	C3.6		POINT(-11 15)	15	-11	-188.0	311.0
234940	2023-05-06 17:38:00	2023-05-06 17:45:00	2023-05-06 17:52:00	C1.8		POINT(-25 9)	9	-25	-441.0	216.0
234950	2023-05-06 21:42:00	2023-05-06 21:57:00	2023-05-06 22:13:00	C4.7		POINT(-40 -8)	-8	-40	-633.0	-92.0
234960	2023-05-07 01:37:00	2023-05-07 01:50:00	2023-05-07 02:01:00	C1.2		POINT(-33 11)	11	-33	-508.0	181.0
234970	2023-05-07 03:48:00	2023-05-07 03:52:00	2023-05-07 03:57:00	C1.3		POINT(9 9)	9	9	147.0	217.0
234980	2023-05-07 09:59:00	2023-05-07 10:04:00	2023-05-07 10:34:00	C1.8		POINT(11 9)	9	11	187.0	212.0
234990	2023-05-07 12:01:00	2023-05-07 12:06:00	2023-05-07 12:14:00	C1.5		POINT(13 9)	9	13	222.0	216.0
235000	2023-05-07 21:01:00	2023-05-07 21:05:00	2023-05-07 21:10:00	C1.6		POINT(4 14)	14	4	89.0	310.0
235010	2023-05-07 21:40:00	2023-05-07 22:34:00	2023-05-07 22:53:00	M1.5		POINT(6 16)	16	6	103.0	327.0
235020	2023-05-07 22:53:00	2023-05-07 23:23:00	2023-05-08 00:01:00	M1.6		POINT(5 15)	15	5	87.0	317.0
235030	2023-05-08 02:16:00	2023-05-08 02:23:00	2023-05-08 02:27:00	C7.9		POINT(7 13)	13	7	121.0	279.0
235040	2023-05-08 06:40:00	2023-05-08 06:46:00	2023-05-08 06:55:00	C3.6		POINT(11 13)	13	11	182.0	270.0
235050	2023-05-08 08:30:00	2023-05-08 08:38:00	2023-05-08 08:43:00	C3.6		POINT(13 12)	12	13	203.0	265.0
235060	2023-05-08 09:50:00	2023-05-08 10:00:00	2023-05-08 10:06:00	C4.6		POINT(13 13)	13	13	212.0	269.0
235070	2023-05-08 10:56:00	2023-05-08 11:05:00	2023-05-08 11:11:00	C2.2		POINT(14 13)	13	14	239.0	270.0
235080	2023-05-08 12:28:00	2023-05-08 12:35:00	2023-05-08 12:39:00	C1.7		POINT(-1 10)	10	-1	-25.0	236.0
235090	2023-05-08 14:10:00	2023-05-08 14:21:00	2023-05-08 14:25:00	C9.6		POINT(14 13)	13	14	220.0	276.0
235100	2023-05-08 15:02:00	2023-05-08 15:15:00	2023-05-08 15:23:00	C2.1		POINT(17 12)	12	17	271.0	197.0
235110	2023-05-08 15:59:00	2023-05-08 16:10:00	2023-05-08 16:24:00	C3.0		POINT(18 13)	13	18	286.0	213.0
235120	2023-05-08 20:11:00	2023-05-08 20:25:00	2023-05-08 20:33:00	M2.3		POINT(18 13)	13	18	269.0	287.0
235130	2023-05-08 22:31:00	2023-05-08 22:38:00	2023-05-08 22:42:00	C2.6		POINT(18 13)	13	18	288.0	270.0
235140	2023-05-09 00:05:00	2023-05-09 00:33:00	2023-05-09 00:57:00	C2.7		POINT(-15 -6)	-6	-15	-255.0	-53.0
235150	2023-05-09 01:44:00	2023-05-09 01:50:00	2023-05-09 01:52:00	C2.4		POINT(19 13)	13	19	307.0	276.0
235160	2023-05-09 01:52:00	2023-05-09 02:19:00	2023-05-09 02:33:00	C3.5		POINT(25 13)	13	25	399.0	273.0
235170	2023-05-09 02:40:00	2023-05-09 02:43:00	2023-05-09 02:52:00	C5.6		POINT(-14 10)	10	-14	-226.0	165.0
235180	2023-05-09 03:39:00	2023-05-09 03:51:00	2023-05-09 04:23:00	M6.5		POINT(13 12)	12	13	209.0	197.0
235190	2023-05-09 05:55:00	2023-05-09 06:13:00	2023-05-09 06:28:00	M1.2		POINT(24 13)	13	24	386.0	265.0
235200	2023-05-09 07:58:00	2023-05-09 08:14:00	2023-05-09 08:28:00	C5.2		POINT(34 14)	14	34	448.0	269.0
235210	2023-05-09 09:18:00	2023-05-09 09:28:00	2023-05-09 09:40:00	C4.3		POINT(23 15)	15	23	359.0	306.0
235220	2023-05-09 10:00:00	2023-05-09 10:20:00	2023-05-09 10:33:00	M1.3		POINT(30 13)	13	30	464.0	275.0
235230	2023-05-09 11:09:00	2023-05-09 11:18:00	2023-05-09 11:23:00	C6.9		POINT(27 12)	12	27	428.0	261.0
235240	2023-05-09 12:22:00	2023-05-09 12:31:00	2023-05-09 12:43:00	C5.7		POINT(-6 -10)	-10	-6	-114.0	-114.0
235250	2023-05-09 13:58:00	2023-05-09 14:05:00	2023-05-09 14:09:00	C6.4		POINT(31 13)	13	31	454.0	262.0
235260	2023-05-09 14:23:00	2023-05-09 14:42:00	2023-05-09 14:56:00	C7.3		POINT(36 12)	12	36	498.0	269.0
235270	2023-05-09 17:43:00	2023-05-09 17:48:00	2023-05-09 17:58:00	C2.9		POINT(31 13)	13	31	484.0	263.0
235280	2023-05-09 18:20:00	2023-05-09 18:58:00	2023-05-09 19:24:00	M4.2		POINT(31 13)	13	31	473.0	300.0
235290	2023-05-09 20:32:00	2023-05-09 20:52:00	2023-05-09 21:04:00	M5.0		POINT(35 14)	14	35	545.0	269.0
235300	2023-05-10 01:31:00	2023-05-10 01:42:00	2023-05-10 01:47:00	C3.8		POINT(36 12)	12	36	550.0	246.0
235310	2023-05-10 03:10:00	2023-05-10 03:16:00	2023-05-10 03:22:00	C2.1		POINT(33 13)	13	33	508.0	260.0
235320	2023-05-10 04:02:00	2023-05-10 04:12:00	2023-05-10 04:15:00	C4.0		POINT(37 13)	13	37	566.0	257.0
235330	2023-05-10 04:15:00	2023-05-10 04:20:00	2023-05-10 04:24:00	C3.9		POINT(37 12)	12	37	567.0	246.0
235340	2023-05-10 14:11:00	2023-05-10 14:21:00	2023-05-10 14:33:00	M2.2		POINT(51 13)	13	51	669.0	261.0
235350	2023-05-10 14:54:00	2023-05-10 15:00:00	2023-05-10 15:07:00	C5.7		POINT(40 12)	12	40	602.0	247.0
235360	2023-05-10 15:58:00	2023-05-10 16:04:00	2023-05-10 16:11:00	C2.6		POINT(44 14)	14	44	642.0	285.0
235370	2023-05-10 18:36:00	2023-05-10 18:42:00	2023-05-10 18:47:00	C2.9		POINT(58 9)	9	58	798.0	178.0
235380	2023-05-10 19:22:00	2023-05-10 19:35:00	2023-05-10 19:46:00	C5.8		POINT(89 -11)	-11	89	941.0	-188.0
235390	2023-05-10 19:53:00	2023-05-10 19:59:00	2023-05-10 20:06:00	C4.3		POINT(42 17)	17	42	620.0	317.0
235400	2023-05-10 22:07:00	2023-05-10 22:16:00	2023-05-10 22:25:00	C4.5		POINT(61 8)	8	61	810.0	180.0
235410	2023-05-11 00:20:00	2023-05-11 00:30:00	2023-05-11 00:46:00	C2.9		POINT(89 -9)	-9	89	942.0	-151.0
235420	2023-05-11 01:02:00	2023-05-11 01:09:00	2023-05-11 01:17:00	C4.1		POINT(36 -6)	-6	36	568.0	-57.0
235430	2023-05-11 02:51:00	2023-05-11 02:58:00	2023-05-11 03:06:00	C2.5		POINT(66 14)	14	66	843.0	257.0
235440	2023-05-11 04:25:00	2023-05-11 04:39:00	2023-05-11 04:49:00	C3.2		POINT(55 16)	16	55	735.0	305.0
235450	2023-05-11 08:47:00	2023-05-11 09:01:00	2023-05-11 09:11:00	M2.1		POINT(41 -6)	-6	41	623.0	-63.0
235460	2023-05-11 12:59:00	2023-05-11 13:06:00	2023-05-11 13:15:00	C3.0		POINT(54 13)	13	54	751.0	234.0
235470	2023-05-11 13:53:00	2023-05-11 14:02:00	2023-05-11 14:10:00	C6.2		POINT(53 14)	14	53	785.0	233.0
235480	2023-05-11 18:13:00	2023-05-11 18:29:00	2023-05-11 18:38:00	M1.8		POINT(44 -5)	-5	44	676.0	-65.0
235490	2023-05-11 19:53:00	2023-05-11 19:59:00	2023-05-11 20:08:00	C1.8		POINT(57 20)	20	57	755.0	338.0
235500	2023-05-11 20:10:00	2023-05-11 20:18:00	2023-05-11 20:27:00	C3.4		POINT(61 13)	13	61	815.0	235.0
235510	2023-05-12 08:10:00	2023-05-12 08:21:00	2023-05-12 08:31:00	C2.0		POINT(69 12)	12	69	862.0	241.0
235520	2023-05-12 11:33:00	2023-05-12 11:39:00	2023-05-12 11:45:00	C4.6		POINT(49 10)	10	49	710.0	207.0
235530	2023-05-12 12:31:00	2023-05-12 13:02:00	2023-05-12 13:17:00	C4.4		POINT(67 14)	14	67	848.0	229.0
235540	2023-05-12 13:17:00	2023-05-12 13:36:00	2023-05-12 13:45:00	C5.6		POINT(69 15)	15	69	860.0	269.0
235550	2023-05-12 14:03:00	2023-05-12 14:08:00	2023-05-12 14:12:00	C4.9		POINT(80 12)	12	80	934.0	155.0
235560	2023-05-12 15:19:00	2023-05-12 15:29:00	2023-05-12 15:36:00	C2.5		POINT(78 13)	13	78	911.0	223.0
235570	2023-05-12 19:04:00	2023-05-12 19:10:00	2023-05-12 19:14:00	C1.7		POINT(-41 16)	16	-41	-605.0	309.0
235580	2023-05-12 20:34:00	2023-05-12 20:42:00	2023-05-12 20:50:00	C1.3		POINT(77 13)	13	77	900.0	239.0
235590	2023-05-12 22:39:00	2023-05-12 22:50:00	2023-05-12 23:00:00	C1.7		POINT(-40 10)	10	-40	-611.0	212.0
235600	2023-05-12 23:53:00	2023-05-13 00:45:00	2023-05-13 01:21:00	C9.0		POINT(88 17)	17	88	935.0	296.0
235610	2023-05-13 10:16:00	2023-05-13 10:27:00	2023-05-13 10:31:00	C4.9		POINT(81 14)	14	81	906.0	251.0
235620	2023-05-13 13:41:00	2023-05-13 13:51:00	2023-05-13 14:02:00	C2.1		POINT(-32 8)	8	-32	-499.0	183.0
235630	2023-05-13 14:48:00	2023-05-13 14:53:00	2023-05-13 14:57:00	C2.0		POINT(63 12)	12	63	834.0	223.0
235640	2023-05-13 16:28:00	2023-05-13 16:35:00	2023-05-13 16:44:00	C1.6		POINT(89 12)	12	89	934.0	210.0
235650	2023-05-13 18:35:00	2023-05-13 18:47:00	2023-05-13 19:00:00	C4.3		POINT(88 14)	14	88	924.0	246.0
235660	2023-05-13 20:47:00	2023-05-13 20:55:00	2023-05-13 21:00:00	C4.4		POINT(-27 10)	10	-27	-439.0	213.0
235670	2023-05-13 21:26:00	2023-05-13 21:31:00	2023-05-13 21:39:00	C2.3		POINT(89 13)	13	89	929.0	228.0
235680	2023-05-13 22:23:00	2023-05-13 22:33:00	2023-05-13 22:46:00	C2.4		POINT(-26 10)	10	-26	-422.0	219.0
235690	2023-05-13 23:36:00	2023-05-13 23:43:00	2023-05-13 23:50:00	C3.4		POINT(88 14)	14	88	927.0	241.0
235700	2023-05-14 03:54:00	2023-05-14 04:06:00	2023-05-14 04:18:00	C3.5		POINT(-33 11)	11	-33	-507.0	181.0
235710	2023-05-14 04:35:00	2023-05-14 04:44:00	2023-05-14 04:54:00	C3.6		POINT(-28 8)	8	-28	-441.0	132.0
235720	2023-05-14 09:07:00	2023-05-14 09:17:00	2023-05-14 09:25:00	C7.0		POINT(88 15)	15	88	919.0	261.0
235730	2023-05-14 11:43:00	2023-05-14 11:50:00	2023-05-14 11:57:00	C1.4		POINT(88 16)	16	88	924.0	269.0
235740	2023-05-15 00:46:00	2023-05-15 00:51:00	2023-05-15 00:55:00	C3.4		POINT(34 -19)	-19	34	506.0	-276.0
235750	2023-05-15 07:30:00	2023-05-15 08:10:00	2023-05-15 09:33:00	C2.9		POINT(-88 -34)	-34	-88	-827.0	-579.0
235760	2023-05-15 09:33:00	2023-05-15 09:38:00	2023-05-15 09:43:00	C2.3		POINT(-7 10)	10	-7	-120.0	216.0
235770	2023-05-16 04:21:00	2023-05-16 04:31:00	2023-05-16 04:40:00	C1.3		POINT(2 12)	12	2	45.0	243.0
235780	2023-05-16 04:40:00	2023-05-16 04:44:00	2023-05-16 04:48:00	C1.2		POINT(5 8)	8	5	89.0	182.0
235790	2023-05-16 09:42:00	2023-05-16 09:54:00	2023-05-16 10:11:00	C2.0		POINT(-89 -23)	-23	-89	-882.0	-387.0
235800	2023-05-16 12:00:00	2023-05-16 12:14:00	2023-05-16 12:34:00	C4.5		POINT(-89 -23)	-23	-89	-879.0	-386.0
235810	2023-05-16 13:39:00	2023-05-16 13:43:00	2023-05-16 13:47:00	C1.5		POINT(-89 -21)	-21	-89	-888.0	-351.0
235820	2023-05-16 15:35:00	2023-05-16 15:42:00	2023-05-16 15:49:00	C1.0		POINT(-89 -21)	-21	-89	-890.0	-352.0
235830	2023-05-16 16:31:00	2023-05-16 16:43:00	2023-05-16 16:51:00	M9.6		POINT(-89 -23)	-23	-89	-881.0	-381.0
235840	2023-05-16 19:26:00	2023-05-16 19:36:00	2023-05-16 19:46:00	C1.0		POINT(9 12)	12	9	160.0	251.0
235850	2023-05-16 19:58:00	2023-05-16 20:10:00	2023-05-16 20:28:00	C1.5		POINT(14 13)	13	14	232.0	263.0
235860	2023-05-16 21:30:00	2023-05-16 21:49:00	2023-05-16 22:11:00	C1.9		POINT(10 11)	11	10	167.0	233.0
235870	2023-05-16 22:20:00	2023-05-16 22:42:00	2023-05-16 23:21:00	C2.4		POINT(-89 -22)	-22	-89	-894.0	-378.0
235880	2023-05-17 01:50:00	2023-05-17 01:56:00	2023-05-17 02:02:00	C1.7		POINT(13 11)	11	13	207.0	232.0
235890	2023-05-17 03:36:00	2023-05-17 03:48:00	2023-05-17 03:54:00	C2.9		POINT(-89 -20)	-20	-89	-902.0	-332.0
235900	2023-05-17 07:52:00	2023-05-17 07:58:00	2023-05-17 08:02:00	C2.1		POINT(-89 -18)	-18	-89	-909.0	-308.0
235910	2023-05-17 08:23:00	2023-05-17 08:28:00	2023-05-17 08:32:00	C2.3		POINT(-89 -18)	-18	-89	-908.0	-306.0
235920	2023-05-17 14:30:00	2023-05-17 14:43:00	2023-05-17 14:58:00	C6.4		POINT(-88 17)	17	-88	-915.0	296.0
235930	2023-05-17 15:10:00	2023-05-17 15:22:00	2023-05-17 16:06:00	C4.3		POINT(45 -18)	-18	45	638.0	-293.0
235940	2023-05-17 16:14:00	2023-05-17 16:28:00	2023-05-17 16:46:00	C7.4		POINT(-88 18)	18	-88	-901.0	293.0
235950	2023-05-17 18:34:00	2023-05-17 18:44:00	2023-05-17 18:54:00	C6.2		POINT(-88 17)	17	-88	-912.0	294.0
235960	2023-05-17 19:24:00	2023-05-17 19:38:00	2023-05-17 19:58:00	C5.0		POINT(-88 18)	18	-88	-913.0	300.0
235970	2023-05-17 21:38:00	2023-05-17 21:48:00	2023-05-17 22:01:00	C9.5		POINT(-88 18)	18	-88	-911.0	300.0
235980	2023-05-18 03:03:00	2023-05-18 03:21:00	2023-05-18 03:39:00	C8.6		POINT(-88 18)	18	-88	-911.0	304.0
235990	2023-05-18 04:07:00	2023-05-18 04:12:00	2023-05-18 04:16:00	C3.8		POINT(-88 18)	18	-88	-904.0	308.0
236000	2023-05-18 04:51:00	2023-05-18 04:57:00	2023-05-18 05:01:00	C2.2		POINT(-88 18)	18	-88	-911.0	306.0
236010	2023-05-18 06:13:00	2023-05-18 06:26:00	2023-05-18 06:38:00	M1.0		POINT(-88 17)	17	-88	-908.0	287.0
236020	2023-05-18 06:48:00	2023-05-18 06:55:00	2023-05-18 07:02:00	M1.2		POINT(-88 18)	18	-88	-902.0	302.0
236030	2023-05-18 09:47:00	2023-05-18 10:11:00	2023-05-18 10:13:00	C5.2		POINT(-88 17)	17	-88	-909.0	294.0
236040	2023-05-18 10:55:00	2023-05-18 11:05:00	2023-05-18 11:19:00	C4.2		POINT(-88 18)	18	-88	-899.0	303.0
236050	2023-05-18 11:32:00	2023-05-18 11:47:00	2023-05-18 12:00:00	M2.2		POINT(-88 18)	18	-88	-899.0	302.0
236060	2023-05-18 12:39:00	2023-05-18 12:49:00	2023-05-18 12:56:00	M1.6		POINT(-84 18)	18	-84	-897.0	296.0
236070	2023-05-18 15:43:00	2023-05-18 15:55:00	2023-05-18 16:03:00	C4.0		POINT(-88 19)	19	-88	-896.0	308.0
236080	2023-05-18 17:32:00	2023-05-18 17:51:00	2023-05-18 18:01:00	M1.1		POINT(-82 18)	18	-82	-894.0	299.0
236090	2023-05-18 20:12:00	2023-05-18 20:23:00	2023-05-18 20:51:00	M3.8		POINT(-77 17)	17	-77	-881.0	300.0
236100	2023-05-18 20:51:00	2023-05-18 21:05:00	2023-05-18 21:16:00	M4.5		POINT(-81 18)	18	-81	-887.0	311.0
236110	2023-05-19 00:05:00	2023-05-19 00:15:00	2023-05-19 00:24:00	C5.1		POINT(-86 -26)	-26	-86	-849.0	-416.0
236120	2023-05-19 00:15:00	2023-05-19 00:43:00	2023-05-19 01:41:00	M5.3		POINT(-74 18)	18	-74	-887.0	296.0
236130	2023-05-19 02:48:00	2023-05-19 02:58:00	2023-05-19 03:05:00	C6.9		POINT(-72 19)	19	-72	-876.0	308.0
236140	2023-05-19 03:04:00	2023-05-19 03:12:00	2023-05-19 03:41:00	M1.6		POINT(-72 19)	19	-72	-866.0	300.0
236150	2023-05-19 04:37:00	2023-05-19 04:37:00	2023-05-19 04:39:00	C2.9		POINT(-72 19)	19	-72	-861.0	302.0
236160	2023-05-19 04:42:00	2023-05-19 04:58:00	2023-05-19 05:19:00	M2.5		POINT(-72 19)	19	-72	-858.0	296.0
236170	2023-05-19 06:25:00	2023-05-19 06:30:00	2023-05-19 06:40:00	C3.2		POINT(-72 19)	19	-72	-865.0	303.0
236180	2023-05-19 06:43:00	2023-05-19 06:49:00	2023-05-19 06:58:00	C5.7		POINT(-72 19)	19	-72	-868.0	312.0
236190	2023-05-19 07:28:00	2023-05-19 07:42:00	2023-05-19 07:54:00	C4.7		POINT(-71 17)	17	-71	-857.0	300.0
236200	2023-05-19 09:23:00	2023-05-19 09:30:00	2023-05-19 09:36:00	C2.8		POINT(-70 18)	18	-70	-844.0	299.0
236210	2023-05-19 10:07:00	2023-05-19 10:17:00	2023-05-19 10:33:00	C4.0		POINT(-70 18)	18	-70	-848.0	300.0
236220	2023-05-19 12:17:00	2023-05-19 12:39:00	2023-05-19 13:00:00	C6.1		POINT(-65 16)	16	-65	-858.0	304.0
236230	2023-05-19 15:30:00	2023-05-19 15:35:00	2023-05-19 15:39:00	C2.9		POINT(-64 16)	16	-64	-819.0	261.0
236240	2023-05-19 16:15:00	2023-05-19 16:31:00	2023-05-19 16:44:00	C5.9		POINT(-68 18)	18	-68	-836.0	293.0
236250	2023-05-19 17:10:00	2023-05-19 17:21:00	2023-05-19 17:24:00	C4.1		POINT(-63 17)	17	-63	-808.0	277.0
236260	2023-05-19 17:24:00	2023-05-19 17:29:00	2023-05-19 17:36:00	C5.3		POINT(-63 16)	16	-63	-812.0	261.0
236270	2023-05-19 19:05:00	2023-05-19 19:14:00	2023-05-19 19:22:00	C5.1		POINT(-76 -27)	-27	-76	-820.0	-430.0
236280	2023-05-19 19:36:00	2023-05-19 19:43:00	2023-05-19 19:45:00	C3.2		POINT(-62 17)	17	-62	-800.0	277.0
236290	2023-05-19 19:45:00	2023-05-19 20:06:00	2023-05-19 20:14:00	M2.3		POINT(-61 16)	16	-61	-797.0	261.0
236300	2023-05-19 20:14:00	2023-05-19 20:26:00	2023-05-19 20:38:00	M2.7		POINT(-69 19)	19	-69	-837.0	308.0
236310	2023-05-20 00:13:00	2023-05-20 00:23:00	2023-05-20 00:29:00	C2.9		POINT(-73 -27)	-27	-73	-804.0	-434.0
236320	2023-05-20 00:37:00	2023-05-20 00:47:00	2023-05-20 01:02:00	C2.7		POINT(57 10)	10	57	791.0	197.0
236330	2023-05-20 02:24:00	2023-05-20 02:33:00	2023-05-20 02:37:00	C4.9		POINT(-55 17)	17	-55	-743.0	303.0
236340	2023-05-20 02:37:00	2023-05-20 02:40:00	2023-05-20 02:44:00	C5.4		POINT(-57 17)	17	-57	-759.0	305.0
236350	2023-05-20 03:08:00	2023-05-20 03:17:00	2023-05-20 03:22:00	C5.1		POINT(53 8)	8	53	818.0	175.0
236360	2023-05-20 04:18:00	2023-05-20 04:24:00	2023-05-20 04:30:00	C3.2		POINT(-67 -27)	-27	-67	-781.0	-423.0
236370	2023-05-20 04:36:00	2023-05-20 04:50:00	2023-05-20 04:57:00	C6.9		POINT(-69 -27)	-27	-69	-788.0	-428.0
236380	2023-05-20 05:42:00	2023-05-20 05:53:00	2023-05-20 06:01:00	C3.2		POINT(-63 19)	19	-63	-800.0	329.0
236390	2023-05-20 06:49:00	2023-05-20 07:02:00	2023-05-20 07:12:00	M1.0		POINT(-72 19)	19	-72	-852.0	308.0
236400	2023-05-20 07:16:00	2023-05-20 07:32:00	2023-05-20 07:36:00	M6.4		POINT(-72 19)	19	-72	-852.0	308.0
236410	2023-05-20 09:18:00	2023-05-20 09:27:00	2023-05-20 09:32:00	M1.1		POINT(-66 -27)	-27	-66	-770.0	-428.0
236420	2023-05-20 10:48:00	2023-05-20 10:54:00	2023-05-20 11:10:00	M1.6		POINT(-57 17)	17	-57	-765.0	306.0
236430	2023-05-20 12:25:00	2023-05-20 12:35:00	2023-05-20 12:40:00	M8.9		POINT(-56 17)	17	-56	-755.0	304.0
236440	2023-05-20 14:18:00	2023-05-20 14:25:00	2023-05-20 14:33:00	C7.2		POINT(-55 17)	17	-55	-746.0	299.0
236450	2023-05-20 14:54:00	2023-05-20 15:00:00	2023-05-20 15:04:00	M5.6		POINT(-55 17)	17	-55	-742.0	277.0
236460	2023-05-20 16:14:00	2023-05-20 16:18:00	2023-05-20 16:30:00	C3.3		POINT(-54 17)	17	-54	-733.0	277.0
236470	2023-05-20 16:48:00	2023-05-20 16:54:00	2023-05-20 16:58:00	C4.1		POINT(-54 18)	18	-54	-729.0	293.0
236480	2023-05-20 17:00:00	2023-05-20 17:05:00	2023-05-20 17:09:00	C4.9		POINT(-54 17)	17	-54	-733.0	277.0
236490	2023-05-20 17:37:00	2023-05-20 17:46:00	2023-05-20 17:59:00	C3.7		POINT(-53 17)	17	-53	-724.0	277.0
236500	2023-05-20 17:59:00	2023-05-20 18:08:00	2023-05-20 18:15:00	C4.7		POINT(-53 17)	17	-53	-724.0	277.0
236510	2023-05-20 18:42:00	2023-05-20 18:54:00	2023-05-20 18:57:00	C7.2		POINT(-51 17)	17	-51	-704.0	277.0
236520	2023-05-20 18:57:00	2023-05-20 19:03:00	2023-05-20 19:07:00	M1.1		POINT(-53 18)	18	-53	-727.0	314.0
236530	2023-05-20 19:37:00	2023-05-20 19:45:00	2023-05-20 19:57:00	C3.6		POINT(-60 -27)	-27	-60	-728.0	-429.0
236540	2023-05-20 19:57:00	2023-05-20 20:17:00	2023-05-20 20:19:00	C5.1		POINT(76 9)	9	76	909.0	169.0
236550	2023-05-20 20:19:00	2023-05-20 20:28:00	2023-05-20 20:34:00	C6.4		POINT(77 9)	9	77	912.0	170.0
236560	2023-05-20 20:57:00	2023-05-20 21:04:00	2023-05-20 21:14:00	C6.1		POINT(-52 18)	18	-52	-719.0	318.0
236570	2023-05-20 22:52:00	2023-05-20 23:06:00	2023-05-20 23:21:00	M5.1		POINT(-49 19)	19	-49	-680.0	318.0
236580	2023-05-21 00:59:00	2023-05-21 01:06:00	2023-05-21 01:14:00	C2.5		POINT(74 9)	9	74	899.0	171.0
236590	2023-05-21 02:18:00	2023-05-21 02:23:00	2023-05-21 02:33:00	M1.4		POINT(-47 20)	20	-47	-639.0	320.0
236600	2023-05-21 03:51:00	2023-05-21 03:57:00	2023-05-21 04:05:00	C4.9		POINT(-47 20)	20	-47	-678.0	327.0
236610	2023-05-21 04:57:00	2023-05-21 05:03:00	2023-05-21 05:08:00	C3.0		POINT(-47 18)	18	-47	-667.0	319.0
236620	2023-05-21 05:30:00	2023-05-21 05:40:00	2023-05-21 06:04:00	C3.0		POINT(-45 18)	18	-45	-644.0	327.0
236630	2023-05-21 06:40:00	2023-05-21 06:49:00	2023-05-21 06:53:00	C4.1		POINT(80 7)	7	80	912.0	165.0
236640	2023-05-21 07:40:00	2023-05-21 07:59:00	2023-05-21 08:12:00	C4.5		POINT(78 10)	10	78	911.0	184.0
236650	2023-05-21 08:27:00	2023-05-21 08:34:00	2023-05-21 08:48:00	C4.9		POINT(-47 20)	20	-47	-626.0	326.0
236660	2023-05-21 11:20:00	2023-05-21 11:30:00	2023-05-21 11:45:00	C5.4		POINT(80 11)	11	80	918.0	187.0
236670	2023-05-21 15:04:00	2023-05-21 15:17:00	2023-05-21 15:29:00	C4.6		POINT(89 10)	10	89	933.0	165.0
236680	2023-05-21 15:49:00	2023-05-21 16:04:00	2023-05-21 16:18:00	M2.6		POINT(-40 17)	17	-40	-582.0	322.0
236690	2023-05-21 20:55:00	2023-05-21 21:01:00	2023-05-21 21:16:00	C4.3		POINT(89 12)	12	89	932.0	206.0
236700	2023-05-21 21:36:00	2023-05-21 21:57:00	2023-05-21 22:13:00	C9.8		POINT(89 10)	10	89	939.0	174.0
236710	2023-05-22 00:55:00	2023-05-22 01:08:00	2023-05-22 01:18:00	C8.2		POINT(-34 19)	19	-34	-516.0	318.0
236720	2023-05-22 02:17:00	2023-05-22 02:26:00	2023-05-22 02:34:00	C3.5		POINT(89 12)	12	89	934.0	203.0
236730	2023-05-22 03:30:00	2023-05-22 03:41:00	2023-05-22 03:50:00	C3.7		POINT(-33 20)	20	-33	-486.0	315.0
236740	2023-05-22 04:50:00	2023-05-22 04:57:00	2023-05-22 05:02:00	C4.1		POINT(-33 20)	20	-33	-471.0	313.0
236750	2023-05-22 06:06:00	2023-05-22 06:12:00	2023-05-22 06:17:00	C4.9		POINT(89 11)	11	89	936.0	194.0
236760	2023-05-22 09:29:00	2023-05-22 09:40:00	2023-05-22 09:44:00	C3.2		POINT(-30 15)	15	-30	-433.0	310.0
236770	2023-05-22 09:29:00	2023-05-22 09:40:00	2023-05-22 09:44:00	C3.2		POINT(-30 15)	15	-30	-452.0	321.0
236780	2023-05-22 13:19:00	2023-05-22 13:27:00	2023-05-22 13:31:00	C7.2		POINT(-24 17)	17	-24	-372.0	314.0
236790	2023-05-22 13:31:00	2023-05-22 13:37:00	2023-05-22 13:43:00	M1.9		POINT(-35 -26)	-26	-35	-496.0	-402.0
236800	2023-05-22 13:58:00	2023-05-22 14:13:00	2023-05-22 14:39:00	C6.3		POINT(-29 18)	18	-29	-410.0	314.0
236810	2023-05-22 18:25:00	2023-05-22 18:37:00	2023-05-22 18:56:00	C3.0		POINT(-25 -24)	-24	-25	-371.0	-387.0
236820	2023-05-23 06:50:00	2023-05-23 07:16:00	2023-05-23 07:45:00	C2.3		POINT(-18 18)	18	-18	-288.0	332.0
236830	2023-05-23 07:44:00	2023-05-23 07:52:00	2023-05-23 07:56:00	C2.1		POINT(-27 -27)	-27	-27	-375.0	-409.0
236840	2023-05-23 10:02:00	2023-05-23 10:10:00	2023-05-23 10:14:00	C3.2		POINT(-18 19)	19	-18	-205.0	317.0
236850	2023-05-23 10:36:00	2023-05-23 10:43:00	2023-05-23 10:47:00	C4.1		POINT(-14 19)	19	-14	-206.0	319.0
236860	2023-05-23 12:07:00	2023-05-23 12:13:00	2023-05-23 12:17:00	M3.0		POINT(-11 17)	17	-11	-188.0	317.0
236870	2023-05-23 14:06:00	2023-05-23 14:14:00	2023-05-23 14:20:00	C2.9		POINT(-11 18)	18	-11	-172.0	292.0
236880	2023-05-23 14:31:00	2023-05-23 14:36:00	2023-05-23 14:42:00	C6.8		POINT(-11 19)	19	-11	-168.0	318.0
236890	2023-05-23 15:22:00	2023-05-23 15:34:00	2023-05-23 15:46:00	C4.4		POINT(-10 18)	18	-10	-155.0	314.0
236900	2023-05-23 16:00:00	2023-05-23 16:00:00	2023-05-23 16:07:00	C3.2		POINT(-10 17)	17	-10	-154.0	330.0
236910	2023-05-23 16:28:00	2023-05-23 16:34:00	2023-05-23 17:10:00	C4.0		POINT(-11 17)	17	-11	-222.0	356.0
236920	2023-05-23 19:11:00	2023-05-23 19:18:00	2023-05-23 19:23:00	C1.6		POINT(-7 17)	17	-7	-115.0	314.0
236930	2023-05-23 19:33:00	2023-05-23 19:39:00	2023-05-23 19:43:00	C1.9		POINT(-7 17)	17	-7	-123.0	317.0
236940	2023-05-23 20:28:00	2023-05-23 20:35:00	2023-05-23 20:39:00	C2.0		POINT(-7 17)	17	-7	-121.0	318.0
236950	2023-05-24 03:34:00	2023-05-24 03:50:00	2023-05-24 04:05:00	C2.7		POINT(-8 20)	20	-8	-127.0	362.0
236960	2023-05-24 07:47:00	2023-05-24 07:59:00	2023-05-24 08:05:00	C2.4		POINT(-12 -26)	-26	-12	-177.0	-415.0
236970	2023-05-24 09:51:00	2023-05-24 09:58:00	2023-05-24 10:02:00	M1.0		POINT(0 18)	18	0	9.0	308.0
236980	2023-05-24 10:24:00	2023-05-24 10:26:00	2023-05-24 10:30:00	C6.7		POINT(1 17)	17	1	18.0	306.0
236990	2023-05-24 13:41:00	2023-05-24 13:47:00	2023-05-24 13:51:00	C2.0		POINT(2 18)	18	2	35.0	321.0
237000	2023-05-24 14:56:00	2023-05-24 15:01:00	2023-05-24 15:05:00	C2.4		POINT(0 19)	19	0	0.0	308.0
237010	2023-05-24 17:04:00	2023-05-24 17:21:00	2023-05-24 17:48:00	M1.8		POINT(3 18)	18	3	47.0	292.0
237020	2023-05-24 17:42:00	2023-05-24 17:59:00	2023-05-24 18:37:00	M1.0		POINT(-38 -17)	-17	-38	-557.0	-277.0
237030	2023-05-24 19:03:00	2023-05-24 19:10:00	2023-05-24 19:18:00	C5.1		POINT(-5 -25)	-25	-5	-74.0	-400.0
237040	2023-05-24 19:47:00	2023-05-24 19:51:00	2023-05-24 19:55:00	C3.5		POINT(5 17)	17	5	87.0	307.0
237050	2023-05-24 20:10:00	2023-05-24 20:12:00	2023-05-24 20:16:00	C2.8		POINT(3 18)	18	3	99.0	303.0
237060	2023-05-24 22:11:00	2023-05-24 22:23:00	2023-05-24 22:32:00	C1.9		POINT(3 18)	18	3	59.0	318.0
237070	2023-05-24 22:33:00	2023-05-24 22:41:00	2023-05-24 22:46:00	C2.6		POINT(-5 -27)	-27	-5	-80.0	-438.0
237080	2023-05-25 02:01:00	2023-05-25 02:15:00	2023-05-25 02:19:00	C2.1		POINT(9 17)	17	9	145.0	306.0
237090	2023-05-25 02:59:00	2023-05-25 03:03:00	2023-05-25 03:07:00	C2.3		POINT(9 17)	17	9	150.0	306.0
237100	2023-05-25 04:35:00	2023-05-25 04:43:00	2023-05-25 04:54:00	C3.7		POINT(19 15)	15	19	291.0	265.0
237110	2023-05-25 05:29:00	2023-05-25 05:41:00	2023-05-25 05:52:00	C7.4		POINT(6 21)	21	6	91.0	366.0
237120	2023-05-25 07:41:00	2023-05-25 07:48:00	2023-05-25 07:52:00	C1.6		POINT(12 18)	18	12	189.0	305.0
237130	2023-05-25 08:08:00	2023-05-25 08:21:00	2023-05-25 08:25:00	C3.5		POINT(21 14)	14	21	339.0	255.0
237140	2023-05-25 08:58:00	2023-05-25 09:04:00	2023-05-25 09:11:00	C1.6		POINT(1 -26)	-26	1	22.0	-396.0
237150	2023-05-25 09:22:00	2023-05-25 09:28:00	2023-05-25 09:33:00	C1.5		POINT(17 -15)	-15	17	338.0	-263.0
237160	2023-05-25 10:54:00	2023-05-25 11:10:00	2023-05-25 11:25:00	C3.2		POINT(22 15)	15	22	350.0	263.0
237170	2023-05-25 12:50:00	2023-05-25 12:54:00	2023-05-25 12:58:00	C1.3		POINT(17 -15)	-15	17	366.0	-266.0
237180	2023-05-25 13:04:00	2023-05-25 13:12:00	2023-05-25 13:26:00	C2.0		POINT(-25 -17)	-17	-25	-390.0	-270.0
237190	2023-05-25 13:47:00	2023-05-25 13:52:00	2023-05-25 13:53:00	C1.5		POINT(-26 -17)	-17	-26	-387.0	-266.0
237200	2023-05-25 13:53:00	2023-05-25 13:59:00	2023-05-25 14:03:00	C1.9		POINT(28 14)	14	28	429.0	248.0
237210	2023-05-25 14:18:00	2023-05-25 14:30:00	2023-05-25 14:37:00	C1.8		POINT(25 14)	14	25	386.0	263.0
237220	2023-05-25 14:37:00	2023-05-25 14:46:00	2023-05-25 14:53:00	M1.1		POINT(4 -25)	-25	4	65.0	-398.0
237230	2023-05-25 17:25:00	2023-05-25 17:32:00	2023-05-25 17:45:00	C1.8		POINT(-24 -17)	-17	-24	-354.0	-266.0
237240	2023-05-25 21:13:00	2023-05-25 21:18:00	2023-05-25 21:22:00	C1.1		POINT(19 17)	17	19	300.0	304.0
237250	2023-05-26 01:02:00	2023-05-26 01:15:00	2023-05-26 01:28:00	C1.3		POINT(-19 -18)	-18	-19	-306.0	-282.0
237260	2023-05-26 01:28:00	2023-05-26 01:35:00	2023-05-26 01:39:00	C1.3		POINT(-19 -19)	-19	-19	-303.0	-291.0
237270	2023-05-26 08:28:00	2023-05-26 08:33:00	2023-05-26 08:38:00	C1.2		POINT(-16 -18)	-18	-16	-247.0	-281.0
237280	2023-05-26 13:20:00	2023-05-26 13:40:00	2023-05-26 14:00:00	C1.3		POINT(-13 -17)	-17	-13	-190.0	-287.0
237290	2023-05-26 14:00:00	2023-05-26 14:04:00	2023-05-26 14:12:00	C2.1		POINT(-12 -18)	-18	-12	-200.0	-279.0
237300	2023-05-26 16:56:00	2023-05-26 17:01:00	2023-05-26 17:10:00	C3.0		POINT(-10 -18)	-18	-10	-167.0	-281.0
237310	2023-05-26 17:41:00	2023-05-26 17:54:00	2023-05-26 18:08:00	C5.5		POINT(40 13)	13	40	588.0	263.0
237320	2023-05-26 18:53:00	2023-05-26 18:57:00	2023-05-26 19:11:00	C2.0		POINT(-9 -18)	-18	-9	-155.0	-283.0
237330	2023-05-26 19:56:00	2023-05-26 20:06:00	2023-05-26 20:14:00	C1.5		POINT(-8 -18)	-18	-8	-135.0	-284.0
237340	2023-05-26 21:47:00	2023-05-26 21:57:00	2023-05-26 22:13:00	C1.5		POINT(40 -13)	-13	40	597.0	-207.0
237350	2023-05-26 22:35:00	2023-05-26 22:43:00	2023-05-26 22:48:00	C6.9		POINT(-8 -18)	-18	-8	-102.0	-280.0
237360	2023-05-27 04:32:00	2023-05-27 04:35:00	2023-05-27 04:41:00	C8.4		POINT(39 14)	14	39	609.0	285.0
237370	2023-05-27 06:02:00	2023-05-27 06:12:00	2023-05-27 06:20:00	C2.8		POINT(-3 -18)	-18	-3	-51.0	-281.0
237380	2023-05-27 14:32:00	2023-05-27 14:47:00	2023-05-27 15:01:00	C2.1		POINT(2 -17)	-17	2	21.0	-278.0
237390	2023-05-27 15:12:00	2023-05-27 15:27:00	2023-05-27 15:33:00	C2.9		POINT(42 19)	19	42	602.0	323.0
237400	2023-05-27 15:33:00	2023-05-27 15:38:00	2023-05-27 15:43:00	C2.9		POINT(0 -15)	-15	0	11.0	-230.0
237410	2023-05-27 18:14:00	2023-05-27 18:17:00	2023-05-27 18:21:00	C1.3		POINT(1 -20)	-20	1	19.0	-307.0
237420	2023-05-27 19:12:00	2023-05-27 19:24:00	2023-05-27 19:30:00	C6.2		POINT(34 -25)	-25	34	488.0	-389.0
237430	2023-05-27 21:46:00	2023-05-27 21:53:00	2023-05-27 21:58:00	C2.2		POINT(5 -17)	-17	5	86.0	-259.0
237440	2023-05-28 01:45:00	2023-05-28 01:51:00	2023-05-28 01:58:00	C1.8		POINT(58 16)	16	58	777.0	258.0
237450	2023-05-28 03:41:00	2023-05-28 03:46:00	2023-05-28 03:53:00	C1.4		POINT(-21 8)	8	-21	-350.0	157.0
237460	2023-05-28 09:19:00	2023-05-28 09:25:00	2023-05-28 09:29:00	C1.3		POINT(11 -17)	-17	11	182.0	-260.0
237470	2023-05-28 10:21:00	2023-05-28 10:36:00	2023-05-28 10:55:00	M1.0		POINT(11 -15)	-15	11	193.0	-237.0
237480	2023-05-28 12:17:00	2023-05-28 12:24:00	2023-05-28 12:32:00	C1.6		POINT(16 -17)	-17	16	234.0	-262.0
237490	2023-05-28 14:48:00	2023-05-28 14:55:00	2023-05-28 15:02:00	C2.0		POINT(15 -17)	-17	15	248.0	-270.0
237500	2023-05-28 15:34:00	2023-05-28 15:41:00	2023-05-28 15:49:00	C1.6		POINT(-79 14)	14	-79	-903.0	237.0
237510	2023-05-28 16:54:00	2023-05-28 16:59:00	2023-05-28 17:05:00	C1.0		POINT(15 -17)	-17	15	247.0	-261.0
237520	2023-05-28 20:31:00	2023-05-28 20:40:00	2023-05-28 20:53:00	C1.2		POINT(18 -15)	-15	18	282.0	-239.0
237530	2023-05-28 21:24:00	2023-05-28 21:32:00	2023-05-28 21:43:00	C1.2		POINT(69 14)	14	69	857.0	251.0
237540	2023-05-29 04:15:00	2023-05-29 04:33:00	2023-05-29 04:58:00	C1.7		POINT(23 24)	24	23	337.0	385.0
237550	2023-05-29 07:15:00	2023-05-29 07:29:00	2023-05-29 07:43:00	C2.3		POINT(-89 10)	10	-89	-946.0	171.0
237560	2023-05-29 18:19:00	2023-05-29 18:29:00	2023-05-29 18:24:00	C6.5		POINT(85 -23)	-23	85	868.0	-369.0
237570	2023-05-29 23:25:00	2023-05-29 23:36:00	2023-05-29 23:40:00	C2.1		POINT(40 26)	26	40	534.0	440.0
237580	2023-05-30 00:09:00	2023-05-30 00:20:00	2023-05-30 00:26:00	C4.5		POINT(89 -21)	-21	89	882.0	-354.0
237590	2023-05-30 03:26:00	2023-05-30 03:30:00	2023-05-30 03:35:00	C2.1		POINT(41 26)	26	41	561.0	435.0
237600	2023-05-30 03:56:00	2023-05-30 04:01:00	2023-05-30 04:06:00	C1.8		POINT(63 -26)	-26	63	758.0	-417.0
237610	2023-05-30 07:54:00	2023-05-30 08:10:00	2023-05-30 08:19:00	M1.2		POINT(89 -22)	-22	89	882.0	-359.0
237620	2023-05-30 10:15:00	2023-05-30 10:22:00	2023-05-30 10:29:00	M1.3		POINT(89 -22)	-22	89	881.0	-357.0
237630	2023-05-30 13:28:00	2023-05-30 13:38:00	2023-05-30 14:00:00	M1.4		POINT(41 -20)	-20	41	583.0	-323.0
237640	2023-05-30 16:29:00	2023-05-30 16:50:00	2023-05-30 16:59:00	C6.0		POINT(10 -19)	-19	10	155.0	-308.0
237650	2023-05-31 00:25:00	2023-05-31 01:02:00	2023-05-31 01:32:00	C4.3		POINT(-89 -7)	-7	-89	-948.0	-129.0
237660	2023-05-31 01:59:00	2023-05-31 02:09:00	2023-05-31 02:17:00	C7.5		POINT(-89 -7)	-7	-89	-948.0	-118.0
237670	2023-05-31 03:38:00	2023-05-31 03:47:00	2023-05-31 03:59:00	C3.8		POINT(-89 -7)	-7	-89	-941.0	-117.0
237680	2023-05-31 04:24:00	2023-05-31 04:38:00	2023-05-31 04:44:00	M1.3		POINT(-89 -7)	-7	-89	-950.0	-117.0
237690	2023-05-31 05:14:00	2023-05-31 05:16:00	2023-05-31 05:26:00	C5.7		POINT(16 -18)	-18	16	248.0	-292.0
237700	2023-05-31 06:01:00	2023-05-31 06:09:00	2023-05-31 06:15:00	C5.7		POINT(-89 -7)	-7	-89	-948.0	-119.0
237710	2023-05-31 07:35:00	2023-05-31 07:43:00	2023-05-31 07:52:00	C4.6		POINT(-89 -7)	-7	-89	-956.0	-122.0
237720	2023-05-31 08:16:00	2023-05-31 08:31:00	2023-05-31 08:49:00	C6.1		POINT(-89 -7)	-7	-89	-949.0	-117.0
237730	2023-05-31 10:10:00	2023-05-31 10:20:00	2023-05-31 10:35:00	C2.7		POINT(-89 -6)	-6	-89	-939.0	-112.0
237740	2023-05-31 10:50:00	2023-05-31 11:03:00	2023-05-31 11:22:00	C5.3		POINT(-89 -7)	-7	-89	-948.0	-117.0
237750	2023-05-31 12:23:00	2023-05-31 12:26:00	2023-05-31 12:30:00	M1.0		POINT(20 -17)	-17	20	311.0	-279.0
237760	2023-05-31 13:29:00	2023-05-31 13:33:00	2023-05-31 13:43:00	C2.9		POINT(-89 -6)	-6	-89	-947.0	-103.0
237770	2023-05-31 14:55:00	2023-05-31 15:00:00	2023-05-31 15:09:00	C2.8		POINT(-89 -6)	-6	-89	-941.0	-98.0
237780	2023-05-31 15:43:00	2023-05-31 15:47:00	2023-05-31 15:51:00	C2.1		POINT(26 -18)	-18	26	399.0	-284.0
237790	2023-05-31 16:09:00	2023-05-31 16:20:00	2023-05-31 16:36:00	C2.5		POINT(52 -20)	-20	52	700.0	-323.0
237800	2023-05-31 16:44:00	2023-05-31 16:49:00	2023-05-31 16:53:00	C3.5		POINT(-85 -6)	-6	-85	-936.0	-108.0
237810	2023-05-31 19:53:00	2023-05-31 20:10:00	2023-05-31 20:27:00	C9.6		POINT(-81 -7)	-7	-81	-939.0	-108.0
237820	2023-05-31 20:40:00	2023-05-31 20:44:00	2023-05-31 20:55:00	C6.8		POINT(-81 -7)	-7	-81	-936.0	-106.0
237830	2023-05-31 21:59:00	2023-05-31 22:10:00	2023-05-31 22:14:00	M4.2		POINT(-81 -7)	-7	-81	-941.0	-112.0
237840	2023-06-01 00:20:00	2023-06-01 00:41:00	2023-06-01 00:56:00	C9.1		POINT(80 24)	24	80	852.0	387.0
237850	2023-06-01 01:25:00	2023-06-01 01:30:00	2023-06-01 01:35:00	C3.0		POINT(-74 -7)	-7	-74	-903.0	-115.0
237860	2023-06-01 08:08:00	2023-06-01 08:14:00	2023-06-01 08:21:00	C1.9		POINT(-12 15)	15	-12	-178.0	266.0
237870	2023-06-01 09:09:00	2023-06-01 09:29:00	2023-06-01 11:13:00	C3.7		POINT(66 -18)	-18	66	842.0	-275.0
237880	2023-06-01 11:13:00	2023-06-01 11:25:00	2023-06-01 11:38:00	C6.5		POINT(66 -17)	-17	66	845.0	-266.0
237890	2023-06-01 13:26:00	2023-06-01 13:41:00	2023-06-01 13:47:00	C2.9		POINT(-9 14)	14	-9	-143.0	228.0
237900	2023-06-01 14:39:00	2023-06-01 14:50:00	2023-06-01 15:01:00	C4.2		POINT(-70 -8)	-8	-70	-884.0	-135.0
237910	2023-06-01 18:48:00	2023-06-01 19:17:00	2023-06-01 19:44:00	C4.4		POINT(-69 -6)	-6	-69	-883.0	-98.0
237920	2023-06-01 20:23:00	2023-06-01 20:41:00	2023-06-01 20:58:00	C6.2		POINT(-69 -6)	-6	-69	-881.0	-102.0
237930	2023-06-02 02:32:00	2023-06-02 02:41:00	2023-06-02 02:45:00	M1.5		POINT(-2 16)	16	-2	-44.0	283.0
237940	2023-06-02 13:59:00	2023-06-02 14:11:00	2023-06-02 14:16:00	C3.9		POINT(89 -19)	-19	89	894.0	-308.0
237950	2023-06-02 15:14:00	2023-06-02 15:24:00	2023-06-02 15:32:00	C3.3		POINT(-89 22)	22	-89	-886.0	367.0
237960	2023-06-02 22:26:00	2023-06-02 22:42:00	2023-06-02 23:06:00	C6.3		POINT(-50 -5)	-5	-50	-723.0	-93.0
237970	2023-06-02 23:54:00	2023-06-03 00:07:00	2023-06-03 00:16:00	C4.0		POINT(-51 -9)	-9	-51	-726.0	-155.0
237980	2023-06-03 00:16:00	2023-06-03 00:22:00	2023-06-03 00:28:00	C4.1		POINT(-52 -8)	-8	-52	-743.0	-137.0
237990	2023-06-03 07:09:00	2023-06-03 07:16:00	2023-06-03 07:23:00	C2.0		POINT(-89 -15)	-15	-89	-920.0	-254.0
238000	2023-06-03 07:53:00	2023-06-03 08:01:00	2023-06-03 08:11:00	C1.7		POINT(-42 -6)	-6	-42	-636.0	-103.0
238010	2023-06-03 11:44:00	2023-06-03 11:49:00	2023-06-03 11:54:00	C2.9		POINT(-89 -19)	-19	-89	-907.0	-321.0
238020	2023-06-03 14:01:00	2023-06-03 14:09:00	2023-06-03 14:14:00	C2.2		POINT(63 -18)	-18	63	806.0	-297.0
238030	2023-06-03 18:33:00	2023-06-03 18:43:00	2023-06-03 18:51:00	C3.4		POINT(-89 -15)	-15	-89	-923.0	-255.0
238040	2023-06-03 20:48:00	2023-06-03 20:56:00	2023-06-03 21:02:00	C3.2		POINT(-89 -15)	-15	-89	-915.0	-254.0
238050	2023-06-03 21:40:00	2023-06-03 21:47:00	2023-06-03 22:09:00	C2.8		POINT(66 -18)	-18	66	828.0	-297.0
238060	2023-06-03 23:02:00	2023-06-03 23:10:00	2023-06-03 23:22:00	C2.8		POINT(-89 -15)	-15	-89	-915.0	-252.0
238070	2023-06-04 00:08:00	2023-06-04 00:15:00	2023-06-04 00:19:00	C3.2		POINT(67 -18)	-18	67	831.0	-299.0
238080	2023-06-04 01:08:00	2023-06-04 01:18:00	2023-06-04 01:26:00	C2.8		POINT(-89 -18)	-18	-89	-903.0	-299.0
238090	2023-06-04 01:54:00	2023-06-04 02:01:00	2023-06-04 02:14:00	C3.0		POINT(-89 -18)	-18	-89	-903.0	-296.0
238100	2023-06-04 03:32:00	2023-06-04 03:45:00	2023-06-04 03:59:00	C8.8		POINT(-35 -10)	-10	-35	-539.0	-170.0
238110	2023-06-04 04:19:00	2023-06-04 04:23:00	2023-06-04 04:27:00	C4.0		POINT(-89 -17)	-17	-89	-903.0	-278.0
238120	2023-06-04 08:49:00	2023-06-04 08:59:00	2023-06-04 09:09:00	C3.5		POINT(-33 -10)	-10	-33	-496.0	-168.0
238130	2023-06-04 09:40:00	2023-06-04 09:49:00	2023-06-04 09:56:00	C3.4		POINT(-82 -17)	-17	-82	-893.0	-288.0
238140	2023-06-04 11:56:00	2023-06-04 12:06:00	2023-06-04 12:14:00	C4.5		POINT(-30 -10)	-10	-30	-463.0	-167.0
238150	2023-06-04 14:25:00	2023-06-04 14:30:00	2023-06-04 14:46:00	C5.7		POINT(-75 -17)	-17	-75	-881.0	-291.0
238160	2023-06-04 16:55:00	2023-06-04 17:02:00	2023-06-04 17:08:00	C3.6		POINT(-74 -17)	-17	-74	-869.0	-287.0
238170	2023-06-05 02:48:00	2023-06-05 02:54:00	2023-06-05 03:10:00	C4.0		POINT(-23 -7)	-7	-23	-353.0	-115.0
238180	2023-06-05 06:30:00	2023-06-05 06:38:00	2023-06-05 06:48:00	C3.5		POINT(2 10)	10	2	126.0	180.0
238190	2023-06-05 10:01:00	2023-06-05 10:10:00	2023-06-05 10:21:00	C2.5		POINT(9 10)	10	9	158.0	182.0
238200	2023-06-05 11:05:00	2023-06-05 11:10:00	2023-06-05 11:45:00	C2.5		POINT(-19 -8)	-8	-19	-304.0	-131.0
238210	2023-06-05 21:19:00	2023-06-05 21:28:00	2023-06-05 21:41:00	C3.6		POINT(89 -15)	-15	89	918.0	-260.0
238220	2023-06-06 00:54:00	2023-06-06 01:03:00	2023-06-06 01:15:00	C2.1		POINT(-58 -17)	-17	-58	-774.0	-278.0
238230	2023-06-06 08:28:00	2023-06-06 08:41:00	2023-06-06 09:06:00	C5.6		POINT(-53 -17)	-17	-53	-723.0	-282.0
238240	2023-06-06 09:07:00	2023-06-06 09:14:00	2023-06-06 09:21:00	C6.3		POINT(-52 -16)	-16	-52	-714.0	-275.0
238250	2023-06-06 17:13:00	2023-06-06 17:21:00	2023-06-06 17:25:00	C2.4		POINT(-47 -16)	-16	-47	-671.0	-264.0
238260	2023-06-06 18:25:00	2023-06-06 18:32:00	2023-06-06 18:50:00	C2.1		POINT(-46 -16)	-16	-46	-663.0	-265.0
238270	2023-06-06 18:55:00	2023-06-06 19:00:00	2023-06-06 19:05:00	C7.5		POINT(-50 -17)	-17	-50	-662.0	-263.0
238280	2023-06-07 03:32:00	2023-06-07 03:40:00	2023-06-07 03:44:00	C1.9		POINT(-39 21)	21	-39	-555.0	354.0
238290	2023-06-07 06:16:00	2023-06-07 06:45:00	2023-06-07 07:09:00	C7.1		POINT(-42 -17)	-17	-42	-567.0	-368.0
238300	2023-06-07 09:01:00	2023-06-07 09:13:00	2023-06-07 09:37:00	C2.7		POINT(-42 -17)	-17	-42	-617.0	-279.0
238310	2023-06-07 11:18:00	2023-06-07 11:46:00	2023-06-07 11:59:00	M4.7		POINT(-36 -15)	-15	-36	-543.0	-252.0
238320	2023-06-07 15:48:00	2023-06-07 15:55:00	2023-06-07 16:02:00	C2.1		POINT(-77 -21)	-21	-77	-858.0	-350.0
238330	2023-06-07 18:25:00	2023-06-07 18:29:00	2023-06-07 18:46:00	C8.7		POINT(-34 -17)	-17	-34	-522.0	-260.0
238340	2023-06-08 02:09:00	2023-06-08 02:16:00	2023-06-08 02:22:00	C1.6		POINT(-30 -16)	-16	-30	-467.0	-266.0
238350	2023-06-08 02:48:00	2023-06-08 02:58:00	2023-06-08 03:06:00	C3.2		POINT(-28 -15)	-15	-28	-478.0	-290.0
238360	2023-06-08 04:43:00	2023-06-08 04:59:00	2023-06-08 05:11:00	C7.3		POINT(-31 -17)	-17	-31	-467.0	-281.0
238370	2023-06-08 07:49:00	2023-06-08 07:58:00	2023-06-08 08:10:00	C2.0		POINT(89 16)	16	89	917.0	266.0
238380	2023-06-08 10:08:00	2023-06-08 10:24:00	2023-06-08 10:37:00	C4.8		POINT(89 12)	12	89	933.0	210.0
238390	2023-06-08 16:50:00	2023-06-08 16:56:00	2023-06-08 17:03:00	C1.8		POINT(-20 -14)	-14	-20	-317.0	-246.0
238400	2023-06-08 23:56:00	2023-06-09 00:07:00	2023-06-09 00:24:00	C2.1		POINT(-19 -17)	-17	-19	-311.0	-287.0
238410	2023-06-09 01:15:00	2023-06-09 01:24:00	2023-06-09 01:33:00	C1.9		POINT(-57 -22)	-22	-57	-701.0	-376.0
238420	2023-06-09 13:34:00	2023-06-09 13:44:00	2023-06-09 13:55:00	C3.1		POINT(-9 -13)	-13	-9	-147.0	-249.0
238430	2023-06-09 14:28:00	2023-06-09 14:40:00	2023-06-09 14:49:00	C4.5		POINT(-9 -18)	-18	-9	-140.0	-252.0
238440	2023-06-09 16:48:00	2023-06-09 17:11:00	2023-06-09 17:25:00	M2.5		POINT(-48 -21)	-21	-48	-654.0	-357.0
238450	2023-06-09 23:08:00	2023-06-09 23:15:00	2023-06-09 23:22:00	C1.4		POINT(48 -11)	-11	48	690.0	-200.0
238460	2023-06-09 23:34:00	2023-06-09 23:42:00	2023-06-09 23:48:00	C2.4		POINT(63 -13)	-13	63	825.0	-216.0
238470	2023-06-10 02:13:00	2023-06-10 02:20:00	2023-06-10 02:27:00	C1.3		POINT(52 -5)	-5	52	746.0	-101.0
238480	2023-06-10 02:27:00	2023-06-10 02:33:00	2023-06-10 02:38:00	C1.2		POINT(53 -6)	-6	53	758.0	-106.0
238490	2023-06-10 03:24:00	2023-06-10 03:32:00	2023-06-10 03:46:00	C1.6		POINT(50 -11)	-11	50	716.0	-200.0
238500	2023-06-10 15:29:00	2023-06-10 15:34:00	2023-06-10 15:42:00	C1.3		POINT(13 -13)	-13	13	206.0	-224.0
238510	2023-06-10 18:25:00	2023-06-10 18:51:00	2023-06-10 18:57:00	C4.6		POINT(14 -12)	-12	14	230.0	-219.0
238520	2023-06-10 20:59:00	2023-06-10 21:06:00	2023-06-10 21:11:00	C3.8		POINT(65 -6)	-6	65	852.0	-113.0
238530	2023-06-10 21:10:00	2023-06-10 21:16:00	2023-06-10 21:25:00	C5.7		POINT(62 -5)	-5	62	837.0	-101.0
238540	2023-06-11 01:55:00	2023-06-11 02:02:00	2023-06-11 02:07:00	C2.8		POINT(72 -6)	-6	72	870.0	-111.0
238550	2023-06-11 04:41:00	2023-06-11 04:50:00	2023-06-11 05:00:00	C1.7		POINT(69 -6)	-6	69	881.0	-113.0
238560	2023-06-11 05:30:00	2023-06-11 05:39:00	2023-06-11 05:46:00	C1.8		POINT(21 -13)	-13	21	332.0	-222.0
238570	2023-06-11 06:21:00	2023-06-11 06:31:00	2023-06-11 06:37:00	C3.3		POINT(70 -6)	-6	70	883.0	-110.0
238580	2023-06-11 14:36:00	2023-06-11 14:44:00	2023-06-11 14:56:00	C1.8		POINT(17 -16)	-16	17	276.0	-273.0
238590	2023-06-12 03:06:00	2023-06-12 03:15:00	2023-06-12 03:22:00	C1.8		POINT(85 -6)	-6	85	934.0	-114.0
238600	2023-06-12 06:49:00	2023-06-12 06:58:00	2023-06-12 07:02:00	C5.2		POINT(44 17)	17	44	614.0	294.0
238610	2023-06-12 08:47:00	2023-06-12 08:55:00	2023-06-12 09:02:00	C2.6		POINT(89 -7)	-7	89	942.0	-116.0
238620	2023-06-12 09:53:00	2023-06-12 10:04:00	2023-06-12 10:19:00	C2.9		POINT(-89 18)	18	-89	-914.0	307.0
238630	2023-06-12 13:09:00	2023-06-12 13:19:00	2023-06-12 13:25:00	C2.7		POINT(30 -18)	-18	30	449.0	-292.0
238640	2023-06-12 20:19:00	2023-06-12 20:26:00	2023-06-12 20:33:00	C3.3		POINT(-4 -24)	-24	-4	-80.0	-381.0
238650	2023-06-12 21:36:00	2023-06-12 21:44:00	2023-06-12 21:53:00	C2.2		POINT(-89 18)	18	-89	-912.0	298.0
238660	2023-06-12 23:08:00	2023-06-12 23:13:00	2023-06-12 23:16:00	C1.9		POINT(-89 18)	18	-89	-903.0	309.0
238670	2023-06-12 23:16:00	2023-06-12 23:27:00	2023-06-12 23:38:00	C5.1		POINT(35 -17)	-17	35	525.0	-288.0
238680	2023-06-13 11:57:00	2023-06-13 12:07:00	2023-06-13 12:20:00	C4.9		POINT(45 26)	26	45	600.0	414.0
238690	2023-06-13 12:41:00	2023-06-13 12:45:00	2023-06-13 12:50:00	C2.1		POINT(-57 -11)	-11	-57	-780.0	-198.0
238700	2023-06-13 14:23:00	2023-06-13 14:34:00	2023-06-13 14:39:00	C2.0		POINT(-89 -20)	-20	-89	-887.0	-323.0
238710	2023-06-13 15:03:00	2023-06-13 15:14:00	2023-06-13 15:32:00	C1.8		POINT(48 -14)	-14	48	681.0	-228.0
238720	2023-06-13 17:30:00	2023-06-13 17:38:00	2023-06-13 17:44:00	C6.3		POINT(-73 16)	16	-73	-868.0	260.0
238730	2023-06-13 20:00:00	2023-06-13 20:05:00	2023-06-13 20:20:00	C1.8		POINT(-89 -21)	-21	-89	-882.0	-338.0
238740	2023-06-13 20:20:00	2023-06-13 20:26:00	2023-06-13 20:42:00	C3.9		POINT(-82 -21)	-21	-82	-884.0	-335.0
238750	2023-06-13 23:29:00	2023-06-13 23:36:00	2023-06-13 23:39:00	C2.0		POINT(-89 -20)	-20	-89	-882.0	-337.0
238760	2023-06-13 23:39:00	2023-06-13 23:45:00	2023-06-13 23:50:00	C2.1		POINT(-89 -21)	-21	-89	-891.0	-342.0
238770	2023-06-14 08:54:00	2023-06-14 09:05:00	2023-06-14 09:16:00	C1.9		POINT(-78 -16)	-16	-78	-889.0	-267.0
238780	2023-06-14 09:19:00	2023-06-14 09:41:00	2023-06-14 10:12:00	C2.0		POINT(-74 -15)	-15	-74	-877.0	-244.0
238790	2023-06-14 10:02:00	2023-06-14 10:09:00	2023-06-14 10:21:00	C1.6		POINT(-46 -11)	-11	-46	-668.0	-202.0
238800	2023-06-14 15:04:00	2023-06-14 15:16:00	2023-06-14 15:20:00	C3.7		POINT(-67 -15)	-15	-67	-851.0	-258.0
238810	2023-06-14 19:16:00	2023-06-14 19:21:00	2023-06-14 19:25:00	C1.8		POINT(-66 -14)	-14	-66	-842.0	-256.0
238820	2023-06-14 20:29:00	2023-06-14 20:37:00	2023-06-14 20:43:00	C3.6		POINT(-65 -14)	-14	-65	-828.0	-263.0
238830	2023-06-14 22:03:00	2023-06-14 22:11:00	2023-06-14 22:18:00	C1.9		POINT(-64 -14)	-14	-64	-840.0	-249.0
238840	2023-06-14 22:48:00	2023-06-14 22:59:00	2023-06-14 23:08:00	C6.6		POINT(56 -17)	-17	56	834.0	-243.0
238850	2023-06-14 23:29:00	2023-06-14 23:38:00	2023-06-14 23:50:00	C5.0		POINT(-89 13)	13	-89	-925.0	216.0
238860	2023-06-15 01:23:00	2023-06-15 01:31:00	2023-06-15 01:38:00	C2.4		POINT(-66 -15)	-15	-66	-833.0	-263.0
238870	2023-06-15 03:13:00	2023-06-15 03:17:00	2023-06-15 03:26:00	C6.0		POINT(-65 -21)	-21	-65	-803.0	-346.0
238880	2023-06-15 12:33:00	2023-06-15 12:55:00	2023-06-15 13:50:00	C9.7		POINT(-61 -22)	-22	-61	-789.0	-394.0
238890	2023-06-15 17:12:00	2023-06-15 17:17:00	2023-06-15 17:30:00	C2.8		POINT(-77 13)	13	-77	-905.0	191.0
238900	2023-06-16 02:33:00	2023-06-16 02:43:00	2023-06-16 02:46:00	C2.8		POINT(83 21)	21	83	870.0	350.0
238910	2023-06-16 02:46:00	2023-06-16 02:54:00	2023-06-16 03:01:00	C3.5		POINT(-72 11)	11	-72	-885.0	179.0
238920	2023-06-16 03:47:00	2023-06-16 03:54:00	2023-06-16 03:58:00	C2.5		POINT(89 -12)	-12	89	926.0	-209.0
238930	2023-06-16 05:21:00	2023-06-16 05:30:00	2023-06-16 05:41:00	M1.0		POINT(-69 17)	17	-69	-847.0	272.0
238940	2023-06-16 06:09:00	2023-06-16 06:19:00	2023-06-16 06:32:00	C3.2		POINT(89 -13)	-13	89	923.0	-222.0
238950	2023-06-16 08:49:00	2023-06-16 09:04:00	2023-06-16 09:11:00	C3.5		POINT(89 21)	21	89	880.0	346.0
238960	2023-06-16 10:20:00	2023-06-16 10:38:00	2023-06-16 10:59:00	M1.0		POINT(-65 13)	13	-65	-834.0	218.0
238970	2023-06-16 13:16:00	2023-06-16 13:24:00	2023-06-16 13:30:00	C2.7		POINT(42 -23)	-23	42	591.0	-410.0
238980	2023-06-16 16:12:00	2023-06-16 16:16:00	2023-06-16 16:22:00	C1.8		POINT(89 24)	24	89	868.0	390.0
238990	2023-06-16 19:52:00	2023-06-16 19:59:00	2023-06-16 20:07:00	M1.0		POINT(46 -24)	-24	46	624.0	-405.0
239000	2023-06-16 21:34:00	2023-06-16 21:41:00	2023-06-16 21:48:00	C2.1		POINT(-45 -13)	-13	-45	-653.0	-232.0
239010	2023-06-17 08:09:00	2023-06-17 08:20:00	2023-06-17 08:39:00	C1.8		POINT(-39 -24)	-24	-39	-548.0	-399.0
239020	2023-06-17 16:07:00	2023-06-17 16:14:00	2023-06-17 16:21:00	C2.2		POINT(-80 -18)	-18	-80	-883.0	-301.0
239030	2023-06-17 16:53:00	2023-06-17 16:57:00	2023-06-17 17:05:00	C4.4		POINT(-25 -17)	-17	-25	-383.0	-296.0
239040	2023-06-17 21:50:00	2023-06-17 22:02:00	2023-06-17 22:09:00	C1.6		POINT(-78 21)	21	-78	-863.0	338.0
239050	2023-06-17 23:46:00	2023-06-17 23:54:00	2023-06-18 00:03:00	C2.1		POINT(-74 -18)	-18	-74	-863.0	-303.0
239060	2023-06-18 00:03:00	2023-06-18 00:12:00	2023-06-18 00:18:00	C2.0		POINT(-20 -15)	-15	-20	-324.0	-279.0
239070	2023-06-18 00:25:00	2023-06-18 00:31:00	2023-06-18 00:40:00	M1.3		POINT(-26 -21)	-21	-26	-389.0	-364.0
239080	2023-06-18 02:04:00	2023-06-18 02:08:00	2023-06-18 02:13:00	C1.7		POINT(-74 21)	21	-74	-848.0	338.0
239090	2023-06-18 04:50:00	2023-06-18 05:05:00	2023-06-18 05:15:00	C2.5		POINT(-25 16)	16	-25	-392.0	252.0
239100	2023-06-18 05:31:00	2023-06-18 05:35:00	2023-06-18 05:44:00	C2.1		POINT(-18 -15)	-15	-18	-280.0	-283.0
239110	2023-06-18 13:25:00	2023-06-18 13:53:00	2023-06-18 14:14:00	M2.5		POINT(-22 -23)	-23	-22	-334.0	-396.0
239120	2023-06-18 22:25:00	2023-06-18 22:39:00	2023-06-18 22:43:00	C2.7		POINT(-89 -10)	-10	-89	-953.0	-170.0
239130	2023-06-18 22:43:00	2023-06-18 22:47:00	2023-06-18 22:51:00	C3.0		POINT(-13 -21)	-21	-13	-207.0	-375.0
239140	2023-06-19 01:46:00	2023-06-19 02:08:00	2023-06-19 02:38:00	C6.0		POINT(-27 14)	14	-27	-428.0	218.0
239150	2023-06-19 03:37:00	2023-06-19 03:50:00	2023-06-19 03:58:00	M1.4		POINT(-89 -12)	-12	-89	-924.0	-197.0
239160	2023-06-19 04:08:00	2023-06-19 04:14:00	2023-06-19 04:26:00	C2.8		POINT(-4 -17)	-17	-4	-77.0	-312.0
239170	2023-06-19 07:05:00	2023-06-19 07:14:00	2023-06-19 07:30:00	C1.9		POINT(-58 23)	23	-58	-736.0	369.0
239180	2023-06-19 11:35:00	2023-06-19 11:46:00	2023-06-19 12:02:00	C2.3		POINT(-50 23)	23	-50	-603.0	386.0
239190	2023-06-19 12:06:00	2023-06-19 12:14:00	2023-06-19 12:18:00	M1.1		POINT(-79 -13)	-13	-79	-911.0	-205.0
239200	2023-06-19 16:15:00	2023-06-19 16:23:00	2023-06-19 16:31:00	C3.2		POINT(0 -17)	-17	0	12.0	-311.0
239210	2023-06-19 16:52:00	2023-06-19 16:59:00	2023-06-19 17:03:00	C2.4		POINT(60 -22)	-22	60	742.0	-368.0
239220	2023-06-19 17:09:00	2023-06-19 17:13:00	2023-06-19 17:25:00	C2.3		POINT(3 -18)	-18	3	36.0	-317.0
239230	2023-06-19 18:39:00	2023-06-19 18:46:00	2023-06-19 18:51:00	C2.1		POINT(0 -15)	-15	0	6.0	-268.0
239240	2023-06-20 00:17:00	2023-06-20 00:32:00	2023-06-20 00:48:00	C4.4		POINT(61 -22)	-22	61	764.0	-374.0
239250	2023-06-20 03:25:00	2023-06-20 03:32:00	2023-06-20 03:50:00	C4.7		POINT(-89 -20)	-20	-89	-886.0	-339.0
239260	2023-06-20 04:47:00	2023-06-20 04:54:00	2023-06-20 05:05:00	C5.9		POINT(66 -22)	-22	66	799.0	-353.0
239270	2023-06-20 10:47:00	2023-06-20 11:06:00	2023-06-20 11:09:00	C8.6		POINT(-75 -20)	-20	-75	-857.0	-322.0
239280	2023-06-20 12:11:00	2023-06-20 12:20:00	2023-06-20 12:28:00	C7.8		POINT(67 -21)	-21	67	816.0	-351.0
239290	2023-06-20 13:00:00	2023-06-20 13:09:00	2023-06-20 13:13:00	C5.7		POINT(69 -21)	-21	69	823.0	-338.0
239300	2023-06-20 13:42:00	2023-06-20 13:46:00	2023-06-20 13:49:00	C3.2		POINT(69 -21)	-21	69	824.0	-350.0
239310	2023-06-20 14:00:00	2023-06-20 14:07:00	2023-06-20 14:12:00	C7.8		POINT(67 -21)	-21	67	811.0	-357.0
239320	2023-06-20 14:36:00	2023-06-20 14:41:00	2023-06-20 14:47:00	C4.9		POINT(-39 -18)	-18	-39	-563.0	-313.0
239330	2023-06-20 15:23:00	2023-06-20 15:34:00	2023-06-20 15:37:00	C6.9		POINT(68 -21)	-21	68	817.0	-338.0
239340	2023-06-20 15:37:00	2023-06-20 15:42:00	2023-06-20 15:44:00	C7.1		POINT(-68 -12)	-12	-68	-856.0	-196.0
239350	2023-06-20 16:27:00	2023-06-20 16:33:00	2023-06-20 16:42:00	M1.1		POINT(69 -21)	-21	69	824.0	-354.0
239360	2023-06-20 16:42:00	2023-06-20 17:09:00	2023-06-20 17:26:00	X1.1		POINT(-73 -17)	-17	-73	-866.0	-285.0
239370	2023-06-21 00:40:00	2023-06-21 00:47:00	2023-06-21 00:54:00	C2.5		POINT(78 -20)	-20	78	851.0	-320.0
239380	2023-06-21 03:00:00	2023-06-21 03:15:00	2023-06-21 03:28:00	C3.6		POINT(78 -20)	-20	78	858.0	-378.0
239390	2023-06-21 10:40:00	2023-06-21 10:49:00	2023-06-21 10:56:00	C5.1		POINT(-64 -22)	-22	-64	-789.0	-368.0
239400	2023-06-21 12:31:00	2023-06-21 12:44:00	2023-06-21 12:54:00	M1.1		POINT(-59 -14)	-14	-59	-785.0	-241.0
239410	2023-06-21 15:31:00	2023-06-21 15:38:00	2023-06-21 15:43:00	M1.0		POINT(6 19)	19	6	90.0	282.0
239420	2023-06-21 16:48:00	2023-06-21 16:56:00	2023-06-21 17:04:00	C2.3		POINT(88 -23)	-23	88	868.0	-378.0
239430	2023-06-21 20:08:00	2023-06-21 20:48:00	2023-06-21 20:54:00	C5.5		POINT(-60 -21)	-21	-60	-765.0	-366.0
239440	2023-06-22 01:02:00	2023-06-22 01:10:00	2023-06-22 01:15:00	C6.2		POINT(9 20)	20	9	140.0	286.0
239450	2023-06-22 08:17:00	2023-06-22 08:24:00	2023-06-22 08:30:00	C4.1		POINT(12 19)	19	12	182.0	290.0
239460	2023-06-22 10:43:00	2023-06-22 10:50:00	2023-06-22 10:56:00	C2.1		POINT(-89 13)	13	-89	-926.0	230.0
239470	2023-06-22 10:57:00	2023-06-22 11:21:00	2023-06-22 11:36:00	M1.1		POINT(-44 -12)	-12	-44	-642.0	-222.0
239480	2023-06-22 13:19:00	2023-06-22 13:30:00	2023-06-22 13:41:00	C2.9		POINT(-45 -17)	-17	-45	-678.0	-330.0
239490	2023-06-22 13:40:00	2023-06-22 13:46:00	2023-06-22 13:52:00	C3.3		POINT(-43 -9)	-9	-43	-612.0	-216.0
239500	2023-06-22 23:29:00	2023-06-22 23:44:00	2023-06-22 23:57:00	M4.8		POINT(-41 -21)	-21	-41	-588.0	-371.0
239510	2023-06-23 03:20:00	2023-06-23 03:32:00	2023-06-23 03:44:00	C4.6		POINT(26 20)	20	26	405.0	295.0
239520	2023-06-23 09:58:00	2023-06-23 10:04:00	2023-06-23 10:11:00	C2.9		POINT(50 -15)	-15	50	712.0	-254.0
239530	2023-06-23 14:06:00	2023-06-23 14:13:00	2023-06-23 14:18:00	C1.8		POINT(28 13)	13	28	434.0	197.0
239540	2023-06-23 16:35:00	2023-06-23 16:46:00	2023-06-23 16:56:00	C2.0		POINT(36 18)	18	36	527.0	291.0
239550	2023-06-23 16:56:00	2023-06-23 17:00:00	2023-06-23 17:04:00	C1.9		POINT(-25 -12)	-12	-25	-390.0	-196.0
239560	2023-06-23 18:37:00	2023-06-23 18:44:00	2023-06-23 18:49:00	C2.0		POINT(47 18)	18	47	662.0	273.0
239570	2023-06-23 20:53:00	2023-06-23 21:02:00	2023-06-23 21:08:00	C2.7		POINT(32 22)	22	32	472.0	323.0
239580	2023-06-23 23:12:00	2023-06-23 23:18:00	2023-06-23 23:22:00	C1.6		POINT(6 21)	21	6	105.0	323.0
239590	2023-06-24 00:12:00	2023-06-24 00:24:00	2023-06-24 00:36:00	C2.7		POINT(40 19)	19	40	551.0	267.0
239600	2023-06-24 03:05:00	2023-06-24 03:12:00	2023-06-24 03:21:00	C1.5		POINT(-20 -12)	-12	-20	-320.0	-229.0
239610	2023-06-24 04:31:00	2023-06-24 04:42:00	2023-06-24 05:14:00	C1.8		POINT(7 18)	18	7	122.0	268.0
239620	2023-06-24 06:37:00	2023-06-24 06:46:00	2023-06-24 06:56:00	C1.6		POINT(11 -21)	-21	11	176.0	-384.0
239630	2023-06-24 07:13:00	2023-06-24 07:21:00	2023-06-24 07:33:00	C2.4		POINT(-21 -15)	-15	-21	-279.0	-225.0
239640	2023-06-24 08:24:00	2023-06-24 08:32:00	2023-06-24 08:39:00	C1.7		POINT(40 21)	21	40	558.0	326.0
239650	2023-06-24 09:11:00	2023-06-24 09:19:00	2023-06-24 09:24:00	C4.1		POINT(40 21)	21	40	560.0	325.0
239660	2023-06-24 12:11:00	2023-06-24 12:17:00	2023-06-24 12:24:00	M1.1		POINT(42 21)	21	42	587.0	323.0
239670	2023-06-24 16:00:00	2023-06-24 16:10:00	2023-06-24 16:20:00	C2.7		POINT(65 -19)	-19	65	809.0	-307.0
239680	2023-06-24 17:42:00	2023-06-24 17:51:00	2023-06-24 18:03:00	C3.0		POINT(-11 -12)	-12	-11	-186.0	-230.0
239690	2023-06-24 20:13:00	2023-06-24 20:21:00	2023-06-24 20:35:00	C1.7		POINT(70 -13)	-13	70	868.0	-225.0
239700	2023-06-24 20:35:00	2023-06-24 20:39:00	2023-06-24 20:43:00	C1.5		POINT(71 -16)	-16	71	861.0	-241.0
239710	2023-06-24 21:05:00	2023-06-24 21:17:00	2023-06-24 21:27:00	C4.9		POINT(73 -16)	-16	73	855.0	-266.0
239720	2023-06-24 22:37:00	2023-06-24 22:47:00	2023-06-24 23:00:00	C1.4		POINT(14 23)	23	14	216.0	346.0
239730	2023-06-24 23:00:00	2023-06-24 23:03:00	2023-06-24 23:07:00	C1.3		POINT(58 8)	8	58	798.0	122.0
239740	2023-06-24 23:32:00	2023-06-24 23:39:00	2023-06-24 23:53:00	C1.7		POINT(16 22)	22	16	301.0	341.0
239750	2023-06-25 01:37:00	2023-06-25 01:44:00	2023-06-25 01:49:00	C1.6		POINT(18 23)	23	18	281.0	352.0
239760	2023-06-25 02:15:00	2023-06-25 02:19:00	2023-06-25 02:25:00	C2.3		POINT(22 -22)	-22	22	341.0	-390.0
239770	2023-06-25 04:12:00	2023-06-25 04:22:00	2023-06-25 04:30:00	C2.7		POINT(76 -14)	-14	76	889.0	-238.0
239780	2023-06-25 06:54:00	2023-06-25 07:08:00	2023-06-25 07:14:00	C6.0		POINT(77 -16)	-16	77	882.0	-257.0
239790	2023-06-25 10:02:00	2023-06-25 10:07:00	2023-06-25 14:24:00	C1.6		POINT(22 23)	23	22	328.0	362.0
239800	2023-06-25 10:51:00	2023-06-25 11:08:00	2023-06-25 11:31:00	C1.9		POINT(23 22)	22	23	349.0	326.0
239810	2023-06-25 12:03:00	2023-06-25 12:18:00	2023-06-25 12:30:00	C8.5		POINT(-5 -18)	-18	-5	-92.0	-326.0
239820	2023-06-25 17:16:00	2023-06-25 17:23:00	2023-06-25 17:28:00	C1.7		POINT(28 17)	17	28	423.0	276.0
239830	2023-06-25 17:28:00	2023-06-25 17:39:00	2023-06-25 17:46:00	C2.1		POINT(26 20)	20	26	389.0	302.0
239840	2023-06-25 17:46:00	2023-06-25 17:49:00	2023-06-25 17:53:00	C2.2		POINT(26 24)	24	26	390.0	356.0
239850	2023-06-25 19:47:00	2023-06-25 20:02:00	2023-06-25 20:13:00	C1.9		POINT(27 23)	23	27	402.0	345.0
239860	2023-06-25 20:19:00	2023-06-25 20:28:00	2023-06-25 20:34:00	C4.5		POINT(61 21)	21	61	765.0	327.0
239870	2023-06-25 21:56:00	2023-06-25 22:02:00	2023-06-25 22:08:00	C6.8		POINT(63 21)	21	63	771.0	330.0
239880	2023-06-25 22:58:00	2023-06-25 23:01:00	2023-06-25 23:06:00	C1.6		POINT(29 24)	24	29	427.0	360.0
239890	2023-06-25 23:15:00	2023-06-25 23:17:00	2023-06-25 23:21:00	C1.7		POINT(65 11)	11	65	833.0	161.0
239900	2023-06-26 00:47:00	2023-06-26 00:56:00	2023-06-26 01:05:00	C2.1		POINT(33 -20)	-20	33	483.0	-322.0
239910	2023-06-26 01:31:00	2023-06-26 01:36:00	2023-06-26 01:42:00	C2.2		POINT(30 25)	25	30	444.0	360.0
239920	2023-06-26 02:19:00	2023-06-26 02:30:00	2023-06-26 02:47:00	C2.1		POINT(30 23)	23	30	434.0	339.0
239930	2023-06-26 03:49:00	2023-06-26 04:02:00	2023-06-26 04:26:00	C7.0		POINT(31 23)	23	31	447.0	337.0
239940	2023-06-26 05:09:00	2023-06-26 05:13:00	2023-06-26 05:18:00	C1.7		POINT(11 -12)	-12	11	163.0	-234.0
239950	2023-06-26 05:35:00	2023-06-26 06:30:00	2023-06-26 13:17:00	C3.0		POINT(34 22)	22	34	489.0	353.0
239960	2023-06-26 08:23:00	2023-06-26 08:30:00	2023-06-26 08:37:00	C1.2		POINT(33 23)	23	33	480.0	348.0
239970	2023-06-26 11:43:00	2023-06-26 11:52:00	2023-06-26 12:11:00	C2.9		POINT(-27 23)	23	-27	-394.0	335.0
239980	2023-06-26 12:13:00	2023-06-26 12:25:00	2023-06-26 12:31:00	C7.4		POINT(35 23)	23	35	505.0	351.0
239990	2023-06-26 16:08:00	2023-06-26 16:22:00	2023-06-26 16:34:00	M1.6		POINT(38 23)	23	38	542.0	347.0
240000	2023-06-26 19:46:00	2023-06-26 19:56:00	2023-06-26 20:00:00	C3.4		POINT(40 25)	25	40	561.0	350.0
240010	2023-06-26 22:16:00	2023-06-26 22:21:00	2023-06-26 22:26:00	C2.3		POINT(40 25)	25	40	576.0	351.0
240020	2023-06-26 23:12:00	2023-06-26 23:20:00	2023-06-26 23:25:00	C3.6		POINT(42 23)	23	42	586.0	352.0
240030	2023-06-26 23:40:00	2023-06-26 23:50:00	2023-06-26 23:59:00	C2.2		POINT(43 24)	24	43	584.0	344.0
240040	2023-06-27 01:19:00	2023-06-27 01:41:00	2023-06-27 02:01:00	C2.9		POINT(43 24)	24	43	596.0	351.0
240050	2023-06-27 03:24:00	2023-06-27 03:30:00	2023-06-27 03:50:00	C1.4		POINT(-25 15)	15	-25	-378.0	230.0
240060	2023-06-27 05:57:00	2023-06-27 06:08:00	2023-06-27 06:13:00	C2.9		POINT(-23 15)	15	-23	-355.0	232.0
240070	2023-06-27 07:05:00	2023-06-27 07:15:00	2023-06-27 07:22:00	C5.3		POINT(79 20)	20	79	868.0	335.0
240080	2023-06-27 09:11:00	2023-06-27 09:19:00	2023-06-27 09:24:00	C1.8		POINT(46 22)	22	46	641.0	349.0
240090	2023-06-27 14:57:00	2023-06-27 15:14:00	2023-06-27 15:19:00	M1.2		POINT(-17 14)	14	-17	-267.0	228.0
240100	2023-06-27 15:57:00	2023-06-27 16:03:00	2023-06-27 16:07:00	C2.0		POINT(49 23)	23	49	660.0	355.0
240110	2023-06-27 16:30:00	2023-06-27 16:51:00	2023-06-27 17:04:00	C5.6		POINT(23 -16)	-16	23	367.0	-344.0
240120	2023-06-27 17:43:00	2023-06-27 17:46:00	2023-06-27 17:50:00	C2.3		POINT(56 20)	20	56	738.0	309.0
240130	2023-06-27 17:51:00	2023-06-27 17:55:00	2023-06-27 18:11:00	C2.6		POINT(-14 16)	16	-14	-219.0	260.0
240140	2023-06-27 18:35:00	2023-06-27 18:35:00	2023-06-27 18:40:00	C1.7		POINT(53 26)	26	53	677.0	413.0
240150	2023-06-27 19:27:00	2023-06-27 19:38:00	2023-06-27 19:39:00	C1.8		POINT(-18 15)	15	-18	-267.0	190.0
240160	2023-06-27 20:10:00	2023-06-27 20:18:00	2023-06-27 20:22:00	C2.0		POINT(59 21)	21	59	753.0	309.0
240170	2023-06-27 21:11:00	2023-06-27 21:19:00	2023-06-27 21:28:00	C1.9		POINT(-15 15)	15	-15	-195.0	204.0
240180	2023-06-27 22:22:00	2023-06-27 22:33:00	2023-06-27 22:48:00	C4.4		POINT(-15 15)	15	-15	-235.0	244.0
240190	2023-06-27 23:17:00	2023-06-27 23:24:00	2023-06-27 23:31:00	C1.7		POINT(-7 22)	22	-7	-117.0	332.0
240200	2023-06-28 00:29:00	2023-06-28 00:32:00	2023-06-28 00:39:00	C1.4		POINT(-14 13)	13	-14	-228.0	185.0
240210	2023-06-28 02:14:00	2023-06-28 02:23:00	2023-06-28 02:33:00	C3.3		POINT(89 20)	20	89	892.0	335.0
240220	2023-06-28 03:28:00	2023-06-28 03:35:00	2023-06-28 03:44:00	C1.3		POINT(-11 14)	14	-11	-203.0	186.0
240230	2023-06-28 04:02:00	2023-06-28 04:09:00	2023-06-28 04:15:00	C1.6		POINT(-11 12)	12	-11	-190.0	168.0
240240	2023-06-28 08:26:00	2023-06-28 08:44:00	2023-06-28 08:59:00	M1.9		POINT(62 20)	20	62	760.0	338.0
240250	2023-06-28 16:41:00	2023-06-28 16:44:00	2023-06-28 16:48:00	C1.8		POINT(61 23)	23	61	761.0	360.0
240260	2023-06-28 18:22:00	2023-06-28 18:39:00	2023-06-28 19:04:00	C5.4		POINT(2 17)	17	2	-6.0	206.0
240270	2023-06-28 18:46:00	2023-06-28 18:53:00	2023-06-28 19:04:00	C5.0		POINT(12 -31)	-31	12	168.0	-486.0
240280	2023-06-28 19:44:00	2023-06-28 19:51:00	2023-06-28 20:02:00	C1.5		POINT(66 23)	23	66	795.0	360.0
240290	2023-06-28 23:02:00	2023-06-28 23:12:00	2023-06-28 23:24:00	C1.6		POINT(39 -23)	-23	39	557.0	-401.0
240300	2023-06-29 02:50:00	2023-06-29 03:00:00	2023-06-29 03:19:00	C1.7		POINT(1 14)	14	1	28.0	176.0
240310	2023-06-29 03:50:00	2023-06-29 04:03:00	2023-06-29 04:10:00	C2.8		POINT(20 -32)	-32	20	243.0	-533.0
240320	2023-06-29 04:10:00	2023-06-29 04:20:00	2023-06-29 04:26:00	C3.3		POINT(46 -15)	-15	46	590.0	-371.0
240330	2023-06-29 08:03:00	2023-06-29 08:09:00	2023-06-29 08:14:00	C2.7		POINT(1 14)	14	1	86.0	208.0
240340	2023-06-29 10:55:00	2023-06-29 11:15:00	2023-06-29 11:40:00	C3.4		POINT(11 14)	14	11	161.0	230.0
240350	2023-06-29 12:27:00	2023-06-29 12:38:00	2023-06-29 13:00:00	C3.1		POINT(11 14)	14	11	191.0	249.0
240360	2023-06-29 14:00:00	2023-06-29 14:15:00	2023-06-29 14:23:00	M3.8		POINT(14 17)	17	14	216.0	238.0
240370	2023-06-29 20:02:00	2023-06-29 20:13:00	2023-06-29 20:30:00	C3.0		POINT(60 14)	14	60	799.0	210.0
240380	2023-06-29 21:52:00	2023-06-29 22:07:00	2023-06-29 22:23:00	C5.3		POINT(17 17)	17	17	271.0	248.0
240390	2023-06-30 06:09:00	2023-06-30 06:16:00	2023-06-30 06:22:00	C1.8		POINT(20 14)	14	20	288.0	186.0
240400	2023-06-30 07:07:00	2023-06-30 07:31:00	2023-06-30 07:55:00	C3.1		POINT(-89 -7)	-7	-89	-951.0	-125.0
240410	2023-06-30 09:51:00	2023-06-30 10:03:00	2023-06-30 10:21:00	C5.7		POINT(25 16)	16	25	372.0	240.0
240420	2023-06-30 11:16:00	2023-06-30 11:21:00	2023-06-30 11:29:00	C1.9		POINT(21 14)	14	21	331.0	198.0
240430	2023-06-30 12:39:00	2023-06-30 12:47:00	2023-06-30 12:51:00	C2.9		POINT(86 24)	24	86	858.0	386.0
240440	2023-06-30 13:34:00	2023-06-30 13:52:00	2023-06-30 14:04:00	C4.2		POINT(25 17)	17	25	394.0	245.0
240450	2023-06-30 18:53:00	2023-06-30 18:57:00	2023-06-30 19:01:00	C3.7		POINT(25 14)	14	25	399.0	194.0
240460	2023-06-30 19:03:00	2023-06-30 19:07:00	2023-06-30 19:11:00	C2.8		POINT(89 23)	23	89	866.0	380.0
240470	2023-07-01 07:00:00	2023-07-01 07:06:00	2023-07-01 07:10:00	C2.5		POINT(-67 -12)	-12	-67	-849.0	-225.0
240480	2023-07-01 07:18:00	2023-07-01 07:25:00	2023-07-01 07:29:00	C2.4		POINT(-68 23)	23	-68	-803.0	368.0
240490	2023-07-01 09:12:00	2023-07-01 09:19:00	2023-07-01 09:26:00	C2.1		POINT(35 16)	16	35	524.0	228.0
240500	2023-07-01 11:34:00	2023-07-01 11:39:00	2023-07-01 11:44:00	C3.5		POINT(-67 23)	23	-67	-796.0	366.0
240510	2023-07-01 12:47:00	2023-07-01 12:56:00	2023-07-01 13:00:00	C4.1		POINT(-66 24)	24	-66	-786.0	372.0
240520	2023-07-01 13:56:00	2023-07-01 14:20:00	2023-07-01 14:52:00	C3.7		POINT(-72 -17)	-17	-72	-858.0	-290.0
240530	2023-07-01 15:52:00	2023-07-01 15:57:00	2023-07-01 16:03:00	C3.1		POINT(-63 24)	24	-63	-773.0	369.0
240540	2023-07-01 19:05:00	2023-07-01 19:16:00	2023-07-01 19:25:00	C4.0		POINT(-58 -22)	-22	-58	-741.0	-387.0
240550	2023-07-01 19:57:00	2023-07-01 20:06:00	2023-07-01 20:20:00	C2.6		POINT(40 16)	16	40	587.0	228.0
240560	2023-07-01 22:07:00	2023-07-01 22:23:00	2023-07-01 22:31:00	M1.1		POINT(-55 -20)	-20	-55	-723.0	-390.0
240570	2023-07-02 02:29:00	2023-07-02 02:35:00	2023-07-02 02:40:00	M2.0		POINT(-55 -22)	-22	-55	-718.0	-386.0
240580	2023-07-02 02:46:00	2023-07-02 02:56:00	2023-07-02 03:02:00	C4.1		POINT(-53 -22)	-22	-53	-697.0	-389.0
240590	2023-07-02 03:27:00	2023-07-02 03:34:00	2023-07-02 03:38:00	C2.9		POINT(47 16)	16	47	664.0	242.0
240600	2023-07-02 08:17:00	2023-07-02 08:24:00	2023-07-02 08:34:00	C6.5		POINT(49 17)	17	49	689.0	244.0
240610	2023-07-02 08:45:00	2023-07-02 08:53:00	2023-07-02 08:58:00	C8.8		POINT(51 16)	16	51	680.0	249.0
240620	2023-07-02 11:06:00	2023-07-02 11:09:00	2023-07-02 11:24:00	C2.4		POINT(51 16)	16	51	707.0	240.0
240630	2023-07-02 17:25:00	2023-07-02 17:35:00	2023-07-02 17:48:00	C2.6		POINT(-45 -23)	-23	-45	-619.0	-404.0
240640	2023-07-02 21:19:00	2023-07-02 21:26:00	2023-07-02 21:31:00	C7.3		POINT(-46 -13)	-13	-46	-651.0	-288.0
240650	2023-07-02 22:16:00	2023-07-02 22:29:00	2023-07-02 22:40:00	C5.7		POINT(60 16)	16	60	789.0	249.0
240660	2023-07-02 22:54:00	2023-07-02 23:14:00	2023-07-02 23:58:00	X1.0		POINT(60 16)	16	60	786.0	248.0
240670	2023-07-03 02:56:00	2023-07-03 03:03:00	2023-07-03 03:07:00	C3.1		POINT(-41 -14)	-14	-41	-612.0	-267.0
240680	2023-07-03 04:15:00	2023-07-03 04:22:00	2023-07-03 04:29:00	C2.8		POINT(61 15)	15	61	800.0	230.0
240690	2023-07-03 05:23:00	2023-07-03 05:31:00	2023-07-03 05:37:00	C2.5		POINT(-42 -15)	-15	-42	-602.0	-293.0
240700	2023-07-03 06:19:00	2023-07-03 06:25:00	2023-07-03 06:32:00	C3.0		POINT(-42 21)	21	-42	-590.0	318.0
240710	2023-07-03 06:43:00	2023-07-03 06:53:00	2023-07-03 06:59:00	M1.3		POINT(-40 -15)	-15	-40	-592.0	-288.0
240720	2023-07-03 07:43:00	2023-07-03 07:48:00	2023-07-03 08:04:00	C3.2		POINT(-40 -15)	-15	-40	-575.0	-277.0
240730	2023-07-03 11:51:00	2023-07-03 12:09:00	2023-07-03 12:22:00	C3.7		POINT(-35 -23)	-23	-35	-512.0	-409.0
240740	2023-07-03 12:27:00	2023-07-03 12:36:00	2023-07-03 12:48:00	C4.6		POINT(-37 -14)	-14	-37	-500.0	-378.0
240750	2023-07-03 14:40:00	2023-07-03 14:48:00	2023-07-03 14:54:00	C3.5		POINT(-37 23)	23	-37	-522.0	368.0
240760	2023-07-03 15:16:00	2023-07-03 15:21:00	2023-07-03 15:25:00	C5.0		POINT(-35 24)	24	-35	-494.0	383.0
240770	2023-07-03 18:04:00	2023-07-03 18:05:00	2023-07-03 18:16:00	C5.0		POINT(-34 21)	21	-34	-492.0	338.0
240780	2023-07-03 20:43:00	2023-07-03 20:55:00	2023-07-03 21:02:00	C3.9		POINT(-30 -23)	-23	-30	-447.0	-411.0
240790	2023-07-03 21:02:00	2023-07-03 21:12:00	2023-07-03 21:22:00	C8.9		POINT(-33 22)	22	-33	-492.0	308.0
240800	2023-07-03 23:09:00	2023-07-03 23:11:00	2023-07-03 23:15:00	C2.9		POINT(-32 24)	24	-32	-461.0	356.0
240810	2023-07-03 23:45:00	2023-07-03 23:53:00	2023-07-03 23:57:00	C4.3		POINT(73 15)	15	73	861.0	243.0
240820	2023-07-04 00:23:00	2023-07-04 00:28:00	2023-07-04 00:32:00	C4.2		POINT(-31 24)	24	-31	-447.0	347.0
240830	2023-07-04 01:56:00	2023-07-04 02:01:00	2023-07-04 02:08:00	C2.7		POINT(68 12)	12	68	854.0	192.0
240840	2023-07-04 02:22:00	2023-07-04 02:27:00	2023-07-04 02:31:00	C2.9		POINT(-29 24)	24	-29	-432.0	343.0
240850	2023-07-04 06:36:00	2023-07-04 06:41:00	2023-07-04 06:45:00	C7.2		POINT(-28 24)	24	-28	-405.0	339.0
240860	2023-07-04 08:08:00	2023-07-04 08:15:00	2023-07-04 08:23:00	C3.0		POINT(-24 -13)	-13	-24	-394.0	-246.0
240870	2023-07-04 12:20:00	2023-07-04 12:35:00	2023-07-04 12:55:00	M1.4		POINT(82 16)	16	82	905.0	264.0
240880	2023-07-04 19:08:00	2023-07-04 19:28:00	2023-07-04 19:45:00	C8.0		POINT(89 14)	14	89	924.0	242.0
240890	2023-07-04 21:21:00	2023-07-04 21:33:00	2023-07-04 21:52:00	C5.2		POINT(-16 -22)	-22	-16	-253.0	-413.0
240900	2023-07-04 22:04:00	2023-07-04 22:12:00	2023-07-04 22:19:00	C4.8		POINT(89 15)	15	89	909.0	254.0
240910	2023-07-04 23:27:00	2023-07-04 23:39:00	2023-07-05 23:54:00	C6.0		POINT(-47 23)	23	-47	-635.0	368.0
240920	2023-07-05 01:34:00	2023-07-05 01:41:00	2023-07-05 01:54:00	C2.5		POINT(-18 -21)	-21	-18	-245.0	-286.0
240930	2023-07-05 02:20:00	2023-07-05 02:24:00	2023-07-05 02:28:00	C2.6		POINT(84 15)	15	84	905.0	246.0
240940	2023-07-05 03:22:00	2023-07-05 03:28:00	2023-07-05 03:33:00	C3.9		POINT(84 15)	15	84	905.0	249.0
240950	2023-07-05 04:04:00	2023-07-05 04:12:00	2023-07-05 04:20:00	C3.4		POINT(80 16)	16	80	911.0	237.0
240960	2023-07-05 08:33:00	2023-07-05 08:43:00	2023-07-05 08:56:00	C2.7		POINT(89 16)	16	89	916.0	263.0
240970	2023-07-05 10:33:00	2023-07-05 10:43:00	2023-07-05 10:49:00	C7.5		POINT(87 15)	15	87	918.0	252.0
240980	2023-07-05 10:55:00	2023-07-05 11:00:00	2023-07-05 11:04:00	C8.1		POINT(86 15)	15	86	906.0	254.0
240990	2023-07-05 13:41:00	2023-07-05 13:50:00	2023-07-05 13:58:00	C2.5		POINT(89 14)	14	89	916.0	242.0
241000	2023-07-05 15:40:00	2023-07-05 15:50:00	2023-07-05 15:57:00	C6.2		POINT(-7 -21)	-21	-7	-95.0	-409.0
241010	2023-07-05 16:06:00	2023-07-05 16:11:00	2023-07-05 16:16:00	C5.4		POINT(89 15)	15	89	918.0	261.0
241020	2023-07-05 18:02:00	2023-07-05 18:14:00	2023-07-05 18:15:00	C4.3		POINT(-34 -23)	-23	-34	-485.0	-368.0
241030	2023-07-05 18:33:00	2023-07-05 18:34:00	2023-07-05 18:40:00	M1.0		POINT(-35 24)	24	-35	-494.0	383.0
241040	2023-07-05 22:39:00	2023-07-05 22:46:00	2023-07-05 22:54:00	C2.2		POINT(-33 23)	23	-33	-477.0	341.0
241050	2023-07-06 02:40:00	2023-07-06 02:45:00	2023-07-06 02:58:00	C1.9		POINT(89 15)	15	89	920.0	253.0
241060	2023-07-06 03:12:00	2023-07-06 03:25:00	2023-07-06 03:31:00	C2.3		POINT(-30 23)	23	-30	-452.0	338.0
241070	2023-07-06 04:36:00	2023-07-06 04:45:00	2023-07-06 04:53:00	C8.9		POINT(-6 23)	23	-6	-95.0	350.0
241080	2023-07-06 08:15:00	2023-07-06 08:26:00	2023-07-06 08:33:00	C3.5		POINT(89 15)	15	89	915.0	261.0
241090	2023-07-06 10:04:00	2023-07-06 10:06:00	2023-07-06 10:10:00	C3.3		POINT(-28 24)	24	-28	-404.0	383.0
241100	2023-07-06 10:32:00	2023-07-06 10:49:00	2023-07-06 11:07:00	M1.0		POINT(0 -14)	-14	0	0.0	-228.0
241110	2023-07-06 12:04:00	2023-07-06 12:11:00	2023-07-06 12:21:00	C2.6		POINT(4 -21)	-21	4	51.0	-389.0
241120	2023-07-06 23:41:00	2023-07-06 23:50:00	2023-07-07 00:01:00	C2.7		POINT(10 -22)	-22	10	161.0	-412.0
241130	2023-07-07 05:41:00	2023-07-07 05:57:00	2023-07-07 06:14:00	C1.7		POINT(14 -22)	-22	14	218.0	-416.0
241140	2023-07-07 06:10:00	2023-07-07 06:27:00	2023-07-07 08:01:00	M4.0		POINT(15 -22)	-22	15	204.0	-392.0
241150	2023-07-07 07:25:00	2023-07-07 07:32:00	2023-07-07 07:39:00	C4.2		POINT(14 -21)	-21	14	227.0	-402.0
241160	2023-07-07 13:51:00	2023-07-07 13:58:00	2023-07-07 14:02:00	C2.3		POINT(-13 24)	24	-13	-197.0	347.0
241170	2023-07-07 18:16:00	2023-07-07 18:19:00	2023-07-07 18:23:00	C2.7		POINT(-6 24)	24	-6	-99.0	320.0
241180	2023-07-08 01:27:00	2023-07-08 01:44:00	2023-07-08 02:03:00	C4.2		POINT(-17 26)	26	-17	-248.0	413.0
241190	2023-07-08 11:03:00	2023-07-08 11:31:00	2023-07-08 12:18:00	C3.3		POINT(2 23)	23	2	30.0	306.0
241200	2023-07-08 14:01:00	2023-07-08 14:07:00	2023-07-08 14:17:00	C1.7		POINT(1 25)	25	1	23.0	347.0
241210	2023-07-08 14:17:00	2023-07-08 14:26:00	2023-07-08 14:35:00	C1.5		POINT(-38 25)	25	-38	-533.0	367.0
241220	2023-07-08 18:47:00	2023-07-08 18:54:00	2023-07-08 18:59:00	C1.6		POINT(-45 -21)	-21	-45	-623.0	-338.0
241230	2023-07-08 21:11:00	2023-07-08 21:19:00	2023-07-08 21:29:00	C2.3		POINT(7 25)	25	7	85.0	352.0
241240	2023-07-08 21:53:00	2023-07-08 22:00:00	2023-07-08 22:12:00	C2.4		POINT(8 24)	24	8	86.0	350.0
241250	2023-07-08 23:13:00	2023-07-08 23:21:00	2023-07-08 23:31:00	C2.0		POINT(9 23)	23	9	140.0	321.0
241260	2023-07-08 23:37:00	2023-07-09 00:02:00	2023-07-09 00:05:00	C5.5		POINT(24 -10)	-10	24	387.0	-232.0
241270	2023-07-09 00:02:00	2023-07-09 00:06:00	2023-07-09 00:44:00	C5.7		POINT(21 -12)	-12	21	368.0	-250.0
241280	2023-07-09 05:40:00	2023-07-09 05:47:00	2023-07-09 05:55:00	C1.7		POINT(10 25)	25	10	149.0	354.0
241290	2023-07-09 11:00:00	2023-07-09 11:21:00	2023-07-09 11:30:00	C3.8		POINT(30 -10)	-10	30	472.0	-227.0
241300	2023-07-09 13:45:00	2023-07-09 13:53:00	2023-07-09 14:10:00	C4.2		POINT(41 -24)	-24	41	565.0	-383.0
241310	2023-07-09 18:05:00	2023-07-09 18:12:00	2023-07-09 18:23:00	C3.7		POINT(52 -26)	-26	52	697.0	-383.0
241320	2023-07-09 23:10:00	2023-07-09 23:20:00	2023-07-09 23:27:00	C6.8		POINT(46 20)	20	46	638.0	322.0
241330	2023-07-09 23:31:00	2023-07-09 23:39:00	2023-07-09 23:46:00	C6.6		POINT(46 -13)	-13	46	661.0	-212.0
241340	2023-07-09 23:50:00	2023-07-09 23:54:00	2023-07-09 23:59:00	C6.2		POINT(36 -11)	-11	36	547.0	-238.0
241350	2023-07-10 00:25:00	2023-07-10 00:32:00	2023-07-10 00:35:00	C3.4		POINT(-31 -23)	-23	-31	-432.0	-426.0
241360	2023-07-10 00:35:00	2023-07-10 00:43:00	2023-07-10 00:51:00	C4.4		POINT(46 -13)	-13	46	687.0	-205.0
241370	2023-07-10 01:49:00	2023-07-10 01:58:00	2023-07-10 02:02:00	C9.3		POINT(21 26)	26	21	305.0	362.0
241380	2023-07-10 03:29:00	2023-07-10 03:55:00	2023-07-10 04:12:00	M2.3		POINT(49 -13)	-13	49	682.0	-285.0
241390	2023-07-10 04:58:00	2023-07-10 05:16:00	2023-07-10 05:24:00	C4.0		POINT(41 -12)	-12	41	607.0	-248.0
241400	2023-07-10 05:24:00	2023-07-10 05:31:00	2023-07-10 05:42:00	C4.5		POINT(38 -12)	-12	38	604.0	-242.0
241410	2023-07-10 06:11:00	2023-07-10 06:19:00	2023-07-10 06:34:00	C4.1		POINT(3 10)	10	3	47.0	115.0
241420	2023-07-10 09:07:00	2023-07-10 09:15:00	2023-07-10 09:24:00	C3.1		POINT(4 9)	9	4	71.0	96.0
241430	2023-07-10 09:46:00	2023-07-10 09:50:00	2023-07-10 09:56:00	C2.9		POINT(-73 -15)	-15	-73	-872.0	-267.0
241440	2023-07-10 10:14:00	2023-07-10 10:18:00	2023-07-10 10:31:00	C3.0		POINT(5 9)	9	5	81.0	95.0
241450	2023-07-10 14:48:00	2023-07-10 14:55:00	2023-07-10 15:03:00	C2.8		POINT(55 -10)	-10	55	761.0	-163.0
241460	2023-07-10 17:12:00	2023-07-10 17:22:00	2023-07-10 17:30:00	C2.8		POINT(-88 22)	22	-88	-874.0	353.0
241470	2023-07-10 19:17:00	2023-07-10 19:28:00	2023-07-10 19:36:00	C5.3		POINT(58 -12)	-12	58	786.0	-239.0
241480	2023-07-10 22:06:00	2023-07-10 22:18:00	2023-07-10 22:29:00	M1.4		POINT(59 -12)	-12	59	808.0	-210.0
241490	2023-07-11 01:45:00	2023-07-11 01:49:00	2023-07-11 01:55:00	C3.7		POINT(-88 22)	22	-88	-879.0	361.0
241500	2023-07-11 02:10:00	2023-07-11 02:14:00	2023-07-11 02:18:00	C8.0		POINT(-88 20)	20	-88	-905.0	335.0
241510	2023-07-11 03:57:00	2023-07-11 04:04:00	2023-07-11 04:14:00	C5.6		POINT(-88 20)	20	-88	-890.0	335.0
241520	2023-07-11 04:58:00	2023-07-11 05:07:00	2023-07-11 05:12:00	C6.7		POINT(56 -12)	-12	56	765.0	-196.0
241530	2023-07-11 09:19:00	2023-07-11 09:23:00	2023-07-11 09:27:00	C4.8		POINT(38 25)	25	38	519.0	367.0
241540	2023-07-11 11:13:00	2023-07-11 11:23:00	2023-07-11 11:35:00	C4.5		POINT(-11 -25)	-25	-11	-168.0	-459.0
241550	2023-07-11 12:50:00	2023-07-11 13:00:00	2023-07-11 13:08:00	C6.5		POINT(-88 24)	24	-88	-864.0	398.0
241560	2023-07-11 13:15:00	2023-07-11 13:16:00	2023-07-11 13:25:00	C7.6		POINT(61 -13)	-13	61	804.0	-212.0
241570	2023-07-11 14:19:00	2023-07-11 14:35:00	2023-07-11 14:45:00	M2.0		POINT(-88 25)	25	-88	-863.0	409.0
241580	2023-07-11 16:02:00	2023-07-11 16:12:00	2023-07-11 16:35:00	M1.1		POINT(-88 24)	24	-88	-868.0	402.0
241590	2023-07-11 17:51:00	2023-07-11 18:08:00	2023-07-11 18:16:00	M6.8		POINT(-88 25)	25	-88	-860.0	408.0
241600	2023-07-11 19:20:00	2023-07-11 19:30:00	2023-07-11 20:00:00	M1.0		POINT(-87 24)	24	-87	-869.0	363.0
241610	2023-07-11 22:04:00	2023-07-11 22:15:00	2023-07-11 22:24:00	M5.8		POINT(-88 25)	25	-88	-854.0	411.0
241620	2023-07-11 23:34:00	2023-07-11 23:37:00	2023-07-11 23:45:00	M1.2		POINT(59 -19)	-19	59	767.0	-341.0
241630	2023-07-12 00:18:00	2023-07-12 00:22:00	2023-07-12 00:39:00	M1.4		POINT(24 11)	11	24	376.0	180.0
241640	2023-07-12 01:58:00	2023-07-12 02:00:00	2023-07-12 02:04:00	C8.7		POINT(-77 24)	24	-77	-840.0	383.0
241650	2023-07-12 04:31:00	2023-07-12 04:45:00	2023-07-12 04:58:00	M1.3		POINT(-88 24)	24	-88	-858.0	399.0
241660	2023-07-12 05:10:00	2023-07-12 05:14:00	2023-07-12 05:23:00	M1.3		POINT(48 25)	25	48	639.0	369.0
241670	2023-07-12 06:10:00	2023-07-12 06:17:00	2023-07-12 06:23:00	C5.6		POINT(-86 24)	24	-86	-855.0	390.0
241680	2023-07-12 08:23:00	2023-07-12 08:32:00	2023-07-12 08:38:00	C4.1		POINT(50 25)	25	50	657.0	369.0
241690	2023-07-12 08:49:00	2023-07-12 08:55:00	2023-07-12 09:00:00	M6.9		POINT(-86 25)	25	-86	-852.0	395.0
241700	2023-07-12 10:23:00	2023-07-12 10:29:00	2023-07-12 10:33:00	C9.1		POINT(52 25)	25	52	670.0	368.0
241710	2023-07-12 14:35:00	2023-07-12 15:05:00	2023-07-12 17:22:00	C4.7		POINT(58 23)	23	58	699.0	371.0
241720	2023-07-12 15:10:00	2023-07-12 15:14:00	2023-07-12 15:18:00	C4.2		POINT(56 25)	25	56	706.0	376.0
241730	2023-07-12 17:27:00	2023-07-12 17:32:00	2023-07-12 17:36:00	C3.6		POINT(45 26)	26	45	605.0	385.0
241740	2023-07-12 19:34:00	2023-07-12 19:38:00	2023-07-12 19:44:00	C4.9		POINT(58 26)	26	58	719.0	385.0
241750	2023-07-12 22:23:00	2023-07-12 22:30:00	2023-07-12 22:35:00	C3.6		POINT(-74 24)	24	-74	-825.0	378.0
241760	2023-07-12 22:39:00	2023-07-12 22:45:00	2023-07-12 23:27:00	C5.5		POINT(8 -25)	-25	8	119.0	-398.0
241770	2023-07-13 00:32:00	2023-07-13 00:42:00	2023-07-13 00:46:00	C7.5		POINT(-73 24)	24	-73	-822.0	377.0
241780	2023-07-13 00:52:00	2023-07-13 00:58:00	2023-07-13 01:02:00	C8.0		POINT(-73 24)	24	-73	-822.0	379.0
241790	2023-07-13 02:04:00	2023-07-13 02:08:00	2023-07-13 02:19:00	C4.8		POINT(-72 25)	25	-72	-814.0	382.0
241800	2023-07-13 02:19:00	2023-07-13 02:22:00	2023-07-13 02:26:00	C5.5		POINT(-69 24)	24	-69	-804.0	375.0
241810	2023-07-13 02:43:00	2023-07-13 02:48:00	2023-07-13 02:52:00	C5.2		POINT(-62 24)	24	-62	-761.0	383.0
241820	2023-07-13 05:05:00	2023-07-13 05:11:00	2023-07-13 05:28:00	C7.7		POINT(-84 24)	24	-84	-857.0	383.0
241830	2023-07-13 08:02:00	2023-07-13 08:09:00	2023-07-13 08:20:00	C4.8		POINT(-84 24)	24	-84	-857.0	383.0
241840	2023-07-13 09:35:00	2023-07-13 09:55:00	2023-07-13 10:12:00	C5.1		POINT(-64 25)	25	-64	-768.0	398.0
241850	2023-07-13 11:13:00	2023-07-13 11:20:00	2023-07-13 11:29:00	C4.7		POINT(-66 25)	25	-66	-785.0	374.0
241860	2023-07-13 12:06:00	2023-07-13 12:35:00	2023-07-13 13:54:00	C9.7		POINT(-66 25)	25	-66	-783.0	348.0
241870	2023-07-13 16:48:00	2023-07-13 16:52:00	2023-07-13 16:56:00	C4.7		POINT(-65 24)	24	-65	-782.0	366.0
241880	2023-07-13 18:55:00	2023-07-13 19:20:00	2023-07-13 19:36:00	M2.1		POINT(-57 24)	24	-57	-753.0	357.0
241890	2023-07-13 22:22:00	2023-07-13 22:29:00	2023-07-13 22:35:00	C3.6		POINT(53 9)	9	53	747.0	107.0
241900	2023-07-13 22:38:00	2023-07-13 22:48:00	2023-07-13 22:55:00	C6.9		POINT(-58 25)	25	-58	-725.0	398.0
241910	2023-07-14 00:26:00	2023-07-14 00:31:00	2023-07-14 00:35:00	C5.8		POINT(-49 24)	24	-49	-650.0	383.0
241920	2023-07-14 09:04:00	2023-07-14 09:20:00	2023-07-14 09:22:00	C2.6		POINT(88 24)	24	88	864.0	392.0
241930	2023-07-14 09:13:00	2023-07-14 09:13:00	2023-07-14 09:18:00	M1.0		POINT(24 -19)	-19	24	350.0	-453.0
241940	2023-07-14 10:50:00	2023-07-14 10:57:00	2023-07-14 11:01:00	C2.0		POINT(22 -23)	-23	22	322.0	-434.0
241950	2023-07-14 11:34:00	2023-07-14 11:51:00	2023-07-14 11:56:00	C7.1		POINT(-51 25)	25	-51	-676.0	348.0
241960	2023-07-14 11:56:00	2023-07-14 12:02:00	2023-07-14 12:11:00	C7.5		POINT(-51 24)	24	-51	-676.0	348.0
241970	2023-07-14 13:28:00	2023-07-14 13:33:00	2023-07-14 13:41:00	C3.5		POINT(24 -25)	-25	24	380.0	-461.0
241980	2023-07-14 13:50:00	2023-07-14 14:05:00	2023-07-14 14:26:00	C4.9		POINT(-88 17)	17	-88	-915.0	285.0
241990	2023-07-14 18:27:00	2023-07-14 18:44:00	2023-07-14 18:58:00	C8.8		POINT(-12 -16)	-16	-12	-193.0	-329.0
242000	2023-07-14 19:33:00	2023-07-14 19:45:00	2023-07-14 20:28:00	C3.6		POINT(-20 -15)	-15	-20	-243.0	-363.0
242010	2023-07-14 21:35:00	2023-07-14 21:38:00	2023-07-14 21:42:00	C1.7		POINT(27 -23)	-23	27	401.0	-426.0
242020	2023-07-15 00:05:00	2023-07-15 00:16:00	2023-07-15 00:23:00	C6.1		POINT(88 -19)	-19	88	898.0	-315.0
242030	2023-07-15 05:59:00	2023-07-15 06:05:00	2023-07-15 06:09:00	C2.4		POINT(35 -20)	-20	35	458.0	-425.0
242040	2023-07-15 07:21:00	2023-07-15 07:41:00	2023-07-15 07:56:00	M2.9		POINT(37 -23)	-23	37	551.0	-455.0
242050	2023-07-15 08:17:00	2023-07-15 08:26:00	2023-07-15 08:34:00	C4.6		POINT(88 -19)	-19	88	903.0	-321.0
242060	2023-07-15 09:43:00	2023-07-15 09:53:00	2023-07-15 09:57:00	M1.0		POINT(-63 11)	11	-63	-825.0	180.0
242070	2023-07-15 10:05:00	2023-07-15 10:10:00	2023-07-15 10:14:00	M2.2		POINT(-41 21)	21	-41	-586.0	300.0
242080	2023-07-15 15:59:00	2023-07-15 16:02:00	2023-07-15 16:06:00	C3.4		POINT(-55 8)	8	-55	-777.0	47.0
242090	2023-07-15 19:50:00	2023-07-15 20:01:00	2023-07-15 20:05:00	C8.8		POINT(48 -21)	-21	48	662.0	-388.0
242100	2023-07-15 20:50:00	2023-07-15 21:00:00	2023-07-15 21:04:00	C2.5		POINT(-32 23)	23	-32	-464.0	326.0
242110	2023-07-15 21:04:00	2023-07-15 21:50:00	2023-07-15 22:20:00	C3.7		POINT(-31 22)	22	-31	-452.0	301.0
242120	2023-07-16 00:40:00	2023-07-16 00:45:00	2023-07-16 00:49:00	C2.5		POINT(45 -25)	-25	45	610.0	-455.0
242130	2023-07-16 01:02:00	2023-07-16 01:07:00	2023-07-16 01:11:00	C2.5		POINT(51 -21)	-21	51	689.0	-383.0
242140	2023-07-16 02:01:00	2023-07-16 02:08:00	2023-07-16 02:13:00	C1.7		POINT(35 -20)	-20	35	508.0	-322.0
242150	2023-07-16 04:49:00	2023-07-16 04:56:00	2023-07-16 05:05:00	C1.9		POINT(49 -23)	-23	49	681.0	-436.0
242160	2023-07-16 06:01:00	2023-07-16 06:08:00	2023-07-16 06:13:00	C2.1		POINT(-28 27)	27	-28	-416.0	352.0
242170	2023-07-16 06:47:00	2023-07-16 06:54:00	2023-07-16 07:05:00	C2.4		POINT(-57 -8)	-8	-57	-785.0	-178.0
242180	2023-07-16 08:16:00	2023-07-16 08:26:00	2023-07-16 08:30:00	M1.0		POINT(-30 21)	21	-30	-443.0	291.0
242190	2023-07-16 08:31:00	2023-07-16 08:41:00	2023-07-16 08:45:00	C4.7		POINT(35 -20)	-20	35	508.0	-322.0
242200	2023-07-16 10:13:00	2023-07-16 10:28:00	2023-07-16 10:54:00	C2.9		POINT(53 -24)	-24	53	713.0	-446.0
242210	2023-07-16 13:27:00	2023-07-16 13:32:00	2023-07-16 13:36:00	C1.7		POINT(-27 23)	23	-27	-404.0	285.0
242220	2023-07-16 13:36:00	2023-07-16 13:44:00	2023-07-16 13:47:00	C1.9		POINT(57 -24)	-24	57	728.0	-443.0
242230	2023-07-16 13:47:00	2023-07-16 14:03:00	2023-07-16 14:09:00	C3.0		POINT(-47 8)	8	-47	-689.0	51.0
242240	2023-07-16 14:57:00	2023-07-16 15:08:00	2023-07-16 15:12:00	M1.7		POINT(-27 23)	23	-27	-393.0	290.0
242250	2023-07-16 17:07:00	2023-07-16 17:19:00	2023-07-16 17:24:00	C5.7		POINT(52 -20)	-20	52	702.0	-367.0
242260	2023-07-16 17:36:00	2023-07-16 17:46:00	2023-07-16 18:59:00	M4.0		POINT(58 -23)	-23	58	740.0	-426.0
242270	2023-07-16 18:59:00	2023-07-16 19:14:00	2023-07-16 19:22:00	C6.2		POINT(62 -21)	-21	62	780.0	-363.0
242280	2023-07-16 20:38:00	2023-07-16 20:45:00	2023-07-16 20:49:00	C3.5		POINT(-44 9)	9	-44	-657.0	101.0
242290	2023-07-16 20:49:00	2023-07-16 20:54:00	2023-07-16 20:58:00	C4.2		POINT(-24 25)	25	-24	-356.0	342.0
242300	2023-07-17 00:03:00	2023-07-17 00:07:00	2023-07-17 00:22:00	C2.5		POINT(57 -19)	-19	57	747.0	-354.0
242310	2023-07-17 01:35:00	2023-07-17 01:42:00	2023-07-17 01:50:00	C2.7		POINT(-89 -9)	-9	-89	-941.0	-150.0
242320	2023-07-17 02:06:00	2023-07-17 02:14:00	2023-07-17 02:20:00	C2.2		POINT(58 -19)	-19	58	756.0	-353.0
242330	2023-07-17 03:15:00	2023-07-17 03:23:00	2023-07-17 03:31:00	C2.2		POINT(-89 -9)	-9	-89	-939.0	-153.0
242340	2023-07-17 03:35:00	2023-07-17 03:40:00	2023-07-17 03:46:00	C4.4		POINT(62 -20)	-20	62	783.0	-322.0
242350	2023-07-17 04:27:00	2023-07-17 04:34:00	2023-07-17 04:38:00	C2.8		POINT(-43 8)	8	-43	-637.0	131.0
242360	2023-07-17 05:12:00	2023-07-17 05:16:00	2023-07-17 05:21:00	C3.9		POINT(-16 28)	28	-16	-229.0	443.0
242370	2023-07-17 05:55:00	2023-07-17 06:04:00	2023-07-17 06:10:00	C3.7		POINT(-43 8)	8	-43	-578.0	62.0
242380	2023-07-17 06:45:00	2023-07-17 06:55:00	2023-07-17 07:09:00	C4.3		POINT(-38 9)	9	-38	-585.0	66.0
242390	2023-07-17 08:12:00	2023-07-17 08:18:00	2023-07-17 08:22:00	C3.7		POINT(-32 4)	4	-32	-504.0	11.0
242400	2023-07-17 09:17:00	2023-07-17 09:27:00	2023-07-17 09:36:00	C4.2		POINT(70 -25)	-25	70	804.0	-431.0
242410	2023-07-17 15:06:00	2023-07-17 15:16:00	2023-07-17 15:23:00	C6.6		POINT(-12 27)	27	-12	-172.0	354.0
242420	2023-07-17 17:25:00	2023-07-17 17:33:00	2023-07-17 17:47:00	C2.5		POINT(-32 6)	6	-32	-485.0	34.0
242430	2023-07-17 18:18:00	2023-07-17 18:29:00	2023-07-17 18:38:00	C3.2		POINT(-82 -9)	-9	-82	-922.0	-170.0
242440	2023-07-17 18:47:00	2023-07-17 18:54:00	2023-07-17 18:58:00	C2.9		POINT(71 -25)	-25	71	807.0	-427.0
242450	2023-07-17 19:53:00	2023-07-17 20:01:00	2023-07-17 20:07:00	C3.3		POINT(-30 7)	7	-30	-464.0	34.0
242460	2023-07-17 22:04:00	2023-07-17 22:11:00	2023-07-17 22:16:00	C5.9		POINT(-28 6)	6	-28	-447.0	33.0
242470	2023-07-17 22:23:00	2023-07-17 22:32:00	2023-07-17 22:40:00	C7.4		POINT(76 -24)	-24	76	836.0	-401.0
242480	2023-07-17 22:41:00	2023-07-17 22:54:00	2023-07-17 23:06:00	M2.7		POINT(81 -25)	-25	81	839.0	-419.0
242490	2023-07-17 23:37:00	2023-07-18 00:06:00	2023-07-18 00:23:00	M5.7		POINT(87 -26)	-26	87	849.0	-422.0
242500	2023-07-18 06:02:00	2023-07-18 06:02:00	2023-07-18 06:20:00	C8.3		POINT(-40 26)	26	-40	-545.0	413.0
242510	2023-07-18 06:45:00	2023-07-18 06:56:00	2023-07-18 07:02:00	M1.5		POINT(-89 11)	11	-89	-932.0	191.0
242520	2023-07-18 09:00:00	2023-07-18 09:06:00	2023-07-18 09:10:00	C4.8		POINT(-28 8)	8	-28	-438.0	131.0
242530	2023-07-18 10:36:00	2023-07-18 10:46:00	2023-07-18 10:57:00	C3.2		POINT(-23 8)	8	-23	-359.0	38.0
242540	2023-07-18 12:39:00	2023-07-18 12:49:00	2023-07-18 12:56:00	C5.2		POINT(87 -24)	-24	87	862.0	-398.0
242550	2023-07-18 15:17:00	2023-07-18 15:25:00	2023-07-18 15:34:00	C5.3		POINT(-34 -26)	-26	-34	-474.0	-413.0
242560	2023-07-18 17:20:00	2023-07-18 17:29:00	2023-07-18 17:34:00	C5.0		POINT(-1 26)	26	-1	-12.0	326.0
242570	2023-07-18 18:25:00	2023-07-18 18:33:00	2023-07-18 18:44:00	C6.3		POINT(-89 11)	11	-89	-936.0	188.0
242580	2023-07-18 19:16:00	2023-07-18 19:25:00	2023-07-18 19:32:00	C6.0		POINT(-18 7)	7	-18	-289.0	115.0
242590	2023-07-18 19:32:00	2023-07-18 19:48:00	2023-07-18 20:00:00	M1.3		POINT(-35 27)	27	-35	-492.0	376.0
242600	2023-07-18 20:00:00	2023-07-18 20:05:00	2023-07-18 20:11:00	M1.4		POINT(-35 26)	26	-35	-492.0	363.0
242610	2023-07-18 20:16:00	2023-07-18 20:27:00	2023-07-18 20:35:00	M2.1		POINT(12 20)	20	12	184.0	322.0
242620	2023-07-18 22:36:00	2023-07-18 22:44:00	2023-07-18 22:49:00	C8.5		POINT(88 -19)	-19	88	889.0	-321.0
242630	2023-07-19 06:00:00	2023-07-19 06:08:00	2023-07-19 06:13:00	C2.4		POINT(87 -25)	-25	87	858.0	-414.0
242640	2023-07-19 06:51:00	2023-07-19 06:58:00	2023-07-19 07:02:00	C2.4		POINT(6 24)	24	6	96.0	328.0
242650	2023-07-19 07:08:00	2023-07-19 07:16:00	2023-07-19 07:23:00	C2.9		POINT(87 -25)	-25	87	858.0	-408.0
242660	2023-07-19 08:15:00	2023-07-19 08:24:00	2023-07-19 08:30:00	C3.1		POINT(87 -26)	-26	87	852.0	-424.0
242670	2023-07-19 08:30:00	2023-07-19 08:37:00	2023-07-19 08:43:00	C3.4		POINT(87 -25)	-25	87	858.0	-408.0
242680	2023-07-19 10:19:00	2023-07-19 10:29:00	2023-07-19 10:34:00	C3.6		POINT(88 -20)	-20	88	860.0	-405.0
242690	2023-07-19 10:49:00	2023-07-19 10:57:00	2023-07-19 11:02:00	M1.4		POINT(88 -20)	-20	88	855.0	-407.0
242700	2023-07-19 13:06:00	2023-07-19 13:14:00	2023-07-19 13:19:00	C2.7		POINT(87 -25)	-25	87	860.0	-407.0
242710	2023-07-19 13:41:00	2023-07-19 13:48:00	2023-07-19 13:56:00	C3.0		POINT(87 -24)	-24	87	862.0	-403.0
242720	2023-07-19 14:59:00	2023-07-19 15:07:00	2023-07-19 15:14:00	C2.8		POINT(87 -25)	-25	87	862.0	-404.0
242730	2023-07-19 15:39:00	2023-07-19 15:45:00	2023-07-19 15:58:00	C2.4		POINT(87 -25)	-25	87	854.0	-405.0
242740	2023-07-19 16:38:00	2023-07-19 16:45:00	2023-07-19 16:47:00	C2.4		POINT(87 -25)	-25	87	860.0	-403.0
242750	2023-07-19 17:04:00	2023-07-19 17:25:00	2023-07-19 17:43:00	M3.8		POINT(88 -18)	-18	88	906.0	-299.0
242760	2023-07-19 18:54:00	2023-07-19 19:04:00	2023-07-19 19:11:00	C3.2		POINT(87 -24)	-24	87	864.0	-399.0
242770	2023-07-19 21:38:00	2023-07-19 21:46:00	2023-07-19 21:56:00	C2.6		POINT(-18 24)	24	-18	-272.0	302.0
242780	2023-07-19 22:56:00	2023-07-19 23:17:00	2023-07-19 23:37:00	C2.9		POINT(66 22)	22	66	798.0	337.0
242790	2023-07-19 23:37:00	2023-07-19 23:43:00	2023-07-19 23:47:00	C2.5		POINT(-16 22)	22	-16	-251.0	297.0
242800	2023-07-20 05:57:00	2023-07-20 06:04:00	2023-07-20 06:08:00	C2.2		POINT(-47 -11)	-11	-47	-687.0	-236.0
242810	2023-07-20 08:31:00	2023-07-20 08:38:00	2023-07-20 08:42:00	C1.7		POINT(3 9)	9	3	38.0	82.0
242820	2023-07-20 19:40:00	2023-07-20 19:49:00	2023-07-20 19:54:00	C9.7		POINT(12 5)	5	12	200.0	18.0
242830	2023-07-20 21:30:00	2023-07-20 21:35:00	2023-07-20 21:41:00	C1.9		POINT(31 25)	25	31	433.0	347.0
242840	2023-07-20 23:44:00	2023-07-20 23:51:00	2023-07-21 00:01:00	C2.2		POINT(-64 15)	15	-64	-821.0	219.0
242850	2023-07-21 09:45:00	2023-07-21 09:52:00	2023-07-21 09:57:00	C1.5		POINT(18 5)	5	18	290.0	82.0
242860	2023-07-21 10:44:00	2023-07-21 10:54:00	2023-07-21 11:03:00	C2.1		POINT(19 5)	5	19	324.0	24.0
242870	2023-07-22 03:12:00	2023-07-22 03:37:00	2023-07-22 03:55:00	M3.1		POINT(55 21)	21	55	704.0	335.0
242880	2023-07-22 04:12:00	2023-07-22 04:16:00	2023-07-22 04:24:00	M1.0		POINT(25 8)	8	25	466.0	36.0
242890	2023-07-22 10:50:00	2023-07-22 11:01:00	2023-07-22 11:08:00	C7.1		POINT(52 25)	25	52	660.0	357.0
242900	2023-07-22 13:33:00	2023-07-22 13:39:00	2023-07-22 13:51:00	C2.6		POINT(52 25)	25	52	678.0	362.0
242910	2023-07-22 23:18:00	2023-07-22 23:24:00	2023-07-22 23:36:00	C3.2		POINT(43 5)	5	43	645.0	28.0
242920	2023-07-23 04:42:00	2023-07-23 04:54:00	2023-07-23 05:00:00	C9.9		POINT(40 8)	8	40	695.0	26.0
242930	2023-07-23 12:07:00	2023-07-23 12:12:00	2023-07-23 12:16:00	C2.4		POINT(-31 18)	18	-31	-473.0	208.0
242940	2023-07-23 14:12:00	2023-07-23 14:44:00	2023-07-23 14:47:00	C5.2		POINT(25 27)	27	25	381.0	399.0
242950	2023-07-23 14:47:00	2023-07-23 14:57:00	2023-07-23 15:15:00	C7.4		POINT(71 23)	23	71	832.0	348.0
242960	2023-07-23 17:53:00	2023-07-23 18:00:00	2023-07-23 18:06:00	C2.3		POINT(-76 -10)	-10	-76	-905.0	-185.0
242970	2023-07-24 00:04:00	2023-07-24 00:21:00	2023-07-24 00:36:00	C8.4		POINT(-24 16)	16	-24	-423.0	150.0
242980	2023-07-24 01:40:00	2023-07-24 01:50:00	2023-07-24 01:54:00	C3.4		POINT(-71 -13)	-13	-71	-870.0	-212.0
242990	2023-07-24 03:27:00	2023-07-24 04:26:00	2023-07-24 05:08:00	C9.1		POINT(67 5)	5	67	872.0	60.0
243000	2023-07-24 05:16:00	2023-07-24 05:43:00	2023-07-24 06:03:00	C8.5		POINT(80 26)	26	80	884.0	380.0
243010	2023-07-24 07:38:00	2023-07-24 07:56:00	2023-07-24 08:10:00	C4.2		POINT(-88 -15)	-15	-88	-909.0	-255.0
243020	2023-07-24 15:03:00	2023-07-24 15:17:00	2023-07-24 15:25:00	C2.2		POINT(61 9)	9	61	823.0	125.0
243030	2023-07-24 17:54:00	2023-07-24 18:00:00	2023-07-24 18:06:00	C2.8		POINT(64 8)	8	64	840.0	117.0
243040	2023-07-24 23:23:00	2023-07-24 23:30:00	2023-07-24 23:34:00	C2.3		POINT(71 4)	4	71	890.0	53.0
243050	2023-07-25 00:00:00	2023-07-25 00:48:00	2023-07-25 01:11:00	C2.4		POINT(50 20)	20	50	680.0	323.0
243060	2023-07-25 01:36:00	2023-07-25 02:13:00	2023-07-25 04:05:00	M1.5		POINT(49 25)	25	49	662.0	363.0
243070	2023-07-25 05:55:00	2023-07-25 06:05:00	2023-07-25 06:14:00	C2.6		POINT(72 6)	6	72	898.0	78.0
243080	2023-07-25 06:54:00	2023-07-25 07:00:00	2023-07-25 07:06:00	C3.9		POINT(-51 -12)	-12	-51	-735.0	-267.0
243090	2023-07-25 08:14:00	2023-07-25 08:21:00	2023-07-25 08:25:00	C3.2		POINT(-51 -12)	-12	-51	-724.0	-273.0
243100	2023-07-25 12:42:00	2023-07-25 12:46:00	2023-07-25 12:50:00	C3.2		POINT(78 4)	4	78	921.0	61.0
243110	2023-07-25 20:48:00	2023-07-25 20:58:00	2023-07-25 21:08:00	C4.1		POINT(61 21)	21	61	776.0	308.0
243120	2023-07-25 21:08:00	2023-07-25 21:16:00	2023-07-25 21:24:00	M1.6		POINT(-40 -10)	-10	-40	-609.0	-233.0
243130	2023-07-25 23:38:00	2023-07-25 23:54:00	2023-07-26 00:09:00	C4.3		POINT(-1 17)	17	-1	-27.0	194.0
243140	2023-07-26 00:11:00	2023-07-26 00:45:00	2023-07-26 01:19:00	C5.5		POINT(64 20)	20	64	797.0	323.0
243150	2023-07-26 00:51:00	2023-07-26 00:59:00	2023-07-26 01:08:00	C4.9		POINT(66 21)	21	66	806.0	313.0
243160	2023-07-26 03:53:00	2023-07-26 04:11:00	2023-07-26 04:21:00	C9.2		POINT(67 21)	21	67	810.0	313.0
243170	2023-07-26 04:21:00	2023-07-26 04:28:00	2023-07-26 04:33:00	M1.2		POINT(65 21)	21	65	802.0	313.0
243180	2023-07-26 05:07:00	2023-07-26 05:17:00	2023-07-26 05:39:00	C9.1		POINT(-38 -8)	-8	-38	-590.0	-215.0
243190	2023-07-26 06:04:00	2023-07-26 06:09:00	2023-07-26 06:13:00	C5.2		POINT(67 21)	21	67	818.0	315.0
243200	2023-07-26 08:16:00	2023-07-26 08:20:00	2023-07-26 08:23:00	C8.3		POINT(-71 13)	13	-71	-870.0	212.0
243210	2023-07-26 10:17:00	2023-07-26 10:37:00	2023-07-26 10:48:00	M4.6		POINT(70 21)	21	70	825.0	320.0
243220	2023-07-26 12:21:00	2023-07-26 12:32:00	2023-07-26 12:42:00	C4.5		POINT(71 21)	21	71	834.0	316.0
243230	2023-07-26 13:08:00	2023-07-26 13:12:00	2023-07-26 13:18:00	C4.4		POINT(-88 23)	23	-88	-878.0	377.0
243240	2023-07-26 15:16:00	2023-07-26 15:24:00	2023-07-26 15:33:00	C7.9		POINT(-31 -10)	-10	-31	-479.0	-164.0
243250	2023-07-26 15:50:00	2023-07-26 15:59:00	2023-07-26 16:07:00	M2.0		POINT(72 21)	21	72	838.0	338.0
243260	2023-07-26 22:46:00	2023-07-26 23:01:00	2023-07-26 23:11:00	C9.2		POINT(76 19)	19	76	870.0	329.0
243270	2023-07-27 00:28:00	2023-07-27 00:39:00	2023-07-27 00:49:00	C6.6		POINT(-24 -11)	-11	-24	-398.0	-252.0
243280	2023-07-27 01:00:00	2023-07-27 01:10:00	2023-07-27 01:14:00	C5.4		POINT(74 22)	22	74	852.0	335.0
243290	2023-07-27 02:15:00	2023-07-27 02:22:00	2023-07-27 02:26:00	C4.0		POINT(77 22)	22	77	854.0	337.0
243300	2023-07-27 03:20:00	2023-07-27 03:27:00	2023-07-27 03:32:00	C3.0		POINT(77 22)	22	77	855.0	338.0
243310	2023-07-27 04:11:00	2023-07-27 04:20:00	2023-07-27 04:25:00	C4.7		POINT(74 22)	22	74	858.0	338.0
243320	2023-07-27 04:48:00	2023-07-27 04:55:00	2023-07-27 05:02:00	C4.8		POINT(78 22)	22	78	858.0	338.0
243330	2023-07-27 06:10:00	2023-07-27 06:22:00	2023-07-27 06:39:00	C3.9		POINT(-87 25)	25	-87	-861.0	405.0
243340	2023-07-27 07:24:00	2023-07-27 07:31:00	2023-07-27 07:36:00	C5.6		POINT(74 22)	22	74	864.0	342.0
243350	2023-07-27 09:27:00	2023-07-27 09:42:00	2023-07-27 09:44:00	C9.1		POINT(82 22)	22	82	867.0	343.0
243360	2023-07-27 09:31:00	2023-07-27 09:49:00	2023-07-27 10:04:00	M1.9		POINT(88 21)	21	88	876.0	338.0
243370	2023-07-27 11:25:00	2023-07-27 11:27:00	2023-07-27 11:32:00	C2.7		POINT(82 22)	22	82	866.0	345.0
243380	2023-07-27 12:22:00	2023-07-27 12:29:00	2023-07-27 12:34:00	C3.2		POINT(84 21)	21	84	872.0	342.0
243390	2023-07-27 12:51:00	2023-07-27 12:59:00	2023-07-27 13:05:00	C2.4		POINT(-85 26)	26	-85	-852.0	408.0
243400	2023-07-27 13:44:00	2023-07-27 13:49:00	2023-07-27 13:54:00	C5.1		POINT(88 21)	21	88	872.0	345.0
243410	2023-07-27 16:46:00	2023-07-27 16:53:00	2023-07-27 17:03:00	C3.5		POINT(88 22)	22	88	897.0	369.0
243420	2023-07-27 20:44:00	2023-07-27 20:51:00	2023-07-27 21:01:00	C2.7		POINT(88 21)	21	88	878.0	351.0
243430	2023-07-27 22:04:00	2023-07-27 22:34:00	2023-07-27 23:05:00	M1.7		POINT(-68 -21)	-21	-68	-829.0	-404.0
243440	2023-07-28 01:33:00	2023-07-28 01:46:00	2023-07-28 02:20:00	C7.4		POINT(88 20)	20	88	896.0	345.0
243450	2023-07-28 06:26:00	2023-07-28 06:34:00	2023-07-28 06:40:00	C6.7		POINT(88 21)	21	88	884.0	353.0
243460	2023-07-28 07:50:00	2023-07-28 07:58:00	2023-07-28 08:03:00	C3.3		POINT(88 22)	22	88	885.0	360.0
243470	2023-07-28 10:51:00	2023-07-28 11:01:00	2023-07-28 11:10:00	C3.9		POINT(-9 -9)	-9	-9	-151.0	-217.0
243480	2023-07-28 13:39:00	2023-07-28 13:44:00	2023-07-28 13:54:00	C3.0		POINT(-87 -20)	-20	-87	-885.0	-331.0
243490	2023-07-28 13:51:00	2023-07-28 14:00:00	2023-07-28 14:06:00	C2.9		POINT(-41 12)	12	-41	-615.0	145.0
243500	2023-07-28 14:44:00	2023-07-28 14:51:00	2023-07-28 15:05:00	C7.8		POINT(-81 -16)	-16	-81	-888.0	-301.0
243510	2023-07-28 15:39:00	2023-07-28 15:58:00	2023-07-28 16:13:00	M4.1		POINT(87 27)	27	87	850.0	438.0
243520	2023-07-28 20:02:00	2023-07-28 20:06:00	2023-07-28 20:10:00	C2.2		POINT(-57 21)	21	-57	-742.0	299.0
243530	2023-07-28 20:42:00	2023-07-28 20:58:00	2023-07-28 21:10:00	C5.9		POINT(-87 -20)	-20	-87	-885.0	-330.0
243540	2023-07-29 05:56:00	2023-07-29 06:02:00	2023-07-29 06:08:00	C2.2		POINT(-70 -8)	-8	-70	-822.0	-184.0
243550	2023-07-29 06:55:00	2023-07-29 07:34:00	2023-07-29 08:12:00	C6.7		POINT(-88 14)	14	-88	-931.0	239.0
243560	2023-07-29 10:18:00	2023-07-29 10:36:00	2023-07-29 10:52:00	C9.2		POINT(-68 -18)	-18	-68	-863.0	-347.0
243570	2023-07-29 13:10:00	2023-07-29 13:20:00	2023-07-29 13:25:00	C5.5		POINT(8 -9)	-9	8	146.0	-245.0
243580	2023-07-29 16:11:00	2023-07-29 16:24:00	2023-07-29 16:37:00	M1.4		POINT(8 -11)	-11	8	145.0	-281.0
243590	2023-07-29 20:02:00	2023-07-29 20:10:00	2023-07-29 20:16:00	C2.8		POINT(-21 9)	9	-21	-344.0	68.0
243600	2023-07-29 23:23:00	2023-07-29 23:40:00	2023-07-29 23:56:00	C4.9		POINT(58 14)	14	58	784.0	182.0
243610	2023-07-30 04:32:00	2023-07-30 04:46:00	2023-07-30 04:53:00	C5.6		POINT(56 16)	16	56	759.0	220.0
243620	2023-07-30 04:53:00	2023-07-30 04:56:00	2023-07-30 05:00:00	C6.4		POINT(55 16)	16	55	744.0	217.0
243630	2023-07-30 08:01:00	2023-07-30 08:14:00	2023-07-30 08:18:00	M1.8		POINT(-55 -16)	-16	-55	-756.0	-349.0
243640	2023-07-30 08:18:00	2023-07-30 08:22:00	2023-07-30 08:26:00	M1.8		POINT(-58 -20)	-20	-58	-755.0	-375.0
243650	2023-07-30 13:07:00	2023-07-30 13:16:00	2023-07-30 13:20:00	C4.0		POINT(20 -11)	-11	20	309.0	-266.0
243660	2023-07-30 22:17:00	2023-07-30 22:21:00	2023-07-30 22:30:00	C1.7		POINT(26 -9)	-9	26	410.0	-232.0
243670	2023-07-31 03:12:00	2023-07-31 03:17:00	2023-07-31 03:22:00	C1.8		POINT(-48 -20)	-20	-48	-659.0	-389.0
243680	2023-07-31 04:34:00	2023-07-31 04:47:00	2023-07-31 05:00:00	C6.8		POINT(-45 -18)	-18	-45	-640.0	-359.0
243690	2023-07-31 07:15:00	2023-07-31 07:23:00	2023-07-31 07:28:00	C4.6		POINT(26 -10)	-10	26	438.0	-227.0
243700	2023-07-31 08:42:00	2023-07-31 09:00:00	2023-07-31 09:13:00	M1.6		POINT(-44 -20)	-20	-44	-621.0	-393.0
243710	2023-07-31 11:36:00	2023-07-31 11:41:00	2023-07-31 11:47:00	C3.0		POINT(0 10)	10	0	12.0	78.0
243720	2023-07-31 15:04:00	2023-07-31 15:13:00	2023-07-31 15:22:00	C2.7		POINT(1 10)	10	1	16.0	164.0
243730	2023-07-31 22:35:00	2023-07-31 22:47:00	2023-07-31 22:52:00	C5.4		POINT(38 -9)	-9	38	578.0	-227.0
243740	2023-07-31 22:52:00	2023-07-31 23:01:00	2023-07-31 23:13:00	C5.7		POINT(38 -8)	-8	38	581.0	-208.0
243750	2023-08-01 01:20:00	2023-08-01 01:28:00	2023-08-01 01:35:00	C4.5		POINT(40 -9)	-9	40	601.0	-227.0
243760	2023-08-01 01:38:00	2023-08-01 01:56:00	2023-08-01 01:58:00	M1.0		POINT(39 -8)	-8	39	605.0	-224.0
243770	2023-08-01 01:58:00	2023-08-01 02:03:00	2023-08-01 02:07:00	M1.2		POINT(41 -9)	-9	41	620.0	-222.0
243780	2023-08-01 04:27:00	2023-08-01 04:47:00	2023-08-01 05:07:00	M2.2		POINT(41 -10)	-10	41	620.0	-222.0
243790	2023-08-01 05:30:00	2023-08-01 05:37:00	2023-08-01 05:43:00	M1.3		POINT(42 -9)	-9	42	636.0	-225.0
243800	2023-08-01 06:28:00	2023-08-01 06:57:00	2023-08-01 07:19:00	M3.6		POINT(43 -9)	-9	43	644.0	-224.0
243810	2023-08-01 09:03:00	2023-08-01 09:09:00	2023-08-01 09:16:00	M1.5		POINT(42 -8)	-8	42	627.0	-209.0
243820	2023-08-01 10:37:00	2023-08-01 10:57:00	2023-08-01 11:21:00	C6.4		POINT(47 -9)	-9	47	682.0	-147.0
243830	2023-08-01 12:39:00	2023-08-01 12:44:00	2023-08-01 12:48:00	C5.5		POINT(32 -17)	-17	32	503.0	-344.0
243840	2023-08-01 14:03:00	2023-08-01 14:05:00	2023-08-01 14:34:00	M1.4		POINT(45 -10)	-10	45	663.0	-206.0
243850	2023-08-01 19:48:00	2023-08-01 20:08:00	2023-08-01 20:43:00	C5.2		POINT(-58 17)	17	-58	-766.0	276.0
243860	2023-08-01 21:39:00	2023-08-01 21:51:00	2023-08-01 21:58:00	M1.0		POINT(52 -10)	-10	52	733.0	-164.0
243870	2023-08-02 00:13:00	2023-08-02 00:25:00	2023-08-02 00:43:00	C7.8		POINT(53 -9)	-9	53	745.0	-147.0
243880	2023-08-02 05:09:00	2023-08-02 05:13:00	2023-08-02 05:16:00	C4.2		POINT(54 -10)	-10	54	753.0	-164.0
243890	2023-08-02 08:03:00	2023-08-02 08:12:00	2023-08-02 08:21:00	M1.3		POINT(22 11)	11	22	347.0	180.0
243900	2023-08-02 10:40:00	2023-08-02 10:49:00	2023-08-02 10:57:00	M1.2		POINT(61 -10)	-10	61	814.0	-164.0
243910	2023-08-02 10:59:00	2023-08-02 11:16:00	2023-08-02 11:41:00	C9.4		POINT(58 -11)	-11	58	787.0	-180.0
243920	2023-08-02 14:46:00	2023-08-02 14:52:00	2023-08-02 14:56:00	M1.7		POINT(58 -11)	-11	58	787.0	-180.0
243930	2023-08-02 16:13:00	2023-08-02 16:22:00	2023-08-02 16:26:00	M1.3		POINT(63 -10)	-10	63	829.0	-164.0
243940	2023-08-02 19:09:00	2023-08-02 19:14:00	2023-08-02 19:21:00	M1.1		POINT(65 -11)	-11	65	841.0	-180.0
243950	2023-08-02 21:07:00	2023-08-02 21:20:00	2023-08-02 21:29:00	C7.9		POINT(66 -10)	-10	66	850.0	-164.0
243960	2023-08-02 22:09:00	2023-08-02 22:17:00	2023-08-02 22:24:00	C3.5		POINT(6 -9)	-9	6	99.0	-248.0
243970	2023-08-02 23:53:00	2023-08-03 00:00:00	2023-08-03 00:06:00	C3.0		POINT(-87 -23)	-23	-87	-877.0	-387.0
243980	2023-08-03 01:28:00	2023-08-03 01:38:00	2023-08-03 01:45:00	C3.7		POINT(68 -10)	-10	68	867.0	-201.0
243990	2023-08-03 02:10:00	2023-08-03 02:14:00	2023-08-03 02:21:00	C4.1		POINT(-87 -23)	-23	-87	-873.0	-390.0
244000	2023-08-03 03:24:00	2023-08-03 03:31:00	2023-08-03 03:36:00	C3.4		POINT(65 -11)	-11	65	874.0	-203.0
244010	2023-08-03 04:26:00	2023-08-03 04:34:00	2023-08-03 04:42:00	C2.9		POINT(69 -11)	-11	69	870.0	-217.0
244020	2023-08-03 04:57:00	2023-08-03 05:02:00	2023-08-03 05:06:00	C2.8		POINT(65 -11)	-11	65	881.0	-204.0
244030	2023-08-03 05:45:00	2023-08-03 05:53:00	2023-08-03 05:59:00	C2.6		POINT(71 -12)	-12	71	886.0	-209.0
244040	2023-08-03 06:12:00	2023-08-03 06:21:00	2023-08-03 06:24:00	C3.0		POINT(64 -10)	-10	64	856.0	-182.0
244050	2023-08-03 06:24:00	2023-08-03 06:31:00	2023-08-03 06:36:00	C2.9		POINT(64 -10)	-10	64	837.0	-164.0
244060	2023-08-03 08:43:00	2023-08-03 08:50:00	2023-08-03 08:53:00	C3.6		POINT(72 -10)	-10	72	885.0	-206.0
244070	2023-08-03 08:53:00	2023-08-03 09:04:00	2023-08-03 09:17:00	C6.4		POINT(77 -11)	-11	77	905.0	-204.0
244080	2023-08-03 11:10:00	2023-08-03 11:14:00	2023-08-03 11:19:00	C2.3		POINT(73 -11)	-11	73	888.0	-209.0
244090	2023-08-03 11:47:00	2023-08-03 11:55:00	2023-08-03 11:59:00	M2.0		POINT(75 -13)	-13	75	894.0	-206.0
244100	2023-08-03 13:27:00	2023-08-03 13:39:00	2023-08-03 13:46:00	C3.6		POINT(86 -12)	-12	86	921.0	-204.0
244110	2023-08-03 13:46:00	2023-08-03 13:49:00	2023-08-03 13:54:00	C3.7		POINT(-73 -20)	-20	-73	-848.0	-362.0
244120	2023-08-03 15:47:00	2023-08-03 15:53:00	2023-08-03 16:01:00	C2.1		POINT(73 -10)	-10	73	899.0	-164.0
244130	2023-08-03 17:56:00	2023-08-03 18:03:00	2023-08-03 18:07:00	C3.3		POINT(79 -11)	-11	79	911.0	-201.0
244140	2023-08-03 18:37:00	2023-08-03 18:48:00	2023-08-03 19:03:00	C2.3		POINT(-69 -22)	-22	-69	-819.0	-393.0
244150	2023-08-03 20:04:00	2023-08-03 20:05:00	2023-08-03 20:57:00	C5.0		POINT(80 -10)	-10	80	914.0	-203.0
244160	2023-08-03 23:37:00	2023-08-03 23:49:00	2023-08-03 23:56:00	C7.9		POINT(86 -11)	-11	86	923.0	-197.0
244170	2023-08-04 00:59:00	2023-08-04 01:10:00	2023-08-04 01:14:00	C4.6		POINT(88 -11)	-11	88	924.0	-196.0
244180	2023-08-04 03:05:00	2023-08-04 03:15:00	2023-08-04 03:24:00	C3.0		POINT(88 -11)	-11	88	927.0	-194.0
244190	2023-08-04 03:38:00	2023-08-04 04:24:00	2023-08-04 05:11:00	M1.9		POINT(43 11)	11	43	633.0	180.0
244200	2023-08-04 12:36:00	2023-08-04 12:48:00	2023-08-04 12:52:00	C2.6		POINT(88 -10)	-10	88	941.0	-168.0
244210	2023-08-04 12:52:00	2023-08-04 12:55:00	2023-08-04 12:59:00	C2.7		POINT(-72 12)	12	-72	-883.0	167.0
244220	2023-08-04 19:47:00	2023-08-04 19:57:00	2023-08-04 20:03:00	C5.2		POINT(36 20)	20	36	518.0	259.0
244230	2023-08-04 23:06:00	2023-08-04 23:22:00	2023-08-04 23:31:00	C2.5		POINT(88 -9)	-9	88	945.0	-157.0
244240	2023-08-05 00:29:00	2023-08-05 00:35:00	2023-08-05 00:44:00	C2.6		POINT(88 -9)	-9	88	942.0	-152.0
244250	2023-08-05 02:10:00	2023-08-05 02:23:00	2023-08-05 02:28:00	C3.7		POINT(39 21)	21	39	558.0	271.0
244260	2023-08-05 02:39:00	2023-08-05 02:54:00	2023-08-05 03:10:00	C9.7		POINT(88 -9)	-9	88	945.0	-167.0
244270	2023-08-05 05:21:00	2023-08-05 05:29:00	2023-08-05 05:36:00	C5.6		POINT(37 19)	19	37	572.0	271.0
244280	2023-08-05 06:16:00	2023-08-05 07:18:00	2023-08-05 09:06:00	M1.6		POINT(63 10)	10	63	876.0	92.0
244290	2023-08-05 09:23:00	2023-08-05 09:36:00	2023-08-05 09:50:00	M2.1		POINT(88 -8)	-8	88	947.0	-135.0
244300	2023-08-05 14:44:00	2023-08-05 14:49:00	2023-08-05 14:55:00	C3.1		POINT(41 20)	20	41	582.0	270.0
244310	2023-08-05 16:16:00	2023-08-05 16:25:00	2023-08-05 16:33:00	C2.4		POINT(47 21)	21	47	644.0	284.0
244320	2023-08-05 16:51:00	2023-08-05 16:58:00	2023-08-05 17:06:00	C2.8		POINT(73 7)	7	73	891.0	106.0
244330	2023-08-05 18:57:00	2023-08-05 19:10:00	2023-08-05 19:24:00	C6.7		POINT(45 23)	23	45	581.0	340.0
244340	2023-08-05 20:33:00	2023-08-05 20:39:00	2023-08-05 20:50:00	C3.0		POINT(46 22)	22	46	620.0	306.0
244350	2023-08-05 21:45:00	2023-08-05 22:21:00	2023-08-05 22:44:00	X1.6		POINT(77 11)	11	77	905.0	170.0
244360	2023-08-06 05:45:00	2023-08-06 05:50:00	2023-08-06 05:56:00	C2.8		POINT(81 8)	8	81	923.0	128.0
244370	2023-08-06 10:45:00	2023-08-06 11:03:00	2023-08-06 11:15:00	C6.7		POINT(89 7)	7	89	939.0	131.0
244380	2023-08-06 18:20:00	2023-08-06 18:40:00	2023-08-06 18:54:00	M5.5		POINT(86 7)	7	86	948.0	140.0
244390	2023-08-07 04:29:00	2023-08-07 04:41:00	2023-08-07 04:51:00	M2.4		POINT(89 10)	10	89	938.0	168.0
244400	2023-08-07 07:12:00	2023-08-07 07:21:00	2023-08-07 07:39:00	C2.9		POINT(89 9)	9	89	946.0	152.0
244410	2023-08-07 08:14:00	2023-08-07 08:23:00	2023-08-07 08:33:00	C2.3		POINT(88 13)	13	88	928.0	229.0
244420	2023-08-07 13:29:00	2023-08-07 13:42:00	2023-08-07 14:01:00	C4.4		POINT(72 19)	19	72	853.0	281.0
244430	2023-08-07 14:01:00	2023-08-07 14:09:00	2023-08-07 14:13:00	C3.8		POINT(89 9)	9	89	946.0	153.0
244440	2023-08-07 14:33:00	2023-08-07 14:38:00	2023-08-07 14:46:00	C4.4		POINT(71 21)	21	71	838.0	300.0
244450	2023-08-07 15:30:00	2023-08-07 16:27:00	2023-08-07 16:36:00	M1.0		POINT(72 18)	18	72	855.0	292.0
244460	2023-08-07 19:37:00	2023-08-07 19:51:00	2023-08-07 19:58:00	M1.4		POINT(73 19)	19	73	864.0	284.0
244470	2023-08-07 20:30:00	2023-08-07 20:46:00	2023-08-07 21:18:00	X1.5		POINT(88 12)	12	88	934.0	207.0
244480	2023-08-07 23:50:00	2023-08-07 23:59:00	2023-08-08 00:05:00	C8.2		POINT(77 20)	20	77	867.0	300.0
244490	2023-08-08 00:52:00	2023-08-08 00:57:00	2023-08-08 01:02:00	C4.9		POINT(76 19)	19	76	871.0	285.0
244500	2023-08-08 01:33:00	2023-08-08 01:36:00	2023-08-08 01:42:00	C3.9		POINT(76 18)	18	76	872.0	281.0
244510	2023-08-08 09:16:00	2023-08-08 09:16:00	2023-08-08 09:24:00	M3.6		POINT(84 18)	18	84	891.0	290.0
244520	2023-08-08 16:45:00	2023-08-08 16:49:00	2023-08-08 16:54:00	C1.5		POINT(88 19)	19	88	889.0	316.0
244530	2023-08-08 17:49:00	2023-08-08 18:10:00	2023-08-08 18:39:00	C8.7		POINT(-5 -23)	-23	-5	-89.0	-465.0
244540	2023-08-08 22:39:00	2023-08-08 22:52:00	2023-08-08 23:14:00	C4.1		POINT(88 18)	18	88	904.0	307.0
244550	2023-08-09 06:51:00	2023-08-09 07:01:00	2023-08-09 07:05:00	C5.1		POINT(87 22)	22	87	875.0	373.0
244560	2023-08-09 09:29:00	2023-08-09 09:34:00	2023-08-09 09:39:00	C1.4		POINT(5 -20)	-20	5	91.0	-422.0
244570	2023-08-09 15:51:00	2023-08-09 16:02:00	2023-08-09 16:20:00	C1.4		POINT(5 -21)	-21	5	78.0	-441.0
244580	2023-08-10 00:14:00	2023-08-10 00:32:00	2023-08-10 00:51:00	C4.0		POINT(12 -23)	-23	12	164.0	-461.0
244590	2023-08-10 02:26:00	2023-08-10 02:42:00	2023-08-10 02:59:00	C5.4		POINT(78 -21)	-21	78	870.0	-367.0
244600	2023-08-10 15:35:00	2023-08-10 15:55:00	2023-08-10 16:07:00	C2.7		POINT(14 14)	14	14	221.0	117.0
244610	2023-08-10 19:25:00	2023-08-10 19:31:00	2023-08-10 20:19:00	C2.5		POINT(22 -22)	-22	22	328.0	-354.0
244620	2023-08-10 20:09:00	2023-08-10 20:16:00	2023-08-10 20:27:00	C3.2		POINT(87 -21)	-21	87	882.0	-341.0
244630	2023-08-10 20:27:00	2023-08-10 20:35:00	2023-08-10 20:48:00	C3.3		POINT(87 -19)	-19	87	903.0	-331.0
244640	2023-08-10 22:09:00	2023-08-10 22:21:00	2023-08-10 22:33:00	C7.6		POINT(84 -21)	-21	84	888.0	-340.0
244650	2023-08-10 22:43:00	2023-08-10 22:50:00	2023-08-10 22:56:00	C6.6		POINT(18 13)	13	18	267.0	114.0
244660	2023-08-10 22:56:00	2023-08-10 23:07:00	2023-08-10 23:13:00	C5.9		POINT(19 13)	13	19	305.0	116.0
244670	2023-08-11 02:05:00	2023-08-11 02:13:00	2023-08-11 02:18:00	C2.9		POINT(87 -20)	-20	87	891.0	-341.0
244680	2023-08-11 02:50:00	2023-08-11 02:55:00	2023-08-11 03:01:00	C2.4		POINT(18 15)	15	18	307.0	144.0
244690	2023-08-11 04:12:00	2023-08-11 04:25:00	2023-08-11 04:31:00	C2.5		POINT(87 -19)	-19	87	899.0	-327.0
244700	2023-08-11 04:43:00	2023-08-11 04:55:00	2023-08-11 05:12:00	C5.0		POINT(87 -20)	-20	87	897.0	-333.0
244710	2023-08-11 06:41:00	2023-08-11 06:45:00	2023-08-11 07:10:00	C8.2		POINT(18 15)	15	18	337.0	166.0
244720	2023-08-11 11:07:00	2023-08-11 11:19:00	2023-08-11 11:31:00	C4.7		POINT(24 13)	13	24	380.0	121.0
244730	2023-08-11 11:31:00	2023-08-11 11:35:00	2023-08-11 11:39:00	C3.7		POINT(27 11)	11	27	421.0	180.0
244740	2023-08-11 12:24:00	2023-08-11 12:36:00	2023-08-11 13:18:00	C3.4		POINT(27 11)	11	27	421.0	180.0
244750	2023-08-11 19:00:00	2023-08-11 19:07:00	2023-08-11 19:16:00	C3.7		POINT(27 16)	16	27	422.0	170.0
244760	2023-08-11 22:45:00	2023-08-11 22:55:00	2023-08-11 23:01:00	C2.7		POINT(31 15)	15	31	476.0	171.0
244770	2023-08-11 23:01:00	2023-08-11 23:08:00	2023-08-11 23:13:00	C2.9		POINT(32 15)	15	32	486.0	161.0
244780	2023-08-11 23:32:00	2023-08-11 23:55:00	2023-08-12 00:10:00	C4.9		POINT(87 -20)	-20	87	900.0	-336.0
244790	2023-08-12 01:15:00	2023-08-12 01:23:00	2023-08-12 01:31:00	C2.6		POINT(32 15)	15	32	491.0	168.0
244800	2023-08-12 07:34:00	2023-08-12 07:39:00	2023-08-12 07:43:00	C1.9		POINT(34 15)	15	34	512.0	174.0
244810	2023-08-12 08:40:00	2023-08-12 08:43:00	2023-08-12 08:49:00	C1.6		POINT(35 13)	13	35	539.0	130.0
244820	2023-08-12 09:04:00	2023-08-12 09:15:00	2023-08-12 09:25:00	C8.8		POINT(36 14)	14	36	513.0	183.0
244830	2023-08-12 10:24:00	2023-08-12 10:48:00	2023-08-12 11:43:00	C6.6		POINT(37 10)	10	37	538.0	171.0
244840	2023-08-12 12:50:00	2023-08-12 12:50:00	2023-08-12 14:16:00	C1.7		POINT(13 17)	17	13	200.0	194.0
244850	2023-08-12 13:24:00	2023-08-12 13:29:00	2023-08-12 13:33:00	C1.4		POINT(39 11)	11	39	579.0	132.0
244860	2023-08-12 14:17:00	2023-08-12 14:22:00	2023-08-12 14:26:00	C3.1		POINT(39 11)	11	39	584.0	131.0
244870	2023-08-12 15:55:00	2023-08-12 16:05:00	2023-08-12 16:12:00	C1.4		POINT(40 11)	11	40	595.0	134.0
244880	2023-08-12 17:49:00	2023-08-12 18:57:00	2023-08-12 20:15:00	C4.9		POINT(15 20)	20	15	209.0	222.0
244890	2023-08-12 20:11:00	2023-08-12 20:22:00	2023-08-12 20:46:00	C2.2		POINT(42 13)	13	42	625.0	138.0
244900	2023-08-12 23:44:00	2023-08-12 23:52:00	2023-08-12 23:59:00	C5.2		POINT(47 13)	13	47	645.0	143.0
244910	2023-08-13 04:24:00	2023-08-13 04:32:00	2023-08-13 04:38:00	C1.3		POINT(61 -25)	-25	61	747.0	-455.0
244920	2023-08-13 09:44:00	2023-08-13 09:53:00	2023-08-13 10:15:00	C2.4		POINT(49 12)	12	49	707.0	153.0
244930	2023-08-13 10:35:00	2023-08-13 10:41:00	2023-08-13 10:47:00	C1.2		POINT(-40 27)	27	-40	-550.0	358.0
244940	2023-08-14 02:34:00	2023-08-14 02:42:00	2023-08-14 02:50:00	C1.8		POINT(61 12)	12	61	810.0	158.0
244950	2023-08-14 17:43:00	2023-08-14 17:50:00	2023-08-14 17:57:00	C1.5		POINT(69 12)	12	69	866.0	164.0
244960	2023-08-14 20:30:00	2023-08-14 21:10:00	2023-08-14 21:28:00	C8.9		POINT(-81 13)	13	-81	-946.0	189.0
244970	2023-08-15 01:27:00	2023-08-15 01:37:00	2023-08-15 01:45:00	C2.1		POINT(-32 21)	21	-32	-468.0	290.0
244980	2023-08-15 03:05:00	2023-08-15 03:10:00	2023-08-15 03:20:00	C2.3		POINT(-76 8)	8	-76	-911.0	120.0
244990	2023-08-15 03:24:00	2023-08-15 03:31:00	2023-08-15 03:37:00	C2.0		POINT(-74 8)	8	-74	-900.0	113.0
245000	2023-08-15 06:41:00	2023-08-15 06:57:00	2023-08-15 07:11:00	C4.1		POINT(80 12)	12	80	900.0	193.0
245010	2023-08-15 11:10:00	2023-08-15 11:16:00	2023-08-15 11:22:00	C1.3		POINT(-70 11)	11	-70	-883.0	111.0
245020	2023-08-15 11:25:00	2023-08-15 11:33:00	2023-08-15 11:41:00	C2.9		POINT(-72 10)	10	-72	-879.0	104.0
245030	2023-08-15 21:42:00	2023-08-15 21:52:00	2023-08-15 22:11:00	C2.3		POINT(-63 10)	10	-63	-840.0	92.0
245040	2023-08-16 01:04:00	2023-08-16 01:18:00	2023-08-16 01:30:00	C1.9		POINT(-88 11)	11	-88	-932.0	185.0
245050	2023-08-16 01:32:00	2023-08-16 01:43:00	2023-08-16 01:54:00	C2.0		POINT(-5 26)	26	-5	-77.0	318.0
245060	2023-08-16 02:53:00	2023-08-16 03:04:00	2023-08-16 03:15:00	C1.7		POINT(89 10)	10	89	956.0	170.0
245070	2023-08-16 07:36:00	2023-08-16 07:47:00	2023-08-16 07:56:00	C1.8		POINT(-60 9)	9	-60	-795.0	75.0
245080	2023-08-16 09:41:00	2023-08-16 09:49:00	2023-08-16 10:03:00	C1.4		POINT(0 25)	25	0	-5.0	309.0
245090	2023-08-16 10:18:00	2023-08-16 10:30:00	2023-08-16 10:45:00	C1.8		POINT(1 26)	26	1	-3.0	321.0
245100	2023-08-16 13:37:00	2023-08-16 13:57:00	2023-08-16 14:21:00	C3.3		POINT(88 13)	13	88	929.0	231.0
245110	2023-08-17 02:19:00	2023-08-17 02:46:00	2023-08-17 03:32:00	C3.6		POINT(86 -23)	-23	86	875.0	-389.0
245120	2023-08-17 07:27:00	2023-08-17 07:36:00	2023-08-17 07:50:00	C1.7		POINT(20 26)	26	20	285.0	314.0
245130	2023-08-17 08:17:00	2023-08-17 08:33:00	2023-08-17 08:49:00	C2.3		POINT(88 12)	12	88	938.0	210.0
245140	2023-08-17 12:14:00	2023-08-17 12:40:00	2023-08-17 13:06:00	C5.1		POINT(80 19)	19	80	882.0	303.0
245150	2023-08-17 14:11:00	2023-08-17 14:20:00	2023-08-17 14:24:00	C3.5		POINT(-88 -11)	-11	-88	-939.0	-188.0
245160	2023-08-17 15:18:00	2023-08-17 15:25:00	2023-08-17 15:30:00	C1.2		POINT(-52 11)	11	-52	-726.0	102.0
245170	2023-08-17 16:29:00	2023-08-17 16:34:00	2023-08-17 16:39:00	C1.2		POINT(-88 -11)	-11	-88	-939.0	-191.0
245180	2023-08-17 17:16:00	2023-08-17 17:29:00	2023-08-17 17:46:00	C2.2		POINT(87 17)	17	87	903.0	274.0
245190	2023-08-17 18:28:00	2023-08-17 18:36:00	2023-08-17 18:40:00	C1.2		POINT(-88 -12)	-12	-88	-939.0	-204.0
245200	2023-08-17 23:32:00	2023-08-17 23:40:00	2023-08-17 23:49:00	C1.3		POINT(27 22)	22	27	393.0	276.0
245210	2023-08-18 02:40:00	2023-08-18 02:52:00	2023-08-18 03:03:00	C3.1		POINT(-50 11)	11	-50	-646.0	44.0
245220	2023-08-18 10:30:00	2023-08-18 10:48:00	2023-08-18 11:08:00	C1.7		POINT(36 20)	20	36	527.0	244.0
245230	2023-08-18 19:09:00	2023-08-18 19:30:00	2023-08-18 19:49:00	C3.7		POINT(43 19)	19	43	599.0	243.0
245240	2023-08-18 21:17:00	2023-08-18 21:35:00	2023-08-18 21:58:00	C3.0		POINT(47 20)	20	47	656.0	260.0
245250	2023-08-19 06:40:00	2023-08-19 06:48:00	2023-08-19 06:52:00	C5.8		POINT(68 -16)	-16	68	852.0	-281.0
245260	2023-08-19 18:03:00	2023-08-19 19:03:00	2023-08-19 19:34:00	C1.5		POINT(55 27)	27	55	695.0	371.0
245270	2023-08-19 20:53:00	2023-08-19 20:59:00	2023-08-19 21:05:00	C1.5		POINT(46 24)	24	46	620.0	349.0
245280	2023-08-20 06:08:00	2023-08-20 06:26:00	2023-08-20 06:44:00	C3.7		POINT(60 21)	21	60	788.0	267.0
245290	2023-08-20 12:21:00	2023-08-20 12:32:00	2023-08-20 12:38:00	C3.3		POINT(87 -16)	-16	87	906.0	-278.0
245300	2023-08-20 18:44:00	2023-08-20 18:56:00	2023-08-20 19:02:00	C2.0		POINT(-89 -6)	-6	-89	-959.0	-102.0
245310	2023-08-20 19:22:00	2023-08-20 19:46:00	2023-08-20 20:07:00	C3.0		POINT(-89 6)	6	-89	-956.0	113.0
245320	2023-08-21 05:18:00	2023-08-21 05:28:00	2023-08-21 05:33:00	C1.5		POINT(-82 9)	9	-82	-926.0	143.0
245330	2023-08-21 05:33:00	2023-08-21 05:45:00	2023-08-21 06:02:00	C2.0		POINT(-88 -7)	-7	-88	-955.0	-120.0
245340	2023-08-21 07:35:00	2023-08-21 07:53:00	2023-08-21 08:11:00	C4.3		POINT(-89 -5)	-5	-89	-966.0	-96.0
245350	2023-08-21 12:18:00	2023-08-21 12:38:00	2023-08-21 12:53:00	C3.1		POINT(76 26)	26	76	829.0	408.0
245360	2023-08-21 19:00:00	2023-08-21 19:09:00	2023-08-21 19:18:00	C1.3		POINT(-88 -7)	-7	-88	-955.0	-120.0
245370	2023-08-21 23:23:00	2023-08-21 23:43:00	2023-08-21 23:47:00	C4.7		POINT(-69 8)	8	-69	-891.0	76.0
245380	2023-08-21 23:47:00	2023-08-22 00:00:00	2023-08-22 00:07:00	C5.7		POINT(-88 -12)	-12	-88	-940.0	-214.0
245390	2023-08-22 07:43:00	2023-08-22 07:50:00	2023-08-22 07:58:00	C2.0		POINT(-63 9)	9	-63	-840.0	88.0
245400	2023-08-22 09:15:00	2023-08-22 09:22:00	2023-08-22 09:27:00	C1.2		POINT(-88 -8)	-8	-88	-944.0	-146.0
245410	2023-08-22 10:18:00	2023-08-22 10:26:00	2023-08-22 10:31:00	C1.6		POINT(26 8)	8	26	423.0	33.0
245420	2023-08-22 22:35:00	2023-08-22 23:04:00	2023-08-22 23:38:00	M1.1		POINT(29 11)	11	29	478.0	75.0
245430	2023-08-22 23:38:00	2023-08-22 23:41:00	2023-08-22 23:45:00	C7.1		POINT(34 8)	8	34	532.0	45.0
245440	2023-08-23 01:20:00	2023-08-23 01:30:00	2023-08-23 01:38:00	C3.4		POINT(-77 -8)	-8	-77	-916.0	-156.0
245450	2023-08-23 07:01:00	2023-08-23 07:09:00	2023-08-23 07:15:00	C1.5		POINT(38 8)	8	38	588.0	45.0
245460	2023-08-23 10:00:00	2023-08-23 10:13:00	2023-08-23 10:34:00	C3.2		POINT(-54 13)	13	-54	-748.0	213.0
245470	2023-08-23 12:11:00	2023-08-23 12:20:00	2023-08-23 12:33:00	C1.4		POINT(87 24)	24	87	873.0	398.0
245480	2023-08-23 13:54:00	2023-08-23 14:07:00	2023-08-23 14:12:00	C3.9		POINT(41 6)	6	41	640.0	56.0
245490	2023-08-23 15:10:00	2023-08-23 15:16:00	2023-08-23 15:22:00	C1.7		POINT(-53 13)	13	-53	-741.0	157.0
245500	2023-08-23 15:55:00	2023-08-23 16:16:00	2023-08-23 16:49:00	C2.4		POINT(-46 6)	6	-46	-684.0	28.0
245510	2023-08-24 06:38:00	2023-08-24 06:45:00	2023-08-24 06:54:00	C1.4		POINT(-41 13)	13	-41	-617.0	126.0
245520	2023-08-24 15:51:00	2023-08-24 15:54:00	2023-08-24 15:59:00	C1.0		POINT(-54 -10)	-10	-54	-762.0	-241.0
245530	2023-08-24 17:56:00	2023-08-24 18:04:00	2023-08-24 18:08:00	C1.4		POINT(59 9)	9	59	806.0	93.0
245540	2023-08-24 19:40:00	2023-08-24 20:41:00	2023-08-24 21:41:00	C3.0		POINT(86 29)	29	86	836.0	467.0
245550	2023-08-24 21:50:00	2023-08-24 22:14:00	2023-08-24 22:31:00	C4.1		POINT(54 10)	10	54	790.0	126.0
245560	2023-08-25 00:56:00	2023-08-25 01:09:00	2023-08-25 01:26:00	M1.4		POINT(-50 -12)	-12	-50	-719.0	-274.0
245570	2023-08-25 03:21:00	2023-08-25 03:29:00	2023-08-25 03:33:00	C1.4		POINT(64 8)	8	64	845.0	90.0
245580	2023-08-25 09:10:00	2023-08-25 09:17:00	2023-08-25 09:21:00	C1.2		POINT(67 8)	8	67	866.0	93.0
245590	2023-08-25 10:18:00	2023-08-25 10:22:00	2023-08-25 10:29:00	B8.1		POINT(67 8)	8	67	867.0	95.0
245600	2023-08-25 11:06:00	2023-08-25 11:08:00	2023-08-25 11:27:00	C1.2		POINT(41 6)	6	41	619.0	99.0
245610	2023-08-25 14:39:00	2023-08-25 14:43:00	2023-08-25 14:47:00	B7.9		POINT(68 8)	8	68	876.0	95.0
245620	2023-08-25 15:35:00	2023-08-25 15:36:00	2023-08-25 15:39:00	C5.0		POINT(70 9)	9	70	887.0	132.0
245630	2023-08-25 16:13:00	2023-08-25 16:20:00	2023-08-25 16:24:00	C1.1		POINT(-83 -22)	-22	-83	-873.0	-367.0
245640	2023-08-25 21:41:00	2023-08-25 21:45:00	2023-08-25 21:49:00	B6.7		POINT(-77 -21)	-21	-77	-860.0	-372.0
245650	2023-08-26 09:40:00	2023-08-26 10:06:00	2023-08-26 10:37:00	C2.2		POINT(-7 10)	10	-7	-137.0	29.0
245660	2023-08-26 12:44:00	2023-08-26 13:02:00	2023-08-26 13:26:00	C1.9		POINT(70 10)	10	70	888.0	125.0
245670	2023-08-26 20:11:00	2023-08-26 20:17:00	2023-08-26 20:21:00	C1.1		POINT(89 9)	9	89	939.0	159.0
245680	2023-08-26 21:41:00	2023-08-26 21:50:00	2023-08-26 21:55:00	C2.6		POINT(89 7)	7	89	942.0	130.0
245690	2023-08-26 22:05:00	2023-08-26 22:50:00	2023-08-26 23:42:00	M1.1		POINT(-89 -5)	-5	-89	-957.0	-99.0
245700	2023-08-28 03:54:00	2023-08-28 04:02:00	2023-08-28 04:07:00	C1.0		POINT(-88 -8)	-8	-88	-949.0	-137.0
245710	2023-08-28 08:17:00	2023-08-28 08:24:00	2023-08-28 08:31:00	B9.1		POINT(-88 -8)	-8	-88	-951.0	-145.0
245720	2023-08-28 16:42:00	2023-08-28 16:50:00	2023-08-28 16:59:00	C1.4		POINT(-87 22)	22	-87	-887.0	369.0
245730	2023-08-28 21:19:00	2023-08-28 21:28:00	2023-08-28 21:44:00	C1.3		POINT(-87 22)	22	-87	-885.0	375.0
245740	2023-08-28 22:07:00	2023-08-28 22:15:00	2023-08-28 22:36:00	C1.2		POINT(-35 -20)	-20	-35	-520.0	-419.0
245750	2023-08-28 22:36:00	2023-08-28 22:46:00	2023-08-28 22:53:00	C1.1		POINT(-87 22)	22	-87	-888.0	379.0
245760	2023-08-28 23:00:00	2023-08-28 23:06:00	2023-08-28 23:12:00	C1.5		POINT(-88 -9)	-9	-88	-936.0	-166.0
245770	2023-08-28 23:54:00	2023-08-28 23:59:00	2023-08-29 00:05:00	C2.3		POINT(-87 22)	22	-87	-887.0	376.0
245780	2023-08-29 00:07:00	2023-08-29 00:12:00	2023-08-29 00:22:00	C1.9		POINT(-89 23)	23	-89	-872.0	371.0
245790	2023-08-29 02:39:00	2023-08-29 02:45:00	2023-08-29 03:00:00	C1.1		POINT(29 9)	9	29	461.0	62.0
245800	2023-08-29 04:15:00	2023-08-29 04:21:00	2023-08-29 04:26:00	C1.6		POINT(19 9)	9	19	305.0	148.0
245810	2023-08-29 04:26:00	2023-08-29 04:36:00	2023-08-29 04:44:00	C1.4		POINT(30 9)	9	30	473.0	48.0
245820	2023-08-29 06:34:00	2023-08-29 06:42:00	2023-08-29 06:50:00	C2.1		POINT(-87 22)	22	-87	-886.0	372.0
245830	2023-08-29 08:15:00	2023-08-29 08:24:00	2023-08-29 08:35:00	B9.7		POINT(-87 22)	22	-87	-885.0	371.0
245840	2023-08-29 09:42:00	2023-08-29 09:46:00	2023-08-29 09:49:00	B8.7		POINT(-87 21)	21	-87	-884.0	359.0
245850	2023-08-29 16:00:00	2023-08-29 16:04:00	2023-08-29 16:08:00	C1.0		POINT(-89 21)	21	-89	-881.0	349.0
245860	2023-08-29 23:17:00	2023-08-29 23:27:00	2023-08-29 23:46:00	C3.9		POINT(-68 -10)	-10	-68	-875.0	-234.0
245870	2023-08-30 04:07:00	2023-08-30 04:19:00	2023-08-30 04:28:00	C1.7		POINT(-60 -8)	-8	-60	-850.0	-154.0
245880	2023-08-30 08:24:00	2023-08-30 08:30:00	2023-08-30 08:37:00	B8.4		POINT(20 -9)	-9	20	335.0	-260.0
245890	2023-08-30 16:28:00	2023-08-30 16:41:00	2023-08-30 16:57:00	C2.8		POINT(23 -8)	-8	23	402.0	-272.0
245900	2023-08-30 17:38:00	2023-08-30 17:46:00	2023-08-30 17:54:00	C1.5		POINT(46 6)	6	46	677.0	43.0
245910	2023-08-30 23:16:00	2023-08-30 23:26:00	2023-08-30 23:40:00	C3.0		POINT(49 5)	5	49	719.0	39.0
245920	2023-08-31 05:01:00	2023-08-31 06:13:00	2023-08-31 07:35:00	C2.4		POINT(49 17)	17	49	688.0	215.0
245930	2023-08-31 17:45:00	2023-08-31 17:53:00	2023-08-31 18:03:00	C1.2		POINT(62 6)	6	62	837.0	60.0
245940	2023-08-31 23:07:00	2023-08-31 23:18:00	2023-08-31 23:32:00	C1.0		POINT(65 7)	7	65	857.0	66.0
245950	2023-09-01 02:03:00	2023-09-01 02:15:00	2023-09-01 02:20:00	C1.1		POINT(65 7)	7	65	858.0	80.0
245960	2023-09-01 02:54:00	2023-09-01 03:51:00	2023-09-01 04:47:00	M1.2		POINT(73 14)	14	73	882.0	198.0
245970	2023-09-01 15:07:00	2023-09-01 15:14:00	2023-09-01 15:19:00	B9.9		POINT(-49 -20)	-20	-49	-677.0	-408.0
245980	2023-09-01 20:19:00	2023-09-01 20:27:00	2023-09-01 20:35:00	C1.0		POINT(-46 -20)	-20	-46	-649.0	-406.0
245990	2023-09-01 20:35:00	2023-09-01 20:38:00	2023-09-01 20:42:00	B9.3		POINT(-46 -21)	-21	-46	-644.0	-417.0
246000	2023-09-01 21:48:00	2023-09-01 22:24:00	2023-09-01 22:33:00	C7.3		POINT(-45 -21)	-21	-45	-631.0	-430.0
246010	2023-09-02 06:33:00	2023-09-02 07:12:00	2023-09-02 07:38:00	M3.3		POINT(82 10)	10	82	953.0	105.0
246020	2023-09-02 11:31:00	2023-09-02 11:36:00	2023-09-02 11:42:00	B9.3		POINT(-20 -11)	-11	-20	-331.0	-290.0
246030	2023-09-02 16:31:00	2023-09-02 16:40:00	2023-09-02 16:44:00	C2.1		POINT(88 11)	11	88	933.0	198.0
246040	2023-09-02 19:54:00	2023-09-02 19:59:00	2023-09-02 20:14:00	C1.2		POINT(89 8)	8	89	951.0	134.0
246050	2023-09-02 22:32:00	2023-09-02 22:41:00	2023-09-02 22:49:00	C1.3		POINT(88 11)	11	88	940.0	200.0
246060	2023-09-03 00:02:00	2023-09-03 00:11:00	2023-09-03 00:14:00	C1.3		POINT(88 11)	11	88	933.0	194.0
246070	2023-09-03 00:14:00	2023-09-03 00:23:00	2023-09-03 00:33:00	M1.1		POINT(88 11)	11	88	939.0	200.0
246080	2023-09-03 00:58:00	2023-09-03 01:04:00	2023-09-03 01:09:00	C1.5		POINT(88 13)	13	88	925.0	219.0
246090	2023-09-03 02:25:00	2023-09-03 02:32:00	2023-09-03 02:38:00	C1.0		POINT(88 13)	13	88	939.0	219.0
246100	2023-09-03 04:00:00	2023-09-03 04:10:00	2023-09-03 04:14:00	C1.8		POINT(88 13)	13	88	935.0	221.0
246110	2023-09-03 05:18:00	2023-09-03 06:23:00	2023-09-03 07:12:00	C5.9		POINT(88 14)	14	88	963.0	251.0
246120	2023-09-03 08:09:00	2023-09-03 08:36:00	2023-09-03 08:49:00	M6.0		POINT(88 12)	12	88	938.0	206.0
246130	2023-09-03 11:31:00	2023-09-03 11:45:00	2023-09-03 12:03:00	C5.0		POINT(89 8)	8	89	950.0	139.0
246140	2023-09-03 12:03:00	2023-09-03 12:28:00	2023-09-03 12:52:00	C5.7		POINT(89 8)	8	89	966.0	146.0
246150	2023-09-03 19:57:00	2023-09-03 20:05:00	2023-09-03 20:13:00	C1.1		POINT(5 -5)	-5	5	88.0	-216.0
246160	2023-09-04 03:57:00	2023-09-04 04:02:00	2023-09-04 08:47:00	C1.3		POINT(-12 15)	15	-12	-201.0	141.0
246170	2023-09-04 04:35:00	2023-09-04 04:43:00	2023-09-04 04:47:00	C2.0		POINT(-14 14)	14	-14	-228.0	133.0
246180	2023-09-04 08:47:00	2023-09-04 08:54:00	2023-09-04 09:02:00	C1.5		POINT(-11 14)	14	-11	-187.0	118.0
246190	2023-09-04 10:31:00	2023-09-04 11:06:00	2023-09-04 11:39:00	C6.6		POINT(87 18)	18	87	916.0	300.0
246200	2023-09-04 12:48:00	2023-09-04 12:54:00	2023-09-04 13:01:00	C1.9		POINT(-9 15)	15	-9	-152.0	118.0
246210	2023-09-04 13:34:00	2023-09-04 13:49:00	2023-09-04 14:04:00	C2.4		POINT(-69 -22)	-22	-69	-820.0	-405.0
246220	2023-09-04 14:03:00	2023-09-04 14:08:00	2023-09-04 14:24:00	C2.1		POINT(-28 16)	16	-28	-429.0	262.0
246230	2023-09-04 17:05:00	2023-09-04 17:18:00	2023-09-04 17:29:00	C1.5		POINT(-5 15)	15	-5	-89.0	131.0
246240	2023-09-04 17:29:00	2023-09-04 17:37:00	2023-09-04 17:49:00	C1.6		POINT(87 18)	18	87	927.0	315.0
246250	2023-09-04 19:11:00	2023-09-04 19:20:00	2023-09-04 19:27:00	C1.3		POINT(-68 14)	14	-68	-860.0	188.0
246260	2023-09-05 00:39:00	2023-09-05 00:43:00	2023-09-05 00:52:00	C2.1		POINT(65 28)	28	65	795.0	332.0
246270	2023-09-05 02:13:00	2023-09-05 02:18:00	2023-09-05 02:29:00	C1.0		POINT(-2 14)	14	-2	-36.0	122.0
246280	2023-09-05 04:36:00	2023-09-05 04:47:00	2023-09-05 04:59:00	C4.2		POINT(0 15)	15	0	14.0	115.0
246290	2023-09-05 08:03:00	2023-09-05 08:12:00	2023-09-05 08:24:00	M2.0		POINT(4 16)	16	4	32.0	122.0
246300	2023-09-05 09:22:00	2023-09-05 09:37:00	2023-09-05 09:54:00	C7.2		POINT(-86 25)	25	-86	-867.0	422.0
246310	2023-09-05 17:58:00	2023-09-05 18:19:00	2023-09-05 18:22:00	C3.3		POINT(9 15)	15	9	122.0	130.0
246320	2023-09-05 18:22:00	2023-09-05 18:31:00	2023-09-05 18:39:00	C3.6		POINT(7 16)	16	7	123.0	148.0
246330	2023-09-05 19:33:00	2023-09-05 19:45:00	2023-09-05 19:57:00	M1.2		POINT(10 16)	16	10	159.0	139.0
246340	2023-09-05 22:13:00	2023-09-05 22:22:00	2023-09-05 22:46:00	C3.9		POINT(7 -20)	-20	7	131.0	-459.0
246350	2023-09-05 23:21:00	2023-09-05 23:39:00	2023-09-05 23:53:00	M1.0		POINT(13 15)	15	13	179.0	146.0
246360	2023-09-06 00:42:00	2023-09-06 00:50:00	2023-09-06 01:01:00	C4.7		POINT(13 15)	15	13	212.0	138.0
246370	2023-09-06 04:52:00	2023-09-06 04:58:00	2023-09-06 05:02:00	C1.1		POINT(16 14)	14	16	266.0	121.0
246380	2023-09-06 06:28:00	2023-09-06 06:39:00	2023-09-06 06:52:00	C1.8		POINT(34 -9)	-9	34	504.0	-251.0
246390	2023-09-06 07:50:00	2023-09-06 07:56:00	2023-09-06 08:00:00	C3.7		POINT(22 13)	13	22	295.0	129.0
246400	2023-09-06 10:32:00	2023-09-06 10:46:00	2023-09-06 11:00:00	C1.8		POINT(-45 15)	15	-45	-656.0	177.0
246410	2023-09-06 11:00:00	2023-09-06 11:03:00	2023-09-06 11:07:00	C1.8		POINT(20 14)	14	20	328.0	120.0
246420	2023-09-06 13:19:00	2023-09-06 13:26:00	2023-09-06 13:31:00	C2.8		POINT(37 -7)	-7	37	572.0	-220.0
246430	2023-09-06 13:42:00	2023-09-06 13:45:00	2023-09-06 13:49:00	C3.2		POINT(22 14)	14	22	355.0	130.0
246440	2023-09-06 16:54:00	2023-09-06 16:57:00	2023-09-06 17:01:00	C1.7		POINT(24 14)	14	24	382.0	131.0
246450	2023-09-06 17:51:00	2023-09-06 17:56:00	2023-09-06 18:00:00	C5.3		POINT(25 13)	13	25	389.0	132.0
246460	2023-09-06 19:18:00	2023-09-06 19:25:00	2023-09-06 19:29:00	C1.2		POINT(22 13)	13	22	408.0	134.0
246470	2023-09-06 20:43:00	2023-09-06 20:48:00	2023-09-06 20:52:00	C3.4		POINT(26 13)	13	26	417.0	134.0
246480	2023-09-07 00:38:00	2023-09-07 00:47:00	2023-09-07 00:51:00	C1.1		POINT(43 -7)	-7	43	641.0	-202.0
246490	2023-09-07 01:46:00	2023-09-07 01:54:00	2023-09-07 02:04:00	C1.7		POINT(-73 22)	22	-73	-836.0	372.0
246500	2023-09-07 02:36:00	2023-09-07 02:42:00	2023-09-07 02:46:00	C2.3		POINT(-75 24)	24	-75	-831.0	372.0
246510	2023-09-07 05:05:00	2023-09-07 05:24:00	2023-09-07 05:38:00	C3.3		POINT(-34 15)	15	-34	-514.0	246.0
246520	2023-09-07 10:26:00	2023-09-07 10:31:00	2023-09-07 10:35:00	C3.4		POINT(34 14)	14	34	522.0	147.0
246530	2023-09-07 11:39:00	2023-09-07 11:40:00	2023-09-07 11:42:00	C3.0		POINT(-30 15)	15	-30	-479.0	161.0
246540	2023-09-07 15:38:00	2023-09-07 15:47:00	2023-09-07 15:59:00	C1.3		POINT(13 14)	14	13	194.0	122.0
246550	2023-09-07 15:59:00	2023-09-07 16:03:00	2023-09-07 16:07:00	C1.3		POINT(63 -9)	-9	63	839.0	-202.0
246560	2023-09-07 18:58:00	2023-09-07 19:09:00	2023-09-07 19:24:00	M2.1		POINT(-56 22)	22	-56	-750.0	267.0
246570	2023-09-08 04:16:00	2023-09-08 04:42:00	2023-09-08 04:56:00	C4.0		POINT(-62 26)	26	-62	-759.0	393.0
246580	2023-09-08 06:54:00	2023-09-08 07:02:00	2023-09-08 07:12:00	C2.3		POINT(-53 23)	23	-53	-700.0	372.0
246590	2023-09-08 11:14:00	2023-09-08 11:17:00	2023-09-08 11:21:00	C3.7		POINT(-51 23)	23	-51	-686.0	285.0
246600	2023-09-08 13:48:00	2023-09-08 13:51:00	2023-09-08 13:55:00	C2.6		POINT(-50 23)	23	-50	-678.0	284.0
246610	2023-09-08 16:19:00	2023-09-08 16:22:00	2023-09-08 16:27:00	C1.4		POINT(-50 21)	21	-50	-680.0	279.0
246620	2023-09-08 18:10:00	2023-09-08 18:19:00	2023-09-08 18:42:00	C2.5		POINT(-57 31)	31	-57	-700.0	381.0
246630	2023-09-08 23:07:00	2023-09-08 23:13:00	2023-09-08 23:17:00	C4.2		POINT(52 11)	11	52	743.0	158.0
246640	2023-09-08 23:35:00	2023-09-08 23:42:00	2023-09-08 23:46:00	C1.8		POINT(-89 9)	9	-89	-951.0	151.0
246650	2023-09-09 01:15:00	2023-09-09 01:20:00	2023-09-09 01:24:00	C8.4		POINT(54 15)	15	54	756.0	156.0
246660	2023-09-09 01:55:00	2023-09-09 02:04:00	2023-09-09 02:08:00	C2.4		POINT(54 15)	15	54	745.0	165.0
246670	2023-09-09 02:43:00	2023-09-09 02:50:00	2023-09-09 02:54:00	C2.3		POINT(55 13)	13	55	763.0	158.0
246680	2023-09-09 03:11:00	2023-09-09 03:23:00	2023-09-09 03:46:00	C5.8		POINT(54 15)	15	54	764.0	165.0
246690	2023-09-09 05:08:00	2023-09-09 05:15:00	2023-09-09 05:24:00	C2.0		POINT(54 15)	15	54	759.0	167.0
246700	2023-09-09 05:47:00	2023-09-09 05:56:00	2023-09-09 06:03:00	C3.5		POINT(57 13)	13	57	764.0	166.0
246710	2023-09-09 09:39:00	2023-09-09 09:45:00	2023-09-09 09:49:00	C1.9		POINT(-5 19)	19	-5	-84.0	181.0
246720	2023-09-09 11:07:00	2023-09-09 11:14:00	2023-09-09 11:19:00	C1.6		POINT(59 14)	14	59	796.0	170.0
246730	2023-09-09 13:35:00	2023-09-09 13:40:00	2023-09-09 13:46:00	C2.0		POINT(62 14)	14	62	804.0	175.0
246740	2023-09-09 16:11:00	2023-09-09 16:17:00	2023-09-09 16:22:00	C1.6		POINT(88 -5)	-5	88	951.0	-101.0
246750	2023-09-09 22:38:00	2023-09-09 22:47:00	2023-09-09 22:56:00	C1.4		POINT(66 17)	17	66	833.0	240.0
246760	2023-09-10 00:54:00	2023-09-10 01:07:00	2023-09-10 01:19:00	C4.7		POINT(-39 27)	27	-39	-504.0	341.0
246770	2023-09-10 01:41:00	2023-09-10 01:55:00	2023-09-10 02:10:00	C8.3		POINT(4 15)	15	4	37.0	137.0
246780	2023-09-10 04:19:00	2023-09-10 04:35:00	2023-09-10 05:03:00	C3.6		POINT(6 15)	15	6	72.0	140.0
246790	2023-09-10 09:06:00	2023-09-10 09:13:00	2023-09-10 09:20:00	C1.5		POINT(8 16)	16	8	108.0	132.0
246800	2023-09-10 11:40:00	2023-09-10 11:51:00	2023-09-10 12:02:00	C2.2		POINT(7 15)	15	7	124.0	140.0
246810	2023-09-10 13:20:00	2023-09-10 13:30:00	2023-09-10 13:35:00	C2.2		POINT(72 18)	18	72	879.0	246.0
246820	2023-09-10 21:25:00	2023-09-10 21:38:00	2023-09-10 21:47:00	C4.0		POINT(-63 -5)	-5	-63	-846.0	-152.0
246830	2023-09-10 22:15:00	2023-09-10 22:26:00	2023-09-10 22:43:00	C3.1		POINT(16 16)	16	16	252.0	262.0
246840	2023-09-11 00:22:00	2023-09-11 00:40:00	2023-09-11 00:52:00	C3.6		POINT(80 12)	12	80	917.0	192.0
246850	2023-09-11 01:08:00	2023-09-11 01:28:00	2023-09-11 01:57:00	M1.3		POINT(-62 8)	8	-62	-853.0	108.0
246860	2023-09-11 03:58:00	2023-09-11 04:07:00	2023-09-11 04:15:00	M1.1		POINT(-59 -9)	-9	-59	-809.0	-157.0
246870	2023-09-11 05:34:00	2023-09-11 05:34:00	2023-09-11 05:40:00	C7.1		POINT(66 -23)	-23	66	801.0	-372.0
246880	2023-09-11 05:53:00	2023-09-11 06:01:00	2023-09-11 06:24:00	C9.3		POINT(-55 -4)	-4	-55	-799.0	-168.0
246890	2023-09-11 06:10:00	2023-09-11 06:17:00	2023-09-11 06:25:00	C6.8		POINT(-55 -6)	-6	-55	-785.0	-169.0
246900	2023-09-11 10:25:00	2023-09-11 10:37:00	2023-09-11 10:48:00	C7.4		POINT(21 16)	16	21	331.0	156.0
246910	2023-09-11 11:21:00	2023-09-11 11:27:00	2023-09-11 11:36:00	C3.7		POINT(-53 -4)	-4	-53	-773.0	-171.0
246920	2023-09-11 14:38:00	2023-09-11 14:49:00	2023-09-11 14:59:00	M1.1		POINT(-50 -4)	-4	-50	-756.0	-176.0
246930	2023-09-11 17:16:00	2023-09-11 17:35:00	2023-09-11 17:46:00	C5.5		POINT(-9 21)	21	-9	-139.0	341.0
246940	2023-09-11 21:07:00	2023-09-11 21:14:00	2023-09-11 21:24:00	C8.2		POINT(-6 22)	22	-6	-95.0	255.0
246950	2023-09-12 01:21:00	2023-09-12 01:28:00	2023-09-12 01:38:00	C3.7		POINT(-3 22)	22	-3	-60.0	254.0
246960	2023-09-12 02:08:00	2023-09-12 02:15:00	2023-09-12 02:23:00	C3.8		POINT(87 18)	18	87	909.0	312.0
246970	2023-09-12 04:18:00	2023-09-12 04:26:00	2023-09-12 04:31:00	M1.9		POINT(-3 22)	22	-3	-34.0	256.0
246980	2023-09-12 04:31:00	2023-09-12 04:42:00	2023-09-12 04:47:00	M1.8		POINT(-2 22)	22	-2	-34.0	256.0
246990	2023-09-12 05:36:00	2023-09-12 05:39:00	2023-09-12 05:54:00	C4.5		POINT(-45 -6)	-6	-45	-683.0	-203.0
247000	2023-09-12 06:47:00	2023-09-12 07:07:00	2023-09-12 07:19:00	M2.5		POINT(31 17)	17	31	497.0	176.0
247010	2023-09-12 07:58:00	2023-09-12 08:06:00	2023-09-12 08:20:00	C7.3		POINT(87 19)	19	87	901.0	317.0
247020	2023-09-12 11:06:00	2023-09-12 11:12:00	2023-09-12 11:17:00	C3.6		POINT(1 24)	24	1	17.0	259.0
247030	2023-09-12 11:32:00	2023-09-12 11:37:00	2023-09-12 11:42:00	C3.1		POINT(34 17)	17	34	525.0	175.0
247040	2023-09-12 15:07:00	2023-09-12 15:24:00	2023-09-12 15:35:00	C4.7		POINT(6 23)	23	6	51.0	257.0
247050	2023-09-12 15:58:00	2023-09-12 16:11:00	2023-09-12 16:26:00	C2.9		POINT(87 20)	20	87	904.0	339.0
247060	2023-09-12 19:31:00	2023-09-12 19:38:00	2023-09-12 19:44:00	C1.6		POINT(86 -24)	-24	86	875.0	-397.0
247070	2023-09-12 19:45:00	2023-09-12 20:09:00	2023-09-12 20:17:00	C4.6		POINT(-36 10)	10	-36	-558.0	72.0
247080	2023-09-12 21:50:00	2023-09-12 22:00:00	2023-09-12 22:07:00	C5.6		POINT(40 16)	16	40	596.0	183.0
247090	2023-09-13 08:04:00	2023-09-13 08:10:00	2023-09-13 08:17:00	C5.5		POINT(46 17)	17	46	654.0	191.0
247100	2023-09-13 14:55:00	2023-09-13 15:02:00	2023-09-13 15:08:00	C1.9		POINT(-25 10)	10	-25	-405.0	66.0
247110	2023-09-13 15:08:00	2023-09-13 15:17:00	2023-09-13 15:21:00	C1.8		POINT(-24 10)	10	-24	-394.0	62.0
247120	2023-09-13 16:36:00	2023-09-13 16:41:00	2023-09-13 16:45:00	C1.2		POINT(53 16)	16	53	732.0	195.0
247130	2023-09-13 17:55:00	2023-09-13 18:04:00	2023-09-13 18:10:00	C1.3		POINT(50 16)	16	50	704.0	198.0
247140	2023-09-14 05:48:00	2023-09-14 06:00:00	2023-09-14 06:11:00	C1.5		POINT(-16 10)	10	-16	-267.0	59.0
247150	2023-09-14 06:40:00	2023-09-14 07:45:00	2023-09-14 08:39:00	M1.4		POINT(-15 10)	10	-15	-252.0	61.0
247160	2023-09-14 15:17:00	2023-09-14 15:31:00	2023-09-14 15:41:00	C4.6		POINT(-11 10)	10	-11	-189.0	56.0
247170	2023-09-14 18:37:00	2023-09-14 18:37:00	2023-09-14 18:47:00	C2.9		POINT(35 24)	24	35	456.0	271.0
247180	2023-09-14 19:08:00	2023-09-14 19:13:00	2023-09-14 19:17:00	C2.0		POINT(-8 10)	10	-8	-146.0	60.0
247190	2023-09-14 19:23:00	2023-09-14 19:31:00	2023-09-14 19:40:00	M1.9		POINT(-9 12)	12	-9	-158.0	53.0
247200	2023-09-14 21:17:00	2023-09-14 21:26:00	2023-09-14 21:32:00	M2.5		POINT(-8 12)	12	-8	-128.0	55.0
247210	2023-09-15 00:40:00	2023-09-15 00:46:00	2023-09-15 00:50:00	C7.4		POINT(-6 10)	10	-6	-113.0	50.0
247220	2023-09-15 00:50:00	2023-09-15 00:57:00	2023-09-15 01:02:00	C6.9		POINT(-7 11)	11	-7	-128.0	71.0
247230	2023-09-15 02:40:00	2023-09-15 02:50:00	2023-09-15 02:55:00	C2.3		POINT(-3 10)	10	-3	-62.0	54.0
247240	2023-09-15 02:55:00	2023-09-15 03:09:00	2023-09-15 03:17:00	C7.4		POINT(-4 10)	10	-4	-75.0	54.0
247250	2023-09-15 05:50:00	2023-09-15 06:04:00	2023-09-15 06:11:00	C7.0		POINT(-2 10)	10	-2	-38.0	54.0
247260	2023-09-15 08:52:00	2023-09-15 08:59:00	2023-09-15 09:05:00	C1.9		POINT(-3 14)	14	-3	9.0	69.0
247270	2023-09-15 10:00:00	2023-09-15 10:18:00	2023-09-15 10:21:00	C2.2		POINT(0 10)	10	0	3.0	51.0
247280	2023-09-15 13:09:00	2023-09-15 13:17:00	2023-09-15 13:22:00	C2.1		POINT(2 10)	10	2	33.0	54.0
247290	2023-09-15 22:19:00	2023-09-15 22:29:00	2023-09-15 22:34:00	M1.7		POINT(8 12)	12	8	126.0	64.0
247300	2023-09-15 23:35:00	2023-09-15 23:42:00	2023-09-15 23:47:00	C2.0		POINT(8 11)	11	8	144.0	68.0
247310	2023-09-16 00:38:00	2023-09-16 00:50:00	2023-09-16 00:57:00	M2.9		POINT(9 11)	11	9	144.0	62.0
247320	2023-09-16 03:23:00	2023-09-16 03:31:00	2023-09-16 03:37:00	C1.4		POINT(10 10)	10	10	170.0	64.0
247330	2023-09-16 05:09:00	2023-09-16 05:24:00	2023-09-16 05:30:00	C5.0		POINT(-88 11)	11	-88	-946.0	198.0
247340	2023-09-16 05:30:00	2023-09-16 05:38:00	2023-09-16 05:51:00	M3.3		POINT(11 11)	11	11	190.0	60.0
247350	2023-09-16 07:06:00	2023-09-16 07:11:00	2023-09-16 07:16:00	C2.1		POINT(10 12)	12	10	173.0	67.0
247360	2023-09-16 07:36:00	2023-09-16 07:40:00	2023-09-16 07:44:00	C2.6		POINT(13 10)	10	13	222.0	62.0
247370	2023-09-16 11:56:00	2023-09-16 12:05:00	2023-09-16 12:13:00	C2.1		POINT(13 11)	11	13	220.0	68.0
247380	2023-09-16 13:13:00	2023-09-16 13:19:00	2023-09-16 13:33:00	C1.9		POINT(15 10)	10	15	248.0	66.0
247390	2023-09-17 15:55:00	2023-09-17 16:04:00	2023-09-17 16:10:00	C3.5		POINT(-71 8)	8	-71	-898.0	102.0
247400	2023-09-18 00:56:00	2023-09-18 01:04:00	2023-09-18 01:09:00	C1.5		POINT(87 -17)	-17	87	919.0	-288.0
247410	2023-09-18 09:27:00	2023-09-18 09:35:00	2023-09-18 09:43:00	C1.6		POINT(76 20)	20	76	866.0	310.0
247420	2023-09-18 10:31:00	2023-09-18 10:41:00	2023-09-18 10:49:00	C2.6		POINT(-63 7)	7	-63	-851.0	68.0
247430	2023-09-18 12:51:00	2023-09-18 12:59:00	2023-09-18 13:21:00	C1.4		POINT(42 12)	12	42	634.0	125.0
247440	2023-09-18 13:20:00	2023-09-18 13:38:00	2023-09-18 13:59:00	C1.5		POINT(86 26)	26	86	873.0	437.0
247450	2023-09-18 13:21:00	2023-09-18 13:38:00	2023-09-18 13:59:00	C1.5		POINT(86 26)	26	86	873.0	437.0
247460	2023-09-18 14:44:00	2023-09-18 14:52:00	2023-09-18 15:01:00	C2.3		POINT(-66 11)	11	-66	-856.0	143.0
247470	2023-09-18 15:42:00	2023-09-18 15:54:00	2023-09-18 16:10:00	C1.8		POINT(33 20)	20	33	491.0	232.0
247480	2023-09-18 17:35:00	2023-09-18 17:43:00	2023-09-18 17:53:00	C2.0		POINT(33 20)	20	33	500.0	225.0
247490	2023-09-18 18:10:00	2023-09-18 18:20:00	2023-09-18 18:37:00	C1.8		POINT(34 20)	20	34	503.0	240.0
247500	2023-09-18 18:27:00	2023-09-18 18:32:00	2023-09-18 18:36:00	C1.9		POINT(34 19)	19	34	505.0	222.0
247510	2023-09-18 19:35:00	2023-09-18 19:46:00	2023-09-18 19:54:00	C2.4		POINT(36 19)	19	36	515.0	227.0
247520	2023-09-18 20:22:00	2023-09-18 20:35:00	2023-09-18 20:50:00	C3.8		POINT(36 19)	19	36	530.0	310.0
247530	2023-09-18 21:59:00	2023-09-18 22:06:00	2023-09-18 22:13:00	C3.3		POINT(36 19)	19	36	535.0	229.0
247540	2023-09-18 23:20:00	2023-09-18 23:25:00	2023-09-18 23:29:00	C4.9		POINT(37 19)	19	37	545.0	228.0
247550	2023-09-19 00:16:00	2023-09-19 00:16:00	2023-09-19 00:18:00	C2.1		POINT(16 -17)	-17	16	251.0	-279.0
247560	2023-09-19 01:43:00	2023-09-19 01:53:00	2023-09-19 01:57:00	C2.8		POINT(39 21)	21	39	567.0	227.0
247570	2023-09-19 02:28:00	2023-09-19 02:43:00	2023-09-19 03:01:00	C3.9		POINT(38 20)	20	38	557.0	249.0
247580	2023-09-19 03:01:00	2023-09-19 03:08:00	2023-09-19 03:12:00	C3.5		POINT(53 11)	11	53	750.0	120.0
247590	2023-09-19 03:45:00	2023-09-19 03:55:00	2023-09-19 04:01:00	M1.1		POINT(-54 7)	7	-54	-766.0	49.0
247600	2023-09-19 09:23:00	2023-09-19 09:38:00	2023-09-19 09:44:00	M1.8		POINT(-51 7)	7	-51	-741.0	46.0
247610	2023-09-19 10:25:00	2023-09-19 10:50:00	2023-09-19 11:07:00	C5.0		POINT(55 14)	14	55	759.0	179.0
247620	2023-09-19 13:08:00	2023-09-19 13:17:00	2023-09-19 13:24:00	C3.1		POINT(-50 6)	6	-50	-732.0	37.0
247630	2023-09-19 15:39:00	2023-09-19 15:52:00	2023-09-19 16:08:00	C4.2		POINT(47 20)	20	47	658.0	249.0
247640	2023-09-19 17:16:00	2023-09-19 17:25:00	2023-09-19 17:42:00	C2.7		POINT(-38 9)	9	-38	-582.0	66.0
247650	2023-09-19 20:01:00	2023-09-19 20:14:00	2023-09-19 20:21:00	M4.0		POINT(-45 7)	7	-45	-677.0	38.0
247660	2023-09-19 20:59:00	2023-09-19 21:09:00	2023-09-19 21:15:00	C2.7		POINT(49 20)	20	49	687.0	258.0
247670	2023-09-19 21:42:00	2023-09-19 21:47:00	2023-09-19 21:51:00	C2.0		POINT(52 17)	17	52	728.0	209.0
247680	2023-09-19 22:21:00	2023-09-19 22:37:00	2023-09-19 22:47:00	C9.7		POINT(-41 8)	8	-41	-629.0	59.0
247690	2023-09-20 04:27:00	2023-09-20 04:37:00	2023-09-20 04:46:00	C3.0		POINT(-72 -11)	-11	-72	-894.0	-220.0
247700	2023-09-20 06:38:00	2023-09-20 06:52:00	2023-09-20 07:08:00	C2.3		POINT(68 11)	11	68	874.0	149.0
247710	2023-09-20 09:03:00	2023-09-20 09:10:00	2023-09-20 09:15:00	C3.1		POINT(-35 8)	8	-35	-548.0	47.0
247720	2023-09-20 12:09:00	2023-09-20 12:12:00	2023-09-20 12:17:00	C3.4		POINT(-28 8)	8	-28	-450.0	32.0
247730	2023-09-20 14:11:00	2023-09-20 14:19:00	2023-09-20 14:25:00	M8.2		POINT(-35 7)	7	-35	-546.0	27.0
247740	2023-09-20 17:34:00	2023-09-20 18:02:00	2023-09-20 18:24:00	C4.2		POINT(-67 -10)	-10	-67	-854.0	-234.0
247750	2023-09-20 18:36:00	2023-09-20 18:40:00	2023-09-20 18:44:00	C5.5		POINT(-25 8)	8	-25	-403.0	28.0
247760	2023-09-20 20:29:00	2023-09-20 20:38:00	2023-09-20 20:44:00	C1.3		POINT(-87 21)	21	-87	-893.0	355.0
247770	2023-09-20 21:27:00	2023-09-20 21:38:00	2023-09-20 21:48:00	C4.7		POINT(-62 -11)	-11	-62	-830.0	-237.0
247780	2023-09-20 23:17:00	2023-09-20 23:21:00	2023-09-20 23:25:00	C2.3		POINT(-23 8)	8	-23	-383.0	30.0
247790	2023-09-21 01:32:00	2023-09-21 01:43:00	2023-09-21 02:06:00	C2.2		POINT(-62 -11)	-11	-62	-834.0	-243.0
247800	2023-09-21 05:51:00	2023-09-21 05:57:00	2023-09-21 06:05:00	C1.6		POINT(-19 11)	11	-19	-314.0	72.0
247810	2023-09-21 09:29:00	2023-09-21 09:29:00	2023-09-21 09:33:00	C2.1		POINT(18 28)	28	18	284.0	349.0
247820	2023-09-21 10:09:00	2023-09-21 10:20:00	2023-09-21 10:26:00	C2.5		POINT(-18 10)	10	-18	-291.0	59.0
247830	2023-09-21 12:42:00	2023-09-21 12:54:00	2023-09-21 13:02:00	M8.7		POINT(-22 7)	7	-22	-366.0	20.0
247840	2023-09-21 14:43:00	2023-09-21 14:53:00	2023-09-21 15:05:00	C2.4		POINT(-54 -15)	-15	-54	-750.0	-323.0
247850	2023-09-21 15:59:00	2023-09-21 16:07:00	2023-09-21 16:15:00	C3.2		POINT(13 8)	8	13	214.0	26.0
247860	2023-09-22 02:25:00	2023-09-22 03:36:00	2023-09-22 06:56:00	M1.2		POINT(-17 15)	15	-17	-289.0	114.0
247870	2023-09-22 06:56:00	2023-09-22 07:00:00	2023-09-22 07:04:00	C6.5		POINT(-4 7)	7	-4	-87.0	25.0
247880	2023-09-22 08:38:00	2023-09-22 08:41:00	2023-09-22 08:46:00	C5.3		POINT(27 27)	27	27	398.0	341.0
247890	2023-09-22 11:26:00	2023-09-22 11:44:00	2023-09-22 11:54:00	C7.3		POINT(-9 7)	7	-9	-161.0	-3.0
247900	2023-09-22 15:53:00	2023-09-22 16:23:00	2023-09-22 16:46:00	M1.4		POINT(36 29)	29	36	491.0	463.0
247910	2023-09-22 17:06:00	2023-09-22 17:15:00	2023-09-22 17:20:00	M1.5		POINT(38 28)	28	38	519.0	448.0
247920	2023-09-22 19:20:00	2023-09-22 19:29:00	2023-09-22 19:33:00	C9.8		POINT(63 -21)	-21	63	795.0	-342.0
247930	2023-09-22 20:18:00	2023-09-22 20:31:00	2023-09-22 20:37:00	C3.3		POINT(39 28)	28	39	531.0	448.0
247940	2023-09-22 21:16:00	2023-09-22 21:23:00	2023-09-22 21:30:00	C2.7		POINT(43 27)	27	43	591.0	358.0
247950	2023-09-22 22:25:00	2023-09-22 23:00:00	2023-09-22 23:13:00	M1.9		POINT(40 28)	28	40	548.0	378.0
247960	2023-09-22 23:41:00	2023-09-22 23:54:00	2023-09-23 00:12:00	C8.6		POINT(42 28)	28	42	564.0	377.0
247970	2023-09-23 02:56:00	2023-09-23 03:03:00	2023-09-23 03:09:00	C2.7		POINT(44 28)	28	44	586.0	380.0
247980	2023-09-23 04:09:00	2023-09-23 04:21:00	2023-09-23 04:35:00	C2.3		POINT(48 26)	26	48	638.0	359.0
247990	2023-09-23 04:35:00	2023-09-23 04:39:00	2023-09-23 04:44:00	C2.4		POINT(-28 -16)	-16	-28	-437.0	-370.0
248000	2023-09-23 05:27:00	2023-09-23 05:40:00	2023-09-23 05:56:00	C3.6		POINT(42 29)	29	42	561.0	392.0
248010	2023-09-23 07:00:00	2023-09-23 07:16:00	2023-09-23 07:26:00	C3.8		POINT(-32 -13)	-13	-32	-517.0	-309.0
248020	2023-09-23 08:55:00	2023-09-23 09:13:00	2023-09-23 09:26:00	C7.6		POINT(-30 -12)	-12	-30	-474.0	-297.0
248030	2023-09-23 10:06:00	2023-09-23 10:12:00	2023-09-23 10:20:00	C3.0		POINT(49 28)	28	49	626.0	380.0
248040	2023-09-23 11:00:00	2023-09-23 11:04:00	2023-09-23 11:08:00	C2.7		POINT(42 27)	27	42	569.0	359.0
248050	2023-09-23 11:28:00	2023-09-23 11:34:00	2023-09-23 11:38:00	C2.3		POINT(-25 -16)	-16	-25	-395.0	-369.0
248060	2023-09-23 12:40:00	2023-09-23 12:54:00	2023-09-23 13:03:00	C3.4		POINT(-26 -16)	-16	-26	-416.0	-375.0
248070	2023-09-23 13:11:00	2023-09-23 13:14:00	2023-09-23 13:21:00	C3.2		POINT(-24 -15)	-15	-24	-376.0	-360.0
248080	2023-09-23 13:38:00	2023-09-23 13:45:00	2023-09-23 13:53:00	C2.8		POINT(49 28)	28	49	642.0	381.0
248090	2023-09-23 14:52:00	2023-09-23 15:00:00	2023-09-23 15:08:00	C2.3		POINT(50 28)	28	50	646.0	448.0
248100	2023-09-23 15:07:00	2023-09-23 15:18:00	2023-09-23 15:27:00	C8.7		POINT(-25 -16)	-16	-25	-391.0	-378.0
248110	2023-09-23 18:57:00	2023-09-23 19:07:00	2023-09-23 19:14:00	C2.5		POINT(-26 -12)	-12	-26	-414.0	-311.0
248120	2023-09-23 19:29:00	2023-09-23 19:38:00	2023-09-23 19:46:00	C2.8		POINT(-20 -16)	-16	-20	-322.0	-375.0
248130	2023-09-23 20:14:00	2023-09-23 20:43:00	2023-09-23 21:00:00	M1.5		POINT(87 20)	20	87	911.0	333.0
248140	2023-09-23 23:00:00	2023-09-23 23:05:00	2023-09-23 23:09:00	C2.6		POINT(-22 -14)	-14	-22	-347.0	-231.0
248150	2023-09-24 01:07:00	2023-09-24 01:25:00	2023-09-24 01:42:00	C4.7		POINT(-22 -12)	-12	-22	-342.0	-308.0
248160	2023-09-24 02:59:00	2023-09-24 03:24:00	2023-09-24 04:16:00	M4.4		POINT(-22 -12)	-12	-22	-318.0	-344.0
248170	2023-09-24 06:03:00	2023-09-24 06:17:00	2023-09-24 06:40:00	C4.5		POINT(-14 -17)	-17	-14	-250.0	-416.0
248180	2023-09-24 08:00:00	2023-09-24 08:07:00	2023-09-24 08:11:00	C2.2		POINT(52 27)	27	52	675.0	377.0
248190	2023-09-24 09:08:00	2023-09-24 09:16:00	2023-09-24 09:30:00	C2.6		POINT(-18 -14)	-14	-18	-276.0	-336.0
248200	2023-09-24 09:36:00	2023-09-24 09:38:00	2023-09-24 09:43:00	C6.9		POINT(-14 -16)	-16	-14	-248.0	-353.0
248210	2023-09-24 10:03:00	2023-09-24 10:12:00	2023-09-24 10:16:00	C9.7		POINT(-16 -14)	-14	-16	-262.0	-341.0
248220	2023-09-24 10:20:00	2023-09-24 10:24:00	2023-09-24 10:28:00	C8.6		POINT(-16 -14)	-14	-16	-263.0	-341.0
248230	2023-09-24 11:45:00	2023-09-24 11:53:00	2023-09-24 11:57:00	C2.8		POINT(-13 -12)	-12	-13	-224.0	-324.0
248240	2023-09-24 11:57:00	2023-09-24 12:09:00	2023-09-24 12:14:00	C4.3		POINT(-13 -13)	-13	-13	-221.0	-332.0
248250	2023-09-24 14:51:00	2023-09-24 15:00:00	2023-09-24 15:05:00	M1.0		POINT(57 27)	27	57	716.0	382.0
248260	2023-09-24 16:12:00	2023-09-24 16:17:00	2023-09-24 16:23:00	C3.0		POINT(-12 -14)	-14	-12	-194.0	-346.0
248270	2023-09-24 17:10:00	2023-09-24 17:19:00	2023-09-24 17:24:00	C3.4		POINT(27 10)	10	27	436.0	72.0
248280	2023-09-24 17:24:00	2023-09-24 17:36:00	2023-09-24 17:40:00	C3.1		POINT(-9 -16)	-16	-9	-144.0	-378.0
248290	2023-09-24 19:57:00	2023-09-24 20:04:00	2023-09-24 20:08:00	C3.5		POINT(19 12)	12	19	315.0	92.0
248300	2023-09-24 20:10:00	2023-09-24 20:24:00	2023-09-24 20:33:00	C6.6		POINT(-7 -15)	-15	-7	-114.0	-366.0
248310	2023-09-24 20:53:00	2023-09-24 20:58:00	2023-09-24 21:04:00	C3.7		POINT(-7 -16)	-16	-7	-122.0	-381.0
248320	2023-09-24 22:14:00	2023-09-24 22:23:00	2023-09-24 22:25:00	C5.2		POINT(-7 -13)	-13	-7	-126.0	-330.0
248330	2023-09-24 22:25:00	2023-09-24 22:31:00	2023-09-24 22:35:00	C6.0		POINT(-7 -12)	-12	-7	-122.0	-312.0
248340	2023-09-25 03:46:00	2023-09-25 03:50:00	2023-09-25 03:54:00	C3.4		POINT(64 27)	27	64	765.0	393.0
248350	2023-09-25 07:15:00	2023-09-25 08:13:00	2023-09-25 08:24:00	C9.9		POINT(-1 -16)	-16	-1	-16.0	-263.0
248360	2023-09-25 14:30:00	2023-09-25 14:37:00	2023-09-25 14:41:00	C2.5		POINT(-88 13)	13	-88	-932.0	231.0
248370	2023-09-25 18:56:00	2023-09-25 19:01:00	2023-09-25 19:09:00	C4.3		POINT(4 -17)	-17	4	74.0	-393.0
248380	2023-09-25 20:49:00	2023-09-25 21:04:00	2023-09-25 21:25:00	C2.8		POINT(6 -15)	-15	6	111.0	-372.0
248390	2023-09-25 22:08:00	2023-09-25 22:23:00	2023-09-25 22:27:00	C3.0		POINT(6 -11)	-11	6	99.0	-303.0
248400	2023-09-25 22:27:00	2023-09-25 22:31:00	2023-09-25 22:35:00	C3.3		POINT(35 11)	11	35	539.0	100.0
248410	2023-09-25 23:58:00	2023-09-26 00:04:00	2023-09-26 00:09:00	C2.6		POINT(6 -12)	-12	6	104.0	-320.0
248420	2023-09-26 04:22:00	2023-09-26 04:28:00	2023-09-26 04:41:00	C5.7		POINT(11 -18)	-18	11	166.0	-387.0
248430	2023-09-26 09:37:00	2023-09-26 09:41:00	2023-09-26 09:45:00	C2.5		POINT(-87 -17)	-17	-87	-923.0	-294.0
248440	2023-09-26 13:55:00	2023-09-26 14:16:00	2023-09-26 14:20:00	C4.3		POINT(13 -17)	-17	13	205.0	-279.0
248450	2023-09-26 16:15:00	2023-09-26 16:18:00	2023-09-26 16:23:00	C4.3		POINT(16 -17)	-17	16	263.0	-387.0
248460	2023-09-26 16:23:00	2023-09-26 16:29:00	2023-09-26 16:35:00	C3.2		POINT(19 -18)	-18	19	302.0	-412.0
248470	2023-09-26 23:19:00	2023-09-26 23:30:00	2023-09-26 23:37:00	C2.2		POINT(53 10)	10	53	756.0	103.0
248480	2023-09-27 00:35:00	2023-09-27 00:41:00	2023-09-27 00:45:00	C1.6		POINT(-42 16)	16	-42	-625.0	188.0
248490	2023-09-27 04:49:00	2023-09-27 04:55:00	2023-09-27 05:00:00	C2.0		POINT(-40 16)	16	-40	-602.0	183.0
248500	2023-09-27 05:32:00	2023-09-27 05:46:00	2023-09-27 06:12:00	C4.6		POINT(-86 -21)	-21	-86	-898.0	-356.0
248510	2023-09-27 09:41:00	2023-09-27 09:47:00	2023-09-27 09:52:00	C2.6		POINT(-38 16)	16	-38	-570.0	179.0
248520	2023-09-27 10:04:00	2023-09-27 10:12:00	2023-09-27 10:21:00	C2.1		POINT(86 28)	28	86	845.0	471.0
248530	2023-09-27 15:13:00	2023-09-27 15:22:00	2023-09-27 15:34:00	C2.0		POINT(86 29)	29	86	842.0	477.0
248540	2023-09-27 18:29:00	2023-09-27 18:32:00	2023-09-27 18:38:00	C3.5		POINT(-34 14)	14	-34	-502.0	173.0
248550	2023-09-27 23:02:00	2023-09-27 23:10:00	2023-09-27 23:14:00	C1.4		POINT(-72 -19)	-19	-72	-862.0	-345.0
248560	2023-09-28 00:10:00	2023-09-28 00:19:00	2023-09-28 00:23:00	C5.3		POINT(-68 -19)	-19	-68	-858.0	-347.0
248570	2023-09-28 03:48:00	2023-09-28 03:53:00	2023-09-28 03:58:00	C1.5		POINT(-69 -19)	-19	-69	-848.0	-350.0
248580	2023-09-28 03:58:00	2023-09-28 04:03:00	2023-09-28 04:07:00	C3.0		POINT(-69 -19)	-19	-69	-848.0	-350.0
248590	2023-09-28 06:01:00	2023-09-28 06:11:00	2023-09-28 06:16:00	C3.4		POINT(-68 -19)	-19	-68	-841.0	-353.0
248600	2023-09-28 08:58:00	2023-09-28 09:07:00	2023-09-28 09:11:00	M1.2		POINT(-65 -18)	-18	-65	-829.0	-355.0
248610	2023-09-28 10:46:00	2023-09-28 10:51:00	2023-09-28 10:57:00	C1.9		POINT(-23 14)	14	-23	-348.0	139.0
248620	2023-09-28 12:22:00	2023-09-28 12:33:00	2023-09-28 12:40:00	C2.4		POINT(-64 -19)	-19	-64	-816.0	-360.0
248630	2023-09-28 13:56:00	2023-09-28 14:04:00	2023-09-28 14:09:00	C3.0		POINT(-72 -23)	-23	-72	-838.0	-374.0
248640	2023-09-28 17:07:00	2023-09-28 17:15:00	2023-09-28 17:20:00	C2.6		POINT(42 -10)	-10	42	631.0	-166.0
248650	2023-09-29 03:08:00	2023-09-29 03:17:00	2023-09-29 03:27:00	C1.7		POINT(49 -12)	-12	49	707.0	-199.0
248660	2023-09-29 11:37:00	2023-09-29 11:45:00	2023-09-29 12:05:00	C1.5		POINT(-88 16)	16	-88	-920.0	264.0
248670	2023-09-29 13:01:00	2023-09-29 13:16:00	2023-09-29 13:44:00	C1.9		POINT(-87 24)	24	-87	-873.0	389.0
248680	2023-09-29 17:14:00	2023-09-29 17:25:00	2023-09-29 17:32:00	C2.3		POINT(-82 15)	15	-82	-913.0	242.0
248690	2023-09-29 18:11:00	2023-09-29 18:24:00	2023-09-29 18:39:00	C7.5		POINT(-79 17)	17	-79	-917.0	309.0
248700	2023-09-29 19:50:00	2023-09-29 19:50:00	2023-09-29 19:58:00	C5.0		POINT(-79 15)	15	-79	-905.0	240.0
248710	2023-09-29 21:49:00	2023-09-29 21:58:00	2023-09-29 22:05:00	C1.8		POINT(-79 15)	15	-79	-905.0	238.0
248720	2023-09-29 22:17:00	2023-09-29 22:28:00	2023-09-29 22:38:00	C3.9		POINT(-6 14)	14	-6	-108.0	122.0
248730	2023-09-30 00:38:00	2023-09-30 00:48:00	2023-09-30 00:55:00	C2.4		POINT(63 -16)	-16	63	821.0	-319.0
248740	2023-09-30 00:55:00	2023-09-30 01:15:00	2023-09-30 01:28:00	C4.2		POINT(-76 15)	15	-76	-897.0	231.0
248750	2023-09-30 05:56:00	2023-09-30 06:00:00	2023-09-30 06:06:00	C8.0		POINT(65 -15)	-15	65	838.0	-306.0
248760	2023-09-30 06:51:00	2023-09-30 06:56:00	2023-09-30 07:02:00	C2.4		POINT(-71 14)	14	-71	-881.0	228.0
248770	2023-09-30 10:40:00	2023-09-30 10:46:00	2023-09-30 10:56:00	C2.6		POINT(-69 10)	10	-69	-873.0	153.0
248780	2023-09-30 11:51:00	2023-09-30 11:57:00	2023-09-30 12:06:00	C9.6		POINT(68 -18)	-18	68	857.0	-296.0
248790	2023-09-30 12:15:00	2023-09-30 12:27:00	2023-09-30 13:05:00	C4.9		POINT(-69 11)	11	-69	-875.0	156.0
248800	2023-09-30 14:05:00	2023-09-30 14:18:00	2023-09-30 14:32:00	C3.9		POINT(50 -23)	-23	50	677.0	-446.0
248810	2023-09-30 14:35:00	2023-09-30 14:44:00	2023-09-30 14:57:00	C5.1		POINT(-41 -20)	-20	-41	-594.0	-413.0
248820	2023-09-30 15:57:00	2023-09-30 16:07:00	2023-09-30 16:14:00	C6.3		POINT(-65 11)	11	-65	-852.0	182.0
248830	2023-09-30 16:16:00	2023-09-30 16:35:00	2023-09-30 16:49:00	M1.2		POINT(-66 11)	11	-66	-859.0	182.0
248840	2023-09-30 18:15:00	2023-09-30 18:25:00	2023-09-30 18:34:00	C4.7		POINT(-62 13)	13	-62	-824.0	215.0
248850	2023-09-30 20:26:00	2023-09-30 20:37:00	2023-09-30 20:56:00	C2.7		POINT(-63 14)	14	-63	-839.0	261.0
248860	2023-09-30 21:18:00	2023-09-30 21:38:00	2023-09-30 21:39:00	C6.2		POINT(-64 11)	11	-64	-845.0	147.0
248870	2023-09-30 21:39:00	2023-09-30 21:45:00	2023-09-30 21:52:00	C6.6		POINT(-35 -19)	-19	-35	-523.0	-410.0
248880	2023-09-30 23:41:00	2023-09-30 23:55:00	2023-10-01 00:12:00	C2.8		POINT(-61 10)	10	-61	-831.0	122.0
248890	2023-10-01 00:40:00	2023-10-01 00:45:00	2023-10-01 00:51:00	C3.1		POINT(-60 10)	10	-60	-818.0	124.0
248900	2023-10-01 01:02:00	2023-10-01 01:06:00	2023-10-01 01:10:00	C3.0		POINT(-32 -19)	-19	-32	-486.0	-404.0
248910	2023-10-01 01:10:00	2023-10-01 01:32:00	2023-10-01 01:43:00	M2.5		POINT(-61 10)	10	-61	-828.0	127.0
248920	2023-10-01 03:21:00	2023-10-01 03:24:00	2023-10-01 03:30:00	C9.3		POINT(76 -15)	-15	76	900.0	-276.0
248930	2023-10-01 05:10:00	2023-10-01 05:15:00	2023-10-01 05:21:00	C3.6		POINT(-30 -18)	-18	-30	-491.0	-425.0
248940	2023-10-01 09:08:00	2023-10-01 09:15:00	2023-10-01 09:25:00	C2.5		POINT(12 13)	13	12	194.0	215.0
248950	2023-10-01 09:39:00	2023-10-01 09:51:00	2023-10-01 10:01:00	C5.0		POINT(-56 15)	15	-56	-783.0	209.0
248960	2023-10-01 11:06:00	2023-10-01 11:14:00	2023-10-01 11:18:00	C3.6		POINT(-56 15)	15	-56	-751.0	198.0
248970	2023-10-01 14:10:00	2023-10-01 14:29:00	2023-10-01 14:41:00	C2.9		POINT(-87 24)	24	-87	-873.0	403.0
248980	2023-10-01 14:41:00	2023-10-01 14:48:00	2023-10-01 15:02:00	C3.4		POINT(-53 11)	11	-53	-753.0	116.0
248990	2023-10-01 19:11:00	2023-10-01 19:19:00	2023-10-01 19:25:00	C2.3		POINT(-20 -18)	-18	-20	-314.0	-405.0
249000	2023-10-01 20:08:00	2023-10-01 20:15:00	2023-10-01 20:21:00	C2.1		POINT(-23 -19)	-19	-23	-354.0	-416.0
249010	2023-10-01 21:07:00	2023-10-01 21:15:00	2023-10-01 21:36:00	C1.9		POINT(-20 -17)	-17	-20	-302.0	-406.0
249020	2023-10-01 22:30:00	2023-10-01 22:43:00	2023-10-01 22:53:00	C2.5		POINT(-21 -19)	-19	-21	-335.0	-416.0
249030	2023-10-01 23:00:00	2023-10-01 23:11:00	2023-10-01 23:22:00	C4.5		POINT(19 15)	15	19	305.0	150.0
249040	2023-10-02 01:16:00	2023-10-02 01:21:00	2023-10-02 01:35:00	C2.0		POINT(-49 16)	16	-49	-702.0	198.0
249050	2023-10-02 02:41:00	2023-10-02 02:41:00	2023-10-02 02:43:00	C2.7		POINT(-47 11)	11	-47	-688.0	182.0
249060	2023-10-02 04:08:00	2023-10-02 04:26:00	2023-10-02 04:42:00	C3.2		POINT(-18 -19)	-19	-18	-267.0	-404.0
249070	2023-10-02 05:06:00	2023-10-02 05:11:00	2023-10-02 05:19:00	C2.4		POINT(-46 16)	16	-46	-684.0	199.0
249080	2023-10-02 08:57:00	2023-10-02 08:58:00	2023-10-02 09:02:00	C2.9		POINT(-17 -22)	-22	-17	-259.0	-359.0
249090	2023-10-02 09:43:00	2023-10-02 09:48:00	2023-10-02 09:53:00	C1.9		POINT(24 15)	15	24	380.0	157.0
249100	2023-10-02 10:34:00	2023-10-02 10:43:00	2023-10-02 11:03:00	C1.7		POINT(-16 -20)	-20	-16	-235.0	-431.0
249110	2023-10-02 11:32:00	2023-10-02 11:55:00	2023-10-02 12:03:00	C3.0		POINT(-13 -18)	-18	-13	-210.0	-404.0
249120	2023-10-02 12:35:00	2023-10-02 12:46:00	2023-10-02 12:58:00	M1.9		POINT(-65 20)	20	-65	-854.0	266.0
249130	2023-10-02 15:53:00	2023-10-02 15:58:00	2023-10-02 16:02:00	C2.4		POINT(-2 -17)	-17	-2	-44.0	-390.0
249140	2023-10-02 16:29:00	2023-10-02 16:35:00	2023-10-02 16:40:00	C2.0		POINT(-4 9)	9	-4	-66.0	55.0
249150	2023-10-02 20:26:00	2023-10-02 20:41:00	2023-10-02 20:51:00	C1.7		POINT(-7 -18)	-18	-7	-123.0	-404.0
249160	2023-10-03 03:47:00	2023-10-03 03:54:00	2023-10-03 03:56:00	C1.3		POINT(-31 9)	9	-31	-496.0	65.0
249170	2023-10-03 04:24:00	2023-10-03 04:31:00	2023-10-03 04:39:00	C1.7		POINT(-52 -13)	-13	-52	-735.0	-293.0
249180	2023-10-03 08:21:00	2023-10-03 08:29:00	2023-10-03 08:38:00	C1.4		POINT(-2 -18)	-18	-2	-50.0	-428.0
249190	2023-10-03 09:31:00	2023-10-03 09:40:00	2023-10-03 09:47:00	C3.5		POINT(-2 -19)	-19	-2	-14.0	-414.0
249200	2023-10-03 10:56:00	2023-10-03 11:05:00	2023-10-03 11:11:00	C1.7		POINT(0 -19)	-19	0	0.0	-414.0
249210	2023-10-03 12:04:00	2023-10-03 12:13:00	2023-10-03 12:18:00	C1.9		POINT(1 -19)	-19	1	19.0	-423.0
249220	2023-10-03 15:40:00	2023-10-03 15:44:00	2023-10-03 15:49:00	C2.3		POINT(2 -19)	-19	2	47.0	-416.0
249230	2023-10-03 16:05:00	2023-10-03 16:15:00	2023-10-03 16:22:00	C2.0		POINT(-23 12)	12	-23	-386.0	75.0
249240	2023-10-03 16:35:00	2023-10-03 16:38:00	2023-10-03 16:42:00	C2.0		POINT(3 -18)	-18	3	51.0	-414.0
249250	2023-10-03 16:56:00	2023-10-03 17:03:00	2023-10-03 17:07:00	C3.5		POINT(3 -18)	-18	3	54.0	-413.0
249260	2023-10-03 17:36:00	2023-10-03 17:43:00	2023-10-03 17:47:00	C2.3		POINT(4 -18)	-18	4	62.0	-410.0
249270	2023-10-03 18:24:00	2023-10-03 18:30:00	2023-10-03 18:34:00	C1.5		POINT(4 -18)	-18	4	67.0	-413.0
249280	2023-10-03 18:57:00	2023-10-03 19:03:00	2023-10-03 19:07:00	C1.2		POINT(4 -18)	-18	4	69.0	-413.0
249290	2023-10-03 20:53:00	2023-10-03 20:57:00	2023-10-03 21:03:00	C1.6		POINT(-21 12)	12	-21	-336.0	199.0
249300	2023-10-04 01:14:00	2023-10-04 01:23:00	2023-10-04 01:32:00	C1.8		POINT(-18 9)	9	-18	-300.0	60.0
249310	2023-10-04 07:49:00	2023-10-04 07:56:00	2023-10-04 08:00:00	C2.5		POINT(10 -18)	-18	10	188.0	-410.0
249320	2023-10-04 08:40:00	2023-10-04 08:47:00	2023-10-04 08:55:00	C2.0		POINT(-14 11)	11	-14	-235.0	62.0
249330	2023-10-04 09:32:00	2023-10-04 09:41:00	2023-10-04 09:44:00	C1.8		POINT(20 10)	10	20	346.0	54.0
249340	2023-10-04 09:44:00	2023-10-04 09:52:00	2023-10-04 09:58:00	C3.0		POINT(20 10)	10	20	339.0	66.0
249350	2023-10-04 23:27:00	2023-10-04 23:34:00	2023-10-04 23:38:00	C1.7		POINT(21 -19)	-19	21	326.0	-413.0
249360	2023-10-05 06:51:00	2023-10-05 07:00:00	2023-10-05 07:05:00	C3.7		POINT(-4 15)	15	-4	-72.0	155.0
249370	2023-10-05 12:21:00	2023-10-05 12:31:00	2023-10-05 12:42:00	C1.3		POINT(2 9)	9	2	41.0	47.0
249380	2023-10-05 13:20:00	2023-10-05 13:28:00	2023-10-05 13:40:00	C1.3		POINT(-2 16)	16	-2	-43.0	170.0
249390	2023-10-05 15:23:00	2023-10-05 15:32:00	2023-10-05 15:39:00	C1.6		POINT(1 18)	18	1	48.0	159.0
249400	2023-10-05 16:16:00	2023-10-05 16:27:00	2023-10-05 16:57:00	C3.5		POINT(1 17)	17	1	-20.0	170.0
249410	2023-10-05 17:47:00	2023-10-05 17:54:00	2023-10-05 18:00:00	C1.5		POINT(5 17)	17	5	41.0	159.0
249420	2023-10-05 19:03:00	2023-10-05 19:13:00	2023-10-05 19:19:00	C4.7		POINT(2 18)	18	2	11.0	172.0
249430	2023-10-05 21:06:00	2023-10-05 21:15:00	2023-10-05 21:22:00	C4.0		POINT(-51 -8)	-8	-51	-759.0	-239.0
249440	2023-10-05 22:00:00	2023-10-05 22:07:00	2023-10-05 22:15:00	C2.1		POINT(5 17)	17	5	38.0	170.0
249450	2023-10-05 23:46:00	2023-10-05 23:55:00	2023-10-06 00:03:00	C2.4		POINT(4 18)	18	4	53.0	173.0
249460	2023-10-06 10:48:00	2023-10-06 11:03:00	2023-10-06 11:22:00	C3.4		POINT(-87 23)	23	-87	-887.0	392.0
249470	2023-10-06 15:36:00	2023-10-06 15:43:00	2023-10-06 15:48:00	C1.4		POINT(16 11)	11	16	245.0	76.0
249480	2023-10-06 17:06:00	2023-10-06 17:13:00	2023-10-06 17:17:00	C1.5		POINT(41 -20)	-20	41	596.0	-403.0
249490	2023-10-06 17:43:00	2023-10-06 17:53:00	2023-10-06 18:01:00	C4.0		POINT(-87 23)	23	-87	-889.0	388.0
249500	2023-10-06 18:08:00	2023-10-06 18:17:00	2023-10-06 18:22:00	C4.2		POINT(-87 22)	22	-87	-893.0	374.0
249510	2023-10-07 05:14:00	2023-10-07 05:21:00	2023-10-07 05:25:00	C1.7		POINT(-87 22)	22	-87	-887.0	373.0
249520	2023-10-07 07:58:00	2023-10-07 08:15:00	2023-10-07 08:33:00	C3.5		POINT(22 16)	16	22	347.0	170.0
249530	2023-10-07 13:45:00	2023-10-07 13:55:00	2023-10-07 14:05:00	C2.8		POINT(26 16)	16	26	456.0	167.0
249540	2023-10-07 14:37:00	2023-10-07 14:45:00	2023-10-07 14:58:00	C1.7		POINT(58 -19)	-19	58	756.0	-372.0
249550	2023-10-07 17:57:00	2023-10-07 18:06:00	2023-10-07 18:10:00	M1.7		POINT(-39 -10)	-10	-39	-608.0	-276.0
249560	2023-10-07 18:26:00	2023-10-07 18:30:00	2023-10-07 18:34:00	C3.3		POINT(31 10)	10	31	475.0	75.0
249570	2023-10-07 20:38:00	2023-10-07 20:47:00	2023-10-07 20:51:00	C1.7		POINT(31 14)	14	31	490.0	150.0
249580	2023-10-07 20:51:00	2023-10-07 20:57:00	2023-10-07 21:06:00	C1.8		POINT(33 14)	14	33	508.0	161.0
249590	2023-10-07 22:14:00	2023-10-07 22:28:00	2023-10-07 22:40:00	C1.6		POINT(-38 -12)	-12	-38	-579.0	-290.0
249600	2023-10-07 23:11:00	2023-10-07 23:20:00	2023-10-07 23:59:00	C5.2		POINT(36 10)	10	36	540.0	63.0
249610	2023-10-08 03:34:00	2023-10-08 03:40:00	2023-10-08 03:45:00	C6.6		POINT(-32 -10)	-10	-32	-508.0	-249.0
249620	2023-10-08 04:48:00	2023-10-08 04:53:00	2023-10-08 04:59:00	C2.5		POINT(64 -18)	-18	64	822.0	-352.0
249630	2023-10-08 08:51:00	2023-10-08 09:04:00	2023-10-08 09:06:00	C1.9		POINT(40 17)	17	40	537.0	186.0
249640	2023-10-08 09:06:00	2023-10-08 09:27:00	2023-10-08 09:37:00	C3.6		POINT(-32 -8)	-8	-32	-511.0	-235.0
249650	2023-10-08 12:32:00	2023-10-08 12:40:00	2023-10-08 12:44:00	C3.4		POINT(42 15)	15	42	582.0	203.0
249660	2023-10-08 14:01:00	2023-10-08 14:09:00	2023-10-08 14:13:00	C2.4		POINT(-26 -9)	-9	-26	-417.0	-247.0
249670	2023-10-08 15:17:00	2023-10-08 15:25:00	2023-10-08 15:33:00	C1.5		POINT(42 9)	9	42	634.0	150.0
249680	2023-10-09 03:06:00	2023-10-09 03:14:00	2023-10-09 03:32:00	C2.1		POINT(47 17)	17	47	672.0	221.0
249690	2023-10-09 04:08:00	2023-10-09 04:12:00	2023-10-09 04:17:00	C1.7		POINT(81 15)	15	81	913.0	245.0
249700	2023-10-09 04:21:00	2023-10-09 04:28:00	2023-10-09 04:39:00	C1.8		POINT(49 18)	18	49	710.0	186.0
249710	2023-10-09 04:39:00	2023-10-09 04:49:00	2023-10-09 05:02:00	C1.5		POINT(-86 31)	31	-86	-828.0	505.0
249720	2023-10-09 05:22:00	2023-10-09 05:31:00	2023-10-09 05:40:00	C4.4		POINT(49 18)	18	49	712.0	166.0
249730	2023-10-09 06:56:00	2023-10-09 07:07:00	2023-10-09 07:11:00	C1.8		POINT(-19 -10)	-10	-19	-309.0	-271.0
249740	2023-10-09 07:11:00	2023-10-09 07:17:00	2023-10-09 07:34:00	C2.3		POINT(-85 -18)	-18	-85	-907.0	-311.0
249750	2023-10-09 07:56:00	2023-10-09 08:12:00	2023-10-09 08:15:00	C2.7		POINT(51 16)	16	51	746.0	170.0
249760	2023-10-09 08:15:00	2023-10-09 08:26:00	2023-10-09 08:34:00	C3.6		POINT(54 13)	13	54	757.0	170.0
249770	2023-10-09 08:34:00	2023-10-09 08:38:00	2023-10-09 08:43:00	C6.4		POINT(50 17)	17	50	706.0	224.0
249780	2023-10-09 11:28:00	2023-10-09 11:43:00	2023-10-09 11:57:00	C7.6		POINT(51 14)	14	51	749.0	170.0
249790	2023-10-09 14:29:00	2023-10-09 14:38:00	2023-10-09 14:54:00	C2.0		POINT(-17 -10)	-10	-17	-269.0	-280.0
249800	2023-10-09 15:57:00	2023-10-09 16:05:00	2023-10-09 16:13:00	C1.7		POINT(-16 -10)	-10	-16	-259.0	-280.0
249810	2023-10-09 18:52:00	2023-10-09 19:11:00	2023-10-09 19:28:00	C9.2		POINT(59 15)	15	59	811.0	177.0
249820	2023-10-09 21:31:00	2023-10-09 21:49:00	2023-10-09 22:11:00	C2.8		POINT(61 14)	14	61	830.0	180.0
249830	2023-10-09 22:47:00	2023-10-09 22:49:00	2023-10-09 23:25:00	C3.6		POINT(-14 -9)	-9	-14	-231.0	-264.0
249840	2023-10-10 01:36:00	2023-10-10 01:42:00	2023-10-10 01:45:00	C4.1		POINT(-12 -9)	-9	-12	-206.0	-265.0
249850	2023-10-10 01:45:00	2023-10-10 01:51:00	2023-10-10 01:55:00	C4.6		POINT(63 13)	13	63	839.0	173.0
249860	2023-10-10 01:55:00	2023-10-10 02:09:00	2023-10-10 02:22:00	M1.6		POINT(63 12)	12	63	842.0	167.0
249870	2023-10-10 06:32:00	2023-10-10 06:39:00	2023-10-10 06:47:00	C2.0		POINT(64 16)	16	64	836.0	227.0
249880	2023-10-10 10:32:00	2023-10-10 10:45:00	2023-10-10 10:51:00	C2.7		POINT(70 16)	16	70	870.0	232.0
249890	2023-10-10 11:48:00	2023-10-10 12:00:00	2023-10-10 12:08:00	C6.0		POINT(66 13)	13	66	863.0	185.0
249900	2023-10-10 12:08:00	2023-10-10 12:17:00	2023-10-10 12:29:00	M2.3		POINT(69 9)	9	69	870.0	180.0
249910	2023-10-10 13:44:00	2023-10-10 13:54:00	2023-10-10 14:02:00	C3.4		POINT(-73 2)	2	-73	-920.0	17.0
249920	2023-10-10 15:43:00	2023-10-10 15:54:00	2023-10-10 16:01:00	C2.9		POINT(-71 5)	5	-71	-909.0	23.0
249930	2023-10-10 16:43:00	2023-10-10 16:53:00	2023-10-10 17:00:00	C2.4		POINT(-71 4)	4	-71	-909.0	9.0
249940	2023-10-11 00:49:00	2023-10-11 01:01:00	2023-10-11 01:06:00	C2.8		POINT(-65 3)	3	-65	-872.0	18.0
249950	2023-10-11 01:06:00	2023-10-11 01:12:00	2023-10-11 01:16:00	C2.8		POINT(3 -8)	-8	3	64.0	-242.0
249960	2023-10-11 09:29:00	2023-10-11 09:37:00	2023-10-11 09:47:00	C7.2		POINT(78 17)	17	78	894.0	267.0
249970	2023-10-11 12:20:00	2023-10-11 12:27:00	2023-10-11 12:31:00	C1.9		POINT(-58 3)	3	-58	-830.0	-11.0
249980	2023-10-11 14:19:00	2023-10-11 14:40:00	2023-10-11 14:50:00	C4.9		POINT(85 13)	13	85	934.0	202.0
249990	2023-10-11 16:16:00	2023-10-11 16:26:00	2023-10-11 16:51:00	C1.9		POINT(75 -11)	-11	75	912.0	-225.0
250000	2023-10-11 19:41:00	2023-10-11 19:50:00	2023-10-11 20:13:00	C3.4		POINT(88 17)	17	88	918.0	281.0
250010	2023-10-11 22:03:00	2023-10-11 22:12:00	2023-10-11 22:16:00	C6.6		POINT(88 16)	16	88	922.0	275.0
250020	2023-10-12 03:07:00	2023-10-12 03:47:00	2023-10-12 06:40:00	C9.7		POINT(88 17)	17	88	921.0	290.0
250030	2023-10-12 04:50:00	2023-10-12 04:58:00	2023-10-12 05:05:00	M1.1		POINT(88 17)	17	88	919.0	291.0
250040	2023-10-12 06:40:00	2023-10-12 06:47:00	2023-10-12 06:53:00	C2.2		POINT(88 17)	17	88	924.0	284.0
250050	2023-10-12 17:46:00	2023-10-12 17:52:00	2023-10-12 17:59:00	C2.3		POINT(-38 8)	8	-38	-604.0	18.0
250060	2023-10-13 05:52:00	2023-10-13 06:03:00	2023-10-13 06:15:00	C1.5		POINT(30 -9)	-9	30	485.0	-251.0
250070	2023-10-13 09:02:00	2023-10-13 09:09:00	2023-10-13 09:18:00	C1.2		POINT(-49 8)	8	-49	-735.0	80.0
250080	2023-10-13 15:47:00	2023-10-13 15:55:00	2023-10-13 16:00:00	C1.7		POINT(-88 13)	13	-88	-945.0	222.0
250090	2023-10-13 16:00:00	2023-10-13 16:09:00	2023-10-13 16:13:00	C1.7		POINT(-89 10)	10	-89	-953.0	174.0
250100	2023-10-13 19:25:00	2023-10-13 19:34:00	2023-10-13 19:42:00	C1.4		POINT(-45 9)	9	-45	-674.0	69.0
250110	2023-10-14 05:03:00	2023-10-14 05:15:00	2023-10-14 05:27:00	C9.8		POINT(44 -11)	-11	44	660.0	-246.0
250120	2023-10-14 16:04:00	2023-10-14 16:32:00	2023-10-14 16:37:00	C3.5		POINT(-81 13)	13	-81	-926.0	203.0
250130	2023-10-15 02:31:00	2023-10-15 02:49:00	2023-10-15 03:14:00	C2.4		POINT(-71 10)	10	-71	-894.0	148.0
250140	2023-10-15 06:11:00	2023-10-15 06:19:00	2023-10-15 06:25:00	B9.6		POINT(9 -18)	-18	9	114.0	-395.0
250150	2023-10-15 16:22:00	2023-10-15 16:33:00	2023-10-15 16:48:00	C3.9		POINT(2 9)	9	2	18.0	-7.0
250160	2023-10-15 19:35:00	2023-10-15 19:49:00	2023-10-15 20:07:00	C1.8		POINT(-87 26)	26	-87	-869.0	439.0
250170	2023-10-16 02:47:00	2023-10-16 02:55:00	2023-10-16 03:01:00	B9.1		POINT(68 -11)	-11	68	875.0	-183.0
250180	2023-10-16 03:45:00	2023-10-16 03:53:00	2023-10-16 04:01:00	C1.8		POINT(6 3)	3	6	115.0	-41.0
250190	2023-10-16 07:23:00	2023-10-16 07:28:00	2023-10-16 07:32:00	C1.1		POINT(-87 26)	26	-87	-869.0	436.0
250200	2023-10-16 07:32:00	2023-10-16 07:39:00	2023-10-16 07:43:00	C1.1		POINT(-87 24)	24	-87	-884.0	404.0
250210	2023-10-16 10:32:00	2023-10-16 10:51:00	2023-10-16 11:07:00	C7.5		POINT(-52 11)	11	-52	-752.0	138.0
250220	2023-10-16 11:07:00	2023-10-16 11:15:00	2023-10-16 11:22:00	C4.9		POINT(-53 11)	11	-53	-758.0	132.0
250230	2023-10-16 15:59:00	2023-10-16 16:06:00	2023-10-16 16:11:00	C9.8		POINT(-87 24)	24	-87	-878.0	401.0
250240	2023-10-16 20:06:00	2023-10-16 20:21:00	2023-10-16 20:32:00	C1.8		POINT(68 -15)	-15	68	864.0	-270.0
250250	2023-10-17 02:03:00	2023-10-17 02:10:00	2023-10-17 02:15:00	C1.6		POINT(-6 10)	10	-6	-74.0	89.0
250260	2023-10-17 04:41:00	2023-10-17 05:05:00	2023-10-17 05:47:00	C2.2		POINT(32 -20)	-20	32	482.0	-411.0
250270	2023-10-18 09:54:00	2023-10-18 10:00:00	2023-10-18 10:08:00	B7.3		POINT(88 -13)	-13	88	945.0	-225.0
250280	2023-10-19 01:27:00	2023-10-19 01:33:00	2023-10-19 01:37:00	B9.5		POINT(87 23)	23	87	888.0	378.0
250290	2023-10-19 01:45:00	2023-10-19 01:52:00	2023-10-19 01:59:00	C1.5		POINT(71 -8)	-8	71	905.0	-172.0
250300	2023-10-19 08:24:00	2023-10-19 08:28:00	2023-10-19 08:32:00	B7.8		POINT(89 10)	10	89	952.0	169.0
250310	2023-10-19 08:39:00	2023-10-19 08:46:00	2023-10-19 08:55:00	C1.2		POINT(87 23)	23	87	888.0	387.0
250320	2023-10-19 09:44:00	2023-10-19 09:52:00	2023-10-19 09:55:00	C1.4		POINT(63 -19)	-19	63	814.0	-354.0
250330	2023-10-19 09:55:00	2023-10-19 10:00:00	2023-10-19 10:05:00	C1.7		POINT(87 23)	23	87	882.0	390.0
250340	2023-10-19 12:02:00	2023-10-19 12:11:00	2023-10-19 12:16:00	C1.4		POINT(64 -19)	-19	64	821.0	-352.0
250350	2023-10-19 13:38:00	2023-10-19 13:45:00	2023-10-19 13:52:00	B7.3		POINT(81 -8)	-8	81	942.0	-156.0
250360	2023-10-19 13:52:00	2023-10-19 14:00:00	2023-10-19 14:12:00	C2.7		POINT(87 24)	24	87	884.0	400.0
250370	2023-10-19 17:52:00	2023-10-19 18:03:00	2023-10-19 18:09:00	C1.1		POINT(30 13)	13	30	467.0	136.0
250380	2023-10-19 20:47:00	2023-10-19 21:06:00	2023-10-19 21:30:00	C1.4		POINT(87 26)	26	87	881.0	438.0
250390	2023-10-20 02:11:00	2023-10-20 02:39:00	2023-10-20 03:22:00	C1.4		POINT(87 26)	26	87	878.0	434.0
250400	2023-10-20 04:20:00	2023-10-20 05:00:00	2023-10-20 05:24:00	C2.2		POINT(87 25)	25	87	887.0	419.0
250410	2023-10-20 09:31:00	2023-10-20 09:53:00	2023-10-20 10:26:00	C1.3		POINT(87 25)	25	87	881.0	422.0
250420	2023-10-20 11:00:00	2023-10-20 11:14:00	2023-10-20 11:37:00	C1.7		POINT(87 24)	24	87	881.0	410.0
250430	2023-10-20 22:24:00	2023-10-20 22:31:00	2023-10-20 22:40:00	B8.3		POINT(89 -6)	-6	89	966.0	-114.0
250440	2023-10-20 23:03:00	2023-10-20 23:09:00	2023-10-20 23:15:00	B6.2		POINT(15 13)	13	15	247.0	136.0
250450	2023-10-20 23:15:00	2023-10-20 23:30:00	2023-10-20 23:39:00	C2.3		POINT(15 12)	12	15	251.0	126.0
250460	2023-10-21 00:00:00	2023-10-21 00:30:00	2023-10-21 00:59:00	C2.8		POINT(14 12)	12	14	232.0	123.0
250470	2023-10-21 12:02:00	2023-10-21 12:10:00	2023-10-21 12:17:00	C1.5		POINT(89 0)	0	89	963.0	6.0
250480	2023-10-21 18:07:00	2023-10-21 18:17:00	2023-10-21 18:25:00	B7.0		POINT(89 0)	0	89	972.0	2.0
250490	2023-10-22 04:52:00	2023-10-22 05:07:00	2023-10-22 05:18:00	B9.2		POINT(89 0)	0	89	969.0	6.0
250500	2023-10-23 06:58:00	2023-10-23 07:09:00	2023-10-23 07:22:00	C1.4		POINT(12 -10)	-10	12	194.0	-249.0
250510	2023-10-23 19:47:00	2023-10-23 19:58:00	2023-10-23 20:05:00	C2.3		POINT(17 -14)	-14	17	275.0	-323.0
250520	2023-10-24 12:17:00	2023-10-24 12:26:00	2023-10-24 12:33:00	B8.6		POINT(-89 11)	11	-89	-956.0	203.0
250530	2023-10-24 14:42:00	2023-10-24 14:50:00	2023-10-24 15:22:00	C1.5		POINT(87 26)	26	87	864.0	441.0
250540	2023-10-24 19:54:00	2023-10-24 20:18:00	2023-10-24 21:18:00	C1.3		POINT(-88 -13)	-13	-88	-954.0	-232.0
250550	2023-10-24 23:39:00	2023-10-24 23:46:00	2023-10-24 23:49:00	C1.4		POINT(-58 16)	16	-58	-790.0	225.0
250560	2023-10-25 00:38:00	2023-10-25 00:45:00	2023-10-25 00:50:00	C2.6		POINT(-89 10)	10	-89	-959.0	181.0
250570	2023-10-25 01:20:00	2023-10-25 01:28:00	2023-10-25 01:43:00	C1.3		POINT(87 27)	27	87	864.0	450.0
250580	2023-10-25 06:25:00	2023-10-25 06:40:00	2023-10-25 06:47:00	C1.8		POINT(-89 13)	13	-89	-949.0	231.0
250590	2023-10-25 10:14:00	2023-10-25 10:23:00	2023-10-25 10:32:00	C1.0		POINT(-88 14)	14	-88	-950.0	240.0
250600	2023-10-25 12:39:00	2023-10-25 12:46:00	2023-10-25 12:52:00	C1.5		POINT(-86 11)	11	-86	-944.0	178.0
250610	2023-10-25 12:55:00	2023-10-25 13:06:00	2023-10-25 13:17:00	C1.7		POINT(-81 -15)	-15	-81	-919.0	-271.0
250620	2023-10-25 16:10:00	2023-10-25 16:22:00	2023-10-25 16:25:00	C1.6		POINT(-84 -44)	-44	-84	-690.0	-670.0
250630	2023-10-25 16:17:00	2023-10-25 16:20:00	2023-10-25 16:30:00	C1.6		POINT(-49 17)	17	-49	-696.0	282.0
250640	2023-10-25 21:57:00	2023-10-25 22:15:00	2023-10-25 22:33:00	C1.7		POINT(87 28)	28	87	853.0	465.0
250650	2023-10-25 22:35:00	2023-10-25 22:44:00	2023-10-25 22:49:00	C3.0		POINT(29 -18)	-18	29	453.0	-375.0
250660	2023-10-26 01:37:00	2023-10-26 01:49:00	2023-10-26 01:58:00	C1.0		POINT(19 -23)	-23	19	299.0	-456.0
250670	2023-10-26 04:33:00	2023-10-26 04:44:00	2023-10-26 04:53:00	C1.7		POINT(-43 17)	17	-43	-641.0	230.0
250680	2023-10-26 06:09:00	2023-10-26 06:17:00	2023-10-26 06:22:00	B9.5		POINT(-88 15)	15	-88	-935.0	266.0
250690	2023-10-26 12:13:00	2023-10-26 12:23:00	2023-10-26 12:37:00	C1.7		POINT(-77 9)	9	-77	-931.0	137.0
250700	2023-10-26 13:17:00	2023-10-26 13:26:00	2023-10-26 13:31:00	C4.2		POINT(38 -20)	-20	38	562.0	-380.0
250710	2023-10-26 16:24:00	2023-10-26 16:39:00	2023-10-26 17:06:00	C2.4		POINT(27 -22)	-22	27	411.0	-451.0
250720	2023-10-26 18:31:00	2023-10-26 18:40:00	2023-10-26 18:47:00	C1.6		POINT(29 -23)	-23	29	434.0	-456.0
250730	2023-10-26 19:18:00	2023-10-26 19:28:00	2023-10-26 19:37:00	C1.2		POINT(-81 9)	9	-81	-941.0	146.0
250740	2023-10-26 19:49:00	2023-10-26 19:58:00	2023-10-26 20:05:00	C1.4		POINT(-75 10)	10	-75	-920.0	159.0
250750	2023-10-26 21:53:00	2023-10-26 22:03:00	2023-10-26 22:21:00	C1.5		POINT(-30 17)	17	-30	-486.0	197.0
250760	2023-10-26 22:47:00	2023-10-26 23:24:00	2023-10-27 00:20:00	M1.4		POINT(-88 20)	20	-88	-911.0	332.0
250770	2023-10-27 08:39:00	2023-10-27 08:54:00	2023-10-27 09:07:00	C2.1		POINT(-66 10)	10	-66	-872.0	147.0
250780	2023-10-28 05:25:00	2023-10-28 05:35:00	2023-10-28 05:53:00	B9.7		POINT(-57 13)	13	-57	-780.0	237.0
250790	2023-10-28 05:53:00	2023-10-28 05:59:00	2023-10-28 06:05:00	C1.2		POINT(-57 13)	13	-57	-746.0	125.0
250800	2023-10-28 06:09:00	2023-10-28 06:23:00	2023-10-28 06:39:00	C1.6		POINT(-52 8)	8	-52	-762.0	100.0
250810	2023-10-28 10:07:00	2023-10-28 10:15:00	2023-10-28 10:25:00	B8.1		POINT(-14 18)	18	-14	-227.0	225.0
250820	2023-10-28 13:50:00	2023-10-28 13:57:00	2023-10-28 14:04:00	C1.0		POINT(54 -24)	-24	54	714.0	-438.0
250830	2023-10-29 02:43:00	2023-10-29 02:50:00	2023-10-29 02:57:00	B9.4		POINT(-25 -18)	-18	-25	-393.0	-375.0
250840	2023-10-29 07:34:00	2023-10-29 07:46:00	2023-10-29 07:55:00	C4.3		POINT(-22 -18)	-18	-22	-348.0	-376.0
250850	2023-10-29 08:50:00	2023-10-29 08:55:00	2023-10-29 08:57:00	C1.8		POINT(-23 -18)	-18	-23	-369.0	-368.0
250860	2023-10-29 08:57:00	2023-10-29 09:02:00	2023-10-29 09:06:00	C2.4		POINT(-23 -16)	-16	-23	-374.0	-351.0
250870	2023-10-29 09:47:00	2023-10-29 09:49:00	2023-10-29 09:53:00	C2.5		POINT(-23 -17)	-17	-23	-368.0	-351.0
250880	2023-10-29 11:30:00	2023-10-29 11:43:00	2023-10-29 11:52:00	C6.6		POINT(-20 -18)	-18	-20	-313.0	-375.0
250890	2023-10-29 13:00:00	2023-10-29 13:09:00	2023-10-29 13:13:00	C7.8		POINT(-22 -19)	-19	-22	-329.0	-377.0
250900	2023-10-29 13:50:00	2023-10-29 13:58:00	2023-10-29 14:07:00	C2.0		POINT(-18 -17)	-17	-18	-295.0	-371.0
250910	2023-10-29 17:54:00	2023-10-29 18:04:00	2023-10-29 18:11:00	B9.4		POINT(-18 -18)	-18	-18	-293.0	-383.0
250920	2023-10-29 19:04:00	2023-10-29 19:25:00	2023-10-29 19:45:00	C2.6		POINT(-16 -17)	-17	-16	-253.0	-383.0
250930	2023-10-30 03:45:00	2023-10-30 03:49:00	2023-10-30 03:53:00	C1.4		POINT(-13 -16)	-16	-13	-218.0	-345.0
250940	2023-10-30 23:06:00	2023-10-30 23:15:00	2023-10-30 23:19:00	C1.9		POINT(-3 -17)	-17	-3	-48.0	-381.0
250950	2023-10-31 00:10:00	2023-10-31 00:23:00	2023-10-31 00:31:00	C5.7		POINT(-23 15)	15	-23	-371.0	197.0
250960	2023-10-31 01:04:00	2023-10-31 01:13:00	2023-10-31 01:19:00	C1.8		POINT(1 -19)	-19	1	23.0	-390.0
250970	2023-10-31 02:22:00	2023-10-31 02:29:00	2023-10-31 02:33:00	C2.2		POINT(-1 -18)	-18	-1	-18.0	-381.0
250980	2023-10-31 07:36:00	2023-10-31 07:50:00	2023-10-31 08:00:00	C2.0		POINT(-19 16)	16	-19	-309.0	206.0
250990	2023-10-31 15:02:00	2023-10-31 15:06:00	2023-10-31 15:10:00	C1.3		POINT(-88 -15)	-15	-88	-941.0	-254.0
251000	2023-10-31 20:16:00	2023-10-31 20:24:00	2023-10-31 20:29:00	C3.9		POINT(-82 -14)	-14	-82	-927.0	-251.0
251010	2023-10-31 21:49:00	2023-10-31 21:58:00	2023-10-31 22:02:00	C5.0		POINT(10 -18)	-18	10	155.0	-380.0
251020	2023-11-01 00:20:00	2023-11-01 00:41:00	2023-11-01 01:08:00	C6.9		POINT(-88 -11)	-11	-88	-962.0	-192.0
251030	2023-11-01 06:07:00	2023-11-01 06:26:00	2023-11-01 06:49:00	M1.1		POINT(-88 -11)	-11	-88	-962.0	-203.0
251040	2023-11-01 08:46:00	2023-11-01 09:08:00	2023-11-01 09:16:00	C3.0		POINT(-88 -10)	-10	-88	-972.0	-186.0
251050	2023-11-01 09:16:00	2023-11-01 09:29:00	2023-11-01 09:33:00	C3.1		POINT(-88 -9)	-9	-88	-969.0	-170.0
251060	2023-11-01 11:37:00	2023-11-01 12:26:00	2023-11-01 13:00:00	M1.4		POINT(-88 -9)	-9	-88	-962.0	-160.0
251070	2023-11-01 20:00:00	2023-11-01 20:08:00	2023-11-01 20:21:00	C2.7		POINT(37 18)	18	37	548.0	260.0
251080	2023-11-01 21:50:00	2023-11-01 22:00:00	2023-11-01 22:07:00	C2.6		POINT(39 19)	19	39	577.0	269.0
251090	2023-11-02 01:47:00	2023-11-02 01:58:00	2023-11-02 02:02:00	C3.9		POINT(32 -15)	-15	32	422.0	-392.0
251100	2023-11-02 05:15:00	2023-11-02 05:22:00	2023-11-02 05:29:00	C4.9		POINT(-89 -9)	-9	-89	-967.0	-158.0
251110	2023-11-02 06:12:00	2023-11-02 06:25:00	2023-11-02 06:39:00	C6.4		POINT(-89 -8)	-8	-89	-972.0	-154.0
251120	2023-11-02 11:11:00	2023-11-02 11:19:00	2023-11-02 11:28:00	C3.9		POINT(-89 -8)	-8	-89	-968.0	-143.0
251130	2023-11-02 12:05:00	2023-11-02 12:11:00	2023-11-02 12:15:00	C2.2		POINT(31 -19)	-19	31	461.0	-364.0
251140	2023-11-02 12:18:00	2023-11-02 12:22:00	2023-11-02 12:26:00	M1.6		POINT(31 -19)	-19	31	461.0	-360.0
251150	2023-11-02 19:08:00	2023-11-02 19:21:00	2023-11-02 19:28:00	M1.0		POINT(-88 -9)	-9	-88	-965.0	-168.0
251160	2023-11-02 20:10:00	2023-11-02 20:18:00	2023-11-02 20:22:00	C2.7		POINT(34 -19)	-19	34	521.0	-362.0
251170	2023-11-02 22:38:00	2023-11-02 22:50:00	2023-11-02 22:59:00	C4.2		POINT(17 16)	16	17	284.0	191.0
251180	2023-11-03 01:18:00	2023-11-03 01:32:00	2023-11-03 02:02:00	C4.5		POINT(-86 -11)	-11	-86	-945.0	-196.0
251190	2023-11-03 05:27:00	2023-11-03 06:16:00	2023-11-03 07:18:00	C3.3		POINT(32 29)	29	32	450.0	425.0
251200	2023-11-03 22:28:00	2023-11-03 22:38:00	2023-11-03 23:05:00	C3.4		POINT(-75 -9)	-9	-75	-924.0	-176.0
251210	2023-11-04 03:54:00	2023-11-04 04:07:00	2023-11-04 04:25:00	C2.4		POINT(36 15)	15	36	539.0	201.0
251220	2023-11-04 08:07:00	2023-11-04 08:20:00	2023-11-04 08:35:00	C2.1		POINT(71 21)	21	71	851.0	339.0
251230	2023-11-04 09:44:00	2023-11-04 09:52:00	2023-11-04 09:57:00	C1.7		POINT(70 22)	22	70	846.0	344.0
251240	2023-11-05 10:45:00	2023-11-05 10:53:00	2023-11-05 10:58:00	C1.6		POINT(-53 -9)	-9	-53	-768.0	-197.0
251250	2023-11-05 11:34:00	2023-11-05 11:43:00	2023-11-05 11:47:00	M1.8		POINT(-53 -9)	-9	-53	-762.0	-199.0
251260	2023-11-05 13:21:00	2023-11-05 13:28:00	2023-11-05 13:32:00	C2.1		POINT(88 20)	20	88	908.0	331.0
251270	2023-11-05 14:24:00	2023-11-05 14:32:00	2023-11-05 14:36:00	M1.6		POINT(-51 -9)	-9	-51	-747.0	-197.0
251280	2023-11-05 17:33:00	2023-11-05 17:41:00	2023-11-05 17:46:00	C4.4		POINT(-49 -9)	-9	-49	-729.0	-197.0
251290	2023-11-05 20:03:00	2023-11-05 20:10:00	2023-11-05 20:15:00	C2.5		POINT(-47 -9)	-9	-47	-711.0	-199.0
251300	2023-11-05 21:07:00	2023-11-05 21:17:00	2023-11-05 21:20:00	C1.9		POINT(88 21)	21	88	908.0	363.0
251310	2023-11-05 21:20:00	2023-11-05 21:34:00	2023-11-05 21:38:00	C9.3		POINT(-47 -8)	-8	-47	-704.0	-198.0
251320	2023-11-06 00:21:00	2023-11-06 00:28:00	2023-11-06 00:39:00	C2.5		POINT(88 21)	21	88	908.0	353.0
251330	2023-11-06 01:03:00	2023-11-06 01:12:00	2023-11-06 01:20:00	C4.7		POINT(88 21)	21	88	913.0	351.0
251340	2023-11-06 02:09:00	2023-11-06 02:17:00	2023-11-06 02:41:00	C1.7		POINT(80 -15)	-15	80	921.0	-262.0
251350	2023-11-06 02:53:00	2023-11-06 03:00:00	2023-11-06 03:08:00	C2.1		POINT(88 -16)	-16	88	931.0	-278.0
251360	2023-11-06 03:22:00	2023-11-06 03:30:00	2023-11-06 03:38:00	C9.3		POINT(88 22)	22	88	904.0	368.0
251370	2023-11-06 05:08:00	2023-11-06 05:12:00	2023-11-06 05:17:00	C1.5		POINT(-42 -9)	-9	-42	-652.0	-202.0
251380	2023-11-06 05:47:00	2023-11-06 06:02:00	2023-11-06 06:09:00	C3.5		POINT(88 22)	22	88	904.0	372.0
251390	2023-11-06 07:04:00	2023-11-06 07:14:00	2023-11-06 07:23:00	C1.5		POINT(88 21)	21	88	901.0	363.0
251400	2023-11-06 07:23:00	2023-11-06 07:30:00	2023-11-06 07:38:00	C2.6		POINT(88 22)	22	88	902.0	380.0
251410	2023-11-06 07:46:00	2023-11-06 07:51:00	2023-11-06 07:56:00	C2.9		POINT(-41 -8)	-8	-41	-632.0	-198.0
251420	2023-11-06 13:47:00	2023-11-06 14:02:00	2023-11-06 14:08:00	C3.6		POINT(81 -16)	-16	81	935.0	-253.0
251430	2023-11-07 05:38:00	2023-11-07 05:52:00	2023-11-07 06:13:00	C1.9		POINT(-29 -6)	-6	-29	-472.0	-170.0
251440	2023-11-07 13:01:00	2023-11-07 13:12:00	2023-11-07 13:15:00	C1.1		POINT(-10 9)	9	-10	-175.0	98.0
251450	2023-11-07 15:45:00	2023-11-07 15:54:00	2023-11-07 16:35:00	C1.6		POINT(51 21)	21	51	711.0	307.0
251460	2023-11-07 16:08:00	2023-11-07 16:13:00	2023-11-07 16:17:00	C2.0		POINT(51 20)	20	51	710.0	303.0
251470	2023-11-07 22:55:00	2023-11-07 23:01:00	2023-11-07 23:10:00	C2.9		POINT(-3 9)	9	-3	-99.0	93.0
251480	2023-11-07 23:49:00	2023-11-07 23:56:00	2023-11-08 00:01:00	C1.7		POINT(-5 9)	9	-5	-96.0	93.0
251490	2023-11-08 00:50:00	2023-11-08 01:00:00	2023-11-08 01:06:00	C2.3		POINT(-4 9)	9	-4	-80.0	92.0
251500	2023-11-08 03:00:00	2023-11-08 03:09:00	2023-11-08 03:15:00	C4.7		POINT(-3 9)	9	-3	-56.0	81.0
251510	2023-11-08 04:58:00	2023-11-08 05:08:00	2023-11-08 05:18:00	C1.9		POINT(-3 8)	8	-3	-40.0	89.0
251520	2023-11-08 06:09:00	2023-11-08 06:17:00	2023-11-08 06:28:00	C1.5		POINT(-3 9)	9	-3	-51.0	104.0
251530	2023-11-08 08:39:00	2023-11-08 08:48:00	2023-11-08 08:56:00	C6.8		POINT(0 8)	8	0	0.0	85.0
251540	2023-11-08 14:39:00	2023-11-08 14:47:00	2023-11-08 14:52:00	C1.2		POINT(3 8)	8	3	58.0	74.0
251550	2023-11-08 20:05:00	2023-11-08 20:13:00	2023-11-08 20:19:00	C4.2		POINT(8 9)	9	8	113.0	90.0
251560	2023-11-08 20:19:00	2023-11-08 20:29:00	2023-11-08 20:35:00	C3.4		POINT(6 6)	6	6	101.0	55.0
251570	2023-11-09 10:41:00	2023-11-09 10:50:00	2023-11-09 10:53:00	C1.2		POINT(15 24)	24	15	233.0	352.0
251580	2023-11-09 10:53:00	2023-11-09 11:18:00	2023-11-09 12:01:00	C2.6		POINT(4 -10)	-10	4	76.0	-239.0
251590	2023-11-10 12:02:00	2023-11-10 12:14:00	2023-11-10 12:31:00	C3.2		POINT(41 -17)	-17	41	616.0	-327.0
251600	2023-11-10 15:55:00	2023-11-10 16:04:00	2023-11-10 16:08:00	C3.4		POINT(47 -16)	-16	47	692.0	-305.0
251610	2023-11-11 00:20:00	2023-11-11 00:24:00	2023-11-11 00:28:00	C2.2		POINT(35 8)	8	35	551.0	103.0
251620	2023-11-11 02:52:00	2023-11-11 03:02:00	2023-11-11 03:12:00	C2.0		POINT(53 -15)	-15	53	746.0	-298.0
251630	2023-11-11 03:27:00	2023-11-11 03:32:00	2023-11-11 03:36:00	C2.4		POINT(54 -15)	-15	54	759.0	-292.0
251640	2023-11-11 03:51:00	2023-11-11 03:59:00	2023-11-11 04:03:00	C7.1		POINT(35 10)	10	35	578.0	104.0
251650	2023-11-11 05:59:00	2023-11-11 06:08:00	2023-11-11 06:14:00	C3.6		POINT(41 8)	8	41	634.0	108.0
251660	2023-11-11 07:28:00	2023-11-11 07:35:00	2023-11-11 07:51:00	C2.5		POINT(39 8)	8	39	609.0	109.0
251670	2023-11-11 08:26:00	2023-11-11 08:34:00	2023-11-11 08:44:00	C3.8		POINT(54 -15)	-15	54	759.0	-294.0
251680	2023-11-11 09:10:00	2023-11-11 09:16:00	2023-11-11 09:20:00	C6.5		POINT(40 8)	8	40	622.0	107.0
251690	2023-11-11 12:24:00	2023-11-11 12:36:00	2023-11-11 12:53:00	C2.8		POINT(42 -14)	-14	42	641.0	-276.0
251700	2023-11-11 16:04:00	2023-11-11 16:10:00	2023-11-11 16:26:00	C1.5		POINT(60 -15)	-15	60	811.0	-284.0
251710	2023-11-11 16:36:00	2023-11-11 16:47:00	2023-11-11 17:00:00	C1.8		POINT(56 -19)	-19	56	776.0	-341.0
251720	2023-11-11 17:01:00	2023-11-11 17:29:00	2023-11-11 17:45:00	M1.2		POINT(58 -18)	-18	58	818.0	-287.0
251730	2023-11-11 18:19:00	2023-11-11 18:30:00	2023-11-11 18:38:00	C7.9		POINT(61 -16)	-16	61	818.0	-294.0
251740	2023-11-11 20:04:00	2023-11-11 20:16:00	2023-11-11 20:34:00	C2.4		POINT(64 -15)	-15	64	840.0	-283.0
251750	2023-11-11 23:50:00	2023-11-12 00:05:00	2023-11-12 00:18:00	C1.7		POINT(38 -19)	-19	38	565.0	-360.0
251760	2023-11-12 04:27:00	2023-11-12 04:41:00	2023-11-12 04:48:00	C8.4		POINT(52 -14)	-14	52	749.0	-276.0
251770	2023-11-12 09:30:00	2023-11-12 09:50:00	2023-11-12 10:05:00	C2.4		POINT(57 -14)	-14	57	791.0	-275.0
251780	2023-11-12 14:55:00	2023-11-12 15:02:00	2023-11-12 15:06:00	C1.6		POINT(2 -9)	-9	2	33.0	-208.0
251790	2023-11-13 00:16:00	2023-11-13 00:24:00	2023-11-13 00:34:00	C1.9		POINT(65 -12)	-12	65	840.0	-263.0
251800	2023-11-13 01:40:00	2023-11-13 01:46:00	2023-11-13 01:52:00	C2.2		POINT(65 -12)	-12	65	852.0	-255.0
251810	2023-11-13 08:03:00	2023-11-13 08:14:00	2023-11-13 08:20:00	C1.8		POINT(-88 28)	28	-88	-864.0	461.0
251820	2023-11-13 09:44:00	2023-11-13 09:48:00	2023-11-13 09:52:00	C1.2		POINT(67 -16)	-16	67	861.0	-288.0
251830	2023-11-13 13:19:00	2023-11-13 13:31:00	2023-11-13 13:41:00	C2.6		POINT(69 -14)	-14	69	882.0	-283.0
251840	2023-11-13 16:16:00	2023-11-13 16:28:00	2023-11-13 16:54:00	C2.1		POINT(72 -13)	-13	72	898.0	-218.0
251850	2023-11-13 18:07:00	2023-11-13 18:11:00	2023-11-13 18:29:00	C1.6		POINT(73 -13)	-13	73	903.0	-218.0
251860	2023-11-13 20:36:00	2023-11-13 20:40:00	2023-11-13 20:41:00	C1.6		POINT(72 -13)	-13	72	898.0	-218.0
251870	2023-11-13 20:41:00	2023-11-13 20:50:00	2023-11-13 21:03:00	C2.8		POINT(72 -13)	-13	72	898.0	-218.0
251880	2023-11-13 21:41:00	2023-11-13 21:50:00	2023-11-13 22:00:00	C1.4		POINT(66 -20)	-20	66	832.0	-331.0
251890	2023-11-13 22:00:00	2023-11-13 22:04:00	2023-11-13 22:08:00	C1.3		POINT(66 -20)	-20	66	832.0	-331.0
251900	2023-11-14 01:50:00	2023-11-14 02:01:00	2023-11-14 02:07:00	C2.7		POINT(76 -13)	-13	76	914.0	-245.0
251910	2023-11-14 03:31:00	2023-11-14 03:36:00	2023-11-14 03:40:00	C1.8		POINT(63 -20)	-20	63	811.0	-366.0
251920	2023-11-14 03:40:00	2023-11-14 03:45:00	2023-11-14 04:03:00	C1.8		POINT(67 -19)	-19	67	848.0	-339.0
251930	2023-11-14 04:18:00	2023-11-14 04:22:00	2023-11-14 04:26:00	C2.1		POINT(64 -20)	-20	64	823.0	-357.0
251940	2023-11-14 06:48:00	2023-11-14 06:53:00	2023-11-14 06:57:00	C1.6		POINT(88 -15)	-15	88	936.0	-261.0
251950	2023-11-14 08:49:00	2023-11-14 08:53:00	2023-11-14 08:57:00	C1.5		POINT(65 -21)	-21	65	826.0	-367.0
251960	2023-11-14 10:03:00	2023-11-14 10:09:00	2023-11-14 10:21:00	C1.3		POINT(25 -8)	-8	25	407.0	-184.0
251970	2023-11-14 11:03:00	2023-11-14 11:12:00	2023-11-14 11:24:00	C1.9		POINT(88 -16)	-16	88	941.0	-278.0
251980	2023-11-14 11:39:00	2023-11-14 11:45:00	2023-11-14 11:49:00	C2.1		POINT(89 6)	6	89	965.0	110.0
251990	2023-11-14 12:15:00	2023-11-14 12:23:00	2023-11-14 12:38:00	C1.8		POINT(72 -19)	-19	72	873.0	-336.0
252000	2023-11-14 14:37:00	2023-11-14 14:43:00	2023-11-14 14:47:00	C2.2		POINT(88 -14)	-14	88	940.0	-234.0
252010	2023-11-14 14:47:00	2023-11-14 14:50:00	2023-11-14 14:54:00	C2.5		POINT(70 -20)	-20	70	856.0	-331.0
252020	2023-11-14 15:19:00	2023-11-14 15:31:00	2023-11-14 15:42:00	C2.7		POINT(89 5)	5	89	966.0	84.0
252030	2023-11-14 17:04:00	2023-11-14 17:10:00	2023-11-14 17:18:00	C1.2		POINT(88 -14)	-14	88	940.0	-234.0
252040	2023-11-14 17:18:00	2023-11-14 17:37:00	2023-11-14 17:44:00	C2.5		POINT(88 -14)	-14	88	940.0	-234.0
252050	2023-11-14 17:52:00	2023-11-14 18:11:00	2023-11-14 18:19:00	C5.6		POINT(89 5)	5	89	966.0	84.0
252060	2023-11-14 19:19:00	2023-11-14 19:30:00	2023-11-14 19:36:00	C1.6		POINT(89 7)	7	89	971.0	134.0
252070	2023-11-14 19:43:00	2023-11-14 19:49:00	2023-11-14 19:54:00	C3.9		POINT(88 -14)	-14	88	941.0	-248.0
252080	2023-11-14 21:05:00	2023-11-14 21:10:00	2023-11-14 21:15:00	C1.1		POINT(88 -14)	-14	88	947.0	-243.0
252090	2023-11-14 21:20:00	2023-11-14 21:24:00	2023-11-14 21:26:00	C1.1		POINT(88 -14)	-14	88	938.0	-245.0
252100	2023-11-14 22:08:00	2023-11-14 22:13:00	2023-11-14 22:24:00	C1.5		POINT(75 -20)	-20	75	880.0	-353.0
252110	2023-11-14 22:58:00	2023-11-14 23:05:00	2023-11-14 23:09:00	M1.0		POINT(75 -20)	-20	75	878.0	-354.0
252120	2023-11-15 03:14:00	2023-11-15 03:20:00	2023-11-15 03:26:00	C1.2		POINT(88 -18)	-18	88	931.0	-316.0
252130	2023-11-15 03:38:00	2023-11-15 03:51:00	2023-11-15 03:55:00	C1.8		POINT(88 -14)	-14	88	952.0	-251.0
252140	2023-11-15 04:21:00	2023-11-15 04:32:00	2023-11-15 04:39:00	C2.8		POINT(88 -14)	-14	88	951.0	-243.0
252150	2023-11-15 06:07:00	2023-11-15 06:17:00	2023-11-15 06:27:00	C1.4		POINT(88 -14)	-14	88	951.0	-240.0
252160	2023-11-15 12:05:00	2023-11-15 12:12:00	2023-11-15 12:18:00	C7.6		POINT(88 -20)	-20	88	908.0	-340.0
252170	2023-11-16 04:20:00	2023-11-16 04:33:00	2023-11-16 04:49:00	C2.5		POINT(-88 -16)	-16	-88	-940.0	-286.0
252180	2023-11-16 20:03:00	2023-11-16 20:22:00	2023-11-16 20:53:00	C4.8		POINT(-88 -15)	-15	-88	-936.0	-251.0
252190	2023-11-17 10:02:00	2023-11-17 10:10:00	2023-11-17 10:15:00	C1.5		POINT(-89 -14)	-14	-89	-941.0	-234.0
252200	2023-11-17 14:50:00	2023-11-17 15:02:00	2023-11-17 15:19:00	C1.7		POINT(-83 -14)	-14	-83	-934.0	-234.0
252210	2023-11-17 17:46:00	2023-11-17 17:53:00	2023-11-17 18:03:00	C1.4		POINT(-89 21)	21	-89	-905.0	347.0
252220	2023-11-18 04:18:00	2023-11-18 04:32:00	2023-11-18 04:49:00	C2.5		POINT(-89 21)	21	-89	-906.0	347.0
252230	2023-11-18 05:37:00	2023-11-18 05:42:00	2023-11-18 05:50:00	M1.2		POINT(-89 23)	23	-89	-893.0	379.0
252240	2023-11-18 10:34:00	2023-11-18 10:43:00	2023-11-18 10:51:00	C4.0		POINT(-89 19)	19	-89	-917.0	316.0
252250	2023-11-18 16:34:00	2023-11-18 16:44:00	2023-11-18 16:54:00	M1.1		POINT(-89 16)	16	-89	-933.0	267.0
252260	2023-11-18 19:48:00	2023-11-18 19:59:00	2023-11-18 20:19:00	C3.3		POINT(-89 20)	20	-89	-912.0	332.0
252270	2023-11-18 21:52:00	2023-11-18 22:22:00	2023-11-18 22:26:00	C8.0		POINT(-89 15)	15	-89	-937.0	251.0
252280	2023-11-18 22:26:00	2023-11-18 22:34:00	2023-11-18 22:40:00	M1.0		POINT(-89 14)	14	-89	-941.0	234.0
252290	2023-11-19 03:02:00	2023-11-19 03:13:00	2023-11-19 03:23:00	C3.2		POINT(-89 19)	19	-89	-917.0	316.0
252300	2023-11-19 04:46:00	2023-11-19 04:52:00	2023-11-19 05:01:00	C2.8		POINT(-61 -17)	-17	-61	-812.0	-283.0
252310	2023-11-19 05:01:00	2023-11-19 05:10:00	2023-11-19 05:14:00	C3.2		POINT(-89 20)	20	-89	-912.0	332.0
252320	2023-11-19 06:36:00	2023-11-19 06:47:00	2023-11-19 06:55:00	C2.8		POINT(-89 26)	26	-89	-872.0	425.0
252330	2023-11-19 06:55:00	2023-11-19 07:05:00	2023-11-19 07:19:00	C3.7		POINT(-89 27)	27	-89	-864.0	440.0
252340	2023-11-19 08:25:00	2023-11-19 08:34:00	2023-11-19 08:52:00	C7.5		POINT(-59 -17)	-17	-59	-795.0	-283.0
252350	2023-11-19 11:07:00	2023-11-19 11:11:00	2023-11-19 11:16:00	C3.6		POINT(-89 -15)	-15	-89	-948.0	-257.0
252360	2023-11-19 15:13:00	2023-11-19 15:25:00	2023-11-19 15:30:00	C2.5		POINT(-89 15)	15	-89	-944.0	256.0
252370	2023-11-19 20:37:00	2023-11-19 20:44:00	2023-11-19 20:48:00	C2.4		POINT(-48 -12)	-12	-48	-699.0	-254.0
252380	2023-11-19 23:13:00	2023-11-19 23:17:00	2023-11-19 23:34:00	C2.1		POINT(-88 16)	16	-88	-932.0	268.0
252390	2023-11-20 03:08:00	2023-11-20 03:11:00	2023-11-20 03:18:00	C2.9		POINT(-81 16)	16	-81	-919.0	272.0
252400	2023-11-20 07:03:00	2023-11-20 07:06:00	2023-11-20 07:10:00	C3.8		POINT(-81 19)	19	-81	-908.0	312.0
252410	2023-11-20 07:20:00	2023-11-20 07:33:00	2023-11-20 07:36:00	C3.8		POINT(-79 19)	19	-79	-897.0	322.0
252420	2023-11-20 07:36:00	2023-11-20 07:42:00	2023-11-20 07:47:00	C3.3		POINT(-78 20)	20	-78	-891.0	329.0
252430	2023-11-20 08:30:00	2023-11-20 08:36:00	2023-11-20 08:42:00	C2.1		POINT(-77 19)	19	-77	-893.0	323.0
252440	2023-11-20 08:54:00	2023-11-20 09:03:00	2023-11-20 09:12:00	M1.2		POINT(-76 19)	19	-76	-889.0	317.0
252450	2023-11-20 09:18:00	2023-11-20 09:25:00	2023-11-20 09:30:00	C4.8		POINT(-89 18)	18	-89	-923.0	313.0
252460	2023-11-20 10:09:00	2023-11-20 10:14:00	2023-11-20 10:22:00	C5.0		POINT(-68 27)	27	-68	-802.0	440.0
252470	2023-11-20 12:23:00	2023-11-20 12:31:00	2023-11-20 12:39:00	C8.0		POINT(-73 19)	19	-73	-877.0	315.0
252480	2023-11-20 13:02:00	2023-11-20 13:12:00	2023-11-20 13:20:00	C2.7		POINT(-76 20)	20	-76	-885.0	327.0
252490	2023-11-20 13:58:00	2023-11-20 14:07:00	2023-11-20 14:13:00	C3.5		POINT(-71 16)	16	-71	-883.0	264.0
252500	2023-11-20 16:20:00	2023-11-20 16:23:00	2023-11-20 16:28:00	C2.1		POINT(-70 16)	16	-70	-876.0	263.0
252510	2023-11-20 20:47:00	2023-11-20 20:57:00	2023-11-20 21:03:00	C2.8		POINT(-34 -13)	-13	-34	-541.0	-262.0
252520	2023-11-20 21:03:00	2023-11-20 21:10:00	2023-11-20 21:14:00	C2.7		POINT(-73 15)	15	-73	-899.0	250.0
252530	2023-11-20 23:35:00	2023-11-20 23:42:00	2023-11-20 23:58:00	C3.1		POINT(-65 16)	16	-65	-851.0	263.0
252540	2023-11-21 01:07:00	2023-11-21 01:18:00	2023-11-21 01:26:00	C6.3		POINT(-88 -19)	-19	-88	-920.0	-333.0
252550	2023-11-21 03:38:00	2023-11-21 03:45:00	2023-11-21 04:00:00	C6.6		POINT(-32 -16)	-16	-32	-482.0	-269.0
252560	2023-11-21 05:29:00	2023-11-21 05:42:00	2023-11-21 05:53:00	C2.7		POINT(-69 22)	22	-69	-838.0	360.0
252570	2023-11-21 07:05:00	2023-11-21 07:13:00	2023-11-21 07:22:00	C3.7		POINT(-63 16)	16	-63	-865.0	226.0
252580	2023-11-21 11:06:00	2023-11-21 11:10:00	2023-11-21 11:14:00	C3.2		POINT(-58 17)	17	-58	-795.0	267.0
252590	2023-11-21 13:31:00	2023-11-21 13:36:00	2023-11-21 13:41:00	C3.5		POINT(-54 21)	21	-54	-738.0	329.0
252600	2023-11-21 13:48:00	2023-11-21 13:52:00	2023-11-21 13:58:00	C7.7		POINT(-54 21)	21	-54	-740.0	335.0
252610	2023-11-21 14:31:00	2023-11-21 14:36:00	2023-11-21 14:44:00	C3.9		POINT(-24 -13)	-13	-24	-396.0	-255.0
252620	2023-11-21 16:14:00	2023-11-21 16:21:00	2023-11-21 16:30:00	C2.7		POINT(-58 17)	17	-58	-722.0	336.0
252630	2023-11-21 22:31:00	2023-11-21 22:40:00	2023-11-21 22:45:00	C2.6		POINT(-56 15)	15	-56	-780.0	237.0
252640	2023-11-21 23:12:00	2023-11-21 23:19:00	2023-11-21 23:22:00	C2.8		POINT(-43 21)	21	-43	-625.0	339.0
252650	2023-11-21 23:33:00	2023-11-21 23:40:00	2023-11-21 23:47:00	C4.4		POINT(-42 22)	22	-42	-611.0	345.0
252660	2023-11-22 01:04:00	2023-11-22 01:11:00	2023-11-22 01:16:00	C7.5		POINT(-48 21)	21	-48	-671.0	337.0
252670	2023-11-22 06:17:00	2023-11-22 06:28:00	2023-11-22 06:37:00	C8.9		POINT(-51 13)	13	-51	-733.0	212.0
252680	2023-11-22 23:54:00	2023-11-23 00:03:00	2023-11-23 00:14:00	C6.3		POINT(-38 15)	15	-38	-587.0	236.0
252690	2023-11-23 02:59:00	2023-11-23 03:38:00	2023-11-23 04:05:00	M1.4		POINT(-55 -20)	-20	-55	-750.0	-351.0
252700	2023-11-23 05:38:00	2023-11-23 05:44:00	2023-11-23 05:48:00	C7.8		POINT(-35 19)	19	-35	-520.0	301.0
252710	2023-11-23 07:06:00	2023-11-23 07:14:00	2023-11-23 07:32:00	C6.8		POINT(-34 15)	15	-34	-515.0	237.0
252720	2023-11-23 12:35:00	2023-11-23 12:46:00	2023-11-23 12:58:00	C5.3		POINT(-74 -18)	-18	-74	-885.0	-319.0
252730	2023-11-23 12:58:00	2023-11-23 13:15:00	2023-11-23 13:27:00	C6.2		POINT(-78 -18)	-18	-78	-900.0	-317.0
252740	2023-11-23 14:25:00	2023-11-23 14:37:00	2023-11-23 14:42:00	M1.0		POINT(-16 20)	20	-16	-265.0	312.0
252750	2023-11-23 15:15:00	2023-11-23 15:21:00	2023-11-23 15:26:00	C3.8		POINT(-46 -14)	-14	-46	-683.0	-263.0
252760	2023-11-23 15:32:00	2023-11-23 15:38:00	2023-11-23 15:42:00	C5.9		POINT(-17 21)	21	-17	-276.0	284.0
252770	2023-11-23 18:19:00	2023-11-23 18:28:00	2023-11-23 18:34:00	C2.6		POINT(-32 20)	20	-32	-487.0	314.0
252780	2023-11-23 18:34:00	2023-11-23 18:41:00	2023-11-23 18:45:00	C3.3		POINT(-32 21)	21	-32	-485.0	324.0
252790	2023-11-23 20:34:00	2023-11-23 20:39:00	2023-11-23 20:43:00	C9.1		POINT(-13 20)	20	-13	-215.0	305.0
252800	2023-11-23 20:57:00	2023-11-23 21:05:00	2023-11-23 21:09:00	C4.0		POINT(-13 20)	20	-13	-206.0	315.0
252810	2023-11-24 01:10:00	2023-11-24 01:16:00	2023-11-24 01:20:00	C2.0		POINT(-22 19)	19	-22	-358.0	291.0
252820	2023-11-24 03:01:00	2023-11-24 03:03:00	2023-11-24 03:07:00	C2.2		POINT(-21 18)	18	-21	-342.0	288.0
252830	2023-11-24 05:31:00	2023-11-24 05:41:00	2023-11-24 05:58:00	C3.3		POINT(-23 11)	11	-23	-379.0	160.0
252840	2023-11-24 06:32:00	2023-11-24 07:02:00	2023-11-24 07:08:00	C3.3		POINT(-13 25)	25	-13	-202.0	380.0
252850	2023-11-24 09:17:00	2023-11-24 09:33:00	2023-11-24 09:43:00	M1.1		POINT(2 -16)	-16	2	47.0	-296.0
252860	2023-11-24 10:11:00	2023-11-24 10:19:00	2023-11-24 10:25:00	C2.5		POINT(-35 -14)	-14	-35	-546.0	-272.0
252870	2023-11-24 10:34:00	2023-11-24 10:42:00	2023-11-24 10:49:00	C7.5		POINT(-34 -15)	-15	-34	-537.0	-272.0
252880	2023-11-24 22:02:00	2023-11-24 22:19:00	2023-11-24 22:48:00	C5.5		POINT(-3 23)	23	-3	-53.0	361.0
252890	2023-11-25 09:13:00	2023-11-25 09:18:00	2023-11-25 09:23:00	C2.1		POINT(13 -15)	-15	13	226.0	-287.0
252900	2023-11-25 13:56:00	2023-11-25 14:39:00	2023-11-25 14:51:00	C4.4		POINT(-72 20)	20	-72	-866.0	335.0
252910	2023-11-25 17:04:00	2023-11-25 17:11:00	2023-11-25 17:17:00	C1.5		POINT(12 21)	21	12	186.0	332.0
252920	2023-11-26 03:19:00	2023-11-26 03:25:00	2023-11-26 03:32:00	C1.4		POINT(15 20)	20	15	246.0	314.0
252930	2023-11-26 07:38:00	2023-11-26 07:43:00	2023-11-26 07:51:00	C3.6		POINT(17 19)	19	17	273.0	314.0
252940	2023-11-26 12:52:00	2023-11-26 12:57:00	2023-11-26 13:05:00	C2.7		POINT(-31 -21)	-21	-31	-477.0	-372.0
252950	2023-11-26 15:44:00	2023-11-26 15:51:00	2023-11-26 15:57:00	C1.3		POINT(5 16)	16	5	86.0	244.0
252960	2023-11-26 16:00:00	2023-11-26 16:07:00	2023-11-26 16:19:00	C1.8		POINT(-28 -19)	-19	-28	-456.0	-374.0
252970	2023-11-27 04:16:00	2023-11-27 04:25:00	2023-11-27 04:36:00	C1.7		POINT(15 23)	23	15	240.0	362.0
252980	2023-11-27 05:34:00	2023-11-27 06:12:00	2023-11-27 06:39:00	C3.3		POINT(16 14)	14	16	261.0	222.0
252990	2023-11-27 08:03:00	2023-11-27 08:11:00	2023-11-27 08:26:00	C3.4		POINT(31 20)	20	31	479.0	310.0
253000	2023-11-27 18:21:00	2023-11-27 18:37:00	2023-11-27 18:40:00	C3.8		POINT(-10 18)	18	-10	-172.0	294.0
253010	2023-11-27 18:40:00	2023-11-27 18:52:00	2023-11-27 19:03:00	C6.7		POINT(-9 18)	18	-9	-158.0	285.0
253020	2023-11-27 23:13:00	2023-11-27 23:40:00	2023-11-28 00:26:00	C5.5		POINT(-40 26)	26	-40	-574.0	412.0
253030	2023-11-28 04:38:00	2023-11-28 04:48:00	2023-11-28 04:55:00	C2.1		POINT(50 -18)	-18	50	716.0	-323.0
253040	2023-11-28 17:45:00	2023-11-28 17:53:00	2023-11-28 18:00:00	C2.2		POINT(35 15)	15	35	549.0	239.0
253050	2023-11-28 19:07:00	2023-11-28 19:32:00	2023-11-28 19:35:00	M3.4		POINT(2 -15)	-15	2	33.0	-286.0
253060	2023-11-28 19:35:00	2023-11-28 19:50:00	2023-11-28 20:09:00	M9.8		POINT(0 -16)	-16	0	9.0	-297.0
253070	2023-11-28 23:21:00	2023-11-28 23:31:00	2023-11-28 23:39:00	C8.1		POINT(60 -17)	-17	60	809.0	-308.0
253080	2023-11-29 04:32:00	2023-11-29 04:47:00	2023-11-29 04:59:00	C2.8		POINT(42 15)	15	42	638.0	243.0
253090	2023-11-29 07:50:00	2023-11-29 08:03:00	2023-11-29 08:14:00	C6.4		POINT(44 15)	15	44	660.0	246.0
253100	2023-11-29 11:26:00	2023-11-29 11:33:00	2023-11-29 11:39:00	C2.0		POINT(6 -19)	-19	6	105.0	-342.0
253110	2023-11-29 13:14:00	2023-11-29 13:25:00	2023-11-29 13:36:00	C2.1		POINT(71 -18)	-18	71	879.0	-308.0
253120	2023-11-29 14:27:00	2023-11-29 14:35:00	2023-11-29 14:43:00	C3.8		POINT(5 -18)	-18	5	89.0	-332.0
253130	2023-11-29 15:12:00	2023-11-29 15:34:00	2023-11-29 15:54:00	C3.1		POINT(13 -14)	-14	13	225.0	-267.0
253140	2023-11-29 15:54:00	2023-11-29 16:01:00	2023-11-29 16:09:00	C2.7		POINT(-77 9)	9	-77	-938.0	157.0
253150	2023-11-29 16:09:00	2023-11-29 16:13:00	2023-11-29 16:18:00	C2.8		POINT(9 -21)	-21	9	144.0	-374.0
253160	2023-11-29 21:03:00	2023-11-29 21:03:00	2023-11-29 21:08:00	C1.9		POINT(11 -19)	-19	11	175.0	-316.0
253170	2023-11-29 22:35:00	2023-11-29 22:41:00	2023-11-29 22:48:00	C2.4		POINT(14 -18)	-18	14	188.0	-335.0
253180	2023-11-30 04:12:00	2023-11-30 04:20:00	2023-11-30 04:26:00	C1.7		POINT(48 -13)	-13	48	711.0	-236.0
253190	2023-11-30 15:40:00	2023-11-30 15:44:00	2023-11-30 15:49:00	C2.1		POINT(26 -20)	-20	26	405.0	-357.0
253200	2023-11-30 17:55:00	2023-11-30 18:07:00	2023-11-30 18:15:00	C1.4		POINT(59 -14)	-14	59	813.0	-249.0
253210	2023-11-30 19:16:00	2023-11-30 19:27:00	2023-11-30 19:37:00	C2.2		POINT(22 -19)	-19	22	348.0	-339.0
253220	2023-11-30 19:37:00	2023-11-30 20:13:00	2023-11-30 20:39:00	C2.9		POINT(71 15)	15	71	893.0	249.0
253230	2023-11-30 22:23:00	2023-11-30 22:31:00	2023-11-30 22:36:00	C2.4		POINT(89 -17)	-17	89	935.0	-289.0
253240	2023-11-30 22:37:00	2023-11-30 22:48:00	2023-11-30 22:56:00	C3.6		POINT(89 -17)	-17	89	935.0	-290.0
253250	2023-12-01 02:52:00	2023-12-01 03:11:00	2023-12-01 03:24:00	C4.8		POINT(89 18)	18	89	927.0	313.0
253260	2023-12-01 04:12:00	2023-12-01 04:39:00	2023-12-01 05:07:00	M1.1		POINT(73 12)	12	73	909.0	203.0
253270	2023-12-01 09:34:00	2023-12-01 09:42:00	2023-12-01 09:47:00	C1.7		POINT(36 -20)	-20	36	548.0	-347.0
253280	2023-12-01 09:58:00	2023-12-01 10:11:00	2023-12-01 10:24:00	C1.8		POINT(79 11)	11	79	935.0	198.0
253290	2023-12-01 11:48:00	2023-12-01 11:59:00	2023-12-01 12:05:00	C5.2		POINT(37 -20)	-20	37	557.0	-347.0
253300	2023-12-01 13:09:00	2023-12-01 13:16:00	2023-12-01 13:23:00	C1.6		POINT(37 -17)	-17	37	562.0	-298.0
253310	2023-12-01 13:23:00	2023-12-01 13:28:00	2023-12-01 13:34:00	C1.9		POINT(89 -17)	-17	89	942.0	-290.0
253320	2023-12-01 19:17:00	2023-12-01 19:27:00	2023-12-01 19:33:00	C3.2		POINT(42 -19)	-19	42	617.0	-347.0
253330	2023-12-01 20:55:00	2023-12-01 21:20:00	2023-12-01 22:10:00	M1.0		POINT(39 -18)	-18	39	594.0	-320.0
253340	2023-12-02 01:40:00	2023-12-02 01:47:00	2023-12-02 01:57:00	C2.7		POINT(89 20)	20	89	918.0	339.0
253350	2023-12-02 02:19:00	2023-12-02 02:25:00	2023-12-02 02:36:00	C2.2		POINT(89 20)	20	89	921.0	351.0
253360	2023-12-02 03:34:00	2023-12-02 03:51:00	2023-12-02 04:01:00	C3.1		POINT(46 -19)	-19	46	665.0	-342.0
253370	2023-12-02 04:35:00	2023-12-02 04:45:00	2023-12-02 05:02:00	C2.2		POINT(89 20)	20	89	918.0	342.0
253380	2023-12-02 06:53:00	2023-12-02 07:02:00	2023-12-02 07:17:00	C2.0		POINT(52 12)	12	52	759.0	203.0
253390	2023-12-02 07:17:00	2023-12-02 07:35:00	2023-12-02 07:42:00	C2.9		POINT(89 22)	22	89	905.0	380.0
253400	2023-12-02 09:28:00	2023-12-02 09:35:00	2023-12-02 09:46:00	C1.7		POINT(48 -17)	-17	48	699.0	-294.0
253410	2023-12-02 16:21:00	2023-12-02 16:26:00	2023-12-02 16:38:00	C1.9		POINT(83 -14)	-14	83	936.0	-241.0
253420	2023-12-02 21:12:00	2023-12-02 21:20:00	2023-12-02 21:24:00	C2.6		POINT(32 22)	22	32	478.0	362.0
253430	2023-12-03 07:54:00	2023-12-03 08:06:00	2023-12-03 08:13:00	C4.0		POINT(89 -23)	-23	89	895.0	-395.0
253440	2023-12-03 14:18:00	2023-12-03 14:36:00	2023-12-03 14:53:00	C2.8		POINT(89 23)	23	89	906.0	396.0
253450	2023-12-03 19:48:00	2023-12-03 19:55:00	2023-12-03 19:59:00	C1.3		POINT(-16 5)	5	-16	-275.0	84.0
253460	2023-12-03 22:27:00	2023-12-03 22:37:00	2023-12-03 22:42:00	C2.7		POINT(70 -19)	-19	70	863.0	-328.0
253470	2023-12-04 00:55:00	2023-12-04 01:04:00	2023-12-04 01:10:00	C1.5		POINT(-23 -22)	-22	-23	-358.0	-389.0
253480	2023-12-04 01:22:00	2023-12-04 01:26:00	2023-12-04 01:30:00	C8.1		POINT(-23 -22)	-22	-23	-354.0	-384.0
253490	2023-12-04 02:43:00	2023-12-04 02:53:00	2023-12-04 03:04:00	C2.1		POINT(-14 5)	5	-14	-209.0	95.0
253500	2023-12-04 04:09:00	2023-12-04 04:21:00	2023-12-04 04:32:00	C1.2		POINT(89 23)	23	89	906.0	386.0
253510	2023-12-04 09:11:00	2023-12-04 09:20:00	2023-12-04 09:34:00	C1.3		POINT(-9 5)	5	-9	-152.0	92.0
253520	2023-12-04 15:04:00	2023-12-04 15:16:00	2023-12-04 15:27:00	C1.3		POINT(-89 20)	20	-89	-914.0	332.0
253530	2023-12-04 23:14:00	2023-12-04 23:18:00	2023-12-04 23:25:00	C3.9		POINT(-89 20)	20	-89	-914.0	333.0
253540	2023-12-04 23:28:00	2023-12-04 23:39:00	2023-12-04 23:45:00	C4.7		POINT(89 -18)	-18	89	921.0	-315.0
253550	2023-12-04 23:51:00	2023-12-04 23:55:00	2023-12-05 00:02:00	C3.0		POINT(-87 18)	18	-87	-911.0	326.0
253560	2023-12-05 01:34:00	2023-12-05 01:38:00	2023-12-05 01:42:00	C1.4		POINT(-89 19)	19	-89	-918.0	332.0
253570	2023-12-05 01:42:00	2023-12-05 01:48:00	2023-12-05 01:52:00	C2.0		POINT(-89 10)	10	-89	-959.0	178.0
253580	2023-12-05 03:18:00	2023-12-05 03:24:00	2023-12-05 03:31:00	C5.9		POINT(-87 18)	18	-87	-908.0	321.0
253590	2023-12-05 04:24:00	2023-12-05 04:37:00	2023-12-05 04:46:00	C2.5		POINT(89 -13)	-13	89	984.0	-230.0
253600	2023-12-05 06:39:00	2023-12-05 06:44:00	2023-12-05 06:48:00	M1.5		POINT(-87 18)	18	-87	-901.0	311.0
253610	2023-12-05 08:54:00	2023-12-05 08:59:00	2023-12-05 09:07:00	C5.8		POINT(-2 -22)	-22	-2	-67.0	-370.0
253620	2023-12-05 09:29:00	2023-12-05 09:36:00	2023-12-05 09:43:00	C3.8		POINT(-76 18)	18	-76	-896.0	312.0
253630	2023-12-05 10:03:00	2023-12-05 10:10:00	2023-12-05 10:16:00	C3.0		POINT(-75 18)	18	-75	-894.0	311.0
253640	2023-12-05 11:00:00	2023-12-05 11:04:00	2023-12-05 11:08:00	C2.4		POINT(-4 -14)	-14	-4	-72.0	-248.0
253650	2023-12-05 11:47:00	2023-12-05 12:05:00	2023-12-05 12:07:00	C4.2		POINT(-76 19)	19	-76	-897.0	315.0
253660	2023-12-05 12:07:00	2023-12-05 12:15:00	2023-12-05 12:19:00	C4.7		POINT(-73 18)	18	-73	-882.0	314.0
253670	2023-12-05 13:27:00	2023-12-05 13:37:00	2023-12-05 13:45:00	C5.3		POINT(-76 19)	19	-76	-893.0	317.0
253680	2023-12-05 13:45:00	2023-12-05 13:51:00	2023-12-05 13:55:00	C5.2		POINT(-74 18)	18	-74	-890.0	308.0
253690	2023-12-05 15:21:00	2023-12-05 15:32:00	2023-12-05 15:35:00	C1.4		POINT(-74 18)	18	-74	-890.0	300.0
253700	2023-12-05 15:35:00	2023-12-05 15:40:00	2023-12-05 15:44:00	C2.9		POINT(-71 19)	19	-71	-870.0	317.0
253710	2023-12-05 16:57:00	2023-12-05 17:10:00	2023-12-05 17:13:00	C3.2		POINT(-73 18)	18	-73	-884.0	312.0
253720	2023-12-05 17:13:00	2023-12-05 17:25:00	2023-12-05 17:32:00	C7.4		POINT(-70 18)	18	-70	-872.0	308.0
253730	2023-12-05 17:42:00	2023-12-05 17:59:00	2023-12-05 18:55:00	C8.6		POINT(0 -21)	-21	0	38.0	-355.0
253740	2023-12-05 19:07:00	2023-12-05 19:17:00	2023-12-05 19:25:00	C5.6		POINT(-71 18)	18	-71	-875.0	313.0
253750	2023-12-05 20:32:00	2023-12-05 20:36:00	2023-12-05 20:41:00	C1.7		POINT(89 -18)	-18	89	935.0	-305.0
253760	2023-12-05 20:42:00	2023-12-05 21:20:00	2023-12-05 22:04:00	M1.0		POINT(-70 20)	20	-70	-866.0	308.0
253770	2023-12-05 21:17:00	2023-12-05 21:20:00	2023-12-05 21:25:00	M1.4		POINT(-72 20)	20	-72	-868.0	338.0
253780	2023-12-05 22:12:00	2023-12-05 22:55:00	2023-12-05 23:11:00	C5.0		POINT(-70 20)	20	-70	-860.0	308.0
253790	2023-12-05 23:19:00	2023-12-05 23:25:00	2023-12-05 23:33:00	C2.9		POINT(-72 19)	19	-72	-876.0	316.0
253800	2023-12-06 00:51:00	2023-12-06 00:58:00	2023-12-06 01:15:00	C3.8		POINT(-70 20)	20	-70	-855.0	309.0
253810	2023-12-06 02:45:00	2023-12-06 02:59:00	2023-12-06 03:10:00	C3.9		POINT(-70 20)	20	-70	-845.0	309.0
253820	2023-12-06 04:49:00	2023-12-06 05:01:00	2023-12-06 05:19:00	C2.6		POINT(-65 18)	18	-65	-842.0	310.0
253830	2023-12-06 05:30:00	2023-12-06 05:41:00	2023-12-06 05:52:00	M2.1		POINT(-66 18)	18	-66	-833.0	302.0
253840	2023-12-06 08:07:00	2023-12-06 08:17:00	2023-12-06 08:28:00	C9.4		POINT(-64 18)	18	-64	-824.0	299.0
253850	2023-12-06 11:32:00	2023-12-06 11:44:00	2023-12-06 12:00:00	C1.6		POINT(-61 18)	18	-61	-813.0	303.0
253860	2023-12-06 12:39:00	2023-12-06 12:48:00	2023-12-06 12:54:00	C1.7		POINT(-64 18)	18	-64	-830.0	314.0
253870	2023-12-06 13:18:00	2023-12-06 13:28:00	2023-12-06 13:36:00	C1.4		POINT(-61 18)	18	-61	-810.0	313.0
253880	2023-12-06 13:46:00	2023-12-06 14:01:00	2023-12-06 14:22:00	C3.6		POINT(-60 18)	18	-60	-802.0	303.0
253890	2023-12-06 15:27:00	2023-12-06 15:35:00	2023-12-06 15:39:00	C1.4		POINT(-59 20)	20	-59	-821.0	311.0
253900	2023-12-06 16:00:00	2023-12-06 16:06:00	2023-12-06 16:11:00	C3.2		POINT(-60 20)	20	-60	-798.0	339.0
253910	2023-12-06 17:04:00	2023-12-06 17:14:00	2023-12-06 17:23:00	C1.3		POINT(23 5)	5	23	381.0	90.0
253920	2023-12-06 18:47:00	2023-12-06 18:56:00	2023-12-06 19:03:00	C4.8		POINT(-59 20)	20	-59	-784.0	338.0
253930	2023-12-06 21:26:00	2023-12-06 21:44:00	2023-12-06 21:55:00	M2.3		POINT(-55 20)	20	-55	-773.0	314.0
253940	2023-12-06 22:50:00	2023-12-06 22:57:00	2023-12-06 23:05:00	C2.7		POINT(-50 19)	19	-50	-767.0	336.0
253950	2023-12-07 03:42:00	2023-12-07 03:51:00	2023-12-07 03:53:00	C1.9		POINT(-53 20)	20	-53	-738.0	338.0
253960	2023-12-07 03:53:00	2023-12-07 03:58:00	2023-12-07 04:02:00	C2.0		POINT(24 -20)	-20	24	380.0	-339.0
253970	2023-12-07 06:12:00	2023-12-07 06:19:00	2023-12-07 06:25:00	C7.6		POINT(-51 20)	20	-51	-720.0	341.0
253980	2023-12-07 10:31:00	2023-12-07 10:44:00	2023-12-07 10:52:00	C1.7		POINT(25 -20)	-20	25	399.0	-336.0
253990	2023-12-07 11:15:00	2023-12-07 11:22:00	2023-12-07 11:28:00	C1.4		POINT(27 -22)	-22	27	410.0	-377.0
254000	2023-12-07 12:05:00	2023-12-07 12:12:00	2023-12-07 12:18:00	C1.9		POINT(27 -23)	-23	27	417.0	-384.0
254010	2023-12-07 12:35:00	2023-12-07 12:41:00	2023-12-07 12:51:00	C1.3		POINT(28 -23)	-23	28	427.0	-389.0
254020	2023-12-07 18:02:00	2023-12-07 18:12:00	2023-12-07 18:16:00	C4.1		POINT(-46 21)	21	-46	-648.0	341.0
254030	2023-12-07 20:46:00	2023-12-07 20:57:00	2023-12-07 21:01:00	C8.1		POINT(-44 21)	21	-44	-639.0	329.0
254040	2023-12-07 22:21:00	2023-12-07 22:25:00	2023-12-07 22:34:00	C4.3		POINT(-44 21)	21	-44	-630.0	329.0
254050	2023-12-08 00:10:00	2023-12-08 00:14:00	2023-12-08 00:19:00	C2.7		POINT(-42 20)	20	-42	-614.0	334.0
254060	2023-12-08 00:59:00	2023-12-08 01:12:00	2023-12-08 01:23:00	C7.8		POINT(-41 18)	18	-41	-614.0	309.0
254070	2023-12-08 04:12:00	2023-12-08 04:23:00	2023-12-08 04:32:00	C2.2		POINT(-38 17)	17	-38	-575.0	288.0
254080	2023-12-08 05:59:00	2023-12-08 06:07:00	2023-12-08 06:15:00	C2.6		POINT(-37 17)	17	-37	-564.0	285.0
254090	2023-12-08 06:15:00	2023-12-08 06:21:00	2023-12-08 06:33:00	C3.3		POINT(40 -20)	-20	40	590.0	-345.0
254100	2023-12-08 08:10:00	2023-12-08 08:14:00	2023-12-08 08:20:00	C2.4		POINT(-35 16)	16	-35	-548.0	278.0
254110	2023-12-08 08:35:00	2023-12-08 08:48:00	2023-12-08 09:07:00	C2.3		POINT(41 -20)	-20	41	608.0	-342.0
254120	2023-12-08 11:06:00	2023-12-08 11:27:00	2023-12-08 11:48:00	C1.9		POINT(-36 20)	20	-36	-553.0	311.0
254130	2023-12-08 13:21:00	2023-12-08 13:40:00	2023-12-08 13:51:00	C2.6		POINT(43 -20)	-20	43	629.0	-341.0
254140	2023-12-08 14:11:00	2023-12-08 14:26:00	2023-12-08 14:44:00	C3.7		POINT(45 -20)	-20	45	647.0	-345.0
254150	2023-12-08 15:34:00	2023-12-08 15:42:00	2023-12-08 15:51:00	C2.7		POINT(-35 19)	19	-35	-528.0	317.0
254160	2023-12-08 17:15:00	2023-12-08 17:28:00	2023-12-08 17:35:00	C2.3		POINT(46 -20)	-20	46	650.0	-341.0
254170	2023-12-08 17:35:00	2023-12-08 17:42:00	2023-12-08 17:46:00	C2.6		POINT(-33 18)	18	-33	-509.0	311.0
254180	2023-12-08 22:57:00	2023-12-08 23:07:00	2023-12-08 23:14:00	M5.4		POINT(47 -21)	-21	47	684.0	-343.0
254190	2023-12-09 01:45:00	2023-12-09 01:56:00	2023-12-09 02:12:00	C2.0		POINT(-25 15)	15	-25	-411.0	279.0
254200	2023-12-09 02:30:00	2023-12-09 02:42:00	2023-12-09 03:02:00	C2.0		POINT(49 -14)	-14	49	720.0	-248.0
254210	2023-12-09 04:02:00	2023-12-09 04:10:00	2023-12-09 04:13:00	C1.6		POINT(52 -20)	-20	52	728.0	-334.0
254220	2023-12-09 04:13:00	2023-12-09 04:22:00	2023-12-09 04:32:00	C1.8		POINT(39 -23)	-23	39	566.0	-388.0
254230	2023-12-09 05:04:00	2023-12-09 05:18:00	2023-12-09 05:40:00	C3.7		POINT(52 -20)	-20	52	721.0	-344.0
254240	2023-12-09 06:35:00	2023-12-09 06:46:00	2023-12-09 06:51:00	C4.5		POINT(52 -20)	-20	52	721.0	-338.0
254250	2023-12-09 06:51:00	2023-12-09 07:05:00	2023-12-09 07:17:00	C5.6		POINT(54 -20)	-20	54	741.0	-348.0
254260	2023-12-09 08:23:00	2023-12-09 08:28:00	2023-12-09 08:34:00	C2.5		POINT(54 -21)	-21	54	730.0	-342.0
254270	2023-12-09 08:34:00	2023-12-09 08:38:00	2023-12-09 08:44:00	C2.6		POINT(51 -20)	-20	51	716.0	-339.0
254280	2023-12-09 08:44:00	2023-12-09 08:52:00	2023-12-09 09:00:00	C3.4		POINT(43 -22)	-22	43	630.0	-372.0
254290	2023-12-09 09:41:00	2023-12-09 09:55:00	2023-12-09 10:06:00	M1.5		POINT(54 -21)	-21	54	752.0	-344.0
254300	2023-12-09 10:42:00	2023-12-09 10:48:00	2023-12-09 10:56:00	C4.3		POINT(56 -22)	-22	56	742.0	-339.0
254310	2023-12-09 13:03:00	2023-12-09 13:19:00	2023-12-09 13:37:00	M1.0		POINT(57 -20)	-20	57	770.0	-342.0
254320	2023-12-09 15:44:00	2023-12-09 15:48:00	2023-12-09 15:55:00	C1.2		POINT(60 -22)	-22	60	782.0	-378.0
254330	2023-12-09 17:19:00	2023-12-09 17:24:00	2023-12-09 17:41:00	C1.5		POINT(-17 18)	18	-17	-270.0	294.0
254340	2023-12-09 18:01:00	2023-12-09 18:14:00	2023-12-09 18:36:00	C2.0		POINT(61 -20)	-20	61	800.0	-341.0
254350	2023-12-09 19:15:00	2023-12-09 19:20:00	2023-12-09 19:25:00	C1.2		POINT(-15 18)	18	-15	-252.0	300.0
254360	2023-12-09 19:25:00	2023-12-09 19:35:00	2023-12-09 19:47:00	C4.7		POINT(61 -20)	-20	61	798.0	-345.0
254370	2023-12-09 23:46:00	2023-12-09 23:58:00	2023-12-10 00:35:00	C1.7		POINT(67 -18)	-18	67	849.0	-314.0
254380	2023-12-10 01:57:00	2023-12-10 02:06:00	2023-12-10 02:11:00	C2.0		POINT(66 -22)	-22	66	825.0	-368.0
254390	2023-12-10 02:54:00	2023-12-10 03:03:00	2023-12-10 03:09:00	C1.9		POINT(66 -21)	-21	66	830.0	-357.0
254400	2023-12-10 03:42:00	2023-12-10 03:53:00	2023-12-10 03:58:00	M2.3		POINT(66 -20)	-20	66	833.0	-359.0
254410	2023-12-10 04:36:00	2023-12-10 04:47:00	2023-12-10 04:59:00	C4.3		POINT(66 -20)	-20	66	834.0	-344.0
254420	2023-12-10 06:01:00	2023-12-10 06:11:00	2023-12-10 06:19:00	C1.3		POINT(-10 19)	19	-10	-171.0	326.0
254430	2023-12-10 07:02:00	2023-12-10 07:16:00	2023-12-10 07:27:00	C7.0		POINT(69 -20)	-20	69	845.0	-359.0
254440	2023-12-10 07:48:00	2023-12-10 07:54:00	2023-12-10 08:00:00	C1.8		POINT(68 -20)	-20	68	846.0	-344.0
254450	2023-12-10 08:10:00	2023-12-10 08:19:00	2023-12-10 08:24:00	C2.1		POINT(69 -22)	-22	69	843.0	-370.0
254460	2023-12-10 10:31:00	2023-12-10 10:42:00	2023-12-10 10:49:00	C6.6		POINT(70 -22)	-22	70	853.0	-365.0
254470	2023-12-10 11:41:00	2023-12-10 11:55:00	2023-12-10 12:15:00	C5.5		POINT(71 -21)	-21	71	863.0	-349.0
254480	2023-12-10 14:19:00	2023-12-10 14:28:00	2023-12-10 14:41:00	C3.9		POINT(73 -21)	-21	73	869.0	-356.0
254490	2023-12-10 16:22:00	2023-12-10 16:31:00	2023-12-10 16:38:00	C1.0		POINT(76 -22)	-22	76	876.0	-365.0
254500	2023-12-10 20:37:00	2023-12-10 20:47:00	2023-12-10 20:55:00	C7.3		POINT(77 -22)	-22	77	879.0	-369.0
254510	2023-12-10 22:17:00	2023-12-10 22:24:00	2023-12-10 22:28:00	C1.3		POINT(77 -22)	-22	77	881.0	-370.0
254520	2023-12-10 22:28:00	2023-12-10 22:33:00	2023-12-10 22:37:00	C5.5		POINT(76 -22)	-22	76	875.0	-372.0
254530	2023-12-10 22:37:00	2023-12-10 22:43:00	2023-12-10 22:47:00	M1.4		POINT(77 -21)	-21	77	884.0	-360.0
254540	2023-12-11 00:16:00	2023-12-11 00:24:00	2023-12-11 00:45:00	C3.2		POINT(78 -22)	-22	78	881.0	-374.0
254550	2023-12-11 02:01:00	2023-12-11 02:12:00	2023-12-11 02:28:00	C1.1		POINT(-1 19)	19	-1	-21.0	339.0
254560	2023-12-11 03:22:00	2023-12-11 03:32:00	2023-12-11 03:39:00	C1.8		POINT(80 -22)	-22	80	890.0	-365.0
254570	2023-12-11 04:27:00	2023-12-11 04:32:00	2023-12-11 04:36:00	C1.7		POINT(82 -22)	-22	82	896.0	-365.0
254580	2023-12-11 04:39:00	2023-12-11 04:54:00	2023-12-11 05:01:00	C1.8		POINT(89 5)	5	89	972.0	93.0
254590	2023-12-11 08:15:00	2023-12-11 08:27:00	2023-12-11 08:32:00	C1.3		POINT(84 -20)	-20	84	906.0	-347.0
254600	2023-12-11 08:42:00	2023-12-11 08:46:00	2023-12-11 08:51:00	C3.3		POINT(82 -20)	-20	82	902.0	-345.0
254610	2023-12-11 09:43:00	2023-12-11 09:50:00	2023-12-11 09:55:00	C1.4		POINT(83 -21)	-21	83	897.0	-363.0
254620	2023-12-11 10:54:00	2023-12-11 11:05:00	2023-12-11 11:11:00	C3.6		POINT(89 -20)	-20	89	914.0	-350.0
254630	2023-12-11 12:24:00	2023-12-11 12:29:00	2023-12-11 12:33:00	C1.0		POINT(88 -20)	-20	88	909.0	-346.0
254640	2023-12-11 12:41:00	2023-12-11 12:50:00	2023-12-11 13:05:00	C2.2		POINT(89 -20)	-20	89	915.0	-346.0
254650	2023-12-11 13:05:00	2023-12-11 13:08:00	2023-12-11 13:12:00	C2.5		POINT(84 -20)	-20	84	905.0	-346.0
254660	2023-12-11 13:38:00	2023-12-11 13:46:00	2023-12-11 13:50:00	C3.7		POINT(89 -22)	-22	89	911.0	-350.0
254670	2023-12-11 15:03:00	2023-12-11 15:13:00	2023-12-11 15:21:00	C1.8		POINT(89 -20)	-20	89	911.0	-349.0
254680	2023-12-11 15:21:00	2023-12-11 15:32:00	2023-12-11 15:56:00	C4.4		POINT(89 -20)	-20	89	927.0	-351.0
254690	2023-12-11 19:56:00	2023-12-11 20:02:00	2023-12-11 20:07:00	C1.6		POINT(-44 -22)	-22	-44	-635.0	-365.0
254700	2023-12-11 21:52:00	2023-12-11 22:10:00	2023-12-11 22:25:00	C1.7		POINT(12 7)	7	12	170.0	98.0
254710	2023-12-12 00:02:00	2023-12-12 00:15:00	2023-12-12 00:28:00	C1.3		POINT(89 -21)	-21	89	931.0	-371.0
254720	2023-12-12 03:27:00	2023-12-12 03:38:00	2023-12-12 03:46:00	C9.1		POINT(12 7)	7	12	270.0	90.0
254730	2023-12-12 09:45:00	2023-12-12 09:57:00	2023-12-12 10:05:00	C3.0		POINT(12 7)	7	12	336.0	92.0
254740	2023-12-12 12:33:00	2023-12-12 12:41:00	2023-12-12 12:48:00	C1.3		POINT(21 19)	19	21	308.0	335.0
254750	2023-12-12 13:16:00	2023-12-12 13:45:00	2023-12-12 13:48:00	C8.2		POINT(23 5)	5	23	369.0	91.0
254760	2023-12-12 14:21:00	2023-12-12 14:31:00	2023-12-12 14:46:00	C2.6		POINT(21 5)	5	21	353.0	98.0
254770	2023-12-12 19:08:00	2023-12-12 19:15:00	2023-12-12 19:26:00	C1.6		POINT(25 19)	19	25	390.0	338.0
254780	2023-12-12 22:30:00	2023-12-12 22:55:00	2023-12-12 23:26:00	C2.9		POINT(25 6)	6	25	414.0	113.0
254790	2023-12-13 06:45:00	2023-12-13 06:53:00	2023-12-13 06:59:00	C1.2		POINT(33 4)	4	33	533.0	86.0
254800	2023-12-13 11:23:00	2023-12-13 11:31:00	2023-12-13 11:39:00	C1.2		POINT(-71 11)	11	-71	-908.0	190.0
254810	2023-12-13 14:46:00	2023-12-13 15:15:00	2023-12-13 15:48:00	C9.3		POINT(34 6)	6	34	542.0	101.0
254820	2023-12-13 18:13:00	2023-12-13 18:15:00	2023-12-13 18:19:00	C1.8		POINT(35 5)	5	35	568.0	96.0
254830	2023-12-14 02:20:00	2023-12-14 02:29:00	2023-12-14 02:38:00	C1.9		POINT(-38 -11)	-11	-38	-602.0	-177.0
254840	2023-12-14 04:02:00	2023-12-14 04:09:00	2023-12-14 04:13:00	C2.0		POINT(45 4)	4	45	695.0	80.0
254850	2023-12-14 04:48:00	2023-12-14 04:56:00	2023-12-14 05:00:00	C3.3		POINT(48 3)	3	48	727.0	72.0
254860	2023-12-14 05:47:00	2023-12-14 05:49:00	2023-12-14 05:53:00	C2.0		POINT(48 3)	3	48	734.0	71.0
254870	2023-12-14 06:08:00	2023-12-14 06:09:00	2023-12-14 06:12:00	C1.8		POINT(43 6)	6	43	657.0	102.0
254880	2023-12-14 07:11:00	2023-12-14 07:44:00	2023-12-14 08:00:00	M5.8		POINT(41 4)	4	41	727.0	76.0
254890	2023-12-14 12:25:00	2023-12-14 12:28:00	2023-12-14 12:32:00	C1.8		POINT(45 5)	5	45	699.0	95.0
254900	2023-12-14 13:29:00	2023-12-14 13:48:00	2023-12-14 14:08:00	M2.3		POINT(50 4)	4	50	755.0	80.0
254910	2023-12-14 16:47:00	2023-12-14 17:02:00	2023-12-14 17:12:00	X2.8		POINT(53 4)	4	53	780.0	77.0
254920	2023-12-14 23:31:00	2023-12-14 23:45:00	2023-12-15 00:02:00	C5.4		POINT(45 12)	12	45	677.0	227.0
254930	2023-12-15 00:47:00	2023-12-15 01:03:00	2023-12-15 01:13:00	C5.2		POINT(55 4)	4	55	804.0	81.0
254940	2023-12-15 03:20:00	2023-12-15 03:26:00	2023-12-15 03:38:00	C4.5		POINT(57 4)	4	57	823.0	83.0
254950	2023-12-15 03:39:00	2023-12-15 03:43:00	2023-12-15 03:50:00	C3.8		POINT(57 3)	3	57	818.0	72.0
254960	2023-12-15 05:20:00	2023-12-15 05:23:00	2023-12-15 05:28:00	C2.1		POINT(58 4)	4	58	827.0	78.0
254970	2023-12-15 05:43:00	2023-12-15 05:52:00	2023-12-15 06:00:00	C7.4		POINT(60 9)	9	60	828.0	79.0
254980	2023-12-15 07:03:00	2023-12-15 07:15:00	2023-12-15 07:23:00	M6.3		POINT(61 3)	3	61	855.0	72.0
254990	2023-12-15 07:23:00	2023-12-15 07:34:00	2023-12-15 07:43:00	M6.9		POINT(63 3)	3	63	869.0	68.0
255000	2023-12-15 11:10:00	2023-12-15 11:36:00	2023-12-15 11:51:00	C3.6		POINT(64 4)	4	64	868.0	79.0
255010	2023-12-15 12:29:00	2023-12-15 12:34:00	2023-12-15 12:38:00	C2.5		POINT(66 4)	4	66	876.0	76.0
255020	2023-12-15 19:36:00	2023-12-15 19:41:00	2023-12-15 19:47:00	C1.5		POINT(64 20)	20	64	826.0	353.0
255030	2023-12-15 21:12:00	2023-12-15 21:29:00	2023-12-15 21:38:00	C5.4		POINT(72 3)	3	72	929.0	60.0
255040	2023-12-15 21:38:00	2023-12-15 21:42:00	2023-12-15 21:47:00	C5.3		POINT(69 3)	3	69	911.0	61.0
255050	2023-12-15 22:43:00	2023-12-15 22:50:00	2023-12-15 23:00:00	C2.7		POINT(72 3)	3	72	926.0	63.0
255060	2023-12-15 23:34:00	2023-12-15 23:43:00	2023-12-15 23:49:00	C3.9		POINT(72 3)	3	72	928.0	58.0
255070	2023-12-16 00:05:00	2023-12-16 00:13:00	2023-12-16 00:28:00	C4.6		POINT(72 3)	3	72	928.0	67.0
255080	2023-12-16 02:03:00	2023-12-16 02:12:00	2023-12-16 02:19:00	C2.1		POINT(73 3)	3	73	935.0	61.0
255090	2023-12-16 02:33:00	2023-12-16 02:40:00	2023-12-16 02:56:00	C2.1		POINT(77 3)	3	77	949.0	63.0
255100	2023-12-16 02:56:00	2023-12-16 03:09:00	2023-12-16 03:17:00	C3.9		POINT(74 3)	3	74	938.0	57.0
255110	2023-12-16 05:34:00	2023-12-16 05:46:00	2023-12-16 06:00:00	C3.6		POINT(76 3)	3	76	945.0	60.0
255120	2023-12-16 06:41:00	2023-12-16 06:51:00	2023-12-16 07:00:00	C2.2		POINT(77 3)	3	77	948.0	60.0
255130	2023-12-16 09:01:00	2023-12-16 09:09:00	2023-12-16 09:20:00	C2.1		POINT(78 3)	3	78	954.0	60.0
255140	2023-12-16 11:00:00	2023-12-16 11:07:00	2023-12-16 11:21:00	C2.6		POINT(79 3)	3	79	957.0	58.0
255150	2023-12-16 11:24:00	2023-12-16 11:33:00	2023-12-16 11:40:00	C2.6		POINT(74 16)	16	74	901.0	282.0
255160	2023-12-16 12:26:00	2023-12-16 12:32:00	2023-12-16 12:38:00	C1.9		POINT(79 3)	3	79	956.0	68.0
255170	2023-12-16 13:03:00	2023-12-16 13:10:00	2023-12-16 13:19:00	C2.1		POINT(80 3)	3	80	958.0	68.0
255180	2023-12-16 13:19:00	2023-12-16 13:54:00	2023-12-16 14:12:00	C8.3		POINT(89 7)	7	89	966.0	135.0
255190	2023-12-16 14:12:00	2023-12-16 14:18:00	2023-12-16 14:22:00	C8.1		POINT(89 7)	7	89	990.0	137.0
255200	2023-12-16 17:39:00	2023-12-16 17:44:00	2023-12-16 17:49:00	C2.7		POINT(79 3)	3	79	956.0	57.0
255210	2023-12-16 19:42:00	2023-12-16 19:55:00	2023-12-16 20:15:00	C3.2		POINT(80 5)	5	80	956.0	101.0
255220	2023-12-17 04:37:00	2023-12-17 04:45:00	2023-12-17 04:53:00	C1.7		POINT(72 14)	14	72	903.0	244.0
255230	2023-12-17 06:31:00	2023-12-17 06:35:00	2023-12-17 06:37:00	C2.5		POINT(89 3)	3	89	983.0	53.0
255240	2023-12-17 06:37:00	2023-12-17 06:46:00	2023-12-17 06:55:00	C4.1		POINT(89 3)	3	89	984.0	57.0
255250	2023-12-17 10:19:00	2023-12-17 10:25:00	2023-12-17 10:31:00	C2.1		POINT(89 3)	3	89	983.0	56.0
255260	2023-12-17 17:06:00	2023-12-17 17:29:00	2023-12-17 17:50:00	C3.3		POINT(-69 28)	28	-69	-803.0	457.0
255270	2023-12-17 18:01:00	2023-12-17 18:14:00	2023-12-17 18:35:00	C3.5		POINT(89 9)	9	89	964.0	158.0
255280	2023-12-17 18:04:00	2023-12-17 18:21:00	2023-12-17 18:31:00	C3.8		POINT(89 9)	9	89	965.0	158.0
255290	2023-12-17 20:08:00	2023-12-17 20:17:00	2023-12-17 20:21:00	M1.1		POINT(89 9)	9	89	970.0	155.0
255300	2023-12-17 21:23:00	2023-12-17 21:32:00	2023-12-17 21:43:00	C4.8		POINT(-74 15)	15	-74	-914.0	258.0
255310	2023-12-18 00:23:00	2023-12-18 00:26:00	2023-12-18 00:31:00	C2.2		POINT(18 -8)	-8	18	305.0	-122.0
255320	2023-12-18 01:23:00	2023-12-18 01:28:00	2023-12-18 01:33:00	C2.1		POINT(89 9)	9	89	969.0	164.0
255330	2023-12-18 02:44:00	2023-12-18 02:55:00	2023-12-18 03:00:00	C6.0		POINT(-67 26)	26	-67	-806.0	427.0
255340	2023-12-18 03:35:00	2023-12-18 03:40:00	2023-12-18 03:49:00	C2.1		POINT(-54 12)	12	-54	-774.0	231.0
255350	2023-12-18 03:57:00	2023-12-18 04:08:00	2023-12-18 04:21:00	C4.2		POINT(-76 18)	18	-76	-899.0	309.0
255360	2023-12-18 14:13:00	2023-12-18 14:22:00	2023-12-18 14:30:00	C6.5		POINT(-18 7)	7	-18	-313.0	154.0
255370	2023-12-18 15:06:00	2023-12-18 15:21:00	2023-12-18 15:26:00	C4.4		POINT(89 11)	11	89	968.0	192.0
255380	2023-12-18 19:15:00	2023-12-18 19:25:00	2023-12-18 19:30:00	C4.5		POINT(-16 9)	9	-16	-261.0	154.0
255390	2023-12-18 20:27:00	2023-12-18 20:36:00	2023-12-18 20:42:00	C4.0		POINT(-60 16)	16	-60	-817.0	284.0
255400	2023-12-19 02:42:00	2023-12-19 02:52:00	2023-12-19 02:56:00	C4.6		POINT(-11 5)	5	-11	-191.0	150.0
255410	2023-12-19 02:56:00	2023-12-19 03:04:00	2023-12-19 03:09:00	C7.3		POINT(-10 7)	7	-10	-179.0	147.0
255420	2023-12-19 06:20:00	2023-12-19 06:38:00	2023-12-19 06:47:00	C3.7		POINT(-9 5)	5	-9	-160.0	145.0
255430	2023-12-19 15:13:00	2023-12-19 15:39:00	2023-12-19 15:53:00	C7.1		POINT(-49 -20)	-20	-49	-702.0	-321.0
255440	2023-12-19 17:35:00	2023-12-19 17:39:00	2023-12-19 17:44:00	C2.7		POINT(-44 -19)	-19	-44	-641.0	-312.0
255450	2023-12-19 23:41:00	2023-12-19 23:42:00	2023-12-19 23:47:00	C2.9		POINT(-21 10)	10	-21	-345.0	234.0
255460	2023-12-20 05:48:00	2023-12-20 05:57:00	2023-12-20 06:21:00	C7.9		POINT(-17 10)	10	-17	-302.0	245.0
255470	2023-12-20 08:44:00	2023-12-20 08:54:00	2023-12-20 09:03:00	C8.3		POINT(-15 10)	10	-15	-273.0	245.0
255480	2023-12-20 09:22:00	2023-12-20 09:32:00	2023-12-20 09:59:00	C7.9		POINT(50 -10)	-10	50	744.0	-152.0
255490	2023-12-20 14:28:00	2023-12-20 14:35:00	2023-12-20 14:39:00	C3.8		POINT(-54 8)	8	-54	-786.0	138.0
255500	2023-12-20 16:24:00	2023-12-20 16:28:00	2023-12-20 16:54:00	C2.5		POINT(-34 -19)	-19	-34	-524.0	-306.0
255510	2023-12-20 17:08:00	2023-12-20 17:27:00	2023-12-20 17:41:00	C6.8		POINT(56 -9)	-9	56	803.0	-151.0
255520	2023-12-20 18:39:00	2023-12-20 18:43:00	2023-12-20 18:47:00	C7.2		POINT(-10 9)	9	-10	-173.0	192.0
255530	2023-12-20 20:12:00	2023-12-20 20:17:00	2023-12-20 20:21:00	C3.4		POINT(-75 -22)	-22	-75	-873.0	-362.0
255540	2023-12-20 20:53:00	2023-12-20 21:01:00	2023-12-20 21:05:00	C4.4		POINT(-33 -23)	-23	-33	-498.0	-369.0
255550	2023-12-20 21:34:00	2023-12-20 21:54:00	2023-12-20 22:16:00	C6.5		POINT(58 -10)	-10	58	819.0	-156.0
255560	2023-12-21 00:01:00	2023-12-21 00:06:00	2023-12-21 00:10:00	C5.4		POINT(-31 -24)	-24	-31	-474.0	-371.0
255570	2023-12-21 02:14:00	2023-12-21 02:18:00	2023-12-21 02:22:00	C3.9		POINT(-29 -23)	-23	-29	-445.0	-369.0
255580	2023-12-21 05:19:00	2023-12-21 05:38:00	2023-12-21 05:49:00	M4.2		POINT(61 -12)	-12	61	848.0	-164.0
255590	2023-12-21 10:04:00	2023-12-21 10:10:00	2023-12-21 10:15:00	C2.2		POINT(-1 14)	14	-1	-16.0	235.0
255600	2023-12-21 10:15:00	2023-12-21 10:25:00	2023-12-21 10:29:00	C2.2		POINT(-1 13)	13	-1	-19.0	260.0
255610	2023-12-21 12:16:00	2023-12-21 12:21:00	2023-12-21 12:29:00	C2.1		POINT(19 8)	8	19	345.0	169.0
255620	2023-12-21 16:16:00	2023-12-21 16:25:00	2023-12-21 16:36:00	C2.1		POINT(-6 24)	24	-6	-102.0	438.0
255630	2023-12-21 17:52:00	2023-12-21 18:03:00	2023-12-21 18:10:00	C3.1		POINT(65 -10)	-10	65	875.0	-161.0
255640	2023-12-21 19:03:00	2023-12-21 19:07:00	2023-12-21 19:12:00	C4.1		POINT(-41 9)	9	-41	-644.0	179.0
255650	2023-12-21 20:03:00	2023-12-21 20:10:00	2023-12-21 20:22:00	C1.8		POINT(69 -11)	-11	69	898.0	-178.0
255660	2023-12-21 20:22:00	2023-12-21 20:30:00	2023-12-21 20:40:00	C2.0		POINT(75 -9)	-9	75	931.0	-156.0
255670	2023-12-21 21:14:00	2023-12-21 21:21:00	2023-12-21 21:25:00	C4.0		POINT(-18 -24)	-24	-18	-290.0	-369.0
255680	2023-12-21 23:42:00	2023-12-22 00:04:00	2023-12-22 00:19:00	M3.3		POINT(72 -10)	-10	72	929.0	-164.0
255690	2023-12-22 00:57:00	2023-12-22 01:10:00	2023-12-22 01:33:00	C8.1		POINT(70 -11)	-11	70	905.0	-177.0
255700	2023-12-22 04:46:00	2023-12-22 04:57:00	2023-12-22 05:02:00	C7.8		POINT(73 -11)	-11	73	910.0	-168.0
255710	2023-12-22 09:19:00	2023-12-22 09:23:00	2023-12-22 09:29:00	C6.4		POINT(77 -12)	-12	77	920.0	-179.0
255720	2023-12-22 13:06:00	2023-12-22 13:10:00	2023-12-22 13:14:00	C2.7		POINT(-13 22)	22	-13	-204.0	369.0
255730	2023-12-22 21:58:00	2023-12-22 22:05:00	2023-12-22 22:12:00	C1.8		POINT(38 11)	11	38	591.0	216.0
255740	2023-12-23 09:05:00	2023-12-23 09:14:00	2023-12-23 09:22:00	C3.1		POINT(-17 6)	6	-17	-270.0	143.0
255750	2023-12-23 09:30:00	2023-12-23 09:42:00	2023-12-23 09:51:00	C2.9		POINT(-17 6)	6	-17	-266.0	131.0
255760	2023-12-23 14:26:00	2023-12-23 14:32:00	2023-12-23 14:37:00	C2.2		POINT(89 -8)	-8	89	975.0	-137.0
255770	2023-12-23 17:27:00	2023-12-23 17:41:00	2023-12-23 17:49:00	C2.3		POINT(-15 8)	8	-15	-258.0	176.0
255780	2023-12-24 02:28:00	2023-12-24 02:37:00	2023-12-24 02:56:00	C1.7		POINT(55 6)	6	55	803.0	124.0
255790	2023-12-24 07:26:00	2023-12-24 07:33:00	2023-12-24 07:38:00	C1.9		POINT(23 -19)	-19	23	369.0	-292.0
255800	2023-12-24 07:38:00	2023-12-24 07:45:00	2023-12-24 07:56:00	C2.1		POINT(-26 14)	14	-26	-430.0	267.0
255810	2023-12-24 08:06:00	2023-12-24 08:16:00	2023-12-24 08:21:00	C3.7		POINT(24 -19)	-19	24	379.0	-291.0
255820	2023-12-24 08:56:00	2023-12-24 09:07:00	2023-12-24 09:11:00	C2.1		POINT(-5 9)	9	-5	-85.0	193.0
255830	2023-12-24 09:11:00	2023-12-24 09:19:00	2023-12-24 09:23:00	C2.4		POINT(-4 8)	8	-4	-83.0	179.0
255840	2023-12-24 10:43:00	2023-12-24 10:52:00	2023-12-24 11:00:00	C1.9		POINT(17 -21)	-21	17	269.0	-323.0
255850	2023-12-24 11:09:00	2023-12-24 11:18:00	2023-12-24 11:24:00	M2.9		POINT(27 -20)	-20	27	397.0	-299.0
255860	2023-12-24 16:37:00	2023-12-24 16:49:00	2023-12-24 16:56:00	M2.6		POINT(33 -17)	-17	33	447.0	-303.0
255870	2023-12-24 19:21:00	2023-12-24 19:51:00	2023-12-24 20:16:00	M1.1		POINT(-89 -20)	-20	-89	-925.0	-352.0
255880	2023-12-24 23:28:00	2023-12-24 23:40:00	2023-12-24 23:47:00	C5.0		POINT(33 -21)	-21	33	491.0	-316.0
255890	2023-12-25 00:52:00	2023-12-25 00:59:00	2023-12-25 01:07:00	C4.7		POINT(7 7)	7	7	77.0	164.0
255900	2023-12-25 01:26:00	2023-12-25 01:35:00	2023-12-25 01:41:00	C3.6		POINT(7 7)	7	7	85.0	160.0
255910	2023-12-25 03:09:00	2023-12-25 03:16:00	2023-12-25 03:24:00	C1.8		POINT(-15 14)	14	-15	-245.0	284.0
255920	2023-12-25 07:28:00	2023-12-25 07:38:00	2023-12-25 07:41:00	C2.2		POINT(70 5)	5	70	933.0	113.0
255930	2023-12-25 07:41:00	2023-12-25 07:45:00	2023-12-25 07:49:00	C2.4		POINT(76 5)	5	76	942.0	106.0
255940	2023-12-25 20:42:00	2023-12-25 20:54:00	2023-12-25 21:13:00	C1.3		POINT(16 9)	9	16	273.0	189.0
255950	2023-12-25 23:43:00	2023-12-25 23:47:00	2023-12-25 23:53:00	C1.4		POINT(64 13)	13	64	853.0	227.0
255960	2023-12-26 03:08:00	2023-12-26 03:14:00	2023-12-26 03:18:00	C2.4		POINT(89 4)	4	89	975.0	78.0
255970	2023-12-26 04:15:00	2023-12-26 04:30:00	2023-12-26 04:44:00	C1.5		POINT(89 5)	5	89	984.0	97.0
255980	2023-12-26 04:56:00	2023-12-26 05:01:00	2023-12-26 05:07:00	C4.5		POINT(52 -21)	-21	52	723.0	-333.0
255990	2023-12-26 05:25:00	2023-12-26 05:34:00	2023-12-26 05:41:00	C1.8		POINT(46 -22)	-22	46	652.0	-342.0
256000	2023-12-26 08:56:00	2023-12-26 09:26:00	2023-12-26 09:47:00	C3.2		POINT(89 5)	5	89	987.0	92.0
256010	2023-12-26 10:47:00	2023-12-26 10:59:00	2023-12-26 11:08:00	C2.3		POINT(45 -23)	-23	45	628.0	-368.0
256020	2023-12-26 16:53:00	2023-12-26 17:07:00	2023-12-26 17:18:00	C1.5		POINT(47 16)	16	47	689.0	307.0
256030	2023-12-27 03:09:00	2023-12-27 03:17:00	2023-12-27 03:30:00	C1.6		POINT(-70 -13)	-13	-70	-899.0	-207.0
256040	2023-12-27 05:55:00	2023-12-27 06:06:00	2023-12-27 06:19:00	C1.2		POINT(89 5)	5	89	983.0	98.0
256050	2023-12-27 12:54:00	2023-12-27 12:58:00	2023-12-27 13:30:00	C1.2		POINT(-64 -12)	-12	-64	-867.0	-208.0
256060	2023-12-27 19:35:00	2023-12-27 19:41:00	2023-12-27 19:49:00	C1.9		POINT(-61 -13)	-13	-61	-833.0	-201.0
256070	2023-12-28 10:52:00	2023-12-28 10:58:00	2023-12-28 11:02:00	C1.8		POINT(34 14)	14	34	539.0	286.0
256080	2023-12-28 20:27:00	2023-12-28 20:32:00	2023-12-28 20:39:00	C1.0		POINT(-49 -12)	-12	-49	-731.0	-182.0
256090	2023-12-28 20:39:00	2023-12-28 20:52:00	2023-12-28 21:05:00	C2.1		POINT(-89 7)	7	-89	-980.0	125.0
256100	2023-12-28 22:42:00	2023-12-28 22:51:00	2023-12-28 23:01:00	C1.5		POINT(35 16)	16	35	539.0	311.0
256110	2023-12-29 00:23:00	2023-12-29 00:33:00	2023-12-29 00:41:00	C2.5		POINT(63 6)	6	63	869.0	123.0
256120	2023-12-29 00:41:00	2023-12-29 00:47:00	2023-12-29 00:54:00	C2.6		POINT(65 4)	4	65	884.0	92.0
256130	2023-12-29 01:36:00	2023-12-29 01:40:00	2023-12-29 01:45:00	C1.5		POINT(64 5)	5	64	875.0	113.0
256140	2023-12-29 02:13:00	2023-12-29 02:21:00	2023-12-29 02:42:00	C1.3		POINT(36 16)	16	36	564.0	310.0
256150	2023-12-29 03:36:00	2023-12-29 03:40:00	2023-12-29 03:46:00	C1.3		POINT(36 16)	16	36	563.0	305.0
256160	2023-12-29 04:26:00	2023-12-29 04:34:00	2023-12-29 04:45:00	C1.2		POINT(89 -21)	-21	89	909.0	-359.0
256170	2023-12-29 07:14:00	2023-12-29 07:24:00	2023-12-29 07:35:00	C1.4		POINT(40 16)	16	40	614.0	312.0
256180	2023-12-29 07:49:00	2023-12-29 07:54:00	2023-12-29 08:03:00	C9.8		POINT(38 15)	15	38	599.0	304.0
256190	2023-12-29 11:31:00	2023-12-29 11:45:00	2023-12-29 11:53:00	C1.8		POINT(89 13)	13	89	959.0	222.0
256200	2023-12-29 12:05:00	2023-12-29 12:23:00	2023-12-29 12:57:00	C2.5		POINT(72 6)	6	72	923.0	126.0
256210	2023-12-29 20:07:00	2023-12-29 20:17:00	2023-12-29 20:24:00	C6.6		POINT(76 5)	5	76	944.0	96.0
256220	2023-12-30 00:01:00	2023-12-30 00:10:00	2023-12-30 00:19:00	C1.4		POINT(78 6)	6	78	950.0	113.0
256230	2023-12-30 06:59:00	2023-12-30 07:10:00	2023-12-30 07:29:00	C1.9		POINT(89 6)	6	89	971.0	110.0
256240	2023-12-30 07:29:00	2023-12-30 07:47:00	2023-12-30 07:57:00	C3.2		POINT(85 5)	5	85	968.0	89.0
256250	2023-12-30 11:47:00	2023-12-30 11:55:00	2023-12-30 12:07:00	C1.7		POINT(-89 5)	5	-89	-984.0	93.0
256260	2023-12-30 14:44:00	2023-12-30 14:52:00	2023-12-30 14:57:00	C2.1		POINT(89 5)	5	89	977.0	87.0
256270	2023-12-30 15:17:00	2023-12-30 15:20:00	2023-12-30 15:24:00	C5.7		POINT(-89 3)	3	-89	-974.0	51.0
256280	2023-12-30 21:23:00	2023-12-30 21:28:00	2023-12-30 21:32:00	C2.2		POINT(-89 4)	4	-89	-981.0	74.0
256290	2023-12-30 21:41:00	2023-12-30 21:50:00	2023-12-30 21:54:00	C6.1		POINT(89 8)	8	89	975.0	150.0
256300	2023-12-30 23:56:00	2023-12-31 00:06:00	2023-12-31 00:15:00	C1.8		POINT(-89 3)	3	-89	-986.0	62.0
256310	2023-12-31 00:14:00	2023-12-31 00:19:00	2023-12-31 00:24:00	C2.1		POINT(-89 4)	4	-89	-984.0	77.0
256320	2023-12-31 02:38:00	2023-12-31 02:47:00	2023-12-31 03:04:00	C1.2		POINT(89 8)	8	89	974.0	144.0
256330	2023-12-31 03:04:00	2023-12-31 03:13:00	2023-12-31 03:19:00	C4.2		POINT(89 8)	8	89	969.0	143.0
256340	2023-12-31 08:13:00	2023-12-31 08:17:00	2023-12-31 08:28:00	C9.6		POINT(-89 4)	4	-89	-977.0	81.0
256350	2023-12-31 09:02:00	2023-12-31 09:12:00	2023-12-31 09:18:00	C8.3		POINT(-89 4)	4	-89	-976.0	83.0
256360	2023-12-31 11:55:00	2023-12-31 12:07:00	2023-12-31 12:28:00	C2.7		POINT(89 9)	9	89	983.0	156.0
256370	2023-12-31 12:37:00	2023-12-31 12:55:00	2023-12-31 13:14:00	C5.5		POINT(-89 5)	5	-89	-978.0	86.0
256380	2023-12-31 17:38:00	2023-12-31 17:46:00	2023-12-31 17:51:00	C2.4		POINT(-81 4)	4	-81	-963.0	79.0
256390	2023-12-31 18:02:00	2023-12-31 18:16:00	2023-12-31 18:28:00	C3.8		POINT(-89 3)	3	-89	-987.0	62.0
256400	2023-12-31 18:28:00	2023-12-31 18:39:00	2023-12-31 18:44:00	C4.2		POINT(-81 4)	4	-81	-962.0	81.0
256410	2023-12-31 18:44:00	2023-12-31 19:12:00	2023-12-31 19:40:00	M1.0		POINT(-89 4)	4	-89	-987.0	73.0
256420	2023-12-31 21:35:00	2023-12-31 22:03:00	2023-12-31 22:17:00	X5.0		POINT(-73 4)	4	-73	-957.0	78.0
256430	2024-01-01 01:34:00	2024-01-01 01:38:00	2024-01-01 01:38:00	C4.1		POINT(-89 11)	11	-89	-963.0	200.0
256440	2024-01-01 07:51:00	2024-01-01 08:06:00	2024-01-01 08:06:00	C4.7		POINT(-73 3)	3	-73	-932.0	69.0
256450	2024-01-01 08:29:00	2024-01-01 08:47:00	2024-01-01 08:47:00	M2.3		POINT(-70 4)	4	-70	-922.0	81.0
256460	2024-01-01 10:15:00	2024-01-01 10:20:00	2024-01-01 10:20:00	C1.9		POINT(-77 7)	7	-77	-942.0	145.0
256470	2024-01-01 11:54:00	2024-01-01 12:25:00	2024-01-01 12:25:00	M4.7		POINT(-69 4)	4	-69	-910.0	87.0
256480	2024-01-01 16:17:00	2024-01-01 16:28:00	2024-01-01 16:28:00	C2.6		POINT(-67 6)	6	-67	-895.0	95.0
256490	2024-01-01 16:47:00	2024-01-01 17:04:00	2024-01-01 17:04:00	C5.7		POINT(-65 6)	6	-65	-889.0	78.0
256500	2024-01-01 18:30:00	2024-01-01 18:41:00	2024-01-01 18:41:00	C1.3		POINT(-65 4)	4	-65	-884.0	94.0
256510	2024-01-01 19:38:00	2024-01-01 19:51:00	2024-01-01 19:51:00	C1.7		POINT(-64 4)	4	-64	-882.0	90.0
256520	2024-01-01 19:59:00	2024-01-01 20:04:00	2024-01-01 20:04:00	C2.1		POINT(88 14)	14	88	956.0	242.0
256530	2024-01-01 20:10:00	2024-01-01 20:15:00	2024-01-01 20:15:00	C2.3		POINT(-63 3)	3	-63	-875.0	80.0
256540	2024-01-01 21:52:00	2024-01-01 22:07:00	2024-01-01 22:07:00	C1.5		POINT(-67 17)	17	-67	-860.0	309.0
256550	2024-01-02 00:41:00	2024-01-02 00:49:00	2024-01-02 00:49:00	C1.5		POINT(-88 23)	23	-88	-914.0	392.0
256560	2024-01-02 04:31:00	2024-01-02 04:37:00	2024-01-02 04:37:00	C1.5		POINT(-88 24)	24	-88	-897.0	404.0
256570	2024-01-02 05:51:00	2024-01-02 06:06:00	2024-01-02 06:06:00	C1.4		POINT(-60 4)	4	-60	-833.0	90.0
256580	2024-01-02 06:38:00	2024-01-02 06:51:00	2024-01-02 06:51:00	C2.0		POINT(-58 5)	5	-58	-815.0	96.0
256590	2024-01-02 07:10:00	2024-01-02 07:15:00	2024-01-02 07:15:00	C2.0		POINT(-73 11)	11	-73	-915.0	213.0
256600	2024-01-02 07:35:00	2024-01-02 07:43:00	2024-01-02 07:43:00	C1.0		POINT(70 -8)	-8	70	908.0	-135.0
256610	2024-01-02 09:21:00	2024-01-02 09:32:00	2024-01-02 09:32:00	C2.8		POINT(-56 4)	4	-56	-801.0	95.0
256620	2024-01-02 09:48:00	2024-01-02 09:52:00	2024-01-02 09:52:00	C2.5		POINT(-55 3)	3	-55	-799.0	98.0
256630	2024-01-02 10:22:00	2024-01-02 10:30:00	2024-01-02 10:30:00	C1.2		POINT(72 -9)	-9	72	916.0	-152.0
256640	2024-01-02 13:42:00	2024-01-02 13:45:00	2024-01-02 13:45:00	C1.2		POINT(74 -8)	-8	74	930.0	-122.0
256650	2024-01-02 18:02:00	2024-01-02 18:30:00	2024-01-02 18:30:00	M1.1		POINT(-58 5)	5	-58	-831.0	122.0
256660	2024-01-02 21:56:00	2024-01-02 22:03:00	2024-01-02 22:03:00	C1.1		POINT(-52 7)	7	-52	-769.0	102.0
256670	2024-01-03 02:54:00	2024-01-03 02:59:00	2024-01-03 02:59:00	C1.2		POINT(-49 5)	5	-49	-731.0	104.0
256680	2024-01-03 10:00:00	2024-01-03 10:10:00	2024-01-03 10:10:00	C1.8		POINT(-47 3)	3	-47	-717.0	88.0
256690	2024-01-03 10:14:00	2024-01-03 10:18:00	2024-01-03 10:18:00	C3.0		POINT(-49 5)	5	-49	-679.0	113.0
256700	2024-01-03 13:29:00	2024-01-03 13:34:00	2024-01-03 13:34:00	C1.3		POINT(-44 2)	2	-44	-686.0	79.0
256710	2024-01-03 14:42:00	2024-01-03 14:57:00	2024-01-03 14:57:00	C1.8		POINT(-43 16)	16	-43	-645.0	314.0
256720	2024-01-03 16:13:00	2024-01-03 16:21:00	2024-01-03 16:21:00	C1.3		POINT(-85 26)	26	-85	-868.0	441.0
256730	2024-01-03 16:49:00	2024-01-03 16:56:00	2024-01-03 16:56:00	C1.5		POINT(-16 19)	19	-16	-258.0	381.0
256740	2024-01-03 19:38:00	2024-01-03 19:58:00	2024-01-03 19:58:00	C2.6		POINT(-39 6)	6	-39	-672.0	153.0
256750	2024-01-03 22:46:00	2024-01-03 22:53:00	2024-01-03 22:53:00	C1.1		POINT(-14 19)	19	-14	-222.0	383.0
256760	2024-01-03 23:59:00	2024-01-04 00:10:00	2024-01-04 00:10:00	C1.4		POINT(-40 2)	2	-40	-629.0	93.0
256770	2024-01-04 00:13:00	2024-01-04 00:25:00	2024-01-04 00:25:00	C2.1		POINT(-37 2)	2	-37	-600.0	78.0
256780	2024-01-04 01:08:00	2024-01-04 01:16:00	2024-01-04 01:16:00	M1.1		POINT(-38 2)	2	-38	-602.0	89.0
256790	2024-01-04 01:12:00	2024-01-04 01:13:00	2024-01-04 01:13:00	M3.8		POINT(-39 4)	4	-39	-612.0	123.0
256800	2024-01-04 07:19:00	2024-01-04 07:28:00	2024-01-04 07:28:00	C1.5		POINT(-50 10)	10	-50	-745.0	208.0
256810	2024-01-04 08:55:00	2024-01-04 09:06:00	2024-01-04 09:06:00	C1.7		POINT(-7 25)	25	-7	-158.0	392.0
256820	2024-01-04 09:16:00	2024-01-04 09:36:00	2024-01-04 09:36:00	C3.0		POINT(-49 10)	10	-49	-732.0	210.0
256830	2024-01-04 10:20:00	2024-01-04 10:30:00	2024-01-04 10:30:00	C2.2		POINT(-31 4)	4	-31	-509.0	110.0
256840	2024-01-04 17:20:00	2024-01-04 17:31:00	2024-01-04 17:31:00	C3.3		POINT(-1 19)	19	-1	-26.0	378.0
256850	2024-01-04 22:37:00	2024-01-04 22:48:00	2024-01-04 22:48:00	C2.5		POINT(-89 -19)	-19	-89	-936.0	-324.0
256860	2024-01-05 00:32:00	2024-01-05 00:52:00	2024-01-05 00:52:00	C3.2		POINT(-88 -20)	-20	-88	-915.0	-350.0
256870	2024-01-05 02:43:00	2024-01-05 02:51:00	2024-01-05 02:51:00	C1.7		POINT(-23 3)	3	-23	-386.0	107.0
256880	2024-01-05 04:18:00	2024-01-05 04:25:00	2024-01-05 04:25:00	C1.6		POINT(-86 -20)	-20	-86	-909.0	-343.0
256890	2024-01-05 07:55:00	2024-01-05 08:09:00	2024-01-05 08:09:00	C3.7		POINT(55 -16)	-16	55	768.0	-244.0
256900	2024-01-05 12:49:00	2024-01-05 12:56:00	2024-01-05 12:56:00	C1.4		POINT(-79 -20)	-20	-79	-896.0	-337.0
256910	2024-01-05 21:57:00	2024-01-05 22:03:00	2024-01-05 22:03:00	C1.4		POINT(-9 3)	3	-9	-162.0	124.0
256920	2024-01-06 00:41:00	2024-01-06 00:52:00	2024-01-06 00:52:00	C1.7		POINT(-74 -20)	-20	-74	-883.0	-318.0
256930	2024-01-06 04:31:00	2024-01-06 04:50:00	2024-01-06 04:50:00	C5.2		POINT(17 20)	20	17	273.0	398.0
256940	2024-01-06 05:28:00	2024-01-06 05:37:00	2024-01-06 05:37:00	C3.3		POINT(-1 2)	2	-1	-28.0	105.0
256950	2024-01-06 05:41:00	2024-01-06 05:47:00	2024-01-06 05:47:00	C3.8		POINT(-1 2)	2	-1	-19.0	99.0
256960	2024-01-06 05:53:00	2024-01-06 05:59:00	2024-01-06 05:59:00	C4.1		POINT(-3 2)	2	-3	-56.0	101.0
256970	2024-01-06 07:42:00	2024-01-06 07:47:00	2024-01-06 07:47:00	C2.9		POINT(-70 -20)	-20	-70	-861.0	-321.0
256980	2024-01-06 08:17:00	2024-01-06 08:25:00	2024-01-06 08:25:00	C3.0		POINT(-68 -20)	-20	-68	-849.0	-319.0
256990	2024-01-06 10:53:00	2024-01-06 10:58:00	2024-01-06 10:58:00	C2.1		POINT(18 21)	21	18	286.0	408.0
257000	2024-01-06 11:38:00	2024-01-06 11:44:00	2024-01-06 11:44:00	C2.5		POINT(19 21)	21	19	297.0	408.0
257010	2024-01-06 15:27:00	2024-01-06 15:35:00	2024-01-06 15:35:00	C7.1		POINT(19 20)	20	19	298.0	333.0
257020	2024-01-06 16:26:00	2024-01-06 16:33:00	2024-01-06 16:33:00	C2.3		POINT(-63 -16)	-16	-63	-835.0	-268.0
257030	2024-01-06 17:13:00	2024-01-06 17:21:00	2024-01-06 17:21:00	C2.1		POINT(24 20)	20	24	373.0	333.0
257040	2024-01-06 18:26:00	2024-01-06 18:40:00	2024-01-06 18:40:00	C3.4		POINT(24 21)	21	24	390.0	391.0
257050	2024-01-06 19:27:00	2024-01-06 19:36:00	2024-01-06 19:36:00	C4.5		POINT(23 22)	22	23	353.0	408.0
257060	2024-01-06 20:02:00	2024-01-06 20:06:00	2024-01-06 20:06:00	C2.6		POINT(25 21)	21	25	410.0	389.0
257070	2024-01-06 21:53:00	2024-01-06 21:59:00	2024-01-06 21:59:00	C1.7		POINT(-60 -16)	-16	-60	-815.0	-240.0
257080	2024-01-06 22:39:00	2024-01-06 22:44:00	2024-01-06 22:44:00	C1.4		POINT(27 21)	21	27	424.0	392.0
257090	2024-01-07 01:52:00	2024-01-07 02:22:00	2024-01-07 02:22:00	C2.3		POINT(-10 8)	8	-10	-171.0	204.0
257100	2024-01-07 02:24:00	2024-01-07 02:29:00	2024-01-07 02:29:00	C2.3		POINT(28 22)	22	28	428.0	421.0
257110	2024-01-07 04:11:00	2024-01-07 04:18:00	2024-01-07 04:18:00	C1.6		POINT(-56 -20)	-20	-56	-764.0	-310.0
257120	2024-01-07 05:17:00	2024-01-07 05:29:00	2024-01-07 05:29:00	C2.7		POINT(7 3)	3	7	146.0	132.0
257130	2024-01-07 05:57:00	2024-01-07 06:05:00	2024-01-07 06:05:00	C2.4		POINT(5 3)	3	5	173.0	128.0
257140	2024-01-07 06:27:00	2024-01-07 06:36:00	2024-01-07 06:36:00	C3.1		POINT(8 3)	3	8	137.0	126.0
257150	2024-01-07 07:31:00	2024-01-07 07:48:00	2024-01-07 07:48:00	C5.6		POINT(9 4)	4	9	163.0	142.0
257160	2024-01-07 07:42:00	2024-01-07 07:56:00	2024-01-07 07:56:00	C6.3		POINT(10 4)	4	10	150.0	136.0
257170	2024-01-07 08:23:00	2024-01-07 08:32:00	2024-01-07 08:32:00	C3.2		POINT(10 5)	5	10	149.0	129.0
257180	2024-01-07 09:58:00	2024-01-07 10:05:00	2024-01-07 10:05:00	C2.2		POINT(-5 10)	10	-5	-97.0	235.0
257190	2024-01-07 10:09:00	2024-01-07 10:16:00	2024-01-07 10:16:00	C3.0		POINT(10 3)	3	10	169.0	51.0
257200	2024-01-07 10:44:00	2024-01-07 10:51:00	2024-01-07 10:51:00	C2.9		POINT(-9 9)	9	-9	-156.0	219.0
257210	2024-01-07 13:29:00	2024-01-07 13:42:00	2024-01-07 13:42:00	C4.2		POINT(-7 9)	9	-7	-129.0	221.0
257220	2024-01-07 15:16:00	2024-01-07 15:20:00	2024-01-07 15:20:00	C1.7		POINT(33 21)	21	33	502.0	404.0
257230	2024-01-07 17:41:00	2024-01-07 17:44:00	2024-01-07 17:44:00	C3.8		POINT(35 21)	21	35	522.0	406.0
257240	2024-01-07 20:52:00	2024-01-07 21:03:00	2024-01-07 21:03:00	C3.3		POINT(41 21)	21	41	594.0	389.0
257250	2024-01-07 22:11:00	2024-01-07 22:25:00	2024-01-07 22:25:00	C8.7		POINT(89 -13)	-13	89	959.0	-223.0
257260	2024-01-08 02:48:00	2024-01-08 02:52:00	2024-01-08 02:52:00	C2.4		POINT(-45 -19)	-19	-45	-650.0	-299.0
257270	2024-01-08 08:00:00	2024-01-08 08:07:00	2024-01-08 08:07:00	C1.7		POINT(46 19)	19	46	667.0	374.0
257280	2024-01-08 08:13:00	2024-01-08 08:24:00	2024-01-08 08:24:00	C2.8		POINT(14 19)	19	14	329.0	377.0
257290	2024-01-08 09:46:00	2024-01-08 09:59:00	2024-01-08 09:59:00	C7.3		POINT(10 10)	10	10	162.0	234.0
257300	2024-01-08 15:11:00	2024-01-08 15:22:00	2024-01-08 15:22:00	C2.9		POINT(20 9)	9	20	339.0	215.0
257310	2024-01-08 15:42:00	2024-01-08 15:50:00	2024-01-08 15:50:00	C5.7		POINT(50 20)	20	50	712.0	373.0
257320	2024-01-08 19:15:00	2024-01-08 19:30:00	2024-01-08 19:30:00	C4.0		POINT(53 20)	20	53	737.0	370.0
257330	2024-01-08 20:54:00	2024-01-08 21:07:00	2024-01-08 21:07:00	C2.0		POINT(54 20)	20	54	743.0	377.0
257340	2024-01-08 21:10:00	2024-01-08 21:16:00	2024-01-08 21:16:00	C2.1		POINT(52 21)	21	52	722.0	388.0
257350	2024-01-08 21:20:00	2024-01-08 21:24:00	2024-01-08 21:24:00	C2.1		POINT(-35 -18)	-18	-35	-539.0	-259.0
257360	2024-01-09 02:43:00	2024-01-09 02:49:00	2024-01-09 02:49:00	C1.9		POINT(-32 -18)	-18	-32	-491.0	-263.0
257370	2024-01-09 04:01:00	2024-01-09 04:11:00	2024-01-09 04:11:00	C3.1		POINT(55 21)	21	55	754.0	389.0
257380	2024-01-09 08:36:00	2024-01-09 08:50:00	2024-01-09 08:50:00	C2.5		POINT(59 21)	21	59	778.0	395.0
257390	2024-01-09 11:07:00	2024-01-09 11:23:00	2024-01-09 11:23:00	C3.8		POINT(-32 -22)	-22	-32	-486.0	-324.0
257400	2024-01-09 14:46:00	2024-01-09 14:54:00	2024-01-09 14:54:00	C1.9		POINT(63 19)	19	63	822.0	317.0
257410	2024-01-09 14:57:00	2024-01-09 15:03:00	2024-01-09 15:03:00	C1.9		POINT(64 19)	19	64	829.0	317.0
257420	2024-01-09 17:02:00	2024-01-09 17:10:00	2024-01-09 17:10:00	C2.7		POINT(64 19)	19	64	829.0	317.0
257430	2024-01-09 19:00:00	2024-01-09 19:05:00	2024-01-09 19:05:00	C1.8		POINT(-54 -25)	-25	-54	-715.0	-412.0
257440	2024-01-09 19:32:00	2024-01-09 19:36:00	2024-01-09 19:36:00	C3.9		POINT(68 19)	19	68	843.0	344.0
257450	2024-01-09 23:51:00	2024-01-09 23:56:00	2024-01-09 23:56:00	C2.4		POINT(38 7)	7	38	602.0	180.0
257460	2024-01-10 02:02:00	2024-01-10 02:12:00	2024-01-10 02:12:00	C3.3		POINT(-51 -25)	-25	-51	-689.0	-386.0
257470	2024-01-10 02:40:00	2024-01-10 02:46:00	2024-01-10 02:46:00	C3.2		POINT(68 21)	21	68	848.0	372.0
257480	2024-01-10 03:07:00	2024-01-10 03:16:00	2024-01-10 03:16:00	C5.4		POINT(-88 -21)	-21	-88	-936.0	-374.0
257490	2024-01-10 03:18:00	2024-01-10 03:25:00	2024-01-10 03:25:00	C9.6		POINT(69 20)	20	69	854.0	369.0
257500	2024-01-10 04:29:00	2024-01-10 04:33:00	2024-01-10 04:33:00	C7.0		POINT(70 21)	21	70	859.0	371.0
257510	2024-01-10 05:33:00	2024-01-10 05:45:00	2024-01-10 05:45:00	C7.0		POINT(-88 -20)	-20	-88	-929.0	-356.0
257520	2024-01-10 06:48:00	2024-01-10 06:56:00	2024-01-10 06:56:00	C6.6		POINT(44 8)	8	44	682.0	188.0
257530	2024-01-10 08:56:00	2024-01-10 09:03:00	2024-01-10 09:03:00	C3.5		POINT(36 11)	11	36	568.0	242.0
257540	2024-01-10 09:59:00	2024-01-10 10:06:00	2024-01-10 10:06:00	C5.2		POINT(72 21)	21	72	872.0	377.0
257550	2024-01-10 12:39:00	2024-01-10 12:55:00	2024-01-10 12:55:00	M1.4		POINT(-88 -20)	-20	-88	-929.0	-342.0
257560	2024-01-10 14:12:00	2024-01-10 14:27:00	2024-01-10 14:27:00	C4.5		POINT(41 9)	9	41	643.0	209.0
257570	2024-01-10 15:10:00	2024-01-10 15:15:00	2024-01-10 15:15:00	C4.0		POINT(-88 -19)	-19	-88	-927.0	-333.0
257580	2024-01-10 18:56:00	2024-01-10 19:07:00	2024-01-10 19:07:00	C6.5		POINT(50 10)	10	50	739.0	227.0
257590	2024-01-10 19:53:00	2024-01-10 20:00:00	2024-01-10 20:00:00	C3.0		POINT(88 22)	22	88	902.0	374.0
257600	2024-01-10 20:28:00	2024-01-10 20:41:00	2024-01-10 20:41:00	C5.6		POINT(-40 -25)	-25	-40	-567.0	-377.0
257610	2024-01-10 21:53:00	2024-01-10 22:01:00	2024-01-10 22:01:00	C6.0		POINT(79 22)	22	79	885.0	384.0
257620	2024-01-10 23:18:00	2024-01-10 23:28:00	2024-01-10 23:28:00	M1.9		POINT(77 22)	22	77	894.0	377.0
257630	2024-01-11 01:08:00	2024-01-11 01:12:00	2024-01-11 01:12:00	C5.2		POINT(43 9)	9	43	651.0	218.0
257640	2024-01-11 03:39:00	2024-01-11 03:43:00	2024-01-11 03:43:00	C4.6		POINT(-35 -25)	-25	-35	-500.0	-356.0
257650	2024-01-11 04:06:00	2024-01-11 04:15:00	2024-01-11 04:15:00	C3.1		POINT(46 9)	9	46	715.0	214.0
257660	2024-01-11 06:15:00	2024-01-11 06:19:00	2024-01-11 06:19:00	C7.8		POINT(47 13)	13	47	724.0	209.0
257670	2024-01-11 08:01:00	2024-01-11 08:03:00	2024-01-11 08:03:00	C4.1		POINT(-2 -22)	-22	-2	-31.0	-365.0
257680	2024-01-11 08:54:00	2024-01-11 09:01:00	2024-01-11 09:01:00	C6.4		POINT(52 9)	9	52	744.0	210.0
257690	2024-01-11 10:02:00	2024-01-11 10:09:00	2024-01-11 10:09:00	C3.0		POINT(48 9)	9	48	717.0	214.0
257700	2024-01-11 10:31:00	2024-01-11 10:42:00	2024-01-11 10:42:00	C3.9		POINT(88 18)	18	88	938.0	308.0
257710	2024-01-11 11:24:00	2024-01-11 11:34:00	2024-01-11 11:34:00	C4.2		POINT(88 19)	19	88	924.0	329.0
257720	2024-01-11 11:58:00	2024-01-11 12:09:00	2024-01-11 12:09:00	C9.4		POINT(88 19)	19	88	924.0	324.0
257730	2024-01-11 12:44:00	2024-01-11 12:51:00	2024-01-11 12:51:00	M1.3		POINT(88 19)	19	88	924.0	324.0
257740	2024-01-11 15:59:00	2024-01-11 16:11:00	2024-01-11 16:11:00	C3.6		POINT(88 19)	19	88	922.0	317.0
257750	2024-01-11 16:18:00	2024-01-11 16:32:00	2024-01-11 16:32:00	C6.4		POINT(88 18)	18	88	927.0	301.0
257760	2024-01-11 16:43:00	2024-01-11 16:46:00	2024-01-11 16:46:00	C8.3		POINT(88 18)	18	88	927.0	301.0
257770	2024-01-11 17:49:00	2024-01-11 17:52:00	2024-01-11 17:52:00	M1.5		POINT(54 9)	9	54	779.0	152.0
257780	2024-01-11 19:08:00	2024-01-11 19:23:00	2024-01-11 19:23:00	M1.2		POINT(88 18)	18	88	932.0	321.0
257790	2024-01-11 22:45:00	2024-01-11 22:54:00	2024-01-11 22:54:00	C3.6		POINT(60 9)	9	60	820.0	197.0
257800	2024-01-11 23:00:00	2024-01-11 23:11:00	2024-01-11 23:11:00	C4.6		POINT(-54 10)	10	-54	-776.0	234.0
257810	2024-01-12 02:55:00	2024-01-12 02:58:00	2024-01-12 02:58:00	M1.0		POINT(-20 18)	18	-20	-310.0	372.0
257820	2024-01-12 03:50:00	2024-01-12 03:59:00	2024-01-12 03:59:00	C5.7		POINT(57 10)	10	57	863.0	198.0
257830	2024-01-12 04:10:00	2024-01-12 04:15:00	2024-01-12 04:15:00	C6.0		POINT(-56 12)	12	-56	-762.0	234.0
257840	2024-01-12 06:08:00	2024-01-12 06:15:00	2024-01-12 06:15:00	C3.8		POINT(-51 11)	11	-51	-732.0	238.0
257850	2024-01-12 06:23:00	2024-01-12 06:28:00	2024-01-12 06:28:00	C4.4		POINT(62 9)	9	62	851.0	194.0
257860	2024-01-12 08:14:00	2024-01-12 08:20:00	2024-01-12 08:20:00	C3.7		POINT(63 6)	6	63	870.0	143.0
257870	2024-01-12 09:59:00	2024-01-12 10:06:00	2024-01-12 10:06:00	C5.9		POINT(13 -22)	-22	13	207.0	-311.0
257880	2024-01-12 11:03:00	2024-01-12 11:15:00	2024-01-12 11:15:00	C3.9		POINT(88 19)	19	88	930.0	327.0
257890	2024-01-12 11:36:00	2024-01-12 11:42:00	2024-01-12 11:42:00	C3.8		POINT(74 10)	10	74	927.0	191.0
257900	2024-01-12 15:32:00	2024-01-12 15:38:00	2024-01-12 15:38:00	C3.2		POINT(69 10)	10	69	892.0	178.0
257910	2024-01-12 17:01:00	2024-01-12 17:16:00	2024-01-12 17:16:00	C4.7		POINT(88 19)	19	88	940.0	340.0
257920	2024-01-12 22:26:00	2024-01-12 22:40:00	2024-01-12 22:40:00	C3.8		POINT(88 20)	20	88	924.0	342.0
257930	2024-01-13 04:14:00	2024-01-13 04:21:00	2024-01-13 04:21:00	C2.7		POINT(-89 6)	6	-89	-978.0	108.0
257940	2024-01-13 23:22:00	2024-01-13 23:26:00	2024-01-13 23:26:00	C2.3		POINT(35 -21)	-21	35	499.0	-329.0
257950	2024-01-14 00:12:00	2024-01-14 00:22:00	2024-01-14 00:22:00	C4.2		POINT(89 8)	8	89	975.0	146.0
257960	2024-01-14 01:35:00	2024-01-14 01:38:00	2024-01-14 01:38:00	C2.0		POINT(34 -23)	-23	34	512.0	-335.0
257970	2024-01-14 02:49:00	2024-01-14 02:56:00	2024-01-14 02:56:00	C2.0		POINT(-12 -7)	-7	-12	-203.0	-52.0
257980	2024-01-14 04:25:00	2024-01-14 04:34:00	2024-01-14 04:34:00	C1.9		POINT(-52 -19)	-19	-52	-726.0	-288.0
257990	2024-01-14 06:58:00	2024-01-14 07:19:00	2024-01-14 07:19:00	C2.6		POINT(26 -12)	-12	26	427.0	-148.0
258000	2024-01-14 07:27:00	2024-01-14 07:30:00	2024-01-14 07:30:00	C2.8		POINT(42 -19)	-19	42	618.0	-281.0
258010	2024-01-14 11:09:00	2024-01-14 11:19:00	2024-01-14 11:19:00	C2.7		POINT(41 -23)	-23	41	596.0	-341.0
258020	2024-01-14 11:30:00	2024-01-14 12:06:00	2024-01-14 12:06:00	C9.6		POINT(89 1)	1	89	992.0	30.0
258030	2024-01-14 13:00:00	2024-01-14 13:08:00	2024-01-14 13:08:00	C7.2		POINT(-46 -19)	-19	-46	-665.0	-270.0
258040	2024-01-14 16:54:00	2024-01-14 17:01:00	2024-01-14 17:01:00	C5.8		POINT(43 -22)	-22	43	624.0	-336.0
258050	2024-01-14 18:40:00	2024-01-14 18:44:00	2024-01-14 18:44:00	C3.2		POINT(-42 -19)	-19	-42	-627.0	-270.0
258060	2024-01-14 19:49:00	2024-01-14 19:53:00	2024-01-14 19:53:00	C3.0		POINT(46 -20)	-20	46	670.0	-286.0
258070	2024-01-15 02:17:00	2024-01-15 02:26:00	2024-01-15 02:26:00	C2.1		POINT(48 -23)	-23	48	675.0	-344.0
258080	2024-01-15 05:19:00	2024-01-15 05:23:00	2024-01-15 05:23:00	C1.6		POINT(50 -23)	-23	50	689.0	-348.0
258090	2024-01-15 08:53:00	2024-01-15 09:00:00	2024-01-15 09:00:00	C1.7		POINT(57 -19)	-19	57	776.0	-288.0
258100	2024-01-15 13:54:00	2024-01-15 14:05:00	2024-01-15 14:05:00	C2.8		POINT(-45 3)	3	-45	-701.0	116.0
258110	2024-01-15 18:39:00	2024-01-15 18:44:00	2024-01-15 18:44:00	C2.0		POINT(61 -19)	-19	61	803.0	-296.0
258120	2024-01-15 19:24:00	2024-01-15 19:33:00	2024-01-15 19:33:00	C1.9		POINT(47 -8)	-8	47	704.0	-107.0
258130	2024-01-16 03:21:00	2024-01-16 03:30:00	2024-01-16 03:30:00	C2.4		POINT(63 -21)	-21	63	808.0	-318.0
258140	2024-01-16 08:04:00	2024-01-16 08:09:00	2024-01-16 08:09:00	C1.5		POINT(-23 -17)	-17	-23	-325.0	-269.0
258150	2024-01-17 07:17:00	2024-01-17 07:24:00	2024-01-17 07:24:00	C2.6		POINT(-87 27)	27	-87	-869.0	454.0
258160	2024-01-17 13:47:00	2024-01-17 13:56:00	2024-01-17 13:56:00	C2.3		POINT(-87 26)	26	-87	-882.0	447.0
258170	2024-01-17 16:57:00	2024-01-17 17:08:00	2024-01-17 17:08:00	C2.4		POINT(83 -18)	-18	83	920.0	-295.0
258180	2024-01-17 20:29:00	2024-01-17 20:40:00	2024-01-17 20:40:00	C2.3		POINT(-82 26)	26	-82	-866.0	440.0
258190	2024-01-17 21:09:00	2024-01-17 21:22:00	2024-01-17 21:22:00	C2.5		POINT(73 -11)	-11	73	918.0	-169.0
258200	2024-01-17 21:33:00	2024-01-17 21:43:00	2024-01-17 21:43:00	C2.6		POINT(-25 5)	5	-25	-426.0	158.0
258210	2024-01-17 23:19:00	2024-01-17 23:25:00	2024-01-17 23:25:00	C1.6		POINT(-18 3)	3	-18	-312.0	144.0
258220	2024-01-18 03:35:00	2024-01-18 03:46:00	2024-01-18 03:46:00	C2.7		POINT(-16 5)	5	-16	-271.0	169.0
258230	2024-01-18 03:59:00	2024-01-18 04:08:00	2024-01-18 04:08:00	C5.4		POINT(-15 5)	5	-15	-258.0	176.0
258240	2024-01-18 05:04:00	2024-01-18 05:18:00	2024-01-18 05:18:00	C2.5		POINT(-15 5)	5	-15	-258.0	168.0
258250	2024-01-18 10:05:00	2024-01-18 10:14:00	2024-01-18 10:14:00	C3.0		POINT(88 -18)	-18	88	934.0	-305.0
258260	2024-01-18 14:42:00	2024-01-18 14:49:00	2024-01-18 14:49:00	C1.6		POINT(88 -21)	-21	88	917.0	-368.0
258270	2024-01-19 01:46:00	2024-01-19 01:53:00	2024-01-19 01:53:00	C1.8		POINT(89 -11)	-11	89	960.0	-194.0
258280	2024-01-20 02:51:00	2024-01-20 02:58:00	2024-01-20 02:58:00	C1.7		POINT(-43 21)	21	-43	-622.0	414.0
258290	2024-01-20 03:33:00	2024-01-20 03:41:00	2024-01-20 03:41:00	B9.5		POINT(-49 -10)	-10	-49	-727.0	-117.0
258300	2024-01-20 05:15:00	2024-01-20 05:22:00	2024-01-20 05:22:00	B8.5		POINT(-46 25)	25	-46	-635.0	477.0
258310	2024-01-20 05:24:00	2024-01-20 05:28:00	2024-01-20 05:28:00	B9.6		POINT(-45 26)	26	-45	-630.0	481.0
258320	2024-01-20 05:36:00	2024-01-20 05:41:00	2024-01-20 05:41:00	B9.6		POINT(-44 26)	26	-44	-617.0	482.0
258330	2024-01-20 08:35:00	2024-01-20 09:34:00	2024-01-20 09:34:00	C3.5		POINT(-17 -16)	-16	-17	-284.0	-199.0
258340	2024-01-20 12:49:00	2024-01-20 12:53:00	2024-01-20 12:53:00	C1.7		POINT(-40 -10)	-10	-40	-626.0	-118.0
258350	2024-01-20 13:49:00	2024-01-20 13:58:00	2024-01-20 13:58:00	C1.7		POINT(-41 -11)	-11	-41	-636.0	-125.0
258360	2024-01-20 14:21:00	2024-01-20 14:34:00	2024-01-20 14:34:00	C5.2		POINT(-52 28)	28	-52	-675.0	513.0
258370	2024-01-20 18:17:00	2024-01-20 18:26:00	2024-01-20 18:26:00	C1.5		POINT(-49 28)	28	-49	-648.0	518.0
258380	2024-01-20 21:41:00	2024-01-20 21:51:00	2024-01-20 21:51:00	C1.3		POINT(-37 -11)	-11	-37	-588.0	-121.0
258390	2024-01-20 22:00:00	2024-01-20 22:09:00	2024-01-20 22:09:00	C1.4		POINT(-35 27)	27	-35	-507.0	512.0
258400	2024-01-20 22:15:00	2024-01-20 22:22:00	2024-01-20 22:22:00	C1.5		POINT(-36 25)	25	-36	-519.0	482.0
258410	2024-01-21 00:03:00	2024-01-21 00:27:00	2024-01-21 00:27:00	C4.0		POINT(-42 22)	22	-42	-614.0	432.0
258420	2024-01-21 00:35:00	2024-01-21 00:41:00	2024-01-21 00:41:00	C5.3		POINT(-43 28)	28	-43	-586.0	523.0
258430	2024-01-21 01:57:00	2024-01-21 02:02:00	2024-01-21 02:02:00	C6.3		POINT(-34 25)	25	-34	-488.0	483.0
258440	2024-01-21 07:06:00	2024-01-21 07:44:00	2024-01-21 07:44:00	C2.2		POINT(-30 25)	25	-30	-441.0	480.0
258450	2024-01-21 08:34:00	2024-01-21 08:40:00	2024-01-21 08:40:00	C2.0		POINT(-30 25)	25	-30	-429.0	480.0
258460	2024-01-21 11:33:00	2024-01-21 11:37:00	2024-01-21 11:37:00	C2.5		POINT(-36 29)	29	-36	-492.0	530.0
258470	2024-01-21 15:22:00	2024-01-21 15:25:00	2024-01-21 15:25:00	C2.2		POINT(-36 28)	28	-36	-510.0	526.0
258480	2024-01-21 16:12:00	2024-01-21 16:23:00	2024-01-21 16:23:00	C2.9		POINT(-27 24)	24	-27	-405.0	473.0
258490	2024-01-21 16:56:00	2024-01-21 17:02:00	2024-01-21 17:02:00	C2.8		POINT(-21 -26)	-26	-21	-323.0	-361.0
258500	2024-01-21 17:25:00	2024-01-21 17:34:00	2024-01-21 17:34:00	C3.9		POINT(-25 23)	23	-25	-387.0	467.0
258510	2024-01-21 18:23:00	2024-01-21 18:42:00	2024-01-21 18:42:00	C5.8		POINT(-27 27)	27	-27	-403.0	516.0
258520	2024-01-21 19:27:00	2024-01-21 19:35:00	2024-01-21 19:35:00	C6.7		POINT(15 -15)	-15	15	255.0	-180.0
258530	2024-01-21 20:10:00	2024-01-21 20:15:00	2024-01-21 20:15:00	C5.8		POINT(-34 28)	28	-34	-492.0	525.0
258540	2024-01-21 21:12:00	2024-01-21 21:18:00	2024-01-21 21:18:00	C1.8		POINT(51 -23)	-23	51	698.0	-342.0
258550	2024-01-21 21:44:00	2024-01-21 21:52:00	2024-01-21 21:52:00	C2.7		POINT(-23 23)	23	-23	-354.0	468.0
258560	2024-01-21 22:33:00	2024-01-21 22:41:00	2024-01-21 22:41:00	C3.7		POINT(-33 28)	28	-33	-476.0	527.0
258570	2024-01-22 00:26:00	2024-01-22 00:32:00	2024-01-22 00:32:00	C2.9		POINT(-32 25)	25	-32	-468.0	412.0
258580	2024-01-22 01:34:00	2024-01-22 01:47:00	2024-01-22 01:47:00	C6.5		POINT(-23 26)	26	-23	-318.0	476.0
258590	2024-01-22 03:59:00	2024-01-22 04:14:00	2024-01-22 04:14:00	C5.3		POINT(-28 29)	29	-28	-401.0	551.0
258600	2024-01-22 06:09:00	2024-01-22 06:22:00	2024-01-22 06:22:00	M1.5		POINT(-27 29)	29	-27	-405.0	519.0
258610	2024-01-22 07:17:00	2024-01-22 07:28:00	2024-01-22 07:28:00	C5.2		POINT(-30 29)	29	-30	-433.0	538.0
258620	2024-01-22 08:17:00	2024-01-22 08:25:00	2024-01-22 08:25:00	C5.8		POINT(-24 28)	28	-24	-351.0	542.0
258630	2024-01-22 11:12:00	2024-01-22 11:27:00	2024-01-22 11:27:00	C7.0		POINT(-25 28)	28	-25	-363.0	457.0
258640	2024-01-22 16:28:00	2024-01-22 16:49:00	2024-01-22 16:49:00	C7.0		POINT(28 -16)	-16	28	440.0	-268.0
258650	2024-01-22 19:28:00	2024-01-22 19:32:00	2024-01-22 19:32:00	M1.2		POINT(28 -16)	-16	28	440.0	-268.0
258660	2024-01-22 19:43:00	2024-01-22 19:47:00	2024-01-22 19:47:00	M2.0		POINT(28 -17)	-17	28	437.0	-285.0
258670	2024-01-22 21:14:00	2024-01-22 21:21:00	2024-01-22 21:21:00	M3.4		POINT(29 -17)	-17	29	464.0	-217.0
258680	2024-01-22 21:36:00	2024-01-22 21:43:00	2024-01-22 21:43:00	M1.6		POINT(29 -17)	-17	29	452.0	-223.0
258690	2024-01-22 22:19:00	2024-01-22 22:22:00	2024-01-22 22:22:00	M2.1		POINT(30 -17)	-17	30	471.0	-227.0
258700	2024-01-23 00:12:00	2024-01-23 00:15:00	2024-01-23 00:15:00	C8.9		POINT(32 -17)	-17	32	495.0	-224.0
258710	2024-01-23 02:55:00	2024-01-23 03:02:00	2024-01-23 03:02:00	C5.4		POINT(-18 28)	28	-18	-269.0	546.0
258720	2024-01-23 03:09:00	2024-01-23 03:31:00	2024-01-23 03:31:00	M5.1		POINT(-18 29)	29	-18	-275.0	549.0
258730	2024-01-23 04:34:00	2024-01-23 04:41:00	2024-01-23 04:41:00	C3.6		POINT(35 -17)	-17	35	534.0	-225.0
258740	2024-01-23 06:31:00	2024-01-23 06:40:00	2024-01-23 06:40:00	C7.0		POINT(34 -17)	-17	34	524.0	-224.0
258750	2024-01-23 06:35:00	2024-01-23 07:06:00	2024-01-23 07:06:00	C9.6		POINT(35 -19)	-19	35	537.0	-231.0
258760	2024-01-23 07:52:00	2024-01-23 08:11:00	2024-01-23 08:11:00	M2.4		POINT(36 -17)	-17	36	555.0	-223.0
258770	2024-01-23 07:55:00	2024-01-23 08:24:00	2024-01-23 08:24:00	M2.3		POINT(37 -19)	-19	37	575.0	-220.0
258780	2024-01-23 09:17:00	2024-01-23 09:30:00	2024-01-23 09:30:00	C6.2		POINT(-16 30)	30	-16	-237.0	563.0
258790	2024-01-23 09:59:00	2024-01-23 10:04:00	2024-01-23 10:04:00	C3.7		POINT(38 -16)	-16	38	588.0	-217.0
258800	2024-01-23 11:00:00	2024-01-23 11:07:00	2024-01-23 11:07:00	C3.6		POINT(-4 25)	25	-4	-70.0	497.0
258810	2024-01-23 11:52:00	2024-01-23 12:01:00	2024-01-23 12:01:00	C2.6		POINT(-1 25)	25	-1	-21.0	494.0
258820	2024-01-23 13:03:00	2024-01-23 13:08:00	2024-01-23 13:08:00	M1.0		POINT(-13 30)	30	-13	-202.0	563.0
258830	2024-01-23 14:27:00	2024-01-23 14:38:00	2024-01-23 14:38:00	C9.5		POINT(40 -17)	-17	40	608.0	-226.0
258840	2024-01-23 14:45:00	2024-01-23 14:59:00	2024-01-23 14:59:00	M1.3		POINT(41 -18)	-18	41	608.0	-301.0
258850	2024-01-23 16:14:00	2024-01-23 16:33:00	2024-01-23 16:33:00	C7.6		POINT(1 27)	27	1	15.0	442.0
258860	2024-01-23 16:36:00	2024-01-23 16:40:00	2024-01-23 16:40:00	M4.3		POINT(39 -17)	-17	39	591.0	-226.0
258870	2024-01-23 17:32:00	2024-01-23 17:39:00	2024-01-23 17:39:00	C7.3		POINT(1 25)	25	1	18.0	495.0
258880	2024-01-23 18:35:00	2024-01-23 18:44:00	2024-01-23 18:44:00	M1.1		POINT(43 -16)	-16	43	643.0	-207.0
258890	2024-01-23 19:20:00	2024-01-23 19:35:00	2024-01-23 19:35:00	C9.1		POINT(43 -17)	-17	43	647.0	-233.0
258900	2024-01-23 19:57:00	2024-01-23 20:01:00	2024-01-23 20:01:00	M1.0		POINT(43 -18)	-18	43	640.0	-240.0
258910	2024-01-23 20:57:00	2024-01-23 21:07:00	2024-01-23 21:07:00	C4.8		POINT(-7 27)	27	-7	-113.0	525.0
258920	2024-01-24 00:21:00	2024-01-24 00:38:00	2024-01-24 00:38:00	M1.0		POINT(43 -17)	-17	43	640.0	-232.0
258930	2024-01-24 00:43:00	2024-01-24 00:50:00	2024-01-24 00:50:00	C9.0		POINT(45 -17)	-17	45	663.0	-234.0
258940	2024-01-24 01:31:00	2024-01-24 01:40:00	2024-01-24 01:40:00	M2.6		POINT(48 -20)	-20	48	705.0	-221.0
258950	2024-01-24 04:28:00	2024-01-24 04:37:00	2024-01-24 04:37:00	C3.9		POINT(48 -17)	-17	48	696.0	-237.0
258960	2024-01-24 04:42:00	2024-01-24 04:49:00	2024-01-24 04:49:00	C3.7		POINT(48 -18)	-18	48	698.0	-243.0
258970	2024-01-24 05:18:00	2024-01-24 05:43:00	2024-01-24 05:43:00	M1.4		POINT(51 -16)	-16	51	735.0	-222.0
258980	2024-01-24 06:29:00	2024-01-24 06:45:00	2024-01-24 06:45:00	C6.1		POINT(47 -18)	-18	47	738.0	-228.0
258990	2024-01-24 08:55:00	2024-01-24 09:06:00	2024-01-24 09:06:00	C3.7		POINT(-5 30)	30	-5	-73.0	487.0
259000	2024-01-24 10:03:00	2024-01-24 10:18:00	2024-01-24 10:18:00	C4.4		POINT(50 -17)	-17	50	683.0	-251.0
259010	2024-01-24 10:25:00	2024-01-24 10:32:00	2024-01-24 10:32:00	C4.2		POINT(-2 29)	29	-2	-29.0	472.0
259020	2024-01-24 12:09:00	2024-01-24 12:23:00	2024-01-24 12:23:00	C5.9		POINT(54 -17)	-17	54	723.0	-242.0
259030	2024-01-24 12:44:00	2024-01-24 12:57:00	2024-01-24 12:57:00	C6.8		POINT(52 -17)	-17	52	735.0	-252.0
259040	2024-01-24 15:51:00	2024-01-24 15:58:00	2024-01-24 15:58:00	C2.4		POINT(54 -17)	-17	54	758.0	-241.0
259050	2024-01-24 19:26:00	2024-01-24 19:43:00	2024-01-24 19:43:00	C5.8		POINT(56 -17)	-17	56	781.0	-240.0
259060	2024-01-24 20:44:00	2024-01-24 20:58:00	2024-01-24 20:58:00	M1.3		POINT(58 -17)	-17	58	794.0	-246.0
259070	2024-01-25 03:02:00	2024-01-25 03:10:00	2024-01-25 03:10:00	C2.0		POINT(62 -17)	-17	62	822.0	-253.0
259080	2024-01-25 06:20:00	2024-01-25 06:29:00	2024-01-25 06:29:00	C1.5		POINT(66 -16)	-16	66	856.0	-241.0
259090	2024-01-25 09:33:00	2024-01-25 09:38:00	2024-01-25 09:38:00	C2.3		POINT(56 -13)	-13	56	776.0	-130.0
259100	2024-01-25 10:41:00	2024-01-25 10:54:00	2024-01-25 10:54:00	C3.4		POINT(61 -13)	-13	61	835.0	-186.0
259110	2024-01-25 13:52:00	2024-01-25 14:10:00	2024-01-25 14:10:00	C4.2		POINT(27 22)	22	27	395.0	476.0
259120	2024-01-25 14:54:00	2024-01-25 15:08:00	2024-01-25 15:08:00	C5.1		POINT(-87 22)	22	-87	-912.0	378.0
259130	2024-01-25 15:17:00	2024-01-25 15:22:00	2024-01-25 15:22:00	C5.5		POINT(70 -16)	-16	70	878.0	-252.0
259140	2024-01-25 21:45:00	2024-01-25 21:53:00	2024-01-25 21:53:00	C2.7		POINT(74 -16)	-16	74	900.0	-257.0
259150	2024-01-25 22:33:00	2024-01-25 22:43:00	2024-01-25 22:43:00	C4.8		POINT(74 -17)	-17	74	899.0	-262.0
259160	2024-01-26 00:23:00	2024-01-26 00:33:00	2024-01-26 00:33:00	C9.0		POINT(75 -16)	-16	75	903.0	-253.0
259170	2024-01-26 03:27:00	2024-01-26 03:31:00	2024-01-26 03:31:00	C1.8		POINT(76 -15)	-15	76	913.0	-243.0
259180	2024-01-26 04:50:00	2024-01-26 04:59:00	2024-01-26 04:59:00	C9.0		POINT(78 -16)	-16	78	914.0	-266.0
259190	2024-01-26 17:03:00	2024-01-26 17:11:00	2024-01-26 17:11:00	C2.4		POINT(83 -17)	-17	83	922.0	-284.0
259200	2024-01-26 18:09:00	2024-01-26 18:10:00	2024-01-26 18:10:00	C2.0		POINT(45 24)	24	45	629.0	396.0
259210	2024-01-26 20:00:00	2024-01-26 20:24:00	2024-01-26 20:24:00	C3.0		POINT(45 -8)	-8	45	700.0	-86.0
259220	2024-01-27 09:30:00	2024-01-27 09:41:00	2024-01-27 09:41:00	C2.0		POINT(88 -16)	-16	88	947.0	-273.0
259230	2024-01-27 10:28:00	2024-01-27 10:39:00	2024-01-27 10:39:00	C2.9		POINT(88 -16)	-16	88	942.0	-285.0
259240	2024-01-28 09:36:00	2024-01-28 10:17:00	2024-01-28 10:17:00	C3.3		POINT(88 -20)	-20	88	937.0	-345.0
259250	2024-01-28 11:49:00	2024-01-28 11:57:00	2024-01-28 11:57:00	C2.8		POINT(72 -13)	-13	72	903.0	-219.0
259260	2024-01-28 15:18:00	2024-01-28 15:29:00	2024-01-28 15:29:00	C3.2		POINT(59 27)	27	59	728.0	478.0
259270	2024-01-28 15:52:00	2024-01-28 16:00:00	2024-01-28 16:00:00	C3.0		POINT(70 -11)	-11	70	902.0	-159.0
259280	2024-01-28 22:30:00	2024-01-28 22:36:00	2024-01-28 22:36:00	C1.5		POINT(-50 -9)	-9	-50	-740.0	-104.0
259290	2024-01-28 23:22:00	2024-01-28 23:34:00	2024-01-28 23:34:00	C3.4		POINT(-87 19)	19	-87	-928.0	324.0
259300	2024-01-29 00:43:00	2024-01-29 00:51:00	2024-01-29 00:51:00	C5.2		POINT(-87 19)	19	-87	-925.0	334.0
259310	2024-01-29 01:29:00	2024-01-29 01:40:00	2024-01-29 01:40:00	M1.2		POINT(61 29)	29	61	752.0	524.0
259320	2024-01-29 03:41:00	2024-01-29 03:51:00	2024-01-29 03:51:00	C2.5		POINT(78 23)	23	78	876.0	402.0
259330	2024-01-29 03:54:00	2024-01-29 04:38:00	2024-01-29 04:38:00	M6.8		POINT(70 25)	25	70	829.0	411.0
259340	2024-01-29 10:10:00	2024-01-29 10:18:00	2024-01-29 10:18:00	C5.4		POINT(-87 19)	19	-87	-917.0	333.0
259350	2024-01-29 10:34:00	2024-01-29 10:37:00	2024-01-29 10:37:00	C5.1		POINT(-81 19)	19	-81	-910.0	331.0
259360	2024-01-29 11:39:00	2024-01-29 11:43:00	2024-01-29 11:43:00	C2.8		POINT(-57 4)	4	-57	-822.0	123.0
259370	2024-01-29 14:49:00	2024-01-29 14:56:00	2024-01-29 14:56:00	C6.0		POINT(79 27)	27	79	852.0	457.0
259380	2024-01-29 15:24:00	2024-01-29 15:31:00	2024-01-29 15:31:00	C2.4		POINT(81 26)	26	81	862.0	444.0
259390	2024-01-29 16:29:00	2024-01-29 16:42:00	2024-01-29 16:42:00	C5.9		POINT(84 27)	27	84	857.0	459.0
259400	2024-01-29 17:42:00	2024-01-29 17:52:00	2024-01-29 17:52:00	C2.2		POINT(87 24)	24	87	884.0	411.0
259410	2024-01-29 22:28:00	2024-01-29 22:32:00	2024-01-29 22:32:00	C1.8		POINT(-73 19)	19	-73	-879.0	350.0
259420	2024-01-30 00:07:00	2024-01-30 00:16:00	2024-01-30 00:16:00	C1.9		POINT(70 31)	31	70	786.0	528.0
259430	2024-01-30 02:50:00	2024-01-30 02:56:00	2024-01-30 02:56:00	C1.4		POINT(86 28)	28	86	864.0	471.0
259440	2024-01-30 06:18:00	2024-01-30 06:25:00	2024-01-30 06:25:00	C1.4		POINT(-33 23)	23	-33	-493.0	469.0
259450	2024-01-30 06:33:00	2024-01-30 06:41:00	2024-01-30 06:41:00	C2.0		POINT(-47 3)	3	-47	-715.0	132.0
259460	2024-01-30 09:47:00	2024-01-30 09:55:00	2024-01-30 09:55:00	C1.2		POINT(-46 6)	6	-46	-713.0	146.0
259470	2024-01-30 14:45:00	2024-01-30 14:50:00	2024-01-30 14:50:00	C1.3		POINT(-65 17)	17	-65	-849.0	329.0
259480	2024-01-30 15:58:00	2024-01-30 16:02:00	2024-01-30 16:02:00	C1.7		POINT(86 27)	27	86	866.0	461.0
259490	2024-01-30 17:15:00	2024-01-30 17:22:00	2024-01-30 17:22:00	C1.4		POINT(86 26)	26	86	877.0	439.0
259500	2024-01-30 17:34:00	2024-01-30 17:40:00	2024-01-30 17:40:00	C5.7		POINT(86 27)	27	86	869.0	459.0
259510	2024-01-30 18:52:00	2024-01-30 18:59:00	2024-01-30 18:59:00	C1.6		POINT(86 27)	27	86	873.0	449.0
259520	2024-01-30 23:00:00	2024-01-30 23:07:00	2024-01-30 23:07:00	C1.6		POINT(-61 17)	17	-61	-815.0	341.0
259530	2024-01-31 05:19:00	2024-01-31 05:26:00	2024-01-31 05:26:00	C1.9		POINT(86 27)	27	86	867.0	453.0
259540	2024-01-31 06:27:00	2024-01-31 06:31:00	2024-01-31 06:31:00	C3.2		POINT(-36 4)	4	-36	-559.0	150.0
259550	2024-01-31 08:16:00	2024-01-31 08:29:00	2024-01-31 08:29:00	C4.5		POINT(-56 19)	19	-56	-771.0	359.0
259560	2024-01-31 09:38:00	2024-01-31 09:44:00	2024-01-31 09:44:00	C1.6		POINT(-57 21)	21	-57	-768.0	399.0
259570	2024-01-31 10:11:00	2024-01-31 10:17:00	2024-01-31 10:17:00	C1.0		POINT(-56 20)	20	-56	-760.0	371.0
259580	2024-01-31 10:59:00	2024-01-31 11:08:00	2024-01-31 11:08:00	C1.3		POINT(86 29)	29	86	853.0	491.0
259590	2024-01-31 12:05:00	2024-01-31 12:18:00	2024-01-31 12:18:00	C1.4		POINT(-33 6)	6	-33	-542.0	186.0
259600	2024-01-31 13:10:00	2024-01-31 13:22:00	2024-01-31 13:22:00	C1.7		POINT(-5 -16)	-16	-5	-95.0	-178.0
259610	2024-01-31 13:40:00	2024-01-31 13:45:00	2024-01-31 13:45:00	C2.3		POINT(-31 4)	4	-31	-501.0	155.0
259620	2024-01-31 20:22:00	2024-01-31 20:30:00	2024-01-31 20:30:00	C1.2		POINT(-48 18)	18	-48	-696.0	368.0
259630	2024-01-31 21:21:00	2024-01-31 21:25:00	2024-01-31 21:25:00	C1.5		POINT(-11 23)	23	-11	-179.0	473.0
259640	2024-02-01 03:48:00	2024-02-01 03:57:00	2024-02-01 03:57:00	C1.4		POINT(-45 18)	18	-45	-658.0	378.0
259650	2024-02-01 06:06:00	2024-02-01 06:12:00	2024-02-01 06:12:00	C1.0		POINT(-73 -20)	-20	-73	-875.0	-333.0
259660	2024-02-01 06:36:00	2024-02-01 07:43:00	2024-02-01 07:43:00	C3.0		POINT(-1 24)	24	-1	-30.0	499.0
259670	2024-02-01 14:38:00	2024-02-01 14:48:00	2024-02-01 14:48:00	C1.6		POINT(-38 17)	17	-38	-594.0	385.0
259680	2024-02-01 14:57:00	2024-02-01 15:00:00	2024-02-01 15:00:00	C2.5		POINT(-67 -18)	-18	-67	-853.0	-269.0
259690	2024-02-01 18:47:00	2024-02-01 18:52:00	2024-02-01 18:52:00	C1.3		POINT(-39 21)	21	-39	-566.0	413.0
259700	2024-02-01 20:57:00	2024-02-01 21:06:00	2024-02-01 21:06:00	C1.1		POINT(-64 -18)	-18	-64	-831.0	-266.0
259710	2024-02-01 22:12:00	2024-02-01 22:15:00	2024-02-01 22:15:00	C1.1		POINT(5 -9)	-9	5	83.0	-152.0
259720	2024-02-01 23:11:00	2024-02-01 23:22:00	2024-02-01 23:22:00	C2.2		POINT(-62 -18)	-18	-62	-821.0	-263.0
259730	2024-02-02 02:52:00	2024-02-02 03:01:00	2024-02-02 03:01:00	M1.1		POINT(-60 -18)	-18	-60	-807.0	-266.0
259740	2024-02-02 05:20:00	2024-02-02 05:30:00	2024-02-02 05:30:00	C3.2		POINT(-61 -20)	-20	-61	-802.0	-294.0
259750	2024-02-02 08:14:00	2024-02-02 08:19:00	2024-02-02 08:19:00	C1.7		POINT(16 -36)	-36	16	224.0	-491.0
259760	2024-02-02 10:48:00	2024-02-02 10:57:00	2024-02-02 10:57:00	C5.6		POINT(-57 -20)	-20	-57	-767.0	-264.0
259770	2024-02-02 11:16:00	2024-02-02 11:35:00	2024-02-02 11:35:00	C6.5		POINT(-87 -21)	-21	-87	-917.0	-369.0
259780	2024-02-02 15:25:00	2024-02-02 15:34:00	2024-02-02 15:34:00	C3.0		POINT(-53 -19)	-19	-53	-738.0	-261.0
259790	2024-02-02 16:22:00	2024-02-02 16:32:00	2024-02-02 16:32:00	C3.1		POINT(-55 -20)	-20	-55	-752.0	-281.0
259800	2024-02-02 19:16:00	2024-02-02 19:24:00	2024-02-02 19:24:00	C1.6		POINT(-50 -19)	-19	-50	-714.0	-257.0
259810	2024-02-03 00:54:00	2024-02-03 01:05:00	2024-02-03 01:05:00	C3.1		POINT(-88 -17)	-17	-88	-938.0	-306.0
259820	2024-02-03 01:38:00	2024-02-03 02:03:00	2024-02-03 02:03:00	C4.7		POINT(-87 -20)	-20	-87	-935.0	-356.0
259830	2024-02-03 05:31:00	2024-02-03 05:54:00	2024-02-03 05:54:00	C7.7		POINT(-88 -17)	-17	-88	-960.0	-299.0
259840	2024-02-03 10:33:00	2024-02-03 10:47:00	2024-02-03 10:47:00	C5.8		POINT(-88 -16)	-16	-88	-944.0	-275.0
259850	2024-02-03 11:22:00	2024-02-03 11:33:00	2024-02-03 11:33:00	C3.7		POINT(-88 -16)	-16	-88	-946.0	-276.0
259860	2024-02-03 12:44:00	2024-02-03 12:48:00	2024-02-03 12:48:00	C4.3		POINT(-88 -16)	-16	-88	-942.0	-289.0
259870	2024-02-03 13:03:00	2024-02-03 13:06:00	2024-02-03 13:06:00	C3.1		POINT(-88 -15)	-15	-88	-944.0	-270.0
259880	2024-02-03 14:06:00	2024-02-03 14:14:00	2024-02-03 14:14:00	C2.2		POINT(-87 -16)	-16	-87	-934.0	-261.0
259890	2024-02-03 15:19:00	2024-02-03 15:25:00	2024-02-03 15:25:00	C3.1		POINT(-88 -13)	-13	-88	-948.0	-219.0
259900	2024-02-03 17:46:00	2024-02-03 17:56:00	2024-02-03 17:56:00	C4.4		POINT(-87 -15)	-15	-87	-939.0	-251.0
259910	2024-02-03 19:41:00	2024-02-03 19:48:00	2024-02-03 19:48:00	C4.0		POINT(-87 -21)	-21	-87	-907.0	-348.0
259920	2024-02-03 20:11:00	2024-02-03 20:17:00	2024-02-03 20:17:00	C2.3		POINT(-88 -15)	-15	-88	-939.0	-251.0
259930	2024-02-03 21:06:00	2024-02-03 21:17:00	2024-02-03 21:17:00	C5.9		POINT(-88 -15)	-15	-88	-945.0	-264.0
259940	2024-02-03 21:23:00	2024-02-03 21:27:00	2024-02-03 21:27:00	C5.8		POINT(-88 -15)	-15	-88	-942.0	-254.0
259950	2024-02-03 21:29:00	2024-02-03 21:40:00	2024-02-03 21:40:00	C6.4		POINT(-88 -15)	-15	-88	-954.0	-269.0
259960	2024-02-04 01:12:00	2024-02-04 01:17:00	2024-02-04 01:17:00	C3.6		POINT(-88 -15)	-15	-88	-938.0	-252.0
259970	2024-02-04 02:20:00	2024-02-04 02:27:00	2024-02-04 02:27:00	C3.3		POINT(-88 -12)	-12	-88	-955.0	-213.0
259980	2024-02-04 06:48:00	2024-02-04 07:01:00	2024-02-04 07:01:00	C3.7		POINT(-86 -15)	-15	-86	-936.0	-248.0
259990	2024-02-04 07:14:00	2024-02-04 07:16:00	2024-02-04 07:16:00	C3.9		POINT(-82 -16)	-16	-82	-923.0	-265.0
260000	2024-02-04 07:24:00	2024-02-04 07:34:00	2024-02-04 07:34:00	C4.8		POINT(-87 -20)	-20	-87	-916.0	-345.0
260010	2024-02-04 08:16:00	2024-02-04 08:21:00	2024-02-04 08:21:00	C3.9		POINT(-82 -15)	-15	-82	-930.0	-242.0
260020	2024-02-04 11:40:00	2024-02-04 11:53:00	2024-02-04 11:53:00	M1.4		POINT(-84 -15)	-15	-84	-931.0	-254.0
260030	2024-02-04 13:35:00	2024-02-04 13:53:00	2024-02-04 13:53:00	C8.4		POINT(-82 -16)	-16	-82	-927.0	-250.0
260040	2024-02-04 15:08:00	2024-02-04 15:16:00	2024-02-04 15:16:00	C4.3		POINT(-84 -22)	-22	-84	-897.0	-364.0
260050	2024-02-04 15:49:00	2024-02-04 15:57:00	2024-02-04 15:57:00	C6.0		POINT(-79 -15)	-15	-79	-923.0	-251.0
260060	2024-02-04 16:08:00	2024-02-04 16:13:00	2024-02-04 16:13:00	C5.6		POINT(-83 -15)	-15	-83	-923.0	-251.0
260070	2024-02-04 16:22:00	2024-02-04 16:38:00	2024-02-04 16:38:00	M1.5		POINT(-79 -15)	-15	-79	-923.0	-251.0
260080	2024-02-04 17:05:00	2024-02-04 17:12:00	2024-02-04 17:12:00	M1.3		POINT(-77 -15)	-15	-77	-916.0	-251.0
260090	2024-02-04 18:16:00	2024-02-04 18:29:00	2024-02-04 18:29:00	M1.1		POINT(46 -36)	-36	46	566.0	-572.0
260100	2024-02-04 20:16:00	2024-02-04 20:19:00	2024-02-04 20:19:00	C4.4		POINT(-79 -16)	-16	-79	-917.0	-257.0
260110	2024-02-04 20:52:00	2024-02-04 20:57:00	2024-02-04 20:57:00	M1.2		POINT(-83 -20)	-20	-83	-905.0	-329.0
260120	2024-02-04 22:20:00	2024-02-04 22:28:00	2024-02-04 22:28:00	M2.1		POINT(-86 -14)	-14	-86	-940.0	-235.0
260130	2024-02-04 22:34:00	2024-02-04 22:37:00	2024-02-04 22:37:00	M2.7		POINT(-73 -15)	-15	-73	-898.0	-228.0
260140	2024-02-05 01:47:00	2024-02-05 01:55:00	2024-02-05 01:55:00	C3.2		POINT(-75 -15)	-15	-75	-906.0	-232.0
260150	2024-02-05 02:10:00	2024-02-05 02:17:00	2024-02-05 02:17:00	C3.9		POINT(-74 -12)	-12	-74	-914.0	-182.0
260160	2024-02-05 03:15:00	2024-02-05 03:29:00	2024-02-05 03:29:00	C8.8		POINT(-71 -16)	-16	-71	-900.0	-235.0
260170	2024-02-05 04:13:00	2024-02-05 04:28:00	2024-02-05 04:28:00	M2.1		POINT(-71 -16)	-16	-71	-901.0	-246.0
260180	2024-02-05 06:10:00	2024-02-05 06:22:00	2024-02-05 06:22:00	M1.4		POINT(-79 -21)	-21	-79	-889.0	-324.0
260190	2024-02-05 07:28:00	2024-02-05 07:44:00	2024-02-05 07:44:00	C4.6		POINT(51 -38)	-38	51	604.0	-577.0
260200	2024-02-05 07:48:00	2024-02-05 08:02:00	2024-02-05 08:02:00	C6.9		POINT(55 -40)	-40	55	611.0	-581.0
260210	2024-02-05 10:46:00	2024-02-05 11:05:00	2024-02-05 11:05:00	C9.6		POINT(-71 -15)	-15	-71	-880.0	-234.0
260220	2024-02-05 12:59:00	2024-02-05 13:19:00	2024-02-05 13:19:00	C6.3		POINT(-68 -15)	-15	-68	-888.0	-240.0
260230	2024-02-05 14:11:00	2024-02-05 14:19:00	2024-02-05 14:19:00	C3.6		POINT(-77 -15)	-15	-77	-914.0	-234.0
260240	2024-02-05 17:16:00	2024-02-05 17:27:00	2024-02-05 17:27:00	C3.8		POINT(53 -35)	-35	53	636.0	-558.0
260250	2024-02-05 21:48:00	2024-02-05 21:57:00	2024-02-05 21:57:00	C2.6		POINT(48 -12)	-12	48	708.0	-147.0
260260	2024-02-05 23:02:00	2024-02-05 23:15:00	2024-02-05 23:15:00	C6.1		POINT(40 10)	10	40	632.0	203.0
260270	2024-02-06 02:15:00	2024-02-06 02:28:00	2024-02-06 02:28:00	M2.2		POINT(62 -39)	-39	62	671.0	-573.0
260280	2024-02-06 02:37:00	2024-02-06 03:12:00	2024-02-06 03:12:00	M4.2		POINT(63 -40)	-40	63	665.0	-588.0
260290	2024-02-06 11:35:00	2024-02-06 11:44:00	2024-02-06 11:44:00	C4.5		POINT(-58 -16)	-16	-58	-727.0	-185.0
260300	2024-02-06 12:48:00	2024-02-06 12:58:00	2024-02-06 12:58:00	C9.4		POINT(68 -40)	-40	68	698.0	-582.0
260310	2024-02-06 15:47:00	2024-02-06 16:14:00	2024-02-06 16:14:00	C5.1		POINT(-50 -14)	-14	-50	-725.0	-172.0
260320	2024-02-06 17:37:00	2024-02-06 17:44:00	2024-02-06 17:44:00	C3.2		POINT(71 -38)	-38	71	724.0	-573.0
260330	2024-02-06 18:19:00	2024-02-06 18:35:00	2024-02-06 18:35:00	C6.2		POINT(73 -38)	-38	73	727.0	-581.0
260340	2024-02-06 18:38:00	2024-02-06 18:49:00	2024-02-06 18:49:00	M1.3		POINT(72 -36)	-36	72	750.0	-546.0
260350	2024-02-07 00:03:00	2024-02-07 00:05:00	2024-02-07 00:05:00	C2.5		POINT(74 -37)	-37	74	745.0	-563.0
260360	2024-02-07 01:18:00	2024-02-07 01:24:00	2024-02-07 01:24:00	C2.5		POINT(74 -37)	-37	74	747.0	-563.0
260370	2024-02-07 01:51:00	2024-02-07 02:02:00	2024-02-07 02:02:00	C4.5		POINT(86 24)	24	86	889.0	401.0
260380	2024-02-07 02:18:00	2024-02-07 02:31:00	2024-02-07 02:31:00	C8.2		POINT(75 -38)	-38	75	740.0	-579.0
260390	2024-02-07 03:04:00	2024-02-07 03:31:00	2024-02-07 03:31:00	M5.1		POINT(78 -40)	-40	78	741.0	-593.0
260400	2024-02-07 10:35:00	2024-02-07 10:43:00	2024-02-07 10:43:00	C2.8		POINT(-37 -15)	-15	-37	-578.0	-170.0
260410	2024-02-07 13:17:00	2024-02-07 13:41:00	2024-02-07 13:41:00	C4.9		POINT(83 -34)	-34	83	797.0	-537.0
260420	2024-02-07 17:41:00	2024-02-07 18:05:00	2024-02-07 18:05:00	M1.3		POINT(-38 -15)	-15	-38	-590.0	-180.0
260430	2024-02-08 01:20:00	2024-02-08 01:37:00	2024-02-08 01:37:00	C3.9		POINT(6 17)	17	6	111.0	391.0
260440	2024-02-08 04:07:00	2024-02-08 04:14:00	2024-02-08 04:14:00	C2.2		POINT(-33 -16)	-16	-33	-516.0	-192.0
260450	2024-02-08 08:37:00	2024-02-08 08:48:00	2024-02-08 08:48:00	C4.3		POINT(-27 -16)	-16	-27	-462.0	-150.0
260460	2024-02-08 10:51:00	2024-02-08 11:06:00	2024-02-08 11:06:00	C3.4		POINT(-29 -16)	-16	-29	-459.0	-177.0
260470	2024-02-08 11:25:00	2024-02-08 11:40:00	2024-02-08 11:40:00	C5.3		POINT(-22 -10)	-10	-22	-362.0	-75.0
260480	2024-02-08 11:44:00	2024-02-08 11:46:00	2024-02-08 11:46:00	C9.8		POINT(48 19)	19	48	683.0	316.0
260490	2024-02-08 12:41:00	2024-02-08 13:12:00	2024-02-08 13:12:00	M3.4		POINT(-28 -18)	-18	-28	-444.0	-221.0
260500	2024-02-08 14:11:00	2024-02-08 14:18:00	2024-02-08 14:18:00	M1.2		POINT(83 -15)	-15	83	932.0	-244.0
260510	2024-02-08 15:10:00	2024-02-08 15:21:00	2024-02-08 15:21:00	M1.8		POINT(-25 -15)	-15	-25	-397.0	-251.0
260520	2024-02-08 16:12:00	2024-02-08 16:21:00	2024-02-08 16:21:00	C6.1		POINT(81 -11)	-11	81	943.0	-185.0
260530	2024-02-08 16:56:00	2024-02-08 17:07:00	2024-02-08 17:07:00	C7.0		POINT(-22 -14)	-14	-22	-353.0	-235.0
260540	2024-02-08 17:56:00	2024-02-08 18:03:00	2024-02-08 18:03:00	C2.7		POINT(-24 -15)	-15	-24	-382.0	-251.0
260550	2024-02-08 18:56:00	2024-02-08 19:02:00	2024-02-08 19:02:00	M1.3		POINT(-24 -15)	-15	-24	-382.0	-251.0
260560	2024-02-08 22:13:00	2024-02-08 22:21:00	2024-02-08 22:21:00	C2.6		POINT(-23 -15)	-15	-23	-367.0	-251.0
260570	2024-02-08 23:16:00	2024-02-08 23:55:00	2024-02-08 23:55:00	M3.9		POINT(85 -35)	-35	85	825.0	-591.0
260580	2024-02-09 00:36:00	2024-02-09 00:41:00	2024-02-09 00:41:00	M3.1		POINT(-17 -16)	-16	-17	-282.0	-157.0
260590	2024-02-09 02:13:00	2024-02-09 02:25:00	2024-02-09 02:25:00	C6.6		POINT(85 -39)	-39	85	758.0	-623.0
260600	2024-02-09 06:18:00	2024-02-09 06:29:00	2024-02-09 06:29:00	C3.0		POINT(-14 -15)	-15	-14	-235.0	-155.0
260610	2024-02-09 07:26:00	2024-02-09 07:31:00	2024-02-09 07:31:00	C9.4		POINT(-14 -15)	-15	-14	-224.0	-152.0
260620	2024-02-09 07:52:00	2024-02-09 08:04:00	2024-02-09 08:04:00	C3.0		POINT(84 -39)	-39	84	758.0	-626.0
260630	2024-02-09 08:06:00	2024-02-09 08:16:00	2024-02-09 08:16:00	C5.6		POINT(-17 -15)	-15	-17	-232.0	-147.0
260640	2024-02-09 10:15:00	2024-02-09 10:21:00	2024-02-09 10:21:00	C6.2		POINT(-17 -15)	-15	-17	-205.0	-150.0
260650	2024-02-09 12:22:00	2024-02-09 12:28:00	2024-02-09 12:28:00	C1.7		POINT(-14 -16)	-16	-14	-231.0	-179.0
260660	2024-02-09 12:53:00	2024-02-09 13:14:00	2024-02-09 13:14:00	X3.3		POINT(85 -37)	-37	85	774.0	-602.0
260670	2024-02-09 17:54:00	2024-02-09 18:00:00	2024-02-09 18:00:00	M1.2		POINT(-7 -14)	-14	-7	-119.0	-128.0
260680	2024-02-09 23:58:00	2024-02-10 00:07:00	2024-02-10 00:07:00	C3.9		POINT(-7 -16)	-16	-7	-129.0	-172.0
260690	2024-02-10 00:36:00	2024-02-10 00:40:00	2024-02-10 00:40:00	C2.4		POINT(-4 -15)	-15	-4	-77.0	-149.0
260700	2024-02-10 00:42:00	2024-02-10 00:51:00	2024-02-10 00:51:00	M1.5		POINT(-6 -14)	-14	-6	-88.0	-143.0
260710	2024-02-10 02:09:00	2024-02-10 02:14:00	2024-02-10 02:14:00	C2.5		POINT(-3 -15)	-15	-3	-62.0	-149.0
260720	2024-02-10 03:04:00	2024-02-10 03:54:00	2024-02-10 03:54:00	M3.4		POINT(-88 -15)	-15	-88	-957.0	-270.0
260730	2024-02-10 06:44:00	2024-02-10 06:52:00	2024-02-10 06:52:00	C7.4		POINT(-53 8)	8	-53	-780.0	200.0
260740	2024-02-10 06:59:00	2024-02-10 07:33:00	2024-02-10 07:33:00	C7.6		POINT(0 -25)	-25	0	-11.0	-319.0
260750	2024-02-10 07:42:00	2024-02-10 07:46:00	2024-02-10 07:46:00	C8.1		POINT(-3 -16)	-16	-3	-58.0	-166.0
260760	2024-02-10 09:32:00	2024-02-10 09:51:00	2024-02-10 09:51:00	C8.7		POINT(-2 -16)	-16	-2	-43.0	-174.0
260770	2024-02-10 18:11:00	2024-02-10 18:21:00	2024-02-10 18:21:00	C6.1		POINT(2 -16)	-16	2	35.0	-163.0
260780	2024-02-10 20:41:00	2024-02-10 20:49:00	2024-02-10 20:49:00	C2.7		POINT(3 -16)	-16	3	54.0	-167.0
260790	2024-02-10 21:02:00	2024-02-10 21:08:00	2024-02-10 21:08:00	C2.8		POINT(11 -15)	-15	11	180.0	-146.0
260800	2024-02-10 22:41:00	2024-02-10 22:49:00	2024-02-10 22:49:00	C3.2		POINT(4 -16)	-16	4	76.0	-164.0
260810	2024-02-10 22:56:00	2024-02-10 23:07:00	2024-02-10 23:07:00	M9.0		POINT(12 -10)	-10	12	200.0	-99.0
260820	2024-02-10 23:55:00	2024-02-11 00:03:00	2024-02-11 00:03:00	C8.7		POINT(10 -14)	-14	10	156.0	-124.0
260830	2024-02-11 00:33:00	2024-02-11 00:38:00	2024-02-11 00:38:00	C7.3		POINT(5 -14)	-14	5	90.0	-142.0
260840	2024-02-11 01:50:00	2024-02-11 01:54:00	2024-02-11 01:54:00	C3.3		POINT(-10 6)	6	-10	-174.0	211.0
260850	2024-02-11 08:36:00	2024-02-11 08:46:00	2024-02-11 08:46:00	C4.7		POINT(-38 9)	9	-38	-601.0	248.0
260860	2024-02-11 13:56:00	2024-02-11 14:05:00	2024-02-11 14:05:00	C2.9		POINT(-35 7)	7	-35	-564.0	221.0
260870	2024-02-11 17:17:00	2024-02-11 17:25:00	2024-02-11 17:25:00	C3.5		POINT(-32 9)	9	-32	-522.0	254.0
260880	2024-02-11 19:57:00	2024-02-11 20:03:00	2024-02-11 20:03:00	C3.1		POINT(17 -15)	-15	17	281.0	-159.0
260890	2024-02-11 22:35:00	2024-02-11 22:45:00	2024-02-11 22:45:00	M1.0		POINT(-88 10)	10	-88	-966.0	179.0
260900	2024-02-11 23:50:00	2024-02-11 23:58:00	2024-02-11 23:58:00	C2.3		POINT(-88 10)	10	-88	-966.0	176.0
260910	2024-02-12 01:35:00	2024-02-12 01:40:00	2024-02-12 01:40:00	C5.9		POINT(26 -17)	-17	26	393.0	-132.0
260920	2024-02-12 01:45:00	2024-02-12 01:51:00	2024-02-12 01:51:00	C6.3		POINT(25 -12)	-12	25	411.0	-114.0
260930	2024-02-12 03:23:00	2024-02-12 03:48:00	2024-02-12 03:48:00	M6.5		POINT(26 -17)	-17	26	413.0	-132.0
260940	2024-02-12 05:43:00	2024-02-12 05:54:00	2024-02-12 05:54:00	C6.9		POINT(26 -17)	-17	26	332.0	-179.0
260950	2024-02-12 07:11:00	2024-02-12 07:15:00	2024-02-12 07:15:00	C2.1		POINT(-24 7)	7	-24	-402.0	236.0
260960	2024-02-12 10:56:00	2024-02-12 11:12:00	2024-02-12 11:12:00	C3.8		POINT(-84 10)	10	-84	-951.0	180.0
260970	2024-02-12 11:20:00	2024-02-12 11:26:00	2024-02-12 11:26:00	C3.8		POINT(-88 12)	12	-88	-968.0	207.0
260980	2024-02-12 12:34:00	2024-02-12 12:41:00	2024-02-12 12:41:00	C4.0		POINT(-21 7)	7	-21	-352.0	238.0
260990	2024-02-12 12:50:00	2024-02-12 13:08:00	2024-02-12 13:08:00	M1.1		POINT(28 -16)	-16	28	445.0	-177.0
261000	2024-02-12 14:22:00	2024-02-12 14:29:00	2024-02-12 14:29:00	C4.5		POINT(32 -14)	-14	32	511.0	-151.0
261010	2024-02-12 15:31:00	2024-02-12 15:48:00	2024-02-12 15:48:00	M1.4		POINT(34 -12)	-12	34	451.0	-173.0
261020	2024-02-12 20:35:00	2024-02-12 21:17:00	2024-02-12 21:17:00	M2.6		POINT(-86 28)	28	-86	-876.0	471.0
261030	2024-02-13 01:32:00	2024-02-13 01:38:00	2024-02-13 01:38:00	C4.9		POINT(-24 12)	12	-24	-386.0	202.0
261040	2024-02-13 07:28:00	2024-02-13 07:59:00	2024-02-13 07:59:00	C5.0		POINT(-86 24)	24	-86	-903.0	420.0
261050	2024-02-13 12:12:00	2024-02-13 12:19:00	2024-02-13 12:19:00	C3.1		POINT(-7 8)	8	-7	-134.0	258.0
261060	2024-02-13 13:05:00	2024-02-13 13:12:00	2024-02-13 13:12:00	C1.8		POINT(41 -15)	-15	41	620.0	-175.0
261070	2024-02-13 16:56:00	2024-02-13 17:06:00	2024-02-13 17:06:00	C3.1		POINT(53 -13)	-13	53	757.0	-153.0
261080	2024-02-13 19:49:00	2024-02-13 19:57:00	2024-02-13 19:57:00	C3.3		POINT(44 -14)	-14	44	661.0	-182.0
261090	2024-02-14 00:47:00	2024-02-14 00:59:00	2024-02-14 00:59:00	C2.5		POINT(-64 -12)	-12	-64	-855.0	-162.0
261100	2024-02-14 01:26:00	2024-02-14 01:31:00	2024-02-14 01:31:00	C2.2		POINT(-61 -12)	-12	-61	-836.0	-154.0
261110	2024-02-14 02:07:00	2024-02-14 02:11:00	2024-02-14 02:11:00	C2.5		POINT(0 8)	8	0	-8.0	259.0
261120	2024-02-14 03:02:00	2024-02-14 03:10:00	2024-02-14 03:10:00	M1.0		POINT(26 7)	7	26	433.0	230.0
261130	2024-02-14 06:12:00	2024-02-14 06:26:00	2024-02-14 06:26:00	C3.0		POINT(-30 -11)	-11	-30	-477.0	-185.0
261140	2024-02-14 06:49:00	2024-02-14 06:54:00	2024-02-14 06:54:00	C3.6		POINT(58 -17)	-17	58	787.0	-240.0
261150	2024-02-14 07:26:00	2024-02-14 07:35:00	2024-02-14 07:35:00	M1.0		POINT(58 -19)	-19	58	788.0	-225.0
261160	2024-02-14 08:37:00	2024-02-14 08:44:00	2024-02-14 08:44:00	C2.4		POINT(-28 -14)	-14	-28	-458.0	-137.0
261170	2024-02-14 09:16:00	2024-02-14 09:26:00	2024-02-14 09:26:00	C2.6		POINT(58 -18)	-18	58	782.0	-256.0
261180	2024-02-14 09:54:00	2024-02-14 10:06:00	2024-02-14 10:06:00	C4.6		POINT(59 -18)	-18	59	798.0	-240.0
261190	2024-02-14 10:25:00	2024-02-14 10:29:00	2024-02-14 10:29:00	C2.8		POINT(59 -16)	-16	59	807.0	-222.0
261200	2024-02-14 14:06:00	2024-02-14 14:06:00	2024-02-14 14:06:00	C3.8		POINT(-27 -14)	-14	-27	-428.0	-235.0
261210	2024-02-14 14:49:00	2024-02-14 14:54:00	2024-02-14 14:54:00	C2.6		POINT(62 -16)	-16	62	824.0	-267.0
261220	2024-02-14 15:15:00	2024-02-14 15:19:00	2024-02-14 15:19:00	C3.4		POINT(60 -16)	-16	60	809.0	-267.0
261230	2024-02-14 16:01:00	2024-02-14 16:07:00	2024-02-14 16:07:00	C3.0		POINT(60 -16)	-16	60	808.0	-267.0
261240	2024-02-14 17:57:00	2024-02-14 17:56:00	2024-02-14 17:56:00	C7.5		POINT(63 -17)	-17	63	828.0	-284.0
261250	2024-02-14 20:20:00	2024-02-14 20:28:00	2024-02-14 20:28:00	C2.5		POINT(65 -18)	-18	65	837.0	-261.0
261260	2024-02-14 21:33:00	2024-02-14 21:47:00	2024-02-14 21:47:00	C2.3		POINT(66 -14)	-14	66	866.0	-192.0
261270	2024-02-14 22:21:00	2024-02-14 22:30:00	2024-02-14 22:30:00	C2.3		POINT(65 -13)	-13	65	870.0	-196.0
261280	2024-02-14 23:19:00	2024-02-14 23:27:00	2024-02-14 23:27:00	C2.2		POINT(71 -13)	-13	71	897.0	-183.0
261290	2024-02-15 00:08:00	2024-02-15 00:18:00	2024-02-15 00:18:00	C2.8		POINT(59 -16)	-16	59	809.0	-214.0
261300	2024-02-15 00:44:00	2024-02-15 00:51:00	2024-02-15 00:51:00	C3.8		POINT(67 -18)	-18	67	848.0	-269.0
261310	2024-02-15 02:26:00	2024-02-15 02:35:00	2024-02-15 02:35:00	C2.9		POINT(68 -18)	-18	68	859.0	-267.0
261320	2024-02-15 03:34:00	2024-02-15 03:40:00	2024-02-15 03:40:00	C2.4		POINT(67 -18)	-18	67	856.0	-260.0
261330	2024-02-15 05:12:00	2024-02-15 05:20:00	2024-02-15 05:20:00	C2.1		POINT(74 -13)	-13	74	911.0	-187.0
261340	2024-02-15 05:29:00	2024-02-15 05:33:00	2024-02-15 05:33:00	C3.1		POINT(-48 -21)	-21	-48	-672.0	-284.0
261350	2024-02-15 05:36:00	2024-02-15 05:40:00	2024-02-15 05:40:00	C4.0		POINT(-49 -22)	-22	-49	-681.0	-294.0
261360	2024-02-15 07:42:00	2024-02-15 08:11:00	2024-02-15 08:11:00	C5.1		POINT(-73 25)	25	-73	-843.0	438.0
261370	2024-02-15 09:51:00	2024-02-15 09:58:00	2024-02-15 09:58:00	C2.4		POINT(75 -14)	-14	75	911.0	-219.0
261380	2024-02-15 10:08:00	2024-02-15 10:24:00	2024-02-15 10:24:00	C4.5		POINT(80 -9)	-9	80	944.0	-146.0
261390	2024-02-15 11:09:00	2024-02-15 11:13:00	2024-02-15 11:13:00	C3.3		POINT(75 -14)	-14	75	911.0	-215.0
261400	2024-02-15 11:39:00	2024-02-15 11:42:00	2024-02-15 11:42:00	C2.7		POINT(78 -16)	-16	78	912.0	-219.0
261410	2024-02-15 12:09:00	2024-02-15 12:16:00	2024-02-15 12:16:00	C2.6		POINT(77 -14)	-14	77	917.0	-225.0
261420	2024-02-15 12:47:00	2024-02-15 12:50:00	2024-02-15 12:50:00	C2.7		POINT(78 -16)	-16	78	915.0	-217.0
261430	2024-02-15 14:46:00	2024-02-15 14:56:00	2024-02-15 14:56:00	C4.3		POINT(23 7)	7	23	384.0	246.0
261440	2024-02-15 15:13:00	2024-02-15 15:20:00	2024-02-15 15:20:00	C4.7		POINT(80 -16)	-16	80	922.0	-217.0
261450	2024-02-15 16:50:00	2024-02-15 17:07:00	2024-02-15 17:07:00	M1.8		POINT(79 -13)	-13	79	930.0	-206.0
261460	2024-02-15 18:08:00	2024-02-15 18:13:00	2024-02-15 18:13:00	C8.1		POINT(80 -14)	-14	80	929.0	-221.0
261470	2024-02-15 22:35:00	2024-02-15 22:42:00	2024-02-15 22:42:00	C2.6		POINT(51 -8)	-8	51	752.0	-68.0
261480	2024-02-15 23:53:00	2024-02-16 00:27:00	2024-02-16 00:27:00	C3.9		POINT(-32 -9)	-9	-32	-520.0	-62.0
261490	2024-02-16 01:58:00	2024-02-16 02:04:00	2024-02-16 02:04:00	C3.2		POINT(84 -16)	-16	84	926.0	-264.0
261500	2024-02-16 02:39:00	2024-02-16 02:51:00	2024-02-16 02:51:00	M1.5		POINT(88 -13)	-13	88	942.0	-227.0
261510	2024-02-16 06:42:00	2024-02-16 06:53:00	2024-02-16 06:53:00	X2.5		POINT(80 -16)	-16	80	909.0	-303.0
261520	2024-02-16 16:15:00	2024-02-16 16:36:00	2024-02-16 16:36:00	C6.1		POINT(-59 30)	30	-59	-722.0	539.0
261530	2024-02-16 18:19:00	2024-02-16 18:31:00	2024-02-16 18:31:00	C8.9		POINT(88 -14)	-14	88	953.0	-240.0
261540	2024-02-16 18:41:00	2024-02-16 18:46:00	2024-02-16 18:46:00	C8.2		POINT(88 -14)	-14	88	970.0	-249.0
261550	2024-02-16 20:13:00	2024-02-16 20:23:00	2024-02-16 20:23:00	C3.5		POINT(88 -13)	-13	88	954.0	-236.0
261560	2024-02-16 21:57:00	2024-02-16 22:09:00	2024-02-16 22:09:00	M3.0		POINT(88 -14)	-14	88	947.0	-253.0
261570	2024-02-16 23:46:00	2024-02-16 23:56:00	2024-02-16 23:56:00	C2.7		POINT(88 -12)	-12	88	957.0	-220.0
261580	2024-02-17 03:19:00	2024-02-17 03:23:00	2024-02-17 03:23:00	C2.3		POINT(87 -20)	-20	87	917.0	-342.0
261590	2024-02-17 05:44:00	2024-02-17 05:59:00	2024-02-17 05:59:00	C5.2		POINT(48 8)	8	48	721.0	218.0
261600	2024-02-17 09:37:00	2024-02-17 10:35:00	2024-02-17 10:35:00	C5.5		POINT(49 7)	7	49	719.0	203.0
261610	2024-02-17 12:24:00	2024-02-17 12:36:00	2024-02-17 12:36:00	C2.9		POINT(-87 17)	17	-87	-942.0	296.0
261620	2024-02-17 17:43:00	2024-02-17 18:20:00	2024-02-17 18:20:00	C7.4		POINT(88 -15)	-15	88	945.0	-270.0
261630	2024-02-17 18:22:00	2024-02-17 18:34:00	2024-02-17 18:34:00	C7.9		POINT(16 -17)	-17	16	260.0	-177.0
261640	2024-02-18 00:09:00	2024-02-18 00:16:00	2024-02-18 00:16:00	C2.7		POINT(56 11)	11	56	797.0	258.0
261650	2024-02-18 02:30:00	2024-02-18 02:42:00	2024-02-18 02:42:00	C3.5		POINT(61 8)	8	61	841.0	135.0
261660	2024-02-18 02:50:00	2024-02-18 02:53:00	2024-02-18 02:53:00	C3.8		POINT(57 10)	10	57	807.0	237.0
261670	2024-02-18 03:35:00	2024-02-18 04:05:00	2024-02-18 04:05:00	C5.0		POINT(60 8)	8	60	839.0	192.0
261680	2024-02-18 04:18:00	2024-02-18 04:21:00	2024-02-18 04:21:00	C4.6		POINT(-87 18)	18	-87	-924.0	306.0
261690	2024-02-18 11:59:00	2024-02-18 12:08:00	2024-02-18 12:08:00	C2.6		POINT(67 10)	10	67	879.0	222.0
261700	2024-02-18 23:28:00	2024-02-18 23:34:00	2024-02-18 23:34:00	C1.7		POINT(73 10)	10	73	915.0	208.0
261710	2024-02-18 23:42:00	2024-02-18 23:51:00	2024-02-18 23:51:00	C1.7		POINT(89 -10)	-10	89	965.0	-172.0
261720	2024-02-19 00:03:00	2024-02-19 00:11:00	2024-02-19 00:11:00	C2.1		POINT(88 -10)	-10	88	965.0	-183.0
261730	2024-02-19 01:41:00	2024-02-19 01:47:00	2024-02-19 01:47:00	C1.9		POINT(73 8)	8	73	920.0	183.0
261740	2024-02-19 06:17:00	2024-02-19 06:40:00	2024-02-19 06:40:00	C2.6		POINT(88 10)	10	88	954.0	180.0
261750	2024-02-19 07:45:00	2024-02-19 07:49:00	2024-02-19 07:49:00	C2.6		POINT(-87 20)	20	-87	-906.0	346.0
261760	2024-02-19 08:26:00	2024-02-19 08:36:00	2024-02-19 08:36:00	C3.4		POINT(-86 21)	21	-86	-903.0	360.0
261770	2024-02-19 09:34:00	2024-02-19 09:40:00	2024-02-19 09:40:00	C6.7		POINT(-80 19)	19	-80	-900.0	342.0
261780	2024-02-19 12:39:00	2024-02-19 12:47:00	2024-02-19 12:47:00	C5.7		POINT(-80 19)	19	-80	-896.0	347.0
261790	2024-02-19 16:37:00	2024-02-19 16:44:00	2024-02-19 16:44:00	C2.0		POINT(-81 15)	15	-81	-924.0	276.0
261800	2024-02-19 22:39:00	2024-02-19 22:46:00	2024-02-19 22:46:00	C2.7		POINT(88 9)	9	88	961.0	170.0
261810	2024-02-20 15:47:00	2024-02-20 15:56:00	2024-02-20 15:56:00	C2.8		POINT(58 -13)	-13	58	809.0	-171.0
261820	2024-02-20 16:56:00	2024-02-20 17:12:00	2024-02-20 17:12:00	C2.7		POINT(88 9)	9	88	979.0	166.0
261830	2024-02-21 00:32:00	2024-02-21 00:37:00	2024-02-21 00:37:00	C2.4		POINT(-56 19)	19	-56	-764.0	386.0
261840	2024-02-21 00:44:00	2024-02-21 00:58:00	2024-02-21 00:58:00	C3.0		POINT(88 9)	9	88	969.0	165.0
261850	2024-02-21 01:55:00	2024-02-21 02:17:00	2024-02-21 02:17:00	C4.3		POINT(-84 -40)	-40	-84	-748.0	-636.0
261860	2024-02-21 03:38:00	2024-02-21 04:04:00	2024-02-21 04:04:00	C2.4		POINT(-88 -10)	-10	-88	-968.0	-179.0
261870	2024-02-21 07:31:00	2024-02-21 07:35:00	2024-02-21 07:35:00	C1.7		POINT(-48 18)	18	-48	-693.0	382.0
261880	2024-02-21 10:22:00	2024-02-21 10:27:00	2024-02-21 10:27:00	C1.7		POINT(-47 18)	18	-47	-675.0	386.0
261890	2024-02-21 13:09:00	2024-02-21 13:15:00	2024-02-21 13:15:00	C1.4		POINT(-45 18)	18	-45	-660.0	388.0
261900	2024-02-21 13:41:00	2024-02-21 13:52:00	2024-02-21 13:52:00	C2.1		POINT(-85 -33)	-33	-85	-824.0	-544.0
261910	2024-02-21 14:14:00	2024-02-21 14:21:00	2024-02-21 14:21:00	C1.9		POINT(-85 -33)	-33	-85	-813.0	-550.0
261920	2024-02-21 15:39:00	2024-02-21 16:02:00	2024-02-21 16:02:00	C4.1		POINT(-84 -38)	-38	-84	-770.0	-620.0
261930	2024-02-21 18:14:00	2024-02-21 18:25:00	2024-02-21 18:25:00	C3.4		POINT(-42 15)	15	-42	-620.0	360.0
261940	2024-02-21 19:22:00	2024-02-21 19:29:00	2024-02-21 19:29:00	C3.3		POINT(-41 17)	17	-41	-623.0	388.0
261950	2024-02-21 20:30:00	2024-02-21 20:35:00	2024-02-21 20:35:00	C4.0		POINT(-39 16)	16	-39	-584.0	358.0
261960	2024-02-21 22:21:00	2024-02-21 22:31:00	2024-02-21 22:31:00	C3.7		POINT(-40 17)	17	-40	-599.0	369.0
261970	2024-02-21 22:38:00	2024-02-21 22:42:00	2024-02-21 22:42:00	C4.3		POINT(-37 15)	15	-37	-567.0	353.0
261980	2024-02-21 22:52:00	2024-02-21 23:07:00	2024-02-21 23:07:00	X1.8		POINT(-39 17)	17	-39	-587.0	380.0
261990	2024-02-21 23:58:00	2024-02-22 00:14:00	2024-02-22 00:14:00	M1.5		POINT(-85 -35)	-35	-85	-803.0	-577.0
262000	2024-02-22 03:40:00	2024-02-22 03:47:00	2024-02-22 03:47:00	C4.0		POINT(-36 18)	18	-36	-597.0	410.0
262010	2024-02-22 06:17:00	2024-02-22 06:32:00	2024-02-22 06:32:00	X1.7		POINT(-35 16)	16	-35	-534.0	386.0
262020	2024-02-22 11:32:00	2024-02-22 11:39:00	2024-02-22 11:39:00	C3.4		POINT(-89 4)	4	-89	-978.0	75.0
262030	2024-02-22 15:27:00	2024-02-22 15:35:00	2024-02-22 15:35:00	C3.4		POINT(-36 17)	17	-36	-545.0	283.0
262040	2024-02-22 16:17:00	2024-02-22 16:29:00	2024-02-22 16:29:00	C9.4		POINT(-36 17)	17	-36	-545.0	283.0
262050	2024-02-22 17:08:00	2024-02-22 17:16:00	2024-02-22 17:16:00	C4.6		POINT(-89 5)	5	-89	-976.0	92.0
262060	2024-02-22 17:45:00	2024-02-22 17:57:00	2024-02-22 17:57:00	C4.5		POINT(-32 18)	18	-32	-455.0	388.0
262070	2024-02-22 20:29:00	2024-02-22 20:46:00	2024-02-22 20:46:00	M4.8		POINT(-29 18)	18	-29	-423.0	400.0
262080	2024-02-22 22:08:00	2024-02-22 22:34:00	2024-02-22 22:34:00	X6.3		POINT(-27 17)	17	-27	-424.0	396.0
262090	2024-02-23 06:16:00	2024-02-23 06:33:00	2024-02-23 06:33:00	C8.7		POINT(-27 20)	20	-27	-423.0	440.0
262100	2024-02-23 09:43:00	2024-02-23 09:54:00	2024-02-23 09:54:00	C3.8		POINT(-22 19)	19	-22	-347.0	419.0
262110	2024-02-23 10:09:00	2024-02-23 10:15:00	2024-02-23 10:15:00	C3.8		POINT(-14 16)	16	-14	-236.0	390.0
262120	2024-02-23 13:12:00	2024-02-23 13:28:00	2024-02-23 13:28:00	M1.0		POINT(-19 16)	16	-19	-313.0	376.0
262130	2024-02-23 14:54:00	2024-02-23 16:52:00	2024-02-23 16:52:00	M1.4		POINT(-18 18)	18	-18	-289.0	407.0
262140	2024-02-23 17:26:00	2024-02-23 17:47:00	2024-02-23 17:47:00	M2.6		POINT(-18 18)	18	-18	-250.0	396.0
262150	2024-02-23 20:26:00	2024-02-23 20:39:00	2024-02-23 20:39:00	C5.4		POINT(-13 17)	17	-13	-217.0	405.0
262160	2024-02-23 21:08:00	2024-02-23 21:15:00	2024-02-23 21:15:00	C6.0		POINT(-13 18)	18	-13	-208.0	417.0
262170	2024-02-23 23:06:00	2024-02-23 23:13:00	2024-02-23 23:13:00	C4.9		POINT(-6 17)	17	-6	-110.0	399.0
262180	2024-02-24 00:56:00	2024-02-24 01:05:00	2024-02-24 01:05:00	C3.5		POINT(-12 17)	17	-12	-207.0	409.0
262190	2024-02-24 03:32:00	2024-02-24 03:53:00	2024-02-24 03:53:00	C5.9		POINT(-11 15)	15	-11	-189.0	369.0
262200	2024-02-24 05:17:00	2024-02-24 05:34:00	2024-02-24 05:34:00	C3.3		POINT(-14 22)	22	-14	-221.0	470.0
262210	2024-02-24 06:21:00	2024-02-24 06:34:00	2024-02-24 06:34:00	M4.5		POINT(-8 18)	18	-8	-132.0	416.0
262220	2024-02-24 08:03:00	2024-02-24 08:11:00	2024-02-24 08:11:00	C4.4		POINT(-2 17)	17	-2	-38.0	407.0
262230	2024-02-24 09:07:00	2024-02-24 09:13:00	2024-02-24 09:13:00	C5.3		POINT(-12 20)	20	-12	-194.0	441.0
262240	2024-02-24 10:17:00	2024-02-24 10:27:00	2024-02-24 10:27:00	C2.7		POINT(-6 18)	18	-6	-102.0	414.0
262250	2024-02-24 10:32:00	2024-02-24 10:57:00	2024-02-24 10:57:00	M2.2		POINT(-8 15)	15	-8	-138.0	378.0
262260	2024-02-24 11:03:00	2024-02-24 11:18:00	2024-02-24 11:18:00	M3.6		POINT(-5 18)	18	-5	-92.0	415.0
262270	2024-02-24 11:54:00	2024-02-24 11:59:00	2024-02-24 11:59:00	M1.0		POINT(-10 16)	16	-10	-161.0	395.0
262280	2024-02-24 14:35:00	2024-02-24 14:45:00	2024-02-24 14:45:00	C3.9		POINT(-3 17)	17	-3	-57.0	408.0
262290	2024-02-24 16:40:00	2024-02-24 16:48:00	2024-02-24 16:48:00	C4.1		POINT(2 17)	17	2	39.0	411.0
262300	2024-02-24 17:13:00	2024-02-24 17:25:00	2024-02-24 17:25:00	C5.8		POINT(-2 17)	17	-2	-35.0	405.0
262310	2024-02-24 17:39:00	2024-02-24 17:56:00	2024-02-24 17:56:00	C7.8		POINT(-4 15)	15	-4	-67.0	366.0
262320	2024-02-24 20:16:00	2024-02-24 20:29:00	2024-02-24 20:29:00	C4.3		POINT(0 17)	17	0	-8.0	410.0
262330	2024-02-25 06:41:00	2024-02-25 06:58:00	2024-02-25 06:58:00	C4.2		POINT(5 17)	17	5	90.0	401.0
262340	2024-02-25 09:02:00	2024-02-25 09:10:00	2024-02-25 09:10:00	C2.5		POINT(5 15)	15	5	86.0	370.0
262350	2024-02-25 10:55:00	2024-02-25 11:01:00	2024-02-25 11:01:00	C3.1		POINT(2 17)	17	2	47.0	406.0
262360	2024-02-25 16:47:00	2024-02-25 17:22:00	2024-02-25 17:22:00	M2.0		POINT(10 17)	17	10	120.0	352.0
262370	2024-02-26 15:54:00	2024-02-26 16:01:00	2024-02-26 16:01:00	C1.5		POINT(25 17)	17	25	395.0	387.0
262380	2024-02-26 18:25:00	2024-02-26 18:35:00	2024-02-26 18:35:00	C2.0		POINT(20 16)	16	20	329.0	380.0
262390	2024-02-26 21:52:00	2024-02-26 21:55:00	2024-02-26 21:55:00	C1.3		POINT(29 17)	17	29	458.0	386.0
262400	2024-02-27 06:39:00	2024-02-27 06:44:00	2024-02-27 06:44:00	C1.2		POINT(-61 16)	16	-61	-818.0	333.0
262410	2024-02-27 07:14:00	2024-02-27 07:42:00	2024-02-27 07:42:00	C3.4		POINT(32 18)	18	32	489.0	407.0
262420	2024-02-27 14:20:00	2024-02-27 14:35:00	2024-02-27 14:35:00	C1.5		POINT(-23 20)	20	-23	-363.0	442.0
262430	2024-02-27 19:51:00	2024-02-27 20:00:00	2024-02-27 20:00:00	C1.7		POINT(-22 20)	20	-22	-353.0	439.0
262440	2024-02-28 00:27:00	2024-02-28 00:31:00	2024-02-28 00:31:00	C2.2		POINT(-17 7)	7	-17	-252.0	239.0
262450	2024-02-28 02:23:00	2024-02-28 02:29:00	2024-02-28 02:29:00	C1.6		POINT(39 19)	19	39	579.0	417.0
262460	2024-02-28 04:31:00	2024-02-28 04:39:00	2024-02-28 04:39:00	C1.8		POINT(-49 17)	17	-49	-707.0	363.0
262470	2024-02-28 05:55:00	2024-02-28 06:07:00	2024-02-28 06:07:00	C2.9		POINT(41 19)	19	41	600.0	413.0
262480	2024-02-28 06:54:00	2024-02-28 07:00:00	2024-02-28 07:00:00	C1.6		POINT(45 14)	14	45	670.0	329.0
262490	2024-02-28 07:04:00	2024-02-28 07:26:00	2024-02-28 07:26:00	C2.4		POINT(45 14)	14	45	733.0	320.0
262500	2024-02-28 08:56:00	2024-02-28 09:09:00	2024-02-28 09:09:00	C5.1		POINT(-31 -18)	-18	-31	-485.0	-167.0
262510	2024-02-28 16:24:00	2024-02-28 18:54:00	2024-02-28 18:54:00	M1.5		POINT(58 19)	19	58	776.0	379.0
262520	2024-02-28 23:51:00	2024-02-29 00:00:00	2024-02-29 00:00:00	C6.5		POINT(53 15)	15	53	756.0	323.0
262530	2024-02-29 05:04:00	2024-02-29 05:13:00	2024-02-29 05:13:00	C3.9		POINT(-88 -13)	-13	-88	-956.0	-228.0
262540	2024-02-29 07:32:00	2024-02-29 07:39:00	2024-02-29 07:39:00	C1.8		POINT(56 15)	15	56	779.0	323.0
262550	2024-02-29 13:23:00	2024-02-29 13:34:00	2024-02-29 13:34:00	C2.3		POINT(-88 -14)	-14	-88	-949.0	-246.0
262560	2024-02-29 20:56:00	2024-02-29 21:03:00	2024-02-29 21:03:00	C2.4		POINT(66 17)	17	66	846.0	339.0
262570	2024-02-29 23:56:00	2024-03-01 00:01:00	2024-03-01 00:01:00	C3.8		POINT(67 17)	17	67	854.0	338.0
262580	2024-03-01 01:21:00	2024-03-01 01:25:00	2024-03-01 01:25:00	C3.9		POINT(68 17)	17	68	858.0	335.0
262590	2024-03-01 03:15:00	2024-03-01 03:21:00	2024-03-01 03:21:00	C2.5		POINT(-88 -13)	-13	-88	-948.0	-232.0
262600	2024-03-01 05:18:00	2024-03-01 05:24:00	2024-03-01 05:24:00	C1.7		POINT(20 -14)	-14	20	335.0	-130.0
262610	2024-03-01 06:55:00	2024-03-01 07:03:00	2024-03-01 07:03:00	C2.1		POINT(69 15)	15	69	872.0	299.0
262620	2024-03-01 17:32:00	2024-03-01 17:43:00	2024-03-01 17:43:00	C2.3		POINT(-88 -10)	-10	-88	-950.0	-177.0
262630	2024-03-01 18:06:00	2024-03-01 18:12:00	2024-03-01 18:12:00	C1.9		POINT(-80 -16)	-16	-80	-915.0	-251.0
262640	2024-03-01 19:29:00	2024-03-01 19:37:00	2024-03-01 19:37:00	C2.2		POINT(-43 -17)	-17	-43	-631.0	-206.0
262650	2024-03-01 20:23:00	2024-03-01 20:30:00	2024-03-01 20:30:00	C1.7		POINT(-80 -16)	-16	-80	-916.0	-247.0
262660	2024-03-01 23:45:00	2024-03-01 23:48:00	2024-03-01 23:48:00	C2.3		POINT(18 24)	24	18	282.0	459.0
262670	2024-03-02 02:29:00	2024-03-02 02:36:00	2024-03-02 02:36:00	C2.0		POINT(32 -12)	-12	32	509.0	-105.0
262680	2024-03-02 11:16:00	2024-03-02 11:24:00	2024-03-02 11:24:00	C2.0		POINT(24 21)	21	24	378.0	470.0
262690	2024-03-02 12:24:00	2024-03-02 12:30:00	2024-03-02 12:30:00	C1.5		POINT(87 19)	19	87	915.0	326.0
262700	2024-03-02 12:47:00	2024-03-02 12:58:00	2024-03-02 12:58:00	C6.6		POINT(25 21)	21	25	391.0	457.0
262710	2024-03-02 23:38:00	2024-03-02 23:46:00	2024-03-02 23:46:00	C1.8		POINT(-88 -15)	-15	-88	-942.0	-260.0
262720	2024-03-03 03:47:00	2024-03-03 03:55:00	2024-03-03 03:55:00	C2.8		POINT(46 -11)	-11	46	693.0	-114.0
262730	2024-03-03 10:27:00	2024-03-03 10:33:00	2024-03-03 10:33:00	C1.7		POINT(50 -12)	-12	50	733.0	-117.0
262740	2024-03-03 13:03:00	2024-03-03 13:13:00	2024-03-03 13:13:00	C1.6		POINT(50 -12)	-12	50	750.0	-118.0
262750	2024-03-03 15:21:00	2024-03-03 15:27:00	2024-03-03 15:27:00	C1.4		POINT(53 -11)	-11	53	764.0	-123.0
262760	2024-03-03 16:41:00	2024-03-03 17:29:00	2024-03-03 17:29:00	C3.1		POINT(88 12)	12	88	960.0	217.0
262770	2024-03-03 21:25:00	2024-03-03 21:32:00	2024-03-03 21:32:00	C1.4		POINT(-45 18)	18	-45	-650.0	390.0
262780	2024-03-03 21:46:00	2024-03-03 21:49:00	2024-03-03 21:49:00	C1.5		POINT(-44 18)	18	-44	-644.0	393.0
262790	2024-03-03 23:22:00	2024-03-03 23:32:00	2024-03-03 23:32:00	C1.8		POINT(-44 19)	19	-44	-635.0	395.0
262800	2024-03-04 02:22:00	2024-03-04 02:28:00	2024-03-04 02:28:00	C1.3		POINT(-41 18)	18	-41	-609.0	389.0
262810	2024-03-04 02:33:00	2024-03-04 02:38:00	2024-03-04 02:38:00	C1.1		POINT(60 -13)	-13	60	818.0	-165.0
262820	2024-03-04 02:49:00	2024-03-04 02:53:00	2024-03-04 02:53:00	C2.3		POINT(-41 18)	18	-41	-609.0	385.0
262830	2024-03-04 03:08:00	2024-03-04 03:16:00	2024-03-04 03:16:00	C2.4		POINT(-41 18)	18	-41	-612.0	391.0
262840	2024-03-04 08:21:00	2024-03-04 08:30:00	2024-03-04 08:30:00	C1.5		POINT(-39 18)	18	-39	-573.0	398.0
262850	2024-03-04 11:23:00	2024-03-04 11:33:00	2024-03-04 11:33:00	C1.2		POINT(-38 18)	18	-38	-569.0	401.0
262860	2024-03-04 12:00:00	2024-03-04 12:11:00	2024-03-04 12:11:00	C1.6		POINT(51 22)	22	51	705.0	438.0
262870	2024-03-05 09:43:00	2024-03-05 09:52:00	2024-03-05 09:52:00	C1.1		POINT(82 -14)	-14	82	927.0	-229.0
262880	2024-03-05 11:08:00	2024-03-05 11:25:00	2024-03-05 11:25:00	C2.6		POINT(82 -12)	-12	82	935.0	-192.0
262890	2024-03-05 14:16:00	2024-03-05 14:23:00	2024-03-05 14:23:00	C1.9		POINT(-30 -13)	-13	-30	-471.0	-217.0
262900	2024-03-05 14:48:00	2024-03-05 14:56:00	2024-03-05 14:56:00	C1.0		POINT(-37 -17)	-17	-37	-548.0	-165.0
262910	2024-03-05 15:01:00	2024-03-05 15:04:00	2024-03-05 15:04:00	C1.0		POINT(77 22)	22	77	872.0	390.0
262920	2024-03-05 23:46:00	2024-03-05 23:51:00	2024-03-05 23:51:00	C1.4		POINT(87 20)	20	87	907.0	335.0
262930	2024-03-06 10:09:00	2024-03-06 10:24:00	2024-03-06 10:24:00	C1.0		POINT(68 -16)	-16	68	858.0	-248.0
262940	2024-03-06 11:56:00	2024-03-06 12:04:00	2024-03-06 12:04:00	C1.3		POINT(-19 -12)	-12	-19	-314.0	-82.0
262950	2024-03-06 16:24:00	2024-03-06 16:30:00	2024-03-06 16:30:00	C1.0		POINT(-17 -14)	-14	-17	-279.0	-120.0
262960	2024-03-07 02:31:00	2024-03-07 02:40:00	2024-03-07 02:40:00	C1.1		POINT(-12 -13)	-13	-12	-208.0	-115.0
262970	2024-03-07 04:08:00	2024-03-07 04:13:00	2024-03-07 04:13:00	C1.0		POINT(-10 -12)	-12	-10	-178.0	-87.0
262980	2024-03-07 06:09:00	2024-03-07 06:18:00	2024-03-07 06:18:00	C8.3		POINT(-10 -12)	-12	-10	-154.0	-85.0
262990	2024-03-07 08:32:00	2024-03-07 08:36:00	2024-03-07 08:36:00	C1.9		POINT(-9 -12)	-12	-9	-143.0	-86.0
263000	2024-03-07 09:46:00	2024-03-07 09:52:00	2024-03-07 09:52:00	C2.0		POINT(-7 -12)	-12	-7	-129.0	-86.0
263010	2024-03-07 10:15:00	2024-03-07 10:28:00	2024-03-07 10:28:00	C4.0		POINT(-8 -12)	-12	-8	-112.0	-81.0
263020	2024-03-07 12:00:00	2024-03-07 12:07:00	2024-03-07 12:07:00	C6.3		POINT(-5 -12)	-12	-5	-95.0	-81.0
263030	2024-03-07 13:53:00	2024-03-07 14:00:00	2024-03-07 14:00:00	C1.1		POINT(-3 -15)	-15	-3	-62.0	-131.0
263040	2024-03-07 15:42:00	2024-03-07 15:47:00	2024-03-07 15:47:00	C1.0		POINT(-4 -12)	-12	-4	-76.0	-87.0
263050	2024-03-07 16:45:00	2024-03-07 16:51:00	2024-03-07 16:51:00	C2.3		POINT(-3 -12)	-12	-3	-62.0	-83.0
263060	2024-03-07 22:02:00	2024-03-07 22:33:00	2024-03-07 22:33:00	C3.5		POINT(87 17)	17	87	946.0	297.0
263070	2024-03-07 23:24:00	2024-03-07 23:35:00	2024-03-07 23:35:00	C4.6		POINT(-42 6)	6	-42	-659.0	199.0
263080	2024-03-08 06:10:00	2024-03-08 06:20:00	2024-03-08 06:20:00	B8.1		POINT(-39 6)	6	-39	-608.0	201.0
263090	2024-03-08 10:37:00	2024-03-08 10:42:00	2024-03-08 10:42:00	C1.7		POINT(7 -11)	-11	7	116.0	-65.0
263100	2024-03-08 15:23:00	2024-03-08 15:36:00	2024-03-08 15:36:00	B9.1		POINT(-37 8)	8	-37	-557.0	193.0
263110	2024-03-08 18:37:00	2024-03-08 18:42:00	2024-03-08 18:42:00	B9.7		POINT(15 -11)	-11	15	201.0	-72.0
263120	2024-03-08 21:05:00	2024-03-08 21:10:00	2024-03-08 21:10:00	C1.3		POINT(15 -14)	-14	15	248.0	-128.0
263130	2024-03-08 21:18:00	2024-03-08 21:26:00	2024-03-08 21:26:00	M1.3		POINT(15 -14)	-14	15	250.0	-125.0
263140	2024-03-08 23:00:00	2024-03-08 23:08:00	2024-03-08 23:08:00	C1.0		POINT(14 -10)	-10	14	245.0	-61.0
263150	2024-03-09 00:30:00	2024-03-09 00:34:00	2024-03-09 00:34:00	B8.3		POINT(16 -14)	-14	16	268.0	-128.0
263160	2024-03-09 01:09:00	2024-03-09 01:19:00	2024-03-09 01:19:00	C6.3		POINT(19 -15)	-15	19	293.0	-126.0
263170	2024-03-09 01:36:00	2024-03-09 01:40:00	2024-03-09 01:40:00	C1.9		POINT(17 -14)	-14	17	283.0	-122.0
263180	2024-03-09 09:22:00	2024-03-09 09:28:00	2024-03-09 09:28:00	C1.0		POINT(23 -15)	-15	23	368.0	-155.0
263190	2024-03-09 09:32:00	2024-03-09 09:47:00	2024-03-09 09:47:00	C1.6		POINT(20 -11)	-11	20	337.0	-71.0
263200	2024-03-09 11:01:00	2024-03-09 11:08:00	2024-03-09 11:08:00	C1.3		POINT(86 21)	21	86	901.0	357.0
263210	2024-03-09 20:14:00	2024-03-09 20:29:00	2024-03-09 20:29:00	C1.4		POINT(26 -10)	-10	26	427.0	-98.0
263220	2024-03-10 11:07:00	2024-03-10 11:17:00	2024-03-10 11:17:00	C1.6		POINT(34 -12)	-12	34	535.0	-108.0
263230	2024-03-10 12:00:00	2024-03-10 12:13:00	2024-03-10 12:13:00	M7.4		POINT(38 -13)	-13	38	585.0	-138.0
263240	2024-03-10 14:12:00	2024-03-10 14:18:00	2024-03-10 14:18:00	C1.0		POINT(40 -14)	-14	40	612.0	-147.0
263250	2024-03-10 14:20:00	2024-03-10 14:24:00	2024-03-10 14:24:00	C1.1		POINT(40 -14)	-14	40	615.0	-157.0
263260	2024-03-10 15:22:00	2024-03-10 15:38:00	2024-03-10 15:38:00	C6.9		POINT(36 -13)	-13	36	565.0	-131.0
263270	2024-03-10 22:39:00	2024-03-10 22:59:00	2024-03-10 22:59:00	C1.2		POINT(25 13)	13	25	396.0	328.0
263280	2024-03-10 23:22:00	2024-03-10 23:35:00	2024-03-10 23:35:00	C1.2		POINT(42 -11)	-11	42	642.0	-104.0
263290	2024-03-11 02:23:00	2024-03-11 02:32:00	2024-03-11 02:32:00	B7.3		POINT(44 -12)	-12	44	662.0	-128.0
263300	2024-03-11 03:01:00	2024-03-11 03:06:00	2024-03-11 03:06:00	B9.1		POINT(44 -12)	-12	44	663.0	-126.0
263310	2024-03-11 08:36:00	2024-03-11 08:50:00	2024-03-11 08:50:00	C5.8		POINT(50 -14)	-14	50	729.0	-158.0
263320	2024-03-11 11:39:00	2024-03-11 11:57:00	2024-03-11 11:57:00	C1.6		POINT(52 -14)	-14	52	747.0	-163.0
263330	2024-03-11 22:11:00	2024-03-11 22:21:00	2024-03-11 22:21:00	B9.0		POINT(53 -14)	-14	53	759.0	-164.0
263340	2024-03-12 02:44:00	2024-03-12 02:51:00	2024-03-12 02:51:00	C1.5		POINT(58 -12)	-12	58	804.0	-140.0
263350	2024-03-12 04:01:00	2024-03-12 04:08:00	2024-03-12 04:08:00	C2.6		POINT(58 -11)	-11	58	809.0	-123.0
263360	2024-03-12 04:48:00	2024-03-12 04:53:00	2024-03-12 04:53:00	C1.1		POINT(58 -11)	-11	58	809.0	-124.0
263370	2024-03-12 07:19:00	2024-03-12 07:25:00	2024-03-12 07:25:00	C1.1		POINT(64 -12)	-12	64	849.0	-164.0
263380	2024-03-12 09:36:00	2024-03-12 09:48:00	2024-03-12 09:48:00	C2.5		POINT(65 -13)	-13	65	857.0	-180.0
263390	2024-03-12 10:06:00	2024-03-12 10:18:00	2024-03-12 10:18:00	C3.3		POINT(61 -11)	-11	61	829.0	-184.0
263400	2024-03-12 11:14:00	2024-03-12 11:35:00	2024-03-12 11:35:00	C3.9		POINT(59 -11)	-11	59	854.0	-136.0
263410	2024-03-12 11:45:00	2024-03-12 11:49:00	2024-03-12 11:49:00	C3.3		POINT(62 -11)	-11	62	840.0	-129.0
263420	2024-03-12 14:16:00	2024-03-12 14:33:00	2024-03-12 14:33:00	C1.1		POINT(64 -10)	-10	64	860.0	-124.0
263430	2024-03-12 14:37:00	2024-03-12 14:55:00	2024-03-12 14:55:00	C1.4		POINT(65 -12)	-12	65	860.0	-154.0
263440	2024-03-12 15:00:00	2024-03-12 15:09:00	2024-03-12 15:09:00	C1.6		POINT(64 -11)	-11	64	856.0	-141.0
263450	2024-03-12 15:11:00	2024-03-12 15:17:00	2024-03-12 15:17:00	C1.6		POINT(68 -12)	-12	68	879.0	-165.0
263460	2024-03-12 17:35:00	2024-03-12 18:15:00	2024-03-12 18:15:00	C2.7		POINT(70 -9)	-9	70	895.0	-123.0
263470	2024-03-12 22:04:00	2024-03-12 22:08:00	2024-03-12 22:08:00	C1.0		POINT(-47 -18)	-18	-47	-675.0	-220.0
263480	2024-03-13 00:52:00	2024-03-13 00:59:00	2024-03-13 00:59:00	B8.0		POINT(-46 -18)	-18	-46	-664.0	-222.0
263490	2024-03-13 05:49:00	2024-03-13 05:58:00	2024-03-13 05:58:00	C1.0		POINT(72 -15)	-15	72	885.0	-226.0
263500	2024-03-13 08:10:00	2024-03-13 08:22:00	2024-03-13 08:22:00	B8.4		POINT(-83 -17)	-17	-83	-912.0	-282.0
263510	2024-03-13 20:04:00	2024-03-13 20:13:00	2024-03-13 20:13:00	B9.0		POINT(88 -10)	-10	88	954.0	-171.0
263520	2024-03-13 21:51:00	2024-03-13 22:05:00	2024-03-13 22:05:00	C1.8		POINT(54 -13)	-13	54	768.0	-158.0
263530	2024-03-13 23:24:00	2024-03-13 23:49:00	2024-03-13 23:49:00	C6.2		POINT(88 -10)	-10	88	956.0	-186.0
263540	2024-03-14 02:04:00	2024-03-14 02:15:00	2024-03-14 02:15:00	C3.7		POINT(88 -13)	-13	88	942.0	-233.0
263550	2024-03-14 03:55:00	2024-03-14 04:04:00	2024-03-14 04:04:00	C1.7		POINT(88 -10)	-10	88	951.0	-174.0
263560	2024-03-14 05:11:00	2024-03-14 05:16:00	2024-03-14 05:16:00	C1.0		POINT(88 -10)	-10	88	953.0	-178.0
263570	2024-03-14 05:52:00	2024-03-14 06:04:00	2024-03-14 06:04:00	M1.0		POINT(82 -11)	-11	82	945.0	-234.0
263580	2024-03-14 10:41:00	2024-03-14 10:59:00	2024-03-14 10:59:00	C4.0		POINT(88 -11)	-11	88	983.0	-203.0
263590	2024-03-14 17:47:00	2024-03-14 17:58:00	2024-03-14 17:58:00	C3.0		POINT(88 -14)	-14	88	939.0	-246.0
263600	2024-03-14 20:48:00	2024-03-14 20:57:00	2024-03-14 20:57:00	C1.8		POINT(88 -14)	-14	88	939.0	-239.0
263610	2024-03-15 00:59:00	2024-03-15 01:45:00	2024-03-15 01:45:00	C1.9		POINT(88 -11)	-11	88	956.0	-202.0
263620	2024-03-15 02:09:00	2024-03-15 04:05:00	2024-03-15 04:05:00	C4.9		POINT(88 -17)	-17	88	1011.0	-311.0
263630	2024-03-15 05:32:00	2024-03-15 06:10:00	2024-03-15 06:10:00	C6.0		POINT(86 -25)	-25	86	909.0	-437.0
263640	2024-03-16 14:11:00	2024-03-16 14:16:00	2024-03-16 14:16:00	C1.6		POINT(11 -24)	-24	11	172.0	-288.0
263650	2024-03-16 15:24:00	2024-03-16 15:34:00	2024-03-16 15:34:00	C1.6		POINT(-88 -14)	-14	-88	-948.0	-239.0
263660	2024-03-16 16:22:00	2024-03-16 16:35:00	2024-03-16 16:35:00	M3.5		POINT(-88 -14)	-14	-88	-942.0	-251.0
263670	2024-03-16 19:04:00	2024-03-16 19:16:00	2024-03-16 19:16:00	C8.2		POINT(-88 -12)	-12	-88	-950.0	-220.0
263680	2024-03-16 21:27:00	2024-03-16 21:55:00	2024-03-16 21:55:00	M1.1		POINT(-88 -15)	-15	-88	-947.0	-258.0
263690	2024-03-16 23:18:00	2024-03-16 23:26:00	2024-03-16 23:26:00	C2.1		POINT(70 23)	23	70	832.0	411.0
263700	2024-03-17 00:31:00	2024-03-17 00:42:00	2024-03-17 00:42:00	C2.9		POINT(-88 -13)	-13	-88	-947.0	-231.0
263710	2024-03-17 03:53:00	2024-03-17 03:59:00	2024-03-17 03:59:00	C6.6		POINT(-88 -15)	-15	-88	-935.0	-257.0
263720	2024-03-17 05:32:00	2024-03-17 05:47:00	2024-03-17 05:47:00	C3.8		POINT(-87 20)	20	-87	-930.0	353.0
263730	2024-03-17 06:45:00	2024-03-17 06:52:00	2024-03-17 06:52:00	C2.4		POINT(-87 15)	15	-87	-933.0	260.0
263740	2024-03-17 07:33:00	2024-03-17 07:41:00	2024-03-17 07:41:00	C2.8		POINT(-88 -15)	-15	-88	-941.0	-259.0
263750	2024-03-17 10:35:00	2024-03-17 10:43:00	2024-03-17 10:43:00	C4.3		POINT(-88 -15)	-15	-88	-942.0	-254.0
263760	2024-03-17 12:03:00	2024-03-17 12:13:00	2024-03-17 12:13:00	C5.5		POINT(-88 -14)	-14	-88	-942.0	-249.0
263770	2024-03-17 12:55:00	2024-03-17 12:59:00	2024-03-17 12:59:00	C2.3		POINT(-88 -14)	-14	-88	-940.0	-249.0
263780	2024-03-17 13:11:00	2024-03-17 13:23:00	2024-03-17 13:23:00	C3.1		POINT(-86 21)	21	-86	-912.0	371.0
263790	2024-03-17 13:36:00	2024-03-17 13:44:00	2024-03-17 13:44:00	C2.7		POINT(-88 -10)	-10	-88	-962.0	-173.0
263800	2024-03-17 15:27:00	2024-03-17 15:43:00	2024-03-17 15:43:00	C4.9		POINT(73 22)	22	73	873.0	392.0
263810	2024-03-17 15:52:00	2024-03-17 15:58:00	2024-03-17 15:58:00	C3.3		POINT(-88 -12)	-12	-88	-942.0	-204.0
263820	2024-03-17 19:39:00	2024-03-17 19:44:00	2024-03-17 19:44:00	C2.6		POINT(-88 -12)	-12	-88	-941.0	-207.0
263830	2024-03-17 20:54:00	2024-03-17 21:12:00	2024-03-17 21:12:00	C4.9		POINT(86 23)	23	86	888.0	383.0
263840	2024-03-18 00:49:00	2024-03-18 01:00:00	2024-03-18 01:00:00	C2.4		POINT(-85 -10)	-10	-85	-944.0	-168.0
263850	2024-03-18 01:02:00	2024-03-18 01:07:00	2024-03-18 01:07:00	C2.4		POINT(-89 -10)	-10	-89	-954.0	-170.0
263860	2024-03-18 03:21:00	2024-03-18 03:32:00	2024-03-18 03:32:00	M2.7		POINT(86 22)	22	86	893.0	374.0
263870	2024-03-18 04:06:00	2024-03-18 04:14:00	2024-03-18 04:14:00	M1.0		POINT(-70 15)	15	-70	-873.0	302.0
263880	2024-03-18 04:41:00	2024-03-18 04:45:00	2024-03-18 04:45:00	C4.9		POINT(-85 -14)	-14	-85	-930.0	-231.0
263890	2024-03-18 11:31:00	2024-03-18 11:36:00	2024-03-18 11:36:00	C2.4		POINT(-75 -11)	-11	-75	-915.0	-161.0
263900	2024-03-18 13:51:00	2024-03-18 14:06:00	2024-03-18 14:06:00	C5.1		POINT(86 23)	23	86	893.0	393.0
263910	2024-03-18 14:25:00	2024-03-18 14:28:00	2024-03-18 14:28:00	C4.2		POINT(-77 -14)	-14	-77	-909.0	-219.0
263920	2024-03-18 15:06:00	2024-03-18 15:13:00	2024-03-18 15:13:00	C3.1		POINT(-68 -14)	-14	-68	-863.0	-180.0
263930	2024-03-18 19:02:00	2024-03-18 19:19:00	2024-03-18 19:19:00	M6.7		POINT(-70 -11)	-11	-70	-894.0	-149.0
263940	2024-03-19 01:09:00	2024-03-19 01:16:00	2024-03-19 01:16:00	C3.7		POINT(-69 -11)	-11	-69	-884.0	-149.0
263950	2024-03-19 01:53:00	2024-03-19 01:59:00	2024-03-19 01:59:00	C3.5		POINT(32 2)	2	32	522.0	137.0
263960	2024-03-19 02:24:00	2024-03-19 02:29:00	2024-03-19 02:29:00	M1.4		POINT(-68 -13)	-13	-68	-876.0	-174.0
263970	2024-03-19 03:36:00	2024-03-19 03:47:00	2024-03-19 03:47:00	C5.2		POINT(33 2)	2	33	531.0	135.0
263980	2024-03-19 05:06:00	2024-03-19 05:16:00	2024-03-19 05:16:00	C5.3		POINT(-65 -11)	-11	-65	-864.0	-136.0
263990	2024-03-19 06:14:00	2024-03-19 06:18:00	2024-03-19 06:18:00	C4.2		POINT(-65 -15)	-15	-65	-845.0	-208.0
264000	2024-03-19 07:21:00	2024-03-19 07:28:00	2024-03-19 07:28:00	C2.4		POINT(-59 -12)	-12	-59	-810.0	-154.0
264010	2024-03-19 09:54:00	2024-03-19 10:01:00	2024-03-19 10:01:00	C2.8		POINT(-63 -15)	-15	-63	-833.0	-203.0
264020	2024-03-19 11:30:00	2024-03-19 11:40:00	2024-03-19 11:40:00	C3.6		POINT(-60 -12)	-12	-60	-847.0	-155.0
264030	2024-03-19 11:48:00	2024-03-19 11:53:00	2024-03-19 11:53:00	C3.1		POINT(-63 -15)	-15	-63	-833.0	-201.0
264040	2024-03-19 12:32:00	2024-03-19 12:51:00	2024-03-19 12:51:00	C5.9		POINT(-59 -11)	-11	-59	-825.0	-122.0
264050	2024-03-19 15:53:00	2024-03-19 15:59:00	2024-03-19 15:59:00	C2.7		POINT(-61 -15)	-15	-61	-817.0	-197.0
264060	2024-03-19 16:22:00	2024-03-19 16:29:00	2024-03-19 16:29:00	C2.9		POINT(-60 -12)	-12	-60	-818.0	-147.0
264070	2024-03-19 17:06:00	2024-03-19 17:25:00	2024-03-19 17:25:00	C7.1		POINT(-59 -14)	-14	-59	-812.0	-146.0
264080	2024-03-19 19:48:00	2024-03-19 19:58:00	2024-03-19 19:58:00	C5.8		POINT(-58 -15)	-15	-58	-797.0	-194.0
264090	2024-03-19 21:16:00	2024-03-19 21:29:00	2024-03-19 21:29:00	C5.9		POINT(44 5)	5	44	656.0	125.0
264100	2024-03-19 23:17:00	2024-03-19 23:27:00	2024-03-19 23:27:00	M2.1		POINT(-57 -16)	-16	-57	-777.0	-190.0
264110	2024-03-20 00:52:00	2024-03-20 01:12:00	2024-03-20 01:12:00	C6.1		POINT(-87 19)	19	-87	-924.0	325.0
264120	2024-03-20 02:20:00	2024-03-20 02:25:00	2024-03-20 02:25:00	C4.0		POINT(-55 -15)	-15	-55	-768.0	-189.0
264130	2024-03-20 06:31:00	2024-03-20 06:37:00	2024-03-20 06:37:00	C2.0		POINT(-46 -14)	-14	-46	-674.0	-156.0
264140	2024-03-20 07:23:00	2024-03-20 07:36:00	2024-03-20 07:36:00	M7.4		POINT(-51 -10)	-10	-51	-716.0	-96.0
264150	2024-03-20 09:49:00	2024-03-20 09:53:00	2024-03-20 09:53:00	C6.3		POINT(-50 -15)	-15	-50	-720.0	-188.0
264160	2024-03-20 13:23:00	2024-03-20 13:31:00	2024-03-20 13:31:00	C3.2		POINT(-43 -11)	-11	-43	-659.0	-90.0
264170	2024-03-20 14:43:00	2024-03-20 14:53:00	2024-03-20 14:53:00	C3.3		POINT(-50 -16)	-16	-50	-706.0	-197.0
264180	2024-03-20 20:53:00	2024-03-20 20:57:00	2024-03-20 20:57:00	C2.8		POINT(-39 -10)	-10	-39	-608.0	-82.0
264190	2024-03-20 22:46:00	2024-03-20 22:55:00	2024-03-20 22:55:00	M1.9		POINT(-43 -15)	-15	-43	-639.0	-174.0
264200	2024-03-20 23:14:00	2024-03-20 23:17:00	2024-03-20 23:17:00	C8.9		POINT(-39 -10)	-10	-39	-604.0	-79.0
264210	2024-03-21 00:02:00	2024-03-21 00:06:00	2024-03-21 00:06:00	C3.7		POINT(-37 -9)	-9	-37	-585.0	-74.0
264220	2024-03-21 11:25:00	2024-03-21 11:32:00	2024-03-21 11:32:00	C8.7		POINT(-37 -16)	-16	-37	-543.0	-168.0
264230	2024-03-21 18:02:00	2024-03-21 18:19:00	2024-03-21 18:19:00	C5.8		POINT(-25 23)	23	-25	-376.0	452.0
264240	2024-03-22 01:24:00	2024-03-22 01:27:00	2024-03-22 01:27:00	C3.3		POINT(-19 14)	14	-19	-245.0	347.0
264250	2024-03-22 02:14:00	2024-03-22 02:17:00	2024-03-22 02:17:00	C2.6		POINT(-29 -13)	-13	-29	-467.0	-126.0
264260	2024-03-22 04:50:00	2024-03-22 04:55:00	2024-03-22 04:55:00	C3.6		POINT(-27 -13)	-13	-27	-427.0	-108.0
264270	2024-03-22 05:05:00	2024-03-22 05:16:00	2024-03-22 05:16:00	C5.7		POINT(-26 -15)	-15	-26	-405.0	-161.0
264280	2024-03-22 11:09:00	2024-03-22 11:16:00	2024-03-22 11:16:00	C4.3		POINT(-49 -17)	-17	-49	-696.0	-207.0
264290	2024-03-22 13:18:00	2024-03-22 13:24:00	2024-03-22 13:24:00	C6.0		POINT(-9 14)	14	-9	-159.0	350.0
264300	2024-03-22 13:30:00	2024-03-22 13:35:00	2024-03-22 13:35:00	C6.2		POINT(-11 14)	14	-11	-193.0	352.0
264310	2024-03-22 13:42:00	2024-03-22 14:40:00	2024-03-22 14:40:00	C8.4		POINT(-14 20)	20	-14	-212.0	415.0
264320	2024-03-22 16:24:00	2024-03-22 16:29:00	2024-03-22 16:29:00	C4.1		POINT(-18 -14)	-14	-18	-288.0	-232.0
264330	2024-03-22 16:46:00	2024-03-22 16:57:00	2024-03-22 16:57:00	C4.9		POINT(-47 -16)	-16	-47	-683.0	-195.0
264340	2024-03-22 18:13:00	2024-03-22 18:21:00	2024-03-22 18:21:00	C3.8		POINT(-18 -13)	-13	-18	-303.0	-115.0
264350	2024-03-22 20:02:00	2024-03-22 20:04:00	2024-03-22 20:04:00	C5.1		POINT(-15 -14)	-14	-15	-255.0	-132.0
264360	2024-03-22 20:08:00	2024-03-22 20:12:00	2024-03-22 20:12:00	C5.9		POINT(-19 -14)	-14	-19	-312.0	-134.0
264370	2024-03-22 20:18:00	2024-03-22 20:32:00	2024-03-22 20:32:00	M4.2		POINT(-18 -14)	-14	-18	-300.0	-129.0
264380	2024-03-22 21:20:00	2024-03-22 21:22:00	2024-03-22 21:22:00	M1.1		POINT(-18 -14)	-14	-18	-288.0	-232.0
264390	2024-03-22 22:59:00	2024-03-22 23:24:00	2024-03-22 23:24:00	C8.5		POINT(-87 16)	16	-87	-963.0	284.0
264400	2024-03-22 23:55:00	2024-03-22 23:58:00	2024-03-22 23:58:00	C8.3		POINT(-15 -13)	-13	-15	-232.0	-133.0
264410	2024-03-23 00:58:00	2024-03-23 01:33:00	2024-03-23 01:33:00	X1.1		POINT(-8 27)	27	-8	-119.0	437.0
264420	2024-03-23 06:47:00	2024-03-23 06:55:00	2024-03-23 06:55:00	M1.1		POINT(-4 -13)	-13	-4	-74.0	-102.0
264430	2024-03-23 07:01:00	2024-03-23 07:09:00	2024-03-23 07:09:00	M2.4		POINT(-11 -14)	-14	-11	-188.0	-134.0
264440	2024-03-23 07:26:00	2024-03-23 07:38:00	2024-03-23 07:38:00	M3.1		POINT(-10 -14)	-14	-10	-164.0	-137.0
264450	2024-03-23 11:14:00	2024-03-23 11:18:00	2024-03-23 11:18:00	C6.7		POINT(-12 -13)	-13	-12	-199.0	-109.0
264460	2024-03-23 11:19:00	2024-03-23 11:27:00	2024-03-23 11:27:00	M1.0		POINT(-10 -15)	-15	-10	-120.0	-120.0
264470	2024-03-23 12:36:00	2024-03-23 12:47:00	2024-03-23 12:47:00	M1.3		POINT(-9 -15)	-15	-9	-113.0	-125.0
264480	2024-03-23 13:04:00	2024-03-23 13:11:00	2024-03-23 13:11:00	M1.1		POINT(-6 -15)	-15	-6	-103.0	-138.0
264490	2024-03-23 13:31:00	2024-03-23 13:37:00	2024-03-23 13:37:00	M1.9		POINT(-10 -14)	-14	-10	-166.0	-128.0
264500	2024-03-23 13:51:00	2024-03-23 14:02:00	2024-03-23 14:02:00	M5.3		POINT(-6 -14)	-14	-6	-98.0	-127.0
264510	2024-03-23 14:49:00	2024-03-23 14:53:00	2024-03-23 14:53:00	M1.5		POINT(-9 -13)	-13	-9	-159.0	-119.0
264520	2024-03-23 15:01:00	2024-03-23 15:13:00	2024-03-23 15:13:00	M3.8		POINT(-7 -14)	-14	-7	-113.0	-232.0
264530	2024-03-23 16:22:00	2024-03-23 16:51:00	2024-03-23 16:51:00	M2.8		POINT(-2 -14)	-14	-2	-32.0	-232.0
264540	2024-03-23 18:51:00	2024-03-23 18:57:00	2024-03-23 18:57:00	C9.9		POINT(-2 -14)	-14	-2	-32.0	-232.0
264550	2024-03-23 19:32:00	2024-03-23 19:42:00	2024-03-23 19:42:00	C9.0		POINT(-2 -14)	-14	-2	-35.0	-123.0
264560	2024-03-23 22:48:00	2024-03-23 22:50:00	2024-03-23 22:50:00	C5.8		POINT(-4 -13)	-13	-4	-68.0	-117.0
264570	2024-03-23 22:56:00	2024-03-23 22:59:00	2024-03-23 22:59:00	C7.9		POINT(-4 -13)	-13	-4	-73.0	-113.0
264580	2024-03-23 23:30:00	2024-03-23 23:49:00	2024-03-23 23:49:00	M2.4		POINT(-1 -12)	-12	-1	24.0	-83.0
264590	2024-03-24 00:51:00	2024-03-24 01:04:00	2024-03-24 01:04:00	C9.9		POINT(0 -14)	-14	0	-2.0	-127.0
264600	2024-03-24 01:12:00	2024-03-24 01:25:00	2024-03-24 01:25:00	M1.4		POINT(0 -14)	-14	0	15.0	-131.0
264610	2024-03-24 01:43:00	2024-03-24 01:54:00	2024-03-24 01:54:00	M2.1		POINT(0 -14)	-14	0	13.0	-130.0
264620	2024-03-24 01:57:00	2024-03-24 02:05:00	2024-03-24 02:05:00	M2.3		POINT(-1 -14)	-14	-1	-22.0	-123.0
264630	2024-03-24 02:09:00	2024-03-24 02:18:00	2024-03-24 02:18:00	M2.7		POINT(-2 -13)	-13	-2	-36.0	-119.0
264640	2024-03-24 04:39:00	2024-03-24 04:44:00	2024-03-24 04:44:00	C3.8		POINT(0 -14)	-14	0	-26.0	-120.0
264650	2024-03-24 05:58:00	2024-03-24 06:05:00	2024-03-24 06:05:00	M2.2		POINT(3 -14)	-14	3	72.0	-126.0
264660	2024-03-24 07:07:00	2024-03-24 07:18:00	2024-03-24 07:18:00	C7.2		POINT(2 -13)	-13	2	36.0	-110.0
264670	2024-03-24 07:22:00	2024-03-24 07:25:00	2024-03-24 07:25:00	C8.2		POINT(1 -13)	-13	1	27.0	-116.0
264680	2024-03-24 07:36:00	2024-03-24 07:51:00	2024-03-24 07:51:00	M1.3		POINT(0 -14)	-14	0	-9.0	-129.0
264690	2024-03-24 09:19:00	2024-03-24 09:25:00	2024-03-24 09:25:00	C7.4		POINT(2 -13)	-13	2	45.0	-106.0
264700	2024-03-24 09:48:00	2024-03-24 09:52:00	2024-03-24 09:52:00	C9.5		POINT(0 -14)	-14	0	10.0	-130.0
264710	2024-03-24 11:07:00	2024-03-24 11:17:00	2024-03-24 11:17:00	C9.7		POINT(4 -13)	-13	4	48.0	-130.0
264720	2024-03-24 11:47:00	2024-03-24 12:18:00	2024-03-24 12:18:00	M1.1		POINT(5 -14)	-14	5	30.0	-126.0
264730	2024-03-24 12:27:00	2024-03-24 12:34:00	2024-03-24 12:34:00	M1.0		POINT(2 -14)	-14	2	42.0	-128.0
264740	2024-03-24 13:00:00	2024-03-24 13:13:00	2024-03-24 13:13:00	M1.2		POINT(2 -13)	-13	2	43.0	-106.0
264750	2024-03-24 14:41:00	2024-03-24 14:45:00	2024-03-24 14:45:00	C5.2		POINT(10 -14)	-14	10	125.0	-105.0
264760	2024-03-24 15:13:00	2024-03-24 15:21:00	2024-03-24 15:21:00	C5.3		POINT(6 -15)	-15	6	68.0	-120.0
264770	2024-03-24 17:38:00	2024-03-24 17:45:00	2024-03-24 17:45:00	C5.6		POINT(8 -14)	-14	8	131.0	-134.0
264780	2024-03-24 18:29:00	2024-03-24 18:36:00	2024-03-24 18:36:00	C4.1		POINT(9 -12)	-12	9	149.0	-89.0
264790	2024-03-24 21:57:00	2024-03-24 22:05:00	2024-03-24 22:05:00	C3.5		POINT(12 -12)	-12	12	201.0	-99.0
264800	2024-03-25 05:09:00	2024-03-25 05:16:00	2024-03-25 05:16:00	C3.4		POINT(17 -11)	-11	17	291.0	-87.0
264810	2024-03-25 06:37:00	2024-03-25 06:44:00	2024-03-25 06:44:00	M4.4		POINT(2 -13)	-13	2	32.0	-216.0
264820	2024-03-25 12:00:00	2024-03-25 12:10:00	2024-03-25 12:10:00	C5.0		POINT(61 17)	17	61	794.0	356.0
264830	2024-03-25 12:27:00	2024-03-25 12:32:00	2024-03-25 12:32:00	C3.9		POINT(25 18)	18	25	390.0	407.0
264840	2024-03-25 14:25:00	2024-03-25 14:40:00	2024-03-25 14:40:00	C7.8		POINT(-55 17)	17	-55	-731.0	357.0
264850	2024-03-25 16:53:00	2024-03-25 17:00:00	2024-03-25 17:00:00	C3.1		POINT(-7 16)	16	-7	-112.0	265.0
264860	2024-03-25 19:19:00	2024-03-25 19:20:00	2024-03-25 19:20:00	C3.0		POINT(21 -12)	-12	21	337.0	-200.0
264870	2024-03-25 20:09:00	2024-03-25 20:13:00	2024-03-25 20:13:00	C3.5		POINT(31 -10)	-10	31	487.0	-167.0
264880	2024-03-25 21:07:00	2024-03-25 21:17:00	2024-03-25 21:17:00	C3.1		POINT(27 -10)	-10	27	430.0	-167.0
264890	2024-03-25 22:25:00	2024-03-25 22:31:00	2024-03-25 22:31:00	C4.7		POINT(32 -12)	-12	32	498.0	-200.0
264900	2024-03-25 22:57:00	2024-03-25 23:10:00	2024-03-25 23:10:00	C2.7		POINT(66 18)	18	66	835.0	297.0
264910	2024-03-26 00:28:00	2024-03-26 00:36:00	2024-03-26 00:36:00	M1.8		POINT(36 -13)	-13	36	528.0	-116.0
264920	2024-03-26 01:07:00	2024-03-26 01:15:00	2024-03-26 01:15:00	C5.3		POINT(33 -13)	-13	33	460.0	-114.0
264930	2024-03-26 02:22:00	2024-03-26 02:26:00	2024-03-26 02:26:00	C5.1		POINT(35 -12)	-12	35	542.0	-116.0
264940	2024-03-26 02:58:00	2024-03-26 03:03:00	2024-03-26 03:03:00	C3.0		POINT(37 -13)	-13	37	546.0	-120.0
264950	2024-03-26 03:47:00	2024-03-26 03:54:00	2024-03-26 03:54:00	C3.5		POINT(37 -13)	-13	37	551.0	-127.0
264960	2024-03-26 04:31:00	2024-03-26 04:37:00	2024-03-26 04:37:00	C2.4		POINT(36 -13)	-13	36	556.0	-128.0
264970	2024-03-26 05:29:00	2024-03-26 05:36:00	2024-03-26 05:36:00	C2.4		POINT(23 -13)	-13	23	366.0	-129.0
264980	2024-03-26 06:16:00	2024-03-26 06:22:00	2024-03-26 06:22:00	C3.0		POINT(37 -13)	-13	37	509.0	-95.0
264990	2024-03-26 08:05:00	2024-03-26 08:11:00	2024-03-26 08:11:00	C2.4		POINT(24 -13)	-13	24	391.0	-129.0
265000	2024-03-26 08:21:00	2024-03-26 08:32:00	2024-03-26 08:32:00	C3.7		POINT(37 -13)	-13	37	564.0	-216.0
265010	2024-03-26 08:49:00	2024-03-26 09:03:00	2024-03-26 09:03:00	C4.5		POINT(74 19)	19	74	875.0	342.0
265020	2024-03-26 10:11:00	2024-03-26 10:17:00	2024-03-26 10:17:00	M1.0		POINT(25 -13)	-13	25	404.0	-131.0
265030	2024-03-26 10:36:00	2024-03-26 10:43:00	2024-03-26 10:43:00	M1.3		POINT(34 -11)	-11	34	539.0	-97.0
265040	2024-03-26 11:27:00	2024-03-26 11:34:00	2024-03-26 11:34:00	C3.2		POINT(25 -13)	-13	25	410.0	-128.0
265050	2024-03-26 12:04:00	2024-03-26 12:15:00	2024-03-26 12:15:00	C4.2		POINT(27 -14)	-14	27	428.0	-134.0
265060	2024-03-26 12:20:00	2024-03-26 12:23:00	2024-03-26 12:23:00	C4.3		POINT(25 -13)	-13	25	407.0	-125.0
265070	2024-03-26 12:43:00	2024-03-26 12:49:00	2024-03-26 12:49:00	C6.4		POINT(32 -13)	-13	32	499.0	-129.0
265080	2024-03-26 12:55:00	2024-03-26 13:30:00	2024-03-26 13:30:00	M1.9		POINT(31 -14)	-14	31	485.0	-153.0
265090	2024-03-26 13:41:00	2024-03-26 13:46:00	2024-03-26 13:46:00	M1.7		POINT(75 18)	18	75	881.0	337.0
265100	2024-03-26 17:05:00	2024-03-26 17:16:00	2024-03-26 17:16:00	C3.7		POINT(33 -14)	-14	33	510.0	-147.0
265110	2024-03-26 19:45:00	2024-03-26 19:52:00	2024-03-26 19:52:00	C6.8		POINT(39 -11)	-11	39	598.0	-101.0
265120	2024-03-26 21:43:00	2024-03-26 21:58:00	2024-03-26 21:58:00	M1.6		POINT(41 -11)	-11	41	631.0	-113.0
265130	2024-03-26 23:43:00	2024-03-27 00:01:00	2024-03-27 00:01:00	C8.5		POINT(37 -13)	-13	37	558.0	-154.0
265140	2024-03-27 01:23:00	2024-03-27 01:30:00	2024-03-27 01:30:00	C2.9		POINT(37 -14)	-14	37	562.0	-159.0
265150	2024-03-27 01:37:00	2024-03-27 01:44:00	2024-03-27 01:44:00	M1.1		POINT(37 -13)	-13	37	650.0	-95.0
265160	2024-03-27 02:36:00	2024-03-27 02:46:00	2024-03-27 02:46:00	C4.8		POINT(37 -13)	-13	37	574.0	-161.0
265170	2024-03-27 03:05:00	2024-03-27 03:11:00	2024-03-27 03:11:00	C2.9		POINT(37 -13)	-13	37	560.0	-139.0
265180	2024-03-27 03:46:00	2024-03-27 03:53:00	2024-03-27 03:53:00	C4.0		POINT(38 -15)	-15	38	575.0	-161.0
265190	2024-03-27 06:33:00	2024-03-27 06:41:00	2024-03-27 06:41:00	M1.1		POINT(48 -11)	-11	48	701.0	-183.0
265200	2024-03-27 08:38:00	2024-03-27 08:44:00	2024-03-27 08:44:00	C4.1		POINT(39 -15)	-15	39	566.0	-150.0
265210	2024-03-27 11:51:00	2024-03-27 11:57:00	2024-03-27 11:57:00	C5.1		POINT(50 -10)	-10	50	729.0	-96.0
265220	2024-03-27 12:16:00	2024-03-27 12:24:00	2024-03-27 12:24:00	C6.6		POINT(49 -10)	-10	49	726.0	-97.0
265230	2024-03-27 13:03:00	2024-03-27 13:15:00	2024-03-27 13:15:00	C5.5		POINT(41 -14)	-14	41	617.0	-158.0
265240	2024-03-27 14:54:00	2024-03-27 15:03:00	2024-03-27 15:03:00	C6.0		POINT(57 -12)	-12	57	795.0	-149.0
265250	2024-03-27 19:07:00	2024-03-27 19:12:00	2024-03-27 19:12:00	C3.3		POINT(46 -14)	-14	46	680.0	-168.0
265260	2024-03-27 20:00:00	2024-03-27 20:03:00	2024-03-27 20:03:00	C4.4		POINT(44 -15)	-15	44	645.0	-178.0
265270	2024-03-27 20:20:00	2024-03-27 20:27:00	2024-03-27 20:27:00	C8.1		POINT(45 -13)	-13	45	674.0	-165.0
265280	2024-03-27 22:11:00	2024-03-27 22:17:00	2024-03-27 22:17:00	C4.1		POINT(48 -12)	-12	48	706.0	-147.0
265290	2024-03-28 02:05:00	2024-03-28 02:10:00	2024-03-28 02:10:00	C2.6		POINT(47 -15)	-15	47	691.0	-175.0
265300	2024-03-28 02:58:00	2024-03-28 03:04:00	2024-03-28 03:04:00	C3.9		POINT(54 -13)	-13	54	761.0	-154.0
265310	2024-03-28 04:17:00	2024-03-28 04:27:00	2024-03-28 04:27:00	C7.5		POINT(53 -15)	-15	53	722.0	-173.0
265320	2024-03-28 06:16:00	2024-03-28 06:29:00	2024-03-28 06:29:00	M7.1		POINT(55 -16)	-16	55	733.0	-174.0
265330	2024-03-28 09:33:00	2024-03-28 09:43:00	2024-03-28 09:43:00	C8.4		POINT(73 -14)	-14	73	866.0	-173.0
265340	2024-03-28 13:54:00	2024-03-28 14:03:00	2024-03-28 14:03:00	C7.9		POINT(54 -14)	-14	54	762.0	-182.0
265350	2024-03-28 14:16:00	2024-03-28 14:23:00	2024-03-28 14:23:00	C7.8		POINT(54 -16)	-16	54	750.0	-204.0
265360	2024-03-28 15:40:00	2024-03-28 15:56:00	2024-03-28 15:56:00	M6.1		POINT(54 -15)	-15	54	758.0	-196.0
265370	2024-03-28 16:56:00	2024-03-28 16:59:00	2024-03-28 16:59:00	C8.4		POINT(55 -13)	-13	55	765.0	-192.0
265380	2024-03-28 18:10:00	2024-03-28 18:18:00	2024-03-28 18:18:00	C4.3		POINT(-88 -17)	-17	-88	-921.0	-287.0
265390	2024-03-28 18:40:00	2024-03-28 18:53:00	2024-03-28 18:53:00	M1.1		POINT(59 -13)	-13	59	802.0	-216.0
265400	2024-03-28 20:08:00	2024-03-28 20:49:00	2024-03-28 20:49:00	X1.1		POINT(61 -14)	-14	61	812.0	-212.0
265410	2024-03-29 00:47:00	2024-03-29 00:54:00	2024-03-29 00:54:00	C4.6		POINT(76 -12)	-12	76	911.0	-181.0
265420	2024-03-29 01:48:00	2024-03-29 02:06:00	2024-03-29 02:06:00	C9.4		POINT(64 -14)	-14	64	837.0	-196.0
265430	2024-03-29 02:17:00	2024-03-29 02:30:00	2024-03-29 02:30:00	M3.2		POINT(63 -15)	-15	63	811.0	-219.0
265440	2024-03-29 04:37:00	2024-03-29 04:46:00	2024-03-29 04:46:00	C3.1		POINT(64 -14)	-14	64	838.0	-190.0
265450	2024-03-29 07:25:00	2024-03-29 07:31:00	2024-03-29 07:31:00	C3.4		POINT(64 -14)	-14	64	825.0	-230.0
265460	2024-03-29 09:59:00	2024-03-29 10:07:00	2024-03-29 10:07:00	C5.4		POINT(68 -14)	-14	68	868.0	-203.0
265470	2024-03-29 10:09:00	2024-03-29 10:22:00	2024-03-29 10:22:00	C8.7		POINT(66 -15)	-15	66	847.0	-214.0
265480	2024-03-29 10:31:00	2024-03-29 10:44:00	2024-03-29 10:44:00	C9.0		POINT(70 -16)	-16	70	867.0	-235.0
265490	2024-03-29 15:41:00	2024-03-29 16:01:00	2024-03-29 16:01:00	C7.8		POINT(70 -17)	-17	70	864.0	-245.0
265500	2024-03-29 16:18:00	2024-03-29 16:28:00	2024-03-29 16:28:00	C9.3		POINT(72 -14)	-14	72	887.0	-212.0
265510	2024-03-29 16:31:00	2024-03-29 16:36:00	2024-03-29 16:36:00	C9.4		POINT(73 -15)	-15	73	887.0	-230.0
265520	2024-03-29 18:22:00	2024-03-29 18:38:00	2024-03-29 18:38:00	C9.9		POINT(83 -12)	-12	83	933.0	-186.0
265530	2024-03-29 19:11:00	2024-03-29 20:32:00	2024-03-29 20:32:00	M1.2		POINT(78 -12)	-12	78	884.0	-219.0
265540	2024-03-29 21:56:00	2024-03-29 22:04:00	2024-03-29 22:04:00	C4.0		POINT(75 -14)	-14	75	901.0	-217.0
265550	2024-03-30 00:55:00	2024-03-30 01:05:00	2024-03-30 01:05:00	C3.5		POINT(75 -14)	-14	75	899.0	-219.0
265560	2024-03-30 02:02:00	2024-03-30 02:12:00	2024-03-30 02:12:00	C8.3		POINT(-75 26)	26	-75	-831.0	452.0
265570	2024-03-30 09:58:00	2024-03-30 10:04:00	2024-03-30 10:04:00	C4.2		POINT(89 -8)	-8	89	952.0	-150.0
265580	2024-03-30 10:33:00	2024-03-30 10:46:00	2024-03-30 10:46:00	C8.0		POINT(81 -14)	-14	81	918.0	-227.0
265590	2024-03-30 12:06:00	2024-03-30 12:19:00	2024-03-30 12:19:00	C4.6		POINT(89 -12)	-12	89	945.0	-190.0
265600	2024-03-30 13:59:00	2024-03-30 14:08:00	2024-03-30 14:08:00	C3.7		POINT(89 -10)	-10	89	948.0	-177.0
265610	2024-03-30 14:20:00	2024-03-30 14:30:00	2024-03-30 14:30:00	C4.1		POINT(85 -14)	-14	85	927.0	-230.0
265620	2024-03-30 16:37:00	2024-03-30 16:49:00	2024-03-30 16:49:00	C4.3		POINT(89 -10)	-10	89	953.0	-180.0
265630	2024-03-30 21:01:00	2024-03-30 21:16:00	2024-03-30 21:16:00	M9.4		POINT(88 -12)	-12	88	944.0	-203.0
265640	2024-03-31 02:53:00	2024-03-31 03:00:00	2024-03-31 03:00:00	C3.2		POINT(88 -13)	-13	88	940.0	-221.0
265650	2024-03-31 09:10:00	2024-03-31 09:30:00	2024-03-31 09:30:00	C3.4		POINT(89 -10)	-10	89	965.0	-179.0
265660	2024-03-31 10:07:00	2024-03-31 10:18:00	2024-03-31 10:18:00	C4.3		POINT(88 -14)	-14	88	938.0	-249.0
265670	2024-03-31 13:30:00	2024-03-31 13:45:00	2024-03-31 13:45:00	C3.9		POINT(88 -15)	-15	88	938.0	-257.0
265680	2024-03-31 14:00:00	2024-03-31 14:10:00	2024-03-31 14:10:00	C4.8		POINT(88 -14)	-14	88	938.0	-242.0
265690	2024-03-31 20:41:00	2024-03-31 20:52:00	2024-03-31 20:52:00	C3.0		POINT(65 12)	12	65	856.0	251.0
265700	2024-04-01 01:13:00	2024-04-01 01:32:00	2024-04-01 01:32:00	M3.9		POINT(64 8)	8	64	851.0	219.0
265710	2024-04-03 02:30:00	2024-04-03 02:36:00	2024-04-03 02:36:00	B5.1		POINT(-88 10)	10	-88	-946.0	179.0
265720	2024-04-03 02:58:00	2024-04-03 03:05:00	2024-04-03 03:05:00	B5.5		POINT(-88 10)	10	-88	-943.0	182.0
265730	2024-04-03 03:10:00	2024-04-03 03:19:00	2024-04-03 03:19:00	B7.7		POINT(-88 10)	10	-88	-945.0	184.0
265740	2024-04-04 08:45:00	2024-04-04 08:52:00	2024-04-04 08:52:00	B5.3		POINT(6 -10)	-10	6	84.0	-60.0
265750	2024-04-04 17:19:00	2024-04-04 17:26:00	2024-04-04 17:26:00	B5.9		POINT(87 -22)	-22	87	893.0	-375.0
265760	2024-04-04 18:15:00	2024-04-04 18:23:00	2024-04-04 18:23:00	B8.4		POINT(87 -22)	-22	87	893.0	-377.0
265770	2024-04-04 21:21:00	2024-04-04 21:31:00	2024-04-04 21:31:00	B6.2		POINT(87 -23)	-23	87	891.0	-382.0
265780	2024-04-05 02:44:00	2024-04-05 03:05:00	2024-04-05 03:05:00	C3.8		POINT(-89 -9)	-9	-89	-961.0	-153.0
265790	2024-04-05 12:57:00	2024-04-05 13:07:00	2024-04-05 13:07:00	C2.0		POINT(16 -11)	-11	16	269.0	-88.0
265800	2024-04-05 16:55:00	2024-04-05 17:08:00	2024-04-05 17:08:00	C1.2		POINT(-89 -8)	-8	-89	-960.0	-135.0
265810	2024-04-05 17:23:00	2024-04-05 17:26:00	2024-04-05 17:26:00	C1.1		POINT(-89 -7)	-7	-89	-959.0	-129.0
265820	2024-04-05 17:59:00	2024-04-05 18:05:00	2024-04-05 18:05:00	C1.0		POINT(-89 -7)	-7	-89	-961.0	-129.0
265830	2024-04-05 20:21:00	2024-04-05 20:29:00	2024-04-05 20:29:00	B7.6		POINT(-89 -7)	-7	-89	-957.0	-126.0
265840	2024-04-06 00:57:00	2024-04-06 01:21:00	2024-04-06 01:21:00	C1.6		POINT(-86 26)	26	-86	-875.0	444.0
265850	2024-04-06 04:53:00	2024-04-06 05:00:00	2024-04-06 05:00:00	B6.9		POINT(29 6)	6	29	467.0	203.0
265860	2024-04-06 21:18:00	2024-04-06 21:26:00	2024-04-06 21:26:00	B6.7		POINT(-75 -10)	-10	-75	-912.0	-155.0
265870	2024-04-07 19:11:00	2024-04-07 19:26:00	2024-04-07 19:26:00	C1.1		POINT(-19 27)	27	-19	-275.0	504.0
265880	2024-04-07 21:33:00	2024-04-07 21:43:00	2024-04-07 21:43:00	B8.9		POINT(-87 18)	18	-87	-917.0	314.0
265890	2024-04-07 21:50:00	2024-04-07 22:00:00	2024-04-07 22:00:00	C1.0		POINT(-87 19)	19	-87	-914.0	322.0
265900	2024-04-08 02:43:00	2024-04-08 03:14:00	2024-04-08 03:14:00	C1.4		POINT(65 -14)	-14	65	847.0	-199.0
265910	2024-04-08 04:10:00	2024-04-08 04:17:00	2024-04-08 04:17:00	C1.2		POINT(-15 26)	26	-15	-223.0	520.0
265920	2024-04-08 23:24:00	2024-04-08 23:30:00	2024-04-08 23:30:00	B9.1		POINT(-87 20)	20	-87	-900.0	344.0
265930	2024-04-09 03:34:00	2024-04-09 03:53:00	2024-04-09 03:53:00	C1.0		POINT(47 10)	10	47	695.0	248.0
265940	2024-04-09 05:53:00	2024-04-09 06:01:00	2024-04-09 06:01:00	B6.5		POINT(4 9)	9	4	74.0	255.0
265950	2024-04-09 08:41:00	2024-04-09 08:45:00	2024-04-09 08:45:00	B6.4		POINT(-48 27)	27	-48	-635.0	506.0
265960	2024-04-09 08:54:00	2024-04-09 09:05:00	2024-04-09 09:05:00	B7.9		POINT(-51 26)	26	-51	-668.0	488.0
265970	2024-04-09 18:27:00	2024-04-09 18:34:00	2024-04-09 18:34:00	B7.6		POINT(-43 25)	25	-43	-592.0	404.0
265980	2024-04-09 22:04:00	2024-04-09 22:11:00	2024-04-09 22:11:00	C1.0		POINT(-42 26)	26	-42	-576.0	491.0
265990	2024-04-09 23:32:00	2024-04-09 23:41:00	2024-04-09 23:41:00	B9.4		POINT(87 6)	6	87	950.0	106.0
266000	2024-04-10 02:11:00	2024-04-10 02:22:00	2024-04-10 02:22:00	C2.6		POINT(-41 29)	29	-41	-552.0	489.0
266010	2024-04-10 02:42:00	2024-04-10 02:45:00	2024-04-10 02:45:00	B7.6		POINT(89 6)	6	89	951.0	107.0
266020	2024-04-10 05:21:00	2024-04-10 05:27:00	2024-04-10 05:27:00	B6.8		POINT(89 6)	6	89	956.0	111.0
266030	2024-04-10 05:56:00	2024-04-10 06:03:00	2024-04-10 06:03:00	C1.2		POINT(75 4)	4	75	922.0	66.0
266040	2024-04-10 06:32:00	2024-04-10 06:42:00	2024-04-10 06:42:00	C2.1		POINT(89 5)	5	89	963.0	95.0
266050	2024-04-10 08:33:00	2024-04-10 08:42:00	2024-04-10 08:42:00	B8.1		POINT(-64 20)	20	-64	-810.0	368.0
266060	2024-04-10 08:50:00	2024-04-10 08:54:00	2024-04-10 08:54:00	B7.3		POINT(-63 20)	20	-63	-799.0	380.0
266070	2024-04-10 11:39:00	2024-04-10 11:51:00	2024-04-10 11:51:00	C4.0		POINT(89 5)	5	89	964.0	89.0
266080	2024-04-10 12:43:00	2024-04-10 12:48:00	2024-04-10 12:48:00	C2.0		POINT(89 5)	5	89	958.0	84.0
266090	2024-04-10 13:24:00	2024-04-10 13:33:00	2024-04-10 13:33:00	C1.9		POINT(-64 21)	21	-64	-803.0	390.0
266100	2024-04-10 14:27:00	2024-04-10 14:35:00	2024-04-10 14:35:00	C1.7		POINT(89 5)	5	89	964.0	87.0
266110	2024-04-10 16:40:00	2024-04-10 16:47:00	2024-04-10 16:47:00	C1.7		POINT(85 4)	4	85	951.0	86.0
266120	2024-04-10 16:57:00	2024-04-10 17:02:00	2024-04-10 17:02:00	C1.8		POINT(89 5)	5	89	960.0	90.0
266130	2024-04-10 17:31:00	2024-04-10 17:35:00	2024-04-10 17:35:00	C2.0		POINT(89 5)	5	89	956.0	86.0
266140	2024-04-10 22:47:00	2024-04-10 22:53:00	2024-04-10 22:53:00	C1.5		POINT(-23 26)	26	-23	-343.0	491.0
266150	2024-04-11 01:18:00	2024-04-11 01:26:00	2024-04-11 01:26:00	C1.9		POINT(-22 25)	25	-22	-329.0	489.0
266160	2024-04-11 01:32:00	2024-04-11 01:36:00	2024-04-11 01:36:00	C2.6		POINT(-23 25)	25	-23	-342.0	496.0
266170	2024-04-11 03:20:00	2024-04-11 03:27:00	2024-04-11 03:27:00	C2.2		POINT(-88 -17)	-17	-88	-914.0	-294.0
266180	2024-04-11 03:59:00	2024-04-11 04:09:00	2024-04-11 04:09:00	C1.3		POINT(-24 26)	26	-24	-359.0	503.0
266190	2024-04-11 06:13:00	2024-04-11 06:23:00	2024-04-11 06:23:00	C1.8		POINT(-12 -11)	-11	-12	-258.0	-79.0
266200	2024-04-11 08:43:00	2024-04-11 08:55:00	2024-04-11 08:55:00	C1.3		POINT(-50 20)	20	-50	-690.0	387.0
266210	2024-04-11 09:49:00	2024-04-11 09:57:00	2024-04-11 09:57:00	C3.4		POINT(-88 -15)	-15	-88	-935.0	-255.0
266220	2024-04-11 10:52:00	2024-04-11 11:10:00	2024-04-11 11:10:00	C3.5		POINT(-48 20)	20	-48	-674.0	388.0
266230	2024-04-11 13:53:00	2024-04-11 14:10:00	2024-04-11 14:10:00	C5.9		POINT(-45 19)	19	-45	-642.0	384.0
266240	2024-04-11 16:07:00	2024-04-11 16:20:00	2024-04-11 16:20:00	C3.6		POINT(-47 20)	20	-47	-653.0	382.0
266250	2024-04-11 16:52:00	2024-04-11 17:06:00	2024-04-11 17:06:00	M5.4		POINT(-88 13)	13	-88	-932.0	215.0
266260	2024-04-12 03:17:00	2024-04-12 03:27:00	2024-04-12 03:27:00	C5.5		POINT(-7 28)	28	-7	-143.0	530.0
266270	2024-04-12 11:09:00	2024-04-12 11:23:00	2024-04-12 11:23:00	C3.1		POINT(-58 16)	16	-58	-822.0	339.0
266280	2024-04-12 13:24:00	2024-04-12 13:32:00	2024-04-12 13:32:00	C1.9		POINT(-89 -12)	-12	-89	-944.0	-205.0
266290	2024-04-12 13:39:00	2024-04-12 13:45:00	2024-04-12 13:45:00	C3.6		POINT(-3 27)	27	-3	-57.0	529.0
266300	2024-04-12 14:08:00	2024-04-12 14:12:00	2024-04-12 14:12:00	C2.7		POINT(-2 28)	28	-2	-32.0	536.0
266310	2024-04-12 15:48:00	2024-04-12 15:52:00	2024-04-12 15:52:00	C4.0		POINT(-86 -13)	-13	-86	-929.0	-211.0
266320	2024-04-12 17:45:00	2024-04-12 17:55:00	2024-04-12 17:55:00	C8.9		POINT(-88 -12)	-12	-88	-938.0	-208.0
266330	2024-04-12 23:09:00	2024-04-12 23:14:00	2024-04-12 23:14:00	C3.1		POINT(-88 -12)	-12	-88	-937.0	-207.0
266340	2024-04-13 04:58:00	2024-04-13 05:02:00	2024-04-13 05:02:00	M2.4		POINT(-80 -10)	-10	-80	-926.0	-200.0
266350	2024-04-13 07:28:00	2024-04-13 07:37:00	2024-04-13 07:37:00	C2.3		POINT(-86 30)	30	-86	-833.0	492.0
266360	2024-04-13 09:11:00	2024-04-13 09:25:00	2024-04-13 09:25:00	C2.6		POINT(-89 -10)	-10	-89	-954.0	-182.0
266370	2024-04-13 09:33:00	2024-04-13 09:36:00	2024-04-13 09:36:00	C2.7		POINT(-75 -13)	-13	-75	-903.0	-195.0
266380	2024-04-13 12:37:00	2024-04-13 12:44:00	2024-04-13 12:44:00	C2.4		POINT(-86 30)	30	-86	-831.0	486.0
266390	2024-04-13 13:14:00	2024-04-13 13:22:00	2024-04-13 13:22:00	C2.0		POINT(-86 30)	30	-86	-826.0	486.0
266400	2024-04-13 13:53:00	2024-04-13 14:04:00	2024-04-13 14:04:00	C3.3		POINT(-89 -8)	-8	-89	-954.0	-150.0
266410	2024-04-13 14:48:00	2024-04-13 14:59:00	2024-04-13 14:59:00	C5.5		POINT(11 30)	30	11	137.0	542.0
266420	2024-04-13 21:01:00	2024-04-13 21:09:00	2024-04-13 21:09:00	C2.1		POINT(-77 -18)	-18	-77	-885.0	-283.0
266430	2024-04-14 00:54:00	2024-04-14 01:01:00	2024-04-14 01:01:00	C2.9		POINT(-84 30)	30	-84	-819.0	492.0
266440	2024-04-14 02:24:00	2024-04-14 02:32:00	2024-04-14 02:32:00	M4.3		POINT(-67 -11)	-11	-67	-844.0	-192.0
266450	2024-04-14 05:24:00	2024-04-14 05:29:00	2024-04-14 05:29:00	C2.5		POINT(-76 30)	30	-76	-806.0	494.0
266460	2024-04-14 06:16:00	2024-04-14 06:24:00	2024-04-14 06:24:00	C3.1		POINT(-89 -10)	-10	-89	-938.0	-179.0
266470	2024-04-14 06:33:00	2024-04-14 06:45:00	2024-04-14 06:45:00	C3.3		POINT(-79 -12)	-12	-79	-919.0	-189.0
266480	2024-04-14 10:19:00	2024-04-14 11:01:00	2024-04-14 11:01:00	C5.0		POINT(-44 -19)	-19	-44	-627.0	-257.0
266490	2024-04-14 13:07:00	2024-04-14 13:15:00	2024-04-14 13:15:00	C4.0		POINT(-66 28)	28	-66	-792.0	487.0
266500	2024-04-14 15:00:00	2024-04-14 15:09:00	2024-04-14 15:09:00	C5.3		POINT(-66 28)	28	-66	-771.0	449.0
266510	2024-04-14 16:22:00	2024-04-14 16:29:00	2024-04-14 16:29:00	C8.0		POINT(-70 29)	29	-70	-786.0	463.0
266520	2024-04-14 18:15:00	2024-04-14 18:23:00	2024-04-14 18:23:00	C4.1		POINT(-69 29)	29	-69	-781.0	463.0
266530	2024-04-14 18:26:00	2024-04-14 18:30:00	2024-04-14 18:30:00	C7.1		POINT(-72 31)	31	-72	-779.0	492.0
266540	2024-04-14 19:21:00	2024-04-14 19:32:00	2024-04-14 19:32:00	C3.2		POINT(-69 29)	29	-69	-781.0	463.0
266550	2024-04-14 19:41:00	2024-04-14 19:45:00	2024-04-14 19:45:00	C2.9		POINT(-69 29)	29	-69	-782.0	492.0
266560	2024-04-14 23:48:00	2024-04-14 23:53:00	2024-04-14 23:53:00	C4.1		POINT(-61 28)	28	-61	-745.0	487.0
266570	2024-04-15 00:02:00	2024-04-15 00:09:00	2024-04-15 00:09:00	C4.6		POINT(-61 28)	28	-61	-744.0	488.0
266580	2024-04-15 01:06:00	2024-04-15 01:18:00	2024-04-15 01:18:00	M1.7		POINT(-68 34)	34	-68	-741.0	491.0
266590	2024-04-15 02:51:00	2024-04-15 03:09:00	2024-04-15 03:09:00	C4.4		POINT(-75 -12)	-12	-75	-902.0	-189.0
266600	2024-04-15 03:23:00	2024-04-15 03:33:00	2024-04-15 03:33:00	C6.3		POINT(-64 30)	30	-64	-748.0	513.0
266610	2024-04-15 04:11:00	2024-04-15 04:17:00	2024-04-15 04:17:00	C5.3		POINT(-68 34)	34	-68	-735.0	534.0
266620	2024-04-15 04:41:00	2024-04-15 04:46:00	2024-04-15 04:46:00	C5.5		POINT(30 28)	28	30	380.0	514.0
266630	2024-04-15 05:30:00	2024-04-15 05:37:00	2024-04-15 05:37:00	C7.9		POINT(28 29)	29	28	381.0	513.0
266640	2024-04-15 07:15:00	2024-04-15 07:32:00	2024-04-15 07:32:00	M1.0		POINT(-57 30)	30	-57	-713.0	531.0
266650	2024-04-15 08:38:00	2024-04-15 08:42:00	2024-04-15 08:42:00	M2.3		POINT(29 27)	27	29	407.0	509.0
266660	2024-04-15 09:21:00	2024-04-15 09:32:00	2024-04-15 09:32:00	M1.2		POINT(-60 29)	29	-60	-732.0	508.0
266670	2024-04-15 13:43:00	2024-04-15 13:58:00	2024-04-15 13:58:00	M1.1		POINT(-56 28)	28	-56	-700.0	448.0
266680	2024-04-15 14:01:00	2024-04-15 14:04:00	2024-04-15 14:04:00	M1.4		POINT(33 26)	26	33	443.0	506.0
266690	2024-04-15 14:08:00	2024-04-15 14:17:00	2024-04-15 14:17:00	M2.2		POINT(-55 29)	29	-55	-690.0	514.0
266700	2024-04-15 16:47:00	2024-04-15 17:05:00	2024-04-15 17:05:00	C5.0		POINT(-52 28)	28	-52	-673.0	497.0
266710	2024-04-15 18:33:00	2024-04-15 18:38:00	2024-04-15 18:38:00	C2.6		POINT(-55 30)	30	-55	-682.0	523.0
266720	2024-04-15 19:05:00	2024-04-15 19:12:00	2024-04-15 19:12:00	C4.2		POINT(33 29)	29	33	477.0	507.0
266730	2024-04-15 19:25:00	2024-04-15 19:32:00	2024-04-15 19:32:00	M4.0		POINT(-56 28)	28	-56	-690.0	510.0
266740	2024-04-15 20:41:00	2024-04-15 20:57:00	2024-04-15 20:57:00	C4.4		POINT(-52 22)	22	-52	-702.0	461.0
266750	2024-04-15 21:39:00	2024-04-15 21:43:00	2024-04-15 21:43:00	C5.2		POINT(-40 -14)	-14	-40	-607.0	-175.0
266760	2024-04-15 22:18:00	2024-04-15 22:22:00	2024-04-15 22:22:00	C2.8		POINT(40 24)	24	40	564.0	457.0
266770	2024-04-15 23:49:00	2024-04-15 23:55:00	2024-04-15 23:55:00	C3.9		POINT(-47 -17)	-17	-47	-675.0	-225.0
266780	2024-04-16 00:58:00	2024-04-16 01:06:00	2024-04-16 01:06:00	C2.7		POINT(-51 29)	29	-51	-649.0	519.0
266790	2024-04-16 10:06:00	2024-04-16 10:15:00	2024-04-16 10:15:00	C3.9		POINT(-55 -12)	-12	-55	-772.0	-161.0
266800	2024-04-16 15:27:00	2024-04-16 15:34:00	2024-04-16 15:34:00	C4.8		POINT(-40 28)	28	-40	-542.0	448.0
266810	2024-04-16 17:18:00	2024-04-16 17:29:00	2024-04-16 17:29:00	C5.3		POINT(-42 29)	29	-42	-568.0	524.0
266820	2024-04-16 17:48:00	2024-04-16 17:53:00	2024-04-16 17:53:00	M1.1		POINT(-36 -10)	-10	-36	-571.0	-80.0
266830	2024-04-17 00:10:00	2024-04-17 00:17:00	2024-04-17 00:17:00	C2.8		POINT(11 14)	14	11	191.0	302.0
266840	2024-04-17 03:13:00	2024-04-17 03:28:00	2024-04-17 03:28:00	C8.1		POINT(-60 29)	29	-60	-724.0	463.0
266850	2024-04-17 07:22:00	2024-04-17 07:30:00	2024-04-17 07:30:00	C8.8		POINT(-22 -14)	-14	-22	-353.0	-154.0
266860	2024-04-17 13:39:00	2024-04-17 13:48:00	2024-04-17 13:48:00	C3.5		POINT(-24 -9)	-9	-24	-399.0	-98.0
266870	2024-04-17 13:55:00	2024-04-17 14:04:00	2024-04-17 14:04:00	C3.7		POINT(-33 35)	35	-33	-414.0	579.0
266880	2024-04-17 15:45:00	2024-04-17 15:48:00	2024-04-17 15:48:00	C6.6		POINT(-31 29)	29	-31	-430.0	463.0
266890	2024-04-17 16:42:00	2024-04-17 16:48:00	2024-04-17 16:48:00	C5.2		POINT(-22 -17)	-17	-22	-342.0	-279.0
266900	2024-04-17 18:00:00	2024-04-17 18:07:00	2024-04-17 18:07:00	C3.3		POINT(-31 -12)	-12	-31	-481.0	-198.0
266910	2024-04-17 18:13:00	2024-04-17 18:20:00	2024-04-17 18:20:00	C4.6		POINT(-21 -18)	-18	-21	-325.0	-295.0
266920	2024-04-17 20:00:00	2024-04-17 20:04:00	2024-04-17 20:04:00	C9.0		POINT(-25 -6)	-6	-25	-401.0	-99.0
266930	2024-04-17 20:13:00	2024-04-17 20:21:00	2024-04-17 20:21:00	C4.3		POINT(-30 35)	35	-30	-391.0	548.0
266940	2024-04-17 20:52:00	2024-04-17 22:09:00	2024-04-17 22:09:00	M1.6		POINT(-22 -7)	-7	-22	-355.0	-116.0
266950	2024-04-17 23:20:00	2024-04-17 23:25:00	2024-04-17 23:25:00	C7.8		POINT(-18 -18)	-18	-18	-291.0	-227.0
266960	2024-04-18 02:32:00	2024-04-18 02:48:00	2024-04-18 02:48:00	M2.2		POINT(-27 -11)	-11	-27	-425.0	-182.0
266970	2024-04-18 05:55:00	2024-04-18 06:09:00	2024-04-18 06:09:00	C7.3		POINT(-19 -9)	-9	-19	-295.0	-60.0
266980	2024-04-18 07:17:00	2024-04-18 07:37:00	2024-04-18 07:37:00	M1.3		POINT(-23 -12)	-12	-23	-386.0	-127.0
266990	2024-04-18 11:44:00	2024-04-18 11:51:00	2024-04-18 11:51:00	C8.9		POINT(-16 -8)	-8	-16	-264.0	-65.0
267000	2024-04-18 16:16:00	2024-04-18 16:46:00	2024-04-18 16:46:00	C9.8		POINT(-12 -10)	-10	-12	-181.0	-81.0
267010	2024-04-18 20:12:00	2024-04-18 20:16:00	2024-04-18 20:16:00	M1.6		POINT(-16 -11)	-11	-16	-266.0	-108.0
267020	2024-04-19 01:05:00	2024-04-19 01:11:00	2024-04-19 01:11:00	C3.0		POINT(-11 31)	31	-11	-167.0	574.0
267030	2024-04-19 01:20:00	2024-04-19 01:27:00	2024-04-19 01:27:00	C3.5		POINT(8 16)	16	8	141.0	354.0
267040	2024-04-19 01:37:00	2024-04-19 01:48:00	2024-04-19 01:48:00	C4.1		POINT(-14 -12)	-12	-14	-231.0	-122.0
267050	2024-04-19 01:51:00	2024-04-19 01:57:00	2024-04-19 01:57:00	C4.1		POINT(-4 -17)	-17	-4	-78.0	-198.0
267060	2024-04-19 02:44:00	2024-04-19 02:52:00	2024-04-19 02:52:00	C4.9		POINT(89 -7)	-7	89	957.0	-129.0
267070	2024-04-19 04:40:00	2024-04-19 04:53:00	2024-04-19 04:53:00	M2.1		POINT(-8 -11)	-11	-8	-138.0	-98.0
267080	2024-04-19 11:11:00	2024-04-19 11:20:00	2024-04-19 11:20:00	C4.9		POINT(-6 28)	28	-6	-94.0	534.0
267090	2024-04-19 12:53:00	2024-04-19 13:06:00	2024-04-19 13:06:00	M1.0		POINT(0 -17)	-17	0	4.0	-201.0
267100	2024-04-19 14:58:00	2024-04-19 15:04:00	2024-04-19 15:04:00	C4.4		POINT(-3 28)	28	-3	-56.0	538.0
267110	2024-04-19 15:28:00	2024-04-19 15:35:00	2024-04-19 15:35:00	C3.5		POINT(1 -7)	-7	1	32.0	-36.0
267120	2024-04-19 17:33:00	2024-04-19 17:43:00	2024-04-19 17:43:00	C4.7		POINT(3 -17)	-17	3	50.0	-210.0
267130	2024-04-19 19:18:00	2024-04-19 19:24:00	2024-04-19 19:24:00	C3.8		POINT(-89 -11)	-11	-89	-948.0	-198.0
267140	2024-04-19 20:43:00	2024-04-19 20:51:00	2024-04-19 20:51:00	C3.9		POINT(63 17)	17	63	815.0	327.0
267150	2024-04-20 00:57:00	2024-04-20 01:07:00	2024-04-20 01:07:00	C4.8		POINT(8 -17)	-17	8	117.0	-204.0
267160	2024-04-20 03:33:00	2024-04-20 03:39:00	2024-04-20 03:39:00	C2.7		POINT(-88 -14)	-14	-88	-932.0	-240.0
267170	2024-04-20 06:20:00	2024-04-20 06:28:00	2024-04-20 06:28:00	C3.7		POINT(-88 -14)	-14	-88	-939.0	-236.0
267180	2024-04-20 08:36:00	2024-04-20 08:49:00	2024-04-20 08:49:00	C3.9		POINT(36 -21)	-21	36	494.0	-267.0
267190	2024-04-20 09:11:00	2024-04-20 09:18:00	2024-04-20 09:18:00	C3.0		POINT(5 28)	28	5	86.0	529.0
267200	2024-04-20 11:46:00	2024-04-20 11:52:00	2024-04-20 11:52:00	C3.7		POINT(15 -17)	-17	15	228.0	-211.0
267210	2024-04-20 13:01:00	2024-04-20 13:07:00	2024-04-20 13:07:00	C2.8		POINT(12 -6)	-6	12	203.0	-30.0
267220	2024-04-20 16:35:00	2024-04-20 16:41:00	2024-04-20 16:41:00	C4.9		POINT(19 -7)	-7	19	333.0	-217.0
267230	2024-04-20 16:52:00	2024-04-20 17:06:00	2024-04-20 17:06:00	C7.5		POINT(17 -6)	-6	17	291.0	-29.0
267240	2024-04-20 20:46:00	2024-04-20 20:56:00	2024-04-20 20:56:00	C3.2		POINT(25 -18)	-18	25	372.0	-218.0
267250	2024-04-20 21:43:00	2024-04-20 21:50:00	2024-04-20 21:50:00	C4.3		POINT(17 -7)	-7	17	291.0	-49.0
267260	2024-04-20 21:53:00	2024-04-20 21:59:00	2024-04-20 21:59:00	C4.9		POINT(20 -6)	-6	20	326.0	-35.0
267270	2024-04-21 01:00:00	2024-04-21 01:13:00	2024-04-21 01:13:00	C5.7		POINT(23 -9)	-9	23	360.0	-28.0
267280	2024-04-21 04:25:00	2024-04-21 04:34:00	2024-04-21 04:34:00	C3.9		POINT(29 -8)	-8	29	357.0	-191.0
267290	2024-04-21 04:39:00	2024-04-21 04:46:00	2024-04-21 04:46:00	C3.8		POINT(23 -7)	-7	23	383.0	-39.0
267300	2024-04-21 12:36:00	2024-04-21 12:54:00	2024-04-21 12:54:00	M1.0		POINT(25 -6)	-6	25	451.0	-42.0
267310	2024-04-21 15:07:00	2024-04-21 15:14:00	2024-04-21 15:14:00	M2.2		POINT(-19 22)	22	-19	-288.0	357.0
267320	2024-04-21 20:42:00	2024-04-21 20:55:00	2024-04-21 20:55:00	C5.3		POINT(24 -9)	-9	24	378.0	-114.0
267330	2024-04-21 21:44:00	2024-04-21 21:52:00	2024-04-21 21:52:00	M3.4		POINT(37 -17)	-17	37	548.0	-248.0
267340	2024-04-21 23:06:00	2024-04-21 23:15:00	2024-04-21 23:15:00	C4.0		POINT(25 -12)	-12	25	411.0	-105.0
267350	2024-04-21 23:37:00	2024-04-21 23:45:00	2024-04-21 23:45:00	C3.7		POINT(-66 -26)	-26	-66	-783.0	-401.0
267360	2024-04-22 00:30:00	2024-04-22 00:39:00	2024-04-22 00:39:00	C6.5		POINT(22 -12)	-12	22	425.0	-105.0
267370	2024-04-22 03:05:00	2024-04-22 03:17:00	2024-04-22 03:17:00	C4.9		POINT(29 -12)	-12	29	453.0	-136.0
267380	2024-04-22 03:20:00	2024-04-22 03:25:00	2024-04-22 03:25:00	C5.5		POINT(57 -23)	-23	57	735.0	-345.0
267390	2024-04-22 05:27:00	2024-04-22 05:37:00	2024-04-22 05:37:00	C8.9		POINT(41 -19)	-19	41	597.0	-255.0
267400	2024-04-22 07:58:00	2024-04-22 08:13:00	2024-04-22 08:13:00	M1.0		POINT(36 -7)	-7	36	600.0	-50.0
267410	2024-04-22 12:07:00	2024-04-22 12:12:00	2024-04-22 12:12:00	C5.9		POINT(45 -19)	-19	45	641.0	-257.0
267420	2024-04-22 13:13:00	2024-04-22 13:35:00	2024-04-22 13:35:00	M1.6		POINT(39 -10)	-10	39	598.0	-120.0
267430	2024-04-22 14:46:00	2024-04-22 14:55:00	2024-04-22 14:55:00	M1.1		POINT(45 -6)	-6	45	671.0	-99.0
267440	2024-04-22 15:08:00	2024-04-22 15:19:00	2024-04-22 15:19:00	M1.6		POINT(-7 23)	23	-7	-107.0	372.0
267450	2024-04-22 15:41:00	2024-04-22 15:50:00	2024-04-22 15:50:00	M2.8		POINT(-67 -11)	-11	-67	-862.0	-182.0
267460	2024-04-22 16:26:00	2024-04-22 16:30:00	2024-04-22 16:30:00	M1.0		POINT(-67 -12)	-12	-67	-859.0	-198.0
267470	2024-04-22 19:13:00	2024-04-22 19:18:00	2024-04-22 19:18:00	C4.8		POINT(-67 -13)	-13	-67	-857.0	-186.0
267480	2024-04-22 20:14:00	2024-04-22 20:20:00	2024-04-22 20:20:00	C4.5		POINT(50 -6)	-6	50	728.0	-58.0
267490	2024-04-22 21:05:00	2024-04-22 21:16:00	2024-04-22 21:16:00	M1.5		POINT(48 -17)	-17	48	662.0	-247.0
267500	2024-04-22 22:40:00	2024-04-22 22:54:00	2024-04-22 22:54:00	C8.1		POINT(47 -7)	-7	47	714.0	-59.0
267510	2024-04-23 03:06:00	2024-04-23 03:19:00	2024-04-23 03:19:00	M3.6		POINT(-44 -6)	-6	-44	-667.0	-48.0
267520	2024-04-23 06:59:00	2024-04-23 07:04:00	2024-04-23 07:04:00	C3.5		POINT(58 -22)	-22	58	749.0	-271.0
267530	2024-04-23 07:31:00	2024-04-23 07:41:00	2024-04-23 07:41:00	C5.4		POINT(-43 -6)	-6	-43	-651.0	-44.0
267540	2024-04-23 08:07:00	2024-04-23 08:21:00	2024-04-23 08:21:00	M3.0		POINT(-41 -5)	-5	-41	-630.0	-44.0
267550	2024-04-23 09:45:00	2024-04-23 09:51:00	2024-04-23 09:51:00	C4.6		POINT(57 -19)	-19	57	758.0	-273.0
267560	2024-04-23 10:04:00	2024-04-23 10:09:00	2024-04-23 10:09:00	C4.4		POINT(52 -7)	-7	52	750.0	-80.0
267570	2024-04-23 12:37:00	2024-04-23 12:45:00	2024-04-23 12:45:00	C5.0		POINT(9 23)	23	9	147.0	447.0
267580	2024-04-23 13:33:00	2024-04-23 13:43:00	2024-04-23 13:43:00	C7.8		POINT(-39 -7)	-7	-39	-576.0	-36.0
267590	2024-04-23 17:25:00	2024-04-23 17:28:00	2024-04-23 17:28:00	M2.9		POINT(59 -8)	-8	59	809.0	-132.0
267600	2024-04-23 20:58:00	2024-04-23 21:11:00	2024-04-23 21:11:00	C7.4		POINT(59 -5)	-5	59	809.0	-77.0
267610	2024-04-23 21:32:00	2024-04-23 21:39:00	2024-04-23 21:39:00	C6.8		POINT(63 -10)	-10	63	837.0	-134.0
267620	2024-04-23 22:50:00	2024-04-23 22:54:00	2024-04-23 22:54:00	C6.2		POINT(13 22)	22	13	202.0	431.0
267630	2024-04-24 00:13:00	2024-04-24 00:29:00	2024-04-24 00:29:00	M1.7		POINT(61 -10)	-10	61	824.0	-130.0
267640	2024-04-24 02:30:00	2024-04-24 02:39:00	2024-04-24 02:39:00	M1.8		POINT(64 -17)	-17	64	822.0	-254.0
267650	2024-04-24 03:32:00	2024-04-24 03:38:00	2024-04-24 03:38:00	C4.7		POINT(-31 -6)	-6	-31	-492.0	-45.0
267660	2024-04-24 03:57:00	2024-04-24 04:13:00	2024-04-24 04:13:00	C6.2		POINT(36 -10)	-10	36	553.0	-116.0
267670	2024-04-24 04:33:00	2024-04-24 04:40:00	2024-04-24 04:40:00	C7.4		POINT(16 21)	21	16	250.0	428.0
267680	2024-04-24 06:17:00	2024-04-24 06:17:00	2024-04-24 06:17:00	C4.2		POINT(65 -17)	-17	65	842.0	-262.0
267690	2024-04-24 07:35:00	2024-04-24 07:41:00	2024-04-24 07:41:00	C6.9		POINT(64 -6)	-6	64	855.0	-86.0
267700	2024-04-24 09:29:00	2024-04-24 09:43:00	2024-04-24 09:43:00	C5.0		POINT(34 18)	18	34	515.0	360.0
267710	2024-04-24 12:07:00	2024-04-24 12:14:00	2024-04-24 12:14:00	M1.4		POINT(70 -7)	-7	70	894.0	-93.0
267720	2024-04-24 14:02:00	2024-04-24 14:10:00	2024-04-24 14:10:00	C9.4		POINT(70 -18)	-18	70	840.0	-277.0
267730	2024-04-24 15:39:00	2024-04-24 15:43:00	2024-04-24 15:43:00	C3.5		POINT(73 -19)	-19	73	862.0	-310.0
267740	2024-04-24 19:15:00	2024-04-24 19:23:00	2024-04-24 19:23:00	C4.0		POINT(75 -18)	-18	75	877.0	-278.0
267750	2024-04-24 19:51:00	2024-04-24 20:07:00	2024-04-24 20:07:00	C7.9		POINT(40 18)	18	40	588.0	353.0
267760	2024-04-24 22:12:00	2024-04-24 22:20:00	2024-04-24 22:20:00	C7.4		POINT(-7 -14)	-14	-7	-123.0	-155.0
267770	2024-04-24 22:27:00	2024-04-24 22:50:00	2024-04-24 22:50:00	M1.1		POINT(62 -14)	-14	62	822.0	-202.0
267780	2024-04-24 22:54:00	2024-04-24 22:59:00	2024-04-24 22:59:00	M2.0		POINT(78 -10)	-10	78	919.0	-152.0
267790	2024-04-25 01:12:00	2024-04-25 01:17:00	2024-04-25 01:17:00	C4.6		POINT(45 17)	17	45	653.0	343.0
267800	2024-04-25 01:28:00	2024-04-25 01:35:00	2024-04-25 01:35:00	C8.7		POINT(74 -10)	-10	74	905.0	-147.0
267810	2024-04-25 01:40:00	2024-04-25 01:49:00	2024-04-25 01:49:00	M1.0		POINT(74 -10)	-10	74	905.0	-147.0
267820	2024-04-25 08:10:00	2024-04-25 08:14:00	2024-04-25 08:14:00	C2.8		POINT(69 -11)	-11	69	878.0	-155.0
267830	2024-04-25 11:55:00	2024-04-25 12:02:00	2024-04-25 12:02:00	C2.6		POINT(87 -18)	-18	87	902.0	-300.0
267840	2024-04-25 12:25:00	2024-04-25 12:35:00	2024-04-25 12:35:00	C4.2		POINT(89 -10)	-10	89	940.0	-171.0
267850	2024-04-25 13:11:00	2024-04-25 13:21:00	2024-04-25 13:21:00	M1.0		POINT(87 -18)	-18	87	905.0	-294.0
267860	2024-04-25 14:26:00	2024-04-25 14:31:00	2024-04-25 14:31:00	C3.7		POINT(88 -18)	-18	88	906.0	-302.0
267870	2024-04-25 16:26:00	2024-04-25 16:32:00	2024-04-25 16:32:00	C3.2		POINT(59 19)	19	59	774.0	347.0
267880	2024-04-25 17:03:00	2024-04-25 17:12:00	2024-04-25 17:12:00	M1.3		POINT(88 -18)	-18	88	909.0	-300.0
267890	2024-04-25 18:03:00	2024-04-25 18:07:00	2024-04-25 18:07:00	C9.4		POINT(85 -18)	-18	85	899.0	-303.0
267900	2024-04-25 23:58:00	2024-04-26 00:09:00	2024-04-26 00:09:00	C5.1		POINT(88 -18)	-18	88	915.0	-307.0
267910	2024-04-26 00:57:00	2024-04-26 01:05:00	2024-04-26 01:05:00	C3.5		POINT(88 -18)	-18	88	915.0	-299.0
267920	2024-04-26 06:29:00	2024-04-26 06:29:00	2024-04-26 06:29:00	C6.6		POINT(64 17)	17	64	819.0	278.0
267930	2024-04-26 07:41:00	2024-04-26 07:48:00	2024-04-26 07:48:00	C3.9		POINT(89 -9)	-9	89	947.0	-167.0
267940	2024-04-26 11:21:00	2024-04-26 11:28:00	2024-04-26 11:28:00	C2.5		POINT(88 -18)	-18	88	911.0	-305.0
267950	2024-04-26 19:28:00	2024-04-26 19:35:00	2024-04-26 19:35:00	C4.9		POINT(89 -12)	-12	89	938.0	-203.0
267960	2024-04-26 21:36:00	2024-04-26 21:41:00	2024-04-26 21:41:00	C4.9		POINT(4 -7)	-7	4	80.0	-43.0
267970	2024-04-27 00:00:00	2024-04-27 00:00:00	2024-04-27 00:00:00	C3.3		POINT(10 -6)	-6	10	164.0	-99.0
267980	2024-04-27 12:17:00	2024-04-27 12:37:00	2024-04-27 12:37:00	M2.1		POINT(15 -7)	-7	15	249.0	-48.0
267990	2024-04-27 16:14:00	2024-04-27 16:26:00	2024-04-27 16:26:00	C4.9		POINT(85 19)	19	85	904.0	315.0
268000	2024-04-27 21:29:00	2024-04-27 21:40:00	2024-04-27 21:40:00	M3.0		POINT(19 -6)	-6	19	324.0	-42.0
268010	2024-04-28 12:12:00	2024-04-28 12:35:00	2024-04-28 12:35:00	C7.8		POINT(28 -6)	-6	28	469.0	-48.0
268020	2024-04-28 15:42:00	2024-04-28 16:01:00	2024-04-28 16:01:00	C6.3		POINT(32 -7)	-7	32	501.0	-116.0
268030	2024-04-28 20:06:00	2024-04-28 20:20:00	2024-04-28 20:20:00	C8.3		POINT(35 -6)	-6	35	543.0	-99.0
268040	2024-04-28 21:12:00	2024-04-28 21:20:00	2024-04-28 21:20:00	C2.4		POINT(32 -6)	-6	32	502.0	-99.0
268050	2024-04-28 21:26:00	2024-04-28 21:30:00	2024-04-28 21:30:00	C2.5		POINT(34 -6)	-6	34	529.0	-99.0
268060	2024-04-28 22:06:00	2024-04-28 22:18:00	2024-04-28 22:18:00	C2.6		POINT(77 -22)	-22	77	860.0	-356.0
268070	2024-04-28 22:51:00	2024-04-28 23:06:00	2024-04-28 23:06:00	C7.7		POINT(31 -8)	-8	31	486.0	-132.0
268080	2024-04-29 00:33:00	2024-04-29 00:48:00	2024-04-29 00:48:00	M2.5		POINT(40 -8)	-8	40	570.0	-60.0
268090	2024-04-29 00:54:00	2024-04-29 01:11:00	2024-04-29 01:11:00	M3.7		POINT(36 -7)	-7	36	561.0	-62.0
268100	2024-04-29 06:23:00	2024-04-29 06:31:00	2024-04-29 06:31:00	C3.0		POINT(42 -9)	-9	42	629.0	-64.0
268110	2024-04-29 07:27:00	2024-04-29 07:36:00	2024-04-29 07:36:00	C3.4		POINT(88 16)	16	88	920.0	281.0
268120	2024-04-29 13:19:00	2024-04-29 13:27:00	2024-04-29 13:27:00	C2.8		POINT(42 -9)	-9	42	678.0	-69.0
268130	2024-04-29 19:14:00	2024-04-29 19:26:00	2024-04-29 19:26:00	C8.5		POINT(48 -6)	-6	48	708.0	-68.0
268140	2024-04-29 21:15:00	2024-04-29 21:21:00	2024-04-29 21:21:00	C1.6		POINT(50 -6)	-6	50	732.0	-69.0
268150	2024-04-29 23:04:00	2024-04-29 23:12:00	2024-04-29 23:12:00	C1.6		POINT(51 -7)	-7	51	740.0	-72.0
268160	2024-04-29 23:19:00	2024-04-29 23:24:00	2024-04-29 23:24:00	C1.4		POINT(50 -6)	-6	50	730.0	-55.0
268170	2024-04-30 00:46:00	2024-04-30 01:14:00	2024-04-30 01:14:00	M1.6		POINT(50 -6)	-6	50	741.0	-68.0
268180	2024-04-30 07:05:00	2024-04-30 07:13:00	2024-04-30 07:13:00	C1.4		POINT(56 -6)	-6	56	786.0	-74.0
268190	2024-04-30 09:50:00	2024-04-30 10:04:00	2024-04-30 10:04:00	C2.0		POINT(52 -6)	-6	52	749.0	-160.0
268200	2024-04-30 12:36:00	2024-04-30 12:55:00	2024-04-30 12:55:00	C1.8		POINT(57 -5)	-5	57	800.0	-57.0
268210	2024-04-30 14:50:00	2024-04-30 15:11:00	2024-04-30 15:11:00	M1.2		POINT(60 -5)	-5	60	830.0	-74.0
268220	2024-04-30 16:11:00	2024-04-30 16:33:00	2024-04-30 16:33:00	M1.3		POINT(60 -5)	-5	60	821.0	-70.0
268230	2024-04-30 23:23:00	2024-04-30 23:46:00	2024-04-30 23:46:00	M9.5		POINT(63 -6)	-6	63	849.0	-76.0
268240	2024-05-01 05:58:00	2024-05-01 07:58:00	2024-05-01 07:58:00	C5.8		POINT(-80 -19)	-19	-80	-888.0	-299.0
268250	2024-05-01 10:49:00	2024-05-01 10:56:00	2024-05-01 10:56:00	C1.7		POINT(-29 24)	24	-29	-422.0	454.0
268260	2024-05-01 14:17:00	2024-05-01 14:32:00	2024-05-01 14:32:00	M1.8		POINT(75 -5)	-5	75	912.0	-85.0
268270	2024-05-01 17:01:00	2024-05-01 17:11:00	2024-05-01 17:11:00	C3.7		POINT(-26 24)	24	-26	-379.0	455.0
268280	2024-05-01 18:14:00	2024-05-01 18:17:00	2024-05-01 18:17:00	C1.9		POINT(-24 24)	24	-24	-364.0	453.0
268290	2024-05-01 20:00:00	2024-05-01 20:06:00	2024-05-01 20:06:00	C1.9		POINT(-24 25)	25	-24	-356.0	452.0
268300	2024-05-01 22:26:00	2024-05-01 22:31:00	2024-05-01 22:31:00	M1.8		POINT(-24 25)	25	-24	-347.0	454.0
268310	2024-05-01 23:57:00	2024-05-02 00:04:00	2024-05-02 00:04:00	C1.2		POINT(-25 26)	26	-25	-361.0	417.0
268320	2024-05-02 01:23:00	2024-05-02 01:30:00	2024-05-02 01:30:00	C1.6		POINT(-76 -16)	-16	-76	-843.0	-248.0
268330	2024-05-02 02:07:00	2024-05-02 02:17:00	2024-05-02 02:17:00	M1.0		POINT(-23 25)	25	-23	-315.0	456.0
268340	2024-05-02 08:42:00	2024-05-02 08:58:00	2024-05-02 08:58:00	C2.7		POINT(-18 24)	24	-18	-254.0	464.0
268350	2024-05-02 09:12:00	2024-05-02 09:18:00	2024-05-02 09:18:00	C2.5		POINT(89 -4)	-4	89	966.0	-84.0
268360	2024-05-02 09:44:00	2024-05-02 09:51:00	2024-05-02 09:51:00	C4.3		POINT(-17 24)	24	-17	-259.0	453.0
268370	2024-05-02 13:32:00	2024-05-02 13:54:00	2024-05-02 13:54:00	C3.6		POINT(-14 24)	24	-14	-201.0	457.0
268380	2024-05-02 16:18:00	2024-05-02 16:27:00	2024-05-02 16:27:00	C3.7		POINT(-64 -20)	-20	-64	-795.0	-298.0
268390	2024-05-02 16:56:00	2024-05-02 17:00:00	2024-05-02 17:00:00	C6.3		POINT(-63 -22)	-22	-63	-770.0	-321.0
268400	2024-05-02 17:22:00	2024-05-02 17:32:00	2024-05-02 17:32:00	C8.7		POINT(-64 -20)	-20	-64	-786.0	-302.0
268410	2024-05-02 18:48:00	2024-05-02 18:56:00	2024-05-02 18:56:00	C4.0		POINT(-64 -20)	-20	-64	-782.0	-306.0
268420	2024-05-02 20:42:00	2024-05-02 20:48:00	2024-05-02 20:48:00	C1.9		POINT(-13 24)	24	-13	-198.0	456.0
268430	2024-05-02 20:52:00	2024-05-02 20:57:00	2024-05-02 20:57:00	M2.7		POINT(-59 -20)	-20	-59	-767.0	-303.0
268440	2024-05-02 23:06:00	2024-05-02 23:18:00	2024-05-02 23:18:00	C5.0		POINT(-59 -21)	-21	-59	-761.0	-308.0
268450	2024-05-02 23:26:00	2024-05-02 23:29:00	2024-05-02 23:29:00	C3.6		POINT(-11 23)	23	-11	-142.0	455.0
268460	2024-05-03 00:08:00	2024-05-03 00:15:00	2024-05-03 00:15:00	M2.7		POINT(-59 -21)	-21	-59	-753.0	-303.0
268470	2024-05-03 01:51:00	2024-05-03 01:59:00	2024-05-03 01:59:00	C2.6		POINT(-7 25)	25	-7	-105.0	472.0
268480	2024-05-03 02:05:00	2024-05-03 02:09:00	2024-05-03 02:09:00	C2.4		POINT(-6 24)	24	-6	-98.0	458.0
268490	2024-05-03 02:11:00	2024-05-03 02:22:00	2024-05-03 02:22:00	X1.6		POINT(-7 25)	25	-7	-98.0	476.0
268500	2024-05-03 03:17:00	2024-05-03 03:27:00	2024-05-03 03:27:00	C7.4		POINT(89 -5)	-5	89	959.0	-93.0
268510	2024-05-03 05:08:00	2024-05-03 05:18:00	2024-05-03 05:18:00	C6.0		POINT(-6 24)	24	-6	-92.0	455.0
268520	2024-05-03 05:21:00	2024-05-03 05:27:00	2024-05-03 05:27:00	C6.7		POINT(-7 24)	24	-7	-80.0	464.0
268530	2024-05-03 06:31:00	2024-05-03 06:35:00	2024-05-03 06:35:00	C5.3		POINT(-53 -22)	-22	-53	-708.0	-320.0
268540	2024-05-03 08:05:00	2024-05-03 08:11:00	2024-05-03 08:11:00	M4.4		POINT(-5 24)	24	-5	-68.0	459.0
268550	2024-05-03 16:05:00	2024-05-03 16:13:00	2024-05-03 16:13:00	C8.0		POINT(-47 -22)	-22	-47	-636.0	-308.0
268560	2024-05-03 18:40:00	2024-05-03 18:55:00	2024-05-03 18:55:00	C7.5		POINT(3 26)	26	3	50.0	476.0
268570	2024-05-03 20:12:00	2024-05-03 20:37:00	2024-05-03 20:37:00	C3.9		POINT(-33 9)	9	-33	-521.0	212.0
268580	2024-05-03 20:53:00	2024-05-03 20:56:00	2024-05-03 20:56:00	C4.6		POINT(-43 -21)	-21	-43	-606.0	-300.0
268590	2024-05-03 22:25:00	2024-05-03 22:47:00	2024-05-03 22:47:00	M1.2		POINT(89 -6)	-6	89	957.0	-116.0
268600	2024-05-03 23:11:00	2024-05-03 23:16:00	2024-05-03 23:16:00	M1.0		POINT(4 25)	25	4	60.0	462.0
268610	2024-05-03 23:24:00	2024-05-03 23:30:00	2024-05-03 23:30:00	M2.4		POINT(5 26)	26	5	89.0	474.0
268620	2024-05-04 00:26:00	2024-05-04 00:36:00	2024-05-04 00:36:00	M1.6		POINT(6 26)	26	6	75.0	469.0
268630	2024-05-04 02:16:00	2024-05-04 02:36:00	2024-05-04 02:36:00	C5.8		POINT(-40 -22)	-22	-40	-575.0	-314.0
268640	2024-05-04 03:45:00	2024-05-04 03:54:00	2024-05-04 03:54:00	C5.5		POINT(5 25)	25	5	129.0	472.0
268650	2024-05-04 05:11:00	2024-05-04 05:17:00	2024-05-04 05:17:00	C3.1		POINT(2 26)	26	2	54.0	482.0
268660	2024-05-04 06:02:00	2024-05-04 06:19:00	2024-05-04 06:19:00	M9.1		POINT(8 26)	26	8	144.0	477.0
268670	2024-05-04 06:50:00	2024-05-04 07:00:00	2024-05-04 07:00:00	C8.5		POINT(8 25)	25	8	131.0	465.0
268680	2024-05-04 07:04:00	2024-05-04 07:07:00	2024-05-04 07:07:00	M1.5		POINT(7 27)	27	7	111.0	495.0
268690	2024-05-04 08:31:00	2024-05-04 08:36:00	2024-05-04 08:36:00	C4.5		POINT(7 27)	27	7	123.0	495.0
268700	2024-05-04 12:01:00	2024-05-04 12:05:00	2024-05-04 12:05:00	C4.2		POINT(10 26)	26	10	143.0	455.0
268710	2024-05-04 14:50:00	2024-05-04 15:00:00	2024-05-04 15:00:00	C3.8		POINT(12 24)	24	12	180.0	387.0
268720	2024-05-04 15:57:00	2024-05-04 16:07:00	2024-05-04 16:07:00	C6.3		POINT(14 26)	26	14	206.0	417.0
268730	2024-05-04 17:07:00	2024-05-04 17:19:00	2024-05-04 17:19:00	C9.1		POINT(13 25)	25	13	193.0	402.0
268740	2024-05-04 17:46:00	2024-05-04 17:49:00	2024-05-04 17:49:00	C4.0		POINT(13 25)	25	13	195.0	462.0
268750	2024-05-04 18:10:00	2024-05-04 18:20:00	2024-05-04 18:20:00	M1.3		POINT(14 25)	25	14	212.0	468.0
268760	2024-05-04 19:07:00	2024-05-04 19:23:00	2024-05-04 19:23:00	C5.6		POINT(16 24)	24	16	245.0	451.0
268770	2024-05-04 19:36:00	2024-05-04 19:43:00	2024-05-04 19:43:00	C6.0		POINT(14 24)	24	14	220.0	454.0
268780	2024-05-04 20:33:00	2024-05-04 20:41:00	2024-05-04 20:41:00	C4.4		POINT(14 24)	24	14	209.0	455.0
268790	2024-05-04 21:43:00	2024-05-04 21:56:00	2024-05-04 21:56:00	C4.7		POINT(14 24)	24	14	219.0	456.0
268800	2024-05-04 22:23:00	2024-05-04 22:37:00	2024-05-04 22:37:00	M3.2		POINT(15 25)	25	15	233.0	462.0
268810	2024-05-04 23:09:00	2024-05-04 23:09:00	2024-05-04 23:09:00	M9.0		POINT(10 26)	26	10	251.0	466.0
268820	2024-05-05 00:00:00	2024-05-05 01:28:00	2024-05-05 01:28:00	M8.4		POINT(10 26)	26	10	148.0	417.0
268830	2024-05-05 02:59:00	2024-05-05 03:01:00	2024-05-05 03:01:00	C8.8		POINT(10 26)	26	10	148.0	417.0
268840	2024-05-05 04:20:00	2024-05-05 04:25:00	2024-05-05 04:25:00	C8.4		POINT(10 26)	26	10	148.0	417.0
268850	2024-05-05 05:25:00	2024-05-05 05:42:00	2024-05-05 05:42:00	C5.5		POINT(-26 -18)	-18	-26	-396.0	-294.0
268860	2024-05-05 05:33:00	2024-05-05 05:59:00	2024-05-05 05:59:00	X1.3		POINT(10 26)	26	10	148.0	417.0
268870	2024-05-05 08:07:00	2024-05-05 08:19:00	2024-05-05 08:19:00	M1.3		POINT(21 27)	27	21	322.0	468.0
268880	2024-05-05 08:55:00	2024-05-05 09:10:00	2024-05-05 09:10:00	C8.4		POINT(21 27)	27	21	305.0	461.0
268890	2024-05-05 09:23:00	2024-05-05 09:38:00	2024-05-05 09:38:00	M2.3		POINT(-22 -20)	-20	-22	-338.0	-302.0
268900	2024-05-05 09:50:00	2024-05-05 09:56:00	2024-05-05 09:56:00	M7.4		POINT(21 26)	26	21	320.0	459.0
268910	2024-05-05 11:41:00	2024-05-05 11:54:00	2024-05-05 11:54:00	X1.2		POINT(22 26)	26	22	347.0	466.0
268920	2024-05-05 14:12:00	2024-05-05 14:16:00	2024-05-05 14:16:00	C7.5		POINT(-19 -20)	-20	-19	-300.0	-294.0
268930	2024-05-05 14:33:00	2024-05-05 14:47:00	2024-05-05 14:47:00	M1.3		POINT(24 24)	24	24	364.0	448.0
268940	2024-05-05 15:28:00	2024-05-05 15:38:00	2024-05-05 15:38:00	M2.2		POINT(24 25)	25	24	350.0	402.0
268950	2024-05-05 16:26:00	2024-05-05 17:00:00	2024-05-05 17:00:00	M1.3		POINT(-25 -19)	-19	-25	-380.0	-309.0
268960	2024-05-05 18:00:00	2024-05-05 18:04:00	2024-05-05 18:04:00	C6.4		POINT(-18 -21)	-21	-18	-282.0	-302.0
268970	2024-05-05 18:12:00	2024-05-05 18:19:00	2024-05-05 18:19:00	C8.7		POINT(27 24)	24	27	393.0	446.0
268980	2024-05-05 18:34:00	2024-05-05 18:39:00	2024-05-05 18:39:00	M1.0		POINT(-25 -19)	-19	-25	-279.0	-302.0
268990	2024-05-05 19:44:00	2024-05-05 19:52:00	2024-05-05 19:52:00	M1.3		POINT(27 24)	24	27	401.0	447.0
269000	2024-05-05 22:16:00	2024-05-05 22:22:00	2024-05-05 22:22:00	C2.0		POINT(32 25)	25	32	463.0	456.0
269010	2024-05-05 22:18:00	2024-05-05 22:29:00	2024-05-05 22:29:00	C6.1		POINT(30 24)	24	30	431.0	445.0
269020	2024-05-05 23:25:00	2024-05-05 23:43:00	2024-05-05 23:43:00	C4.1		POINT(32 24)	24	32	487.0	453.0
269030	2024-05-06 00:00:00	2024-05-06 00:00:00	2024-05-06 00:00:00	C3.9		POINT(24 26)	26	24	410.0	468.0
269040	2024-05-06 00:47:00	2024-05-06 01:06:00	2024-05-06 01:06:00	M1.6		POINT(32 24)	24	32	441.0	447.0
269050	2024-05-06 03:40:00	2024-05-06 03:51:00	2024-05-06 03:51:00	C5.8		POINT(30 26)	26	30	432.0	464.0
269060	2024-05-06 04:09:00	2024-05-06 04:22:00	2024-05-06 04:22:00	C8.8		POINT(-13 -18)	-18	-13	-203.0	-293.0
269070	2024-05-06 05:09:00	2024-05-06 05:28:00	2024-05-06 05:28:00	M1.3		POINT(37 25)	25	37	523.0	449.0
269080	2024-05-06 05:38:00	2024-05-06 06:35:00	2024-05-06 06:35:00	X4.5		POINT(35 25)	25	35	500.0	452.0
269090	2024-05-06 09:49:00	2024-05-06 09:59:00	2024-05-06 09:59:00	M1.5		POINT(38 24)	24	38	539.0	441.0
269100	2024-05-06 10:52:00	2024-05-06 11:00:00	2024-05-06 11:00:00	C6.5		POINT(-26 -17)	-17	-26	-398.0	-278.0
269110	2024-05-06 12:51:00	2024-05-06 12:56:00	2024-05-06 12:56:00	C9.3		POINT(40 24)	24	40	563.0	440.0
269120	2024-05-06 14:14:00	2024-05-06 15:28:00	2024-05-06 15:28:00	C4.4		POINT(37 24)	24	37	510.0	443.0
269130	2024-05-06 15:23:00	2024-05-06 15:34:00	2024-05-06 15:34:00	C6.2		POINT(35 26)	26	35	490.0	416.0
269140	2024-05-06 17:06:00	2024-05-06 17:09:00	2024-05-06 17:09:00	C4.3		POINT(44 25)	25	44	598.0	401.0
269150	2024-05-06 17:32:00	2024-05-06 17:39:00	2024-05-06 17:39:00	C2.7		POINT(37 28)	28	37	505.0	446.0
269160	2024-05-06 18:16:00	2024-05-06 18:22:00	2024-05-06 18:22:00	C3.7		POINT(44 24)	24	44	601.0	440.0
269170	2024-05-06 18:33:00	2024-05-06 18:42:00	2024-05-06 18:42:00	C2.9		POINT(43 25)	25	43	589.0	443.0
269180	2024-05-06 19:06:00	2024-05-06 19:18:00	2024-05-06 19:18:00	C9.4		POINT(41 24)	24	41	540.0	446.0
269190	2024-05-06 20:15:00	2024-05-06 20:22:00	2024-05-06 20:22:00	C2.6		POINT(42 24)	24	42	585.0	438.0
269200	2024-05-06 20:25:00	2024-05-06 20:31:00	2024-05-06 20:31:00	C3.4		POINT(45 25)	25	45	614.0	440.0
269210	2024-05-06 21:18:00	2024-05-06 21:20:00	2024-05-06 21:20:00	C3.2		POINT(44 27)	27	44	590.0	470.0
269220	2024-05-06 21:37:00	2024-05-06 21:48:00	2024-05-06 21:48:00	M1.2		POINT(42 25)	25	42	555.0	462.0
269230	2024-05-06 21:58:00	2024-05-06 22:27:00	2024-05-06 22:27:00	M4.3		POINT(42 27)	27	42	572.0	472.0
269240	2024-05-07 00:41:00	2024-05-07 00:58:00	2024-05-07 00:58:00	M2.6		POINT(40 27)	27	40	614.0	442.0
269250	2024-05-07 05:37:00	2024-05-07 05:46:00	2024-05-07 05:46:00	C5.7		POINT(-7 -19)	-19	-7	-112.0	-264.0
269260	2024-05-07 05:58:00	2024-05-07 06:16:00	2024-05-07 06:16:00	M5.1		POINT(45 27)	27	45	605.0	469.0
269270	2024-05-07 08:18:00	2024-05-07 08:23:00	2024-05-07 08:23:00	M1.3		POINT(-6 -19)	-19	-6	-89.0	-252.0
269280	2024-05-07 10:06:00	2024-05-07 10:24:00	2024-05-07 10:24:00	C9.5		POINT(-3 -18)	-18	-3	-47.0	-293.0
269290	2024-05-07 11:20:00	2024-05-07 11:47:00	2024-05-07 11:47:00	M2.4		POINT(-3 -18)	-18	-3	-47.0	-293.0
269300	2024-05-07 12:43:00	2024-05-07 12:54:00	2024-05-07 12:54:00	M1.5		POINT(54 25)	25	54	697.0	435.0
269310	2024-05-07 13:16:00	2024-05-07 13:25:00	2024-05-07 13:25:00	M1.0		POINT(53 25)	25	53	690.0	438.0
269320	2024-05-07 13:32:00	2024-05-07 13:35:00	2024-05-07 13:35:00	M1.0		POINT(56 26)	26	56	708.0	456.0
269330	2024-05-07 16:21:00	2024-05-07 16:30:00	2024-05-07 16:30:00	M8.2		POINT(13 -19)	-19	13	202.0	-309.0
269340	2024-05-07 19:58:00	2024-05-07 20:22:00	2024-05-07 20:22:00	M2.1		POINT(5 -21)	-21	5	16.0	-225.0
269350	2024-05-07 21:13:00	2024-05-07 21:26:00	2024-05-07 21:26:00	M3.3		POINT(57 26)	26	57	720.0	448.0
269360	2024-05-07 21:42:00	2024-05-07 21:53:00	2024-05-07 21:53:00	M3.2		POINT(7 -22)	-22	7	108.0	-308.0
269370	2024-05-08 00:44:00	2024-05-08 00:51:00	2024-05-08 00:51:00	C9.3		POINT(9 -20)	-20	9	113.0	-277.0
269380	2024-05-08 01:33:00	2024-05-08 01:41:00	2024-05-08 01:41:00	X1.0		POINT(58 26)	26	58	749.0	428.0
269390	2024-05-08 02:16:00	2024-05-08 02:27:00	2024-05-08 02:27:00	M3.4		POINT(4 -17)	-17	4	65.0	-225.0
269400	2024-05-08 03:19:00	2024-05-08 03:27:00	2024-05-08 03:27:00	M1.8		POINT(11 -22)	-22	11	169.0	-306.0
269410	2024-05-08 04:37:00	2024-05-08 05:09:00	2024-05-08 05:09:00	X1.0		POINT(17 -18)	-18	17	177.0	-318.0
269420	2024-05-08 07:29:00	2024-05-08 07:41:00	2024-05-08 07:41:00	M4.5		POINT(59 28)	28	59	722.0	468.0
269430	2024-05-08 09:31:00	2024-05-08 09:37:00	2024-05-08 09:37:00	M1.9		POINT(65 25)	25	65	786.0	422.0
269440	2024-05-08 09:43:00	2024-05-08 09:48:00	2024-05-08 09:48:00	M2.1		POINT(66 26)	26	66	782.0	422.0
269450	2024-05-08 11:07:00	2024-05-08 11:54:00	2024-05-08 11:54:00	M4.1		POINT(6 -17)	-17	6	95.0	-277.0
269460	2024-05-08 15:53:00	2024-05-08 15:59:00	2024-05-08 15:59:00	C6.6		POINT(15 -20)	-20	15	191.0	-255.0
269470	2024-05-08 16:13:00	2024-05-08 16:22:00	2024-05-08 16:22:00	C6.6		POINT(17 -22)	-22	17	263.0	-308.0
269480	2024-05-08 17:32:00	2024-05-08 17:53:00	2024-05-08 17:53:00	M7.9		POINT(18 -18)	-18	18	201.0	-213.0
269490	2024-05-08 18:11:00	2024-05-08 18:34:00	2024-05-08 18:34:00	M2.9		POINT(72 28)	28	72	800.0	438.0
269500	2024-05-08 19:15:00	2024-05-08 19:21:00	2024-05-08 19:21:00	M2.0		POINT(15 -20)	-20	15	237.0	-278.0
269510	2024-05-08 20:27:00	2024-05-08 20:34:00	2024-05-08 20:34:00	M1.7		POINT(15 -19)	-19	15	242.0	-271.0
269520	2024-05-08 21:08:00	2024-05-08 21:40:00	2024-05-08 21:40:00	X1.0		POINT(17 -20)	-20	17	269.0	-287.0
269530	2024-05-08 22:05:00	2024-05-08 22:27:00	2024-05-08 22:27:00	M9.8		POINT(21 -23)	-23	21	323.0	-326.0
269540	2024-05-09 03:07:00	2024-05-09 03:17:00	2024-05-09 03:17:00	M4.0		POINT(24 -19)	-19	24	348.0	-299.0
269550	2024-05-09 03:23:00	2024-05-09 03:32:00	2024-05-09 03:32:00	M4.5		POINT(23 -22)	-22	23	352.0	-323.0
269560	2024-05-09 04:44:00	2024-05-09 04:49:00	2024-05-09 04:49:00	M1.7		POINT(24 -19)	-19	24	404.0	-311.0
269570	2024-05-09 06:03:00	2024-05-09 06:13:00	2024-05-09 06:13:00	M2.3		POINT(30 -22)	-22	30	447.0	-323.0
269580	2024-05-09 08:31:00	2024-05-09 09:05:00	2024-05-09 09:05:00	X2.2		POINT(26 -20)	-20	26	368.0	-284.0
269590	2024-05-09 11:52:00	2024-05-09 11:56:00	2024-05-09 11:56:00	M3.1		POINT(39 -16)	-16	39	578.0	-230.0
269600	2024-05-09 12:05:00	2024-05-09 12:12:00	2024-05-09 12:12:00	M2.9		POINT(31 -17)	-17	31	482.0	-234.0
269610	2024-05-09 13:16:00	2024-05-09 13:23:00	2024-05-09 13:23:00	M3.7		POINT(32 -17)	-17	32	488.0	-235.0
269620	2024-05-09 17:23:00	2024-05-09 17:44:00	2024-05-09 17:44:00	X1.1		POINT(28 -14)	-14	28	439.0	-237.0
269630	2024-05-09 21:15:00	2024-05-09 21:21:00	2024-05-09 21:21:00	M1.0		POINT(88 26)	26	88	846.0	432.0
269640	2024-05-09 22:08:00	2024-05-09 22:15:00	2024-05-09 22:15:00	M1.0		POINT(88 27)	27	88	845.0	433.0
269650	2024-05-09 22:24:00	2024-05-09 22:41:00	2024-05-09 22:41:00	M2.6		POINT(43 -17)	-17	43	647.0	-228.0
269660	2024-05-09 22:54:00	2024-05-09 22:56:00	2024-05-09 22:56:00	M1.2		POINT(-89 -11)	-11	-89	-942.0	-188.0
269670	2024-05-09 23:44:00	2024-05-09 23:51:00	2024-05-09 23:51:00	M1.5		POINT(35 -23)	-23	35	508.0	-333.0
269680	2024-05-10 00:10:00	2024-05-10 00:13:00	2024-05-10 00:13:00	M1.3		POINT(36 -22)	-22	36	518.0	-327.0
269690	2024-05-10 02:03:00	2024-05-10 02:09:00	2024-05-10 02:09:00	C9.8		POINT(26 -20)	-20	26	391.0	-325.0
269700	2024-05-10 03:15:00	2024-05-10 03:29:00	2024-05-10 03:29:00	M1.4		POINT(-89 -13)	-13	-89	-939.0	-221.0
269710	2024-05-10 06:27:00	2024-05-10 06:54:00	2024-05-10 06:54:00	X3.9		POINT(34 -17)	-17	34	514.0	-238.0
269720	2024-05-10 10:10:00	2024-05-10 10:14:00	2024-05-10 10:14:00	M2.2		POINT(43 -21)	-21	43	607.0	-312.0
269730	2024-05-10 13:58:00	2024-05-10 14:11:00	2024-05-10 14:11:00	M5.9		POINT(39 -14)	-14	39	587.0	-218.0
269740	2024-05-10 15:32:00	2024-05-10 15:35:00	2024-05-10 15:35:00	C6.9		POINT(36 -15)	-15	36	585.0	-265.0
269750	2024-05-10 18:15:00	2024-05-10 18:25:00	2024-05-10 18:25:00	C9.1		POINT(54 -19)	-19	54	731.0	-287.0
269760	2024-05-10 18:26:00	2024-05-10 18:32:00	2024-05-10 18:32:00	M1.1		POINT(48 -20)	-20	48	672.0	-300.0
269770	2024-05-10 18:38:00	2024-05-10 18:48:00	2024-05-10 18:48:00	M1.7		POINT(44 -16)	-16	44	630.0	-253.0
269780	2024-05-10 18:57:00	2024-05-10 19:05:00	2024-05-10 19:05:00	M2.0		POINT(43 -17)	-17	43	624.0	-249.0
269790	2024-05-10 19:35:00	2024-05-10 19:53:00	2024-05-10 19:53:00	M1.1		POINT(51 -19)	-19	51	702.0	-288.0
269800	2024-05-10 19:56:00	2024-05-10 20:03:00	2024-05-10 20:03:00	M1.9		POINT(48 -20)	-20	48	669.0	-296.0
269810	2024-05-10 20:59:00	2024-05-10 21:08:00	2024-05-10 21:08:00	M3.8		POINT(45 -17)	-17	45	653.0	-250.0
269820	2024-05-11 01:10:00	2024-05-11 01:19:00	2024-05-11 01:19:00	X5.8		POINT(45 -15)	-15	45	633.0	-250.0
269830	2024-05-11 10:03:00	2024-05-11 10:18:00	2024-05-11 10:18:00	M3.1		POINT(58 -20)	-20	58	759.0	-315.0
269840	2024-05-11 10:53:00	2024-05-11 10:56:00	2024-05-11 10:56:00	M1.6		POINT(56 -19)	-19	56	744.0	-298.0
269850	2024-05-11 11:15:00	2024-05-11 11:44:00	2024-05-11 11:44:00	X1.5		POINT(60 -19)	-19	60	785.0	-287.0
269860	2024-05-11 13:20:00	2024-05-11 13:49:00	2024-05-11 13:49:00	M1.7		POINT(52 -18)	-18	52	772.0	-293.0
269870	2024-05-11 14:46:00	2024-05-11 15:25:00	2024-05-11 15:25:00	M8.8		POINT(49 -15)	-15	49	698.0	-255.0
269880	2024-05-11 19:41:00	2024-05-11 19:47:00	2024-05-11 19:47:00	C7.1		POINT(-36 16)	16	-36	-517.0	327.0
269890	2024-05-11 20:32:00	2024-05-11 20:41:00	2024-05-11 20:41:00	M1.2		POINT(63 -20)	-20	63	800.0	-311.0
269900	2024-05-11 20:59:00	2024-05-11 21:07:00	2024-05-11 21:07:00	C9.4		POINT(58 -19)	-19	58	764.0	-285.0
269910	2024-05-11 21:52:00	2024-05-11 21:58:00	2024-05-11 21:58:00	C7.8		POINT(64 -19)	-19	64	805.0	-300.0
269920	2024-05-11 23:18:00	2024-05-11 23:19:00	2024-05-11 23:19:00	C6.6		POINT(64 -18)	-18	64	806.0	-303.0
269930	2024-05-12 00:20:00	2024-05-12 00:28:00	2024-05-12 00:28:00	C6.5		POINT(-48 -10)	-10	-48	-698.0	-143.0
269940	2024-05-12 00:41:00	2024-05-12 00:45:00	2024-05-12 00:45:00	M3.2		POINT(68 -20)	-20	68	817.0	-313.0
269950	2024-05-12 05:37:00	2024-05-12 05:52:00	2024-05-12 05:52:00	M2.4		POINT(65 -20)	-20	65	808.0	-324.0
269960	2024-05-12 10:14:00	2024-05-12 10:22:00	2024-05-12 10:22:00	C9.2		POINT(67 -18)	-18	67	839.0	-272.0
269970	2024-05-12 12:27:00	2024-05-12 12:41:00	2024-05-12 12:41:00	M1.6		POINT(-78 -9)	-9	-78	-917.0	-148.0
269980	2024-05-12 13:38:00	2024-05-12 13:50:00	2024-05-12 13:50:00	M1.0		POINT(-78 -9)	-9	-78	-917.0	-148.0
269990	2024-05-12 13:46:00	2024-05-12 13:49:00	2024-05-12 13:49:00	M1.5		POINT(70 -21)	-21	70	857.0	-317.0
270000	2024-05-12 15:19:00	2024-05-12 15:26:00	2024-05-12 15:26:00	C7.0		POINT(75 -20)	-20	75	862.0	-324.0
270010	2024-05-12 15:41:00	2024-05-12 15:44:00	2024-05-12 15:44:00	C7.3		POINT(74 -21)	-21	74	852.0	-340.0
270020	2024-05-12 16:11:00	2024-05-12 16:26:00	2024-05-12 16:26:00	X1.0		POINT(72 -18)	-18	72	863.0	-322.0
270030	2024-05-12 20:17:00	2024-05-12 20:32:00	2024-05-12 20:32:00	M4.8		POINT(74 -18)	-18	74	873.0	-319.0
270040	2024-05-12 22:01:00	2024-05-12 22:06:00	2024-05-12 22:06:00	M1.1		POINT(80 -16)	-16	80	898.0	-260.0
270050	2024-05-12 22:14:00	2024-05-12 22:16:00	2024-05-12 22:16:00	M1.1		POINT(-11 -21)	-21	-11	-169.0	-340.0
270060	2024-05-12 23:00:00	2024-05-12 23:10:00	2024-05-12 23:10:00	M1.0		POINT(77 -18)	-18	77	874.0	-325.0
270070	2024-05-12 23:27:00	2024-05-12 23:39:00	2024-05-12 23:39:00	C9.5		POINT(78 -18)	-18	78	883.0	-293.0
270080	2024-05-13 00:25:00	2024-05-13 00:32:00	2024-05-13 00:32:00	C6.4		POINT(82 -16)	-16	82	903.0	-260.0
270090	2024-05-13 01:06:00	2024-05-13 01:09:00	2024-05-13 01:09:00	C9.4		POINT(76 -18)	-18	76	878.0	-284.0
270100	2024-05-13 01:23:00	2024-05-13 01:33:00	2024-05-13 01:33:00	M1.2		POINT(72 -20)	-20	72	879.0	-328.0
270110	2024-05-13 02:41:00	2024-05-13 02:46:00	2024-05-13 02:46:00	C5.8		POINT(82 -19)	-19	82	884.0	-317.0
270120	2024-05-13 04:00:00	2024-05-13 04:03:00	2024-05-13 04:03:00	C5.0		POINT(82 -17)	-17	82	896.0	-287.0
270130	2024-05-13 05:44:00	2024-05-13 05:47:00	2024-05-13 05:47:00	C5.3		POINT(82 -18)	-18	82	894.0	-288.0
270140	2024-05-13 05:53:00	2024-05-13 05:57:00	2024-05-13 05:57:00	C5.3		POINT(75 -17)	-17	75	878.0	-267.0
270150	2024-05-13 07:21:00	2024-05-13 07:35:00	2024-05-13 07:35:00	C6.4		POINT(-6 -20)	-20	-6	-93.0	-324.0
270160	2024-05-13 08:06:00	2024-05-13 08:20:00	2024-05-13 08:20:00	M1.2		POINT(80 -19)	-19	80	893.0	-287.0
270170	2024-05-13 08:23:00	2024-05-13 08:29:00	2024-05-13 08:29:00	M1.4		POINT(89 -22)	-22	89	902.0	-368.0
270180	2024-05-13 08:48:00	2024-05-13 09:44:00	2024-05-13 09:44:00	M6.6		POINT(81 -20)	-20	81	896.0	-278.0
270190	2024-05-13 12:56:00	2024-05-13 13:11:00	2024-05-13 13:11:00	M3.7		POINT(89 -16)	-16	89	911.0	-272.0
270200	2024-05-13 17:32:00	2024-05-13 17:47:00	2024-05-13 17:47:00	M1.0		POINT(-43 -10)	-10	-43	-666.0	-144.0
270210	2024-05-13 21:48:00	2024-05-13 21:59:00	2024-05-13 21:59:00	M1.5		POINT(89 -17)	-17	89	910.0	-293.0
270220	2024-05-14 02:03:00	2024-05-14 02:09:00	2024-05-14 02:09:00	X1.7		POINT(89 -17)	-17	89	909.0	-294.0
270230	2024-05-14 12:40:00	2024-05-14 12:55:00	2024-05-14 12:55:00	X1.2		POINT(89 -17)	-17	89	917.0	-288.0
270240	2024-05-14 15:16:00	2024-05-14 15:28:00	2024-05-14 15:28:00	C9.6		POINT(89 -17)	-17	89	915.0	-281.0
270250	2024-05-14 16:46:00	2024-05-14 16:51:00	2024-05-14 16:51:00	X8.7		POINT(89 -18)	-18	89	907.0	-298.0
270260	2024-05-14 17:25:00	2024-05-14 17:38:00	2024-05-14 17:38:00	M4.4		POINT(-72 19)	19	-72	-863.0	301.0
270270	2024-05-14 23:02:00	2024-05-14 23:14:00	2024-05-14 23:14:00	C7.2		POINT(-48 -12)	-12	-48	-690.0	-197.0
270280	2024-05-15 04:17:00	2024-05-15 04:25:00	2024-05-15 04:25:00	C5.5		POINT(-44 -10)	-10	-44	-672.0	-106.0
270290	2024-05-15 06:20:00	2024-05-15 06:25:00	2024-05-15 06:25:00	C5.7		POINT(-81 -5)	-5	-81	-935.0	-78.0
270300	2024-05-15 07:11:00	2024-05-15 07:20:00	2024-05-15 07:20:00	C5.8		POINT(-42 -8)	-8	-42	-639.0	-116.0
270310	2024-05-15 07:22:00	2024-05-15 07:42:00	2024-05-15 07:42:00	C9.9		POINT(40 23)	23	40	564.0	405.0
270320	2024-05-15 08:13:00	2024-05-15 08:16:00	2024-05-15 08:16:00	C9.9		POINT(89 -18)	-18	89	951.0	-310.0
270330	2024-05-15 13:56:00	2024-05-15 14:06:00	2024-05-15 14:06:00	M2.9		POINT(-89 -11)	-11	-89	-943.0	-184.0
270340	2024-05-15 14:10:00	2024-05-15 14:17:00	2024-05-15 14:17:00	M3.2		POINT(-89 -10)	-10	-89	-958.0	-181.0
270350	2024-05-15 14:20:00	2024-05-15 14:38:00	2024-05-15 14:38:00	X2.9		POINT(-89 -12)	-12	-89	-941.0	-216.0
270360	2024-05-16 04:58:00	2024-05-16 05:06:00	2024-05-16 05:06:00	C4.0		POINT(25 19)	19	25	382.0	345.0
270370	2024-05-16 06:05:00	2024-05-16 06:15:00	2024-05-16 06:15:00	C4.3		POINT(-30 -9)	-9	-30	-474.0	-119.0
270380	2024-05-16 07:50:00	2024-05-16 08:04:00	2024-05-16 08:04:00	M1.0		POINT(-81 -10)	-10	-81	-920.0	-173.0
270390	2024-05-16 12:48:00	2024-05-16 12:52:00	2024-05-16 12:52:00	C3.3		POINT(-5 -12)	-12	-5	-109.0	-172.0
270400	2024-05-16 14:41:00	2024-05-16 14:51:00	2024-05-16 14:51:00	C3.6		POINT(-21 -6)	-6	-21	-341.0	-67.0
270410	2024-05-16 16:30:00	2024-05-16 16:40:00	2024-05-16 16:40:00	C4.5		POINT(-20 -6)	-6	-20	-333.0	-59.0
270420	2024-05-16 18:27:00	2024-05-16 18:37:00	2024-05-16 18:37:00	C3.8		POINT(-24 -10)	-10	-24	-380.0	-139.0
270430	2024-05-16 20:27:00	2024-05-16 20:34:00	2024-05-16 20:34:00	C4.8		POINT(-73 -10)	-10	-73	-895.0	-161.0
270440	2024-05-17 01:33:00	2024-05-17 01:46:00	2024-05-17 01:46:00	C8.7		POINT(-12 -7)	-7	-12	-243.0	-60.0
270450	2024-05-17 05:03:00	2024-05-17 05:08:00	2024-05-17 05:08:00	C3.1		POINT(-23 -8)	-8	-23	-379.0	-98.0
270460	2024-05-17 07:15:00	2024-05-17 07:21:00	2024-05-17 07:21:00	C2.5		POINT(-71 -10)	-10	-71	-884.0	-161.0
270470	2024-05-17 12:04:00	2024-05-17 12:21:00	2024-05-17 12:21:00	C3.7		POINT(-38 20)	20	-38	-553.0	361.0
270480	2024-05-17 12:37:00	2024-05-17 12:47:00	2024-05-17 12:47:00	C4.8		POINT(67 22)	22	67	803.0	358.0
270490	2024-05-17 13:20:00	2024-05-17 13:27:00	2024-05-17 13:27:00	C3.1		POINT(-12 -8)	-8	-12	-215.0	-111.0
270500	2024-05-17 19:51:00	2024-05-17 19:56:00	2024-05-17 19:56:00	C2.8		POINT(-71 -5)	-5	-71	-894.0	-81.0
270510	2024-05-17 20:09:00	2024-05-17 20:15:00	2024-05-17 20:15:00	C2.7		POINT(-59 -10)	-10	-59	-801.0	-154.0
270520	2024-05-17 20:33:00	2024-05-17 21:08:00	2024-05-17 21:08:00	M7.2		POINT(-62 -12)	-12	-62	-864.0	-153.0
270530	2024-05-18 03:21:00	2024-05-18 03:33:00	2024-05-18 03:33:00	C3.8		POINT(-4 -11)	-11	-4	-81.0	-127.0
270540	2024-05-18 05:32:00	2024-05-18 05:38:00	2024-05-18 05:38:00	C7.2		POINT(-3 -9)	-9	-3	-60.0	-110.0
270550	2024-05-18 19:33:00	2024-05-18 19:38:00	2024-05-18 19:38:00	C4.1		POINT(-46 -15)	-15	-46	-683.0	-219.0
270560	2024-05-18 20:10:00	2024-05-18 20:16:00	2024-05-18 20:16:00	C3.9		POINT(-46 -15)	-15	-46	-683.0	-216.0
270570	2024-05-19 08:50:00	2024-05-19 08:54:00	2024-05-19 08:54:00	C2.5		POINT(63 20)	20	63	799.0	345.0
270580	2024-05-19 09:52:00	2024-05-19 10:04:00	2024-05-19 10:04:00	C2.4		POINT(55 -25)	-25	55	701.0	-393.0
270590	2024-05-19 12:31:00	2024-05-19 12:35:00	2024-05-19 12:35:00	C2.4		POINT(-39 -14)	-14	-39	-552.0	-145.0
270600	2024-05-19 13:12:00	2024-05-19 13:19:00	2024-05-19 13:19:00	C2.3		POINT(-36 -10)	-10	-36	-550.0	-144.0
270610	2024-05-19 13:37:00	2024-05-19 13:44:00	2024-05-19 13:44:00	M1.9		POINT(-36 -10)	-10	-36	-551.0	-141.0
270620	2024-05-19 17:47:00	2024-05-19 17:56:00	2024-05-19 17:56:00	M2.5		POINT(-34 -10)	-10	-34	-522.0	-144.0
270630	2024-05-19 21:53:00	2024-05-19 21:59:00	2024-05-19 21:59:00	M1.6		POINT(-34 -9)	-9	-34	-493.0	-143.0
270640	2024-05-20 05:32:00	2024-05-20 05:39:00	2024-05-20 05:39:00	C2.3		POINT(-36 -8)	-8	-36	-557.0	-121.0
270650	2024-05-20 05:42:00	2024-05-20 05:54:00	2024-05-20 05:54:00	C6.7		POINT(59 -21)	-21	59	760.0	-329.0
270660	2024-05-20 10:29:00	2024-05-20 10:36:00	2024-05-20 10:36:00	C2.8		POINT(-34 -8)	-8	-34	-526.0	-120.0
270670	2024-05-20 12:43:00	2024-05-20 12:51:00	2024-05-20 12:51:00	C2.1		POINT(-19 -10)	-10	-19	-306.0	-148.0
270680	2024-05-20 18:28:00	2024-05-20 19:51:00	2024-05-20 19:51:00	C4.6		POINT(-35 -9)	-9	-35	-538.0	-129.0
270690	2024-05-21 05:50:00	2024-05-21 06:16:00	2024-05-21 06:16:00	C4.3		POINT(77 -22)	-22	77	852.0	-363.0
270700	2024-05-21 07:20:00	2024-05-21 07:32:00	2024-05-21 07:32:00	C4.8		POINT(68 -21)	-21	68	822.0	-348.0
270710	2024-05-21 12:04:00	2024-05-21 12:08:00	2024-05-21 12:08:00	C1.9		POINT(72 -20)	-20	72	849.0	-320.0
270720	2024-05-21 13:28:00	2024-05-21 13:35:00	2024-05-21 13:35:00	C7.0		POINT(74 -20)	-20	74	853.0	-326.0
270730	2024-05-21 14:00:00	2024-05-21 14:13:00	2024-05-21 14:13:00	C6.6		POINT(73 -20)	-20	73	843.0	-354.0
270740	2024-05-21 15:53:00	2024-05-21 16:05:00	2024-05-21 16:05:00	C6.9		POINT(46 -6)	-6	46	680.0	-83.0
270750	2024-05-21 19:19:00	2024-05-21 19:31:00	2024-05-21 19:31:00	M1.9		POINT(48 -5)	-5	48	701.0	-86.0
270760	2024-05-21 22:28:00	2024-05-21 22:40:00	2024-05-21 22:40:00	C3.9		POINT(69 -15)	-15	69	855.0	-236.0
270770	2024-05-22 03:02:00	2024-05-22 03:13:00	2024-05-22 03:13:00	M1.5		POINT(52 -6)	-6	52	747.0	-90.0
270780	2024-05-22 03:38:00	2024-05-22 04:04:00	2024-05-22 04:04:00	M2.3		POINT(89 -23)	-23	89	872.0	-384.0
270790	2024-05-22 06:52:00	2024-05-22 07:04:00	2024-05-22 07:04:00	C3.5		POINT(55 -6)	-6	55	743.0	-106.0
270800	2024-05-22 11:30:00	2024-05-22 11:37:00	2024-05-22 11:37:00	C3.3		POINT(89 -18)	-18	89	905.0	-310.0
270810	2024-05-22 11:40:00	2024-05-22 11:45:00	2024-05-22 11:45:00	C3.6		POINT(89 -19)	-19	89	904.0	-323.0
270820	2024-05-22 13:51:00	2024-05-22 14:05:00	2024-05-22 14:05:00	M1.2		POINT(55 -6)	-6	55	807.0	-93.0
270830	2024-05-22 16:05:00	2024-05-22 16:08:00	2024-05-22 16:08:00	C3.1		POINT(79 -18)	-18	79	900.0	-322.0
270840	2024-05-22 18:37:00	2024-05-22 18:48:00	2024-05-22 18:48:00	C3.5		POINT(61 -6)	-6	61	831.0	-96.0
270850	2024-05-22 18:51:00	2024-05-22 18:57:00	2024-05-22 18:57:00	C7.3		POINT(89 -19)	-19	89	903.0	-324.0
270860	2024-05-23 01:44:00	2024-05-23 01:51:00	2024-05-23 01:51:00	C8.5		POINT(65 -6)	-6	65	856.0	-95.0
270870	2024-05-23 02:05:00	2024-05-23 02:16:00	2024-05-23 02:16:00	M4.2		POINT(65 -6)	-6	65	857.0	-99.0
270880	2024-05-23 04:03:00	2024-05-23 04:29:00	2024-05-23 04:29:00	M1.7		POINT(18 -9)	-9	18	289.0	-148.0
270890	2024-05-23 06:04:00	2024-05-23 06:08:00	2024-05-23 06:08:00	C4.7		POINT(63 -8)	-8	63	827.0	-131.0
270900	2024-05-23 06:36:00	2024-05-23 06:42:00	2024-05-23 06:42:00	C9.7		POINT(89 -19)	-19	89	899.0	-323.0
270910	2024-05-23 08:02:00	2024-05-23 08:09:00	2024-05-23 08:09:00	C5.5		POINT(65 -8)	-8	65	843.0	-132.0
270920	2024-05-23 09:07:00	2024-05-23 09:21:00	2024-05-23 09:21:00	C8.3		POINT(65 -8)	-8	65	840.0	-135.0
270930	2024-05-23 10:03:00	2024-05-23 10:08:00	2024-05-23 10:08:00	M1.0		POINT(64 -9)	-9	64	847.0	-137.0
270940	2024-05-23 10:38:00	2024-05-23 10:40:00	2024-05-23 10:40:00	C7.8		POINT(65 -8)	-8	65	850.0	-133.0
270950	2024-05-23 11:07:00	2024-05-23 11:10:00	2024-05-23 11:10:00	C6.0		POINT(64 -8)	-8	64	848.0	-135.0
270960	2024-05-23 11:57:00	2024-05-23 12:07:00	2024-05-23 12:07:00	C4.0		POINT(65 -8)	-8	65	853.0	-135.0
270970	2024-05-23 12:19:00	2024-05-23 12:24:00	2024-05-23 12:24:00	C4.5		POINT(65 -9)	-9	65	851.0	-138.0
270980	2024-05-23 12:30:00	2024-05-23 12:36:00	2024-05-23 12:36:00	C5.8		POINT(65 -9)	-9	65	852.0	-139.0
270990	2024-05-23 12:48:00	2024-05-23 13:20:00	2024-05-23 13:20:00	M2.5		POINT(65 -9)	-9	65	861.0	-166.0
271000	2024-05-23 15:42:00	2024-05-23 15:47:00	2024-05-23 15:47:00	C6.8		POINT(68 -8)	-8	68	870.0	-131.0
271010	2024-05-23 15:53:00	2024-05-23 15:58:00	2024-05-23 15:58:00	M1.0		POINT(68 -8)	-8	68	870.0	-131.0
271020	2024-05-23 16:13:00	2024-05-23 16:27:00	2024-05-23 16:27:00	C5.6		POINT(89 -14)	-14	89	919.0	-229.0
271030	2024-05-23 16:34:00	2024-05-23 16:40:00	2024-05-23 16:40:00	C5.5		POINT(89 -23)	-23	89	872.0	-370.0
271040	2024-05-23 19:37:00	2024-05-23 19:46:00	2024-05-23 19:46:00	C6.0		POINT(70 -8)	-8	70	884.0	-138.0
271050	2024-05-23 20:27:00	2024-05-23 20:34:00	2024-05-23 20:34:00	C6.5		POINT(69 -8)	-8	69	881.0	-142.0
271060	2024-05-23 21:15:00	2024-05-23 21:25:00	2024-05-23 21:25:00	C4.1		POINT(26 -9)	-9	26	417.0	-140.0
271070	2024-05-23 21:34:00	2024-05-23 21:39:00	2024-05-23 21:39:00	C4.1		POINT(69 -9)	-9	69	876.0	-146.0
271080	2024-05-23 21:56:00	2024-05-23 22:05:00	2024-05-23 22:05:00	C3.8		POINT(74 27)	27	74	807.0	447.0
271090	2024-05-23 22:50:00	2024-05-23 22:58:00	2024-05-23 22:58:00	C5.6		POINT(70 -7)	-7	70	887.0	-142.0
271100	2024-05-23 23:04:00	2024-05-23 23:09:00	2024-05-23 23:09:00	C5.2		POINT(68 -9)	-9	68	872.0	-149.0
271110	2024-05-23 23:17:00	2024-05-23 23:28:00	2024-05-23 23:28:00	C5.5		POINT(22 -10)	-10	22	357.0	-141.0
271120	2024-05-24 02:36:00	2024-05-24 02:49:00	2024-05-24 02:49:00	C4.8		POINT(74 -11)	-11	74	893.0	-185.0
271130	2024-05-24 04:42:00	2024-05-24 04:49:00	2024-05-24 04:49:00	C3.0		POINT(76 -9)	-9	76	908.0	-143.0
271140	2024-05-24 05:17:00	2024-05-24 05:24:00	2024-05-24 05:24:00	C3.2		POINT(75 -9)	-9	75	907.0	-143.0
271150	2024-05-24 06:14:00	2024-05-24 06:14:00	2024-05-24 06:14:00	M1.4		POINT(81 -7)	-7	81	928.0	-115.0
271160	2024-05-24 07:51:00	2024-05-24 08:01:00	2024-05-24 08:01:00	M1.0		POINT(81 -9)	-9	81	912.0	-145.0
271170	2024-05-24 09:06:00	2024-05-24 09:11:00	2024-05-24 09:11:00	C9.7		POINT(74 -9)	-9	74	900.0	-145.0
271180	2024-05-24 10:43:00	2024-05-24 10:51:00	2024-05-24 10:51:00	C5.6		POINT(76 -10)	-10	76	914.0	-150.0
271190	2024-05-24 13:49:00	2024-05-24 13:58:00	2024-05-24 13:58:00	C3.4		POINT(26 -11)	-11	26	402.0	-242.0
271200	2024-05-24 14:20:00	2024-05-24 14:22:00	2024-05-24 14:22:00	C2.6		POINT(82 -8)	-8	82	927.0	-140.0
271210	2024-05-24 18:13:00	2024-05-24 18:20:00	2024-05-24 18:20:00	C2.4		POINT(80 -9)	-9	80	922.0	-150.0
271220	2024-05-24 20:05:00	2024-05-24 20:25:00	2024-05-24 20:25:00	M1.4		POINT(89 -5)	-5	89	952.0	-99.0
271230	2024-05-25 04:23:00	2024-05-25 05:04:00	2024-05-25 05:04:00	C4.5		POINT(89 -6)	-6	89	952.0	-110.0
271240	2024-05-25 08:10:00	2024-05-25 08:20:00	2024-05-25 08:20:00	C2.3		POINT(35 -4)	-4	35	534.0	-42.0
271250	2024-05-25 17:16:00	2024-05-25 17:26:00	2024-05-25 17:26:00	C5.8		POINT(89 -9)	-9	89	944.0	-161.0
271260	2024-05-26 00:39:00	2024-05-26 00:49:00	2024-05-26 00:49:00	C3.9		POINT(-64 27)	27	-64	-759.0	446.0
271270	2024-05-26 02:46:00	2024-05-26 02:50:00	2024-05-26 02:50:00	C2.5		POINT(89 -13)	-13	89	944.0	-222.0
271280	2024-05-26 09:27:00	2024-05-26 09:36:00	2024-05-26 09:36:00	C5.2		POINT(-58 27)	27	-58	-722.0	442.0
271290	2024-05-26 12:53:00	2024-05-26 13:02:00	2024-05-26 13:02:00	C2.4		POINT(-57 27)	27	-57	-711.0	447.0
271300	2024-05-26 13:18:00	2024-05-26 13:26:00	2024-05-26 13:26:00	C2.3		POINT(-58 27)	27	-58	-712.0	450.0
271310	2024-05-26 14:01:00	2024-05-26 14:14:00	2024-05-26 14:14:00	C5.4		POINT(-56 27)	27	-56	-696.0	454.0
271320	2024-05-26 15:59:00	2024-05-26 16:09:00	2024-05-26 16:09:00	C3.3		POINT(-56 28)	28	-56	-693.0	456.0
271330	2024-05-26 16:30:00	2024-05-26 16:42:00	2024-05-26 16:42:00	C5.9		POINT(-55 27)	27	-55	-694.0	453.0
271340	2024-05-26 16:53:00	2024-05-26 17:06:00	2024-05-26 17:06:00	C7.4		POINT(-58 27)	27	-58	-677.0	471.0
271350	2024-05-27 01:12:00	2024-05-27 01:24:00	2024-05-27 01:24:00	C3.8		POINT(-51 28)	28	-51	-652.0	458.0
271360	2024-05-27 01:40:00	2024-05-27 01:50:00	2024-05-27 01:50:00	C4.4		POINT(-49 27)	27	-49	-636.0	447.0
271370	2024-05-27 02:44:00	2024-05-27 03:17:00	2024-05-27 03:17:00	C6.9		POINT(-89 -21)	-21	-89	-938.0	-375.0
271380	2024-05-27 04:16:00	2024-05-27 04:25:00	2024-05-27 04:25:00	C5.5		POINT(-48 28)	28	-48	-628.0	455.0
271390	2024-05-27 05:20:00	2024-05-27 05:46:00	2024-05-27 05:46:00	C2.8		POINT(-48 28)	28	-48	-621.0	444.0
271400	2024-05-27 06:49:00	2024-05-27 07:08:00	2024-05-27 07:08:00	X2.8		POINT(-89 -18)	-18	-89	-906.0	-303.0
271410	2024-05-27 12:22:00	2024-05-27 12:27:00	2024-05-27 12:27:00	C6.7		POINT(-89 -18)	-18	-89	-909.0	-298.0
271420	2024-05-27 17:46:00	2024-05-27 17:51:00	2024-05-27 17:51:00	C4.7		POINT(-39 21)	21	-39	-558.0	363.0
271430	2024-05-27 18:15:00	2024-05-27 19:12:00	2024-05-27 19:12:00	C8.9		POINT(-39 28)	28	-39	-542.0	469.0
271440	2024-05-28 01:25:00	2024-05-28 01:33:00	2024-05-28 01:33:00	C7.6		POINT(-87 -18)	-18	-87	-896.0	-299.0
271450	2024-05-28 03:17:00	2024-05-28 03:24:00	2024-05-28 03:24:00	C3.6		POINT(-89 -17)	-17	-89	-911.0	-287.0
271460	2024-05-28 03:37:00	2024-05-28 03:43:00	2024-05-28 03:43:00	C7.8		POINT(-84 -18)	-18	-84	-893.0	-299.0
271470	2024-05-28 05:00:00	2024-05-28 05:09:00	2024-05-28 05:09:00	C4.3		POINT(-89 -17)	-17	-89	-903.0	-288.0
271480	2024-05-28 06:28:00	2024-05-28 06:35:00	2024-05-28 06:35:00	C3.0		POINT(-83 -18)	-18	-83	-892.0	-299.0
271490	2024-05-28 06:38:00	2024-05-28 06:43:00	2024-05-28 06:43:00	C4.1		POINT(-89 -17)	-17	-89	-908.0	-288.0
271500	2024-05-28 07:40:00	2024-05-28 07:47:00	2024-05-28 07:47:00	C3.5		POINT(-89 -21)	-21	-89	-887.0	-350.0
271510	2024-05-28 07:52:00	2024-05-28 07:56:00	2024-05-28 07:56:00	C3.8		POINT(-86 -18)	-18	-86	-896.0	-297.0
271520	2024-05-28 08:58:00	2024-05-28 09:12:00	2024-05-28 09:12:00	C4.9		POINT(-33 29)	29	-33	-452.0	474.0
271530	2024-05-28 09:30:00	2024-05-28 09:37:00	2024-05-28 09:37:00	C5.6		POINT(-81 -18)	-18	-81	-888.0	-297.0
271540	2024-05-28 10:17:00	2024-05-28 10:25:00	2024-05-28 10:25:00	C7.5		POINT(-89 -21)	-21	-89	-890.0	-346.0
271550	2024-05-28 10:40:00	2024-05-28 10:46:00	2024-05-28 10:46:00	C8.5		POINT(-81 -18)	-18	-81	-888.0	-295.0
271560	2024-05-28 11:53:00	2024-05-28 12:02:00	2024-05-28 12:02:00	C5.4		POINT(-89 -20)	-20	-89	-897.0	-335.0
271570	2024-05-28 12:16:00	2024-05-28 12:29:00	2024-05-28 12:29:00	C5.6		POINT(-29 27)	27	-29	-437.0	476.0
271580	2024-05-28 13:36:00	2024-05-28 13:45:00	2024-05-28 13:45:00	C4.5		POINT(-89 -21)	-21	-89	-889.0	-344.0
271590	2024-05-28 13:54:00	2024-05-28 14:01:00	2024-05-28 14:01:00	C5.1		POINT(-80 -17)	-17	-80	-890.0	-282.0
271600	2024-05-28 14:52:00	2024-05-28 14:55:00	2024-05-28 14:55:00	C6.0		POINT(-81 -20)	-20	-81	-878.0	-323.0
271610	2024-05-28 15:19:00	2024-05-28 15:24:00	2024-05-28 15:24:00	C4.7		POINT(-77 -18)	-18	-77	-876.0	-296.0
271620	2024-05-28 15:55:00	2024-05-28 16:02:00	2024-05-28 16:02:00	C3.4		POINT(-78 -18)	-18	-78	-881.0	-293.0
271630	2024-05-28 17:58:00	2024-05-28 18:06:00	2024-05-28 18:06:00	C3.9		POINT(-78 -17)	-17	-78	-882.0	-285.0
271640	2024-05-28 18:37:00	2024-05-28 18:41:00	2024-05-28 18:41:00	C8.9		POINT(-71 -18)	-18	-71	-874.0	-293.0
271650	2024-05-28 19:43:00	2024-05-28 19:49:00	2024-05-28 19:49:00	C7.2		POINT(-77 -17)	-17	-77	-878.0	-287.0
271660	2024-05-28 21:07:00	2024-05-28 21:12:00	2024-05-28 21:12:00	C3.8		POINT(-74 -18)	-18	-74	-864.0	-294.0
271670	2024-05-28 21:21:00	2024-05-28 21:28:00	2024-05-28 21:28:00	C3.7		POINT(-23 27)	27	-23	-333.0	455.0
271680	2024-05-28 21:50:00	2024-05-28 21:58:00	2024-05-28 21:58:00	C4.2		POINT(-74 -18)	-18	-74	-867.0	-294.0
271690	2024-05-28 22:19:00	2024-05-28 22:22:00	2024-05-28 22:22:00	C3.9		POINT(-73 -17)	-17	-73	-865.0	-278.0
271700	2024-05-28 23:27:00	2024-05-28 23:37:00	2024-05-28 23:37:00	C8.0		POINT(-74 -18)	-18	-74	-865.0	-292.0
271710	2024-05-29 00:12:00	2024-05-29 00:17:00	2024-05-29 00:17:00	C6.7		POINT(-81 -21)	-21	-81	-873.0	-339.0
271720	2024-05-29 00:25:00	2024-05-29 00:36:00	2024-05-29 00:36:00	C6.5		POINT(-82 -22)	-22	-82	-866.0	-360.0
271730	2024-05-29 00:57:00	2024-05-29 01:06:00	2024-05-29 01:06:00	M1.3		POINT(-71 -18)	-18	-71	-864.0	-285.0
271740	2024-05-29 06:33:00	2024-05-29 06:45:00	2024-05-29 06:45:00	M1.4		POINT(-68 -20)	-20	-68	-824.0	-323.0
271750	2024-05-29 09:24:00	2024-05-29 09:32:00	2024-05-29 09:32:00	C8.2		POINT(-69 -19)	-19	-69	-835.0	-315.0
271760	2024-05-29 11:09:00	2024-05-29 11:21:00	2024-05-29 11:21:00	M1.8		POINT(-30 26)	26	-30	-425.0	432.0
271770	2024-05-29 12:45:00	2024-05-29 12:55:00	2024-05-29 12:55:00	M2.5		POINT(-71 -21)	-21	-71	-837.0	-341.0
271780	2024-05-29 14:11:00	2024-05-29 14:23:00	2024-05-29 14:23:00	X1.4		POINT(-64 -19)	-19	-64	-813.0	-319.0
271790	2024-05-29 18:15:00	2024-05-29 18:28:00	2024-05-29 18:28:00	M2.7		POINT(-11 26)	26	-11	-168.0	439.0
271800	2024-05-29 18:32:00	2024-05-29 18:41:00	2024-05-29 18:41:00	M5.7		POINT(-12 28)	28	-12	-182.0	462.0
271810	2024-05-30 03:15:00	2024-05-30 03:36:00	2024-05-30 03:36:00	C4.9		POINT(-62 -21)	-21	-62	-781.0	-347.0
271820	2024-05-30 06:49:00	2024-05-30 07:13:00	2024-05-30 07:13:00	M1.0		POINT(-8 28)	28	-8	-124.0	469.0
271830	2024-05-30 18:37:00	2024-05-30 18:46:00	2024-05-30 18:46:00	C6.8		POINT(-53 -17)	-17	-53	-773.0	-293.0
271840	2024-05-31 00:10:00	2024-05-31 00:21:00	2024-05-31 00:21:00	C2.8		POINT(-47 -23)	-23	-47	-647.0	-363.0
271850	2024-05-31 02:21:00	2024-05-31 02:34:00	2024-05-31 02:34:00	C7.5		POINT(-35 21)	21	-35	-516.0	359.0
271860	2024-05-31 03:27:00	2024-05-31 03:37:00	2024-05-31 03:37:00	C9.8		POINT(-54 -18)	-18	-54	-729.0	-295.0
271870	2024-05-31 04:28:00	2024-05-31 04:38:00	2024-05-31 04:38:00	C2.6		POINT(-34 21)	21	-34	-501.0	361.0
271880	2024-05-31 04:41:00	2024-05-31 04:45:00	2024-05-31 04:45:00	C2.7		POINT(-34 22)	22	-34	-501.0	371.0
271890	2024-05-31 06:12:00	2024-05-31 06:21:00	2024-05-31 06:21:00	C2.5		POINT(-33 21)	21	-33	-488.0	360.0
271900	2024-05-31 06:34:00	2024-05-31 06:37:00	2024-05-31 06:37:00	C2.2		POINT(6 26)	26	6	92.0	429.0
271910	2024-05-31 06:39:00	2024-05-31 06:48:00	2024-05-31 06:48:00	C2.6		POINT(-33 21)	21	-33	-482.0	361.0
271920	2024-05-31 08:55:00	2024-05-31 09:04:00	2024-05-31 09:04:00	C2.2		POINT(-51 -18)	-18	-51	-701.0	-300.0
271930	2024-05-31 11:06:00	2024-05-31 11:20:00	2024-05-31 11:20:00	M1.0		POINT(-57 -21)	-21	-57	-741.0	-339.0
271940	2024-05-31 12:35:00	2024-05-31 12:40:00	2024-05-31 12:40:00	C5.4		POINT(9 26)	26	9	141.0	429.0
271950	2024-05-31 16:06:00	2024-05-31 16:11:00	2024-05-31 16:11:00	C8.0		POINT(6 26)	26	6	88.0	414.0
271960	2024-05-31 16:36:00	2024-05-31 16:41:00	2024-05-31 16:41:00	C3.6		POINT(-28 21)	21	-28	-419.0	350.0
271970	2024-05-31 17:14:00	2024-05-31 17:25:00	2024-05-31 17:25:00	C5.6		POINT(-28 22)	22	-28	-411.0	354.0
271980	2024-05-31 18:02:00	2024-05-31 18:08:00	2024-05-31 18:08:00	C3.4		POINT(-27 21)	21	-27	-411.0	354.0
271990	2024-05-31 20:13:00	2024-05-31 20:26:00	2024-05-31 20:26:00	C3.5		POINT(-38 -17)	-17	-38	-566.0	-280.0
272000	2024-05-31 20:33:00	2024-05-31 22:01:00	2024-05-31 22:01:00	X1.1		POINT(-32 -17)	-17	-32	-510.0	-281.0
272010	2024-06-01 00:54:00	2024-06-01 00:58:00	2024-06-01 00:58:00	C2.9		POINT(14 23)	23	14	222.0	383.0
272020	2024-06-01 02:22:00	2024-06-01 02:29:00	2024-06-01 02:29:00	C3.1		POINT(14 23)	23	14	219.0	391.0
272030	2024-06-01 02:32:00	2024-06-01 02:39:00	2024-06-01 02:39:00	C2.9		POINT(-32 -19)	-19	-32	-483.0	-305.0
272040	2024-06-01 02:54:00	2024-06-01 02:58:00	2024-06-01 02:58:00	C3.4		POINT(-34 -16)	-16	-34	-516.0	-260.0
272050	2024-06-01 04:49:00	2024-06-01 04:57:00	2024-06-01 04:57:00	C3.8		POINT(-34 -18)	-18	-34	-504.0	-290.0
272060	2024-06-01 06:52:00	2024-06-01 07:01:00	2024-06-01 07:01:00	C7.5		POINT(-30 -18)	-18	-30	-452.0	-295.0
272070	2024-06-01 08:26:00	2024-06-01 08:48:00	2024-06-01 08:48:00	X1.4		POINT(-28 -18)	-18	-28	-431.0	-290.0
272080	2024-06-01 12:52:00	2024-06-01 12:58:00	2024-06-01 12:58:00	C4.3		POINT(-26 -18)	-18	-26	-402.0	-294.0
272090	2024-06-01 14:07:00	2024-06-01 14:21:00	2024-06-01 14:21:00	C4.6		POINT(-26 -16)	-16	-26	-398.0	-260.0
272100	2024-06-01 15:16:00	2024-06-01 15:21:00	2024-06-01 15:21:00	C4.0		POINT(33 -4)	-4	33	514.0	-66.0
272110	2024-06-01 15:36:00	2024-06-01 15:43:00	2024-06-01 15:43:00	C2.8		POINT(33 -4)	-4	33	514.0	-66.0
272120	2024-06-01 16:28:00	2024-06-01 16:35:00	2024-06-01 16:35:00	C2.6		POINT(33 -4)	-4	33	514.0	-66.0
272130	2024-06-01 17:12:00	2024-06-01 17:19:00	2024-06-01 17:19:00	C2.6		POINT(32 -4)	-4	32	500.0	-66.0
272140	2024-06-01 18:24:00	2024-06-01 18:36:00	2024-06-01 18:36:00	X1.0		POINT(-24 -17)	-17	-24	-346.0	-289.0
272150	2024-06-01 19:03:00	2024-06-01 19:39:00	2024-06-01 19:39:00	M7.3		POINT(-18 -19)	-19	-18	-284.0	-308.0
272160	2024-06-02 01:43:00	2024-06-02 01:50:00	2024-06-02 01:50:00	C4.6		POINT(-17 -18)	-18	-17	-272.0	-288.0
272170	2024-06-02 02:16:00	2024-06-02 02:22:00	2024-06-02 02:22:00	C4.9		POINT(-18 -18)	-18	-18	-287.0	-299.0
272180	2024-06-02 03:21:00	2024-06-02 03:32:00	2024-06-02 03:32:00	C4.9		POINT(-18 -19)	-19	-18	-281.0	-306.0
272190	2024-06-02 04:25:00	2024-06-02 04:32:00	2024-06-02 04:32:00	C4.4		POINT(-19 -19)	-19	-19	-290.0	-315.0
272200	2024-06-02 04:41:00	2024-06-02 04:50:00	2024-06-02 04:50:00	M1.2		POINT(-18 -19)	-19	-18	-278.0	-308.0
272210	2024-06-02 06:20:00	2024-06-02 06:28:00	2024-06-02 06:28:00	C3.5		POINT(-16 -18)	-18	-16	-254.0	-300.0
272220	2024-06-02 07:58:00	2024-06-02 08:05:00	2024-06-02 08:05:00	C2.7		POINT(42 -5)	-5	42	630.0	-82.0
272230	2024-06-02 08:20:00	2024-06-02 08:27:00	2024-06-02 08:27:00	C3.7		POINT(-16 -19)	-19	-16	-319.0	-326.0
272240	2024-06-02 08:40:00	2024-06-02 08:50:00	2024-06-02 08:50:00	M2.0		POINT(-14 -19)	-19	-14	-230.0	-299.0
272250	2024-06-02 09:26:00	2024-06-02 09:33:00	2024-06-02 09:33:00	C6.0		POINT(-16 -19)	-19	-16	-251.0	-308.0
272260	2024-06-02 10:24:00	2024-06-02 10:28:00	2024-06-02 10:28:00	C4.6		POINT(-13 -18)	-18	-13	-216.0	-299.0
272270	2024-06-02 10:49:00	2024-06-02 10:59:00	2024-06-02 10:59:00	C5.7		POINT(-11 -18)	-18	-11	-185.0	-291.0
272280	2024-06-02 13:52:00	2024-06-02 14:02:00	2024-06-02 14:02:00	C2.6		POINT(46 -3)	-3	46	683.0	-72.0
272290	2024-06-02 16:52:00	2024-06-02 17:04:00	2024-06-02 17:04:00	C4.8		POINT(-6 -16)	-16	-6	-92.0	-294.0
272300	2024-06-02 17:49:00	2024-06-02 17:55:00	2024-06-02 17:55:00	C5.6		POINT(-10 -18)	-18	-10	-153.0	-299.0
272310	2024-06-02 19:47:00	2024-06-02 19:55:00	2024-06-02 19:55:00	C2.3		POINT(-9 -18)	-18	-9	-113.0	-286.0
272320	2024-06-02 22:28:00	2024-06-02 22:32:00	2024-06-02 22:32:00	C3.2		POINT(46 -4)	-4	46	686.0	-83.0
272330	2024-06-03 00:19:00	2024-06-03 00:30:00	2024-06-03 00:30:00	C8.9		POINT(-6 -17)	-17	-6	-94.0	-300.0
272340	2024-06-03 02:02:00	2024-06-03 02:16:00	2024-06-03 02:16:00	C3.0		POINT(-75 13)	13	-75	-889.0	224.0
272350	2024-06-03 04:59:00	2024-06-03 05:17:00	2024-06-03 05:17:00	M1.0		POINT(-5 -19)	-19	-5	-81.0	-307.0
272360	2024-06-03 06:41:00	2024-06-03 06:50:00	2024-06-03 06:50:00	C5.5		POINT(-1 -19)	-19	-1	-30.0	-305.0
272370	2024-06-03 07:55:00	2024-06-03 07:59:00	2024-06-03 07:59:00	C2.5		POINT(-1 -19)	-19	-1	-6.0	-294.0
272380	2024-06-03 08:05:00	2024-06-03 08:15:00	2024-06-03 08:15:00	C3.2		POINT(-1 -19)	-19	-1	-19.0	-305.0
272390	2024-06-03 08:42:00	2024-06-03 08:46:00	2024-06-03 08:46:00	C3.0		POINT(-2 -17)	-17	-2	-60.0	-233.0
272400	2024-06-03 09:23:00	2024-06-03 09:30:00	2024-06-03 09:30:00	C4.9		POINT(-1 -19)	-19	-1	-9.0	-309.0
272410	2024-06-03 11:33:00	2024-06-03 11:43:00	2024-06-03 11:43:00	C5.1		POINT(-2 -14)	-14	-2	-44.0	-228.0
272420	2024-06-03 11:49:00	2024-06-03 11:55:00	2024-06-03 11:55:00	M3.2		POINT(0 -19)	-19	0	8.0	-310.0
272430	2024-06-03 12:18:00	2024-06-03 12:27:00	2024-06-03 12:27:00	M2.8		POINT(1 -18)	-18	1	11.0	-297.0
272440	2024-06-03 13:58:00	2024-06-03 14:11:00	2024-06-03 14:11:00	M4.8		POINT(42 28)	28	42	537.0	425.0
272450	2024-06-03 21:18:00	2024-06-03 21:49:00	2024-06-03 21:49:00	C8.3		POINT(4 -19)	-19	4	63.0	-327.0
272460	2024-06-03 22:05:00	2024-06-03 22:08:00	2024-06-03 22:08:00	C8.1		POINT(6 -18)	-18	6	104.0	-300.0
272470	2024-06-04 00:42:00	2024-06-04 00:53:00	2024-06-04 00:53:00	C3.8		POINT(-5 -3)	-3	-5	-72.0	-93.0
272480	2024-06-04 01:48:00	2024-06-04 02:04:00	2024-06-04 02:04:00	C2.9		POINT(46 23)	23	46	632.0	383.0
272490	2024-06-04 03:39:00	2024-06-04 03:47:00	2024-06-04 03:47:00	C8.3		POINT(9 -19)	-19	9	143.0	-305.0
272500	2024-06-04 06:07:00	2024-06-04 06:18:00	2024-06-04 06:18:00	M2.4		POINT(9 -20)	-20	9	120.0	-344.0
272510	2024-06-04 08:57:00	2024-06-04 09:04:00	2024-06-04 09:04:00	M1.6		POINT(12 -19)	-19	12	196.0	-298.0
272520	2024-06-04 12:40:00	2024-06-04 12:47:00	2024-06-04 12:47:00	C4.8		POINT(4 -17)	-17	4	83.0	-311.0
272530	2024-06-04 15:29:00	2024-06-04 15:38:00	2024-06-04 15:38:00	C4.7		POINT(64 29)	29	64	749.0	460.0
272540	2024-06-04 20:43:00	2024-06-04 20:53:00	2024-06-04 20:53:00	C3.1		POINT(12 -20)	-20	12	195.0	-323.0
272550	2024-06-05 03:13:00	2024-06-05 03:26:00	2024-06-05 03:26:00	C6.0		POINT(-89 -24)	-24	-89	-869.0	-399.0
272560	2024-06-05 05:20:00	2024-06-05 05:30:00	2024-06-05 05:30:00	C3.3		POINT(15 -5)	-5	15	255.0	-84.0
272570	2024-06-05 06:11:00	2024-06-05 06:18:00	2024-06-05 06:18:00	C3.0		POINT(22 -18)	-18	22	342.0	-304.0
272580	2024-06-05 06:21:00	2024-06-05 06:26:00	2024-06-05 06:26:00	C3.1		POINT(-89 -22)	-22	-89	-890.0	-371.0
272590	2024-06-05 08:32:00	2024-06-05 08:56:00	2024-06-05 08:56:00	M3.4		POINT(25 -21)	-21	25	383.0	-365.0
272600	2024-06-05 09:51:00	2024-06-05 10:10:00	2024-06-05 10:10:00	M2.6		POINT(25 -21)	-21	25	382.0	-316.0
272610	2024-06-05 11:27:00	2024-06-05 11:33:00	2024-06-05 11:33:00	C3.9		POINT(2 -7)	-7	2	40.0	-108.0
272620	2024-06-05 11:54:00	2024-06-05 12:04:00	2024-06-05 12:04:00	C4.7		POINT(35 22)	22	35	513.0	346.0
272630	2024-06-05 18:59:00	2024-06-05 19:10:00	2024-06-05 19:10:00	C6.8		POINT(-89 -12)	-12	-89	-935.0	-209.0
272640	2024-06-06 00:01:00	2024-06-06 00:14:00	2024-06-06 00:14:00	C9.5		POINT(-89 -10)	-10	-89	-952.0	-177.0
272650	2024-06-06 03:37:00	2024-06-06 03:49:00	2024-06-06 03:49:00	C4.3		POINT(34 -18)	-18	34	507.0	-300.0
272660	2024-06-06 04:49:00	2024-06-06 04:57:00	2024-06-06 04:57:00	C6.3		POINT(72 27)	27	72	802.0	438.0
272670	2024-06-06 08:35:00	2024-06-06 08:50:00	2024-06-06 08:50:00	C8.1		POINT(38 -21)	-21	38	561.0	-341.0
272680	2024-06-06 08:54:00	2024-06-06 08:58:00	2024-06-06 08:58:00	C8.1		POINT(42 -22)	-22	42	588.0	-359.0
272690	2024-06-06 10:03:00	2024-06-06 10:10:00	2024-06-06 10:10:00	C4.9		POINT(35 -20)	-20	35	485.0	-314.0
272700	2024-06-06 14:50:00	2024-06-06 15:06:00	2024-06-06 15:06:00	M6.1		POINT(41 -20)	-20	41	611.0	-340.0
272710	2024-06-06 19:42:00	2024-06-06 19:52:00	2024-06-06 19:52:00	C7.8		POINT(84 27)	27	84	833.0	438.0
272720	2024-06-06 20:34:00	2024-06-06 20:41:00	2024-06-06 20:41:00	C8.7		POINT(41 -19)	-19	41	589.0	-332.0
272730	2024-06-07 00:25:00	2024-06-07 00:32:00	2024-06-07 00:32:00	C7.5		POINT(47 -19)	-19	47	618.0	-334.0
272740	2024-06-07 01:23:00	2024-06-07 01:30:00	2024-06-07 01:30:00	C5.7		POINT(-89 -10)	-10	-89	-934.0	-175.0
272750	2024-06-07 03:01:00	2024-06-07 03:07:00	2024-06-07 03:07:00	C5.9		POINT(89 27)	27	89	842.0	431.0
272760	2024-06-07 03:39:00	2024-06-07 03:48:00	2024-06-07 03:48:00	C6.8		POINT(-78 -25)	-25	-78	-838.0	-402.0
272770	2024-06-07 05:08:00	2024-06-07 05:15:00	2024-06-07 05:15:00	C5.0		POINT(89 27)	27	89	844.0	433.0
272780	2024-06-07 07:07:00	2024-06-07 07:18:00	2024-06-07 07:18:00	C7.7		POINT(53 -21)	-21	53	717.0	-323.0
272790	2024-06-07 08:52:00	2024-06-07 09:13:00	2024-06-07 09:13:00	M4.0		POINT(-84 -10)	-10	-84	-930.0	-170.0
272800	2024-06-07 12:04:00	2024-06-07 12:19:00	2024-06-07 12:19:00	C7.0		POINT(89 22)	22	89	883.0	371.0
272810	2024-06-07 16:11:00	2024-06-07 16:22:00	2024-06-07 16:22:00	M1.2		POINT(50 -20)	-20	50	698.0	-302.0
272820	2024-06-07 18:58:00	2024-06-07 19:05:00	2024-06-07 19:05:00	C7.0		POINT(66 -17)	-17	66	822.0	-297.0
272830	2024-06-07 22:06:00	2024-06-07 22:13:00	2024-06-07 22:13:00	C3.9		POINT(62 -18)	-18	62	794.0	-299.0
272840	2024-06-08 00:18:00	2024-06-08 00:28:00	2024-06-08 00:28:00	M1.8		POINT(-47 -13)	-13	-47	-673.0	-212.0
272850	2024-06-08 00:39:00	2024-06-08 00:48:00	2024-06-08 00:48:00	M3.3		POINT(53 -18)	-18	53	718.0	-292.0
272860	2024-06-08 01:23:00	2024-06-08 01:49:00	2024-06-08 01:49:00	M9.7		POINT(53 -18)	-18	53	718.0	-292.0
272870	2024-06-08 04:54:00	2024-06-08 05:25:00	2024-06-08 05:25:00	M1.5		POINT(61 -21)	-21	61	771.0	-338.0
272880	2024-06-08 08:34:00	2024-06-08 08:44:00	2024-06-08 08:44:00	M1.2		POINT(-68 -10)	-10	-68	-865.0	-180.0
272890	2024-06-08 08:54:00	2024-06-08 08:58:00	2024-06-08 08:58:00	M1.2		POINT(76 -21)	-21	76	858.0	-307.0
272900	2024-06-08 10:54:00	2024-06-08 11:04:00	2024-06-08 11:04:00	C5.0		POINT(70 -20)	-20	70	836.0	-326.0
272910	2024-06-08 17:15:00	2024-06-08 17:26:00	2024-06-08 17:26:00	C5.7		POINT(80 -19)	-19	80	877.0	-323.0
272920	2024-06-08 20:40:00	2024-06-08 20:45:00	2024-06-08 20:45:00	C4.4		POINT(70 -17)	-17	70	851.0	-286.0
272930	2024-06-08 20:53:00	2024-06-08 21:02:00	2024-06-08 21:02:00	M1.0		POINT(43 -8)	-8	43	645.0	-150.0
272940	2024-06-09 00:16:00	2024-06-09 00:22:00	2024-06-09 00:22:00	C3.8		POINT(89 -20)	-20	89	890.0	-327.0
272950	2024-06-09 02:35:00	2024-06-09 02:42:00	2024-06-09 02:42:00	C5.2		POINT(-59 -12)	-12	-59	-789.0	-170.0
272960	2024-06-09 04:49:00	2024-06-09 04:53:00	2024-06-09 04:53:00	C2.9		POINT(89 -20)	-20	89	890.0	-332.0
272970	2024-06-09 06:49:00	2024-06-09 07:01:00	2024-06-09 07:01:00	M1.6		POINT(80 -15)	-15	80	879.0	-277.0
272980	2024-06-09 08:02:00	2024-06-09 08:19:00	2024-06-09 08:19:00	M1.2		POINT(-54 -9)	-9	-54	-759.0	-158.0
272990	2024-06-09 15:11:00	2024-06-09 15:19:00	2024-06-09 15:19:00	C3.1		POINT(89 -20)	-20	89	898.0	-327.0
273000	2024-06-09 15:52:00	2024-06-09 15:58:00	2024-06-09 15:58:00	C3.2		POINT(84 -17)	-17	84	895.0	-287.0
273010	2024-06-09 19:50:00	2024-06-09 20:17:00	2024-06-09 20:17:00	M1.0		POINT(89 -17)	-17	89	913.0	-285.0
273020	2024-06-10 03:44:00	2024-06-10 03:53:00	2024-06-10 03:53:00	C4.4		POINT(89 -16)	-16	89	914.0	-275.0
273030	2024-06-10 04:10:00	2024-06-10 04:32:00	2024-06-10 04:32:00	C5.9		POINT(-89 -17)	-17	-89	-914.0	-290.0
273040	2024-06-10 05:58:00	2024-06-10 06:09:00	2024-06-10 06:09:00	M3.3		POINT(89 -17)	-17	89	910.0	-285.0
273050	2024-06-10 08:49:00	2024-06-10 08:57:00	2024-06-10 08:57:00	C2.8		POINT(89 -19)	-19	89	901.0	-319.0
273060	2024-06-10 09:38:00	2024-06-10 10:06:00	2024-06-10 10:06:00	M2.2		POINT(89 -17)	-17	89	915.0	-282.0
273070	2024-06-10 10:18:00	2024-06-10 10:58:00	2024-06-10 10:58:00	M5.3		POINT(89 -17)	-17	89	936.0	-286.0
273080	2024-06-10 11:03:00	2024-06-10 11:08:00	2024-06-10 11:08:00	X1.5		POINT(85 -19)	-19	85	903.0	-291.0
273090	2024-06-10 13:20:00	2024-06-10 13:29:00	2024-06-10 13:29:00	M1.3		POINT(89 -17)	-17	89	903.0	-293.0
273100	2024-06-10 18:11:00	2024-06-10 18:40:00	2024-06-10 18:40:00	M9.5		POINT(89 -16)	-16	89	918.0	-270.0
273110	2024-06-11 03:06:00	2024-06-11 03:29:00	2024-06-11 03:29:00	C9.0		POINT(89 -19)	-19	89	905.0	-313.0
273120	2024-06-11 04:29:00	2024-06-11 04:43:00	2024-06-11 04:43:00	C9.1		POINT(89 -14)	-14	89	929.0	-239.0
273130	2024-06-11 13:51:00	2024-06-11 14:16:00	2024-06-11 14:16:00	C2.7		POINT(89 -19)	-19	89	906.0	-315.0
273140	2024-06-11 14:24:00	2024-06-11 14:40:00	2024-06-11 14:40:00	C3.5		POINT(89 -25)	-25	89	954.0	-462.0
273150	2024-06-11 21:45:00	2024-06-11 22:01:00	2024-06-11 22:01:00	C2.7		POINT(-27 -11)	-11	-27	-445.0	-223.0
273160	2024-06-12 05:14:00	2024-06-12 05:21:00	2024-06-12 05:21:00	C3.6		POINT(-84 -13)	-13	-84	-915.0	-216.0
273170	2024-06-12 05:47:00	2024-06-12 05:53:00	2024-06-12 05:53:00	C2.3		POINT(-37 -10)	-10	-37	-560.0	-164.0
273180	2024-06-12 07:23:00	2024-06-12 07:25:00	2024-06-12 07:25:00	C2.7		POINT(-64 -23)	-23	-64	-787.0	-380.0
273190	2024-06-12 12:53:00	2024-06-12 13:07:00	2024-06-12 13:07:00	C4.4		POINT(-75 -7)	-7	-75	-915.0	-157.0
273200	2024-06-12 15:17:00	2024-06-12 15:24:00	2024-06-12 15:24:00	C3.3		POINT(-9 -10)	-10	-9	-138.0	-193.0
273210	2024-06-12 22:24:00	2024-06-12 22:46:00	2024-06-12 22:46:00	M1.2		POINT(-14 -9)	-9	-14	-199.0	-218.0
273220	2024-06-13 13:11:00	2024-06-13 13:17:00	2024-06-13 13:17:00	C3.7		POINT(-19 15)	15	-19	-292.0	224.0
273230	2024-06-13 15:21:00	2024-06-13 15:22:00	2024-06-13 15:22:00	C4.6		POINT(-46 -24)	-24	-46	-620.0	-384.0
273240	2024-06-13 16:34:00	2024-06-13 16:45:00	2024-06-13 16:45:00	M3.2		POINT(-59 -16)	-16	-59	-782.0	-268.0
273250	2024-06-13 18:40:00	2024-06-13 18:54:00	2024-06-13 18:54:00	C9.0		POINT(7 -10)	-10	7	105.0	-201.0
273260	2024-06-13 19:38:00	2024-06-13 19:50:00	2024-06-13 19:50:00	C7.8		POINT(-56 -15)	-15	-56	-774.0	-263.0
273270	2024-06-13 22:11:00	2024-06-13 22:18:00	2024-06-13 22:18:00	C2.8		POINT(-56 -17)	-17	-56	-751.0	-285.0
273280	2024-06-14 00:35:00	2024-06-14 00:43:00	2024-06-14 00:43:00	C2.6		POINT(-58 -15)	-15	-58	-778.0	-255.0
273290	2024-06-14 01:36:00	2024-06-14 01:41:00	2024-06-14 01:41:00	C2.6		POINT(-43 -25)	-25	-43	-588.0	-415.0
273300	2024-06-14 03:15:00	2024-06-14 03:21:00	2024-06-14 03:21:00	C1.9		POINT(-41 -25)	-25	-41	-569.0	-417.0
273310	2024-06-14 03:27:00	2024-06-14 03:31:00	2024-06-14 03:31:00	C1.9		POINT(-43 -25)	-25	-43	-586.0	-419.0
273320	2024-06-14 03:59:00	2024-06-14 04:05:00	2024-06-14 04:05:00	C2.4		POINT(-41 -25)	-25	-41	-564.0	-418.0
273330	2024-06-14 04:14:00	2024-06-14 04:32:00	2024-06-14 04:32:00	M2.4		POINT(-39 -24)	-24	-39	-548.0	-398.0
273340	2024-06-14 08:24:00	2024-06-14 08:33:00	2024-06-14 08:33:00	C3.8		POINT(-38 -25)	-25	-38	-536.0	-418.0
273350	2024-06-14 10:59:00	2024-06-14 11:05:00	2024-06-14 11:05:00	C6.3		POINT(-38 -25)	-25	-38	-521.0	-422.0
273360	2024-06-14 17:04:00	2024-06-14 17:08:00	2024-06-14 17:08:00	C2.1		POINT(-35 -25)	-25	-35	-491.0	-399.0
273370	2024-06-14 17:21:00	2024-06-14 17:31:00	2024-06-14 17:31:00	C2.4		POINT(-33 -25)	-25	-33	-466.0	-399.0
273380	2024-06-14 19:12:00	2024-06-14 19:16:00	2024-06-14 19:16:00	C2.9		POINT(-32 -24)	-24	-32	-457.0	-384.0
273390	2024-06-14 20:58:00	2024-06-14 21:07:00	2024-06-14 21:07:00	C4.0		POINT(-32 -25)	-25	-32	-453.0	-399.0
273400	2024-06-14 21:47:00	2024-06-14 21:53:00	2024-06-14 21:53:00	C3.5		POINT(-32 -25)	-25	-32	-453.0	-399.0
273410	2024-06-14 22:05:00	2024-06-14 22:11:00	2024-06-14 22:11:00	C5.1		POINT(-32 -25)	-25	-32	-453.0	-399.0
273420	2024-06-15 01:26:00	2024-06-15 01:35:00	2024-06-15 01:35:00	C9.2		POINT(-29 -24)	-24	-29	-424.0	-409.0
273430	2024-06-15 03:35:00	2024-06-15 03:46:00	2024-06-15 03:46:00	C2.6		POINT(-28 -24)	-24	-28	-411.0	-410.0
273440	2024-06-15 04:17:00	2024-06-15 04:21:00	2024-06-15 04:21:00	C2.4		POINT(-26 -24)	-24	-26	-368.0	-414.0
273450	2024-06-15 04:50:00	2024-06-15 04:57:00	2024-06-15 04:57:00	C3.5		POINT(-25 -25)	-25	-25	-365.0	-415.0
273460	2024-06-15 05:02:00	2024-06-15 05:12:00	2024-06-15 05:12:00	C4.4		POINT(-25 -25)	-25	-25	-366.0	-425.0
273470	2024-06-15 05:20:00	2024-06-15 05:35:00	2024-06-15 05:35:00	C6.5		POINT(-25 -24)	-24	-25	-369.0	-413.0
273480	2024-06-15 06:00:00	2024-06-15 06:27:00	2024-06-15 06:27:00	M1.3		POINT(-24 -25)	-25	-24	-355.0	-418.0
273490	2024-06-15 07:15:00	2024-06-15 07:55:00	2024-06-15 07:55:00	C5.8		POINT(-26 -24)	-24	-26	-355.0	-419.0
273500	2024-06-15 07:40:00	2024-06-15 07:46:00	2024-06-15 07:46:00	C6.1		POINT(-40 -15)	-15	-40	-593.0	-258.0
273510	2024-06-15 07:50:00	2024-06-15 07:57:00	2024-06-15 07:57:00	C6.4		POINT(-23 -25)	-25	-23	-348.0	-415.0
273520	2024-06-15 09:32:00	2024-06-15 09:49:00	2024-06-15 09:49:00	C3.8		POINT(-23 -25)	-25	-23	-338.0	-422.0
273530	2024-06-15 10:29:00	2024-06-15 10:34:00	2024-06-15 10:34:00	C3.6		POINT(-22 -24)	-24	-22	-303.0	-414.0
273540	2024-06-15 10:55:00	2024-06-15 11:05:00	2024-06-15 11:05:00	C4.9		POINT(-23 -25)	-25	-23	-329.0	-420.0
273550	2024-06-15 12:27:00	2024-06-15 12:36:00	2024-06-15 12:36:00	C5.7		POINT(-20 -25)	-25	-20	-305.0	-423.0
273560	2024-06-15 12:59:00	2024-06-15 13:02:00	2024-06-15 13:02:00	C2.8		POINT(-22 -25)	-25	-22	-306.0	-414.0
273570	2024-06-15 13:17:00	2024-06-15 13:22:00	2024-06-15 13:22:00	C2.8		POINT(-21 -23)	-23	-21	-305.0	-414.0
273580	2024-06-15 13:37:00	2024-06-15 13:44:00	2024-06-15 13:44:00	C3.4		POINT(-21 -23)	-23	-21	-302.0	-417.0
273590	2024-06-15 14:03:00	2024-06-15 14:10:00	2024-06-15 14:10:00	C3.2		POINT(-22 -25)	-25	-22	-306.0	-422.0
273600	2024-06-15 15:08:00	2024-06-15 15:31:00	2024-06-15 15:31:00	C5.0		POINT(-19 -24)	-24	-19	-280.0	-384.0
273610	2024-06-15 16:26:00	2024-06-15 16:32:00	2024-06-15 16:32:00	C2.9		POINT(-19 -24)	-24	-19	-279.0	-416.0
273620	2024-06-15 16:54:00	2024-06-15 17:00:00	2024-06-15 17:00:00	C5.1		POINT(-20 -24)	-24	-20	-288.0	-423.0
273630	2024-06-15 17:45:00	2024-06-15 17:49:00	2024-06-15 17:49:00	C3.7		POINT(-15 -23)	-23	-15	-227.0	-413.0
273640	2024-06-15 18:04:00	2024-06-15 18:13:00	2024-06-15 18:13:00	C5.8		POINT(-20 -23)	-23	-20	-309.0	-413.0
273650	2024-06-15 20:51:00	2024-06-15 21:09:00	2024-06-15 21:09:00	C4.2		POINT(-18 -24)	-24	-18	-193.0	-417.0
273660	2024-06-15 21:35:00	2024-06-15 21:40:00	2024-06-15 21:40:00	C3.9		POINT(-16 -24)	-24	-16	-245.0	-416.0
273670	2024-06-15 23:15:00	2024-06-15 23:23:00	2024-06-15 23:23:00	C7.1		POINT(-10 -24)	-24	-10	-177.0	-419.0
273680	2024-06-16 01:03:00	2024-06-16 01:11:00	2024-06-16 01:11:00	C3.2		POINT(-10 -24)	-24	-10	-162.0	-420.0
273690	2024-06-16 01:52:00	2024-06-16 02:01:00	2024-06-16 02:01:00	C3.7		POINT(-11 -25)	-25	-11	-171.0	-422.0
273700	2024-06-16 02:15:00	2024-06-16 02:20:00	2024-06-16 02:20:00	C2.9		POINT(-16 -24)	-24	-16	-242.0	-410.0
273710	2024-06-16 02:55:00	2024-06-16 03:04:00	2024-06-16 03:04:00	C2.9		POINT(-27 -13)	-13	-27	-431.0	-245.0
273720	2024-06-16 04:00:00	2024-06-16 04:09:00	2024-06-16 04:09:00	C2.3		POINT(-12 -25)	-25	-12	-192.0	-423.0
273730	2024-06-16 04:48:00	2024-06-16 04:54:00	2024-06-16 04:54:00	C2.6		POINT(-15 -25)	-25	-15	-231.0	-423.0
273740	2024-06-16 05:12:00	2024-06-16 05:21:00	2024-06-16 05:21:00	C3.3		POINT(-12 -25)	-25	-12	-179.0	-420.0
273750	2024-06-16 05:25:00	2024-06-16 05:31:00	2024-06-16 05:31:00	C3.2		POINT(-10 -26)	-26	-10	-155.0	-440.0
273760	2024-06-16 11:24:00	2024-06-16 11:28:00	2024-06-16 11:28:00	C2.8		POINT(-11 -24)	-24	-11	-173.0	-411.0
273770	2024-06-16 11:40:00	2024-06-16 11:47:00	2024-06-16 11:47:00	C2.3		POINT(-12 -25)	-25	-12	-134.0	-422.0
273780	2024-06-16 12:33:00	2024-06-16 12:39:00	2024-06-16 12:39:00	C3.1		POINT(-9 -24)	-24	-9	-181.0	-420.0
273790	2024-06-16 12:51:00	2024-06-16 12:57:00	2024-06-16 12:57:00	C4.0		POINT(-12 -25)	-25	-12	-93.0	-428.0
273800	2024-06-16 14:32:00	2024-06-16 14:39:00	2024-06-16 14:39:00	C3.2		POINT(-9 -24)	-24	-9	-147.0	-411.0
273810	2024-06-16 15:06:00	2024-06-16 15:15:00	2024-06-16 15:15:00	C4.9		POINT(-10 -24)	-24	-10	-149.0	-384.0
273820	2024-06-16 15:34:00	2024-06-16 15:46:00	2024-06-16 15:46:00	C6.7		POINT(-5 -25)	-25	-5	-74.0	-399.0
273830	2024-06-16 16:07:00	2024-06-16 16:11:00	2024-06-16 16:11:00	C4.7		POINT(-8 -24)	-24	-8	-120.0	-384.0
273840	2024-06-16 16:49:00	2024-06-16 17:01:00	2024-06-16 17:01:00	C3.3		POINT(-13 10)	10	-13	-209.0	164.0
273850	2024-06-16 17:00:00	2024-06-16 17:06:00	2024-06-16 17:06:00	C4.0		POINT(-13 10)	10	-13	-209.0	164.0
273860	2024-06-16 18:25:00	2024-06-16 18:32:00	2024-06-16 18:32:00	C2.0		POINT(-5 -25)	-25	-5	-77.0	-420.0
273870	2024-06-16 19:00:00	2024-06-16 19:15:00	2024-06-16 19:15:00	C3.5		POINT(-5 -25)	-25	-5	-61.0	-441.0
273880	2024-06-16 20:03:00	2024-06-16 20:10:00	2024-06-16 20:10:00	C1.8		POINT(-4 -25)	-25	-4	-62.0	-419.0
273890	2024-06-16 20:17:00	2024-06-16 20:20:00	2024-06-16 20:20:00	C5.2		POINT(3 -25)	-25	3	58.0	-423.0
273900	2024-06-16 20:36:00	2024-06-16 20:44:00	2024-06-16 20:44:00	C2.3		POINT(-3 -24)	-24	-3	-31.0	-426.0
273910	2024-06-16 21:15:00	2024-06-16 21:24:00	2024-06-16 21:24:00	C6.6		POINT(0 -25)	-25	0	-23.0	-425.0
273920	2024-06-16 21:55:00	2024-06-16 21:58:00	2024-06-16 21:58:00	C2.2		POINT(0 -25)	-25	0	-14.0	-427.0
273930	2024-06-16 22:21:00	2024-06-16 22:28:00	2024-06-16 22:28:00	C4.4		POINT(-1 -24)	-24	-1	-15.0	-423.0
273940	2024-06-17 00:11:00	2024-06-17 00:49:00	2024-06-17 00:49:00	C2.2		POINT(4 -24)	-24	4	60.0	-384.0
273950	2024-06-17 00:40:00	2024-06-17 00:49:00	2024-06-17 00:49:00	C6.2		POINT(0 -25)	-25	0	8.0	-422.0
273960	2024-06-17 00:59:00	2024-06-17 01:06:00	2024-06-17 01:06:00	C5.8		POINT(-3 -24)	-24	-3	-50.0	-408.0
273970	2024-06-17 02:02:00	2024-06-17 02:06:00	2024-06-17 02:06:00	C1.9		POINT(0 -25)	-25	0	-11.0	-420.0
273980	2024-06-17 03:02:00	2024-06-17 03:08:00	2024-06-17 03:08:00	C1.8		POINT(53 -11)	-11	53	747.0	-194.0
273990	2024-06-17 03:28:00	2024-06-17 03:37:00	2024-06-17 03:37:00	C4.2		POINT(-2 -24)	-24	-2	-32.0	-413.0
274000	2024-06-17 07:54:00	2024-06-17 08:04:00	2024-06-17 08:04:00	M1.5		POINT(1 -25)	-25	1	11.0	-414.0
274010	2024-06-17 09:30:00	2024-06-17 09:37:00	2024-06-17 09:37:00	C3.1		POINT(-13 -14)	-14	-13	-195.0	-239.0
274020	2024-06-17 10:42:00	2024-06-17 10:46:00	2024-06-17 10:46:00	M1.5		POINT(13 -26)	-26	13	179.0	-423.0
274030	2024-06-17 18:00:00	2024-06-17 18:07:00	2024-06-17 18:07:00	C1.8		POINT(16 -24)	-24	16	246.0	-416.0
274040	2024-06-17 19:57:00	2024-06-17 20:35:00	2024-06-17 20:35:00	M1.3		POINT(52 -10)	-10	52	773.0	-191.0
274050	2024-06-17 22:51:00	2024-06-17 22:57:00	2024-06-17 22:57:00	C6.0		POINT(59 -11)	-11	59	794.0	-203.0
274060	2024-06-18 03:02:00	2024-06-18 03:08:00	2024-06-18 03:08:00	C3.0		POINT(14 -26)	-26	14	207.0	-440.0
274070	2024-06-18 03:16:00	2024-06-18 03:22:00	2024-06-18 03:22:00	C2.5		POINT(15 -28)	-28	15	217.0	-465.0
274080	2024-06-18 09:54:00	2024-06-18 10:01:00	2024-06-18 10:01:00	C4.0		POINT(14 -24)	-24	14	219.0	-413.0
274090	2024-06-18 10:09:00	2024-06-18 10:15:00	2024-06-18 10:15:00	C5.0		POINT(14 -24)	-24	14	221.0	-415.0
274100	2024-06-18 10:35:00	2024-06-18 10:41:00	2024-06-18 10:41:00	C5.1		POINT(15 -24)	-24	15	223.0	-416.0
274110	2024-06-18 11:07:00	2024-06-18 11:20:00	2024-06-18 11:20:00	M2.4		POINT(20 -28)	-28	20	245.0	-411.0
274120	2024-06-18 11:47:00	2024-06-18 11:55:00	2024-06-18 11:55:00	C7.9		POINT(16 -24)	-24	16	248.0	-406.0
274130	2024-06-18 12:11:00	2024-06-18 12:20:00	2024-06-18 12:20:00	M1.1		POINT(18 -26)	-26	18	273.0	-447.0
274140	2024-06-18 13:17:00	2024-06-18 13:25:00	2024-06-18 13:25:00	C3.0		POINT(18 -24)	-24	18	273.0	-420.0
274150	2024-06-18 15:34:00	2024-06-18 15:41:00	2024-06-18 15:41:00	C5.5		POINT(70 -13)	-13	70	860.0	-199.0
274160	2024-06-18 15:49:00	2024-06-18 15:56:00	2024-06-18 15:56:00	C2.8		POINT(17 -22)	-22	17	276.0	-389.0
274170	2024-06-18 19:35:00	2024-06-18 19:38:00	2024-06-18 19:38:00	C2.9		POINT(9 -12)	-12	9	155.0	-225.0
274180	2024-06-18 20:56:00	2024-06-18 21:07:00	2024-06-18 21:07:00	C6.1		POINT(89 13)	13	89	922.0	227.0
274190	2024-06-18 21:43:00	2024-06-18 21:49:00	2024-06-18 21:49:00	C8.1		POINT(24 -22)	-22	24	360.0	-389.0
274200	2024-06-19 01:46:00	2024-06-19 01:54:00	2024-06-19 01:54:00	C4.7		POINT(13 -16)	-16	13	210.0	-294.0
274210	2024-06-19 03:16:00	2024-06-19 03:23:00	2024-06-19 03:23:00	C3.9		POINT(14 -12)	-12	14	228.0	-222.0
274220	2024-06-19 06:15:00	2024-06-19 06:38:00	2024-06-19 06:38:00	M1.1		POINT(76 -12)	-12	76	899.0	-202.0
274230	2024-06-19 09:03:00	2024-06-19 09:19:00	2024-06-19 09:19:00	C5.9		POINT(-27 18)	18	-27	-408.0	261.0
274240	2024-06-19 11:22:00	2024-06-19 11:29:00	2024-06-19 11:29:00	C3.3		POINT(33 -28)	-28	33	456.0	-473.0
274250	2024-06-19 12:46:00	2024-06-19 13:04:00	2024-06-19 13:04:00	C4.6		POINT(20 -13)	-13	20	314.0	-212.0
274260	2024-06-19 21:55:00	2024-06-19 22:05:00	2024-06-19 22:05:00	C5.7		POINT(37 -27)	-27	37	509.0	-456.0
274270	2024-06-20 09:34:00	2024-06-20 09:39:00	2024-06-20 09:39:00	C7.1		POINT(-61 -13)	-13	-61	-808.0	-240.0
274280	2024-06-20 12:11:00	2024-06-20 12:17:00	2024-06-20 12:17:00	C5.0		POINT(29 -13)	-13	29	446.0	-212.0
274290	2024-06-20 15:09:00	2024-06-20 15:18:00	2024-06-20 15:18:00	M1.1		POINT(-58 -14)	-14	-58	-777.0	-228.0
274300	2024-06-20 19:27:00	2024-06-20 19:41:00	2024-06-20 19:41:00	C6.5		POINT(-58 -15)	-15	-58	-800.0	-284.0
274310	2024-06-20 21:01:00	2024-06-20 21:09:00	2024-06-20 21:09:00	C3.8		POINT(40 11)	11	40	605.0	160.0
274320	2024-06-20 21:14:00	2024-06-20 21:20:00	2024-06-20 21:20:00	C3.8		POINT(-89 -14)	-14	-89	-924.0	-244.0
274330	2024-06-20 21:55:00	2024-06-20 22:02:00	2024-06-20 22:02:00	C4.3		POINT(43 9)	9	43	640.0	138.0
274340	2024-06-20 23:00:00	2024-06-20 23:16:00	2024-06-20 23:16:00	M5.7		POINT(-57 -14)	-14	-57	-743.0	-245.0
274350	2024-06-21 01:56:00	2024-06-21 02:06:00	2024-06-21 02:06:00	C4.3		POINT(-89 -11)	-11	-89	-936.0	-197.0
274360	2024-06-21 02:23:00	2024-06-21 02:32:00	2024-06-21 02:32:00	C5.7		POINT(41 -12)	-12	41	617.0	-232.0
274370	2024-06-21 03:36:00	2024-06-21 04:32:00	2024-06-21 04:32:00	C4.3		POINT(42 -13)	-13	42	620.0	-243.0
274380	2024-06-21 04:56:00	2024-06-21 05:07:00	2024-06-21 05:07:00	C5.3		POINT(59 -30)	-30	59	705.0	-490.0
274390	2024-06-21 06:27:00	2024-06-21 06:33:00	2024-06-21 06:33:00	C5.1		POINT(43 -13)	-13	43	630.0	-247.0
274400	2024-06-21 11:02:00	2024-06-21 11:10:00	2024-06-21 11:10:00	C3.9		POINT(45 -14)	-14	45	650.0	-263.0
274410	2024-06-21 12:35:00	2024-06-21 12:40:00	2024-06-21 12:40:00	C4.2		POINT(50 11)	11	50	692.0	152.0
274420	2024-06-21 14:00:00	2024-06-21 14:08:00	2024-06-21 14:08:00	C3.6		POINT(-89 -10)	-10	-89	-936.0	-176.0
274430	2024-06-21 14:53:00	2024-06-21 14:58:00	2024-06-21 14:58:00	C4.6		POINT(60 -28)	-28	60	725.0	-456.0
274440	2024-06-21 15:54:00	2024-06-21 15:57:00	2024-06-21 15:57:00	C4.6		POINT(52 -8)	-8	52	747.0	-150.0
274450	2024-06-21 18:23:00	2024-06-21 18:29:00	2024-06-21 18:29:00	C5.1		POINT(-54 -5)	-5	-54	-770.0	-115.0
274460	2024-06-21 19:14:00	2024-06-21 19:18:00	2024-06-21 19:18:00	C3.4		POINT(-56 -5)	-5	-56	-785.0	-113.0
274470	2024-06-21 23:34:00	2024-06-21 23:50:00	2024-06-21 23:50:00	C6.6		POINT(-89 -14)	-14	-89	-926.0	-242.0
274480	2024-06-22 00:12:00	2024-06-22 00:25:00	2024-06-22 00:25:00	C7.3		POINT(59 13)	13	59	790.0	200.0
274490	2024-06-22 04:22:00	2024-06-22 04:38:00	2024-06-22 04:38:00	M1.2		POINT(-89 -18)	-18	-89	-903.0	-309.0
274500	2024-06-22 06:23:00	2024-06-22 06:29:00	2024-06-22 06:29:00	C5.1		POINT(62 -8)	-8	62	819.0	-152.0
274510	2024-06-22 08:43:00	2024-06-22 08:55:00	2024-06-22 08:55:00	M2.8		POINT(62 10)	10	62	817.0	169.0
274520	2024-06-22 11:00:00	2024-06-22 11:06:00	2024-06-22 11:06:00	M1.0		POINT(-46 -5)	-5	-46	-696.0	-117.0
274530	2024-06-22 12:08:00	2024-06-22 12:13:00	2024-06-22 12:13:00	C6.0		POINT(69 -28)	-28	69	803.0	-418.0
274540	2024-06-22 12:35:00	2024-06-22 12:40:00	2024-06-22 12:40:00	C5.0		POINT(69 -28)	-28	69	800.0	-430.0
274550	2024-06-22 17:38:00	2024-06-22 17:48:00	2024-06-22 17:48:00	C4.4		POINT(-89 -19)	-19	-89	-906.0	-327.0
274560	2024-06-22 17:54:00	2024-06-22 18:00:00	2024-06-22 18:00:00	C5.9		POINT(76 -27)	-27	76	812.0	-445.0
274570	2024-06-22 19:34:00	2024-06-22 19:49:00	2024-06-22 19:49:00	C8.7		POINT(-45 -5)	-5	-45	-623.0	-116.0
274580	2024-06-23 01:11:00	2024-06-23 01:19:00	2024-06-23 01:19:00	C3.9		POINT(-55 21)	21	-55	-711.0	354.0
274590	2024-06-23 02:07:00	2024-06-23 02:15:00	2024-06-23 02:15:00	C6.3		POINT(-89 -19)	-19	-89	-897.0	-315.0
274600	2024-06-23 02:40:00	2024-06-23 02:50:00	2024-06-23 02:50:00	C4.9		POINT(-24 -14)	-14	-24	-384.0	-270.0
274610	2024-06-23 06:16:00	2024-06-23 06:25:00	2024-06-23 06:25:00	M2.4		POINT(72 9)	9	72	890.0	160.0
274620	2024-06-23 11:26:00	2024-06-23 11:37:00	2024-06-23 11:37:00	M1.2		POINT(88 -27)	-27	88	836.0	-441.0
274630	2024-06-23 12:51:00	2024-06-23 13:01:00	2024-06-23 13:01:00	M9.3		POINT(-74 -17)	-17	-74	-874.0	-320.0
274640	2024-06-23 15:38:00	2024-06-23 15:42:00	2024-06-23 15:42:00	C4.7		POINT(-72 -18)	-18	-72	-861.0	-327.0
274650	2024-06-23 16:28:00	2024-06-23 16:39:00	2024-06-23 16:39:00	C4.8		POINT(88 -29)	-29	88	833.0	-466.0
274660	2024-06-23 18:11:00	2024-06-23 18:15:00	2024-06-23 18:15:00	C4.0		POINT(76 9)	9	76	905.0	146.0
274670	2024-06-23 21:31:00	2024-06-23 21:36:00	2024-06-23 21:36:00	C5.3		POINT(88 -27)	-27	88	842.0	-431.0
274680	2024-06-23 23:10:00	2024-06-23 23:17:00	2024-06-23 23:17:00	C4.9		POINT(-24 -5)	-5	-24	-391.0	-125.0
274690	2024-06-24 04:08:00	2024-06-24 04:17:00	2024-06-24 04:17:00	M1.3		POINT(88 -25)	-25	88	855.0	-414.0
274700	2024-06-24 04:45:00	2024-06-24 04:52:00	2024-06-24 04:52:00	M1.8		POINT(88 -26)	-26	88	847.0	-426.0
274710	2024-06-24 11:06:00	2024-06-24 11:12:00	2024-06-24 11:12:00	M1.1		POINT(-18 -5)	-5	-18	-290.0	-117.0
274720	2024-06-24 11:44:00	2024-06-24 11:48:00	2024-06-24 11:48:00	M1.5		POINT(89 -11)	-11	89	932.0	-197.0
274730	2024-06-24 13:19:00	2024-06-24 13:24:00	2024-06-24 13:24:00	C8.6		POINT(88 -26)	-26	88	852.0	-420.0
274740	2024-06-24 13:55:00	2024-06-24 13:57:00	2024-06-24 13:57:00	C7.5		POINT(-18 -5)	-5	-18	-294.0	-128.0
274750	2024-06-24 16:06:00	2024-06-24 16:10:00	2024-06-24 16:10:00	C8.3		POINT(89 -11)	-11	89	934.0	-195.0
274760	2024-06-24 17:01:00	2024-06-24 17:13:00	2024-06-24 17:13:00	C7.8		POINT(-66 -21)	-21	-66	-805.0	-359.0
274770	2024-06-24 19:02:00	2024-06-24 19:10:00	2024-06-24 19:10:00	M1.1		POINT(89 -14)	-14	89	915.0	-228.0
274780	2024-06-24 19:23:00	2024-06-24 19:26:00	2024-06-24 19:26:00	C5.8		POINT(89 10)	10	89	933.0	175.0
274790	2024-06-25 12:26:00	2024-06-25 12:45:00	2024-06-25 12:45:00	M1.0		POINT(-68 -18)	-18	-68	-786.0	-320.0
274800	2024-06-25 19:15:00	2024-06-25 19:25:00	2024-06-25 19:25:00	C5.6		POINT(-46 -19)	-19	-46	-647.0	-341.0
274810	2024-06-25 20:03:00	2024-06-25 20:13:00	2024-06-25 20:13:00	C3.3		POINT(-48 -19)	-19	-48	-669.0	-356.0
274820	2024-06-25 21:58:00	2024-06-25 22:04:00	2024-06-25 22:04:00	C3.7		POINT(-64 -20)	-20	-64	-796.0	-348.0
274830	2024-06-26 00:08:00	2024-06-26 00:12:00	2024-06-26 00:12:00	C4.7		POINT(-62 -20)	-20	-62	-783.0	-349.0
274840	2024-06-26 14:42:00	2024-06-26 15:30:00	2024-06-26 15:30:00	C6.2		POINT(-45 -26)	-26	-45	-609.0	-431.0
274850	2024-06-27 01:09:00	2024-06-27 01:18:00	2024-06-27 01:18:00	C3.1		POINT(-33 -18)	-18	-33	-495.0	-336.0
274860	2024-06-27 02:21:00	2024-06-27 02:30:00	2024-06-27 02:30:00	C2.9		POINT(-31 -20)	-20	-31	-461.0	-360.0
274870	2024-06-27 03:21:00	2024-06-27 03:45:00	2024-06-27 03:45:00	C2.5		POINT(-73 -2)	-2	-73	-904.0	-54.0
274880	2024-06-27 03:56:00	2024-06-27 04:28:00	2024-06-27 04:28:00	C4.8		POINT(-65 -2)	-2	-65	-887.0	-70.0
274890	2024-06-27 09:47:00	2024-06-27 09:55:00	2024-06-27 09:55:00	C2.0		POINT(-44 -16)	-16	-44	-638.0	-300.0
274900	2024-06-27 14:31:00	2024-06-27 14:38:00	2024-06-27 14:38:00	C3.1		POINT(-25 -19)	-19	-25	-393.0	-336.0
274910	2024-06-27 15:42:00	2024-06-27 15:50:00	2024-06-27 15:50:00	C2.1		POINT(-23 -19)	-19	-23	-354.0	-359.0
274920	2024-06-27 17:02:00	2024-06-27 17:12:00	2024-06-27 17:12:00	C2.0		POINT(42 -18)	-18	42	605.0	-317.0
274930	2024-06-27 19:46:00	2024-06-27 19:54:00	2024-06-27 19:54:00	C2.4		POINT(-34 -27)	-27	-34	-471.0	-465.0
274940	2024-06-27 21:36:00	2024-06-27 21:40:00	2024-06-27 21:40:00	C2.7		POINT(-20 -20)	-20	-20	-314.0	-366.0
274950	2024-06-27 21:43:00	2024-06-27 21:53:00	2024-06-27 21:53:00	C4.0		POINT(-31 -21)	-21	-31	-460.0	-376.0
274960	2024-06-27 23:38:00	2024-06-27 23:47:00	2024-06-27 23:47:00	C6.6		POINT(-12 -18)	-18	-12	-195.0	-341.0
274970	2024-06-28 01:54:00	2024-06-28 02:08:00	2024-06-28 02:08:00	C3.9		POINT(-89 9)	9	-89	-947.0	153.0
274980	2024-06-28 02:23:00	2024-06-28 02:27:00	2024-06-28 02:27:00	C3.7		POINT(-30 -27)	-27	-30	-422.0	-468.0
274990	2024-06-28 06:25:00	2024-06-28 06:30:00	2024-06-28 06:30:00	C2.0		POINT(-30 -21)	-21	-30	-451.0	-375.0
275000	2024-06-28 09:18:00	2024-06-28 09:25:00	2024-06-28 09:25:00	C1.8		POINT(-89 9)	9	-89	-945.0	149.0
275010	2024-06-28 09:32:00	2024-06-28 09:35:00	2024-06-28 09:35:00	C1.8		POINT(-89 10)	10	-89	-945.0	167.0
275020	2024-06-28 11:35:00	2024-06-28 11:42:00	2024-06-28 11:42:00	C2.3		POINT(-24 -26)	-26	-24	-356.0	-455.0
275030	2024-06-28 14:26:00	2024-06-28 14:40:00	2024-06-28 14:40:00	C3.2		POINT(-89 9)	9	-89	-943.0	161.0
275040	2024-06-28 18:36:00	2024-06-28 18:45:00	2024-06-28 18:45:00	C2.3		POINT(-8 -17)	-17	-8	-115.0	-341.0
275050	2024-06-29 06:02:00	2024-06-29 06:11:00	2024-06-29 06:11:00	C2.4		POINT(-85 9)	9	-85	-927.0	149.0
275060	2024-06-29 13:08:00	2024-06-29 13:13:00	2024-06-29 13:13:00	C2.3		POINT(-11 -27)	-27	-11	-163.0	-475.0
275070	2024-06-29 15:09:00	2024-06-29 15:15:00	2024-06-29 15:15:00	C1.8		POINT(-75 12)	12	-75	-911.0	168.0
275080	2024-06-29 15:20:00	2024-06-29 15:29:00	2024-06-29 15:29:00	C5.6		POINT(-80 10)	10	-80	-916.0	159.0
275090	2024-06-29 15:32:00	2024-06-29 15:38:00	2024-06-29 15:38:00	C5.9		POINT(-89 10)	10	-89	-929.0	169.0
275100	2024-06-29 22:40:00	2024-06-29 22:43:00	2024-06-29 22:43:00	C2.2		POINT(-75 10)	10	-75	-901.0	153.0
275110	2024-06-29 23:59:00	2024-06-30 00:14:00	2024-06-30 00:14:00	C2.1		POINT(-84 10)	10	-84	-923.0	167.0
275120	2024-06-30 04:07:00	2024-06-30 04:16:00	2024-06-30 04:16:00	C2.2		POINT(10 -22)	-22	10	153.0	-406.0
275130	2024-06-30 04:28:00	2024-06-30 04:34:00	2024-06-30 04:34:00	C1.9		POINT(-37 -19)	-19	-37	-547.0	-343.0
275140	2024-06-30 05:48:00	2024-06-30 06:18:00	2024-06-30 06:18:00	C3.8		POINT(-72 10)	10	-72	-889.0	151.0
275150	2024-06-30 20:56:00	2024-06-30 21:03:00	2024-06-30 21:03:00	C2.8		POINT(5 -19)	-19	5	70.0	-369.0
275160	2024-06-30 22:21:00	2024-06-30 22:28:00	2024-06-30 22:28:00	C2.2		POINT(-13 -5)	-5	-13	-212.0	-140.0
275170	2024-06-30 23:29:00	2024-06-30 23:39:00	2024-06-30 23:39:00	C2.2		POINT(39 -17)	-17	39	580.0	-311.0
